0.48380044717814663 1
0.4905191843532593 1
0.49263313522570784 1
0.4932361017213382 1
0.4940584595928374 1
0.4957547660380335 1
0.4963840021861131 1
0.496997137124226 1
0.4973839959477316 1
0.498435684247526 1
0.49919563517937937 1
0.4995325520876874 1
0.49992673490424705 1
0.5023210147989285 1
0.5023683611460065 1
0.5033828093788401 1
0.5036244006005979 1
0.5043393111415759 1
0.5046678942001496 1
0.5055934531786674 1
0.5074676780335156 1
0.5075566625128282 1
0.5080965896223072 1
0.5083269855348029 1
0.509881437774636 1
0.5104613377703765 1
0.5110509989666582 1
0.5110756484298696 1
0.5126678649397666 1
0.5129035320501283 1
0.513079927286683 1
0.5133051846816322 1
0.5141633146381435 1
0.5142835162524303 1
0.5155527904801853 1
0.5156938996835635 1
0.5156947349712186 1
0.5164817370060729 1
0.5168859263123108 1
0.5169414458429754 1
0.5172528990390142 1
0.5176171966596439 1
0.5178437975719636 1
0.5178506626004306 1
0.5189649869329238 1
0.5191460069938405 1
0.519169917923686 1
0.5192312687322974 1
0.5196267203556864 1
0.5215969540741249 1
0.521896393199055 1
0.5219403726489547 1
0.5220868080897434 1
0.5222896355049591 1
0.5223152450239222 1
0.5224245226768014 1
0.5224649450673796 1
0.5233698587683508 1
0.5240645786422067 1
0.5243691389113253 1
0.524441826252013 1
0.5249854934328289 1
0.5258688793347059 1
0.5258955366313466 1
0.5260414788529985 1
0.528085011167221 1
0.5283942384111634 1
0.5287856674839531 1
0.5289022646943197 1
0.5294276132175566 1
0.5294598575935356 1
0.5297811553596952 1
0.5301228794073021 1
0.5305813863645283 1
0.530616596748239 1
0.5308563251320565 1
0.5308879135623461 1
0.531216126803929 1
0.5313741393662363 1
0.5316209344305652 1
0.5318010515897305 1
0.5318368499226725 1
0.5318566070706218 1
0.5321860700999145 1
0.5322834884297127 1
0.5323721669441533 1
0.5324922702327525 1
0.5329501769532132 1
0.5331239067823893 1
0.533503819027644 1
0.5337596159998552 1
0.5338448570909334 1
0.5338660124009783 1
0.5346284522055209 1
0.5346957914725501 1
0.5347951278672269 1
0.5349304231367132 1
0.5358040381768112 1
0.5358739595154972 1
0.535996274630086 1
0.5360426554649651 1
0.5360456209011072 1
0.5362189898904167 1
0.5365177955807027 1
0.5366071621200419 1
0.5366250267387869 1
0.5367209941922659 1
0.5368097969352532 1
0.5370760730233695 1
0.5375342889441971 1
0.5381136929345962 1
0.5381824402714642 1
0.5382323421951543 1
0.5382832149919611 1
0.5382979663402174 1
0.5387927331006651 1
0.5388382963831624 1
0.5392593315475898 1
0.5394380017353092 1
0.5396666650425628 1
0.5407947615227764 1
0.5409209637992424 1
0.5410551946217945 1
0.5411527637366936 1
0.5415029147955439 1
0.5416443222945502 1
0.541878493118095 1
0.5421878486524787 1
0.542325689080587 1
0.5425166016722934 1
0.5429445610480309 1
0.5436161216049313 1
0.5439370595521041 1
0.5440937624316028 1
0.5446064728684612 1
0.5453836304983712 1
0.5454987194523578 1
0.5456033686494917 1
0.5456348304807895 1
0.545859070629299 1
0.5462605078738703 1
0.5464397096890982 1
0.5465113629869965 1
0.5473389788474504 1
0.5474321264618248 1
0.5475111046898852 1
0.5478305731545663 1
0.5478915320040975 1
0.5485077306172189 1
0.549539053484127 1
0.5499018169829755 1
0.550060272116496 1
0.5505237295954452 1
0.5506830135105443 1
0.5526482489187888 1
0.5528175226543078 1
0.5528739151968862 1
0.5530815226068712 1
0.5531587652801258 1
0.5539839001638022 1
0.554477230964648 1
0.5560281292100602 1
0.557089445574373 1
0.5575864308348766 1
0.557729156611286 1
0.5578557329692719 1
0.5580392117371571 1
0.5582510809528135 1
0.5593046221821488 1
0.5598764409052146 1
0.5604710523684097 1
0.5614342430262306 1
0.5617825974507881 1
0.5618962005289089 1
0.5630140049752836 1
0.563177487190167 1
0.5635835186733924 1
0.5637493875907352 1
0.5640737415688942 1
0.5643127963918017 1
0.5647960990915736 1
0.5648383684901529 1
0.5661396714146849 1
0.5663232154292411 1
0.5680942183242442 1
0.5691114846033711 1
0.5696060071277529 1
0.570877711337623 1
0.5720697325099234 1
0.5721733377065348 1
0.5729722407352698 1
0.5731325223723076 1
0.5752283141081641 1
0.5757199941546779 1
0.5770268866061695 1
0.584384124367809 1
0.5868581968385583 1
0.592686611642253 1
0.6049014071192371 1
0.6168949927105375 1
