
 0.516
 0.516
 0.539
 0.546
 0.553
 0.513
 0.526
 0.511
 0.550
 0.531
 0.537
 0.558
 0.551
 0.535
 0.573
 0.532
 0.524
 0.542
 0.522
 0.504
 0.507
 0.522
 0.493
 0.526
 0.517
 0.536
 0.530
 0.547
 0.522
 0.503
 0.519
 0.531
 0.537
 0.531
 0.513
 0.539
 0.537
 0.573
 0.525
 0.534
 0.544
 0.491
 0.528
 0.545
 0.510
 0.565
 0.541
 0.506
 0.544
 0.531
 0.560
 0.498
 0.524
 0.532
 0.538
 0.537
 0.511
 0.553
 0.517
 0.564
 0.584
 0.546
 0.518
 0.536
 0.514
 0.548
 0.522
 0.513
 0.571
 0.550
 0.516
 0.496
 0.536
 0.522
 0.542
 0.569
 0.575
 0.529
 0.529
 0.532
 0.538
 0.526
 0.587
 0.522
 0.534
 0.522
 0.519
 0.522
 0.557
 0.535
 0.563
 0.533
 0.508
 0.546
 0.529
 0.553
 0.542
 0.541
 0.500
 0.572
 0.499
 0.545
 0.576
 0.564
 0.530
 0.593
 0.538
 0.542
 0.510
 0.493
 0.558
 0.497
 0.536
 0.551
 0.560
 0.538
 0.541
 0.554
 0.548
 0.523
 0.558
 0.517
 0.535
 0.504
 0.533
 0.519
 0.540
 0.497
 0.545
 0.532
 0.529
 0.561
 0.562
 0.532
 0.537
 0.496
 0.484
 0.519
 0.546
 0.531
 0.564
 0.553
 0.568
 0.513
 0.514
 0.547
 0.518
 0.566
 0.549
 0.539
 0.543
 0.566
 0.536
 0.559
 0.494
 0.558
 0.543
 0.518
 0.558
 0.537
 0.553
 0.505
 0.539
 0.565
 0.524
 0.617
 0.538
 0.563
 0.564
 0.508
 0.520
 0.538
 0.554
 0.577
 0.605
 0.572
 0.532
 0.528
 0.502
 0.546
 0.547
 0.508
 0.542
 0.534
 0.532
 0.516
 0.562
 0.502
 0.556
 0.548
 0.544
 0.531
 0.535
 0.541
 0.500
 0.532
 0.536
 0.550
 0.534
 0.570

