0 45
0 31
0 44
1 42
0 35
1 38
1 55
0 36
1 42
0 37
1 40
0 36
0 43
1 30
0 37
0 50
0 50
0 38
0 42
1 41
0 56
0 46
0 49
1 34
0 40
1 36
0 40
0 39
1 47
1 26
0 42
0 41
1 43
0 35
1 34
1 48
1 33
0 50
1 45
0 48
1 48
0 46
1 46
0 44
1 36
1 51
0 45
1 45
1 37
1 39
1 57
0 56
1 49
1 50
0 38
1 38
1 38
1 48
0 48
0 47
1 47
0 46
0 45
0 62
0 44
0 46
0 33
1 43
0 28
1 47
0 51
1 40
0 35
0 44
1 44
0 47
1 43
0 37
1 41
1 46
1 42
0 40
0 47
0 44
1 50
1 43
0 42
0 43
1 53
0 50
0 51
0 57
1 36
0 33
0 47
1 48
0 35
0 38
1 46
1 35
0 49
0 43
0 52
1 51
0 28
0 39
1 45
0 33
1 44
0 56
1 44
1 50
0 38
1 46
0 49
1 47
1 40
0 39
0 46
1 47
0 42
1 43
1 38
1 44
1 55
0 41
0 49
0 42
0 43
1 35
0 35
1 29
1 41
1 25
1 33
0 40
1 52
0 38
1 48
1 39
1 39
1 42
1 43
0 41
0 46
0 33
1 35
1 42
0 49
1 38
1 42
1 34
1 47
1 39
0 37
1 47
1 52
1 39
0 47
1 46
0 44
1 39
0 37
0 49
0 46
1 39
1 58
0 46
0 34
1 44
0 44
1 39
0 40
1 45
1 42
1 36
1 43
1 48
0 47
1 38
0 40
1 43
1 53
0 38
0 36
0 41
1 44
1 32
1 46
0 44
1 44
1 34
1 38
0 41
1 43
1 53
0 39
0 41
0 46
1 49
