
 0.542
 0.628
 0.640
 0.644
 0.644
 0.644
 0.644
 0.644
 0.644
 0.644
 0.644
 0.644
 0.644
 0.644
 0.644
 0.644
 0.644
 0.644
 0.644
 0.644
 0.644
 0.644
 0.644
 0.644
 0.644
 0.644
 0.644
 0.644
 0.644
 0.644
 0.644
 0.644
 0.644
 0.644
 0.644
 0.644
 0.644
 0.644
 0.644
 0.644
 0.644
 0.644
 0.644
 0.644
 0.644
 0.644
 0.644
 0.644
 0.644
 0.644
 0.644
 0.644
 0.644
 0.644
 0.644
 0.644
 0.644
 0.644
 0.644
 0.644
 0.644
 0.644
 0.644
 0.644
 0.644
 0.644
 0.644
 0.644
 0.644
 0.644
 0.644
 0.644
 0.644
 0.644
 0.644
 0.644
 0.644
 0.644
 0.644
 0.644
 0.644
 0.644
 0.644
 0.644
 0.644
 0.644
 0.644
 0.644
 0.644
 0.644
 0.644
 0.644
 0.644
 0.644
 0.644
 0.644
 0.644
 0.644
 0.644
 0.644
 0.644
 0.644
 0.644
 0.644
 0.644
 0.644
 0.644
 0.644
 0.644
 0.644
 0.644
 0.644
 0.644
 0.644
 0.644
 0.644
 0.644
 0.644
 0.644
 0.644
 0.644
 0.644
 0.644
 0.644
 0.644
 0.644
 0.644
 0.644
 0.644
 0.644
 0.644
 0.644
 0.644
 0.644
 0.644
 0.644
 0.644
 0.644
 0.644
 0.644
 0.644
 0.644
 0.644
 0.644
 0.644
 0.644
 0.644
 0.644
 0.644
 0.644
 0.644
 0.644
 0.644
 0.644
 0.644
 0.644
 0.644
 0.644
 0.644
 0.644
 0.644
 0.644
 0.644
 0.644
 0.644
 0.644
 0.644
 0.644
 0.644
 0.644
 0.644
 0.644
 0.644
 0.644
 0.644
 0.644
 0.644
 0.644
 0.644
 0.644
 0.644
 0.644
 0.644
 0.644
 0.644
 0.644
 0.644
 0.644
 0.644
 0.644
 0.644
 0.644
 0.644
 0.644
 0.644
 0.644
 0.644
 0.644
 0.644
 0.644

