0.515476213058556 1
0.5257304372793741 1
0.5272170866779892 1
0.5286656556842325 2
0.5301142246904756 1
0.5316008740890907 1
0.5316389544814626 1
0.5330875234877058 1
0.5330875234877059 1
0.5331256038800776 1
0.5331256038800777 1
0.5345360924939492 1
0.534555132690135 2
0.5345551326901351 1
0.5345741728863209 1
0.534574172886321 2
0.5345741728863211 1
0.5345932130825068 1
0.5346122532786929 1
0.5360227418925643 1
0.5360417820887501 1
0.5360798624811219 1
0.5360798624811222 1
0.5375284314873652 1
0.5375284314873653 2
0.5389579602974225 1
0.5389579602974228 1
0.5389960406897943 1
0.5404446096960377 1
0.5404636498922235 1
0.5404636498922236 1
0.5404826900884095 1
0.5405017302845954 1
0.5405207704807813 1
0.5418931787022809 2
0.5419122188984669 1
0.5419312590946528 1
0.5419502992908386 1
0.5419693394870245 1
0.5419693394870246 4
0.543398868297082 1
0.5434179084932679 4
0.5434369486894537 1
0.5434369486894538 1
0.544866477499511 1
0.5448664774995112 1
0.5448855176956969 2
0.544885517695697 3
0.5448855176956972 1
0.5449045578918829 2
0.544904557891883 1
0.5449045578918831 1
0.5463340867019403 1
0.546353126898126 1
0.5463531268981262 3
0.546372167094312 1
0.5463721670943121 1
0.546391207290498 1
0.546410247486684 1
0.5477826557081835 1
0.5478016959043696 1
0.5478207361005553 1
0.5478207361005554 4
0.5478397762967413 2
0.547858816492927 1
0.5478588164929271 2
0.5478588164929272 1
0.5478778566891129 1
0.547877856689113 1
0.5492693051067987 3
0.5492883453029844 1
0.5492883453029846 1
0.5493073854991704 2
0.5493264256953565 1
0.5493454658915422 1
0.5507559545054137 2
0.5507559545054138 3
0.5507749947015995 2
0.5507749947015996 3
0.5507940348977854 1
0.5522235637078429 1
0.5522426039040288 3
0.5522426039040289 1
0.5522616441002147 4
0.5522806842964006 2
0.5522997244925865 1
0.5536911729102719 1
0.553710213106458 6
0.5537292533026438 2
0.5537292533026439 5
0.5537482934988297 2
0.5537482934988298 1
0.5551587821127011 1
0.5551587821127012 1
0.555177822308887 3
0.5551778223088871 1
0.5551778223088872 2
0.5551968625050729 3
0.555196862505073 7
0.5551968625050732 1
0.5552159027012589 3
0.555215902701259 3
0.5552159027012591 1
0.5552539830936307 1
0.5566454315113163 2
0.5566644717075022 7
0.556683511903688 1
0.5566835119036881 3
0.5567025520998738 1
0.5567025520998741 1
0.5581130407137453 1
0.5581130407137455 2
0.5581320809099313 1
0.5581320809099314 8
0.5581511211061172 2
0.5581511211061173 6
0.5581701613023031 5
0.5581701613023032 2
0.5595806499161747 3
0.5595996901123604 1
0.5595996901123605 9
0.5596187303085464 1
0.5596187303085465 2
0.5596187303085466 1
0.5596377705047322 1
0.5596377705047323 2
0.5596377705047324 2
0.5596568107009181 1
0.561029218922418 1
0.5610482591186038 1
0.5610482591186039 2
0.5610672993147895 1
0.5610672993147896 1
0.5610672993147897 7
0.5610672993147898 1
0.5610863395109755 2
0.5610863395109756 12
0.5610863395109758 4
0.5611053797071616 7
0.5611244199033473 2
0.5611244199033474 1
0.562515868321033 1
0.5625349085172188 1
0.5625349085172189 3
0.562534908517219 1
0.5625539487134048 10
0.5625539487134049 2
0.5625729889095906 2
0.5625729889095907 6
0.5625920291057764 2
0.5625920291057765 1
0.5625920291057767 2
0.563983477523462 1
0.5639834775234622 1
0.5640025177196479 1
0.564002517719648 3
0.5640025177196482 2
0.5640215579158339 3
0.564021557915834 4
0.5640215579158341 1
0.5640405981120198 7
0.5640405981120199 5
0.56404059811202 1
0.5640596383082057 1
0.5640596383082058 4
0.5640786785043916 1
0.5654510867258914 1
0.5654701269220773 2
0.5654891671182631 14
0.5654891671182632 4
0.565508207314449 2
0.5655082073144491 8
0.5655082073144492 3
0.5655272475106349 1
0.565527247510635 4
0.5655462877068208 2
0.5655653279030068 2
0.5669377361245064 3
0.5669377361245065 1
0.5669567763206922 1
0.5669567763206923 11
0.5669567763206924 2
0.5669567763206925 1
0.5669758165168781 1
0.5669758165168782 12
0.5669758165168783 2
0.566994856713064 3
0.5669948567130642 7
0.5670138969092499 1
0.5670138969092501 1
0.5684053453269357 8
0.5684053453269358 1
0.5684243855231214 1
0.5684243855231215 2
0.5684243855231216 3
0.5684434257193073 3
0.5684434257193074 9
0.5684434257193075 10
0.5684624659154932 1
0.5684624659154933 11
0.5684624659154934 5
0.5684815061116791 1
0.5684815061116792 1
0.5684815061116794 1
0.5698539143331789 1
0.5698729545293648 2
0.5698919947255506 3
0.5698919947255507 1
0.5699110349217364 3
0.5699110349217366 10
0.5699110349217367 6
0.5699300751179224 6
0.5699300751179225 2
0.5699300751179226 2
0.5699491153141083 5
0.5699491153141084 1
0.5699491153141085 1
0.5699681555102942 1
0.5713596039279798 2
0.5713596039279799 1
0.5713786441241657 12
0.571378644124166 1
0.5713976843203514 1
0.5713976843203515 3
0.5713976843203517 10
0.5713976843203518 4
0.5714167245165375 1
0.5714167245165376 14
0.5714357647127234 2
0.5714357647127235 6
0.5728081729342231 1
0.572827213130409 1
0.5728272131304091 3
0.5728462533265949 3
0.572846253326595 11
0.5728652935227807 3
0.5728652935227808 10
0.5728652935227809 10
0.5728843337189666 4
0.5728843337189667 6
0.5728843337189669 4
0.5729033739151526 1
0.5729033739151527 2
0.5729224141113385 2
0.5729224141113386 1
0.5742948223328381 2
0.5742948223328382 1
0.5743138625290239 4
0.574313862529024 2
0.5743138625290242 9
0.5743329027252099 5
0.57433290272521 7
0.5743329027252101 9
0.5743519429213958 10
0.5743519429213959 9
0.574351942921396 7
0.5743709831175817 3
0.5743709831175818 1
0.574370983117582 1
0.5743900233137677 1
0.5743900233137678 1
0.5757624315352674 1
0.5757814717314531 1
0.5757814717314532 7
0.5757814717314533 3
0.5757814717314534 1
0.5758005119276391 20
0.5758005119276393 5
0.5758005119276394 2
0.575819552123825 2
0.5758195521238251 13
0.5758195521238252 3
0.5758385923200109 1
0.575838592320011 11
0.5758385923200111 1
0.5758385923200112 1
0.5758576325161968 1
0.5758576325161969 4
0.5758766727123827 1
0.5772490809338824 3
0.5772490809338825 6
0.5772681211300682 2
0.5772681211300683 15
0.5772681211300684 3
0.5772871613262541 3
0.5772871613262542 22
0.5772871613262543 3
0.57730620152244 3
0.5773062015224402 13
0.577325241718626 3
0.577344281914812 1
0.5786976499401257 1
0.5787166901363116 1
0.5787166901363117 4
0.5787357303324974 2
0.5787357303324975 6
0.5787357303324976 7
0.5787357303324977 1
0.5787547705286833 4
0.5787547705286834 7
0.5787547705286835 11
0.5787738107248692 6
0.5787738107248693 4
0.5787738107248694 3
0.5787928509210551 1
0.5787928509210554 2
0.5801842993387407 1
0.5801842993387408 3
0.5801842993387409 1
0.5802033395349266 8
0.5802033395349268 4
0.5802033395349269 1
0.5802223797311125 2
0.5802223797311126 20
0.5802223797311127 7
0.5802223797311128 4
0.5802414199272984 4
0.5802414199272985 24
0.5802414199272986 3
0.5802414199272987 2
0.5802604601234842 1
0.5802604601234844 11
0.5802795003196703 2
0.5816328683449841 1
0.5816519085411699 2
0.58165190854117 1
0.5816519085411701 1
0.5816709487373557 1
0.5816709487373558 2
0.5816709487373559 1
0.581670948737356 2
0.5816899889335417 18
0.5816899889335418 13
0.581689988933542 1
0.5817090291297276 1
0.5817090291297277 17
0.5817090291297278 4
0.5817280693259135 1
0.5817280693259136 13
0.5817280693259137 1
0.5817471095220994 1
0.5817471095220995 1
0.5831195177435992 2
0.583138557939785 2
0.5831385579397851 3
0.5831575981359708 1
0.5831575981359709 4
0.583157598135971 11
0.5831575981359711 1
0.5831766383321567 10
0.5831766383321568 15
0.5831766383321569 8
0.5831956785283426 6
0.5831956785283428 4
0.5831956785283429 4
0.5832147187245286 1
0.5832147187245287 5
0.5845871269460283 1
0.5846061671422141 1
0.5846061671422143 2
0.5846252073384001 9
0.5846252073384002 5
0.584644247534586 21
0.5846442475345861 15
0.5846632877307719 23
0.584663287730772 2
0.5846823279269577 1
0.5846823279269578 9
0.584682327926958 2
0.5860737763446432 1
0.5860737763446434 4
0.5860928165408292 15
0.5860928165408293 4
0.5860928165408295 2
0.5861118567370152 17
0.5861118567370153 6
0.5861118567370154 3
0.586130896933201 4
0.5861308969332011 27
0.5861308969332012 5
0.586149937129387 7
0.5861499371293871 1
0.5861689773255729 2
0.5875604257432583 1
0.5875604257432584 2
0.5875604257432585 8
0.5875794659394443 7
0.5875794659394444 20
0.5875985061356301 5
0.5875985061356302 9
0.5875985061356304 13
0.5876175463318161 1
0.5876175463318162 4
0.5876175463318163 3
0.587636586528002 2
0.5876365865280021 2
0.5876365865280022 4
0.5889899545533158 1
0.5890089947495017 1
0.5890280349456877 6
0.5890470751418735 11
0.5890470751418736 14
0.5890661153380594 24
0.5890661153380595 13
0.5890851555342452 2
0.5890851555342453 15
0.5890851555342455 4
0.5891041957304313 5
0.590457563755745 1
0.5904766039519309 1
0.590476603951931 1
0.5904956441481167 3
0.5904956441481168 2
0.590495644148117 1
0.5905146843443027 11
0.5905146843443028 6
0.5905146843443029 3
0.5905337245404884 1
0.5905337245404886 22
0.5905337245404887 8
0.5905337245404888 3
0.5905527647366744 1
0.5905527647366745 10
0.5905527647366746 3
0.5905718049328603 2
0.5905718049328604 10
0.5905908451290461 1
0.5905908451290464 2
0.5919442131543601 1
0.5919632533505459 3
0.591963253350546 3
0.5919822935467318 1
0.5919822935467319 11
0.591982293546732 1
0.5920013337429177 9
0.5920013337429179 17
0.592001333742918 1
0.5920203739391036 2
0.5920203739391037 18
0.5920203739391038 17
0.5920203739391039 2
0.5920394141352895 3
0.5920394141352896 12
0.5920394141352897 9
0.5920584543314754 2
0.5934308625529752 2
0.593449902749161 4
0.5934499027491611 7
0.5934689429453468 3
0.5934689429453469 10
0.593468942945347 19
0.5934879831415327 6
0.5934879831415328 13
0.593487983141533 20
0.5935070233377187 10
0.5935070233377188 3
0.5935070233377189 6
0.5935260635339046 4
0.5949175119515901 2
0.5949175119515903 4
0.5949175119515904 2
0.5949365521477761 12
0.5949365521477762 6
0.5949365521477763 2
0.594955592343962 28
0.5949555923439621 9
0.5949746325401478 2
0.5949746325401479 23
0.594974632540148 8
0.5949936727363337 1
0.5949936727363339 8
0.5950127129325197 1
0.5963660809578335 1
0.5963660809578336 2
0.5963851211540194 6
0.5964041613502052 1
0.5964041613502054 16
0.5964232015463912 12
0.5964232015463913 25
0.5964232015463914 3
0.596442241742577 4
0.5964422417425771 13
0.5964422417425772 24
0.5964612819387629 1
0.596461281938763 10
0.5964612819387631 3
0.596480322134949 1
0.5978527303564485 1
0.5978527303564486 3
0.5978717705526343 1
0.5978717705526344 3
0.5978717705526345 14
0.5978717705526346 1
0.5978908107488202 1
0.5978908107488203 13
0.5978908107488204 25
0.5978908107488206 1
0.5979098509450061 10
0.5979098509450063 13
0.5979098509450064 15
0.5979098509450065 1
0.5979288911411921 10
0.5979288911411922 11
0.5979288911411923 5
0.597947931337378 1
0.5979479313373781 2
0.5993203395588778 1
0.5993203395588779 2
0.5993393797550635 1
0.5993393797550636 5
0.5993393797550637 6
0.5993393797550638 2
0.5993584199512494 1
0.5993584199512495 16
0.5993584199512496 19
0.5993584199512497 3
0.5993774601474353 3
0.5993774601474354 23
0.5993774601474355 16
0.5993774601474356 3
0.5993965003436212 2
0.5993965003436214 15
0.5993965003436215 4
0.5994155405398072 1
0.5994155405398073 6
0.6007879487613069 1
0.6008069889574927 3
0.6008069889574928 3
0.600806988957493 3
0.6008260291536786 1
0.6008260291536787 10
0.6008260291536788 12
0.6008260291536789 5
0.6008450693498646 32
0.6008450693498647 7
0.6008450693498648 4
0.6008641095460504 2
0.6008641095460505 28
0.6008641095460506 8
0.6008641095460507 1
0.6008831497422363 4
0.6008831497422364 7
0.6008831497422366 1
0.6009021899384223 1
0.602274598159922 1
0.6022936383561077 1
0.6022936383561078 6
0.6022936383561079 24
0.602293638356108 1
0.6023126785522936 5
0.6023126785522938 13
0.6023126785522939 30
0.6023317187484796 2
0.6023317187484797 19
0.6023317187484798 18
0.6023507589446655 4
0.6023507589446656 5
0.6023507589446657 4
0.6023697991408514 2
0.6023697991408515 1
0.6037422073623511 1
0.6037422073623512 1
0.6037422073623513 1
0.603761247558537 8
0.6037612475585371 2
0.6037612475585372 2
0.6037802877547228 1
0.6037802877547229 24
0.603780287754723 10
0.6037802877547231 9
0.6037993279509087 2
0.6037993279509088 21
0.603799327950909 17
0.6037993279509091 4
0.6038183681470947 1
0.6038183681470948 13
0.6038183681470949 7
0.603818368147095 1
0.6038374083432807 1
0.6038564485394666 1
0.6038564485394667 1
0.6052098165647802 1
0.6052288567609662 4
0.6052288567609663 2
0.6052288567609664 4
0.6052478969571521 13
0.6052478969571522 8
0.6052478969571523 4
0.6052669371533379 1
0.605266937153338 24
0.6052669371533381 11
0.6052669371533382 2
0.6052859773495239 23
0.605285977349524 2
0.6053050175457099 4
0.6066774257672095 1
0.6066964659633953 1
0.6066964659633954 5
0.6066964659633955 1
0.6066964659633957 1
0.6067155061595813 1
0.6067155061595814 24
0.6067345463557672 11
0.6067345463557673 17
0.606753586551953 4
0.6067535865519531 7
0.6067535865519532 23
0.6067726267481389 2
0.606772626748139 2
0.6067726267481391 2
0.606791666944325 1
0.6081640751658245 1
0.6081640751658246 2
0.6081640751658247 1
0.6081831153620104 4
0.6081831153620105 11
0.6082021555581963 14
0.6082021555581965 17
0.6082211957543822 1
0.6082211957543823 25
0.6082211957543824 13
0.6082402359505681 1
0.6082402359505682 13
0.6082402359505683 6
0.6082592761467541 2
0.6082592761467542 1
0.6096316843682539 2
0.6096507245644396 2
0.6096507245644397 9
0.6096507245644398 5
0.6096697647606255 14
0.6096697647606256 13
0.6096697647606257 5
0.6096888049568113 1
0.6096888049568114 17
0.6096888049568115 7
0.6096888049568117 2
0.6097078451529974 13
0.6097078451529975 4
0.6097268853491832 1
0.6097268853491833 6
0.6097268853491834 1
0.6110992935706829 1
0.6111183337668689 5
0.611118333766869 3
0.6111373739630548 15
0.6111373739630549 2
0.6111564141592405 2
0.6111564141592406 7
0.6111564141592407 27
0.6111754543554264 1
0.6111754543554265 8
0.6111754543554266 18
0.6111944945516125 3
0.6111944945516126 5
0.612585942969298 3
0.6126049831654838 3
0.612604983165484 21
0.6126240233616698 13
0.6126240233616699 29
0.6126430635578557 15
0.6126430635578558 14
0.6126621037540416 7
0.6126621037540417 2
0.6126811439502275 2
0.6140535521717271 1
0.6140535521717272 1
0.6140535521717273 5
0.614072592367913 6
0.6140725923679131 5
0.6140725923679132 2
0.6140916325640989 10
0.614091632564099 14
0.6140916325640992 2
0.6141106727602847 1
0.6141106727602849 30
0.614110672760285 10
0.6141106727602851 2
0.6141297129564708 15
0.6141297129564709 4
0.6141487531526567 1
0.6141677933488426 1
0.6155211613741565 1
0.6155402015703422 1
0.6155402015703423 6
0.6155402015703424 3
0.615559241766528 1
0.6155592417665281 2
0.6155592417665282 15
0.6155592417665283 2
0.6155782819627139 1
0.615578281962714 5
0.6155782819627141 29
0.6155782819627142 2
0.6155973221589 11
0.6155973221589001 8
0.6156163623550858 1
0.6156163623550859 4
0.615616362355086 3
0.6170078107727712 1
0.6170078107727714 3
0.6170268509689573 1
0.6170268509689574 23
0.6170268509689575 3
0.6170458911651431 1
0.6170458911651432 8
0.6170458911651433 29
0.6170458911651434 1
0.6170649313613291 4
0.6170649313613292 11
0.6170839715575149 3
0.617083971557515 2
0.6170839715575152 2
0.617103011753701 1
0.6184754199752006 1
0.6184754199752007 4
0.6184944601713864 4
0.6184944601713865 13
0.6184944601713867 7
0.6185135003675724 12
0.6185135003675725 17
0.6185135003675726 6
0.6185325405637583 10
0.6185325405637584 10
0.6185325405637585 1
0.6185515807599442 8
0.6185515807599443 3
0.61857062095613 1
0.6185706209561301 3
0.6199430291776298 2
0.6199430291776299 1
0.6199620693738157 6
0.6199620693738158 4
0.6199811095700015 1
0.6199811095700016 27
0.6199811095700017 3
0.6200001497661874 3
0.6200001497661876 18
0.6200191899623734 2
0.6200191899623735 10
0.6200382301585593 2
0.6200382301585594 1
0.6214106383800589 2
0.6214296785762448 1
0.6214296785762449 5
0.621429678576245 3
0.6214487187724307 3
0.6214487187724308 20
0.6214487187724309 4
0.621448718772431 1
0.6214677589686166 3
0.6214677589686167 24
0.6214867991648024 2
0.6214867991648025 6
0.6214867991648027 10
0.6215058393609884 3
0.6215058393609885 1
0.6215248795571743 1
0.622897287778674 4
0.6228972877786741 2
0.6229163279748599 5
0.62291632797486 7
0.6229163279748601 6
0.6229353681710458 12
0.6229353681710459 7
0.622935368171046 1
0.6229544083672317 12
0.6229544083672318 12
0.6229734485634176 4
0.6229924887596036 2
0.6243458567849174 1
0.6243648969811031 1
0.6243648969811032 1
0.6243839371772891 9
0.6243839371772892 4
0.6244029773734749 12
0.624402977373475 8
0.6244029773734752 4
0.6244220175696609 21
0.624422017569661 7
0.6244220175696611 2
0.6244410577658468 3
0.6244410577658469 2
0.6244600979620328 1
0.6244791381582186 1
0.6258325061835324 1
0.6258515463797183 4
0.6258705865759041 2
0.6258705865759042 17
0.62588962677209 4
0.6258896267720901 22
0.625908666968276 4
0.6259086669682761 10
0.6259277071644618 2
0.6259277071644619 2
0.625927707164462 2
0.6273001153859616 1
0.6273191555821475 4
0.6273191555821476 3
0.6273381957783333 1
0.6273381957783334 5
0.6273381957783335 10
0.6273572359745192 9
0.6273572359745193 8
0.6273572359745194 2
0.6273762761707051 6
0.6273762761707052 7
0.6273762761707053 2
0.627395316366891 3
0.6273953163668912 1
0.627414356563077 1
0.6287867647845765 1
0.6287867647845766 1
0.6287867647845767 1
0.6288058049807624 2
0.6288058049807626 4
0.6288058049807627 4
0.6288248451769484 11
0.6288248451769485 11
0.6288248451769486 3
0.6288438853731342 1
0.6288438853731343 14
0.6288438853731344 5
0.6288438853731345 1
0.6288629255693201 1
0.6288629255693202 4
0.6288629255693203 2
0.6288819657655063 1
0.6302543739870058 2
0.6302543739870059 1
0.6302734141831916 1
0.6302734141831917 12
0.6302734141831918 3
0.6302924543793775 1
0.6302924543793776 16
0.6302924543793778 2
0.6302924543793779 1
0.6303114945755635 4
0.6303114945755636 19
0.6303114945755637 1
0.6303305347717493 1
0.6303305347717494 4
0.6303305347717495 3
0.6303305347717496 1
0.6303495749679354 1
0.6317410233856208 1
0.6317410233856209 2
0.631741023385621 2
0.6317600635818067 1
0.6317600635818068 13
0.6317600635818069 5
0.6317791037779926 4
0.6317791037779927 10
0.6317791037779928 1
0.6317981439741785 4
0.6317981439741787 8
0.6318171841703646 1
0.6318362243665505 1
0.63320863258805 3
0.633227672784236 7
0.6332276727842361 3
0.6332467129804218 9
0.6332467129804219 11
0.633246712980422 5
0.6332657531766076 1
0.6332657531766077 7
0.6332657531766078 4
0.6332657531766079 2
0.6332847933727936 5
0.6332847933727938 2
0.6346762417904792 1
0.6346762417904793 1
0.6346952819866651 6
0.6346952819866652 4
0.6347143221828511 10
0.6347143221828512 1
0.6347333623790369 1
0.634733362379037 23
0.6347524025752228 2
0.6347524025752229 3
0.6347714427714088 1
0.6361628911890943 6
0.6361628911890944 1
0.6361628911890945 1
0.6361819313852801 3
0.6361819313852802 7
0.636200971581466 5
0.6362009715814662 7
0.636220011777652 2
0.6362200117776521 2
0.6362200117776522 1
0.636239051973838 1
0.6376114601953377 2
0.6376305003915235 3
0.6376305003915237 1
0.6376495405877094 4
0.6376495405877095 3
0.6376685807838952 6
0.6376685807838953 3
0.6376685807838954 6
0.6376876209800811 4
0.6376876209800812 2
0.6377066611762671 1
0.6390981095939527 2
0.6391171497901386 5
0.6391171497901387 3
0.6391361899863245 16
0.6391361899863246 3
0.6391552301825103 1
0.6391552301825104 6
0.6391552301825105 2
0.6391742703786962 1
0.6405847589925676 1
0.6405847589925677 7
0.640584758992568 2
0.6406037991887535 3
0.6406037991887537 7
0.6406037991887539 2
0.6406228393849395 7
0.6406228393849396 7
0.6406228393849398 1
0.6406418795811254 6
0.6406418795811255 1
0.6406609197773113 2
0.6420523681949969 5
0.6420714083911827 3
0.6420714083911828 7
0.6420714083911829 2
0.6420904485873686 1
0.6420904485873687 6
0.6420904485873689 1
0.6421094887835546 1
0.6421094887835547 1
0.6421285289797406 1
0.6435199773974262 3
0.643539017593612 6
0.6435390175936121 4
0.6435580577897977 1
0.6435580577897979 9
0.643558057789798 4
0.6435770979859836 1
0.6435770979859838 9
0.643577097985984 1
0.6435961381821698 3
0.6449875865998552 3
0.645006626796041 1
0.6450066267960411 5
0.645025666992227 4
0.6450256669922271 6
0.6450447071884129 5
0.645044707188413 3
0.6450637473845989 1
0.6464551958022844 1
0.6464742359984702 1
0.6464742359984703 1
0.6464742359984704 1
0.6464932761946561 1
0.6464932761946562 5
0.6465123163908421 3
0.6465123163908422 2
0.6465313565870281 1
0.6465694369793996 1
0.6479228050047137 1
0.6479418452008994 2
0.6479418452008996 2
0.6479608853970852 1
0.6479608853970853 3
0.6479608853970855 2
0.6479799255932711 1
0.6479799255932712 8
0.6479799255932714 1
0.6479989657894571 5
0.648018005985643 1
0.6494094544033285 1
0.6494284945995146 2
0.6494475347957004 5
0.6494475347957005 4
0.6494665749918863 4
0.6494665749918864 2
0.6494856151880722 1
0.6508580234095719 1
0.6508961038019437 2
0.6508961038019438 1
0.6509151439981296 7
0.6509151439981297 3
0.6509151439981298 1
0.6509341841943155 3
0.6509341841943156 3
0.6509532243905015 2
0.6523827532005586 2
0.6523827532005587 2
0.6523827532005589 1
0.6524017933967446 2
0.6524017933967449 1
0.6524208335929306 4
0.6524208335929308 1
0.6538503624029879 3
0.653850362402988 1
0.6538694025991737 1
0.6538694025991738 4
0.6538694025991739 3
0.6538884427953596 1
0.6538884427953597 3
0.6539074829915457 1
0.6553179716054172 2
0.6553560519977887 1
0.6553560519977889 1
0.6553750921939748 1
0.656804621004032 1
0.6568046210040321 1
0.6568236612002181 2
0.6568236612002183 1
0.6568427013964039 3
0.656842701396404 1
0.6582531900102754 1
0.6582722302064613 3
0.6582912704026471 1
0.6582912704026472 2
0.6582912704026473 1
0.6583103105988332 3
0.6597398394088905 1
0.6597398394088906 1
0.6597398394088907 1
0.6597588796050762 1
0.6597588796050764 3
0.6611884084151337 1
0.6612074486113195 2
0.6612074486113196 2
0.6612264888075055 2
0.6612264888075056 4
0.6612455290036914 1
0.6612455290036915 1
0.6612645691998773 1
0.6612645691998774 1
0.6626940980099347 1
0.6626940980099348 1
0.6627131382061205 1
0.6627321784023065 1
0.6627321784023066 1
0.6641426670161779 1
0.6641617072123638 1
0.664161707212364 2
0.6641807474085497 2
0.6641807474085499 1
0.6642188278009216 1
0.665629316414793 1
0.6656293164147931 1
0.6656483566109789 1
0.6656673968071648 1
0.6656864370033506 1
0.667115965813408 1
0.6671159658134082 1
0.667135006009594 1
0.6671350060095942 1
0.6685645348196513 1
0.6685835750158371 1
0.668602615212023 1
0.6686026152120231 1
0.6700511842182664 1
0.6715378336168815 1
0.6715378336168816 1
0.6715759140092533 1
0.6729864026231249 1
0.6730054428193106 1
0.6730435232116825 1
0.6759787416165408 1
0.6774273106227839 1
0.6803815692238281 1
0.6833167876286868 1
0.6833358278248726 1
0.6847653566349298 1
0.6848034370273016 2
0.68773865543216 1
0.6936281324380624 1
0.7069127760446686 1
0.7098479944495268 1
