
 0.595
 0.632
 0.571
 0.629
 0.601
 0.607
 0.617
 0.579
 0.641
 0.617
 0.555
 0.595
 0.588
 0.586
 0.568
 0.568
 0.548
 0.601
 0.591
 0.630
 0.638
 0.585
 0.568
 0.610
 0.570
 0.576
 0.613
 0.555
 0.601
 0.583
 0.580
 0.602
 0.624
 0.595
 0.591
 0.596
 0.605
 0.610
 0.599
 0.607
 0.617
 0.598
 0.621
 0.592
 0.573
 0.613
 0.624
 0.593
 0.645
 0.570
 0.573
 0.596
 0.596
 0.611
 0.554
 0.582
 0.599
 0.585
 0.610
 0.630
 0.638
 0.629
 0.571
 0.611
 0.546
 0.642
 0.579
 0.619
 0.623
 0.598
 0.592
 0.607
 0.669
 0.598
 0.616
 0.611
 0.608
 0.629
 0.583
 0.568
 0.605
 0.555
 0.576
 0.610
 0.580
 0.567
 0.591
 0.604
 0.539
 0.623
 0.641
 0.592
 0.610
 0.599
 0.647
 0.571
 0.598
 0.555
 0.620
 0.617
 0.630
 0.641
 0.598
 0.586
 0.641
 0.635
 0.601
 0.599
 0.619
 0.607
 0.617
 0.582
 0.591
 0.570
 0.608
 0.565
 0.579
 0.561
 0.617
 0.590
 0.642
 0.596
 0.574
 0.624
 0.633
 0.588
 0.598
 0.577
 0.649
 0.592
 0.602
 0.580
 0.624
 0.620
 0.571
 0.629
 0.607
 0.593
 0.641
 0.613
 0.579
 0.642
 0.601
 0.596
 0.571
 0.564
 0.672
 0.595
 0.585
 0.589
 0.611
 0.601
 0.577
 0.574
 0.627
 0.617
 0.630
 0.613
 0.604
 0.667
 0.576
 0.585
 0.629
 0.654
 0.608
 0.604
 0.594
 0.579
 0.620
 0.624
 0.596
 0.645
 0.589
 0.604
 0.563
 0.568
 0.616
 0.573
 0.635
 0.592
 0.636
 0.624
 0.596
 0.565
 0.591
 0.595
 0.617
 0.605
 0.619
 0.602
 0.613
 0.585
 0.573
 0.561
 0.613
 0.629
 0.574
 0.574
 0.542
 0.596
 0.560
 0.605
 0.586
 0.574
 0.574
 0.560
 0.602
 0.607
 0.591
 0.604
 0.564
 0.591
 0.599
 0.565
 0.636
 0.605
 0.593
 0.596
 0.574
 0.620
 0.626
 0.598
 0.602
 0.608
 0.557
 0.564
 0.555
 0.608
 0.535
 0.580
 0.646
 0.613
 0.576
 0.627
 0.565
 0.574
 0.610
 0.588
 0.632
 0.558
 0.626
 0.651
 0.644
 0.563
 0.591
 0.613
 0.672
 0.627
 0.614
 0.568
 0.605
 0.582
 0.627
 0.571
 0.610
 0.599
 0.641
 0.579
 0.560
 0.571
 0.573
 0.602
 0.580
 0.618
 0.616
 0.614
 0.601
 0.616
 0.577
 0.641
 0.582
 0.568
 0.593
 0.582
 0.616
 0.610
 0.561
 0.610
 0.588
 0.613
 0.601
 0.602
 0.580
 0.649
 0.605
 0.614
 0.593
 0.616
 0.614
 0.620
 0.602
 0.579
 0.586
 0.605
 0.613
 0.601
 0.657
 0.610
 0.644
 0.630
 0.580
 0.586
 0.567
 0.604
 0.579
 0.616
 0.593
 0.620
 0.599
 0.632
 0.608
 0.598
 0.554
 0.610
 0.599
 0.591
 0.567
 0.645
 0.602
 0.616
 0.582
 0.626
 0.576
 0.624
 0.599
 0.595
 0.591
 0.617
 0.623
 0.647
 0.601
 0.605
 0.601
 0.583
 0.557
 0.593
 0.564
 0.644
 0.571
 0.642
 0.564
 0.639
 0.563
 0.599
 0.561
 0.652
 0.644
 0.601
 0.557
 0.617
 0.633
 0.618
 0.604
 0.555
 0.623
 0.602
 0.595
 0.627
 0.610
 0.613
 0.617
 0.636
 0.582
 0.619
 0.602
 0.610
 0.591
 0.567
 0.592
 0.571
 0.621
 0.595
 0.635
 0.616
 0.582
 0.605
 0.549
 0.627
 0.613
 0.605
 0.621
 0.598
 0.632
 0.592
 0.548
 0.633
 0.605
 0.595
 0.593
 0.563
 0.585
 0.608
 0.588
 0.614
 0.585
 0.589
 0.591
 0.642
 0.617
 0.624
 0.605
 0.583
 0.605
 0.599
 0.579
 0.621
 0.590
 0.617
 0.570
 0.605
 0.616
 0.599
 0.616
 0.588
 0.589
 0.657
 0.614
 0.621
 0.608
 0.630
 0.617
 0.605
 0.673
 0.598
 0.588
 0.595
 0.602
 0.601
 0.583
 0.589
 0.621
 0.601
 0.589
 0.545
 0.604
 0.636
 0.648
 0.619
 0.621
 0.627
 0.589
 0.591
 0.570
 0.567
 0.604
 0.592
 0.558
 0.599
 0.552
 0.613
 0.576
 0.589
 0.536
 0.611
 0.585
 0.592
 0.604
 0.623
 0.595
 0.630
 0.580
 0.619
 0.568
 0.582
 0.592
 0.593
 0.576
 0.542
 0.627
 0.560
 0.589
 0.566
 0.561
 0.619
 0.635
 0.596
 0.583
 0.633
 0.648
 0.626
 0.624
 0.570
 0.616
 0.593
 0.630
 0.558
 0.601
 0.629
 0.573
 0.580
 0.594
 0.613
 0.592
 0.610
 0.627
 0.642
 0.561
 0.574
 0.577
 0.604
 0.607
 0.595
 0.655
 0.614
 0.561
 0.622
 0.608
 0.642
 0.588
 0.613
 0.595
 0.605
 0.639
 0.555
 0.633
 0.566
 0.614
 0.619
 0.579
 0.601
 0.598
 0.604
 0.561
 0.613
 0.579
 0.651
 0.644
 0.595
 0.663
 0.611
 0.585
 0.620
 0.608
 0.561
 0.626
 0.585
 0.596
 0.621
 0.588
 0.620
 0.576
 0.574
 0.616
 0.585
 0.617
 0.607
 0.611
 0.604
 0.601
 0.580
 0.607
 0.579
 0.586
 0.585
 0.576
 0.623
 0.561
 0.574
 0.595
 0.602
 0.593
 0.616
 0.591
 0.642
 0.586
 0.586
 0.610
 0.602
 0.592
 0.624
 0.626
 0.638
 0.621
 0.602
 0.666
 0.611
 0.610
 0.616
 0.616
 0.611
 0.602
 0.645
 0.617
 0.635
 0.658
 0.592
 0.621
 0.577
 0.604
 0.641
 0.563
 0.601
 0.614
 0.586
 0.617
 0.558
 0.638
 0.601
 0.601
 0.599
 0.564
 0.563
 0.532
 0.585
 0.579
 0.591
 0.591
 0.602
 0.604
 0.576
 0.577
 0.563
 0.595
 0.621
 0.619
 0.629
 0.577
 0.635
 0.638
 0.567
 0.586
 0.632
 0.549
 0.627
 0.636
 0.607
 0.616
 0.576
 0.588
 0.661
 0.582
 0.610
 0.586
 0.614
 0.589
 0.579
 0.620
 0.596
 0.605
 0.624
 0.585
 0.591
 0.558
 0.613
 0.564
 0.566
 0.626
 0.592
 0.617
 0.585
 0.617
 0.566
 0.599
 0.583
 0.590
 0.602
 0.596
 0.644
 0.613
 0.601
 0.601
 0.651
 0.641
 0.573
 0.616
 0.616
 0.599
 0.618
 0.608
 0.593
 0.599
 0.571
 0.592
 0.582
 0.568
 0.614
 0.586
 0.570
 0.608
 0.601
 0.591
 0.577
 0.617
 0.580
 0.651
 0.608
 0.570
 0.621
 0.592
 0.579
 0.568
 0.570
 0.582
 0.602
 0.673
 0.586
 0.623
 0.589
 0.593
 0.617
 0.614
 0.632
 0.626
 0.630
 0.604
 0.605
 0.564
 0.555
 0.608
 0.582
 0.595
 0.649
 0.617
 0.608
 0.614
 0.642
 0.592
 0.629
 0.582
 0.613
 0.601
 0.582
 0.583
 0.601
 0.583
 0.598
 0.593
 0.560
 0.574
 0.589
 0.589
 0.565
 0.558
 0.614
 0.598
 0.579
 0.577
 0.592
 0.560
 0.586
 0.558
 0.594
 0.596
 0.545
 0.664
 0.589
 0.599
 0.602
 0.574
 0.567
 0.596
 0.601
 0.602
 0.586
 0.621
 0.611
 0.604
 0.623
 0.598
 0.599
 0.583
 0.630
 0.639
 0.633
 0.613
 0.571
 0.630
 0.601
 0.629
 0.585
 0.611
 0.627
 0.627
 0.621
 0.636
 0.598
 0.608
 0.613
 0.543
 0.548
 0.558
 0.595
 0.576
 0.619
 0.613
 0.635
 0.632
 0.617
 0.610
 0.580
 0.554
 0.616
 0.604
 0.546
 0.580
 0.613
 0.598
 0.642
 0.588
 0.608
 0.633
 0.636
 0.586
 0.585
 0.614
 0.586
 0.602
 0.576
 0.586
 0.636
 0.579
 0.620
 0.608
 0.598
 0.604
 0.608
 0.602
 0.648
 0.573
 0.604
 0.611
 0.601
 0.635
 0.595
 0.617
 0.568
 0.636
 0.588
 0.546
 0.601
 0.586
 0.644
 0.599
 0.598
 0.593
 0.564
 0.586
 0.613
 0.654
 0.608
 0.620
 0.573
 0.604
 0.542
 0.635
 0.561
 0.599
 0.627
 0.596
 0.595
 0.627
 0.580
 0.593
 0.610
 0.568
 0.602
 0.585
 0.546
 0.620
 0.605
 0.626
 0.573
 0.598
 0.644
 0.601
 0.611
 0.598
 0.568
 0.583
 0.602
 0.614
 0.601
 0.568
 0.641
 0.649
 0.624
 0.601
 0.639
 0.561
 0.602
 0.624
 0.657
 0.599
 0.601
 0.588
 0.598
 0.571
 0.611
 0.580
 0.565
 0.592
 0.576
 0.539
 0.592
 0.626
 0.595
 0.548
 0.566
 0.573
 0.586
 0.574
 0.621
 0.614
 0.583
 0.564
 0.560
 0.617
 0.601
 0.563
 0.580
 0.515
 0.610
 0.570
 0.595
 0.585
 0.561
 0.570
 0.585
 0.645
 0.564
 0.608
 0.580
 0.604
 0.599
 0.602
 0.577
 0.623
 0.617
 0.595
 0.651
 0.601
 0.633
 0.627
 0.594
 0.633
 0.586
 0.627
 0.583
 0.621
 0.585
 0.589
 0.651
 0.599
 0.567
 0.605
 0.585
 0.621
 0.621
 0.601
 0.632
 0.601
 0.589
 0.642
 0.542
 0.619
 0.710
 0.599
 0.621
 0.551
 0.608
 0.582
 0.638
 0.639
 0.599
 0.618
 0.707
 0.599
 0.604
 0.605
 0.613
 0.607
 0.644
 0.594
 0.583
 0.614
 0.601
 0.639
 0.641
 0.585
 0.568
 0.617
 0.632
 0.611
 0.602
 0.592
 0.604
 0.567
 0.588
 0.583
 0.614
 0.611
 0.593
 0.619
 0.617
 0.592
 0.641
 0.579
 0.601
 0.645
 0.591
 0.555
 0.602
 0.607
 0.610
 0.574
 0.598
 0.576
 0.622
 0.630
 0.548
 0.648
 0.593
 0.646
 0.685
 0.649
 0.626
 0.565
 0.617
 0.592
 0.614
 0.580
 0.604
 0.621
 0.589
 0.592
 0.602
 0.630
 0.636
 0.638
 0.626
 0.588
 0.557
 0.580
 0.629
 0.611
 0.580
 0.598
 0.585
 0.608
 0.591
 0.601
 0.604
 0.604
 0.617
 0.596
 0.601
 0.543
 0.599
 0.582
 0.621
 0.596
 0.635
 0.596
 0.608
 0.602
 0.552
 0.570
 0.623
 0.596
 0.614
 0.619
 0.608
 0.619
 0.580
 0.638
 0.577
 0.608
 0.610
 0.657
 0.636
 0.633
 0.658
 0.614
 0.627
 0.585
 0.602
 0.627
 0.589
 0.576
 0.647
 0.641
 0.589
 0.616
 0.610
 0.576
 0.677
 0.610
 0.595
 0.561
 0.627
 0.586
 0.573
 0.598
 0.561
 0.599
 0.585
 0.573
 0.623
 0.602
 0.645
 0.595
 0.586
 0.620
 0.561
 0.590
 0.599
 0.598
 0.591
 0.571
 0.574
 0.596
 0.623
 0.647
 0.608
 0.614
 0.595
 0.563
 0.626
 0.585
 0.605
 0.563
 0.601
 0.629
 0.604
 0.576
 0.618
 0.589
 0.595
 0.621
 0.620
 0.619
 0.588
 0.604
 0.652
 0.660
 0.614
 0.607
 0.601
 0.576
 0.607
 0.604
 0.595
 0.580
 0.577
 0.594
 0.582
 0.604
 0.596
 0.580
 0.651
 0.623
 0.548
 0.583
 0.586
 0.602
 0.595
 0.580
 0.613
 0.577
 0.614
 0.629
 0.583
 0.598
 0.571
 0.570
 0.536
 0.601
 0.635
 0.613
 0.627
 0.545
 0.595
 0.557
 0.613
 0.604
 0.614
 0.608
 0.610
 0.620
 0.598
 0.593
 0.568
 0.624
 0.620
 0.621
 0.599
 0.583
 0.621
 0.536
 0.582
 0.594
 0.571
 0.570
 0.592
 0.645
 0.617
 0.582
 0.613
 0.619
 0.619
 0.598
 0.571
 0.542
 0.595
 0.617
 0.595
 0.638
 0.617
 0.582
 0.602
 0.579
 0.574
 0.619
 0.579
 0.540
 0.642
 0.596
 0.624
 0.580
 0.626
 0.614
 0.658
 0.627
 0.602
 0.580
 0.602
 0.619
 0.585
 0.576
 0.629
 0.629
 0.626
 0.624
 0.621
 0.586
 0.614
 0.598
 0.610
 0.644
 0.632
 0.601
 0.626
 0.595
 0.589
 0.589
 0.585
 0.614
 0.573
 0.621
 0.638
 0.611
 0.574
 0.564
 0.586
 0.604
 0.614
 0.654
 0.605
 0.605
 0.614
 0.576
 0.611
 0.611
 0.577
 0.621
 0.667
 0.585
 0.642
 0.614
 0.595
 0.598
 0.607
 0.613
 0.613
 0.642
 0.576
 0.638
 0.623
 0.607
 0.593
 0.601
 0.636
 0.582
 0.604
 0.570
 0.589
 0.658
 0.585
 0.614
 0.621
 0.560
 0.638
 0.629
 0.576
 0.571
 0.623
 0.580
 0.622
 0.592
 0.574
 0.632
 0.620
 0.577
 0.614
 0.623
 0.626
 0.619
 0.604
 0.648
 0.601
 0.624
 0.611
 0.648
 0.563
 0.586
 0.576
 0.611
 0.588
 0.595
 0.617
 0.592
 0.588
 0.577
 0.591
 0.554
 0.599
 0.624
 0.619
 0.621
 0.605
 0.579
 0.585
 0.627
 0.633
 0.568
 0.598
 0.654
 0.605
 0.616
 0.574
 0.607
 0.616
 0.649
 0.608
 0.595
 0.632
 0.541
 0.607
 0.588
 0.599
 0.586
 0.592
 0.604
 0.610
 0.610
 0.591
 0.619
 0.641
 0.533
 0.583
 0.589
 0.585
 0.574
 0.570
 0.604
 0.586
 0.607
 0.602
 0.602
 0.645
 0.604
 0.644
 0.648
 0.593
 0.605
 0.604
 0.610
 0.592
 0.619
 0.589
 0.613
 0.638
 0.630
 0.610
 0.601
 0.596
 0.607
 0.644
 0.644
 0.610
 0.571
 0.613
 0.605
 0.589
 0.599
 0.613
 0.624
 0.582
 0.629
 0.660
 0.639
 0.576
 0.570
 0.574
 0.605
 0.644
 0.596
 0.624
 0.629
 0.611
 0.601
 0.533
 0.596
 0.620
 0.574
 0.608
 0.624
 0.601
 0.599
 0.613
 0.589
 0.582
 0.548
 0.598
 0.611
 0.574
 0.654
 0.629
 0.591
 0.639
 0.630
 0.635
 0.630
 0.593
 0.583
 0.605
 0.574
 0.583
 0.616
 0.621
 0.632
 0.601
 0.595
 0.561
 0.601
 0.595
 0.629
 0.599
 0.619
 0.589
 0.620
 0.595
 0.623
 0.593
 0.596
 0.621
 0.579
 0.602
 0.610
 0.607
 0.596
 0.635
 0.611
 0.595
 0.560
 0.604
 0.632
 0.611
 0.641
 0.644
 0.585
 0.626
 0.611
 0.611
 0.598
 0.599
 0.589
 0.583
 0.545
 0.595
 0.595
 0.592
 0.611
 0.607
 0.558
 0.596
 0.560
 0.611
 0.567
 0.608
 0.620
 0.627
 0.618
 0.654
 0.611
 0.546
 0.599
 0.624
 0.580
 0.576
 0.605
 0.613
 0.614
 0.554
 0.596
 0.633
 0.595
 0.613
 0.593
 0.614
 0.554
 0.630
 0.642
 0.601
 0.564
 0.552
 0.583
 0.596
 0.624
 0.607
 0.595
 0.564
 0.641
 0.598
 0.604
 0.586
 0.610
 0.614
 0.621
 0.591
 0.593
 0.623
 0.619
 0.619
 0.620
 0.617
 0.613
 0.616
 0.626
 0.610
 0.576
 0.574
 0.576
 0.563
 0.619
 0.580
 0.648
 0.579
 0.604
 0.576
 0.633
 0.605
 0.627
 0.614
 0.610
 0.635
 0.583
 0.627
 0.583
 0.582
 0.567
 0.591
 0.596
 0.568
 0.604
 0.599
 0.633
 0.608
 0.617
 0.596
 0.585
 0.649
 0.568
 0.591
 0.596
 0.616
 0.629
 0.616
 0.602
 0.598
 0.639
 0.585
 0.685
 0.602
 0.567
 0.627
 0.661
 0.604
 0.611
 0.630
 0.605
 0.571
 0.580
 0.613
 0.610
 0.611
 0.602
 0.607
 0.596
 0.611
 0.608
 0.627
 0.624
 0.592
 0.566
 0.613
 0.610
 0.614
 0.589
 0.652
 0.608
 0.599
 0.604
 0.633
 0.629
 0.607
 0.623
 0.635
 0.623
 0.530
 0.614
 0.567
 0.608
 0.554
 0.623
 0.635
 0.582
 0.580
 0.590
 0.599
 0.601
 0.577
 0.604
 0.566
 0.632
 0.602
 0.588
 0.610
 0.614
 0.680
 0.630
 0.626
 0.633
 0.601
 0.605
 0.614
 0.633
 0.632
 0.611
 0.620
 0.599
 0.617
 0.616
 0.616
 0.610
 0.630
 0.573
 0.608
 0.568
 0.586
 0.568
 0.621
 0.592
 0.598
 0.604
 0.568
 0.601
 0.607
 0.619
 0.582
 0.571
 0.685
 0.626
 0.583
 0.613
 0.602
 0.599
 0.635
 0.598
 0.543
 0.591
 0.576
 0.561
 0.586
 0.598
 0.648
 0.613
 0.626
 0.624
 0.570
 0.621
 0.623
 0.601
 0.649
 0.630
 0.619
 0.619
 0.573
 0.620
 0.629
 0.607
 0.626
 0.589
 0.549
 0.627
 0.629
 0.599
 0.614
 0.623
 0.582
 0.599
 0.639
 0.611
 0.589
 0.582
 0.602
 0.598
 0.598
 0.601
 0.535
 0.580
 0.589
 0.608
 0.582
 0.611
 0.613
 0.602
 0.554
 0.577
 0.593
 0.633
 0.604
 0.611
 0.657
 0.644
 0.601
 0.580
 0.635
 0.576
 0.571
 0.554
 0.605
 0.611
 0.560
 0.574
 0.583
 0.599
 0.614
 0.596
 0.590
 0.577
 0.576
 0.570
 0.589
 0.619
 0.576
 0.608
 0.613
 0.591
 0.604
 0.558
 0.591
 0.579
 0.596
 0.611
 0.638
 0.602
 0.605
 0.604
 0.602
 0.620
 0.552
 0.611
 0.563
 0.621
 0.605
 0.595
 0.586
 0.614
 0.607
 0.595
 0.635
 0.624
 0.596
 0.592
 0.611
 0.605
 0.582
 0.638
 0.591
 0.605
 0.574
 0.626
 0.583
 0.651
 0.610
 0.626
 0.592
 0.592
 0.602
 0.632
 0.592
 0.599
 0.596
 0.633
 0.579
 0.535
 0.617
 0.598
 0.661
 0.561
 0.592
 0.573
 0.605
 0.604
 0.610
 0.563
 0.577
 0.586
 0.624
 0.576
 0.577
 0.588
 0.608
 0.585
 0.657
 0.607
 0.566
 0.591
 0.591
 0.618
 0.616
 0.576
 0.585
 0.593
 0.614
 0.558
 0.586
 0.589
 0.630
 0.577
 0.570
 0.598
 0.579
 0.573
 0.624
 0.607
 0.601
 0.567
 0.624
 0.611
 0.616
 0.580
 0.582
 0.607
 0.620
 0.586
 0.611
 0.619
 0.608
 0.595
 0.555
 0.588
 0.576
 0.577
 0.630
 0.601
 0.599
 0.610
 0.629
 0.595
 0.604
 0.583
 0.577
 0.602
 0.635
 0.602
 0.661
 0.591
 0.573
 0.552
 0.586
 0.608
 0.583
 0.624
 0.592
 0.589
 0.644
 0.573
 0.592
 0.601
 0.579
 0.654
 0.605
 0.651
 0.623
 0.604
 0.624
 0.599
 0.596
 0.611
 0.592
 0.589
 0.545
 0.611
 0.605
 0.541
 0.567
 0.627
 0.574
 0.585
 0.593
 0.623
 0.576
 0.567
 0.626
 0.630
 0.577
 0.596
 0.580
 0.648
 0.661
 0.626
 0.554
 0.608
 0.588
 0.605
 0.620
 0.619
 0.601
 0.616
 0.585
 0.624
 0.633
 0.620
 0.545
 0.598
 0.599
 0.585
 0.570
 0.551
 0.582
 0.655
 0.595
 0.592
 0.604
 0.673
 0.588
 0.627
 0.626
 0.624
 0.613
 0.577
 0.555
 0.632
 0.620
 0.623
 0.602
 0.596
 0.614
 0.642
 0.561
 0.632
 0.613
 0.598
 0.582
 0.605
 0.616
 0.598
 0.623
 0.629
 0.601
 0.566
 0.567
 0.574
 0.577
 0.624
 0.613
 0.588
 0.613
 0.592
 0.666
 0.633
 0.549
 0.589
 0.588
 0.620
 0.585
 0.589
 0.613
 0.592
 0.601
 0.639
 0.585
 0.571
 0.591
 0.589
 0.589
 0.636
 0.620
 0.576
 0.593
 0.583
 0.610
 0.570
 0.565
 0.608
 0.580
 0.607
 0.598
 0.627
 0.633
 0.629
 0.616
 0.655
 0.627
 0.540
 0.633
 0.591
 0.629
 0.639
 0.580
 0.580
 0.599
 0.620
 0.630
 0.599
 0.582
 0.641
 0.598
 0.602
 0.586
 0.644
 0.573
 0.619
 0.605
 0.577
 0.596
 0.616
 0.607
 0.623
 0.611
 0.593
 0.608
 0.629
 0.616
 0.604
 0.566
 0.592
 0.630
 0.614
 0.614
 0.542
 0.568
 0.641
 0.608
 0.605
 0.582
 0.586
 0.555
 0.580
 0.588
 0.621
 0.617
 0.576
 0.602
 0.560
 0.620
 0.639
 0.591
 0.652
 0.593
 0.610
 0.608
 0.555
 0.595
 0.605
 0.618
 0.607
 0.630
 0.614
 0.619
 0.604
 0.598
 0.645
 0.601
 0.607
 0.623
 0.601
 0.588
 0.630
 0.621
 0.593
 0.626
 0.566
 0.561
 0.582
 0.583
 0.647
 0.596
 0.651
 0.555
 0.571
 0.627
 0.614
 0.601
 0.586
 0.588
 0.580
 0.616
 0.561
 0.601
 0.596
 0.580
 0.613
 0.558
 0.613
 0.596
 0.661
 0.645
 0.594
 0.586
 0.630
 0.601
 0.614
 0.621
 0.614
 0.607
 0.589
 0.635
 0.624
 0.636
 0.618
 0.592
 0.623
 0.598
 0.617
 0.599
 0.585
 0.561
 0.639
 0.635
 0.599
 0.533
 0.605
 0.630
 0.605
 0.564
 0.605
 0.661
 0.602
 0.652
 0.596
 0.604
 0.645
 0.648
 0.623
 0.586
 0.608
 0.604
 0.573
 0.588
 0.598
 0.630
 0.598
 0.602
 0.561
 0.546
 0.607
 0.638
 0.555
 0.565
 0.589
 0.579
 0.593
 0.558
 0.595
 0.595
 0.638
 0.630
 0.596
 0.601
 0.608
 0.579
 0.623
 0.568
 0.614
 0.604
 0.607
 0.593
 0.598
 0.595
 0.627
 0.642
 0.593
 0.580
 0.607
 0.598
 0.604
 0.604
 0.639
 0.598
 0.605
 0.633
 0.635
 0.648
 0.582
 0.589
 0.614
 0.624
 0.599
 0.593
 0.644
 0.558
 0.540
 0.571
 0.645
 0.611
 0.623
 0.589
 0.605
 0.586
 0.605
 0.620
 0.586
 0.608
 0.594
 0.579
 0.641
 0.610
 0.596
 0.577
 0.621
 0.563
 0.630
 0.613
 0.611
 0.568
 0.605
 0.608
 0.632
 0.579
 0.610
 0.566
 0.620
 0.608
 0.633
 0.567
 0.580
 0.610
 0.614
 0.607
 0.605
 0.610
 0.564
 0.602
 0.596
 0.577
 0.607
 0.570
 0.602
 0.626
 0.585
 0.573
 0.580
 0.633
 0.598
 0.604
 0.583
 0.583
 0.593
 0.589
 0.601
 0.568
 0.563
 0.604
 0.602
 0.613
 0.611
 0.585
 0.602
 0.596
 0.651
 0.607
 0.576
 0.601
 0.623
 0.639
 0.566
 0.570
 0.545
 0.592
 0.623
 0.592
 0.638
 0.591
 0.591
 0.588
 0.589
 0.595
 0.570
 0.613
 0.626
 0.580
 0.598
 0.616
 0.560
 0.602
 0.594
 0.580
 0.579
 0.608
 0.624
 0.661
 0.619
 0.611
 0.648
 0.613
 0.626
 0.601
 0.621
 0.605
 0.592
 0.630
 0.598
 0.582
 0.557
 0.576
 0.595
 0.570
 0.614
 0.585
 0.616
 0.582
 0.557
 0.602
 0.613
 0.573
 0.611
 0.604
 0.598
 0.620
 0.624
 0.601
 0.607
 0.552
 0.594
 0.617
 0.620
 0.644
 0.568
 0.614
 0.568
 0.599
 0.632
 0.571
 0.576
 0.585
 0.593
 0.604
 0.604
 0.552
 0.576
 0.629
 0.614
 0.641
 0.620
 0.588
 0.608
 0.611
 0.574
 0.582
 0.623
 0.580
 0.601
 0.621
 0.580
 0.629
 0.632
 0.568
 0.605
 0.617
 0.589
 0.611
 0.579
 0.568
 0.613
 0.601
 0.610
 0.591
 0.565
 0.577
 0.561
 0.598
 0.604
 0.602
 0.567
 0.602
 0.591
 0.604
 0.580
 0.623
 0.633
 0.589
 0.577
 0.601
 0.598
 0.549
 0.574
 0.602
 0.586
 0.601
 0.611
 0.626
 0.565
 0.611
 0.598
 0.573
 0.645
 0.616
 0.610
 0.614
 0.627
 0.602
 0.589
 0.585
 0.599
 0.595
 0.598
 0.570
 0.567
 0.605
 0.589
 0.619
 0.607
 0.573
 0.605
 0.610
 0.616
 0.568
 0.641
 0.585
 0.619
 0.616
 0.596
 0.591
 0.614
 0.601
 0.599
 0.596
 0.591
 0.605
 0.626
 0.568
 0.558
 0.607
 0.619
 0.548
 0.602
 0.582
 0.567
 0.624
 0.617
 0.588
 0.616
 0.608
 0.607
 0.630
 0.608
 0.577
 0.630
 0.619
 0.604
 0.583
 0.664
 0.610
 0.626
 0.641
 0.627
 0.583
 0.624
 0.602
 0.596
 0.626
 0.548
 0.641
 0.551
 0.589
 0.610
 0.629
 0.596
 0.604
 0.582
 0.623
 0.604
 0.652
 0.576
 0.601
 0.621
 0.558
 0.574
 0.593
 0.591
 0.602
 0.619
 0.596
 0.580
 0.610
 0.598
 0.570
 0.595
 0.601
 0.574
 0.568
 0.590
 0.605
 0.567
 0.649
 0.585
 0.604
 0.596
 0.591
 0.618
 0.579
 0.592
 0.573
 0.577
 0.599
 0.601
 0.582
 0.611
 0.626
 0.629
 0.621
 0.605
 0.630
 0.598
 0.589
 0.623
 0.595
 0.573
 0.605
 0.564
 0.598
 0.599
 0.619
 0.570
 0.598
 0.623
 0.535
 0.642
 0.604
 0.617
 0.619
 0.582
 0.614
 0.604
 0.586
 0.627
 0.576
 0.614
 0.560
 0.639
 0.585
 0.608
 0.596
 0.588
 0.596
 0.570
 0.564
 0.639
 0.616
 0.605
 0.604
 0.626
 0.592
 0.596
 0.586
 0.632
 0.591
 0.610
 0.579
 0.633
 0.596
 0.588
 0.633
 0.539
 0.638
 0.608
 0.574
 0.586
 0.591
 0.621
 0.627
 0.614
 0.601
 0.602
 0.645
 0.604
 0.588
 0.620
 0.560
 0.611
 0.592
 0.601
 0.604
 0.598
 0.621
 0.649
 0.599
 0.596
 0.567
 0.623
 0.582
 0.618
 0.586
 0.616
 0.610
 0.595
 0.561
 0.607
 0.614
 0.571
 0.614
 0.602
 0.599
 0.585
 0.639
 0.583
 0.607
 0.608
 0.633
 0.601
 0.598
 0.636
 0.554
 0.610
 0.564
 0.596
 0.582
 0.563
 0.658
 0.642
 0.599
 0.616
 0.610
 0.563
 0.608
 0.611
 0.554
 0.639
 0.607
 0.594
 0.588
 0.558
 0.617
 0.669
 0.618
 0.620
 0.601
 0.602
 0.641
 0.557
 0.577
 0.616
 0.605
 0.613
 0.619
 0.632
 0.607
 0.567
 0.599
 0.611
 0.574
 0.633
 0.607
 0.602
 0.601
 0.599
 0.594
 0.586
 0.623
 0.638
 0.613
 0.576
 0.629
 0.651
 0.591
 0.540
 0.616
 0.588
 0.607
 0.651
 0.577
 0.589
 0.573
 0.593
 0.614
 0.573
 0.629
 0.621
 0.620
 0.601
 0.616
 0.593
 0.610
 0.639
 0.629
 0.601
 0.592
 0.591
 0.610
 0.604
 0.576
 0.567
 0.614
 0.554
 0.567
 0.618
 0.596
 0.592
 0.551
 0.592
 0.632
 0.589
 0.579
 0.570
 0.542
 0.630
 0.644
 0.610
 0.627
 0.555
 0.629
 0.598
 0.616
 0.574
 0.602
 0.568
 0.621
 0.616
 0.589
 0.608
 0.595
 0.608
 0.593
 0.567
 0.586
 0.577
 0.580
 0.654
 0.635
 0.630
 0.611
 0.630
 0.566
 0.651
 0.555
 0.591
 0.613
 0.629
 0.596
 0.551
 0.624
 0.626
 0.592
 0.651
 0.613
 0.616
 0.658
 0.601
 0.594
 0.607
 0.605
 0.580
 0.598
 0.577
 0.576
 0.626
 0.605
 0.607
 0.620
 0.585
 0.620
 0.549
 0.555
 0.644
 0.571
 0.607
 0.592
 0.585
 0.592
 0.596
 0.641
 0.561
 0.614
 0.604
 0.607
 0.595
 0.596
 0.583
 0.596
 0.565
 0.574
 0.596
 0.577
 0.630
 0.632
 0.602
 0.602
 0.580
 0.599
 0.644
 0.635
 0.617
 0.604
 0.610
 0.582
 0.633
 0.592
 0.596
 0.592
 0.630
 0.617
 0.613
 0.617
 0.614
 0.635
 0.599
 0.630
 0.599
 0.607
 0.604
 0.591
 0.545
 0.582
 0.579
 0.611
 0.626
 0.580
 0.632
 0.596
 0.542
 0.564
 0.599
 0.676
 0.633
 0.616
 0.608
 0.649
 0.591
 0.613
 0.596
 0.555
 0.617
 0.617
 0.574
 0.586
 0.613
 0.617
 0.610
 0.595
 0.585
 0.613
 0.611
 0.618
 0.598
 0.595
 0.596
 0.610
 0.591
 0.564
 0.601
 0.630
 0.614
 0.602
 0.644
 0.596
 0.548
 0.604
 0.566
 0.601
 0.608
 0.535
 0.589
 0.583
 0.593
 0.566
 0.642
 0.614
 0.549
 0.583
 0.596
 0.618
 0.629
 0.593
 0.574
 0.649
 0.602
 0.629
 0.633
 0.602
 0.608
 0.621
 0.683
 0.564
 0.574
 0.579
 0.621
 0.573
 0.583
 0.568
 0.582
 0.571
 0.567
 0.660
 0.527
 0.592
 0.635
 0.591
 0.589
 0.610
 0.633
 0.583
 0.657
 0.563
 0.621
 0.573
 0.592
 0.588
 0.589
 0.598
 0.649
 0.620
 0.630
 0.593
 0.582
 0.574
 0.592
 0.616
 0.630
 0.613
 0.626
 0.620
 0.616
 0.571
 0.619
 0.580
 0.614
 0.610
 0.621
 0.574
 0.626
 0.617
 0.599
 0.605
 0.601
 0.592
 0.619
 0.551
 0.588
 0.593
 0.641
 0.588
 0.570
 0.574
 0.610
 0.617
 0.613
 0.583
 0.596
 0.623
 0.582
 0.571
 0.574
 0.613
 0.616
 0.580
 0.610
 0.595
 0.649
 0.608
 0.630
 0.595
 0.571
 0.620
 0.641
 0.610
 0.564
 0.627
 0.638
 0.580
 0.616
 0.583
 0.620
 0.580
 0.592
 0.651
 0.585
 0.574
 0.617
 0.632
 0.654
 0.596
 0.594
 0.574
 0.623
 0.635
 0.642
 0.598
 0.598
 0.613
 0.626
 0.608
 0.583
 0.558
 0.551
 0.635
 0.580
 0.592
 0.630
 0.611
 0.568
 0.604
 0.608
 0.601
 0.618
 0.565
 0.577
 0.586
 0.633
 0.610
 0.545
 0.651
 0.591
 0.607
 0.592
 0.617
 0.596
 0.602
 0.598
 0.605
 0.579
 0.574
 0.598
 0.601
 0.557
 0.613
 0.573
 0.595
 0.623
 0.614
 0.639
 0.619
 0.596
 0.624
 0.583
 0.611
 0.574
 0.561
 0.598
 0.601
 0.621
 0.586
 0.619
 0.610
 0.639
 0.611
 0.614
 0.592
 0.624
 0.630
 0.598
 0.592
 0.586
 0.626
 0.613
 0.607
 0.644
 0.535
 0.545
 0.604
 0.639
 0.598
 0.579
 0.592
 0.579
 0.614
 0.661
 0.526
 0.617
 0.598
 0.627
 0.573
 0.571
 0.598
 0.573
 0.548
 0.618
 0.654
 0.621
 0.613
 0.583
 0.574
 0.648
 0.551
 0.591
 0.591
 0.644
 0.582
 0.610
 0.585
 0.639
 0.588
 0.592
 0.582
 0.602
 0.616
 0.632
 0.576
 0.573
 0.580
 0.629
 0.644
 0.598
 0.595
 0.636
 0.586
 0.626
 0.613
 0.624
 0.617
 0.608
 0.583
 0.610
 0.630
 0.548
 0.608
 0.664
 0.595
 0.599
 0.626
 0.598
 0.598
 0.586
 0.605
 0.607
 0.585
 0.614
 0.617
 0.583
 0.610
 0.624
 0.605
 0.635
 0.616
 0.611
 0.596
 0.641
 0.589
 0.570
 0.614
 0.614
 0.595
 0.589
 0.589
 0.639
 0.645
 0.607
 0.627
 0.602
 0.644
 0.635
 0.602
 0.580
 0.624
 0.555
 0.623
 0.604
 0.601
 0.623
 0.598
 0.617
 0.635
 0.538
 0.561
 0.623
 0.564
 0.579
 0.644
 0.632
 0.632
 0.595
 0.608
 0.613
 0.619
 0.598
 0.617
 0.591
 0.596
 0.570
 0.598
 0.592
 0.619
 0.644
 0.617
 0.596
 0.635
 0.629
 0.586
 0.648
 0.558
 0.620
 0.651
 0.657
 0.582
 0.605
 0.588
 0.588
 0.607
 0.583
 0.646
 0.579
 0.599
 0.622
 0.586
 0.645
 0.623
 0.614
 0.613
 0.608
 0.632
 0.601
 0.617
 0.624
 0.602
 0.620
 0.617
 0.651
 0.602
 0.610
 0.623
 0.599
 0.667
 0.589
 0.589
 0.579
 0.602
 0.583
 0.613
 0.607
 0.598
 0.568
 0.621
 0.555
 0.592
 0.573
 0.621
 0.607
 0.577
 0.552
 0.595
 0.644
 0.607
 0.604
 0.617
 0.595
 0.598
 0.601
 0.576
 0.644
 0.616
 0.585
 0.591
 0.648
 0.645
 0.586
 0.577
 0.611
 0.608
 0.596
 0.567
 0.595
 0.560
 0.592
 0.589
 0.619
 0.596
 0.599
 0.632
 0.648
 0.632
 0.654
 0.580
 0.592
 0.583
 0.580
 0.661
 0.649
 0.585
 0.595
 0.543
 0.635
 0.648
 0.599
 0.599
 0.617
 0.583
 0.608
 0.582
 0.663
 0.552
 0.604
 0.566
 0.608
 0.639
 0.579
 0.573
 0.558
 0.624
 0.580
 0.616
 0.567
 0.577
 0.633
 0.639
 0.573
 0.644
 0.621
 0.607
 0.571
 0.624
 0.602
 0.566
 0.608
 0.620
 0.619
 0.621
 0.652
 0.607
 0.577
 0.576
 0.583
 0.608
 0.611
 0.585
 0.582
 0.582
 0.592
 0.574
 0.626
 0.613
 0.621
 0.627
 0.586
 0.577
 0.589
 0.607
 0.583
 0.633
 0.617
 0.574
 0.599
 0.602
 0.630
 0.610
 0.599
 0.624
 0.588
 0.608
 0.613
 0.570
 0.598
 0.645
 0.620
 0.561
 0.655
 0.571
 0.586
 0.580
 0.588
 0.619
 0.616
 0.605
 0.635
 0.564
 0.616
 0.595
 0.577
 0.591
 0.604
 0.592
 0.601
 0.573
 0.620
 0.607
 0.654
 0.592
 0.610
 0.621
 0.649
 0.664
 0.629
 0.582
 0.589
 0.595
 0.593
 0.616
 0.611
 0.582
 0.576
 0.573
 0.532
 0.548
 0.592
 0.618
 0.596
 0.593
 0.563
 0.633
 0.608
 0.629
 0.611
 0.579
 0.598
 0.574
 0.616
 0.599
 0.605
 0.580
 0.568
 0.568
 0.599
 0.624
 0.608
 0.599
 0.636
 0.644
 0.641
 0.616
 0.619
 0.617
 0.614
 0.580
 0.599
 0.557
 0.607
 0.613
 0.579
 0.616
 0.605
 0.608
 0.614
 0.595
 0.546
 0.629
 0.586
 0.614
 0.621
 0.595
 0.629
 0.599
 0.576
 0.611
 0.567
 0.592
 0.629
 0.620
 0.618
 0.627
 0.588
 0.586
 0.576
 0.648
 0.630
 0.593
 0.621
 0.605
 0.623
 0.571
 0.649
 0.638
 0.585
 0.608
 0.629
 0.635
 0.652
 0.577
 0.604
 0.551
 0.630
 0.619
 0.570
 0.626
 0.552
 0.604
 0.576
 0.602
 0.645
 0.601
 0.592
 0.583
 0.535
 0.608
 0.546
 0.617
 0.629
 0.573
 0.623
 0.574
 0.585
 0.621
 0.648
 0.604
 0.626
 0.576
 0.574
 0.582
 0.583
 0.596
 0.577
 0.595
 0.630
 0.591
 0.614
 0.602
 0.567
 0.567
 0.666
 0.589
 0.627
 0.624
 0.567
 0.593
 0.583
 0.632
 0.601
 0.613
 0.620
 0.624
 0.589
 0.627
 0.592
 0.661
 0.620
 0.599
 0.593
 0.595
 0.620
 0.629
 0.576
 0.586
 0.571
 0.617
 0.598
 0.619
 0.616
 0.596
 0.558
 0.661
 0.598
 0.577
 0.604
 0.588
 0.651
 0.602
 0.568
 0.571
 0.602
 0.599
 0.571
 0.599
 0.595
 0.577
 0.586
 0.629
 0.580
 0.585
 0.582
 0.563
 0.599
 0.585
 0.610
 0.629
 0.639
 0.594
 0.596
 0.652
 0.557
 0.604
 0.604
 0.598
 0.613
 0.630
 0.614
 0.595
 0.605
 0.636
 0.617
 0.599
 0.561
 0.604
 0.574
 0.545
 0.588
 0.610
 0.620
 0.632
 0.573
 0.608
 0.620
 0.593
 0.605
 0.588
 0.630
 0.557
 0.614
 0.629
 0.632
 0.580
 0.611
 0.617
 0.574
 0.604
 0.624
 0.589
 0.536
 0.592
 0.617
 0.626
 0.588
 0.608
 0.561
 0.608
 0.586
 0.592
 0.580
 0.608
 0.636
 0.591
 0.616
 0.548
 0.594
 0.579
 0.602
 0.583
 0.582
 0.599
 0.613
 0.624
 0.564
 0.624
 0.623
 0.565
 0.621
 0.598
 0.602
 0.591
 0.607
 0.580
 0.621
 0.613
 0.619
 0.608
 0.580
 0.607
 0.598
 0.571
 0.602
 0.588
 0.529
 0.583
 0.588
 0.621
 0.561
 0.580
 0.602
 0.593
 0.630
 0.589
 0.636
 0.596
 0.623
 0.626
 0.596
 0.636
 0.558
 0.607
 0.573
 0.586
 0.583
 0.586
 0.645
 0.580
 0.604
 0.617
 0.614
 0.589
 0.582
 0.561
 0.614
 0.633
 0.592
 0.551
 0.577
 0.598
 0.623
 0.592
 0.604
 0.604
 0.611
 0.599
 0.592
 0.598
 0.608
 0.602
 0.599
 0.623
 0.560
 0.561
 0.583
 0.573
 0.593
 0.627
 0.613
 0.601
 0.580
 0.593
 0.639
 0.610
 0.586
 0.619
 0.567
 0.588
 0.614
 0.596
 0.596
 0.604
 0.614
 0.632
 0.588
 0.596
 0.586
 0.618
 0.599
 0.621
 0.617
 0.602
 0.624
 0.542
 0.601
 0.592
 0.602
 0.616
 0.596
 0.580
 0.611
 0.608
 0.607
 0.595
 0.538
 0.611
 0.533
 0.585
 0.632
 0.598
 0.602
 0.621
 0.618
 0.595
 0.617
 0.580
 0.604
 0.614
 0.620
 0.610
 0.601
 0.586
 0.642
 0.601
 0.599
 0.576
 0.630
 0.630
 0.593
 0.626
 0.614
 0.574
 0.645
 0.635
 0.570
 0.636
 0.618
 0.610
 0.623
 0.577
 0.645
 0.638
 0.646
 0.648
 0.591
 0.602
 0.585
 0.620
 0.593
 0.646
 0.599
 0.591
 0.592
 0.593
 0.608
 0.580
 0.635
 0.601
 0.632
 0.623
 0.601
 0.596
 0.560
 0.636
 0.592
 0.632
 0.635
 0.610
 0.641
 0.592
 0.574
 0.592
 0.543
 0.660
 0.567
 0.583
 0.619
 0.561
 0.638
 0.571
 0.611
 0.635
 0.602
 0.613
 0.624
 0.543
 0.616
 0.585
 0.627
 0.605
 0.595
 0.620
 0.629
 0.582
 0.629
 0.604
 0.602
 0.638
 0.599
 0.646
 0.614
 0.604
 0.570
 0.608
 0.576
 0.580
 0.644
 0.617
 0.604
 0.576
 0.616
 0.607
 0.588
 0.555
 0.596
 0.629
 0.617
 0.595
 0.630
 0.586
 0.538
 0.535
 0.605
 0.622
 0.592
 0.610
 0.627
 0.599
 0.561
 0.614
 0.620
 0.664
 0.638
 0.607
 0.604
 0.602
 0.646
 0.633
 0.582
 0.583
 0.620
 0.617
 0.641
 0.592
 0.661
 0.598
 0.624
 0.626
 0.608
 0.573
 0.571
 0.607
 0.638
 0.608
 0.589
 0.595
 0.602
 0.574
 0.576
 0.582
 0.576
 0.566
 0.641
 0.577
 0.591
 0.579
 0.593
 0.555
 0.620
 0.592
 0.591
 0.604
 0.605
 0.604
 0.580
 0.629
 0.620
 0.616
 0.598
 0.630
 0.573
 0.599
 0.626
 0.582
 0.638
 0.599
 0.583
 0.646
 0.604
 0.574
 0.639
 0.568
 0.598
 0.630
 0.610
 0.632
 0.593
 0.567
 0.567
 0.579
 0.564
 0.613
 0.595
 0.651
 0.626
 0.586
 0.633
 0.580
 0.577
 0.583
 0.652
 0.632
 0.585
 0.566
 0.658
 0.580
 0.607
 0.641
 0.655
 0.607
 0.607
 0.585
 0.599
 0.627
 0.641
 0.542
 0.632
 0.561
 0.579
 0.579
 0.602
 0.580
 0.593
 0.588
 0.568
 0.641
 0.596
 0.593
 0.602
 0.589
 0.577
 0.592
 0.607
 0.658
 0.552
 0.588
 0.595
 0.602
 0.658
 0.560
 0.594
 0.574
 0.608
 0.599
 0.623
 0.624
 0.649
 0.592
 0.614
 0.602
 0.599
 0.636
 0.638
 0.629
 0.630
 0.619
 0.593
 0.599
 0.661
 0.577
 0.630
 0.627
 0.652
 0.618
 0.595
 0.588
 0.583
 0.626
 0.564
 0.598
 0.633
 0.617
 0.610
 0.623
 0.585
 0.576
 0.599
 0.588
 0.624
 0.571
 0.571
 0.591
 0.577
 0.633
 0.563
 0.617
 0.601
 0.611
 0.604
 0.595
 0.602
 0.580
 0.658
 0.599
 0.595
 0.620
 0.608
 0.636
 0.595
 0.593
 0.633
 0.601
 0.618
 0.646
 0.602
 0.616
 0.588
 0.605
 0.621
 0.586
 0.635
 0.621
 0.608
 0.620
 0.596
 0.593
 0.589
 0.592
 0.596
 0.642
 0.646
 0.632
 0.577
 0.573
 0.565
 0.586
 0.595
 0.583
 0.576
 0.605
 0.632
 0.596
 0.607
 0.565
 0.611
 0.598
 0.608
 0.626
 0.635
 0.602
 0.626
 0.607
 0.583
 0.596
 0.619
 0.648
 0.616
 0.619
 0.616
 0.596
 0.574
 0.602
 0.617
 0.639
 0.629
 0.602
 0.585
 0.585
 0.616
 0.605
 0.604
 0.598
 0.624
 0.573
 0.529
 0.596
 0.563
 0.607
 0.595
 0.632
 0.557
 0.579
 0.598
 0.610
 0.664
 0.595
 0.585
 0.618
 0.608
 0.601
 0.635
 0.583
 0.586
 0.568
 0.593
 0.571
 0.585
 0.565
 0.592
 0.617
 0.579
 0.549
 0.535
 0.561
 0.596
 0.554
 0.593
 0.573
 0.608
 0.585
 0.620
 0.576
 0.586
 0.624
 0.595
 0.610
 0.617
 0.599
 0.630
 0.567
 0.568
 0.608
 0.571
 0.571
 0.588
 0.582
 0.585
 0.636
 0.624
 0.602
 0.591
 0.576
 0.602
 0.589
 0.639
 0.604
 0.583
 0.574
 0.582
 0.588
 0.596
 0.586
 0.579
 0.617
 0.570
 0.626
 0.611
 0.607
 0.595
 0.619
 0.601
 0.564
 0.604
 0.564
 0.546
 0.594
 0.647
 0.589
 0.598
 0.633
 0.583
 0.599
 0.571
 0.602
 0.621
 0.610
 0.613
 0.633
 0.605
 0.599
 0.641
 0.576
 0.611
 0.571
 0.599
 0.593
 0.596
 0.582
 0.623
 0.630
 0.632
 0.564
 0.580
 0.577
 0.633
 0.608
 0.616
 0.616
 0.607
 0.596
 0.564
 0.623
 0.598
 0.654
 0.611
 0.592
 0.626
 0.641
 0.626
 0.555
 0.577
 0.563
 0.567
 0.638
 0.570
 0.582
 0.588
 0.633
 0.580
 0.617
 0.570
 0.602
 0.629
 0.577
 0.613
 0.595
 0.651
 0.576
 0.577
 0.589
 0.580
 0.627
 0.602
 0.571
 0.624
 0.591
 0.619
 0.573
 0.574
 0.579
 0.593
 0.620
 0.608
 0.621
 0.694
 0.601
 0.605
 0.605
 0.613
 0.605
 0.563
 0.616
 0.558
 0.614
 0.591
 0.558
 0.594
 0.633
 0.599
 0.601
 0.624
 0.582
 0.618
 0.568
 0.610
 0.613
 0.660
 0.621
 0.599
 0.589
 0.607
 0.582
 0.595
 0.638
 0.592
 0.629
 0.613
 0.602
 0.582
 0.619
 0.636
 0.593
 0.607
 0.616
 0.613
 0.642
 0.589
 0.595
 0.580
 0.633
 0.607
 0.599
 0.571
 0.598
 0.567
 0.593
 0.654
 0.620
 0.580
 0.595
 0.594
 0.586
 0.580
 0.664
 0.588
 0.611
 0.598
 0.611
 0.642
 0.582
 0.605
 0.633
 0.620
 0.610
 0.588
 0.582
 0.564
 0.568
 0.591
 0.598
 0.586
 0.654
 0.666
 0.638
 0.611
 0.617
 0.644
 0.642
 0.583
 0.573
 0.645
 0.602
 0.654
 0.588
 0.605
 0.582
 0.591
 0.645
 0.592
 0.619
 0.599
 0.552
 0.592
 0.574
 0.636
 0.611
 0.595
 0.623
 0.604
 0.613
 0.573
 0.621
 0.577
 0.635
 0.598
 0.644
 0.619
 0.585
 0.663
 0.624
 0.585
 0.563
 0.626
 0.633
 0.616
 0.611
 0.583
 0.607
 0.635
 0.598
 0.573
 0.613
 0.613
 0.570
 0.604
 0.604
 0.586
 0.614
 0.577
 0.607
 0.641
 0.617
 0.568
 0.621
 0.602
 0.591
 0.629
 0.629
 0.592
 0.669
 0.645
 0.630
 0.593
 0.590
 0.586
 0.623
 0.592
 0.621
 0.639
 0.610
 0.580
 0.592
 0.629
 0.613
 0.589
 0.638
 0.568
 0.608
 0.601
 0.565
 0.598
 0.563
 0.616
 0.605
 0.607
 0.636
 0.605
 0.639
 0.611
 0.636
 0.585
 0.620
 0.588
 0.601
 0.548
 0.599
 0.624
 0.596
 0.604
 0.589
 0.620
 0.586
 0.607
 0.576
 0.623
 0.599
 0.605
 0.570
 0.621
 0.605
 0.644
 0.605
 0.632
 0.626
 0.568
 0.672
 0.558
 0.577
 0.626
 0.608
 0.614
 0.598
 0.624
 0.591
 0.607
 0.639
 0.589
 0.641
 0.576
 0.555
 0.608
 0.595
 0.627
 0.596
 0.601
 0.633
 0.574
 0.592
 0.588
 0.596
 0.599
 0.596
 0.602
 0.616
 0.592
 0.591
 0.589
 0.551
 0.596
 0.630
 0.564
 0.579
 0.571
 0.644
 0.588
 0.608
 0.607
 0.604
 0.613
 0.624
 0.630
 0.589
 0.613
 0.598
 0.573
 0.564
 0.571
 0.593
 0.627
 0.617
 0.624
 0.588
 0.598
 0.605
 0.586
 0.614
 0.647
 0.535
 0.598
 0.610
 0.636
 0.563
 0.608
 0.602
 0.593
 0.580
 0.623
 0.567
 0.577
 0.591
 0.620
 0.605
 0.621
 0.571
 0.605
 0.614
 0.621
 0.627
 0.598
 0.613
 0.610
 0.601
 0.635
 0.630
 0.593
 0.574
 0.616
 0.616
 0.560
 0.635
 0.607
 0.683
 0.626
 0.579
 0.608
 0.632
 0.635
 0.601
 0.630
 0.663
 0.558
 0.582
 0.574
 0.560
 0.639
 0.593
 0.588
 0.648
 0.616
 0.666
 0.602
 0.596
 0.641
 0.596
 0.604
 0.644
 0.621
 0.602
 0.568
 0.605
 0.624
 0.599
 0.573
 0.573
 0.589
 0.588
 0.585
 0.586
 0.567
 0.591
 0.585
 0.601
 0.560
 0.645
 0.601
 0.599
 0.580
 0.607
 0.561
 0.599
 0.635
 0.604
 0.611
 0.616
 0.613
 0.580
 0.663
 0.563
 0.576
 0.602
 0.602
 0.619
 0.632
 0.574
 0.621
 0.593
 0.617
 0.613
 0.555
 0.588
 0.642
 0.633
 0.576
 0.588
 0.626
 0.576
 0.598
 0.590
 0.627
 0.593
 0.585
 0.576
 0.570
 0.660
 0.599
 0.565
 0.627
 0.555
 0.626
 0.577
 0.619
 0.621
 0.621
 0.619
 0.582
 0.586
 0.629
 0.613
 0.635
 0.558
 0.627
 0.593
 0.577
 0.630
 0.614
 0.594
 0.577
 0.598
 0.616
 0.616
 0.610
 0.589
 0.599
 0.598
 0.589
 0.599
 0.580
 0.613
 0.596
 0.620
 0.591
 0.568
 0.623
 0.611
 0.614
 0.620
 0.576
 0.641
 0.599
 0.620
 0.593
 0.627
 0.610
 0.568
 0.593
 0.607
 0.607
 0.633
 0.601
 0.589
 0.617
 0.588
 0.610
 0.592
 0.602
 0.601
 0.636
 0.586
 0.598
 0.573
 0.635
 0.573
 0.648
 0.543
 0.639
 0.626
 0.629
 0.554
 0.624
 0.616
 0.599
 0.638
 0.602
 0.602
 0.599
 0.566
 0.561
 0.598
 0.614
 0.604
 0.639
 0.621
 0.565
 0.585
 0.592
 0.623
 0.620
 0.589
 0.588
 0.601
 0.595
 0.605
 0.554
 0.658
 0.607
 0.636
 0.607
 0.616
 0.571
 0.580
 0.657
 0.649
 0.583
 0.586
 0.596
 0.583
 0.605
 0.620
 0.545
 0.614
 0.563
 0.633
 0.596
 0.610
 0.567
 0.652
 0.596
 0.591
 0.599
 0.607
 0.568
 0.624
 0.601
 0.633
 0.605
 0.577
 0.633
 0.617
 0.610
 0.601
 0.599
 0.651
 0.586
 0.669
 0.577
 0.623
 0.623
 0.611
 0.598
 0.624
 0.624
 0.616
 0.576
 0.611
 0.549
 0.585
 0.610
 0.618
 0.604
 0.608
 0.636
 0.566
 0.613
 0.644
 0.611
 0.599
 0.589
 0.586
 0.593
 0.601
 0.613
 0.613
 0.596
 0.596
 0.595
 0.588
 0.688
 0.585
 0.598
 0.608
 0.618
 0.614
 0.635
 0.571
 0.636
 0.568
 0.613
 0.599
 0.629
 0.607
 0.596
 0.563
 0.568
 0.608
 0.588
 0.586
 0.602
 0.641
 0.611
 0.592
 0.604
 0.554
 0.602
 0.560
 0.632
 0.571
 0.630
 0.638
 0.616
 0.604
 0.598
 0.568
 0.614
 0.620
 0.591
 0.579
 0.670
 0.568
 0.627
 0.598
 0.565
 0.583
 0.604
 0.620
 0.588
 0.574
 0.593
 0.614
 0.595
 0.614
 0.602
 0.589
 0.598
 0.626
 0.601
 0.592
 0.577
 0.586
 0.652
 0.660
 0.604
 0.661
 0.586
 0.577
 0.589
 0.627
 0.632
 0.601
 0.561
 0.614
 0.601
 0.627
 0.586
 0.593
 0.601
 0.623
 0.588
 0.635
 0.621
 0.617
 0.667
 0.611
 0.599
 0.579
 0.573
 0.598
 0.571
 0.641
 0.573
 0.576
 0.601
 0.642
 0.627
 0.664
 0.576
 0.604
 0.624
 0.585
 0.619
 0.623
 0.591
 0.617
 0.610
 0.613
 0.641
 0.594
 0.567
 0.574
 0.589
 0.585
 0.591
 0.582
 0.580
 0.648
 0.577
 0.616
 0.589
 0.623
 0.586
 0.582
 0.577
 0.608
 0.586
 0.557
 0.641
 0.613
 0.648
 0.636
 0.611
 0.648
 0.577
 0.596
 0.604
 0.641
 0.557
 0.604
 0.598
 0.623
 0.589
 0.614
 0.580
 0.618
 0.592
 0.610
 0.585
 0.577
 0.611
 0.645
 0.585
 0.595
 0.602
 0.567
 0.573
 0.654

