0.3399713427930995 1
0.34283840374308655 1
0.35733866413436133 1
0.36191289282733163 1
0.36308339768235237 1
0.3641207117539764 1
0.36444265199967574 1
0.36470878667516715 1
0.3650902093575222 1
0.36691164264614123 1
0.3684213238073166 1
0.37000036433213923 1
0.3710486991255384 1
0.37128489788367536 1
0.3732012078761088 1
0.3736718050484032 1
0.3741451562736538 1
0.37493511327821466 1
0.37734209859927503 1
0.3774843241880299 1
0.37834990305226496 1
0.3794754371419137 1
0.38184253146529856 1
0.38202102826215645 1
0.38213737243026236 1
0.3825061965112183 1
0.38263344093901 1
0.3839000551184095 1
0.38488942802049375 1
0.3849612760095523 1
0.3850434716895614 1
0.38585388356297545 1
0.385930974719773 1
0.3868237238456376 1
0.38779674017278437 1
0.387813720753616 1
0.38787793562289713 1
0.38790474087742416 1
0.388057497037906 1
0.3881751110034791 1
0.3891977145476771 1
0.38923030561348937 1
0.39016248234020945 1
0.39018849454561183 1
0.39079141835872955 1
0.39081762398509734 1
0.3910894588357338 1
0.3919642070683142 1
0.3920806317404646 1
0.3923628701601773 1
0.39273840586254716 1
0.393028142633313 1
0.39307205621076974 1
0.393091326218005 1
0.3933109608588265 1
0.39355453660162093 1
0.3943150911647838 1
0.39480871304597714 1
0.3953757921293133 1
0.39593985492396294 1
0.3960350950286921 1
0.3970117027121598 1
0.39709498170327706 1
0.397121001040431 1
0.39733380991957823 1
0.3975348930643501 1
0.39798271759256687 1
0.3980216166007316 1
0.3981375334284691 1
0.39821828708154766 1
0.398457354246346 1
0.3984806488921475 1
0.3985246609272204 1
0.39881759124654054 1
0.39884431518262603 1
0.399101757363364 1
0.39939659035663155 1
0.3994563654753754 1
0.40010796675910887 1
0.40022540842748205 1
0.40059829438990063 1
0.4011714914975738 1
0.4013458885685175 1
0.40214268945346066 1
0.4021563560749542 1
0.4022902997906317 1
0.40230366593768124 1
0.40266453103961203 1
0.4031831123895096 1
0.4035065944724239 1
0.4038185527664585 1
0.4048508807888281 1
0.4049549885932708 1
0.4051432025572344 1
0.4052375345832015 1
0.4053868027586921 1
0.4058125429758611 1
0.40606037795127164 1
0.4065152329082488 1
0.40655705176720924 1
0.4066767470891688 1
0.40689561619684594 1
0.40714369226146485 1
0.40752838194135454 1
0.40753246930927695 1
0.40759057190722925 1
0.40774530378025053 1
0.4084854253827242 1
0.4087672134414646 1
0.4088312946636849 1
0.4093676486783114 1
0.40950892826060686 1
0.40988244471600055 1
0.40990813806354554 1
0.41010594141559487 1
0.4104254057993084 1
0.4108403848605067 1
0.4116000220680172 1
0.4123192439853864 1
0.4126919581162447 1
0.4128342388913124 1
0.412985266385568 1
0.4131026017149666 1
0.4134539319799769 1
0.41347624453850934 1
0.4137628617699127 1
0.41380080184764606 1
0.41404909122661543 1
0.41419556544390873 1
0.41432923713956876 1
0.41497171473958616 1
0.41552957451390776 1
0.41564790238086585 1
0.4158782210084854 1
0.41591389211162905 1
0.4164336587531464 1
0.41655501167116 1
0.4165699319184452 1
0.41657910054262826 1
0.4171315356823908 1
0.4173033017107686 1
0.4179342084689142 1
0.418170992618256 1
0.4186630766212882 1
0.4204369150067167 1
0.4204530692083114 1
0.4214398017577604 1
0.4214929845779763 1
0.4218029580812069 1
0.421859624362886 1
0.42198216053054166 1
0.4228251945022675 1
0.4236805486866267 1
0.4238576380088218 1
0.4245132670056251 1
0.42516477325961705 1
0.4252888566729945 1
0.4270116884670121 1
0.42752258644821167 1
0.427895125983216 1
0.42839941610261834 1
0.4285592481291963 1
0.4287343644392223 1
0.42877939569563295 1
0.42994979209485246 1
0.4308351512938378 1
0.43084239103246175 1
0.43090784921734726 1
0.4311879787827856 1
0.4316379317151472 1
0.4328880206615122 1
0.43356247036194673 1
0.4340009302609773 1
0.43428068917792406 1
0.43436317050729056 1
0.43461940008857414 1
0.43632745321529837 1
0.43732866700912093 1
0.43740962540702527 1
0.4377626163906399 1
0.4377663264139376 1
0.43951513052721497 1
0.43955535915679456 1
0.44047773163129106 1
0.44168563366006913 1
0.4417614852196621 1
0.4424080089843928 1
0.4431395609881024 1
0.4433685257985163 1
0.4437152454124906 1
0.4447031718491246 1
0.44517093723266127 1
0.4458893634177015 1
0.446378615615455 1
0.446489639646907 1
0.44675524405306405 1
0.44979009586720686 1
0.44994989761423054 1
0.45078006611037014 1
0.4724819165171622 1
