0 56
0 38
0 52
0 56
0 54
0 34
0 38
0 36
0 33
0 43
0 35
0 40
0 47
0 35
0 47
0 55
0 37
0 42
0 46
0 46
0 37
0 59
0 53
0 44
0 47
0 42
0 42
0 45
0 38
0 50
0 42
0 46
0 53
0 43
0 43
0 37
0 41
0 31
0 38
0 44
0 36
0 49
0 53
0 46
0 33
0 43
0 51
0 40
0 46
0 44
0 48
0 50
0 45
0 33
0 33
0 34
0 44
0 38
0 43
0 35
0 37
0 37
0 37
0 50
0 42
0 43
0 27
0 42
0 49
0 55
0 40
0 51
0 40
0 38
0 48
0 42
0 35
0 43
0 30
0 37
0 39
0 38
0 40
0 36
0 48
0 59
0 51
0 34
0 51
0 35
0 53
0 43
0 55
0 40
0 44
0 47
0 28
0 36
0 48
0 39
0 47
0 57
0 44
0 41
0 51
0 53
0 40
0 36
0 53
0 44
0 47
0 44
0 44
0 32
0 41
0 47
0 47
0 41
0 34
0 55
0 39
0 34
0 43
0 43
0 44
0 35
0 57
0 40
0 39
0 37
0 46
0 36
0 49
0 37
0 29
0 41
0 44
0 44
0 33
0 35
0 41
0 41
0 42
0 46
0 41
0 43
0 52
0 41
0 40
0 45
0 34
0 45
0 28
0 52
0 42
0 34
0 36
0 56
0 39
0 41
0 35
0 41
0 46
0 37
0 34
0 39
0 41
0 46
0 33
0 51
0 39
0 37
0 40
0 32
0 40
0 38
0 56
0 44
0 43
0 49
0 44
0 46
0 45
0 37
0 27
0 29
0 39
0 41
0 46
0 44
0 38
0 46
0 45
0 46
0 47
0 50
0 43
0 47
0 46
0 33
