0.3830867417009561 1
0.39337904631414616 1
0.4080741785346237 1
0.4169179141415704 1
0.42133978194504396 1
0.4257616497485174 1
0.4448976899686542 1
0.461079471587747 1
0.47139081639712294 1
0.5273313278551046 1
0.5273503680512905 1
0.5288179772537197 1
0.5317722358547639 1
0.5538434944797593 1
0.5626681898905201 1
0.5670900576939936 1
0.571511925497467 1
0.5935831841224624 1
0.6024269197294091 1
0.6215439197533602 1
0.6289200461578779 1
0.649523695580444 1
0.6539455633839174 1
0.6568807817887757 1
0.6745492128064834 1
0.6819253392110011 1
0.6863281668182885 1
0.6966204714314785 1
0.6995937702287087 1
0.7039965978359962 1
0.7054642070384254 1
0.7187107702526596 1
0.723132638056133 1
0.731957333466894 1
0.7349115920679381 1
0.7378658506689822 1
0.7510933736870307 1
0.7599371092939775 2
0.7687998850971102 1
0.7732027127043977 1
0.7732027127043978 1
0.7761569713054419 1
0.7820464483113444 1
0.7834950173175877 1
0.7864492759186319 1
0.7879168851210612 1
0.7879359253172471 1
0.7894035345196763 1
0.7908521035259194 1
0.7908711437221053 1
0.7923387529245345 1
0.7967606207280079 2
0.7996958391328662 2
0.8026310575377245 1
0.8070529253411979 1
0.8070719655373838 1
0.8085205345436272 1
0.808539574739813 1
0.8114747931446713 1
0.8114938333408572 1
0.8158966609481447 1
0.8173642701505739 2
0.817364270150574 1
0.818831879353003 1
0.8217861379540473 1
0.8232537471564764 1
0.8247403965550915 1
0.8262080057575207 1
0.8276756149599498 1
0.830610833364808 1
0.8320974827634232 1
0.8350517413644674 1
0.8350517413644676 1
0.8379679195731398 1
0.8379869597693258 2
0.842408827572799 1
0.8453440459776574 2
0.8482983045787017 1
0.8497659137811309 1
0.8512335229835599 1
0.852720172382175 1
0.8541877815846042 1
0.8556553907870333 1
0.8556744309832193 1
0.8571420401856484 2
0.8586096493880777 1
0.8586286895842634 1
0.8586477297804493 1
0.8600772585905067 2
0.8600772585905068 1
0.8615448677929359 2
0.8615639079891219 1
0.8615829481853078 1
0.863012476995365 1
0.8630315171915509 1
0.8630315171915511 1
0.8644800861977942 1
0.864537206786352 1
0.8659857757925953 2
0.8674533849950243 1
0.8674533849950246 1
0.8674724251912103 2
0.8674914653873961 1
0.8674914653873962 1
0.8689209941974536 1
0.8703886033998828 1
0.8704076435960687 1
0.8704266837922546 1
0.8718562126023118 1
0.8718752527984978 2
0.8718942929946837 4
0.8733619021971128 1
0.8733809423932989 1
0.8748104712033562 1
0.8748295113995419 3
0.8748295113995421 1
0.874848551595728 5
0.8762780804057853 2
0.8762971206019712 1
0.8763161607981571 6
0.8777647298044003 1
0.8777837700005863 4
0.8778028101967722 2
0.8792323390068294 1
0.8792323390068296 1
0.8792513792030153 7
0.8792704193992013 4
0.8792704193992015 2
0.8806999482092587 1
0.8807189884054445 5
0.8807189884054446 4
0.8807380286016304 2
0.8807380286016305 5
0.8821675574116878 1
0.8821865976078737 2
0.8821865976078738 1
0.8821865976078739 1
0.8822056378040596 2
0.8822056378040597 10
0.8822056378040598 2
0.8822246780002456 1
0.8822246780002457 1
0.8836542068103027 1
0.8836542068103028 6
0.883654206810303 1
0.8836732470064887 16
0.883673247006489 3
0.8836922872026747 5
0.8836922872026749 1
0.885121816012732 1
0.8851408562089179 9
0.885140856208918 5
0.8851598964051038 6
0.885159896405104 4
0.8865894252151612 1
0.8866084654113471 6
0.8866084654113472 8
0.886627505607533 5
0.8866275056075331 21
0.8880760746137761 2
0.8880760746137762 2
0.8880760746137765 1
0.8880951148099621 5
0.8880951148099622 38
0.8880951148099624 6
0.8881141550061481 2
0.8895436838162054 3
0.8895627240123913 28
0.8895627240123914 13
0.8895817642085773 10
0.8895817642085774 9
0.8910303332148204 21
0.8910303332148206 22
0.8910303332148207 1
0.8910493734110063 21
0.8910493734110065 27
0.8924979424172496 1
0.8924979424172497 12
0.8925169826134355 11
0.8925169826134356 54
0.8925169826134358 2
0.8925360228096215 2
0.8939655516196788 5
0.8939845918158646 1
0.8939845918158648 55
0.8939845918158649 6
0.8940036320120507 5
0.8940036320120508 1
0.8954522010182938 31
0.895452201018294 9
0.8954712412144797 21
0.89547124121448 11
0.896919810220723 20
0.8969198102207231 23
0.8969388504169089 8
0.896938850416909 43
0.8983874194231521 3
0.8983874194231523 14
0.8984064596193381 5
0.8984064596193382 84
0.8984064596193383 5
0.8984254998155241 6
0.8998550286255813 6
0.8998550286255815 1
0.8998740688217672 81
0.8998740688217675 25
0.8998931090179532 13
0.8998931090179534 6
0.9013226378280105 1
0.9013416780241964 43
0.9013416780241965 34
0.9013607182203823 30
0.9013607182203824 40
0.9028092872266256 12
0.9028092872266257 24
0.9028283274228115 15
0.9028283274228116 114
0.9028283274228117 6
0.9042768964290547 7
0.9042959366252405 2
0.9042959366252407 127
0.9042959366252409 14
0.9043149768214266 7
0.9057635458276698 97
0.9057635458276699 40
0.9057825860238558 19
0.9057825860238559 23
0.9072311550300989 27
0.9072311550300991 63
0.9072501952262848 34
0.907250195226285 105
0.9072501952262851 1
0.908698764232528 1
0.9086987642325282 12
0.908717804428714 10
0.9087178044287141 186
0.9087178044287143 3
0.9101663734349572 1
0.9101663734349573 5
0.9101854136311431 1
0.9101854136311432 178
0.9101854136311434 23
0.9102044538273292 8
0.9102044538273293 2
0.9116530228335723 68
0.9116530228335725 46
0.9116720630297582 35
0.9116720630297585 37
0.9131206320360015 11
0.9131206320360016 29
0.9131206320360018 1
0.9131396722321874 27
0.9131396722321875 147
0.9145882412384307 4
0.9146072814346166 5
0.9146072814346167 217
0.9146072814346168 12
0.9160748906370456 5
0.9160748906370457 138
0.916074890637046 45
0.9160939308332317 21
0.9160939308332319 5
0.9175424998394749 31
0.917542499839475 48
0.9175615400356608 40
0.9175615400356609 66
0.9190101090419042 17
0.91902914923809 13
0.9190291492380901 196
0.9190291492380902 3
0.920496758440519 5
0.9204967584405191 185
0.9204967584405194 19
0.9219643676429483 58
0.9219643676429484 44
0.9219834078391342 16
0.9219834078391344 8
0.9234319768453774 8
0.9234319768453776 21
0.9234510170415633 43
0.9234510170415635 117
0.9249186262439925 3
0.9249186262439926 214
0.9249186262439928 5
0.9263862354464217 95
0.9263862354464218 16
0.9278538446488508 11
0.927853844648851 20
0.9278728848450367 26
0.9278728848450369 8
0.9293404940474659 16
0.929340494047466 88
0.9308081032498952 108
0.9308081032498953 7
0.9322757124523242 26
0.9322757124523244 16
0.9337623618509393 16
0.9337623618509394 12
0.9352299710533686 50
0.9366975802557976 29
0.939651838856842 21
0.9411194480592711 15
0.9455413158627445 5
