
 0.383
 0.393
 0.408
 0.417
 0.421
 0.426
 0.445
 0.461
 0.471
 0.529
 0.527
 0.532
 0.554
 0.527
 0.572
 0.563
 0.567
 0.602
 0.594
 0.629
 0.622
 0.654
 0.650
 0.657
 0.675
 0.686
 0.682
 0.700
 0.697
 0.705
 0.704
 0.719
 0.723
 0.738
 0.735
 0.732
 0.751
 0.760
 0.760
 0.769
 0.782
 0.776
 0.789
 0.773
 0.783
 0.797
 0.788
 0.773
 0.811
 0.797
 0.792
 0.791
 0.800
 0.800
 0.786
 0.809
 0.791
 0.788
 0.822
 0.811
 0.809
 0.817
 0.803
 0.807
 0.819
 0.807
 0.823
 0.816
 0.817
 0.848
 0.845
 0.828
 0.838
 0.825
 0.831
 0.832
 0.835
 0.845
 0.838
 0.862
 0.842
 0.857
 0.863
 0.826
 0.835
 0.838
 0.862
 0.864
 0.850
 0.851
 0.872
 0.876
 0.853
 0.881
 0.859
 0.856
 0.863
 0.860
 0.860
 0.884
 0.875
 0.875
 0.890
 0.878
 0.876
 0.862
 0.879
 0.860
 0.854
 0.882
 0.857
 0.870
 0.869
 0.866
 0.890
 0.884
 0.904
 0.866
 0.882
 0.817
 0.863
 0.872
 0.887
 0.882
 0.876
 0.900
 0.884
 0.879
 0.872
 0.900
 0.897
 0.888
 0.907
 0.901
 0.888
 0.901
 0.900
 0.906
 0.892
 0.909
 0.903
 0.922
 0.885
 0.882
 0.910
 0.912
 0.885
 0.906
 0.888
 0.893
 0.903
 0.907
 0.887
 0.910
 0.890
 0.894
 0.859
 0.918
 0.907
 0.878
 0.903
 0.888
 0.900
 0.922
 0.906
 0.915
 0.919
 0.920
 0.893
 0.915
 0.916
 0.906
 0.935
 0.885
 0.890
 0.925
 0.912
 0.919
 0.919
 0.946
 0.906
 0.915
 0.913
 0.912
 0.920
 0.928
 0.907
 0.925
 0.931
 0.923
 0.909
 0.920
 0.915
 0.940
 0.918
 0.931
 0.918
 0.904
 0.925
 0.906
 0.913
 0.912
 0.888
 0.928
 0.920
 0.915
 0.931
 0.920
 0.907
 0.885
 0.909
 0.916
 0.925
 0.910
 0.909
 0.920
 0.891
 0.906
 0.913
 0.923
 0.923
 0.929
 0.926
 0.903
 0.919
 0.918
 0.925
 0.885
 0.916
 0.919
 0.910
 0.900
 0.907
 0.881
 0.907
 0.920
 0.898
 0.925
 0.903
 0.910
 0.910
 0.912
 0.931
 0.887
 0.932
 0.901
 0.925
 0.906
 0.894
 0.898
 0.901
 0.920
 0.918
 0.890
 0.913
 0.928
 0.922
 0.923
 0.897
 0.903
 0.910
 0.912
 0.915
 0.920
 0.910
 0.897
 0.928
 0.904
 0.910
 0.916
 0.925
 0.907
 0.893
 0.906
 0.916
 0.891
 0.916
 0.912
 0.909
 0.907
 0.906
 0.898
 0.904
 0.910
 0.912
 0.885
 0.910
 0.923
 0.916
 0.923
 0.925
 0.916
 0.897
 0.885
 0.884
 0.923
 0.907
 0.891
 0.910
 0.931
 0.916
 0.894
 0.909
 0.909
 0.901
 0.906
 0.920
 0.920
 0.920
 0.901
 0.916
 0.910
 0.941
 0.925
 0.922
 0.900
 0.923
 0.897
 0.890
 0.909
 0.906
 0.922
 0.915
 0.900
 0.915
 0.907
 0.931
 0.916
 0.909
 0.919
 0.915
 0.901
 0.900
 0.912
 0.925
 0.920
 0.916
 0.910
 0.923
 0.915
 0.901
 0.929
 0.904
 0.923
 0.925
 0.937
 0.890
 0.910
 0.918
 0.912
 0.931
 0.893
 0.937
 0.920
 0.915
 0.893
 0.916
 0.901
 0.903
 0.915
 0.919
 0.907
 0.919
 0.916
 0.919
 0.909
 0.925
 0.919
 0.891
 0.918
 0.925
 0.887
 0.929
 0.918
 0.898
 0.925
 0.915
 0.913
 0.916
 0.913
 0.920
 0.912
 0.895
 0.897
 0.913
 0.923
 0.900
 0.931
 0.903
 0.935
 0.916
 0.910
 0.904
 0.913
 0.941
 0.919
 0.897
 0.910
 0.907
 0.940
 0.903
 0.890
 0.923
 0.922
 0.916
 0.919
 0.893
 0.919
 0.923
 0.900
 0.909
 0.895
 0.919
 0.887
 0.925
 0.919
 0.900
 0.918
 0.900
 0.909
 0.912
 0.923
 0.888
 0.900
 0.912
 0.913
 0.909
 0.882
 0.898
 0.903
 0.891
 0.920
 0.918
 0.890
 0.918
 0.919
 0.906
 0.913
 0.907
 0.901
 0.909
 0.904
 0.929
 0.903
 0.926
 0.906
 0.887
 0.910
 0.920
 0.907
 0.890
 0.923
 0.903
 0.918
 0.923
 0.923
 0.906
 0.898
 0.922
 0.913
 0.940
 0.923
 0.897
 0.912
 0.925
 0.918
 0.903
 0.904
 0.923
 0.904
 0.920
 0.913
 0.913
 0.891
 0.916
 0.926
 0.926
 0.926
 0.931
 0.923
 0.925
 0.925
 0.900
 0.919
 0.923
 0.926
 0.923
 0.932
 0.913
 0.901
 0.915
 0.901
 0.885
 0.893
 0.891
 0.928
 0.904
 0.918
 0.895
 0.915
 0.904
 0.895
 0.898
 0.901
 0.900
 0.906
 0.925
 0.932
 0.897
 0.897
 0.941
 0.925
 0.906
 0.929
 0.887
 0.891
 0.898
 0.919
 0.925
 0.918
 0.923
 0.915
 0.890
 0.916
 0.913
 0.925
 0.909
 0.931
 0.901
 0.910
 0.922
 0.903
 0.916
 0.928
 0.885
 0.918
 0.918
 0.918
 0.913
 0.891
 0.920
 0.931
 0.907
 0.916
 0.909
 0.903
 0.923
 0.925
 0.903
 0.919
 0.906
 0.913
 0.923
 0.904
 0.918
 0.882
 0.901
 0.940
 0.903
 0.904
 0.898
 0.916
 0.903
 0.900
 0.900
 0.915
 0.923
 0.920
 0.903
 0.915
 0.913
 0.932
 0.919
 0.922
 0.903
 0.898
 0.897
 0.912
 0.925
 0.920
 0.923
 0.923
 0.901
 0.925
 0.913
 0.909
 0.907
 0.891
 0.922
 0.900
 0.901
 0.926
 0.923
 0.903
 0.915
 0.920
 0.901
 0.907
 0.923
 0.904
 0.909
 0.920
 0.916
 0.892
 0.919
 0.907
 0.915
 0.922
 0.906
 0.907
 0.925
 0.901
 0.931
 0.900
 0.922
 0.901
 0.907
 0.898
 0.891
 0.909
 0.873
 0.907
 0.907
 0.925
 0.915
 0.918
 0.915
 0.910
 0.901
 0.910
 0.909
 0.906
 0.913
 0.913
 0.929
 0.898
 0.884
 0.912
 0.916
 0.906
 0.904
 0.916
 0.913
 0.879
 0.907
 0.941
 0.887
 0.915
 0.907
 0.916
 0.923
 0.903
 0.907
 0.895
 0.923
 0.891
 0.906
 0.904
 0.912
 0.901
 0.881
 0.915
 0.909
 0.901
 0.931
 0.929
 0.909
 0.907
 0.906
 0.912
 0.912
 0.926
 0.915
 0.907
 0.923
 0.897
 0.926
 0.913
 0.922
 0.912
 0.923
 0.925
 0.903
 0.898
 0.916
 0.901
 0.903
 0.890
 0.926
 0.922
 0.926
 0.910
 0.925
 0.926
 0.887
 0.931
 0.919
 0.904
 0.931
 0.903
 0.900
 0.925
 0.900
 0.913
 0.906
 0.916
 0.920
 0.918
 0.895
 0.907
 0.915
 0.912
 0.935
 0.893
 0.913
 0.907
 0.913
 0.909
 0.929
 0.940
 0.926
 0.912
 0.915
 0.913
 0.893
 0.931
 0.918
 0.913
 0.901
 0.888
 0.929
 0.915
 0.910
 0.922
 0.931
 0.919
 0.907
 0.912
 0.901
 0.920
 0.885
 0.892
 0.925
 0.928
 0.898
 0.928
 0.879
 0.910
 0.906
 0.885
 0.897
 0.913
 0.907
 0.907
 0.904
 0.916
 0.900
 0.898
 0.923
 0.909
 0.923
 0.922
 0.915
 0.920
 0.916
 0.935
 0.909
 0.915
 0.934
 0.910
 0.909
 0.920
 0.898
 0.922
 0.903
 0.909
 0.925
 0.912
 0.918
 0.915
 0.920
 0.898
 0.901
 0.919
 0.901
 0.916
 0.912
 0.919
 0.900
 0.940
 0.918
 0.916
 0.916
 0.897
 0.907
 0.907
 0.881
 0.920
 0.922
 0.920
 0.916
 0.913
 0.913
 0.910
 0.904
 0.912
 0.909
 0.891
 0.901
 0.916
 0.913
 0.935
 0.920
 0.910
 0.928
 0.897
 0.922
 0.910
 0.910
 0.937
 0.904
 0.915
 0.919
 0.916
 0.898
 0.925
 0.913
 0.879
 0.906
 0.897
 0.907
 0.893
 0.906
 0.909
 0.913
 0.907
 0.931
 0.923
 0.910
 0.918
 0.913
 0.919
 0.898
 0.920
 0.912
 0.935
 0.919
 0.881
 0.895
 0.897
 0.931
 0.925
 0.884
 0.935
 0.909
 0.923
 0.923
 0.907
 0.929
 0.901
 0.900
 0.904
 0.907
 0.932
 0.913
 0.919
 0.913
 0.931
 0.912
 0.900
 0.912
 0.920
 0.916
 0.910
 0.897
 0.904
 0.925
 0.919
 0.916
 0.912
 0.919
 0.922
 0.920
 0.926
 0.893
 0.920
 0.918
 0.928
 0.920
 0.916
 0.935
 0.919
 0.893
 0.891
 0.923
 0.904
 0.903
 0.909
 0.915
 0.906
 0.893
 0.910
 0.931
 0.922
 0.935
 0.912
 0.926
 0.891
 0.888
 0.920
 0.920
 0.900
 0.913
 0.928
 0.934
 0.903
 0.898
 0.925
 0.903
 0.907
 0.934
 0.922
 0.913
 0.903
 0.926
 0.903
 0.918
 0.906
 0.920
 0.893
 0.931
 0.910
 0.916
 0.931
 0.897
 0.922
 0.912
 0.916
 0.909
 0.913
 0.903
 0.915
 0.915
 0.895
 0.910
 0.910
 0.925
 0.922
 0.907
 0.925
 0.916
 0.885
 0.907
 0.916
 0.912
 0.909
 0.913
 0.931
 0.909
 0.904
 0.910
 0.931
 0.903
 0.895
 0.913
 0.904
 0.904
 0.910
 0.900
 0.918
 0.903
 0.925
 0.919
 0.909
 0.920
 0.897
 0.907
 0.915
 0.895
 0.913
 0.906
 0.916
 0.910
 0.920
 0.910
 0.925
 0.890
 0.926
 0.895
 0.906
 0.906
 0.923
 0.901
 0.931
 0.875
 0.901
 0.898
 0.906
 0.904
 0.891
 0.923
 0.920
 0.915
 0.904
 0.915
 0.856
 0.929
 0.918
 0.907
 0.898
 0.931
 0.890
 0.941
 0.910
 0.922
 0.928
 0.907
 0.910
 0.918
 0.913
 0.923
 0.913
 0.907
 0.920
 0.891
 0.915
 0.901
 0.910
 0.907
 0.884
 0.931
 0.903
 0.923
 0.925
 0.910
 0.910
 0.918
 0.931
 0.923
 0.909
 0.915
 0.919
 0.920
 0.891
 0.903
 0.878
 0.920
 0.915
 0.918
 0.907
 0.891
 0.918
 0.907
 0.909
 0.915
 0.901
 0.898
 0.946
 0.893
 0.897
 0.900
 0.926
 0.923
 0.888
 0.935
 0.870
 0.916
 0.916
 0.904
 0.910
 0.928
 0.920
 0.916
 0.907
 0.920
 0.920
 0.918
 0.916
 0.929
 0.920
 0.894
 0.907
 0.893
 0.923
 0.918
 0.910
 0.915
 0.925
 0.912
 0.925
 0.920
 0.910
 0.894
 0.932
 0.919
 0.919
 0.913
 0.925
 0.920
 0.918
 0.922
 0.897
 0.890
 0.923
 0.915
 0.909
 0.904
 0.900
 0.923
 0.913
 0.931
 0.915
 0.910
 0.900
 0.912
 0.909
 0.919
 0.923
 0.907
 0.940
 0.901
 0.907
 0.903
 0.881
 0.912
 0.909
 0.897
 0.918
 0.919
 0.916
 0.926
 0.923
 0.932
 0.901
 0.909
 0.915
 0.925
 0.904
 0.903
 0.903
 0.894
 0.906
 0.923
 0.926
 0.918
 0.931
 0.907
 0.904
 0.897
 0.915
 0.926
 0.894
 0.894
 0.900
 0.920
 0.910
 0.931
 0.910
 0.891
 0.919
 0.918
 0.935
 0.885
 0.920
 0.912
 0.935
 0.906
 0.907
 0.888
 0.906
 0.885
 0.923
 0.912
 0.884
 0.912
 0.891
 0.903
 0.919
 0.907
 0.923
 0.920
 0.912
 0.919
 0.893
 0.918
 0.915
 0.891
 0.906
 0.904
 0.904
 0.929
 0.913
 0.895
 0.915
 0.901
 0.925
 0.916
 0.928
 0.923
 0.910
 0.897
 0.932
 0.888
 0.885
 0.891
 0.894
 0.884
 0.907
 0.891
 0.929
 0.894
 0.913
 0.909
 0.925
 0.901
 0.907
 0.909
 0.907
 0.907
 0.923
 0.934
 0.906
 0.912
 0.906
 0.909
 0.925
 0.909
 0.920
 0.913
 0.903
 0.931
 0.915
 0.898
 0.888
 0.910
 0.910
 0.931
 0.890
 0.901
 0.903
 0.920
 0.901
 0.923
 0.923
 0.900
 0.925
 0.920
 0.922
 0.890
 0.895
 0.922
 0.900
 0.879
 0.890
 0.906
 0.922
 0.906
 0.913
 0.904
 0.923
 0.925
 0.920
 0.891
 0.920
 0.923
 0.916
 0.916
 0.919
 0.913
 0.901
 0.910
 0.913
 0.929
 0.915
 0.918
 0.913
 0.926
 0.922
 0.923
 0.919
 0.920
 0.918
 0.916
 0.919
 0.904
 0.906
 0.920
 0.901
 0.925
 0.900
 0.910
 0.906
 0.913
 0.907
 0.916
 0.904
 0.916
 0.919
 0.893
 0.888
 0.900
 0.910
 0.913
 0.931
 0.925
 0.919
 0.919
 0.907
 0.934
 0.935
 0.906
 0.916
 0.898
 0.901
 0.888
 0.922
 0.918
 0.919
 0.909
 0.928
 0.901
 0.922
 0.920
 0.894
 0.909
 0.923
 0.909
 0.935
 0.894
 0.895
 0.909
 0.918
 0.901
 0.895
 0.894
 0.918
 0.892
 0.894
 0.900
 0.918
 0.913
 0.928
 0.918
 0.910
 0.909
 0.918
 0.898
 0.894
 0.909
 0.904
 0.906
 0.910
 0.923
 0.910
 0.923
 0.903
 0.912
 0.920
 0.923
 0.909
 0.898
 0.919
 0.925
 0.895
 0.915
 0.901
 0.919
 0.910
 0.916
 0.901
 0.906
 0.884
 0.920
 0.923
 0.904
 0.912
 0.894
 0.898
 0.907
 0.876
 0.906
 0.903
 0.922
 0.913
 0.919
 0.926
 0.915
 0.931
 0.900
 0.903
 0.907
 0.898
 0.909
 0.895
 0.913
 0.922
 0.906
 0.909
 0.892
 0.912
 0.923
 0.928
 0.900
 0.916
 0.903
 0.904
 0.915
 0.920
 0.915
 0.901
 0.909
 0.904
 0.909
 0.919
 0.904
 0.895
 0.900
 0.907
 0.925
 0.925
 0.925
 0.909
 0.907
 0.925
 0.915
 0.926
 0.907
 0.925
 0.935
 0.906
 0.923
 0.919
 0.907
 0.909
 0.916
 0.912
 0.913
 0.915
 0.912
 0.910
 0.912
 0.935
 0.898
 0.910
 0.904
 0.916
 0.906
 0.903
 0.912
 0.910
 0.898
 0.925
 0.906
 0.918
 0.898
 0.884
 0.929
 0.907
 0.890
 0.891
 0.884
 0.920
 0.894
 0.913
 0.915
 0.898
 0.909
 0.909
 0.898
 0.915
 0.893
 0.928
 0.898
 0.897
 0.879
 0.910
 0.906
 0.891
 0.903
 0.891
 0.923
 0.875
 0.925
 0.906
 0.907
 0.923
 0.904
 0.925
 0.904
 0.900
 0.912
 0.909
 0.922
 0.923
 0.900
 0.929
 0.907
 0.919
 0.912
 0.887
 0.922
 0.925
 0.904
 0.897
 0.890
 0.934
 0.922
 0.915
 0.900
 0.887
 0.906
 0.919
 0.906
 0.912
 0.919
 0.895
 0.894
 0.915
 0.923
 0.891
 0.915
 0.894
 0.910
 0.909
 0.903
 0.882
 0.919
 0.895
 0.919
 0.919
 0.922
 0.906
 0.907
 0.935
 0.916
 0.923
 0.915
 0.904
 0.929
 0.918
 0.916
 0.919
 0.920
 0.918
 0.895
 0.901
 0.903
 0.884
 0.925
 0.923
 0.898
 0.915
 0.920
 0.912
 0.910
 0.900
 0.916
 0.907
 0.928
 0.912
 0.907
 0.913
 0.888
 0.916
 0.898
 0.895
 0.918
 0.859
 0.906
 0.913
 0.906
 0.903
 0.910
 0.907
 0.891
 0.919
 0.901
 0.919
 0.915
 0.919
 0.891
 0.918
 0.915
 0.894
 0.910
 0.903
 0.915
 0.912
 0.920
 0.919
 0.910
 0.919
 0.916
 0.915
 0.932
 0.922
 0.910
 0.932
 0.912
 0.907
 0.925
 0.919
 0.919
 0.893
 0.928
 0.928
 0.915
 0.909
 0.903
 0.904
 0.918
 0.922
 0.910
 0.931
 0.920
 0.909
 0.912
 0.937
 0.920
 0.925
 0.923
 0.915
 0.923
 0.915
 0.925
 0.935
 0.925
 0.909
 0.916
 0.906
 0.937
 0.926
 0.903
 0.931
 0.884
 0.910
 0.935
 0.885
 0.887
 0.913
 0.919
 0.904
 0.913
 0.932
 0.895
 0.909
 0.900
 0.920
 0.916
 0.915
 0.925
 0.919
 0.906
 0.901
 0.918
 0.925
 0.901
 0.903
 0.894
 0.895
 0.901
 0.910
 0.910
 0.910
 0.928
 0.918
 0.919
 0.903
 0.898
 0.910
 0.925
 0.901
 0.909
 0.922
 0.918
 0.925
 0.919
 0.900
 0.909
 0.897
 0.925
 0.916
 0.884
 0.925
 0.888
 0.909
 0.891
 0.903
 0.904
 0.898
 0.918
 0.918
 0.913
 0.903
 0.919
 0.920
 0.922
 0.935
 0.909
 0.922
 0.912
 0.929
 0.906
 0.913
 0.918
 0.901
 0.888
 0.918
 0.940
 0.929
 0.901
 0.912
 0.906
 0.932
 0.925
 0.926
 0.920
 0.910
 0.926
 0.919
 0.931
 0.915
 0.916
 0.888
 0.912
 0.904
 0.920
 0.926
 0.925
 0.894
 0.918
 0.901
 0.900
 0.916
 0.913
 0.903
 0.922
 0.907
 0.901
 0.913
 0.919
 0.897
 0.920
 0.920
 0.906
 0.923
 0.920
 0.940
 0.915
 0.926
 0.904
 0.920
 0.916
 0.907
 0.898
 0.937
 0.906
 0.895
 0.913
 0.912
 0.909
 0.891
 0.915
 0.913
 0.925
 0.910
 0.925
 0.912
 0.900
 0.919
 0.907
 0.912
 0.906
 0.915
 0.906
 0.901
 0.919
 0.920
 0.918
 0.912
 0.893
 0.898
 0.916
 0.898
 0.919
 0.919
 0.912
 0.890
 0.910
 0.925
 0.918
 0.891
 0.897
 0.893
 0.893
 0.910
 0.913
 0.913
 0.903
 0.898
 0.919
 0.891
 0.901
 0.919
 0.898
 0.913
 0.903
 0.916
 0.903
 0.920
 0.931
 0.918
 0.929
 0.907
 0.925
 0.912
 0.915
 0.909
 0.926
 0.916
 0.935
 0.904
 0.916
 0.915
 0.895
 0.915
 0.894
 0.925
 0.915
 0.895
 0.918
 0.916
 0.915
 0.894
 0.937
 0.910
 0.919
 0.903
 0.900
 0.906
 0.916
 0.931
 0.931
 0.916
 0.913
 0.916
 0.919
 0.912
 0.912
 0.920
 0.918
 0.925
 0.912
 0.918
 0.935
 0.891
 0.904
 0.919
 0.898
 0.919
 0.907
 0.906
 0.918
 0.920
 0.913
 0.920
 0.906
 0.895
 0.904
 0.916
 0.907
 0.918
 0.903
 0.913
 0.887
 0.926
 0.875
 0.910
 0.919
 0.929
 0.907
 0.888
 0.913
 0.894
 0.909
 0.923
 0.913
 0.906
 0.919
 0.919
 0.920
 0.931
 0.937
 0.925
 0.903
 0.910
 0.890
 0.900
 0.906
 0.923
 0.915
 0.887
 0.897
 0.912
 0.890
 0.892
 0.907
 0.915
 0.888
 0.919
 0.916
 0.891
 0.929
 0.925
 0.891
 0.910
 0.929
 0.888
 0.892
 0.929
 0.916
 0.926
 0.904
 0.915
 0.898
 0.918
 0.931
 0.918
 0.888
 0.907
 0.898
 0.887
 0.907
 0.900
 0.912
 0.934
 0.897
 0.913
 0.931
 0.916
 0.926
 0.901
 0.918
 0.894
 0.925
 0.913
 0.920
 0.909
 0.893
 0.890
 0.913
 0.907
 0.918
 0.884
 0.887
 0.937
 0.923
 0.910
 0.900
 0.897
 0.907
 0.878
 0.935
 0.890
 0.890
 0.891
 0.906
 0.913
 0.891
 0.923
 0.898
 0.923
 0.918
 0.897
 0.915
 0.926
 0.903
 0.916
 0.910
 0.922
 0.903
 0.915
 0.885
 0.912
 0.929
 0.923
 0.918
 0.929
 0.901
 0.916
 0.904
 0.925
 0.923
 0.923
 0.904
 0.922
 0.906
 0.897
 0.909
 0.923
 0.909
 0.888
 0.882
 0.907
 0.906
 0.900
 0.916
 0.906
 0.901
 0.910
 0.912
 0.916
 0.909
 0.888
 0.925
 0.915
 0.903
 0.918
 0.910
 0.881
 0.925
 0.891
 0.909
 0.925
 0.890
 0.903
 0.909
 0.882
 0.913
 0.913
 0.904
 0.913
 0.918
 0.903
 0.931
 0.915
 0.912
 0.903
 0.882
 0.885
 0.890
 0.922
 0.925
 0.923
 0.909
 0.929
 0.918
 0.887
 0.920
 0.920
 0.897
 0.913
 0.915
 0.918
 0.907
 0.909
 0.916
 0.925
 0.923
 0.904
 0.898
 0.909
 0.920
 0.915
 0.907
 0.925
 0.920
 0.912
 0.907
 0.920
 0.925
 0.918
 0.916
 0.912
 0.916
 0.925
 0.909
 0.888
 0.923
 0.928
 0.888
 0.926
 0.922
 0.913
 0.906
 0.901
 0.910
 0.916
 0.919
 0.918
 0.900
 0.891
 0.904
 0.932
 0.934
 0.920
 0.923
 0.898
 0.907
 0.903
 0.915
 0.884
 0.913
 0.929
 0.925
 0.932
 0.915
 0.913
 0.915
 0.926
 0.900
 0.925
 0.912
 0.878
 0.900
 0.916
 0.909
 0.888
 0.909
 0.910
 0.929
 0.923
 0.915
 0.910
 0.912
 0.888
 0.931
 0.907
 0.931
 0.901
 0.916
 0.901
 0.915
 0.918
 0.915
 0.893
 0.906
 0.919
 0.907
 0.913
 0.920
 0.925
 0.904
 0.909
 0.912
 0.891
 0.919
 0.907
 0.922
 0.918
 0.913
 0.903
 0.920
 0.925
 0.931
 0.928
 0.925
 0.909
 0.926
 0.900
 0.925
 0.897
 0.918
 0.907
 0.901
 0.915
 0.909
 0.907
 0.916
 0.926
 0.912
 0.912
 0.916
 0.909
 0.913
 0.912
 0.890
 0.901
 0.940
 0.916
 0.903
 0.928
 0.919
 0.926
 0.884
 0.915
 0.903
 0.913
 0.919
 0.920
 0.910
 0.903
 0.909
 0.907
 0.882
 0.925
 0.918
 0.904
 0.898
 0.919
 0.909
 0.907
 0.913
 0.913
 0.909
 0.925
 0.904
 0.910
 0.913
 0.910
 0.929
 0.872
 0.897
 0.931
 0.923
 0.900
 0.919
 0.919
 0.901
 0.922
 0.923
 0.906
 0.875
 0.923
 0.898
 0.926
 0.916
 0.920
 0.923
 0.904
 0.919
 0.904
 0.920
 0.907
 0.915
 0.920
 0.922
 0.926
 0.931
 0.895
 0.920
 0.910
 0.932
 0.913
 0.928
 0.867
 0.928
 0.900
 0.926
 0.915
 0.891
 0.903
 0.907
 0.923
 0.922
 0.918
 0.894
 0.925
 0.940
 0.925
 0.913
 0.925
 0.909
 0.932
 0.916
 0.890
 0.891
 0.913
 0.923
 0.910
 0.922
 0.915
 0.907
 0.913
 0.901
 0.922
 0.913
 0.904
 0.923
 0.935
 0.925
 0.915
 0.919
 0.884
 0.904
 0.925
 0.915
 0.916
 0.925
 0.916
 0.903
 0.912
 0.916
 0.923
 0.904
 0.897
 0.916
 0.929
 0.913
 0.897
 0.923
 0.912
 0.918
 0.920
 0.907
 0.890
 0.890
 0.926
 0.922
 0.926
 0.915
 0.909
 0.898
 0.897
 0.915
 0.919
 0.888
 0.906
 0.913
 0.910
 0.915
 0.915
 0.913
 0.923
 0.912
 0.901
 0.903
 0.915
 0.925
 0.913
 0.913
 0.935
 0.926
 0.925
 0.893
 0.903
 0.910
 0.919
 0.897
 0.923
 0.912
 0.907
 0.915
 0.931
 0.906
 0.900
 0.922
 0.929
 0.929
 0.907
 0.894
 0.900
 0.922
 0.926
 0.928
 0.885
 0.904
 0.909
 0.916
 0.906
 0.884
 0.929
 0.912
 0.913
 0.876
 0.915
 0.915
 0.882
 0.898
 0.894
 0.920
 0.904
 0.901
 0.893
 0.913
 0.903
 0.903
 0.929
 0.926
 0.916
 0.929
 0.920
 0.903
 0.926
 0.925
 0.910
 0.918
 0.893
 0.932
 0.919
 0.891
 0.923
 0.893
 0.897
 0.890
 0.906
 0.923
 0.906
 0.915
 0.940
 0.901
 0.916
 0.910
 0.916
 0.903
 0.918
 0.910
 0.934
 0.906
 0.926
 0.912
 0.923
 0.931
 0.890
 0.907
 0.904
 0.919
 0.909
 0.891
 0.918
 0.920
 0.915
 0.931
 0.906
 0.898
 0.931
 0.932
 0.925
 0.894
 0.893
 0.900
 0.893
 0.928
 0.906
 0.910
 0.912
 0.904
 0.894
 0.926
 0.941
 0.898
 0.916
 0.919
 0.923
 0.918
 0.934
 0.903
 0.916
 0.929
 0.879
 0.923
 0.906
 0.912
 0.912
 0.919
 0.915
 0.913
 0.916
 0.907
 0.922
 0.915
 0.913
 0.923
 0.901
 0.915
 0.901
 0.900
 0.915
 0.900
 0.910
 0.904
 0.910
 0.932
 0.906
 0.895
 0.897
 0.909
 0.920
 0.910
 0.923
 0.901
 0.909
 0.910
 0.898
 0.894
 0.904
 0.898
 0.893
 0.919
 0.893
 0.925
 0.900
 0.890
 0.915
 0.907
 0.904
 0.904
 0.929
 0.929
 0.901
 0.907
 0.918
 0.912
 0.900
 0.904
 0.919
 0.893
 0.891
 0.920
 0.907
 0.903
 0.925
 0.926
 0.931
 0.919
 0.935
 0.904
 0.895
 0.920
 0.926
 0.913
 0.893
 0.922
 0.903
 0.931
 0.904
 0.901
 0.903
 0.925
 0.925
 0.920
 0.897
 0.903
 0.904
 0.909
 0.923
 0.893
 0.900
 0.913
 0.929
 0.898
 0.925
 0.903
 0.903
 0.932
 0.910
 0.915
 0.916
 0.919
 0.925
 0.909
 0.907
 0.915
 0.909
 0.922
 0.912
 0.910
 0.882
 0.904
 0.916
 0.895
 0.910
 0.907
 0.925
 0.931
 0.907
 0.919
 0.919
 0.894
 0.875
 0.898
 0.893
 0.907
 0.915
 0.909
 0.894
 0.901
 0.887
 0.898
 0.909
 0.920
 0.928
 0.918
 0.887
 0.926
 0.919
 0.904
 0.890
 0.900
 0.928
 0.910
 0.900
 0.931
 0.920
 0.916
 0.910
 0.898
 0.929
 0.919
 0.919
 0.906
 0.918
 0.910
 0.910
 0.919
 0.910
 0.881
 0.895
 0.912
 0.888
 0.891
 0.904
 0.925
 0.888
 0.904
 0.895
 0.934
 0.895
 0.901
 0.916
 0.897
 0.912
 0.898
 0.931
 0.900
 0.884
 0.912
 0.920
 0.920
 0.906
 0.897
 0.920
 0.897
 0.892
 0.913
 0.904
 0.920
 0.910
 0.913
 0.916
 0.913
 0.920
 0.891
 0.931
 0.893
 0.926
 0.910
 0.909
 0.916
 0.920
 0.898
 0.915
 0.895
 0.915
 0.916
 0.903
 0.895
 0.912
 0.916
 0.937
 0.895
 0.915
 0.891
 0.909
 0.931
 0.900
 0.922
 0.931
 0.912
 0.898
 0.900
 0.875
 0.922
 0.919
 0.904
 0.882
 0.897
 0.931
 0.904
 0.929
 0.928
 0.897
 0.897
 0.918
 0.926
 0.928
 0.909
 0.885
 0.910
 0.909
 0.909
 0.904
 0.919
 0.867
 0.898
 0.900
 0.910
 0.903
 0.915
 0.888
 0.900
 0.894
 0.935
 0.900
 0.906
 0.901
 0.925
 0.918
 0.916
 0.891
 0.922
 0.920
 0.913
 0.928
 0.900
 0.910
 0.920
 0.918
 0.918
 0.904
 0.940
 0.907
 0.920
 0.915
 0.925
 0.900
 0.909
 0.904
 0.941
 0.923
 0.912
 0.916
 0.897
 0.906
 0.901
 0.903
 0.926
 0.913
 0.907
 0.904
 0.906
 0.890
 0.901
 0.926
 0.923
 0.915
 0.912
 0.909
 0.903
 0.906
 0.904
 0.887
 0.915
 0.922
 0.901
 0.906
 0.907
 0.915
 0.903
 0.920
 0.909
 0.901
 0.900
 0.918
 0.920
 0.919
 0.919
 0.920
 0.915
 0.910
 0.910
 0.907
 0.925
 0.918
 0.901
 0.903
 0.907
 0.929
 0.929
 0.922
 0.919
 0.919
 0.909
 0.919
 0.900
 0.912
 0.918
 0.909
 0.916
 0.878
 0.918
 0.929
 0.893
 0.915
 0.913
 0.922
 0.910
 0.907
 0.891
 0.925
 0.912
 0.893
 0.885
 0.926
 0.925
 0.913
 0.920
 0.934
 0.891
 0.915
 0.925
 0.919
 0.904
 0.935
 0.916
 0.909
 0.887
 0.918
 0.919
 0.881
 0.919
 0.912
 0.903
 0.891
 0.901
 0.912
 0.928
 0.895
 0.935
 0.910
 0.915
 0.895
 0.913
 0.913
 0.915
 0.925
 0.910
 0.901
 0.919
 0.929
 0.879
 0.923
 0.876
 0.932
 0.912
 0.935
 0.903
 0.900
 0.915
 0.910
 0.934
 0.895
 0.906
 0.907
 0.920
 0.916
 0.913
 0.894
 0.916
 0.909
 0.910
 0.907
 0.910
 0.910
 0.909
 0.910
 0.910
 0.934
 0.890
 0.910
 0.923
 0.916
 0.891
 0.901
 0.915
 0.913
 0.915
 0.935
 0.918
 0.919
 0.925
 0.916
 0.904
 0.898
 0.903
 0.920
 0.912
 0.919
 0.922
 0.913
 0.923
 0.907
 0.904
 0.918
 0.916
 0.891
 0.887
 0.900
 0.919
 0.913
 0.912
 0.909
 0.934
 0.912
 0.931
 0.929
 0.894
 0.882
 0.923
 0.891
 0.929
 0.910
 0.907
 0.913
 0.897
 0.891
 0.910
 0.903
 0.913
 0.915
 0.913
 0.906
 0.929
 0.928
 0.920
 0.925
 0.919
 0.897
 0.922
 0.904
 0.888
 0.919
 0.894
 0.916
 0.898
 0.913
 0.901
 0.912
 0.901
 0.923
 0.916
 0.925
 0.900
 0.928
 0.913
 0.926
 0.898
 0.923
 0.923
 0.912
 0.925
 0.900
 0.891
 0.888
 0.897
 0.934
 0.931
 0.904
 0.925
 0.931
 0.925
 0.907
 0.920
 0.898
 0.888
 0.915
 0.906
 0.913
 0.913
 0.897
 0.898
 0.922
 0.913
 0.907
 0.915
 0.928
 0.903
 0.925
 0.906
 0.912
 0.901
 0.916
 0.910
 0.919
 0.898
 0.881
 0.907
 0.919
 0.907
 0.923
 0.904
 0.894
 0.890
 0.922
 0.915
 0.916
 0.910
 0.931
 0.897
 0.919
 0.918
 0.913
 0.909
 0.904
 0.913
 0.919
 0.894
 0.929
 0.922
 0.919
 0.919
 0.906
 0.918
 0.898
 0.918
 0.920
 0.912
 0.915
 0.913
 0.913
 0.907
 0.907
 0.909
 0.895
 0.881
 0.940
 0.898
 0.888
 0.913
 0.926
 0.884
 0.920
 0.901
 0.901
 0.909
 0.897
 0.916
 0.909
 0.929
 0.918
 0.913
 0.906
 0.894
 0.925
 0.906
 0.895
 0.922
 0.891
 0.904
 0.922
 0.910
 0.897
 0.904
 0.925
 0.918
 0.918
 0.906
 0.910
 0.901
 0.891
 0.907
 0.913
 0.894
 0.903
 0.906
 0.913
 0.915
 0.918
 0.897
 0.907
 0.925
 0.926
 0.931
 0.929
 0.915
 0.926
 0.918
 0.893
 0.906
 0.904
 0.884
 0.920
 0.904
 0.925
 0.932
 0.887
 0.900
 0.892
 0.918
 0.916
 0.916
 0.925
 0.906
 0.907
 0.915
 0.928
 0.897
 0.920
 0.913
 0.926
 0.925
 0.920
 0.910
 0.916
 0.894
 0.920
 0.898
 0.915
 0.916
 0.929
 0.904
 0.904
 0.928
 0.885
 0.919
 0.919
 0.881
 0.894
 0.920
 0.907
 0.918
 0.929
 0.910
 0.879
 0.913
 0.900
 0.903
 0.928
 0.925
 0.922
 0.931
 0.910
 0.925
 0.893
 0.923
 0.941
 0.913
 0.941
 0.910
 0.931
 0.920
 0.922
 0.901
 0.901
 0.925
 0.903
 0.884
 0.920
 0.890
 0.915
 0.919
 0.928
 0.916
 0.897
 0.901
 0.898
 0.922
 0.909
 0.925
 0.920
 0.901
 0.932
 0.910
 0.919
 0.919
 0.919
 0.903
 0.920
 0.913
 0.894
 0.904
 0.894
 0.888
 0.894
 0.897
 0.923
 0.903
 0.907
 0.904
 0.900
 0.904
 0.894
 0.918
 0.922
 0.894
 0.913
 0.916
 0.922
 0.913
 0.937
 0.916
 0.907
 0.890
 0.909
 0.937
 0.922
 0.888
 0.901
 0.922
 0.910
 0.891
 0.903
 0.912
 0.925
 0.915
 0.903
 0.900
 0.935
 0.898
 0.906
 0.893
 0.910
 0.916
 0.923
 0.919
 0.888
 0.912
 0.915
 0.894
 0.918
 0.907
 0.900
 0.897
 0.907
 0.919
 0.916
 0.907
 0.929
 0.906
 0.937
 0.916
 0.903
 0.907
 0.919
 0.913
 0.890
 0.906
 0.918
 0.898
 0.937
 0.919
 0.923
 0.922
 0.922
 0.879
 0.912
 0.890
 0.907
 0.909
 0.919
 0.897
 0.907
 0.904
 0.906
 0.926
 0.910
 0.909
 0.919
 0.910
 0.907
 0.898
 0.926
 0.903
 0.923
 0.901
 0.935
 0.893
 0.932
 0.931
 0.904
 0.925
 0.903
 0.909
 0.900
 0.888
 0.894
 0.918
 0.912
 0.887
 0.925
 0.923
 0.901
 0.916
 0.888
 0.893
 0.935
 0.890
 0.915
 0.907
 0.918
 0.901
 0.926
 0.909
 0.931
 0.919
 0.931
 0.929
 0.926
 0.903
 0.932
 0.926
 0.900
 0.918
 0.920
 0.916
 0.882
 0.929
 0.915
 0.879
 0.890
 0.901
 0.888
 0.912
 0.909
 0.887
 0.912
 0.900
 0.912
 0.898
 0.904
 0.925
 0.919
 0.890
 0.906
 0.909
 0.906
 0.916
 0.918
 0.894
 0.925
 0.895
 0.926
 0.906
 0.926
 0.915
 0.920
 0.928
 0.929
 0.898
 0.907
 0.893
 0.923
 0.903
 0.893
 0.898
 0.904
 0.906
 0.907
 0.920
 0.931
 0.918
 0.929
 0.879
 0.940
 0.928
 0.916
 0.915
 0.919
 0.916
 0.928
 0.926
 0.916
 0.888
 0.913
 0.891
 0.931
 0.915
 0.910
 0.929
 0.898
 0.900
 0.865
 0.920
 0.925
 0.912
 0.904
 0.920
 0.916
 0.893
 0.925
 0.923
 0.909
 0.923
 0.913
 0.907
 0.915
 0.897
 0.909
 0.919
 0.879
 0.912
 0.891
 0.934
 0.926
 0.882
 0.915
 0.923
 0.884
 0.912
 0.925
 0.906
 0.894
 0.937
 0.904
 0.913
 0.926
 0.916
 0.906
 0.913
 0.912
 0.915
 0.915
 0.925
 0.890
 0.913
 0.935
 0.928
 0.901
 0.916
 0.892
 0.925
 0.922
 0.925
 0.923
 0.900
 0.907
 0.916
 0.910
 0.906
 0.910
 0.912
 0.910
 0.906
 0.923
 0.907
 0.913
 0.923
 0.926
 0.909
 0.929
 0.909
 0.918
 0.923
 0.915
 0.925
 0.916
 0.929
 0.901
 0.912
 0.903
 0.909
 0.903
 0.925
 0.906
 0.925
 0.915
 0.885
 0.946
 0.897
 0.912
 0.913
 0.919
 0.909
 0.900
 0.887
 0.919
 0.910
 0.916
 0.929
 0.895
 0.909
 0.918
 0.928
 0.906
 0.925
 0.897
 0.915
 0.912
 0.893
 0.909
 0.915
 0.931
 0.907
 0.932
 0.916
 0.909
 0.932
 0.903
 0.892
 0.891
 0.918
 0.918
 0.928
 0.919
 0.916
 0.929
 0.919
 0.919
 0.929
 0.901
 0.923
 0.903
 0.923
 0.922
 0.909
 0.907
 0.918
 0.913
 0.903
 0.894
 0.910
 0.901
 0.925
 0.894
 0.904
 0.909
 0.910
 0.890
 0.913
 0.903
 0.920
 0.897
 0.901
 0.898
 0.904
 0.918
 0.900
 0.912
 0.920
 0.898
 0.919
 0.907
 0.904
 0.891
 0.913
 0.915
 0.906
 0.913
 0.894
 0.900
 0.913
 0.915
 0.919
 0.903
 0.919
 0.915
 0.925
 0.925
 0.920
 0.923
 0.925
 0.923
 0.932
 0.893
 0.900
 0.912
 0.925
 0.926
 0.925
 0.931
 0.915
 0.903
 0.918
 0.906
 0.913
 0.916
 0.901
 0.898
 0.893
 0.907
 0.920
 0.922
 0.918
 0.932
 0.900
 0.923
 0.919
 0.903
 0.919
 0.895
 0.920
 0.907
 0.918
 0.919
 0.925
 0.915
 0.887
 0.916
 0.904
 0.912
 0.925
 0.882
 0.923
 0.909
 0.929
 0.887
 0.913
 0.919
 0.925
 0.923
 0.913
 0.906
 0.904
 0.918
 0.895
 0.925
 0.920
 0.919
 0.912
 0.931
 0.916
 0.925
 0.909
 0.920
 0.901
 0.926
 0.910
 0.900
 0.916
 0.916
 0.907
 0.925
 0.920
 0.922
 0.903
 0.906
 0.923
 0.928
 0.898
 0.897
 0.916
 0.890
 0.907
 0.922
 0.897
 0.922
 0.901
 0.916
 0.913
 0.919
 0.900
 0.910
 0.922
 0.929
 0.901
 0.922
 0.922
 0.898
 0.928
 0.920
 0.922
 0.934
 0.888
 0.922
 0.931
 0.916
 0.887
 0.922
 0.941
 0.907
 0.931
 0.915
 0.907
 0.916
 0.923
 0.906
 0.891
 0.918
 0.893
 0.923
 0.904
 0.923
 0.907
 0.907
 0.923
 0.909
 0.925
 0.920
 0.916
 0.910
 0.931
 0.910
 0.897
 0.919
 0.918
 0.910
 0.888
 0.923
 0.925
 0.913
 0.925
 0.919
 0.895
 0.918
 0.903
 0.897
 0.918
 0.904
 0.915
 0.903
 0.915
 0.925
 0.894
 0.929
 0.903
 0.906
 0.946
 0.929
 0.932
 0.913
 0.923
 0.919
 0.923
 0.894
 0.923
 0.920
 0.915
 0.890
 0.929
 0.941
 0.890
 0.907
 0.907
 0.906
 0.913
 0.903
 0.907
 0.913
 0.904
 0.906
 0.906
 0.923
 0.906
 0.909
 0.909
 0.913
 0.913
 0.920
 0.895
 0.898
 0.915
 0.912
 0.909
 0.898
 0.932
 0.884
 0.907
 0.929
 0.909
 0.909
 0.919
 0.895
 0.920
 0.903
 0.906
 0.907
 0.906
 0.909
 0.937
 0.922
 0.910
 0.910
 0.900
 0.920
 0.915
 0.915
 0.910
 0.897
 0.904
 0.925
 0.903
 0.909
 0.900
 0.915
 0.925
 0.919
 0.900
 0.893
 0.890
 0.919
 0.912
 0.920
 0.906
 0.918
 0.923
 0.935
 0.920
 0.920
 0.916
 0.901
 0.919
 0.919
 0.920
 0.898
 0.910
 0.940
 0.897
 0.916
 0.923
 0.894
 0.901
 0.876
 0.900
 0.890
 0.903
 0.932
 0.909
 0.909
 0.906
 0.929
 0.910
 0.919
 0.941
 0.915
 0.918
 0.916
 0.925
 0.934
 0.903
 0.897
 0.922
 0.910
 0.903
 0.915
 0.916
 0.898
 0.909
 0.893
 0.910
 0.913
 0.925
 0.923
 0.898
 0.923
 0.894
 0.915
 0.926
 0.903
 0.931
 0.931
 0.910
 0.910
 0.920
 0.919
 0.898
 0.897
 0.925
 0.900
 0.926
 0.925
 0.898
 0.929
 0.903
 0.916
 0.926
 0.909
 0.925
 0.903
 0.922
 0.913
 0.898
 0.913
 0.907
 0.903
 0.935
 0.897
 0.913
 0.928
 0.919
 0.919
 0.913
 0.898
 0.901
 0.920
 0.906
 0.895
 0.910
 0.906
 0.915
 0.919
 0.900
 0.920
 0.915
 0.915
 0.904
 0.925
 0.915
 0.897
 0.934
 0.881
 0.907
 0.915
 0.920
 0.915
 0.922
 0.925
 0.935
 0.910
 0.906
 0.931
 0.928
 0.904
 0.926
 0.919
 0.923
 0.923
 0.928
 0.891
 0.920
 0.907
 0.913
 0.919
 0.906
 0.929
 0.920
 0.918
 0.915
 0.909
 0.918
 0.925
 0.916
 0.915
 0.906
 0.920
 0.915
 0.919
 0.916
 0.910
 0.907
 0.909
 0.915
 0.937
 0.919
 0.934
 0.916
 0.920
 0.923
 0.918
 0.882
 0.918
 0.903
 0.925
 0.923
 0.912
 0.894
 0.918
 0.916
 0.915
 0.913
 0.912
 0.929
 0.907
 0.912
 0.910
 0.906
 0.926
 0.912
 0.910
 0.925
 0.940
 0.919
 0.926
 0.901
 0.890
 0.915
 0.916
 0.915
 0.918
 0.906
 0.884
 0.909
 0.912
 0.920
 0.932
 0.901
 0.906
 0.881
 0.912
 0.891
 0.915
 0.915
 0.900
 0.904
 0.925
 0.909
 0.903
 0.941
 0.922
 0.894
 0.923
 0.888
 0.898
 0.910
 0.940
 0.920
 0.895
 0.926
 0.891
 0.915
 0.918
 0.915
 0.904
 0.876
 0.893
 0.903
 0.900
 0.912
 0.918
 0.903
 0.913
 0.920
 0.931
 0.913
 0.913
 0.915
 0.915
 0.932
 0.932
 0.926
 0.929
 0.910
 0.922
 0.913
 0.919
 0.912
 0.920
 0.890
 0.909
 0.912
 0.919
 0.906
 0.907
 0.919
 0.916
 0.929
 0.901
 0.901
 0.909
 0.898
 0.935
 0.919
 0.916
 0.915
 0.913
 0.904
 0.928
 0.919
 0.926
 0.909
 0.919
 0.941
 0.922
 0.913
 0.922
 0.906
 0.920
 0.893
 0.925
 0.895
 0.916
 0.920
 0.931
 0.892
 0.891
 0.923
 0.906
 0.898
 0.916
 0.929
 0.918
 0.925
 0.923
 0.907
 0.901
 0.926
 0.909
 0.922
 0.910
 0.904
 0.910
 0.898
 0.910
 0.913
 0.916
 0.907
 0.915
 0.931
 0.916
 0.882
 0.901
 0.916
 0.867
 0.916
 0.910
 0.909
 0.897
 0.925
 0.907
 0.900
 0.918
 0.887
 0.915
 0.910
 0.904
 0.910
 0.916
 0.935
 0.897
 0.915
 0.910
 0.890
 0.923
 0.910
 0.895
 0.910
 0.903
 0.903
 0.915
 0.890
 0.904
 0.884
 0.887
 0.901
 0.910
 0.909
 0.920
 0.932
 0.897
 0.906
 0.931
 0.907
 0.916
 0.907
 0.926
 0.903
 0.906
 0.918
 0.904
 0.920
 0.923
 0.900
 0.915
 0.906
 0.925
 0.918
 0.934
 0.919
 0.919
 0.891
 0.929
 0.872
 0.923
 0.915
 0.897
 0.926
 0.904
 0.918
 0.898
 0.907
 0.898
 0.887
 0.916
 0.918
 0.895
 0.919
 0.909
 0.888
 0.897
 0.912
 0.906
 0.893
 0.935
 0.929
 0.909
 0.918
 0.937
 0.922
 0.901
 0.912
 0.925
 0.904
 0.923
 0.913
 0.929
 0.913
 0.931
 0.912
 0.906
 0.906
 0.916
 0.888
 0.922
 0.907
 0.929
 0.925
 0.919
 0.931
 0.925
 0.876
 0.897
 0.915
 0.919
 0.900
 0.909
 0.931
 0.904
 0.919
 0.918
 0.904
 0.893
 0.892
 0.907
 0.929
 0.891
 0.918
 0.929
 0.900
 0.907
 0.909
 0.901
 0.901
 0.918
 0.912
 0.920
 0.925
 0.913
 0.909
 0.906
 0.875
 0.904
 0.907
 0.900
 0.888
 0.900
 0.929
 0.910
 0.900
 0.909
 0.909
 0.919
 0.912
 0.931
 0.915
 0.931
 0.920
 0.919
 0.912
 0.920
 0.923
 0.903
 0.898
 0.929
 0.912
 0.929
 0.907
 0.922
 0.903
 0.907
 0.935
 0.920
 0.926
 0.909
 0.923
 0.929
 0.898
 0.918
 0.901
 0.937
 0.891
 0.891
 0.915
 0.900
 0.895
 0.862
 0.910
 0.903
 0.931
 0.925
 0.913
 0.888
 0.904
 0.919
 0.923
 0.906
 0.885
 0.925
 0.893
 0.925
 0.895
 0.913
 0.932
 0.918
 0.919
 0.918
 0.916
 0.909
 0.928
 0.925
 0.894
 0.919
 0.931
 0.912
 0.909
 0.919
 0.903
 0.912
 0.931
 0.912
 0.925
 0.929
 0.887
 0.895
 0.919
 0.903
 0.901
 0.923
 0.925
 0.910
 0.888
 0.903
 0.909
 0.915
 0.893
 0.920
 0.906
 0.915
 0.931
 0.901
 0.912
 0.918
 0.891
 0.918
 0.928
 0.919
 0.919
 0.901
 0.926
 0.897
 0.906
 0.912
 0.913
 0.925
 0.904
 0.907
 0.910
 0.910
 0.903
 0.925
 0.937
 0.894
 0.920
 0.901
 0.903
 0.898
 0.925
 0.898
 0.904
 0.895
 0.932
 0.926
 0.915
 0.909
 0.903
 0.912
 0.884
 0.916
 0.912
 0.900
 0.909
 0.922
 0.931
 0.901
 0.906
 0.919
 0.922
 0.919
 0.912
 0.893
 0.894
 0.907
 0.934
 0.918
 0.901
 0.875
 0.901
 0.891
 0.931
 0.891
 0.912
 0.907
 0.922
 0.897
 0.915
 0.925
 0.925
 0.913
 0.931
 0.912
 0.891
 0.885
 0.926
 0.926
 0.934
 0.926
 0.901
 0.916
 0.907
 0.915
 0.910
 0.923
 0.919
 0.910
 0.920
 0.929
 0.916
 0.916
 0.910
 0.907
 0.918
 0.922
 0.919
 0.909
 0.913
 0.918
 0.907
 0.887
 0.932
 0.898
 0.916
 0.922
 0.935
 0.926
 0.888
 0.870
 0.926
 0.923
 0.897
 0.935
 0.912
 0.918
 0.910
 0.925
 0.907
 0.940
 0.897
 0.910
 0.894
 0.912
 0.929
 0.909
 0.901
 0.884
 0.898
 0.920
 0.906
 0.898
 0.909
 0.895
 0.931
 0.910
 0.935
 0.928
 0.906
 0.915
 0.909
 0.907
 0.867
 0.915
 0.907
 0.925
 0.913
 0.913
 0.913
 0.904
 0.909
 0.923
 0.934
 0.894
 0.915
 0.909
 0.920
 0.925
 0.897
 0.913
 0.926
 0.891
 0.893
 0.919
 0.888
 0.916
 0.907
 0.915
 0.906
 0.923
 0.891
 0.926
 0.923
 0.931
 0.918
 0.907
 0.909
 0.891
 0.922
 0.916
 0.904
 0.907
 0.907
 0.926
 0.887
 0.934
 0.913
 0.918
 0.907
 0.910
 0.925
 0.887
 0.895
 0.910
 0.918
 0.926
 0.916
 0.906
 0.931
 0.910
 0.913
 0.907
 0.915
 0.909
 0.926
 0.900
 0.920
 0.912
 0.912
 0.912
 0.891
 0.909
 0.920
 0.898
 0.901
 0.903
 0.909
 0.904
 0.916
 0.909
 0.937
 0.910
 0.937
 0.926
 0.895
 0.884
 0.920
 0.931
 0.915
 0.891
 0.918
 0.884
 0.919
 0.891
 0.891
 0.900
 0.920
 0.893
 0.909
 0.906
 0.913
 0.916
 0.919
 0.910
 0.909
 0.890
 0.926
 0.932
 0.895
 0.922
 0.920
 0.900
 0.923
 0.929
 0.907
 0.931
 0.923
 0.906
 0.916
 0.929
 0.915
 0.897
 0.909
 0.894
 0.895
 0.920
 0.912
 0.897
 0.929
 0.915
 0.910
 0.922
 0.912
 0.913
 0.918
 0.929
 0.918
 0.919
 0.928
 0.901
 0.898
 0.926
 0.912
 0.903
 0.931
 0.904
 0.926
 0.919
 0.935
 0.910
 0.887
 0.916
 0.916
 0.909
 0.906
 0.916
 0.907
 0.922
 0.916
 0.893
 0.916
 0.920
 0.920
 0.919
 0.900
 0.923
 0.937
 0.913
 0.922
 0.940
 0.919
 0.901
 0.928
 0.909
 0.913
 0.941
 0.878
 0.912
 0.918
 0.894
 0.907
 0.919
 0.909
 0.900
 0.900
 0.929
 0.890
 0.913
 0.906
 0.907
 0.937
 0.920
 0.898
 0.931
 0.916
 0.906
 0.915
 0.935
 0.901
 0.925
 0.913
 0.916
 0.903
 0.904
 0.904
 0.906
 0.903
 0.919
 0.903
 0.910
 0.925
 0.912
 0.931
 0.907
 0.898
 0.910
 0.907
 0.915
 0.909
 0.925
 0.909
 0.907
 0.916
 0.907
 0.922
 0.894
 0.890
 0.931
 0.907
 0.923
 0.928
 0.907
 0.910
 0.913
 0.918
 0.893
 0.903
 0.932
 0.900
 0.918
 0.922
 0.928
 0.907
 0.910
 0.919
 0.895
 0.909
 0.931
 0.907
 0.904
 0.923
 0.928
 0.893
 0.926
 0.946
 0.867
 0.882
 0.906
 0.920
 0.912
 0.916
 0.900
 0.907
 0.913
 0.909
 0.920
 0.920
 0.904
 0.906
 0.904
 0.887
 0.912
 0.912
 0.910
 0.918
 0.907
 0.909
 0.907
 0.891
 0.891
 0.925
 0.925
 0.903
 0.909
 0.881
 0.920
 0.895
 0.915
 0.867
 0.904
 0.925
 0.895
 0.888
 0.901
 0.897
 0.893
 0.900
 0.925
 0.903
 0.912
 0.900
 0.923
 0.926
 0.923
 0.928
 0.935
 0.912
 0.887
 0.909
 0.931
 0.907
 0.920
 0.900
 0.900
 0.910
 0.912
 0.909
 0.920
 0.920
 0.929
 0.916
 0.915
 0.903
 0.922
 0.910
 0.898
 0.906
 0.931
 0.918
 0.929
 0.920
 0.907
 0.873
 0.904
 0.928
 0.912
 0.898
 0.907
 0.897
 0.913
 0.901
 0.890
 0.929
 0.919
 0.912
 0.906
 0.904
 0.915
 0.926
 0.920
 0.919
 0.900
 0.925
 0.937
 0.894
 0.907
 0.915
 0.884
 0.903
 0.912
 0.913
 0.923
 0.913
 0.895
 0.906
 0.907
 0.923
 0.891
 0.893
 0.910
 0.919
 0.907
 0.912
 0.918
 0.906
 0.901
 0.912
 0.891
 0.929
 0.913
 0.920
 0.904
 0.935
 0.906
 0.920
 0.903
 0.912
 0.904
 0.910
 0.909
 0.931
 0.907
 0.909
 0.922
 0.934
 0.919
 0.915
 0.872
 0.904
 0.901
 0.881
 0.894
 0.922
 0.909
 0.923
 0.918
 0.872
 0.919
 0.913
 0.895
 0.906
 0.895
 0.928
 0.920
 0.909
 0.915
 0.915
 0.918
 0.920
 0.898
 0.915
 0.915
 0.888
 0.915
 0.915
 0.937
 0.907
 0.909
 0.901
 0.907
 0.907
 0.910
 0.923
 0.912
 0.881
 0.925
 0.890
 0.940
 0.916
 0.922
 0.910
 0.937
 0.925
 0.907
 0.904
 0.919
 0.901
 0.918
 0.901
 0.916
 0.929
 0.901
 0.919
 0.879
 0.913
 0.888
 0.934
 0.906
 0.916
 0.903
 0.907
 0.887
 0.915
 0.926
 0.915
 0.909
 0.925
 0.909
 0.907
 0.909
 0.913
 0.935
 0.903
 0.915
 0.890
 0.895
 0.900
 0.918
 0.910
 0.918
 0.918
 0.916
 0.915
 0.909
 0.903
 0.887
 0.910
 0.894
 0.916
 0.923
 0.919
 0.912
 0.903
 0.919
 0.903
 0.903
 0.932
 0.907
 0.906
 0.923
 0.906
 0.920
 0.922
 0.900
 0.926
 0.913
 0.912
 0.907
 0.891
 0.923
 0.922
 0.937
 0.900
 0.909
 0.922
 0.922
 0.926
 0.903
 0.910
 0.929
 0.910
 0.912
 0.915
 0.907
 0.895
 0.931
 0.906
 0.910
 0.920
 0.893
 0.912
 0.919
 0.912
 0.929
 0.906
 0.937

