0.4778247534628771 1
0.5925784309541162 1
0.633373324117362 1
0.6639608153985693 1
0.6830291738056673 1
0.6862906326681543 1
0.6904477016255783 1
0.6912727396709915 1
0.6928066354730994 1
0.693506926167321 1
0.7653631844414329 1
0.7785267466647201 1
0.7792322761744644 1
0.7960862923204072 1
0.8077192650041672 1
0.8494601429440212 1
0.8727065822196398 1
0.8885824291877625 1
0.9073230419408631 1
0.9095458094815647 1
0.9106426268591605 1
0.9121411819617691 1
0.9165506905536098 1
0.9176871394371723 1
0.9180492456562187 2
0.9180497357234436 1
0.9205632422941299 1
0.9206441280691982 2
0.9265526818308727 170
