
 0.478
 0.633
 0.691
 0.693
 0.694
 0.664
 0.683
 0.690
 0.593
 0.686
 0.779
 0.779
 0.765
 0.796
 0.808
 0.849
 0.873
 0.889
 0.911
 0.907
 0.917
 0.910
 0.921
 0.912
 0.921
 0.918
 0.918
 0.921
 0.918
 0.918
 0.927
 0.927
 0.927
 0.927
 0.927
 0.927
 0.927
 0.927
 0.927
 0.927
 0.927
 0.927
 0.927
 0.927
 0.927
 0.927
 0.927
 0.927
 0.927
 0.927
 0.927
 0.927
 0.927
 0.927
 0.927
 0.927
 0.927
 0.927
 0.927
 0.927
 0.927
 0.927
 0.927
 0.927
 0.927
 0.927
 0.927
 0.927
 0.927
 0.927
 0.927
 0.927
 0.927
 0.927
 0.927
 0.927
 0.927
 0.927
 0.927
 0.927
 0.927
 0.927
 0.927
 0.927
 0.927
 0.927
 0.927
 0.927
 0.927
 0.927
 0.927
 0.927
 0.927
 0.927
 0.927
 0.927
 0.927
 0.927
 0.927
 0.927
 0.927
 0.927
 0.927
 0.927
 0.927
 0.927
 0.927
 0.927
 0.927
 0.927
 0.927
 0.927
 0.927
 0.927
 0.927
 0.927
 0.927
 0.927
 0.927
 0.927
 0.927
 0.927
 0.927
 0.927
 0.927
 0.927
 0.927
 0.927
 0.927
 0.927
 0.927
 0.927
 0.927
 0.927
 0.927
 0.927
 0.927
 0.927
 0.927
 0.927
 0.927
 0.927
 0.927
 0.927
 0.927
 0.927
 0.927
 0.927
 0.927
 0.927
 0.927
 0.927
 0.927
 0.927
 0.927
 0.927
 0.927
 0.927
 0.927
 0.927
 0.927
 0.927
 0.927
 0.927
 0.927
 0.927
 0.927
 0.927
 0.927
 0.927
 0.927
 0.927
 0.927
 0.927
 0.927
 0.927
 0.927
 0.927
 0.927
 0.927
 0.927
 0.927
 0.927
 0.927
 0.927
 0.927
 0.927
 0.927
 0.927
 0.927
 0.927
 0.927
 0.927
 0.927
 0.927
 0.927
 0.927
 0.927
 0.927
 0.927

