0.3557441170330941 1
0.3957745438086056 1
0.40116060532133646 1
0.40645982139870873 1
0.40972701541235756 1
0.41200722740901136 1
0.4126629604175585 1
0.4159860872157455 1
0.41658707805831513 1
0.41706763471952873 1
0.4212000320058671 1
0.4214337330902154 1
0.4223425396465107 1
0.42245002153838046 1
0.422713300660001 1
0.4239092069589209 1
0.42435158851977406 1
0.4246109224216458 1
0.42466919743328907 1
0.42498661796952547 1
0.42611626242733636 1
0.4269979772515502 1
0.4285559427550611 1
0.4286303819148683 1
0.429531910440478 1
0.4300363429985184 1
0.4305474314754678 1
0.43068255814720174 1
0.43107277647520925 1
0.43146708584484555 1
0.4314748103972236 1
0.43162031728119 1
0.4320162866842919 1
0.4327957835579256 1
0.4333853364809919 1
0.4334405245232628 1
0.43407645701520514 1
0.434699019827852 1
0.4347443927696721 1
0.43504583931393737 1
0.43531451593689247 1
0.435830827180909 1
0.4361375609189495 1
0.43636744668667254 1
0.43657115313224254 1
0.4370943193466792 1
0.4374298136959493 1
0.43808174359435825 1
0.438468102072817 1
0.4390042339954268 1
0.43903889297081244 1
0.4390526889218686 1
0.4391307851794036 1
0.43926535943048345 1
0.4395156784370794 1
0.4396518133315242 1
0.4402508759215306 1
0.4428899062828349 1
0.4430781185329398 1
0.4432351784409649 1
0.4432752886285134 1
0.44382133800843854 1
0.44455097740534155 1
0.4448291615109751 1
0.44506096373722137 1
0.4453244407177449 1
0.44622193442310504 1
0.4463099349246782 1
0.4463137648811454 1
0.44680747865250064 1
0.4471834854805099 1
0.4474562653832196 1
0.44806839351734973 1
0.44824481636861413 1
0.4482804155074802 1
0.44835566204984667 1
0.44838982650903136 1
0.4484820353757823 1
0.449324555934039 1
0.44939976897333656 1
0.4494221491484523 1
0.4496254581554329 1
0.4496835464236899 1
0.4500880686616415 1
0.45010025485407484 1
0.451105090401035 1
0.4511081249974248 1
0.4512100490949676 1
0.451448324365752 1
0.4517388622664684 1
0.4526404870207781 1
0.45270627139895725 1
0.4529509920476261 1
0.4533269734875368 1
0.4534805423612868 1
0.4537528406368426 1
0.4550509314433977 1
0.4550596427656371 1
0.4550680747286046 1
0.4567568723368057 1
0.4568546289475691 1
0.45725657183848994 1
0.45731475798939675 1
0.45747627076716535 1
0.45831466070666055 1
0.4585465033517561 1
0.45865298989758635 1
0.4597415610056658 1
0.46040568547351257 1
0.46048110673028037 1
0.46067178963582867 1
0.4606802734171048 1
0.46083896625844917 1
0.46146680922588496 1
0.4619830616655755 1
0.4620327712416097 1
0.4626413288230166 1
0.4628958208471221 1
0.46301165545785467 1
0.463073443858582 1
0.4631146656812766 1
0.46329166937081145 1
0.4637802359743956 1
0.46391834830022255 1
0.4640809967079151 1
0.4644716558100793 1
0.46449292692108585 1
0.46453291330437024 1
0.46492240694417825 1
0.46511983083240166 1
0.46512088821092584 1
0.4651254148312819 1
0.4658755450614143 1
0.4660028293387251 1
0.46698972763531155 1
0.4676452048946721 1
0.46786052371591436 1
0.46815751342049744 1
0.4685626209416536 1
0.4686421901244547 1
0.4689180179537062 1
0.4689193389065195 1
0.4690078284036042 1
0.46906640076847517 1
0.4692998403790532 1
0.4694370790754756 1
0.4694400543089967 1
0.46964688349148515 1
0.47233481463186267 1
0.4724188329204728 1
0.47305297266334534 1
0.47310956175039814 1
0.4732613080585215 1
0.47520429489740207 1
0.4755057407503924 1
0.4761663788767244 1
0.47685536791202354 1
0.47690921319284596 1
0.476965955939829 1
0.47760324340772925 1
0.4779742833399536 1
0.4784326506277302 1
0.47868163749683573 1
0.478864072242197 1
0.4790171646969219 1
0.4795632572330216 1
0.47959332590588105 1
0.479604687809839 1
0.48175993786655413 1
0.48204415873037815 1
0.4829816078705133 1
0.48320638159150286 1
0.48412730553214867 1
0.4849622958060795 1
0.48528121317614137 1
0.48588814573725086 1
0.48595945794230105 1
0.4882043558893312 1
0.4882640884153186 1
0.4887613660850639 1
0.48880483302469435 1
0.4890010130821697 1
0.4899820129463079 1
0.49016982620819866 1
0.491631868811659 1
0.4917549611226207 1
0.49199608660604893 1
0.49608419563286893 1
0.49636697266761204 1
0.4980821941924184 1
0.5012442291121553 1
0.5027454810705633 1
0.504372906653969 1
0.5051759148916154 1
0.5066320267371595 1
0.5068047267776357 1
0.5079712666233184 1
0.5080590263600417 1
0.5152814504579679 1
0.5189377851000103 1
