0.4274638663620381 1
0.42969366220461525 1
0.43104004731661566 1
0.4337511539481976 1
0.4344281260783665 1
0.4440947105127222 1
0.45053529356041033 1
0.45199605780515645 1
0.4534233521218392 1
0.4537965046019024 1
0.456372611778791 1
0.4569791938879211 1
0.46027806149515044 1
0.46040675384824703 1
0.4617031651163543 1
0.4628514633724858 1
0.46382720048761716 1
0.46419655746042227 1
0.4671235830075661 1
0.4678009431965451 1
0.46787146490784437 1
0.46821082924882274 1
0.4697129790945986 1
0.47042935260953067 1
0.4706391939346187 1
0.4711030047524128 1
0.4716074423269287 1
0.4716857096065244 1
0.47226623624963715 1
0.4725660930592113 1
0.4731926232560763 1
0.4732359597988517 1
0.47413106806554445 1
0.47451885489441503 1
0.47464239519349244 1
0.4748262802516552 1
0.47558796388929614 1
0.4765131817905705 1
0.47689957898384494 1
0.47760287318070527 1
0.47767818502006504 1
0.4777284502862828 1
0.47851318119299185 1
0.4785139045672422 1
0.478837786753853 1
0.4790576253114384 1
0.4791847276042198 1
0.4798143265888954 1
0.47985131551266674 1
0.48026909024759074 1
0.48172367274400396 1
0.4827051011862424 1
0.4827102897028975 1
0.48291980569762605 1
0.483764706695863 1
0.4851973443170586 1
0.485614017213785 1
0.48618035041064916 1
0.48643555876536 1
0.48685739120127886 1
0.4870319175482466 1
0.4872948956303517 1
0.48797034851244936 1
0.48863094190581946 1
0.4893601786353868 1
0.48973507183540477 1
0.4902749751781488 1
0.49048490968427744 1
0.4906629467075396 1
0.4909715822918541 1
0.4913273384266049 1
0.49142331732316913 1
0.49167311947963527 1
0.49198174598574235 1
0.4922990339902391 1
0.4925871915705535 1
0.4926793381557735 1
0.49295418207402236 1
0.4935765567152454 1
0.4954478948182168 1
0.49547459031880675 1
0.49675643590212437 1
0.4977386727665828 1
0.49774457618464163 1
0.4980672171096072 1
0.49833090191799573 1
0.49851799909117134 1
0.49872909096195966 1
0.49908836279799956 1
0.49935696163944704 1
0.4993639412006765 1
0.500977558192103 1
0.5012408484544264 1
0.5013733411941441 1
0.5018729872080193 1
0.5019098348566804 1
0.5021103252522539 1
0.5026198180515276 1
0.5033302246189234 1
0.504044254923131 1
0.5040474106475681 1
0.5040657673714241 1
0.5048343459338314 1
0.5055963533746817 1
0.5057387958036313 1
0.5059426901913341 1
0.5059486965721388 1
0.5059937292351323 1
0.5063889415400097 1
0.5065402142161555 1
0.5066920360296355 1
0.5069983331450268 1
0.5079561285537936 1
0.508007454722551 1
0.5081146314352363 1
0.5086360209194448 1
0.5090141478651704 1
0.5094581431380526 1
0.5097680401256314 1
0.5098308655921857 1
0.5104479378432039 1
0.5106922443788036 1
0.5113178103491659 1
0.5117751637126582 1
0.5118154718738015 1
0.5118549756716501 1
0.5119944677371128 1
0.5121161013590974 1
0.5123263552923091 1
0.5124076756223358 1
0.5126715028918519 1
0.5128103359218797 1
0.5131957435633632 1
0.5133381455658936 1
0.5145085296764943 1
0.5149549656273082 1
0.5153194809866188 1
0.5159702619786308 1
0.5168492230428546 1
0.5172032639652687 1
0.5172876834664484 1
0.5173953255157889 1
0.5178384730297245 1
0.5184121491037653 1
0.5184724812372795 1
0.5187156847346054 1
0.5191890411740406 1
0.5194120571506129 1
0.5196862943491759 1
0.5204492509054893 1
0.5207860344675336 1
0.5223524902128078 1
0.5224628550253236 1
0.5225864708437803 1
0.522600099846349 1
0.5233517593654105 1
0.5241868676788747 1
0.5242571143807444 1
0.5252546208905059 1
0.5254261077735937 1
0.525604766592036 1
0.5259077777974044 1
0.5259626887169011 1
0.5276456176775092 1
0.5279271852790857 1
0.5295103801999015 1
0.5296900108360033 1
0.5315178324319279 1
0.5321554042340189 1
0.5324172032385112 1
0.5326597658507797 1
0.5330887361645662 1
0.5341139122568556 1
0.5361126030019798 1
0.5368745341058492 1
0.53734885102012 1
0.5383415625041215 1
0.5390932004227961 1
0.5395250852237133 1
0.5396513964514289 1
0.5398029617925123 1
0.5413545276537 1
0.5442173780063679 1
0.5446728305170829 1
0.5465431257517501 1
0.5466519682668725 1
0.5478468498357218 1
0.5491664307449292 1
0.5493862887917449 1
0.5494836846635106 1
0.5520160425613989 1
0.5524097025956097 1
0.557878146097989 1
0.5595120525933303 1
0.5611777130869937 1
0.5641096347889487 1
0.5662011876567358 1
0.573349192154994 1
0.5843403382720189 1
0.5863499680126139 1
