
 0.519
 0.474
 0.480
 0.471
 0.506
 0.512
 0.479
 0.473
 0.512
 0.515
 0.573
 0.512
 0.494
 0.493
 0.495
 0.512
 0.451
 0.470
 0.512
 0.487
 0.431
 0.464
 0.485
 0.517
 0.498
 0.457
 0.492
 0.552
 0.512
 0.491
 0.487
 0.479
 0.502
 0.475
 0.518
 0.453
 0.454
 0.560
 0.434
 0.501
 0.505
 0.508
 0.490
 0.499
 0.548
 0.489
 0.512
 0.537
 0.495
 0.549
 0.499
 0.491
 0.468
 0.506
 0.501
 0.528
 0.519
 0.539
 0.462
 0.530
 0.503
 0.478
 0.517
 0.492
 0.504
 0.487
 0.468
 0.509
 0.477
 0.497
 0.486
 0.477
 0.507
 0.538
 0.533
 0.460
 0.478
 0.501
 0.480
 0.523
 0.541
 0.483
 0.475
 0.506
 0.510
 0.479
 0.499
 0.472
 0.519
 0.491
 0.498
 0.467
 0.503
 0.513
 0.510
 0.536
 0.526
 0.473
 0.452
 0.532
 0.502
 0.545
 0.506
 0.427
 0.470
 0.504
 0.468
 0.520
 0.498
 0.476
 0.544
 0.478
 0.517
 0.540
 0.493
 0.511
 0.522
 0.549
 0.524
 0.506
 0.456
 0.508
 0.464
 0.498
 0.561
 0.534
 0.463
 0.483
 0.547
 0.509
 0.499
 0.513
 0.515
 0.444
 0.460
 0.489
 0.528
 0.524
 0.513
 0.516
 0.537
 0.508
 0.584
 0.484
 0.490
 0.493
 0.525
 0.518
 0.483
 0.507
 0.549
 0.471
 0.430
 0.473
 0.510
 0.518
 0.486
 0.586
 0.532
 0.480
 0.511
 0.513
 0.523
 0.566
 0.540
 0.479
 0.507
 0.533
 0.552
 0.517
 0.499
 0.486
 0.558
 0.472
 0.520
 0.547
 0.523
 0.540
 0.504
 0.532
 0.491
 0.434
 0.479
 0.482
 0.492
 0.488
 0.526
 0.515
 0.526
 0.475
 0.525
 0.521
 0.502
 0.490
 0.564
 0.506
 0.522
 0.472
 0.509
 0.530

