
 0.441
 0.534
 0.553
 0.555
 0.555
 0.555
 0.555
 0.555
 0.555
 0.555
 0.555
 0.555
 0.555
 0.555
 0.555
 0.555
 0.555
 0.555
 0.555
 0.555
 0.555
 0.555
 0.555
 0.555
 0.555
 0.555
 0.555
 0.555
 0.555
 0.555
 0.555
 0.555
 0.555
 0.555
 0.555
 0.555
 0.555
 0.555
 0.555
 0.555
 0.555
 0.555
 0.555
 0.555
 0.555
 0.555
 0.555
 0.555
 0.555
 0.555
 0.555
 0.555
 0.555
 0.555
 0.555
 0.555
 0.555
 0.555
 0.555
 0.555
 0.555
 0.555
 0.555
 0.555
 0.555
 0.555
 0.555
 0.555
 0.555
 0.555
 0.555
 0.555
 0.555
 0.555
 0.555
 0.555
 0.555
 0.555
 0.555
 0.555
 0.555
 0.555
 0.555
 0.555
 0.555
 0.555
 0.555
 0.555
 0.555
 0.555
 0.555
 0.555
 0.555
 0.555
 0.555
 0.555
 0.555
 0.555
 0.555
 0.555
 0.555
 0.555
 0.555
 0.555
 0.555
 0.555
 0.555
 0.555
 0.555
 0.555
 0.555
 0.555
 0.555
 0.555
 0.555
 0.555
 0.555
 0.555
 0.555
 0.555
 0.555
 0.555
 0.555
 0.555
 0.555
 0.555
 0.555
 0.555
 0.555
 0.555
 0.555
 0.555
 0.555
 0.555
 0.555
 0.555
 0.555
 0.555
 0.555
 0.555
 0.555
 0.555
 0.555
 0.555
 0.555
 0.555
 0.555
 0.555
 0.555
 0.555
 0.555
 0.555
 0.555
 0.555
 0.555
 0.555
 0.555
 0.555
 0.555
 0.555
 0.555
 0.555
 0.555
 0.555
 0.555
 0.555
 0.555
 0.555
 0.555
 0.555
 0.555
 0.555
 0.555
 0.555
 0.555
 0.555
 0.555
 0.555
 0.555
 0.555
 0.555
 0.555
 0.555
 0.555
 0.555
 0.555
 0.555
 0.555
 0.555
 0.555
 0.555
 0.555
 0.555
 0.555
 0.555
 0.555
 0.555
 0.555
 0.555
 0.555

