0.4359975075319348 1
0.44444895643825544 1
0.44961683731249313 1
0.44973010182973616 1
0.458310905671206 1
0.45836492641147486 1
0.46139198073930815 1
0.462194017294081 1
0.4630752370837798 1
0.46344938203623537 1
0.46538640509381596 1
0.46661204546852025 1
0.46825720931736003 1
0.4714670709900336 1
0.47238184412142487 1
0.47239680844225357 1
0.4760824001805284 1
0.4762270521211176 1
0.4765282087051855 1
0.47765920563093195 1
0.4779955835914818 1
0.4794967059082016 1
0.4814194453782977 1
0.48201315607723905 1
0.4822558653118631 1
0.48243536494223427 1
0.4851984341105101 1
0.48573686869339744 1
0.48642037685923506 1
0.48706653644565046 1
0.4876970251866837 1
0.4878283617863729 1
0.48810469265022827 1
0.4882497368219467 1
0.4883175309868013 1
0.48839289913203665 1
0.48861542981287903 1
0.489387282377802 1
0.48941972461595457 1
0.489503018651459 1
0.4920925968266699 1
0.49236713625150985 1
0.49245003925706243 1
0.4924548053670682 1
0.4926149135155334 1
0.4932574511711567 1
0.494132228897369 1
0.4941809919486137 1
0.4944118865213108 1
0.4947889979667142 1
0.4949305183040261 1
0.49500465507365915 1
0.49505125174455045 1
0.4952030321188174 1
0.4953358097544007 1
0.4957362994486428 1
0.49577497783489877 1
0.49602887146333513 1
0.49635600165636623 1
0.49647139435963994 1
0.4964721979296343 1
0.49705044187975583 1
0.49787648384178695 1
0.4984617122768224 1
0.4986844328337744 1
0.4989932023458568 1
0.4997017891206852 1
0.49993652253917564 1
0.5000386320839796 1
0.500187323653448 1
0.5016965102576705 1
0.5018948584605396 1
0.5019048583707186 1
0.5025134177406351 1
0.5025720685497338 1
0.5028624932030529 1
0.502929039750426 1
0.5032271517746006 1
0.5037365761057464 1
0.5039480909140749 1
0.5042865470068518 1
0.5043437977083802 1
0.5043823465147289 1
0.5045226350433863 1
0.5052157419149957 1
0.5054174249523101 1
0.5056507410872639 1
0.5061207445464244 1
0.5067213079093515 1
0.5067650474386763 1
0.5071534298247767 1
0.5084382320122015 1
0.5087167293537818 1
0.508852878336945 1
0.509732094923611 1
0.5098782903095298 1
0.5099388030451196 1
0.5100467980765004 1
0.5113605748649158 1
0.5116938476165724 1
0.5119669424106023 1
0.5121066846587067 1
0.5131857177129409 1
0.5134037473055312 1
0.5134283575911806 1
0.5135630336757807 1
0.5141441990281754 1
0.5142967727417657 1
0.5143452970682105 1
0.5143911147709057 1
0.5155443884929602 1
0.5157933347087674 1
0.5169443398078696 1
0.5174415575818684 1
0.517554223764813 1
0.5178966769696123 1
0.518230478981481 1
0.5187136824717045 1
0.5208186885837933 1
0.5216936351397043 1
0.5221465150304139 1
0.5224713819734174 1
0.5225268041221711 1
0.5229809686060711 1
0.5230491914106242 1
0.524480832836613 1
0.5246704680837359 1
0.5249022051041589 1
0.5253850554955641 1
0.5254983786249229 1
0.5258341711431069 1
0.5258576363350371 1
0.5260848004885049 1
0.5261900740437302 1
0.5272725306062275 1
0.527487275410807 1
0.5281294219234686 1
0.5285675572384253 1
0.5286742770234145 1
0.528782243147239 1
0.5291465317473185 1
0.5295575843287663 1
0.5296740992680276 1
0.5301028088882539 1
0.530274719429058 1
0.5306679552302682 1
0.5312193105885674 1
0.5320065363661917 1
0.5320431253927214 1
0.5324569501528729 1
0.532885252351456 1
0.5331747199461472 1
0.5333793737745041 1
0.5335679413048211 1
0.5336044196530842 1
0.5336942475037751 1
0.5339815760556209 1
0.5345412019109321 1
0.5349091824096427 1
0.5362240770478034 1
0.5364793568396772 1
0.5368675766602632 1
0.5375138434987844 1
0.5377648785437263 1
0.5388524720673794 1
0.5399682201893374 1
0.5405243068160104 1
0.540814045499351 1
0.5411985654092043 1
0.5419591776186448 1
0.5435526516635651 1
0.5445985789971749 1
0.5458612253769094 1
0.5463516306932212 1
0.547310506794746 1
0.547558302605889 1
0.5481161506900594 1
0.548511496197077 1
0.5486648016888871 1
0.5504692629457815 1
0.5514470873711629 1
0.5526162442919067 1
0.5535836484939813 1
0.5548148149577632 1
0.5554167428685365 1
0.5556853630247557 1
0.5559815794640558 1
0.5570412104656195 1
0.5571173016262569 1
0.5585941258184051 1
0.558760953825654 1
0.5588949081213089 1
0.5608235632505871 1
0.5623443836157557 1
0.5655488955302176 1
0.5666317592386854 1
0.5711879721347468 1
0.5729312547020153 1
0.5752768772904051 1
0.5778481927609143 1
