
 0.530
 0.494
 0.533
 0.503
 0.481
 0.530
 0.562
 0.495
 0.516
 0.546
 0.531
 0.488
 0.492
 0.556
 0.494
 0.510
 0.550
 0.575
 0.548
 0.498
 0.461
 0.530
 0.555
 0.573
 0.504
 0.505
 0.503
 0.529
 0.478
 0.496
 0.551
 0.489
 0.492
 0.536
 0.500
 0.522
 0.510
 0.495
 0.488
 0.507
 0.513
 0.462
 0.478
 0.531
 0.524
 0.540
 0.506
 0.544
 0.513
 0.502
 0.578
 0.482
 0.523
 0.555
 0.477
 0.492
 0.513
 0.496
 0.514
 0.471
 0.467
 0.525
 0.529
 0.489
 0.503
 0.472
 0.500
 0.527
 0.507
 0.529
 0.542
 0.549
 0.499
 0.526
 0.533
 0.493
 0.500
 0.528
 0.532
 0.503
 0.495
 0.504
 0.534
 0.559
 0.488
 0.526
 0.505
 0.518
 0.557
 0.444
 0.450
 0.495
 0.507
 0.537
 0.567
 0.539
 0.509
 0.512
 0.496
 0.538
 0.557
 0.523
 0.535
 0.536
 0.519
 0.502
 0.485
 0.534
 0.510
 0.463
 0.516
 0.534
 0.548
 0.526
 0.508
 0.541
 0.522
 0.523
 0.509
 0.504
 0.499
 0.458
 0.522
 0.505
 0.514
 0.511
 0.504
 0.514
 0.571
 0.514
 0.495
 0.506
 0.492
 0.532
 0.541
 0.489
 0.566
 0.463
 0.436
 0.488
 0.554
 0.486
 0.541
 0.517
 0.476
 0.525
 0.514
 0.518
 0.534
 0.479
 0.533
 0.490
 0.546
 0.498
 0.526
 0.493
 0.458
 0.517
 0.488
 0.525
 0.525
 0.482
 0.549
 0.530
 0.559
 0.553
 0.510
 0.556
 0.487
 0.468
 0.496
 0.476
 0.518
 0.496
 0.497
 0.450
 0.504
 0.535
 0.561
 0.521
 0.486
 0.465
 0.532
 0.512
 0.529
 0.494
 0.472
 0.527
 0.488
 0.496
 0.482
 0.512
 0.545
 0.495
 0.500
 0.503
 0.559
 0.547
 0.538
 0.502

