0.4642362830798701 1
0.4651427558391506 1
0.4692081129717885 1
0.4738709230029584 1
0.4768801495982457 1
0.4768801507213635 1
0.4794702938327137 1
0.48386406105227514 1
0.484773708720012 1
0.4880076632622095 1
0.48832965732914596 1
0.49091222832503745 1
0.4909567034897648 1
0.4923768731843283 1
0.4925852811658281 1
0.49267912888259224 1
0.4935926393180264 1
0.4937426907716491 1
0.4951499961742932 1
0.49599037575185284 1
0.4960160711963693 1
0.4961026122538438 1
0.49778810131670503 1
0.4991333081514584 1
0.4992394414563509 1
0.500413020652136 1
0.5005658684880944 1
0.5007879932991364 1
0.5022650843106886 1
0.5022818954536297 1
0.5023869888942847 1
0.5023907735290635 1
0.5025058069415048 1
0.5025327532266319 1
0.5026316885684982 1
0.5027119211322175 1
0.5029595988455113 1
0.503357177782781 1
0.503672844454477 1
0.5037069158734452 1
0.5039651346279765 1
0.5045524355942911 1
0.5045573422912372 1
0.5047806612044429 1
0.5055159469975719 1
0.5057907510303621 1
0.5059775382852593 1
0.5060527111029096 1
0.506307032084658 1
0.5065675384977877 1
0.5073269219692976 1
0.5073297308427234 1
0.50748813879199 1
0.5077492075274407 1
0.508383539957728 1
0.5091521873466591 1
0.5092380686736493 1
0.5097572627909428 1
0.5097859041852326 1
0.5103367278527379 1
0.5109979868433042 1
0.5111044297962878 1
0.5111077301091659 1
0.5113498994352824 1
0.5116281451718215 1
0.5116499754308313 1
0.511851501766865 1
0.5120681107425225 1
0.5121283753256463 1
0.5121896721313471 1
0.5130342078182859 1
0.5131810137012849 1
0.5137726748534545 1
0.5143581269099111 1
0.5144507095918585 1
0.5144517732849225 1
0.514744193457778 1
0.5148658524358058 1
0.5151815841326614 1
0.5161938273580722 1
0.5164031072623027 1
0.5166136162126386 1
0.5166198897252562 1
0.5167198928334539 1
0.5176588202237694 1
0.5182629404727132 1
0.5185091405308988 1
0.5187137576706347 1
0.5188404323247507 1
0.5190688881735922 1
0.5191397534823646 1
0.5194589213364794 1
0.5194776381982665 1
0.5195470285901262 1
0.5197609058511667 1
0.5198496138565788 1
0.5203660876987308 1
0.5205204793333067 1
0.5207677440575487 1
0.5207855232170807 1
0.521845319709593 1
0.5220197749406497 1
0.5220872491397701 1
0.522163541433445 1
0.5224125753165536 1
0.5228247872796489 1
0.523596165126799 1
0.5239055566861368 1
0.5242080730665721 1
0.5242569791527659 1
0.5244958157724736 1
0.5246444441090995 1
0.5248360400671245 1
0.5250258590629829 1
0.525026836624219 1
0.5250534645678324 1
0.5250680364181014 1
0.5252813705087997 1
0.5256459146724318 1
0.5257726842209658 1
0.5260411287246769 1
0.5262598364530211 1
0.5266467472488476 1
0.5267519572021013 1
0.5270381250916428 1
0.5271291574396966 1
0.5275073036290793 1
0.5277317931547831 1
0.5277999925146505 1
0.5283321693525156 1
0.5285023511356303 1
0.5286188544551771 1
0.5288493088116905 1
0.5291205456989243 1
0.529175824195989 1
0.5292795326223068 1
0.5293424559273879 1
0.5294207014139711 1
0.5295403558348906 1
0.5298062038843167 1
0.5299728249710552 1
0.5305463094162873 1
0.5305856101203713 1
0.5309057891560581 1
0.5310673083111282 1
0.5311415752611428 1
0.5313540037060974 1
0.5326122695499674 1
0.5326216751988826 1
0.5333225246773476 1
0.5336999744496941 1
0.5341795219186739 1
0.5345640480483218 1
0.535229383514294 1
0.5353902054138724 1
0.535414665096007 1
0.5364115630961729 1
0.5366419770819895 1
0.5375070104344716 1
0.5399755830802166 1
0.5405390295401822 1
0.5409040832760043 1
0.5416298726744231 1
0.5419285118876862 1
0.5420290504827512 1
0.5425434186718913 1
0.5426706295417736 1
0.543098852959383 1
0.543299578167141 1
0.5435897004012278 1
0.5437482294245288 1
0.544226882721742 1
0.5448255518465023 1
0.5455690578870251 1
0.5460419819087363 1
0.5477339165743621 1
0.5479815325777697 1
0.5481945861865873 1
0.5485406808018781 1
0.5494014015110268 1
0.549574514982256 1
0.5497783741194918 1
0.5498592818234023 1
0.5503449476542831 1
0.5518528519380146 1
0.5520120327014255 1
0.5528692181649754 1
0.5531991398763831 1
0.5535969824010479 1
0.55403413654106 1
0.5546509224495881 1
0.5565522995553983 1
0.5577223999622875 1
0.5580740734660229 1
0.5596944902583102 1
0.5598320214108822 1
0.5628855244711364 1
0.5657868132595638 1
0.5682821217540401 1
0.5772203042607216 1
