
 0.499
 0.533
 0.514
 0.529
 0.503
 0.531
 0.512
 0.504
 0.544
 0.465
 0.528
 0.503
 0.531
 0.535
 0.524
 0.503
 0.511
 0.529
 0.492
 0.515
 0.499
 0.502
 0.553
 0.477
 0.546
 0.524
 0.522
 0.511
 0.494
 0.479
 0.508
 0.530
 0.521
 0.552
 0.488
 0.529
 0.525
 0.505
 0.506
 0.514
 0.496
 0.493
 0.519
 0.525
 0.543
 0.494
 0.529
 0.500
 0.521
 0.469
 0.550
 0.530
 0.510
 0.528
 0.485
 0.529
 0.517
 0.550
 0.566
 0.537
 0.533
 0.529
 0.520
 0.522
 0.510
 0.512
 0.502
 0.522
 0.541
 0.509
 0.504
 0.530
 0.563
 0.549
 0.506
 0.534
 0.501
 0.531
 0.506
 0.528
 0.552
 0.554
 0.514
 0.554
 0.513
 0.518
 0.548
 0.512
 0.509
 0.511
 0.540
 0.503
 0.502
 0.493
 0.526
 0.507
 0.507
 0.519
 0.529
 0.535
 0.496
 0.524
 0.543
 0.541
 0.527
 0.520
 0.525
 0.502
 0.528
 0.519
 0.526
 0.519
 0.505
 0.545
 0.531
 0.515
 0.558
 0.527
 0.544
 0.560
 0.516
 0.543
 0.498
 0.519
 0.512
 0.533
 0.544
 0.535
 0.484
 0.546
 0.510
 0.517
 0.525
 0.519
 0.511
 0.526
 0.529
 0.503
 0.536
 0.548
 0.542
 0.503
 0.507
 0.558
 0.507
 0.506
 0.512
 0.542
 0.477
 0.525
 0.474
 0.514
 0.527
 0.538
 0.517
 0.488
 0.526
 0.534
 0.525
 0.495
 0.548
 0.501
 0.464
 0.496
 0.520
 0.521
 0.508
 0.549
 0.577
 0.519
 0.531
 0.491
 0.523
 0.550
 0.525
 0.491
 0.512
 0.555
 0.527
 0.505
 0.531
 0.535
 0.515
 0.522
 0.518
 0.553
 0.504
 0.542
 0.524
 0.524
 0.520
 0.513
 0.522
 0.550
 0.557
 0.506
 0.543
 0.568
 0.516
 0.560

