
 2.530
 2.510
 2.350
 2.790
 2.610
 2.450
 2.400
 2.560
 2.420
 2.630
 2.390
 2.250
 2.760
 2.390
 2.250
 2.580
 2.620
 2.920
 2.610
 2.550
 2.590
 2.760
 2.670
 2.900
 2.400
 2.260
 2.340
 2.410
 2.140
 2.910
 2.720
 2.690
 2.310
 2.640
 2.150
 2.580
 2.440
 2.270
 2.200
 2.270
 2.270
 2.650
 2.480
 2.450
 2.320
 2.690
 2.720
 2.470
 2.480
 2.350
 2.610
 2.750
 2.660
 2.320
 2.380
 2.650
 2.500
 2.350
 2.500
 2.290
 2.450
 2.520
 2.520
 2.430
 2.590
 2.580
 2.290
 2.610
 2.310
 2.370
 2.440
 2.430
 2.530
 2.560
 2.400
 2.670
 2.550
 2.550
 2.610
 2.480

