
 0.514
 0.496
 0.544
 0.471
 0.494
 0.483
 0.528
 0.542
 0.500
 0.470
 0.466
 0.485
 0.466
 0.509
 0.512
 0.447
 0.500
 0.485
 0.489
 0.487
 0.472
 0.498
 0.506
 0.495
 0.498
 0.552
 0.494
 0.488
 0.508
 0.464
 0.506
 0.490
 0.519
 0.512
 0.510
 0.520
 0.468
 0.488
 0.529
 0.555
 0.474
 0.525
 0.484
 0.468
 0.514
 0.531
 0.457
 0.506
 0.522
 0.495
 0.512
 0.479
 0.445
 0.515
 0.504
 0.445
 0.515
 0.484
 0.476
 0.472
 0.474
 0.527
 0.539
 0.535
 0.482
 0.480
 0.444
 0.489
 0.502
 0.488
 0.517
 0.549
 0.520
 0.467
 0.557
 0.485
 0.495
 0.499
 0.485
 0.485
 0.505
 0.477
 0.515
 0.448
 0.445
 0.435
 0.472
 0.525
 0.502
 0.551
 0.496
 0.496
 0.454
 0.468
 0.535
 0.440
 0.528
 0.500
 0.472
 0.445
 0.426
 0.492
 0.534
 0.464
 0.457
 0.470
 0.477
 0.466
 0.492
 0.551
 0.477
 0.476
 0.521
 0.538
 0.474
 0.465
 0.523
 0.500
 0.522
 0.513
 0.486
 0.520
 0.540
 0.543
 0.465
 0.460
 0.473
 0.508
 0.473
 0.459
 0.472
 0.517
 0.456
 0.507
 0.498
 0.504
 0.526
 0.494
 0.488
 0.523
 0.496
 0.530
 0.507
 0.523
 0.481
 0.525
 0.485
 0.442
 0.480
 0.436
 0.519
 0.541
 0.456
 0.506
 0.538
 0.466
 0.517
 0.487
 0.449
 0.498
 0.472
 0.515
 0.521
 0.494
 0.456
 0.518
 0.473
 0.485
 0.510
 0.509
 0.531
 0.521
 0.459
 0.464
 0.525
 0.500
 0.492
 0.496
 0.504
 0.513
 0.452
 0.474
 0.509
 0.475
 0.512
 0.473
 0.560
 0.513
 0.451
 0.478
 0.480
 0.511
 0.526
 0.539
 0.474
 0.497
 0.499
 0.513
 0.484
 0.534

