
 0.020
 0.000
 0.010
 0.000
 0.030
 0.000
 0.000
 0.000
 0.080
 0.000
 7.970
 1.950
 1.970
 0.000
 0.010
 0.000
 0.000
 0.010
 0.000
 0.000
 1.950
 0.000
 0.000
 0.000
 0.000
 0.000
 0.000
 2.000
 0.000
 0.000
 2.000
 0.000
 3.990
 0.010
 0.000
 0.000
 0.010
 0.000
 0.000
 4.000
 2.010
 2.040
 0.010
 0.010
 3.970
 4.000
 0.000
 0.010
 0.000
 0.010
 3.950
 0.000
 0.000
 0.020
 0.000
 0.000
 0.000
 0.030
 0.030
 0.000
 0.000
 0.000
 0.000
 0.000
 0.020
 0.000
 0.000
 0.020
 0.000
 0.000
 0.000
 0.040
 0.010
 0.000
 1.980
 0.010
 0.010
 0.010
 0.010
 0.000
 0.000
 0.000
 0.000
 0.000
 2.000
 0.000
 0.000
 2.000
 0.010
 4.000
 0.010
 0.000
 0.010
 2.000
 0.000
 1.980
 0.010
 0.000
 0.000
 1.990
 3.950
 3.960
 0.000
 0.020
 0.010
 0.000
 3.950
 2.000
 1.980
 0.040
 0.000
 3.980
 0.010
 0.010
 0.020
 1.980
 0.000
 0.010
 2.020
 0.000
 1.990
 3.980
 0.000
 0.000
 0.000
 0.000
 0.000
 0.000
 0.000
 1.960
 2.000
 0.000
 0.000
 0.000
 0.000
 1.940
 0.010
 0.000
 0.020
 0.050
 1.980
 0.000
 0.000
 0.000
 0.000
 0.000
 0.010
 0.010
 0.000
 0.010
 0.010
 0.000
 0.010
 0.000
 0.010
 0.000
 5.990
 0.020
 1.940
 3.990
 0.000
 2.000
 0.000
 0.010
 0.000
 0.000
 0.000
 1.940
 0.000
 1.950
 1.980
 0.010
 0.000
 0.010
 0.010
 0.020
 0.000
 0.010
 0.020
 0.040
 0.000
 0.010
 1.980
 0.010
 0.010
 0.010
 0.000
 0.020
 0.040
 0.000
 5.990
 0.000
 0.000
 0.000
 1.990
 0.040
 0.000
 3.890
 0.010
 0.000
 0.010
 0.020
 0.000
 1.970
 2.000
 0.000
 0.000
 0.000
 0.010
 1.970
 0.020
 0.000
 0.010
 0.000
 0.020
 0.000
 0.000
 0.000
 0.000
 0.000
 1.970
 0.000
 1.970
 0.000
 0.000
 0.000
 0.000
 0.000
 1.980
 0.000
 0.020
 3.940
 0.010
 0.000
 0.000
 1.950
 3.970
 1.930
 0.010
 0.020
 0.010
 0.000
 0.010
 0.000
 0.000
 3.990
 0.000
 4.000
 5.940
 0.000
 0.000
 0.010
 0.040
 3.980
 0.000
 0.020
 0.000
 0.000
 0.000
 0.010
 1.950
 0.040
 2.000
 2.000
 0.000
 0.000
 1.950
 0.040
 0.010
 0.010
 3.910
 0.000
 0.000
 0.000
 0.000
 1.970
 2.000
 0.010
 0.000
 0.020
 0.000
 0.020
 0.010
 4.000
 0.010
 1.970
 0.010
 0.010
 2.000
 0.000
 0.010
 0.030
 0.000
 0.010
 0.080
 0.000
 0.000
 0.020
 4.000
 0.010

