
 0.499
 0.670
 0.629
 0.709
 0.707
 0.726
 0.749
 0.768
 0.768
 0.768
 0.768
 0.768
 0.768
 0.768
 0.768
 0.768
 0.768
 0.768
 0.768
 0.768
 0.768
 0.768
 0.768
 0.768
 0.768
 0.768
 0.768
 0.768
 0.768
 0.768
 0.768
 0.768
 0.768
 0.768
 0.768
 0.768
 0.768
 0.768
 0.768
 0.768
 0.768
 0.768
 0.768
 0.768
 0.768
 0.768
 0.768
 0.768
 0.768
 0.768
 0.768
 0.768
 0.768
 0.768
 0.768
 0.768
 0.768
 0.768
 0.768
 0.768
 0.768
 0.768
 0.768
 0.768
 0.768
 0.768
 0.768
 0.768
 0.768
 0.768
 0.768
 0.768
 0.768
 0.768
 0.768
 0.768
 0.768
 0.768
 0.768
 0.768
 0.768
 0.768
 0.768
 0.768
 0.768
 0.768
 0.768
 0.768
 0.768
 0.768
 0.768
 0.768
 0.768
 0.768
 0.768
 0.768
 0.768
 0.768
 0.768
 0.768
 0.768
 0.768
 0.768
 0.768
 0.768
 0.768
 0.768
 0.768
 0.768
 0.768
 0.768
 0.768
 0.768
 0.768
 0.768
 0.768
 0.768
 0.768
 0.768
 0.768
 0.768
 0.768
 0.768
 0.768
 0.768
 0.768
 0.768
 0.768
 0.768
 0.768
 0.768
 0.768
 0.768
 0.768
 0.768
 0.768
 0.768
 0.768
 0.768
 0.768
 0.768
 0.768
 0.768
 0.768
 0.768
 0.768
 0.768
 0.768
 0.768
 0.768
 0.768
 0.768
 0.768
 0.768
 0.768
 0.768
 0.768
 0.768
 0.768
 0.768
 0.768
 0.768
 0.768
 0.768
 0.768
 0.768
 0.768
 0.768
 0.768
 0.768
 0.768
 0.768
 0.768
 0.768
 0.768
 0.768
 0.768
 0.768
 0.768
 0.768
 0.768
 0.768
 0.768
 0.768
 0.768
 0.768
 0.768
 0.768
 0.768
 0.768
 0.768
 0.768
 0.768
 0.768
 0.768
 0.768
 0.768
 0.768
 0.768
 0.768

