0.46314264351268875 1
0.4731060680147913 1
0.4733391920992471 1
0.4746046935586105 1
0.4768764285490896 1
0.47817078491818515 1
0.4785821551743195 1
0.47951624902087997 1
0.4831435318591082 1
0.48436730433823805 1
0.4867033778522134 1
0.4874287776667976 1
0.48815991434470374 1
0.488322648535376 1
0.48862954462855973 1
0.4897776204790381 1
0.49106938845373116 1
0.49171762819878756 1
0.4918190509927935 1
0.49200830331375167 1
0.4947397083533243 1
0.49550275354546636 1
0.4960486733680012 1
0.4962519470219076 1
0.4973115186049538 1
0.49740301300392603 1
0.4983873137779355 1
0.49995635975391095 1
0.500227274906831 1
0.5002649293064783 1
0.5003299939106511 1
0.5004715906933918 1
0.500846740285297 1
0.5009740883047636 1
0.5010054639935917 1
0.5012077739257899 1
0.5021886607687699 1
0.5045287824501581 1
0.5046140733357471 1
0.5050375335018408 1
0.5051656272485507 1
0.5071310714775178 1
0.5076432686720502 1
0.507961533028145 1
0.5081088324416675 1
0.5081119426728247 1
0.5081215881032286 1
0.5085696694778276 1
0.5086332634285946 1
0.5091959198190098 1
0.509705029086044 1
0.5103601993756848 1
0.5104766333199022 1
0.510534855618519 1
0.5106556097878584 1
0.5106773420258932 1
0.5107119731035236 1
0.5113231939894199 1
0.5115224338683703 1
0.5118728091765428 1
0.5133791449333837 1
0.5134625830675286 1
0.5136122778859474 1
0.5136846320836765 1
0.5138085836017846 1
0.5140911421129913 1
0.5141759325515372 1
0.5143393465094994 1
0.5146815688799671 1
0.5148582841216551 1
0.514911672675089 1
0.5150244551940648 1
0.5152263810022628 1
0.5153538326501838 1
0.5156198910205199 1
0.5157175612507244 1
0.5158677379624329 1
0.5160469033286927 1
0.5162508959858938 1
0.5163192389043116 1
0.5164793643910977 1
0.5165648336192529 1
0.5168011997019004 1
0.5170722921529776 1
0.5171057678528073 1
0.5172308998238647 1
0.517605137729951 1
0.5177988844640963 1
0.5181240653591288 1
0.5183294887653402 1
0.5192718850380542 1
0.519448920014459 1
0.5200524501861821 1
0.5200743254236823 1
0.5202538346834003 1
0.5204212022729474 1
0.5204392472194591 1
0.5216311803735577 1
0.5217185879097518 1
0.5220539352063368 1
0.5220670256533648 1
0.5221086925197183 1
0.5231719740546636 1
0.523577257556417 1
0.5237403750175484 1
0.524035430251567 1
0.5241199381141968 1
0.5245877696192686 1
0.5251028461473054 1
0.525260490784451 1
0.5256889323098867 1
0.5263343364295833 1
0.5266557747117243 1
0.526863672279733 1
0.5269532509177478 1
0.5271947266949559 1
0.5272837014720667 1
0.5275097907493521 1
0.5279101615988973 1
0.5279363154374158 1
0.5282121677611097 1
0.5284108199035501 1
0.5285008247445045 1
0.5285551893337183 1
0.528916381901175 1
0.5289843790123706 1
0.5292952555700134 1
0.5295602661415256 1
0.529642030003598 1
0.52991014219521 1
0.5306504205611248 1
0.5308572782754485 1
0.5315947075171493 1
0.5320487232713387 1
0.5322244041868204 1
0.5323332669966183 1
0.5323409221427743 1
0.5323910856243549 1
0.5324541757174837 1
0.5325826750164034 1
0.5330803847552651 1
0.533710589219186 1
0.5341465435661753 1
0.5343255655383953 1
0.5343547297069352 1
0.5345799238722235 1
0.5349497227642026 1
0.5349848698617098 1
0.5353801338987139 1
0.5354061711424963 1
0.5354285477171729 1
0.535671972956878 1
0.5360548051193627 1
0.5361235700849302 1
0.5371341318077386 1
0.5373040585522648 1
0.5373406474360087 1
0.5375546669794753 1
0.5376705193859853 1
0.53767834411703 1
0.5381565681596515 1
0.5383503626236739 1
0.5386734687403192 1
0.5387076060363847 1
0.5391033759329474 1
0.5394237566600595 1
0.5401295216508327 1
0.5411519933622201 1
0.5417174260068183 1
0.542493317790706 1
0.5426186740874975 1
0.5430325200149467 1
0.5432963172624082 1
0.5434703557196374 1
0.5436285845905043 1
0.543915604967445 1
0.5449062773500452 1
0.5486048798034401 1
0.5499022993381402 1
0.5501769643076405 1
0.5505209048977467 1
0.5511219408737336 1
0.5518257319209261 1
0.5520392112388148 1
0.5524011666147429 1
0.5540568545732633 1
0.5590231865178573 1
0.5613008339587041 1
0.5615465955566783 1
0.561631226206076 1
0.5616506611413911 1
0.5617966453876826 1
0.5628693682348141 1
0.5683796158701747 1
0.5698889519026201 1
0.5709608477096362 1
0.5812182885019843 1
0.58378033259499 1
0.5860614652976414 1
0.5885920372979863 1
