2 38
1 34
0 45
0 51
0 33
0 44
0 41
1 44
1 36
1 37
2 39
1 44
0 50
0 39
1 34
2 38
1 35
2 40
1 46
0 42
0 34
1 41
0 59
0 35
2 37
0 48
1 47
1 41
1 38
2 55
2 39
1 40
1 49
0 49
1 41
2 55
0 40
2 46
2 43
0 46
1 47
0 38
2 45
0 34
1 34
2 45
1 45
1 38
2 39
1 36
1 56
2 49
0 38
1 47
2 36
1 47
2 38
2 34
1 37
0 37
0 35
0 27
1 39
0 38
0 50
0 44
2 39
0 47
2 40
1 38
2 40
0 43
1 37
2 45
1 46
0 48
2 36
0 41
2 58
0 46
0 34
0 44
2 41
0 46
1 54
0 26
1 41
2 48
1 48
1 47
1 56
2 35
0 43
2 38
2 51
1 47
2 43
0 42
0 35
0 41
1 55
2 37
0 45
1 29
0 33
2 39
0 42
2 43
1 34
0 41
2 57
1 42
2 34
0 37
1 36
1 49
0 37
0 40
2 41
2 44
1 35
0 37
1 37
1 41
1 40
1 47
0 40
1 43
1 45
1 36
2 31
1 35
2 37
2 51
0 44
1 43
0 42
2 31
1 31
1 34
1 52
2 40
2 41
0 34
2 35
0 44
1 56
0 48
2 52
1 44
2 44
1 43
1 38
1 48
0 44
0 58
2 43
0 39
0 35
0 48
2 50
0 42
1 45
2 42
1 30
1 36
1 35
2 56
0 39
0 36
0 42
1 32
2 47
0 45
0 51
0 52
0 40
2 33
2 38
1 41
0 49
0 45
1 33
2 39
1 44
2 26
2 49
2 55
2 47
0 40
0 41
0 42
1 38
2 45
2 50
0 25
2 38
1 41
2 41
2 40
