0.48030865630292546 1
0.48426720254141664 1
0.49316372816818727 1
0.4957368513787458 1
0.4962861676079474 1
0.4976513330007084 1
0.4980240084032437 1
0.49956539956803864 1
0.500759446739358 1
0.5017700390795086 1
0.5020345377979158 1
0.5028459484636344 1
0.5033508275334264 1
0.5045629197689308 1
0.5045977261901405 1
0.5046076941249494 1
0.50516229072362 1
0.5055827379013585 1
0.5061712943598896 1
0.5066426975798963 1
0.5067587743023168 1
0.5070273652260002 1
0.5077713365658667 1
0.5079297220610955 1
0.5085261536460104 1
0.5085814373807878 1
0.509091096111413 1
0.5092652828388757 1
0.5098455733751105 1
0.5099360703530514 1
0.5099877945380109 1
0.5111461204222228 1
0.5112962572881784 1
0.5120115016550236 1
0.5128116399347205 1
0.5131116909401807 1
0.513433393560335 1
0.5139229522480919 1
0.5150163013247621 1
0.5152914557176481 1
0.5152915894270786 1
0.5155496400776413 1
0.5163533284333126 1
0.5164796068575863 1
0.5167912129543903 1
0.5176242498062337 1
0.51801790575305 1
0.5184551932183867 1
0.5190216933124021 1
0.5207714968322018 1
0.5211271672455874 1
0.5215176598813721 1
0.521528936366747 1
0.5216489017358565 1
0.5220126616113064 1
0.5221962862385396 1
0.5224151374912548 1
0.5231382860560767 1
0.5232960971717862 1
0.5234831093225044 1
0.5236942473342241 1
0.524027857142663 1
0.5244406757734125 1
0.524635787767187 1
0.5246932887844006 1
0.525118825872969 1
0.5251772649718344 1
0.5254057335933784 1
0.5254196373348641 1
0.5256063886149047 1
0.5258106397108783 1
0.5265207044119162 1
0.5266545135671123 1
0.5268173841356627 1
0.5268582119653992 1
0.527562681032775 1
0.5277712616276419 1
0.5278550113131588 1
0.5278971701974667 1
0.5280076925113355 1
0.5280244690235025 1
0.5282936477932095 1
0.5287765696641469 1
0.5288165917797459 1
0.5288510717075662 1
0.528937735542295 1
0.5292442413477364 1
0.5293024919084919 1
0.5301720934261457 1
0.5301772645570335 1
0.5301930247410891 1
0.5303197156904185 1
0.5306205851175376 1
0.5310715284463862 1
0.5312669627984069 1
0.5315248981617566 1
0.5316722317301464 1
0.5321300473385363 1
0.532180023855022 1
0.5324489843408857 1
0.5330324144774767 1
0.5330792424386993 1
0.5337549577983765 1
0.5338233440031095 1
0.5338741375003867 1
0.5340988707573264 1
0.534102656404337 1
0.5343052316302915 1
0.5344181434328238 1
0.5344861079327431 1
0.534991880423403 1
0.5351362521273586 1
0.5351596168854192 1
0.535281926581019 1
0.5358931965954868 1
0.5359900151003518 1
0.5360660001063396 1
0.5362605327215929 1
0.5366156251598665 1
0.5367295919911507 1
0.5371088220128568 1
0.53718602735309 1
0.5375271920247165 1
0.5384816142494304 1
0.538650634845008 1
0.5388761640235288 1
0.5389210766516069 1
0.5397137315824381 1
0.541494529709911 1
0.5417348851874714 1
0.5418147121996505 1
0.5421012977269889 1
0.54323657798475 1
0.5441081970790261 1
0.5447232617686592 1
0.5447436997367476 1
0.5450733225792966 1
0.5451658974353726 1
0.5452938316710508 1
0.545346998753805 1
0.5457327648255093 1
0.5459361365652299 1
0.5459905018775971 1
0.5460957675478489 1
0.5465926740277607 1
0.5469270793003355 1
0.5471856063736859 1
0.5472610807755857 1
0.5477631552346637 1
0.547811087332744 1
0.5480907741077603 1
0.5482719127592146 1
0.5483101151356221 1
0.5485914983209317 1
0.5500563220636414 1
0.5505229905688447 1
0.5507152716214112 1
0.5510174179192601 1
0.5516366567709935 1
0.5516981731492241 1
0.5522571877799186 1
0.5523937316885167 1
0.5525040339121581 1
0.5527580561867196 1
0.5529560881193177 1
0.5542323899205304 1
0.5542569095846028 1
0.5545954872452462 1
0.5546091745501694 1
0.5551001227373833 1
0.5572985456363064 1
0.5576431362636748 1
0.5577080314669619 1
0.5579246769949731 1
0.557962244126914 1
0.5583692279948308 1
0.5586472203158726 1
0.5590443485660344 1
0.5598298255447207 1
0.560411065832862 1
0.5604873221649767 1
0.5609011753991374 1
0.5628083536185621 1
0.5631619040766 1
0.5643099916533693 1
0.5646543473844993 1
0.5670606422364294 1
0.5680735040174539 1
0.5725854662477528 1
0.5728011152475587 1
0.573137845983974 1
0.5741904110189935 1
0.5751010134793457 1
0.5768041578657611 1
0.5774947452798965 1
0.584562261974527 1
0.5869403722830677 1
0.5885369455025967 1
0.5943264105873836 1
0.6012481940654975 1
