
 0.541
 0.502
 0.534
 0.503
 0.539
 0.530
 0.533
 0.511
 0.535
 0.560
 0.522
 0.528
 0.563
 0.528
 0.535
 0.518
 0.516
 0.532
 0.522
 0.553
 0.543
 0.538
 0.529
 0.510
 0.534
 0.525
 0.555
 0.548
 0.558
 0.559
 0.508
 0.545
 0.534
 0.509
 0.529
 0.531
 0.527
 0.601
 0.555
 0.509
 0.518
 0.525
 0.536
 0.565
 0.558
 0.531
 0.563
 0.537
 0.498
 0.519
 0.585
 0.568
 0.496
 0.534
 0.575
 0.480
 0.547
 0.510
 0.577
 0.574
 0.532
 0.493
 0.530
 0.525
 0.528
 0.532
 0.538
 0.564
 0.505
 0.529
 0.567
 0.534
 0.523
 0.537
 0.552
 0.537
 0.552
 0.508
 0.518
 0.548
 0.496
 0.534
 0.507
 0.560
 0.551
 0.549
 0.528
 0.516
 0.573
 0.484
 0.546
 0.552
 0.536
 0.505
 0.527
 0.558
 0.515
 0.536
 0.530
 0.526
 0.587
 0.542
 0.547
 0.513
 0.536
 0.528
 0.522
 0.529
 0.509
 0.527
 0.513
 0.516
 0.540
 0.527
 0.524
 0.506
 0.528
 0.546
 0.511
 0.525
 0.522
 0.522
 0.517
 0.500
 0.547
 0.542
 0.559
 0.545
 0.524
 0.525
 0.532
 0.498
 0.529
 0.507
 0.523
 0.507
 0.526
 0.535
 0.548
 0.539
 0.546
 0.545
 0.537
 0.560
 0.515
 0.550
 0.573
 0.539
 0.513
 0.554
 0.558
 0.548
 0.528
 0.530
 0.561
 0.523
 0.535
 0.542
 0.522
 0.558
 0.531
 0.557
 0.524
 0.515
 0.544
 0.521
 0.514
 0.545
 0.534
 0.505
 0.555
 0.534
 0.510
 0.501
 0.545
 0.551
 0.533
 0.589
 0.532
 0.509
 0.594
 0.551
 0.545
 0.502
 0.521
 0.505
 0.554
 0.553
 0.577
 0.503
 0.548
 0.529
 0.512
 0.552
 0.506
 0.573
 0.547
 0.525
 0.553
 0.546

