0 48
2 51
3 44
2 49
1 41
1 37
3 37
2 39
3 41
3 42
1 37
3 43
1 40
2 71
1 32
3 50
1 26
1 41
2 51
2 44
2 44
0 44
3 44
1 50
3 54
0 54
1 53
1 52
3 37
2 52
0 42
0 44
3 51
0 38
3 45
1 44
0 39
1 52
2 47
0 43
2 44
1 53
3 40
3 34
2 37
2 45
3 38
2 41
2 44
1 46
0 34
1 38
1 35
0 43
1 37
2 44
3 45
3 42
2 39
1 39
2 42
0 43
1 36
0 54
1 36
3 55
3 45
0 38
3 43
1 49
1 32
3 36
1 54
0 28
2 41
2 51
2 37
2 41
3 46
1 41
0 45
1 52
1 44
0 52
0 39
1 46
0 38
2 53
3 37
1 45
0 40
1 43
0 44
3 43
0 45
1 51
0 41
1 28
3 35
2 45
1 50
0 34
0 30
1 32
1 33
3 40
3 34
0 36
3 40
1 36
2 35
0 34
1 40
2 48
0 41
1 44
2 50
2 42
1 41
1 47
0 39
2 51
3 40
2 33
3 45
2 45
1 49
3 43
1 44
0 38
3 35
2 38
0 60
3 51
0 40
0 32
0 38
3 43
3 42
3 47
2 52
0 35
2 32
1 32
2 33
2 53
1 34
3 44
3 40
1 51
0 39
2 31
3 33
3 40
3 38
3 39
2 42
1 38
0 46
1 44
1 39
2 41
0 47
3 39
2 51
1 44
3 43
0 41
1 49
1 48
1 37
0 47
0 41
3 41
0 45
0 53
0 34
0 55
3 35
1 36
1 42
2 31
0 31
1 47
1 54
3 39
0 41
0 43
0 44
1 33
1 33
3 51
1 40
0 47
1 49
1 46
3 39
0 36
2 43
2 42
