0.4375695499943064 1
0.4379670017227701 1
0.43989134505452354 1
0.4430933298187563 1
0.4477463740322969 1
0.4489933584701083 1
0.4497531813964282 1
0.450684324779508 1
0.45205426424038286 1
0.4526103498389886 1
0.45465560276133066 1
0.4594738255831522 1
0.45990793635301963 1
0.46105708739108336 1
0.4613714072325403 1
0.46639811488018973 1
0.4666138582915302 1
0.4675942369121095 1
0.46808727860492494 1
0.46842707059862915 1
0.46997033037850316 1
0.4714024965003409 1
0.471920682787604 1
0.4721787498136433 1
0.47331530966745466 1
0.4733541254249527 1
0.4754402321535916 1
0.4755433286184467 1
0.4762773537178836 1
0.47697848470499143 1
0.4782958319446142 1
0.4800909137967283 1
0.48027841510802993 1
0.48088212694136706 1
0.48232535663111265 1
0.48382179319041596 1
0.4856180358562564 1
0.485689004498716 1
0.48614016522340653 1
0.48692699921117677 1
0.4878605119507351 1
0.48863486002974055 1
0.4889573508880046 1
0.4891758116261697 1
0.49015778782733366 1
0.4904996369150951 1
0.49074314785294604 1
0.491172206187996 1
0.49128606636336836 1
0.4914683568891747 1
0.4921665014824616 1
0.49249824881332654 1
0.4926190976568753 1
0.4935475663421197 1
0.49400578860999395 1
0.49405643838952756 1
0.49499476988618574 1
0.49500505588598415 1
0.49540052168043436 1
0.4954026568914601 1
0.49574952301032904 1
0.4959014315732425 1
0.49619176605738274 1
0.4962877668643677 1
0.4963770912656487 1
0.4965517238273143 1
0.4965730077603454 1
0.4970260129575718 1
0.497228571484732 1
0.49736580354782634 1
0.4974778020524901 1
0.49933901981282497 1
0.5004145506781026 1
0.5005332038765831 1
0.5008247039690692 1
0.5011562937589941 1
0.5021358960393819 1
0.5023041628945663 1
0.5033445211864453 1
0.5033654892443731 1
0.5035572952109352 1
0.5040407355726085 1
0.5041100251984245 1
0.5042986153700754 1
0.5044770501933301 1
0.5046620716454066 1
0.5047272765402752 1
0.5048639734329975 1
0.505050865639656 1
0.5053972401583351 1
0.5057056216385275 1
0.5062880327341213 1
0.5068473264751582 1
0.5072573789927791 1
0.507889271328989 1
0.5088923969901491 1
0.5092442543498461 1
0.5092593530906759 1
0.5093182871846385 1
0.5100111667088053 1
0.510103266288917 1
0.5101343981263144 1
0.5107914875906906 1
0.5110897329343788 1
0.5111097990293505 1
0.511286194569641 1
0.5113499880936279 1
0.511815056775938 1
0.5120433739152714 1
0.5121048692717894 1
0.5121834944403978 1
0.5130633292877735 1
0.513408150804801 1
0.5134476694334936 1
0.513627836368281 1
0.5145299019236852 1
0.5149614711350275 1
0.5155080503578945 1
0.5155120710186135 1
0.5157749383103539 1
0.5158065214569088 1
0.5158605134909826 1
0.5159966299326488 1
0.516100756322584 1
0.5167482096550762 1
0.5175234530768573 1
0.5177714330654333 1
0.5179930496678804 1
0.5185921577857503 1
0.5186304356335846 1
0.5190185456275432 1
0.5200353130717464 1
0.5200621823252534 1
0.5202394965188796 1
0.5212769589065055 1
0.5228702346080089 1
0.5229207645646589 1
0.5238863083574422 1
0.5240673061430764 1
0.5241509690110516 1
0.5246257121929627 1
0.5255774837684184 1
0.5270702520693985 1
0.5271772158549277 1
0.527414764461529 1
0.527962082485152 1
0.5280917618711224 1
0.5283422332412185 1
0.5285550431623542 1
0.529082656144309 1
0.5294881024699667 1
0.5296008129205049 1
0.5297451214809292 1
0.5304685954027307 1
0.5306052604547957 1
0.5308676112122567 1
0.5312762101195951 1
0.5314763138836492 1
0.531619886246371 1
0.531649767987894 1
0.5322205628704996 1
0.5325972651134172 1
0.5333666403051547 1
0.5338854702858364 1
0.5350211384337006 1
0.5351785396319155 1
0.535922774821326 1
0.5368260729728435 1
0.5372599828958979 1
0.5376138500527194 1
0.5381175823421956 1
0.5382414971716816 1
0.538361107440424 1
0.5396119941865938 1
0.54027251392014 1
0.5402769737661637 1
0.5409569351007664 1
0.5411784295350375 1
0.5414306697886214 1
0.5430650642098966 1
0.544582874627975 1
0.5463547671606414 1
0.5465405495778543 1
0.5481928530143909 1
0.5487622851579541 1
0.5496744789480313 1
0.5505817221284581 1
0.5507668038146103 1
0.5512519746933018 1
0.5518303602671341 1
0.5525930706373261 1
0.5530689451117479 1
0.5534468855441065 1
0.5548313883842361 1
0.5560671482969957 1
0.5605980900862586 1
0.5613432073377552 1
0.5644007841399706 1
0.5720254551210668 1
0.5729881207279758 1
