0.4468728237789433 1
0.4590547583069567 1
0.46084554058459487 1
0.4617360936247541 1
0.4629370593758164 1
0.46401964400629064 1
0.4652185425726121 1
0.4658108577080736 1
0.46744931016812336 1
0.46872346591224057 1
0.46903522880240284 1
0.47040978037699643 1
0.47082683968767386 1
0.4719780689841934 1
0.47255712990524024 1
0.47292389433610177 1
0.47307472574216036 1
0.4736681863864846 1
0.4738565062966307 1
0.47392578106265915 1
0.4749558488170873 1
0.475325398581094 1
0.47640958461339444 1
0.4766065316668826 1
0.47676099695577784 1
0.47778797127071326 1
0.4780756804166058 1
0.4784654286207858 1
0.4785327300868133 1
0.4788500136667111 1
0.4790934620063978 1
0.4794640064904973 1
0.4797830944802674 1
0.47988658492963665 1
0.4801721178058325 1
0.4802857918212575 1
0.48049359820135396 1
0.48100086675422277 1
0.48112579796734023 1
0.48232444494921173 1
0.4826631543821021 1
0.4830313924092004 1
0.4834653426774911 1
0.48525641837125816 1
0.485561301629632 1
0.4856672588706654 1
0.4861492442667983 1
0.4870954718768165 1
0.4873252366112764 1
0.4882028683134424 1
0.4883019139523219 1
0.48849262456284165 1
0.4888881672840369 1
0.48929837487548666 1
0.48961609023478125 1
0.49077071762971813 1
0.4907806941646611 1
0.4910293961386698 1
0.49125544533724574 1
0.4912626523141755 1
0.4913441269928711 1
0.49233830112087384 1
0.49279876749556967 1
0.49385633392706585 1
0.4938887441530845 1
0.49392496701264904 1
0.49448304911762314 1
0.49455854868545485 1
0.4948392354217048 1
0.4950964781256688 1
0.4960424777164861 1
0.4964311761546535 1
0.4966328865418984 1
0.49701346112537964 1
0.4970184559759286 1
0.49703196046534925 1
0.49811999608673796 1
0.4983942717484055 1
0.49892064042849255 1
0.49933933587990553 1
0.49983682847810856 1
0.4998739249132755 1
0.5005021059958533 1
0.5006212671449668 1
0.5006293946479249 1
0.501140747326112 1
0.5017411539674711 1
0.5018922246374853 1
0.5019515776491941 1
0.5020480791164614 1
0.5030681053132837 1
0.5033988987904215 1
0.5035593828343761 1
0.5037481810257279 1
0.5040833570553671 1
0.5041162677405758 1
0.5045633259693758 1
0.5048036889200671 1
0.5051161861826459 1
0.5053277660682163 1
0.505495508116525 1
0.5056891675735491 1
0.5060392878542739 1
0.5069663730325717 1
0.5075161418271241 1
0.5089500874483976 1
0.5090444943370767 1
0.5092289215530911 1
0.5096531730526663 1
0.511046906727371 1
0.5113174620338259 1
0.5115492153576616 1
0.5120021210443929 1
0.5124294877263019 1
0.5128337748846942 1
0.5129268591300711 1
0.5129888808857935 1
0.5132658313459496 1
0.5133990238868665 1
0.5136365896625429 1
0.5136486839296812 1
0.5140236190711669 1
0.5146337192137357 1
0.5149790818617519 1
0.5155054331317246 1
0.5168546549998824 1
0.5168836077022412 1
0.5171740070654276 1
0.5172953389531257 1
0.5174457001627133 1
0.5178209599583928 1
0.5178403102391013 1
0.5179067022896789 1
0.5186626806184746 1
0.518816832005862 1
0.5188906318999236 1
0.5189164441977924 1
0.5191390090246639 1
0.519302420725416 1
0.5199132803674473 1
0.5199282386973926 1
0.5201016607495145 1
0.5203080563583404 1
0.5208169822345591 1
0.521007393307175 1
0.5210264831943813 1
0.5210267276667713 1
0.5214030978894015 1
0.5233336883804686 1
0.5239679399773284 1
0.5240079064834459 1
0.5242159957736952 1
0.5242357349078656 1
0.5249296859138647 1
0.5254097189672057 1
0.5258598896296804 1
0.5262993664299916 1
0.5263298477355135 1
0.5267745414487759 1
0.5275295324027723 1
0.5275590189812402 1
0.5282085302841965 1
0.5285764055930177 1
0.5293948010619322 1
0.5312090102577344 1
0.532032414812005 1
0.5325910692684852 1
0.5335872074555631 1
0.53359021094579 1
0.5341958356752969 1
0.5355635148243145 1
0.5358007099483951 1
0.5365981585896442 1
0.5372706058092921 1
0.5375762526929511 1
0.5387340478489644 1
0.539582176167119 1
0.5398328558609777 1
0.5409406190970915 1
0.5410382408431169 1
0.5421371057820881 1
0.5429675473273179 1
0.5440130048789372 1
0.5443257413464224 1
0.5447733300512825 1
0.5451851604175725 1
0.5465469509227665 1
0.5476076324201912 1
0.552763966170208 1
0.5564345127043867 1
0.5577954446773125 1
0.5614323801317395 1
0.5630503921086788 1
0.5658314646587282 1
0.5705471608520136 1
0.5772254200019312 1
0.5778182188434067 1
0.5808382954006066 1
0.5821121703446233 1
0.6017857054710427 1
