
 0.582
 0.524
 0.487
 0.479
 0.561
 0.528
 0.519
 0.519
 0.525
 0.491
 0.494
 0.517
 0.517
 0.507
 0.478
 0.509
 0.523
 0.504
 0.518
 0.534
 0.521
 0.556
 0.547
 0.537
 0.514
 0.483
 0.491
 0.542
 0.500
 0.473
 0.495
 0.541
 0.511
 0.492
 0.513
 0.474
 0.571
 0.541
 0.538
 0.517
 0.495
 0.494
 0.578
 0.501
 0.532
 0.480
 0.499
 0.499
 0.505
 0.489
 0.545
 0.503
 0.505
 0.505
 0.474
 0.487
 0.476
 0.518
 0.503
 0.482
 0.577
 0.496
 0.536
 0.526
 0.490
 0.504
 0.488
 0.521
 0.479
 0.544
 0.509
 0.505
 0.502
 0.510
 0.472
 0.544
 0.466
 0.497
 0.473
 0.531
 0.602
 0.515
 0.520
 0.464
 0.481
 0.469
 0.536
 0.481
 0.563
 0.514
 0.519
 0.581
 0.515
 0.514
 0.513
 0.539
 0.524
 0.501
 0.485
 0.519
 0.512
 0.533
 0.480
 0.500
 0.478
 0.488
 0.520
 0.501
 0.461
 0.511
 0.475
 0.513
 0.553
 0.504
 0.519
 0.524
 0.479
 0.459
 0.504
 0.566
 0.512
 0.479
 0.467
 0.480
 0.474
 0.512
 0.491
 0.463
 0.534
 0.498
 0.505
 0.524
 0.558
 0.520
 0.540
 0.465
 0.521
 0.516
 0.498
 0.529
 0.480
 0.509
 0.543
 0.528
 0.495
 0.517
 0.506
 0.527
 0.462
 0.489
 0.526
 0.517
 0.513
 0.494
 0.447
 0.483
 0.502
 0.470
 0.497
 0.497
 0.548
 0.496
 0.486
 0.483
 0.491
 0.491
 0.488
 0.537
 0.475
 0.469
 0.529
 0.545
 0.478
 0.521
 0.473
 0.513
 0.486
 0.540
 0.486
 0.493
 0.491
 0.520
 0.477
 0.528
 0.521
 0.494
 0.506
 0.519
 0.534
 0.526
 0.471
 0.480
 0.501
 0.518
 0.508
 0.525
 0.497
 0.477
 0.502
 0.502

