
 0.493
 0.515
 0.582
 0.585
 0.585
 0.585
 0.585
 0.585
 0.585
 0.585
 0.585
 0.585
 0.585
 0.585
 0.585
 0.585
 0.585
 0.585
 0.585
 0.585
 0.585
 0.585
 0.585
 0.585
 0.585
 0.585
 0.585
 0.585
 0.606
 0.608
 0.608
 0.608
 0.608
 0.608
 0.608
 0.608
 0.608
 0.608
 0.608
 0.608
 0.608
 0.608
 0.608
 0.608
 0.608
 0.608
 0.608
 0.608
 0.608
 0.608
 0.608
 0.608
 0.608
 0.608
 0.608
 0.608
 0.608
 0.608
 0.608
 0.608
 0.608
 0.608
 0.608
 0.608
 0.608
 0.608
 0.608
 0.608
 0.608
 0.608
 0.608
 0.608
 0.608
 0.608
 0.608
 0.608
 0.608
 0.608
 0.608
 0.608
 0.608
 0.608
 0.608
 0.608
 0.608
 0.608
 0.608
 0.608
 0.608
 0.608
 0.608
 0.608
 0.608
 0.608
 0.608
 0.608
 0.608
 0.608
 0.608
 0.608
 0.608
 0.608
 0.608
 0.608
 0.608
 0.608
 0.608
 0.608
 0.608
 0.608
 0.608
 0.608
 0.608
 0.608
 0.608
 0.608
 0.608
 0.608
 0.608
 0.608
 0.608
 0.608
 0.608
 0.608
 0.608
 0.608
 0.608
 0.608
 0.608
 0.608
 0.608
 0.608
 0.608
 0.608
 0.608
 0.608
 0.608
 0.608
 0.608
 0.608
 0.608
 0.608
 0.608
 0.608
 0.608
 0.608
 0.608
 0.608
 0.608
 0.608
 0.608
 0.608
 0.608
 0.608
 0.608
 0.608
 0.608
 0.608
 0.608
 0.608
 0.608
 0.608
 0.608
 0.608
 0.608
 0.608
 0.608
 0.608
 0.608
 0.608
 0.608
 0.608
 0.608
 0.608
 0.608
 0.608
 0.608
 0.608
 0.608
 0.608
 0.608
 0.608
 0.608
 0.608
 0.608
 0.608
 0.608
 0.608
 0.608
 0.608
 0.608
 0.608
 0.608
 0.608
 0.608
 0.608
 0.608
 0.608
 0.608
 0.608

