
 0.000
 0.050
 1.960
 0.000
 0.000
 0.000
 0.000
 0.000
 0.000
 0.000
 0.000
 0.000
 0.000
 2.000
 1.960
 2.000
 0.000
 0.000
 0.000
 1.980
 3.960
 0.090
 0.000
 1.970
 0.000
 0.040
 0.000
 0.000
 0.000
 0.020
 0.000
 0.000
 0.000
 0.000
 0.000
 2.000
 0.000
 1.980
 0.000
 0.000
 0.000
 0.000
 4.000
 0.010
 0.010
 2.000
 0.000
 2.000
 4.000
 0.000
 0.000
 2.000
 0.000
 0.000
 0.000
 0.000
 2.000
 6.000
 2.010
 0.000
 2.000
 0.000
 0.020
 0.040
 0.000
 0.000
 1.980
 0.000
 0.320
 0.000
 1.980
 0.010
 0.000
 0.000
 0.000
 4.000
 0.000
 0.000
 0.000
 2.000
 3.970
 0.000
 0.040
 0.040
 0.000
 2.000
 0.000
 2.000
 0.000
 1.980
 3.990
 2.000
 0.000
 2.000
 0.010
 0.000
 0.000
 3.960
 0.000
 2.000
 0.000
 0.000
 0.010
 0.000
 2.000
 2.000
 0.010
 0.000
 0.010
 0.000
 2.000
 3.980
 0.000
 0.000
 0.000
 0.000
 0.000
 0.000
 0.000
 5.890
 1.960
 0.000
 0.000
 0.000
 2.010
 0.000
 0.080
 2.000
 0.000
 0.000
 0.000
 0.000
 0.000
 0.000
 0.000
 0.000
 0.040
 0.000
 0.000
 1.960
 1.960
 0.000
 0.000
 2.000
 0.000
 0.000
 0.000
 0.000
 2.000
 2.000
 1.950
 0.000
 0.000
 0.010
 0.010
 0.000
 0.000
 0.010
 0.000
 0.000
 0.000
 0.010
 2.010
 0.000
 0.000
 2.000
 0.010
 0.000
 0.000
 0.040
 4.000
 2.000
 2.000
 0.000
 2.000
 0.000
 0.000
 0.000
 0.020
 0.000
 0.000
 2.010
 0.000
 0.020
 1.960
 0.000
 0.000
 0.000
 0.020
 4.000
 0.000
 5.960
 0.010
 0.000
 0.000
 0.000
 0.010
 2.000
 0.000
 0.000
 1.960
 2.000
 0.010
 0.000
 0.000
 1.980
 0.000
 0.000
 0.000
 0.000
 0.000
 2.000
 0.010
 1.990
 0.000
 2.000
 0.040
 4.010
 0.000
 0.000
 0.000
 0.000
 0.000
 0.000
 1.950
 0.000
 0.000
 2.000
 0.000
 0.040
 0.000
 2.000
 2.000
 0.000
 0.000
 0.000
 0.000
 0.000
 0.040
 0.000
 0.000
 1.960
 3.600
 0.000
 4.000
 0.000
 0.000
 0.040
 5.910
 0.000
 0.010
 2.000
 0.030
 0.000
 2.000
 0.000
 0.000
 1.970
 0.000
 0.020
 0.020
 0.000
 0.000
 0.000
 0.000
 0.000
 0.010
 0.040
 0.000
 0.000
 0.000
 0.000
 0.000
 0.000
 0.000
 0.000
 0.000
 0.000
 0.040
 0.000
 0.000
 0.000
 0.000
 2.000
 1.960
 0.000
 2.000
 0.000
 0.000
 0.000
 0.000
 0.000
 0.000
 0.010
 0.000
 2.000
 2.000
 0.000
 0.000
 0.000

