
 0.527
 0.581
 0.594
 0.593
 0.655
 0.674
 0.680
 0.680
 0.680
 0.680
 0.680
 0.680
 0.680
 0.680
 0.680
 0.680
 0.680
 0.680
 0.680
 0.680
 0.680
 0.680
 0.680
 0.680
 0.680
 0.680
 0.680
 0.680
 0.680
 0.680
 0.680
 0.680
 0.680
 0.680
 0.680
 0.680
 0.685
 0.685
 0.685
 0.685
 0.685
 0.685
 0.685
 0.685
 0.685
 0.685
 0.685
 0.685
 0.685
 0.685
 0.685
 0.685
 0.685
 0.685
 0.685
 0.685
 0.685
 0.685
 0.685
 0.685
 0.685
 0.685
 0.685
 0.685
 0.685
 0.685
 0.685
 0.685
 0.685
 0.685
 0.685
 0.685
 0.685
 0.685
 0.685
 0.685
 0.685
 0.685
 0.685
 0.685
 0.685
 0.685
 0.685
 0.685
 0.685
 0.685
 0.685
 0.685
 0.685
 0.685
 0.685
 0.685
 0.685
 0.685
 0.685
 0.685
 0.685
 0.685
 0.685
 0.685
 0.685
 0.685
 0.685
 0.685
 0.685
 0.685
 0.685
 0.685
 0.685
 0.685
 0.685
 0.685
 0.685
 0.685
 0.685
 0.685
 0.685
 0.685
 0.685
 0.685
 0.685
 0.685
 0.685
 0.685
 0.685
 0.685
 0.685
 0.685
 0.685
 0.685
 0.685
 0.685
 0.685
 0.685
 0.685
 0.685
 0.685
 0.685
 0.685
 0.685
 0.685
 0.685
 0.685
 0.685
 0.685
 0.685
 0.685
 0.685
 0.685
 0.685
 0.685
 0.685
 0.685
 0.685
 0.685
 0.685
 0.685
 0.685
 0.685
 0.685
 0.685
 0.685
 0.685
 0.685
 0.685
 0.685
 0.685
 0.685
 0.685
 0.685
 0.685
 0.685
 0.685
 0.685
 0.685
 0.685
 0.685
 0.685
 0.685
 0.685
 0.685
 0.685
 0.685
 0.685
 0.685
 0.685
 0.685
 0.685
 0.685
 0.685
 0.685
 0.685
 0.685
 0.685
 0.685
 0.685
 0.685
 0.685
 0.685
 0.685

