0.5273683929900388 1
0.5288823518272132 1
0.5303963106643874 2
0.5319102695015618 1
0.5334242283387362 1
0.5349381871759104 1
0.5349381871759105 1
0.5349381871759106 1
0.5364521460130848 1
0.5364521460130849 2
0.5379661048502591 2
0.5379661048502592 1
0.5394800636874334 1
0.5394800636874335 4
0.5394800636874336 1
0.5409940225246077 3
0.5409940225246078 7
0.5409940225246079 2
0.5425079813617821 14
0.5440219401989563 2
0.5440219401989564 3
0.5440219401989566 2
0.5455358990361308 13
0.5455358990361309 2
0.547049857873305 3
0.5470498578733051 10
0.5470498578733052 7
0.5485638167104793 2
0.5485638167104794 8
0.5485638167104795 4
0.5500777755476537 5
0.5500777755476538 7
0.551591734384828 4
0.5515917343848281 8
0.5515917343848282 7
0.5531056932220024 8
0.5531056932220025 6
0.5546196520591767 9
0.5561336108963509 1
0.556133610896351 5
0.5561336108963512 5
0.5576475697335254 4
0.5576475697335255 6
0.5591615285706997 2
0.5591615285706998 3
0.560675487407874 2
0.5606754874078741 2
0.5606754874078742 3
0.5621894462450484 3
0.5637034050822227 1
0.565217363919397 1
0.5667313227565713 1
0.5667313227565715 1
0.5682452815937458 1
0.5712731992680944 2
