
 0.491
 0.541
 0.663
 0.686
 0.682
 0.682
 0.733
 0.772
 0.772
 0.795
 0.818
 0.822
 0.834
 0.836
 0.833
 0.837
 0.837
 0.837
 0.837
 0.837
 0.837
 0.837
 0.837
 0.837
 0.837
 0.837
 0.837
 0.837
 0.837
 0.837
 0.837
 0.837
 0.837
 0.837
 0.837
 0.837
 0.837
 0.837
 0.837
 0.837
 0.837
 0.837
 0.837
 0.837
 0.837
 0.837
 0.837
 0.837
 0.837
 0.837
 0.837
 0.837
 0.837
 0.837
 0.837
 0.837
 0.837
 0.837
 0.837
 0.837
 0.837
 0.837
 0.837
 0.837
 0.837
 0.837
 0.837
 0.837
 0.837
 0.837
 0.837
 0.837
 0.837
 0.837
 0.837
 0.837
 0.837
 0.837
 0.837
 0.837
 0.837
 0.837
 0.837
 0.837
 0.837
 0.837
 0.837
 0.837
 0.837
 0.837
 0.837
 0.837
 0.837
 0.837
 0.837
 0.837
 0.837
 0.837
 0.837
 0.837
 0.837
 0.837
 0.837
 0.837
 0.837
 0.837
 0.837
 0.837
 0.837
 0.837
 0.837
 0.837
 0.837
 0.837
 0.837
 0.837
 0.837
 0.837
 0.837
 0.837
 0.837
 0.837
 0.837
 0.837
 0.837
 0.837
 0.837
 0.837
 0.837
 0.837
 0.837
 0.837
 0.837
 0.837
 0.837
 0.837
 0.837
 0.837
 0.837
 0.837
 0.837
 0.837
 0.837
 0.837
 0.837
 0.837
 0.837
 0.837
 0.837
 0.837
 0.837
 0.837
 0.837
 0.837
 0.837
 0.837
 0.837
 0.837
 0.837
 0.837
 0.837
 0.837
 0.837
 0.837
 0.837
 0.837
 0.837
 0.837
 0.837
 0.837
 0.837
 0.837
 0.837
 0.837
 0.837
 0.837
 0.837
 0.837
 0.837
 0.837
 0.837
 0.837
 0.837
 0.837
 0.837
 0.837
 0.837
 0.837
 0.837
 0.837
 0.837
 0.837
 0.837
 0.837
 0.837
 0.837
 0.837
 0.837
 0.837
 0.837

