
 0.527
 0.567
 0.567
 0.567
 0.567
 0.570
 0.576
 0.576
 0.576
 0.576
 0.576
 0.576
 0.576
 0.576
 0.576
 0.576
 0.576
 0.576
 0.576
 0.576
 0.576
 0.576
 0.576
 0.576
 0.576
 0.576
 0.576
 0.576
 0.576
 0.576
 0.576
 0.576
 0.576
 0.576
 0.576
 0.576
 0.576
 0.576
 0.576
 0.576
 0.576
 0.576
 0.576
 0.576
 0.576
 0.576
 0.576
 0.576
 0.576
 0.576
 0.576
 0.576
 0.576
 0.576
 0.576
 0.576
 0.576
 0.576
 0.576
 0.576
 0.576
 0.576
 0.576
 0.576
 0.576
 0.576
 0.576
 0.576
 0.576
 0.576
 0.576
 0.576
 0.576
 0.576
 0.576
 0.576
 0.576
 0.576
 0.576
 0.576
 0.576
 0.576
 0.576
 0.576
 0.576
 0.576
 0.576
 0.576
 0.576
 0.576
 0.576
 0.576
 0.576
 0.576
 0.576
 0.576
 0.576
 0.576
 0.576
 0.576
 0.576
 0.576
 0.576
 0.576
 0.576
 0.576
 0.576
 0.576
 0.576
 0.576
 0.576
 0.576
 0.576
 0.576
 0.576
 0.576
 0.576
 0.576
 0.576
 0.576
 0.576
 0.576
 0.576
 0.576
 0.576
 0.576
 0.576
 0.576
 0.576
 0.576
 0.576
 0.576
 0.576
 0.576
 0.576
 0.576
 0.576
 0.576
 0.576
 0.576
 0.576
 0.576
 0.576
 0.576
 0.576
 0.576
 0.576
 0.576
 0.576
 0.576
 0.576
 0.576
 0.576
 0.576
 0.576
 0.576
 0.576
 0.576
 0.576
 0.576
 0.576
 0.576
 0.576
 0.576
 0.576
 0.576
 0.576
 0.576
 0.576
 0.576
 0.576
 0.576
 0.576
 0.576
 0.576
 0.576
 0.576
 0.576
 0.576
 0.576
 0.576
 0.576
 0.576
 0.576
 0.576
 0.576
 0.576
 0.576
 0.576
 0.576
 0.576
 0.576
 0.576
 0.576
 0.576
 0.576
 0.576
 0.576
 0.576
 0.576

