1 53
1 46
0 48
0 37
1 50
0 35
0 43
0 33
0 45
0 40
0 46
1 37
1 47
1 43
1 40
1 42
1 49
0 35
1 53
0 39
1 39
0 53
1 38
0 36
0 43
0 50
0 28
0 42
1 46
0 38
1 36
0 34
0 37
1 44
0 41
1 38
1 41
1 30
1 48
1 31
1 38
0 43
0 41
0 25
0 37
0 50
0 37
1 41
0 46
0 40
1 38
0 49
0 41
0 54
0 36
1 32
0 46
1 31
1 40
1 49
1 39
0 38
0 45
1 44
1 39
1 41
1 39
1 50
1 34
1 48
0 34
0 48
0 46
1 50
0 32
0 43
0 51
1 41
1 30
1 42
1 48
1 39
1 40
0 47
0 43
0 43
1 43
1 51
0 35
0 42
1 38
1 45
0 35
1 47
0 37
0 46
0 39
0 37
0 32
1 45
0 38
1 50
0 40
1 41
1 43
0 47
1 47
1 42
1 38
1 49
1 46
1 36
1 45
1 41
0 43
1 31
0 36
1 41
0 43
0 44
0 45
0 45
0 51
0 40
1 38
1 39
1 50
0 33
1 55
0 51
1 38
0 41
0 38
0 44
0 43
0 42
1 41
0 50
1 39
1 44
0 46
1 46
0 38
1 42
0 49
0 37
0 39
1 39
1 35
1 43
1 29
1 41
1 39
1 39
1 39
0 46
1 47
0 31
0 43
1 45
0 48
0 39
1 39
1 39
1 52
0 40
1 38
1 57
0 46
1 44
1 38
1 49
1 42
0 49
1 41
0 36
0 41
0 39
0 48
0 41
0 37
0 31
0 42
0 52
0 44
1 42
1 49
0 40
1 41
0 45
0 38
0 52
1 44
0 47
1 45
0 48
1 38
1 38
0 40
1 50
