
 0.000
 0.000
 0.000
 0.000
 0.000
 0.040
 0.000
 0.000
 0.000
 0.000
 0.010
 0.000
 0.000
 0.000
 0.000
 0.000
 0.000
 0.000
 0.000
 0.000
 0.000
 0.010
 0.000
 0.000
 0.000
 0.000
 0.000
 0.000
 0.000
 0.000
 0.000
 0.000
 0.000
 3.980
 0.000
 0.000
 2.000
 0.000
 0.000
 0.000
 0.000
 0.000
 0.000
 0.000
 0.000
 0.010
 0.000
 0.000
 2.000
 0.000
 0.000
 0.000
 3.910
 0.000
 0.000
 0.000
 0.000
 0.000
 2.000
 0.000
 0.000
 0.000
 0.000
 0.000
 0.000
 1.980
 5.950
 2.000
 0.000
 0.000
 0.000
 0.000
 0.000
 2.000
 0.000
 0.000
 0.010
 0.010
 0.000
 0.010
 2.000
 0.000
 0.010
 0.000
 0.040
 0.000
 0.010
 0.000
 0.000
 0.000
 2.000
 0.000
 0.000
 0.000
 0.000
 0.000
 0.000
 0.000
 0.000
 0.000
 0.000
 0.000
 0.000
 0.000
 0.000
 2.000
 1.990
 0.000
 0.000
 0.000
 0.000
 0.000
 2.000
 0.000
 0.000
 0.010
 0.010
 0.000
 0.000
 0.000
 0.000
 2.000
 0.000
 0.000
 0.000
 0.000
 0.000
 0.000
 2.000
 0.000
 0.000
 2.000
 0.000
 0.000
 0.000
 0.000
 0.000
 0.010
 0.000
 0.000
 0.000
 0.000
 1.940
 0.000
 2.000
 0.010
 0.000
 0.000
 0.000
 2.000
 0.010
 0.000
 0.000
 0.000
 0.000
 2.000
 0.000
 0.000
 0.000
 0.000
 0.000
 0.000
 1.990
 0.000
 0.010
 1.990
 0.050
 0.000
 1.930
 0.000
 0.000
 0.000
 2.000
 0.000
 2.000
 0.000
 2.000
 0.000
 0.000
 0.010
 0.000
 0.000
 0.000
 0.000
 0.000
 0.000
 0.000
 0.000
 0.000
 0.000
 0.000
 0.000
 2.000
 0.000
 0.000
 0.000
 0.000
 2.000
 0.000
 0.000
 0.000
 0.010
 0.000
 0.010
 0.000
 0.000
 0.000
 0.000
 0.000
 0.010
 0.000
 0.010
 0.010
 1.990
 0.000
 0.010
 2.000
 0.000
 0.000
 0.000
 1.990
 0.000
 0.000
 0.000
 2.000
 0.000
 0.000
 0.000
 0.000
 0.000
 0.000
 0.000
 0.000
 0.010
 0.000
 0.000
 0.000
 0.000
 1.930
 0.020
 0.000
 0.000
 1.950
 0.000
 0.000
 0.000
 0.000
 0.000
 0.000
 0.080
 0.000
 0.000
 0.000
 0.000
 0.000
 0.000
 0.000
 0.000
 1.990
 0.000
 0.000
 0.000
 2.000
 0.000
 0.000
 0.000
 2.000
 0.000
 0.000
 0.000
 0.000
 0.000
 0.000
 0.020
 0.000
 3.990
 0.000
 0.000
 0.000
 0.000
 1.990
 0.000
 0.000
 0.000
 0.000
 2.000
 0.000
 2.000
 0.000
 0.000
 0.000
 0.000
 0.010
 0.000
 0.010
 0.000
 0.000
 0.000
 0.000
 0.000
 0.000
 0.000
 0.000
 0.000
 1.990
 0.000
 0.000
 0.000
 0.000
 0.000
 0.000
 0.000
 0.000
 2.000
 0.010
 0.010
 0.000
 0.000
 0.000
 0.000
 0.000
 0.000
 2.000
 0.000
 0.000
 0.000
 0.000
 0.000
 0.000
 0.000
 0.050
 0.000
 1.950
 0.000
 0.000
 1.950
 0.000
 0.000
 0.050
 0.000
 0.000
 0.000
 0.000
 0.010
 0.000
 0.000
 0.000
 0.000
 0.000
 0.000
 0.040
 0.000
 0.000
 0.000
 0.000
 0.000
 0.000
 0.010
 0.000
 0.000
 0.000
 2.000
 0.000
 0.000
 0.000
 0.000
 0.010
 1.950
 0.010
 0.000
 0.000
 0.000
 0.000
 3.990
 0.010
 0.000
 0.000
 0.000
 0.000
 0.000
 1.990
 0.000
 0.000
 0.000
 0.000
 0.000
 0.000
 0.000
 0.000
 0.000
 0.000
 0.000
 1.990
 0.010
 0.000
 0.000
 1.990
 0.000
 0.000
 0.000
 0.000
 0.010
 0.000
 0.000
 0.000
 3.980
 0.000
 0.000
 0.000
 0.000
 0.000
 1.990
 0.000
 0.000
 0.000
 0.000
 1.990
 0.000
 0.000
 1.990
 0.000
 0.010
 0.000
 0.040
 0.000
 0.000
 0.000
 0.000
 0.010
 2.000
 0.010
 0.000
 0.000
 0.000
 0.000
 0.000
 0.000
 0.000
 0.000
 0.000
 1.990
 2.000
 0.000
 0.000
 0.000
 0.000
 0.000
 0.000
 0.000
 6.000
 2.000
 0.000
 1.990
 0.010
 0.000
 0.000
 1.940
 2.000
 0.000
 0.000
 0.000
 0.000
 0.010
 2.000
 1.990
 1.940
 0.050
 0.000
 0.000
 2.000
 0.000
 0.000
 1.990
 0.000
 1.990
 0.000
 2.000
 0.000
 0.000
 0.000
 0.000
 0.000
 0.000
 0.000
 0.010
 0.000
 0.000
 0.000
 0.000
 0.000
 0.000
 1.990
 0.000
 0.010
 0.000
 0.000
 0.010
 0.000
 1.990
 0.000
 0.000
 0.000
 0.000
 2.000
 0.000
 0.000
 0.000
 0.000
 0.000
 0.000
 0.000
 4.000
 0.000
 0.000
 0.000
 0.000
 1.940
 0.000
 0.000
 0.010
 0.000
 0.000
 0.000
 1.990
 0.000
 0.020
 2.000
 2.000
 0.000
 0.000
 0.010
 0.000
 0.000
 0.000
 0.010
 0.010
 0.000
 0.010
 0.000
 0.000
 0.000
 0.010
 0.000
 0.000
 0.000
 0.040
 0.010
 0.000
 0.000
 0.000
 0.000
 0.000
 0.000
 0.000
 0.000
 0.000
 0.010
 0.000
 0.000
 0.000
 2.000
 0.000
 0.000
 0.000
 3.930
 0.000
 0.000
 0.000
 1.990
 1.990
 0.010
 0.000
 0.000
 0.000
 0.000
 0.010
 0.000
 0.000
 0.000
 0.000
 0.040
 0.000
 0.000
 0.000
 0.000
 0.000
 2.000
 0.000
 0.000
 3.980
 0.000
 0.000
 0.000
 0.040
 0.000
 0.000
 0.000
 0.000
 0.000
 4.000

