1 42
2 45
1 54
2 43
3 41
2 53
3 38
1 43
1 44
1 46
0 39
2 44
1 48
0 34
1 46
2 40
2 38
2 36
1 39
1 34
1 42
1 38
2 42
1 44
1 41
2 44
3 42
3 46
0 48
3 40
1 43
2 25
2 37
0 42
1 48
2 42
1 37
2 47
2 42
1 47
3 48
2 31
3 46
3 47
2 51
0 35
3 50
2 33
0 31
0 44
0 53
0 48
3 31
2 43
3 47
2 30
1 35
1 40
1 50
1 36
0 45
0 39
1 34
0 46
3 41
0 39
3 39
0 41
0 45
1 53
3 46
3 41
1 40
2 35
1 43
2 47
2 51
0 40
0 50
1 40
3 31
2 55
0 54
1 46
0 40
0 54
0 55
2 53
0 31
2 43
2 44
0 46
2 44
0 47
1 36
1 38
3 39
3 44
0 38
0 45
3 39
0 33
0 47
0 46
1 45
2 45
0 50
2 42
1 40
0 35
0 59
0 43
1 43
0 41
1 41
2 39
3 35
2 36
1 38
3 38
2 39
3 38
3 29
1 34
1 46
3 47
3 48
0 36
3 50
1 42
0 46
0 37
3 49
2 33
1 54
2 52
2 34
3 32
0 35
2 42
0 36
0 41
0 47
2 50
3 42
0 27
3 44
1 45
3 46
3 41
3 43
0 36
2 42
3 36
1 40
0 47
2 38
3 50
1 38
1 49
1 50
0 60
3 48
2 48
0 34
2 38
1 40
3 45
2 30
3 44
1 38
1 39
0 50
0 43
3 38
0 47
1 42
0 50
1 40
0 38
2 50
0 42
0 39
0 38
2 49
1 40
1 38
3 48
1 43
1 41
1 50
2 39
1 39
3 40
1 44
0 43
0 40
0 32
0 36
1 44
