
 0.467
 0.524
 0.500
 0.551
 0.470
 0.507
 0.521
 0.502
 0.508
 0.469
 0.470
 0.487
 0.528
 0.516
 0.498
 0.515
 0.497
 0.518
 0.485
 0.534
 0.460
 0.550
 0.476
 0.533
 0.484
 0.467
 0.458
 0.465
 0.468
 0.480
 0.528
 0.520
 0.486
 0.443
 0.541
 0.480
 0.503
 0.530
 0.486
 0.541
 0.487
 0.542
 0.488
 0.528
 0.474
 0.474
 0.528
 0.465
 0.539
 0.499
 0.507
 0.494
 0.507
 0.552
 0.504
 0.483
 0.462
 0.486
 0.477
 0.509
 0.546
 0.534
 0.494
 0.546
 0.533
 0.480
 0.496
 0.496
 0.500
 0.524
 0.455
 0.502
 0.493
 0.530
 0.517
 0.492
 0.475
 0.493
 0.522
 0.448
 0.548
 0.553
 0.508
 0.524
 0.461
 0.522
 0.522
 0.525
 0.462
 0.503
 0.487
 0.583
 0.486
 0.455
 0.510
 0.520
 0.476
 0.503
 0.458
 0.514
 0.463
 0.480
 0.480
 0.498
 0.493
 0.493
 0.508
 0.515
 0.483
 0.496
 0.518
 0.523
 0.490
 0.461
 0.533
 0.486
 0.482
 0.520
 0.505
 0.554
 0.492
 0.522
 0.543
 0.480
 0.462
 0.495
 0.463
 0.501
 0.489
 0.503
 0.485
 0.503
 0.516
 0.468
 0.519
 0.549
 0.543
 0.504
 0.498
 0.538
 0.536
 0.520
 0.464
 0.511
 0.543
 0.536
 0.476
 0.500
 0.511
 0.521
 0.522
 0.479
 0.465
 0.467
 0.490
 0.533
 0.516
 0.512
 0.567
 0.530
 0.489
 0.532
 0.471
 0.436
 0.535
 0.486
 0.515
 0.502
 0.541
 0.508
 0.523
 0.537
 0.525
 0.494
 0.497
 0.519
 0.489
 0.512
 0.471
 0.503
 0.477
 0.526
 0.490
 0.497
 0.444
 0.530
 0.525
 0.450
 0.521
 0.539
 0.394
 0.505
 0.515
 0.493
 0.548
 0.498
 0.457
 0.438
 0.542
 0.463

