0.5103483288405779 1
0.5979170727390009 1
0.6634445018502131 1
0.6763273274133992 1
0.6833236708582135 1
0.6884543244523157 1
0.6996967252502916 1
0.7026948288451957 1
0.7033048899890145 1
0.7055736924023727 1
0.7063486896944016 1
0.7067248589603301 1
0.7072491989026763 1
0.7076862046579556 1
0.7082714182193397 1
0.708655878912684 1
0.7086561429656519 1
0.7089452491996576 1
0.7092715657544257 1
0.7094181262630228 1
0.7095050684520628 1
0.7096521871125767 1
0.7098883835356186 1
0.7106703030419984 1
0.7108107208717349 1
0.7112467077221298 1
0.7113036837699468 1
0.711322291141455 1
0.7113738770163299 1
0.7113884516781083 1
0.7114281118869469 1
0.7116710902970598 1
0.7117336970661384 1
0.7118056960581239 1
0.7118688393520499 1
0.7122989383301531 1
0.7123176919794152 1
0.7123694586241943 1
0.7124943416407319 1
0.7125031867633334 1
0.7125748063252144 1
0.7127194015303835 1
0.7129096136039339 1
0.7129433584703123 1
0.7130419079573401 1
0.7130657928902396 1
0.713066665381623 1
0.7130886026763789 1
0.7130945290127635 1
0.7130945503093593 1
0.7131075230863833 1
0.7131523152013883 1
0.7132224487713146 1
0.7132813298193194 1
0.7135713674285629 1
0.7136493267887518 1
0.71372302167352 1
0.7137264597359094 1
0.7137396280050634 1
0.7137561586819008 1
0.7137789097171066 1
0.7137906621074963 1
0.7138150353904696 1
0.7138171780744975 1
0.7138280129397199 1
0.7138497199110392 1
0.7138720150201754 1
0.7139888368313516 1
0.714053615977009 1
0.7140690029483847 1
0.7140850332244186 1
0.714092152737198 1
0.7141384885743226 1
0.7141870506335867 1
0.7141959241023289 1
0.7142153830579885 1
0.7142256631546733 1
0.7142584340850545 1
0.7142600868064579 1
0.7143394534062688 1
0.7143600746576503 1
0.7143683017959065 1
0.7143787480811976 1
0.7143966559181565 1
0.7144133534176704 1
0.7144493567698819 1
0.7144507040878433 1
0.7144954085166916 1
0.7144979433358872 1
0.7145598815446529 1
0.7145631429677752 1
0.7145887892751469 1
0.7146002857306727 1
0.7146041694090396 1
0.7147038749975148 1
0.7147063174596974 1
0.7147086990073325 1
0.7147117880185135 1
0.714714773927076 1
0.7147267547055735 1
0.714738368017812 1
0.7147708643963769 1
0.7147805707224935 1
0.7148071671446011 1
0.7148663301352308 1
0.7148976891946063 1
0.7149680212276077 1
0.7149753831154843 1
0.7150009926191011 1
0.7150307050319624 1
0.7150552254567383 1
0.7150714083362397 1
0.7150845601769099 1
0.7150918579992348 1
0.7151239241134766 1
0.7151883785336425 1
0.7153051395385193 1
0.7153476629090051 1
0.7153627049476443 1
0.7153861171364511 1
0.7154632581235078 1
0.7154868751643385 1
0.7155373986687842 1
0.7155380275139375 1
0.7155650772035467 1
0.7155762276747158 1
0.7155813387737092 1
0.7155844820885211 1
0.7156698310051594 1
0.7157278978515978 1
0.7157364213355364 1
0.7157403294297998 1
0.7157418318243437 1
0.7157489414483152 1
0.7157660708666295 1
0.7157800071271223 1
0.7157818648012387 1
0.715787617479406 1
0.7158091787694074 1
0.7158143483594028 1
0.7158936651754301 1
0.7159160974236506 1
0.7159194073436354 1
0.7159229364770765 1
0.7159386983329039 1
0.7159510381945386 1
0.7159766957424456 1
0.715995125688233 1
0.716021560042766 1
0.7160231156258534 1
0.7160357762254815 1
0.7160528895849073 1
0.7160767435195599 1
0.7161158713858842 1
0.7161239769615078 1
0.716150446174749 1
0.7161816426782273 1
0.7162249075792287 1
0.7162285875470373 1
0.7162497667120403 1
0.716262104976371 1
0.7162637114176291 1
0.7162644747798197 1
0.7162720106002518 1
0.716277407475136 1
0.7162799250669581 1
0.7163175900904816 1
0.716319069899226 1
0.716424202310139 1
0.7164443051996542 1
0.7164723298013931 1
0.7164751092405433 1
0.71648146496823 1
0.7165121294881893 1
0.7165436498187031 1
0.7165967707982419 1
0.7166515281610168 1
0.7166558361471355 1
0.7166590062692243 1
0.7166783349918925 1
0.7166795167333002 1
0.7166988162577993 1
0.7167334865556376 1
0.7167361986652891 1
0.7167425681137681 1
0.7167561554457195 1
0.7167873077891658 1
0.7168033420101454 1
0.7168097191744698 1
0.7168203474684641 1
0.7168315088518055 1
0.7168624592303005 1
0.7168921120131071 1
0.7168967797687997 1
0.7168994994542907 1
0.7169170269056148 1
0.7169468881970655 1
0.7169699884689565 1
0.7169859184842633 1
0.7169924074031411 1
0.7170191318625176 1
0.7170229335461296 1
0.7170262095115971 1
0.7170316704097924 1
0.7170399931354617 1
0.717048596222269 1
0.7170504182607272 1
0.7170611066405362 1
0.7170775263423443 1
0.7170778820141733 1
0.7170815896091411 1
0.7171025101403118 1
0.7171091914378275 1
0.7171297327492162 1
0.7171377690741804 1
0.7171380611641431 1
0.7171538397954372 1
0.7171605314930315 1
0.7171607634529905 1
0.7171690931188023 1
0.7171925717682677 1
0.7171958352815803 1
0.7172050586218337 1
0.7172069574942948 1
0.7172210596683158 1
0.7172307438000091 1
0.7172352426871407 1
0.7172426786534798 1
0.7172988157865839 1
0.7173046532489135 1
0.7173084898066521 1
0.7173168904937721 1
0.7173321981279723 1
0.7173371737478225 1
0.7173400692282749 1
0.7173513204559684 1
0.7173563824442682 1
0.7173692318581434 1
0.7173730800735347 1
0.7173734373831093 1
0.7173773831650645 1
0.7174051170948093 1
0.71744336618941 1
0.7174638913693729 1
0.7175124378252147 1
0.7175288601852864 1
0.717540319099842 1
0.717561102038705 1
0.7175646524499878 1
0.7175758343500854 1
0.7175783461114046 1
0.7175811101794796 1
0.7175820873963943 1
0.7175903556299508 1
0.7175992106440051 1
0.7175996827776323 1
0.7176076306403578 1
0.7176267031744029 1
0.7176291291240326 1
0.7176312709340757 1
0.7176358628284216 1
0.7176476899226859 1
0.7176768993091652 1
0.7176933216287112 1
0.7177181622938621 1
0.7177198090795219 1
0.7177230021217228 1
0.7177633739063579 1
0.7177734230699556 1
0.7177753452937822 1
0.7177848383486138 1
0.7177949688652332 1
0.7177961334433436 1
0.7177965164823631 1
0.7178147338881468 1
0.7178233096261516 1
0.7178337425765027 1
0.7178388553678687 1
0.7178587813805151 1
0.7178871578755994 1
0.7179075319655309 1
0.7179194233201017 1
0.7179330555020492 1
0.717951132478105 1
0.7179640007983767 1
0.7179685385284791 1
0.717974121102833 1
0.7179743057283743 1
0.7179856264390426 1
0.7180072396294905 1
0.7180074185273185 1
0.7180112838367738 1
0.7180174547572618 1
0.718051399262659 1
0.7180633357591861 1
0.7181072820735828 1
0.718120120462532 1
0.7181372242310579 1
0.7181378418599964 1
0.7181521379086233 1
0.7181563817249681 1
0.7181666054313832 1
0.71821713357801 1
0.7182365270180394 1
0.7182457389084943 1
0.7182589149422394 1
0.7182704606688932 1
0.7182775965990484 1
0.7182808552887866 1
0.7182884720792229 1
0.7183070734753654 1
0.7183084372953374 1
0.7183095131183976 1
0.718318080205169 1
0.7183183411691293 1
0.7183360752628402 1
0.7183429272966679 1
0.7183626512550306 1
0.718366270480217 1
0.7183909436054408 1
0.7184013329028496 1
0.7184114376017746 1
0.718420731357984 1
0.7184212609926603 1
0.7184277310095744 1
0.7184539409311855 1
0.7184544734951329 1
0.7184616619498118 1
0.7184739142038437 1
0.7185187687184357 1
0.718545268312037 1
0.7185523106752417 1
0.7185563208395214 1
0.7185645424747726 1
0.7185892570560386 1
0.7185909230353167 1
0.7185977430111287 1
0.7185988247161055 1
0.7186171310423493 1
0.7186198458226933 1
0.7186256701358443 1
0.718626969306149 1
0.7186272295786271 1
0.7186281119328951 1
0.7186315126103671 1
0.7186345269240052 1
0.7186534922470479 1
0.718657282754153 1
0.7186739594716186 1
0.7186744684183963 1
0.7186746880093814 1
0.7186832270823791 1
0.7186931560455995 1
0.7187020050079803 1
0.718702715311286 1
0.7187125248961483 1
0.718719335545866 1
0.7187227279899422 1
0.7187521174180249 1
0.7187563239374785 1
0.7187856195741601 1
0.7188124545807546 1
0.718816945976817 1
0.7188429071481114 1
0.718853433244182 1
0.718856272854659 1
0.7188807926041643 1
0.7188893435576766 1
0.7189224515500826 1
0.7189416633947519 1
0.7189607620735462 1
0.7189814178928075 1
0.7189956821541249 1
0.7189976782224862 1
0.7190076895048505 1
0.7190088295974368 1
0.7190391750004816 1
0.7190458670488276 1
0.7190534499038035 1
0.7190748937241831 1
0.7190768098333211 1
0.7190855898893592 1
0.719131239861121 1
0.7191312624769126 1
0.719133760545716 1
0.7191570453449337 1
0.7191661808513441 1
0.7191780075980378 1
0.7192027665156735 1
0.7192171804152151 1
0.719219233997019 1
0.7192375514849568 1
0.7192475826947407 1
0.7192844196786689 1
0.7192868680496554 1
0.7193230810728225 1
0.7193462121415877 1
0.7193549224208649 1
0.71937575730815 1
0.719389404722502 1
0.7193969613733151 1
0.7193969765057499 1
0.7194112540362831 1
0.7194151404916947 1
0.7194227055134597 1
0.7194442232882895 1
0.7194686557083797 1
0.7194828482102466 1
0.7194930349529789 1
0.7194947464093299 1
0.7194950132134649 1
0.7195069038282456 1
0.719507966462146 1
0.719531665168541 1
0.719557040095292 1
0.7195581621597078 1
0.719563740083416 1
0.7195655389993066 1
0.7195658049602401 1
0.7195779937629618 1
0.719583059047498 1
0.7195830864562417 1
0.7195848951911258 1
0.7195999852444855 1
0.719608766083728 1
0.7196152810381363 1
0.7196218389134887 1
0.719626526965134 1
0.7196316495863423 1
0.7196574643045003 1
0.7196885397750289 1
0.7196997254959441 1
0.7197212405495518 1
0.7197234601805362 1
0.7197273490920328 1
0.7197474856305351 1
0.7197552231948046 1
0.7197634999349306 1
0.7197757732577297 1
0.7197836477028274 1
0.7197878135119206 1
0.7197930184673847 1
0.719794651952012 1
0.7198062367905357 1
0.7198307983003125 1
0.7198427840709647 1
0.7198454887320228 1
0.719860965603823 1
0.7198968319677923 1
0.7199021580414153 1
0.719903686488615 1
0.7199079599659334 1
0.7199108572790746 1
0.7199191907797771 1
0.7199242092765746 1
0.7199258147388579 1
0.7199476318408574 1
0.7199547957237606 1
0.7199836935971425 1
0.7199858387721765 1
0.7199902119462095 1
0.7199922718949651 1
0.7199981174326314 1
0.7200024730621956 1
0.7200206202509051 1
0.7200354111171348 1
0.7200401302351644 1
0.7200441567300419 1
0.7200535331449709 1
0.7200607705675867 1
0.7200662689595191 1
0.7200889995319959 1
0.7200920554393061 1
0.720104951772594 1
0.7201096171210355 1
0.7201205994923358 1
0.7201297949056166 1
0.7201330760636078 1
0.7201380817908742 1
0.7201411255497405 1
0.7201438254212286 1
0.7201467533099145 1
0.7201510429397538 1
0.7201580044130811 1
0.7201627163752121 1
0.7201734600915178 1
0.7201740625608063 1
0.7201743687484309 1
0.7201753779789588 1
0.720175741897011 1
0.7201905310752751 1
0.7201955461403124 1
0.7202060631431647 1
0.7202223437275905 1
0.7202228855495773 1
0.7202456507878484 1
0.7202457193000767 1
0.7202563591407014 1
0.7202627459996493 1
0.7202644080894391 1
0.7202652325008908 1
0.7202692733265382 1
0.7202987534709637 1
0.7203072711212702 1
0.7203089682755144 1
0.72032760932282 1
0.7203303494363394 1
0.7203309509621928 1
0.7203347093972722 1
0.7203451671938038 1
0.7203479675369983 1
0.7203563316512206 1
0.7203773884842741 1
0.7203880496852774 1
0.7204064349626792 1
0.7204194424543273 1
0.7204294610206251 1
0.7204688828368647 1
0.7204850506894908 1
0.7204929352939247 1
0.7205183877375099 1
0.7205226385904355 1
0.7205612241418371 1
0.7205616966645113 1
0.7205713827204201 1
0.7205796123835597 1
0.7205900918033903 1
0.7206182309486183 1
0.7206492710963803 1
0.7206505064762857 1
0.7206513405212428 1
0.7206576945768604 1
0.7206670340035749 1
0.7206771160839557 1
0.7206886567255357 1
0.7206906658679704 1
0.7206977332451098 1
0.7207109840502784 1
0.7207118776309956 1
0.7207271556544638 1
0.7207337029356354 1
0.7207556890186528 1
0.7207636508655014 1
0.7207921762184362 1
0.7207938542563466 1
0.720800235216067 1
0.7208021211490606 1
0.7208132115655955 1
0.7208240927591997 1
0.7208373401571461 1
0.7208488301793756 1
0.7208490306660882 1
0.7208669019397277 1
0.720875981116604 1
0.7208807147091914 1
0.7208948995925865 1
0.7209033895370194 1
0.7209074587412972 1
0.7209081988371943 1
0.7209356558991694 1
0.720946386096543 1
0.7209928130907216 1
0.7210024498236851 1
0.7210037545938737 1
0.721016551454063 1
0.7210175384962829 1
0.721021096219452 1
0.7210267280780156 1
0.7210295353247272 1
0.72103071902232 1
0.7210332066239357 1
0.7210343642407288 1
0.7210389827108583 1
0.7210480696676216 1
0.7210724463127223 1
0.7210791515514081 1
0.7210824359523396 1
0.7210910838762942 1
0.7210931001779205 1
0.7210954682843379 1
0.721100181072732 1
0.7211024625459781 1
0.7211155034098868 1
0.7211214954949842 1
0.7211268814313382 1
0.7211482628533847 1
0.7211550452798297 1
0.7211613000427677 1
0.72116599142546 1
0.7211785460188002 1
0.7211804268928644 1
0.7212242110483199 1
0.7212453822437962 1
0.7212481797696186 1
0.7212584272384023 1
0.7212638806224038 1
0.7212720234749965 1
0.7212784204911348 1
0.7212925774538109 1
0.7213084219230724 1
0.7213202126463041 1
0.7213235463307478 1
0.7213309609491682 1
0.7213485014607869 1
0.721383406701637 1
0.7213878828623252 1
0.7214292088734281 1
0.721441370012975 1
0.7214587379933639 1
0.7214910364220775 1
0.7215074042497825 1
0.7215151709040563 1
0.721526819179137 1
0.721530013093571 1
0.7215515682678643 1
0.7215628526952372 1
0.7215963634283028 1
0.7215987734656703 1
0.721613421727721 1
0.721631388033908 1
0.7216334239118048 1
0.7216391862056023 1
0.7216668503738751 1
0.7216750733860002 1
0.7216819094782346 1
0.7216842114649069 1
0.7216949573802485 1
0.7217085568315923 1
0.7217093660867772 1
0.721714767566495 1
0.7217227545783884 1
0.7217635726675705 1
0.721801630156073 1
0.7218139619085637 1
0.7218185495675782 1
0.7218198996424282 1
0.7218214788473487 1
0.7218225097010009 1
0.7218350003431971 1
0.7218457247849606 1
0.7218560496598047 1
0.7218574616216493 1
0.7218608823647774 1
0.7218760177728671 1
0.7219089596469312 1
0.7219117473972879 1
0.721923070763045 1
0.7219303694789668 1
0.7219380272357804 1
0.7219533824748213 1
0.7219589833180377 1
0.7219621247737574 1
0.7219937869626699 1
0.7220143887456062 1
0.7220158405976973 1
0.7220386448039321 1
0.7220454221607566 1
0.7220721284451744 1
0.7220797564776229 1
0.7220810424934215 1
0.7220816618428425 1
0.7220845375378636 1
0.7221149513202294 1
0.7221174833761472 1
0.7221433254999363 1
0.7221547139574471 1
0.7221782223498804 1
0.7221783340334356 1
0.7221887355827795 1
0.7221954234511561 1
0.7222158417575752 1
0.7222219706059233 1
0.7222236394514105 1
0.7222314366917639 1
0.7222488938512357 1
0.7222729026085062 1
0.722278084266748 1
0.7222853828409396 1
0.7222858907853266 1
0.7223212958258582 1
0.7223262302222007 1
0.7223295051700641 1
0.7223487378307514 1
0.7223587986214679 1
0.7223690090761168 1
0.7223751083832456 1
0.7224086923504929 1
0.7224220519210702 1
0.7224295710158224 1
0.7224348423682491 1
0.72245539878033 1
0.7224599766677697 1
0.7224667309191293 1
0.7225031031248584 1
0.7225351392927942 1
0.7225688851179233 1
0.7225759513358321 1
0.7225863118507307 1
0.7226221896311724 1
0.7226244858299772 1
0.7226412319720231 1
0.7226466586821267 1
0.7226593201256528 1
0.7226644969384426 1
0.7226732565747782 1
0.7226839015093098 1
0.7226925515602697 1
0.7226960992331808 1
0.7227225172412688 1
0.7227296050864528 1
0.7227436971758875 1
0.7227449026280706 1
0.7227686011364205 1
0.722782416262178 1
0.722782437617736 1
0.7227947541568694 1
0.7228109395858485 1
0.7228168080706204 1
0.7228202535248694 1
0.7228207531538289 1
0.7228287920071252 1
0.7228335201944999 1
0.7228386364217929 1
0.7228408077268514 1
0.7228423554050479 1
0.7228439836552065 1
0.7228522085366964 1
0.7228522982544776 1
0.7228772747956758 1
0.7228776080022778 1
0.7228953095748195 1
0.7229021725030789 1
0.7229212794017839 1
0.722930159847549 1
0.7229517712043982 1
0.7229601992948977 1
0.7229605649894635 1
0.7229715568423114 1
0.7229872412347141 1
0.7229912837885273 1
0.7229915921550625 1
0.7230091950342487 1
0.7230147774298619 1
0.7230780971946729 1
0.7230934062424925 1
0.723128297917419 1
0.7231416676964024 1
0.7231432016051702 1
0.7231536121994017 1
0.7231795898780026 1
0.7231809074388291 1
0.7231974087764672 1
0.7231976421643294 1
0.7232068420237389 1
0.7232197394133202 1
0.7232265796778147 1
0.7232295436457926 1
0.7232338316289858 1
0.7232456698342277 1
0.723260826560009 1
0.7232757713916085 1
0.7232856019667434 1
0.7232876237364015 1
0.7232951664508728 1
0.7233012640471594 1
0.7233138423934764 1
0.7233203779476739 1
0.7233369338577726 1
0.723338286390118 1
0.7233661804190977 1
0.7233714801047078 1
0.723376972102163 1
0.7233784560982429 1
0.7233908174633733 1
0.7234081566856534 1
0.7234217234237907 1
0.7234342031559818 1
0.7234441294090896 1
0.7234608323451167 1
0.7234781271554623 1
0.7234798780037998 1
0.7235091844465407 1
0.7235118225847997 1
0.7235306563301406 1
0.723550849776628 1
0.7235547274848648 1
0.7235809966553444 1
0.7235823434120403 1
0.7236205362391647 1
0.7236246300718697 1
0.7236411117210741 1
0.7236503866537033 1
0.7236851139455424 1
0.7237179809793188 1
0.7237393148042658 1
0.723739496447713 1
0.7237406692896077 1
0.7237500489049354 1
0.7237543674712069 1
0.723762797146105 1
0.7237903121554723 1
0.7238537621411615 1
0.7238595670624614 1
0.7238656385668542 1
0.7238868929659957 1
0.7238960542804237 1
0.7239209480187377 1
0.7239424039965501 1
0.7239520580991292 1
0.7239613561902861 1
0.7239929053876691 1
0.724001030795376 1
0.7240020086847856 1
0.7240197938417965 1
0.724022762917669 1
0.7240360361562649 1
0.7240453119321371 1
0.7240462358456994 1
0.7240466692144906 1
0.7241208995382915 1
0.7241387124722206 1
0.7241417897439975 1
0.7241717577019842 1
0.7241990311308482 1
0.7241993180784281 1
0.7242030338212491 1
0.7242113985205666 1
0.7242190969052217 1
0.7242294802978919 1
0.7242768820619989 1
0.7242905510009158 1
0.72429602256477 1
0.724304294279446 1
0.7243163140230203 1
0.7243573943017205 1
0.7243592355877738 1
0.7243664682780356 1
0.7243702627802063 1
0.724396456267326 1
0.7244536899924923 1
0.7244761297965971 1
0.7245700858199309 1
0.7245823905216617 1
0.7245975437502777 1
0.724604658500547 1
0.7246319902506306 1
0.7246323405875419 1
0.724644258027824 1
0.7246686076762584 1
0.7246820792325953 1
0.7246866632027206 1
0.7247133184719647 1
0.7247273821476709 1
0.7247445655918465 1
0.7247568278977223 1
0.7248041620971426 1
0.7248347835343761 1
0.724844212864492 1
0.7248624542694593 1
0.7248971807017724 1
0.7249324769632413 1
0.724950307883131 1
0.7249680946757611 1
0.7249698821897941 1
0.7250788578964187 1
0.7251187946821168 1
0.7251211906092695 1
0.7251250534108215 1
0.7251329951915579 1
0.725143643935876 1
0.7251470177936309 1
0.725159781821701 1
0.7251839310074316 1
0.7251874541082177 1
0.7251953334000771 1
0.7251994243853883 1
0.7252170267071053 1
0.7252328968631874 1
0.7252410158743369 1
0.7253211214743782 1
0.7253251279912779 1
0.725334795996159 1
0.7253919765260927 1
0.725433237941142 1
0.7254441796383092 1
0.7254472970717382 1
0.7254560439594022 1
0.7254936048221204 1
0.7255325525052964 1
0.7255831759162958 1
0.7256118230797596 1
0.7256283350502336 1
0.7256363363878552 1
0.725644546751187 1
0.7256508583904256 1
0.7256560946866925 1
0.7256593944516585 1
0.7256679144438107 1
0.725678564772134 1
0.725680125511971 1
0.7256817340585315 1
0.7257231866073897 1
0.7257904107637982 1
0.7258107372142537 1
0.7258164747700846 1
0.7258179331136175 1
0.7258222344705402 1
0.7258724460286045 1
0.7258756607089394 1
0.7259021558818557 1
0.725903973218201 1
0.7259075272908638 1
0.7259245452192609 1
0.7259528655520923 1
0.7259622347552025 1
0.7260037095864854 1
0.7260275232116313 1
0.7260445713857643 1
0.726104004173582 1
0.7261042074483154 1
0.7261150610586424 1
0.7261431648229414 1
0.7261498475620084 1
0.7261530247730053 1
0.7261991824932179 1
0.7262595699912071 1
0.7262618244219254 1
0.7262625880731746 1
0.7262876103215511 1
0.7263211342712541 1
0.7263303942896461 1
0.7263518355340476 1
0.726402426506143 1
0.7264065815132831 1
0.7264150445624195 1
0.7264183760140789 1
0.7265136708656956 1
0.7265443510096532 1
0.7265536105645698 1
0.726563840338426 1
0.7265647819814587 1
0.7265863952399365 1
0.726603968024383 1
0.7266454628335014 1
0.7266640051544001 1
0.72669714151672 1
0.7267047745384986 1
0.7267162473712514 1
0.726779652170255 1
0.7267990627135137 1
0.7268024843920389 1
0.7268308361408038 1
0.7268318958859656 1
0.7268350054804422 1
0.7269124515584383 1
0.7269205776398147 1
0.7270530746027606 1
0.7270919958834553 1
0.7271416334678484 1
0.7271978549756803 1
0.7272763029852016 1
0.7274161223381135 1
0.7275046378311444 1
0.7275469417531873 1
0.7275787469096401 1
0.7276348794507754 1
0.727716302085198 1
0.727721854783519 1
0.7277637224466192 1
0.7277798347724904 1
0.7277969446643956 1
0.7279209106205361 1
0.727989696676823 1
0.7281138068594397 1
0.7282035587029583 1
0.7282708091781617 1
0.7282883042185979 1
0.7283488726564599 1
0.7287160283878753 1
0.7287645996727395 1
0.7287748884432195 1
0.7288594284315631 1
0.7288673898509621 1
0.7289763263788296 1
0.7289924743656051 1
0.7290110193495981 1
0.7292294651641466 1
0.7292737272481354 1
0.7295503923513132 1
0.729630179121985 1
0.7298217148820417 1
0.7300380210506441 1
0.7304321307342455 1
0.7304412275152684 1
0.7307523112535762 1
0.7308987153533725 1
0.7309129875207411 1
0.7311451402206666 1
0.731376302099209 1
0.7328134660076462 1
