4 0.13752978424159956
6 0.9277118551375629
0 0.5599300003922248
22 0.945814903321365
25 0.39910151408716976
13 0.9900290325454326
24 0.48353462844618755
27 0.30399255916861634
23 0.4868209775019
1 0.9651944369227251
2 0.6929090558155367
3 0.910184080321766
5 0.12169815886994195
7 0.4025622856236696
12 0.11776993721118467
20 0.11660297034444589
11 0.4463067683649583
26 0.2878904434027899
14 0.25021765696175857
16 0.6130560916050993
8 0.8560258187140809
17 0.5529083018229173
19 0.7802155805949377
15 0.4921060786205679
29 0.2395108411253899
28 0.16508021840088782
18 0.33707954664728423
21 0.5640310854140211
9 0.5279784043090932
10 0.4097096140648243
