
 0.510
 0.598
 0.663
 0.676
 0.683
 0.700
 0.688
 0.703
 0.703
 0.706
 0.721
 0.709
 0.721
 0.710
 0.717
 0.717
 0.721
 0.716
 0.711
 0.711
 0.719
 0.721
 0.725
 0.718
 0.715
 0.718
 0.718
 0.724
 0.717
 0.718
 0.720
 0.710
 0.725
 0.722
 0.720
 0.721
 0.720
 0.715
 0.720
 0.724
 0.712
 0.730
 0.715
 0.720
 0.717
 0.723
 0.723
 0.718
 0.726
 0.726
 0.714
 0.717
 0.721
 0.724
 0.722
 0.726
 0.721
 0.719
 0.729
 0.723
 0.718
 0.724
 0.718
 0.719
 0.716
 0.711
 0.716
 0.724
 0.728
 0.721
 0.717
 0.720
 0.720
 0.719
 0.722
 0.720
 0.718
 0.727
 0.722
 0.725
 0.721
 0.720
 0.723
 0.719
 0.720
 0.717
 0.720
 0.713
 0.718
 0.724
 0.727
 0.731
 0.722
 0.713
 0.720
 0.721
 0.727
 0.721
 0.727
 0.727
 0.724
 0.720
 0.723
 0.714
 0.724
 0.719
 0.722
 0.723
 0.722
 0.722
 0.714
 0.719
 0.718
 0.711
 0.716
 0.725
 0.716
 0.721
 0.721
 0.719
 0.717
 0.713
 0.718
 0.708
 0.722
 0.720
 0.719
 0.712
 0.718
 0.716
 0.717
 0.725
 0.719
 0.717
 0.722
 0.726
 0.718
 0.717
 0.722
 0.718
 0.714
 0.718
 0.722
 0.721
 0.723
 0.721
 0.727
 0.719
 0.718
 0.717
 0.725
 0.721
 0.723
 0.718
 0.718
 0.719
 0.721
 0.721
 0.722
 0.720
 0.728
 0.709
 0.727
 0.722
 0.720
 0.722
 0.725
 0.717
 0.714
 0.719
 0.727
 0.720
 0.718
 0.715
 0.723
 0.727
 0.723
 0.725
 0.723
 0.724
 0.720
 0.721
 0.719
 0.723
 0.726
 0.720
 0.720
 0.726
 0.717
 0.718
 0.724
 0.718
 0.722
 0.717
 0.719
 0.718
 0.722
 0.714
 0.718
 0.723
 0.723
 0.720
 0.716
 0.715
 0.724
 0.724
 0.718
 0.717
 0.714
 0.716
 0.721
 0.715
 0.721
 0.717
 0.721
 0.714
 0.717
 0.715
 0.725
 0.718
 0.711
 0.718
 0.721
 0.722
 0.723
 0.717
 0.717
 0.724
 0.717
 0.715
 0.724
 0.720
 0.722
 0.719
 0.726
 0.716
 0.723
 0.720
 0.723
 0.719
 0.720
 0.723
 0.720
 0.723
 0.724
 0.721
 0.723
 0.724
 0.716
 0.720
 0.722
 0.716
 0.726
 0.714
 0.718
 0.720
 0.722
 0.722
 0.725
 0.712
 0.719
 0.724
 0.719
 0.727
 0.724
 0.721
 0.722
 0.729
 0.716
 0.729
 0.722
 0.718
 0.726
 0.716
 0.726
 0.726
 0.715
 0.717
 0.718
 0.718
 0.726
 0.724
 0.714
 0.722
 0.719
 0.713
 0.718
 0.722
 0.717
 0.719
 0.722
 0.720
 0.725
 0.718
 0.722
 0.717
 0.715
 0.715
 0.720
 0.715
 0.721
 0.722
 0.720
 0.725
 0.721
 0.725
 0.717
 0.723
 0.719
 0.716
 0.724
 0.720
 0.722
 0.727
 0.714
 0.714
 0.723
 0.721
 0.723
 0.724
 0.724
 0.717
 0.714
 0.722
 0.724
 0.720
 0.720
 0.716
 0.718
 0.723
 0.723
 0.718
 0.718
 0.715
 0.716
 0.726
 0.719
 0.716
 0.726
 0.715
 0.719
 0.720
 0.715
 0.719
 0.714
 0.726
 0.721
 0.722
 0.726
 0.728
 0.724
 0.718
 0.722
 0.717
 0.719
 0.717
 0.717
 0.720
 0.716
 0.716
 0.723
 0.721
 0.719
 0.719
 0.718
 0.720
 0.721
 0.716
 0.714
 0.713
 0.726
 0.720
 0.716
 0.717
 0.721
 0.725
 0.722
 0.719
 0.716
 0.723
 0.724
 0.731
 0.723
 0.725
 0.720
 0.718
 0.722
 0.723
 0.724
 0.723
 0.716
 0.712
 0.725
 0.723
 0.722
 0.725
 0.723
 0.716
 0.723
 0.726
 0.718
 0.725
 0.723
 0.715
 0.720
 0.719
 0.716
 0.723
 0.720
 0.723
 0.707
 0.718
 0.714
 0.720
 0.724
 0.722
 0.722
 0.719
 0.720
 0.713
 0.722
 0.714
 0.721
 0.716
 0.707
 0.709
 0.716
 0.721
 0.711
 0.719
 0.723
 0.721
 0.720
 0.727
 0.717
 0.714
 0.723
 0.722
 0.715
 0.720
 0.724
 0.719
 0.722
 0.721
 0.721
 0.720
 0.721
 0.726
 0.721
 0.719
 0.715
 0.722
 0.717
 0.722
 0.722
 0.720
 0.720
 0.717
 0.720
 0.722
 0.725
 0.720
 0.724
 0.722
 0.720
 0.708
 0.718
 0.723
 0.731
 0.714
 0.719
 0.721
 0.722
 0.717
 0.716
 0.718
 0.726
 0.716
 0.717
 0.722
 0.722
 0.720
 0.719
 0.724
 0.718
 0.718
 0.718
 0.719
 0.722
 0.714
 0.723
 0.728
 0.719
 0.719
 0.723
 0.728
 0.725
 0.720
 0.716
 0.718
 0.733
 0.722
 0.721
 0.720
 0.724
 0.721
 0.723
 0.722
 0.726
 0.720
 0.727
 0.725
 0.721
 0.723
 0.718
 0.727
 0.720
 0.724
 0.717
 0.721
 0.728
 0.726
 0.718
 0.714
 0.720
 0.720
 0.719
 0.721
 0.724
 0.722
 0.726
 0.728
 0.727
 0.722
 0.717
 0.721
 0.713
 0.722
 0.723
 0.721
 0.722
 0.722
 0.719
 0.718
 0.719
 0.719
 0.723
 0.731
 0.714
 0.718
 0.720
 0.721
 0.719
 0.717
 0.719
 0.726
 0.720
 0.720
 0.725
 0.719
 0.722
 0.728
 0.725
 0.719
 0.719
 0.720
 0.716
 0.720
 0.717
 0.717
 0.721
 0.725
 0.709
 0.714
 0.723
 0.723
 0.726
 0.719
 0.720
 0.715
 0.720
 0.721
 0.718
 0.717
 0.721
 0.720
 0.717
 0.727
 0.715
 0.726
 0.730
 0.720
 0.718
 0.713
 0.717
 0.717
 0.719
 0.719
 0.719
 0.722
 0.728
 0.720
 0.716
 0.727
 0.716
 0.720
 0.722
 0.722
 0.725
 0.720
 0.721
 0.726
 0.729
 0.713
 0.725
 0.722
 0.716
 0.720
 0.727
 0.726
 0.713
 0.712
 0.724
 0.723
 0.719
 0.721
 0.717
 0.723
 0.720
 0.721
 0.724
 0.720
 0.723
 0.723
 0.718
 0.728
 0.717
 0.723
 0.721
 0.725
 0.719
 0.717
 0.716
 0.715
 0.725
 0.726
 0.716
 0.724
 0.721
 0.725
 0.721
 0.724
 0.726
 0.725
 0.720
 0.725
 0.720
 0.724
 0.720
 0.723
 0.721
 0.720
 0.720
 0.724
 0.718
 0.719
 0.719
 0.721
 0.716
 0.719
 0.712
 0.723
 0.715
 0.721
 0.721
 0.724
 0.721
 0.717
 0.717
 0.720
 0.717
 0.723
 0.718
 0.718
 0.718
 0.718
 0.719
 0.725
 0.718
 0.728
 0.717
 0.718
 0.723
 0.722
 0.721
 0.719
 0.715
 0.719
 0.719
 0.726
 0.720
 0.721
 0.715
 0.714
 0.717
 0.726
 0.723
 0.717
 0.726
 0.724
 0.718
 0.723
 0.722
 0.723
 0.717
 0.719
 0.723
 0.726
 0.718
 0.716
 0.720
 0.719
 0.726
 0.719
 0.717
 0.724
 0.713
 0.719
 0.714
 0.720
 0.716
 0.723
 0.731
 0.728
 0.728
 0.721
 0.719
 0.718
 0.730
 0.716
 0.718
 0.728
 0.714
 0.718
 0.714
 0.721
 0.722
 0.724
 0.725
 0.715
 0.713
 0.716
 0.721
 0.726
 0.722
 0.723
 0.720
 0.719
 0.719
 0.718
 0.726
 0.721
 0.722
 0.725
 0.715
 0.725
 0.729
 0.712
 0.717
 0.720
 0.729
 0.721
 0.716
 0.717
 0.717
 0.716
 0.721
 0.715
 0.729
 0.714
 0.721
 0.723
 0.720
 0.722
 0.725
 0.721
 0.719
 0.726
 0.720
 0.717
 0.719
 0.725
 0.721
 0.721
 0.720
 0.719
 0.722
 0.720
 0.723
 0.714
 0.718
 0.723
 0.720
 0.723
 0.718
 0.724
 0.724
 0.720
 0.721
 0.726
 0.722
 0.722
 0.716
 0.722
 0.718
 0.723
 0.719
 0.726
 0.714
 0.720
 0.724
 0.722
 0.723
 0.718
 0.725
 0.724
 0.714
 0.727
 0.715
 0.715
 0.723
 0.721
 0.725
 0.724
 0.720
 0.727
 0.722
 0.726
 0.724
 0.715
 0.727
 0.712
 0.720
 0.720
 0.723
 0.714
 0.726
 0.720
 0.720
 0.722
 0.718
 0.728
 0.724
 0.717
 0.720
 0.724
 0.724
 0.724
 0.721
 0.726
 0.729
 0.710
 0.722
 0.722
 0.711
 0.714
 0.726
 0.725
 0.721
 0.715
 0.725
 0.722
 0.723
 0.716
 0.723
 0.728
 0.721
 0.715
 0.714
 0.721
 0.714
 0.720
 0.729
 0.718
 0.723
 0.709
 0.723
 0.716
 0.717
 0.720
 0.720
 0.717
 0.730
 0.719
 0.723
 0.718
 0.720
 0.721
 0.716
 0.725
 0.723
 0.722
 0.718
 0.719
 0.730
 0.725
 0.727
 0.719
 0.718
 0.722
 0.719
 0.726
 0.717
 0.721
 0.717
 0.722
 0.726
 0.717
 0.716
 0.719
 0.720
 0.717
 0.720
 0.706
 0.723
 0.713
 0.724
 0.719
 0.720
 0.719
 0.726
 0.717
 0.724
 0.723
 0.718
 0.727
 0.713
 0.717
 0.724
 0.720
 0.719
 0.724
 0.722
 0.730
 0.719
 0.724
 0.723
 0.723
 0.717
 0.721
 0.727
 0.718
 0.717
 0.723
 0.723
 0.716
 0.725
 0.720
 0.725
 0.723
 0.720
 0.723
 0.721
 0.721
 0.718
 0.722
 0.717
 0.727
 0.713
 0.720
 0.718
 0.711
 0.723
 0.718
 0.721
 0.726
 0.718
 0.723
 0.725
 0.721
 0.721
 0.727
 0.719
 0.729
 0.718
 0.721
 0.721
 0.723
 0.718
 0.724
 0.720
 0.718
 0.724
 0.720
 0.716
 0.715
 0.725
 0.716
 0.723
 0.718

