0 39
0 33
0 45
0 37
0 34
0 36
0 40
0 49
0 53
0 34
0 31
0 37
0 47
0 38
0 49
0 52
0 43
0 42
0 53
0 54
0 43
0 43
0 42
0 40
0 42
0 40
0 50
0 33
0 33
0 31
0 44
0 50
0 40
0 47
0 43
0 35
0 43
0 44
0 43
0 35
0 45
0 48
0 48
0 43
0 35
0 44
0 33
0 41
0 37
0 51
0 40
0 41
0 56
0 36
0 33
0 36
0 37
0 51
0 40
0 49
0 42
0 45
0 42
0 25
0 46
0 43
0 38
0 32
0 48
0 37
0 43
0 40
0 39
0 55
0 45
0 50
0 41
0 35
0 38
0 44
0 40
0 32
0 31
0 50
0 45
0 45
0 48
0 35
0 43
0 38
0 43
0 43
0 36
0 45
0 30
0 35
0 39
0 39
0 50
0 35
0 31
0 37
0 42
0 38
0 43
0 38
0 35
0 45
0 47
0 43
0 44
0 36
0 35
0 39
0 32
0 56
0 39
0 39
0 37
0 52
0 39
0 51
0 33
0 42
0 40
0 44
0 31
0 39
0 50
0 42
0 54
0 41
0 30
0 49
0 42
0 49
0 38
0 47
0 39
0 45
0 46
0 34
0 42
0 41
0 51
0 37
0 52
0 46
0 45
0 56
0 50
0 46
0 47
0 55
0 37
0 48
0 31
0 39
0 42
0 34
0 42
0 52
0 42
0 45
0 27
0 49
0 51
0 33
0 51
0 53
0 39
0 38
0 36
0 42
0 30
0 29
0 55
0 37
0 34
0 43
0 46
0 41
0 39
0 49
0 40
0 49
0 33
0 57
0 39
0 38
0 40
0 39
0 36
0 42
0 36
0 39
0 51
0 51
0 38
0 31
