
 1.990
 0.000
 1.990
 0.000
 0.010
 0.010
 0.000
 1.990
 0.000
 0.020
 0.010
 1.980
 0.010
 1.970
 0.000
 3.990
 0.000
 0.040
 2.000
 0.010
 0.000
 0.010
 0.000
 0.020
 0.010
 0.000
 0.000
 0.020
 0.000
 0.000
 0.010
 0.000
 0.010
 0.000
 0.000
 0.000
 0.000
 0.000
 1.990
 0.020
 1.980
 0.000
 1.980
 0.000
 0.010
 1.980
 0.000
 1.980
 0.000
 0.000
 0.000
 0.000
 0.000
 0.000
 1.990
 0.000
 0.010
 0.000
 0.000
 0.000
 0.010
 0.000
 0.010
 0.010
 0.000
 2.000
 0.000
 0.000
 0.000
 1.990
 0.000
 1.990
 0.000
 3.970
 0.000
 0.000
 0.000
 0.000
 0.010
 1.980
 0.000
 0.030
 0.000
 0.000
 0.000
 0.010
 2.000
 0.000
 0.000
 0.000
 5.970
 0.050
 0.000
 0.000
 3.960
 0.000
 0.000
 1.970
 0.000
 0.010
 0.010
 0.010
 0.000
 0.000
 0.010
 1.980
 0.020
 0.000
 0.020
 1.990
 0.000
 0.000
 0.010
 0.000
 0.010
 0.010
 0.000
 0.010
 0.010
 3.960
 0.000
 1.980
 0.000
 0.000
 1.980
 0.000
 0.010
 0.010
 1.980
 0.020
 1.990
 0.000
 0.000
 0.000
 0.020
 2.000
 0.000
 0.000
 0.000
 0.000
 0.010
 0.000
 0.010
 0.000
 1.970
 3.990
 0.010
 0.010
 0.010
 0.020
 0.000
 0.000
 0.000
 1.980
 0.000
 0.010
 0.020
 0.000
 0.010
 0.030
 0.000
 0.000
 0.000
 0.000
 0.000
 0.000
 0.010
 3.960
 0.010
 0.010
 0.000
 0.000
 0.030
 0.000
 0.010
 0.010
 0.000
 0.010
 3.960
 0.000
 0.010
 0.000
 1.980
 0.010
 0.000
 0.010
 0.010
 0.000
 0.000
 1.980
 0.000
 0.010
 0.000
 1.970
 0.000
 3.960
 1.990
 0.000
 1.980
 0.000
 0.000
 1.980
 0.000
 1.980
 0.010
 0.000
 0.000
 0.000
 1.980
 0.000
 0.000
 0.000
 0.010
 0.000
 1.970
 0.010
 0.000
 3.980
 0.000
 0.030
 0.010
 0.000
 0.000
 1.990
 0.010
 0.000
 0.000
 3.960
 0.000
 0.000
 0.000
 0.000
 0.000
 0.000
 1.990
 0.010
 0.000
 0.000
 0.000
 0.000
 0.010
 0.010
 0.000
 0.010
 0.020
 1.980
 0.000
 0.000
 0.010
 0.010
 0.010
 1.980
 0.000
 0.000
 0.010
 0.000
 0.000
 1.990
 1.980
 0.000
 0.000
 0.040
 1.980
 0.020
 0.010
 0.000
 0.000
 0.000
 0.000
 0.000
 0.000
 0.010
 0.010
 0.000
 1.980
 0.010
 0.000
 1.980
 0.000
 0.000
 1.980
 0.020
 0.010
 0.000
 1.980
 3.890
 0.000
 0.000
 0.010
 0.000
 1.980
 2.020
 0.010
 0.010
 3.980
 0.010
 0.010
 0.010
 0.000
 1.980
 3.910
 0.000
 0.000
 1.980
 0.010
 0.000
 0.000
 0.010
 0.000
 2.000
 0.000
 0.000
 0.010
 0.000
 0.010
 0.000
 0.000
 1.980
 0.000
 2.000
 3.960
 0.000
 0.000
 0.020
 0.010
 0.020
 1.980
 1.980
 5.960
 0.020
 0.000
 1.980
 0.030
 0.000
 0.000
 0.000
 0.000
 0.000
 0.000
 0.000
 0.010
 1.980
 0.000
 0.000
 0.000
 0.000
 1.990
 0.000
 0.010
 0.000
 0.000
 0.010
 0.000
 0.020
 1.980
 0.010
 0.000
 0.000
 0.000
 0.000
 0.000
 0.010
 0.000
 0.000
 0.010
 0.010
 0.000
 0.010
 0.000
 0.010
 0.010
 1.990
 0.010
 0.010
 0.000
 0.010
 0.010
 0.000
 0.010
 0.000
 0.010
 0.010
 0.000
 7.970
 0.020
 1.990
 0.010
 0.000
 0.000
 0.000
 0.000
 0.020
 0.000
 0.010
 0.030
 0.000
 0.010
 0.010
 0.000
 0.000

