
 0.483
 0.546
 0.622
 0.664
 0.674
 0.674
 0.674
 0.674
 0.672
 0.676
 0.676
 0.676
 0.676
 0.676
 0.676
 0.676
 0.676
 0.676
 0.676
 0.676
 0.676
 0.676
 0.676
 0.676
 0.676
 0.676
 0.676
 0.676
 0.676
 0.676
 0.676
 0.676
 0.676
 0.676
 0.676
 0.676
 0.676
 0.676
 0.676
 0.676
 0.676
 0.676
 0.676
 0.676
 0.676
 0.676
 0.676
 0.676
 0.676
 0.676
 0.676
 0.676
 0.676
 0.676
 0.676
 0.676
 0.676
 0.676
 0.676
 0.676
 0.676
 0.676
 0.676
 0.676
 0.676
 0.676
 0.676
 0.676
 0.676
 0.676
 0.676
 0.676
 0.676
 0.676
 0.676
 0.676
 0.676
 0.676
 0.676
 0.676
 0.676
 0.676
 0.676
 0.676
 0.676
 0.676
 0.676
 0.676
 0.676
 0.676
 0.676
 0.676
 0.676
 0.676
 0.676
 0.676
 0.676
 0.676
 0.676
 0.676
 0.676
 0.676
 0.676
 0.676
 0.676
 0.676
 0.676
 0.676
 0.676
 0.676
 0.676
 0.676
 0.676
 0.676
 0.676
 0.676
 0.676
 0.676
 0.676
 0.676
 0.676
 0.676
 0.676
 0.676
 0.676
 0.676
 0.676
 0.676
 0.676
 0.676
 0.676
 0.676
 0.676
 0.676
 0.676
 0.676
 0.676
 0.676
 0.676
 0.676
 0.676
 0.676
 0.676
 0.676
 0.676
 0.676
 0.676
 0.676
 0.676
 0.676
 0.676
 0.676
 0.676
 0.676
 0.676
 0.676
 0.676
 0.676
 0.676
 0.676
 0.676
 0.676
 0.676
 0.676
 0.676
 0.676
 0.676
 0.676
 0.676
 0.676
 0.676
 0.676
 0.676
 0.676
 0.676
 0.676
 0.676
 0.676
 0.676
 0.676
 0.676
 0.676
 0.676
 0.676
 0.676
 0.676
 0.676
 0.676
 0.676
 0.676
 0.676
 0.676
 0.676
 0.676
 0.676
 0.676
 0.676
 0.676
 0.676
 0.676

