0 45
1 37
1 32
0 37
0 46
1 48
0 43
0 49
1 39
1 51
0 41
0 47
1 49
0 57
1 40
1 45
0 40
0 31
0 42
1 42
1 29
1 46
1 48
1 42
1 21
0 51
1 36
0 37
0 46
0 45
0 47
1 49
0 42
0 48
1 52
0 49
0 45
0 51
1 36
1 52
1 54
0 52
1 41
1 32
1 44
1 40
0 34
1 47
0 45
0 52
1 29
1 47
0 35
0 40
0 48
0 48
1 40
1 36
1 53
0 51
0 43
1 50
0 38
0 46
0 44
1 38
0 26
0 40
0 42
0 32
1 57
0 36
0 39
0 27
0 36
1 53
0 43
1 42
1 38
0 47
1 42
1 44
1 41
1 46
0 36
0 52
1 49
1 38
0 53
0 41
0 43
0 46
0 50
1 24
1 40
1 51
1 44
1 50
1 42
0 52
1 53
0 48
1 41
0 42
0 46
0 40
0 43
0 43
1 44
1 40
1 52
0 30
0 46
1 42
0 36
0 47
1 37
0 43
1 49
0 24
0 36
1 42
0 41
0 40
1 37
1 33
1 45
0 39
1 53
0 46
0 38
0 37
1 34
1 44
0 35
0 43
0 30
1 42
1 51
1 46
1 44
0 40
0 41
1 34
0 37
0 34
0 46
0 43
0 38
1 54
1 39
1 43
1 44
1 45
1 45
0 33
1 41
1 31
0 42
0 44
1 39
1 36
1 43
1 44
0 45
0 46
1 31
0 35
0 43
0 38
0 38
1 43
1 39
0 38
0 42
0 38
1 42
1 42
0 30
0 43
0 32
1 43
0 41
0 49
0 40
0 45
1 45
1 39
0 49
1 28
1 34
1 39
1 48
1 42
1 32
0 43
1 40
0 39
0 35
1 49
