3 0.4468349499694314
0 0.6182924005178444
1 0.935020515119397
28 0.7743363189309186
26 0.3262945029706963
21 0.5583190815376539
25 0.7044805183371867
2 0.15839139152645487
4 0.8305275226551457
16 0.08215707677036732
24 0.3670467301435273
5 0.4987251218037855
23 0.6219345097680608
14 0.6087881197248696
6 0.7120428094112459
20 0.34458804550496125
29 0.7860870647873858
15 0.5838410055307776
7 0.05591064150754199
12 0.8570388133334558
13 0.06566806480432164
17 0.6934681562588092
11 0.9331135442466397
22 0.2846088579305278
27 0.017356000153687656
8 0.8619161871257116
9 0.7736685916729942
18 0.7828500206843001
19 0.47959473035361977
10 0.449697579606015
