
 0.547
 0.671
 0.694
 0.702
 0.702
 0.702
 0.702
 0.702
 0.702
 0.702
 0.702
 0.702
 0.702
 0.702
 0.702
 0.702
 0.702
 0.702
 0.702
 0.702
 0.702
 0.702
 0.702
 0.702
 0.702
 0.702
 0.702
 0.702
 0.702
 0.702
 0.702
 0.702
 0.702
 0.702
 0.702
 0.702
 0.702
 0.702
 0.702
 0.702
 0.702
 0.702
 0.702
 0.702
 0.702
 0.702
 0.702
 0.702
 0.702
 0.702
 0.702
 0.702
 0.702
 0.702
 0.702
 0.702
 0.702
 0.702
 0.702
 0.702
 0.702
 0.702
 0.702
 0.702
 0.702
 0.702
 0.702
 0.702
 0.702
 0.702
 0.702
 0.702
 0.702
 0.702
 0.702
 0.702
 0.702
 0.702
 0.702
 0.702
 0.702
 0.702
 0.702
 0.702
 0.702
 0.702
 0.702
 0.702
 0.702
 0.702
 0.702
 0.702
 0.702
 0.702
 0.702
 0.702
 0.702
 0.702
 0.702
 0.702
 0.702
 0.702
 0.702
 0.702
 0.702
 0.702
 0.702
 0.702
 0.702
 0.702
 0.702
 0.702
 0.702
 0.702
 0.702
 0.702
 0.702
 0.702
 0.702
 0.702
 0.702
 0.702
 0.702
 0.702
 0.702
 0.702
 0.702
 0.702
 0.702
 0.702
 0.702
 0.702
 0.702
 0.702
 0.702
 0.702
 0.702
 0.702
 0.702
 0.702
 0.702
 0.702
 0.702
 0.702
 0.702
 0.702
 0.702
 0.702
 0.702
 0.702
 0.702
 0.702
 0.702
 0.702
 0.702
 0.702
 0.702
 0.702
 0.702
 0.702
 0.702
 0.702
 0.702
 0.702
 0.702
 0.702
 0.702
 0.702
 0.702
 0.702
 0.702
 0.702
 0.702
 0.702
 0.702
 0.702
 0.702
 0.702
 0.702
 0.702
 0.702
 0.702
 0.702
 0.702
 0.702
 0.702
 0.702
 0.702
 0.702
 0.702
 0.702
 0.702
 0.702
 0.702
 0.702
 0.702
 0.702
 0.702
 0.702
 0.702

