1 40
0 47
1 36
0 39
1 49
0 37
2 51
2 39
2 50
1 37
0 39
0 33
2 54
1 44
1 49
1 43
2 46
1 36
1 43
2 50
1 35
1 48
2 41
1 37
1 44
2 43
0 41
0 37
0 49
2 47
2 47
1 44
1 49
0 39
2 45
0 44
0 51
2 26
2 35
0 41
1 52
2 48
1 48
0 49
2 33
2 38
1 34
1 44
1 37
1 41
0 46
1 39
2 43
1 43
0 43
1 36
0 37
0 45
2 36
2 33
1 45
2 35
0 32
1 44
2 39
1 41
2 40
1 36
1 38
2 31
0 50
0 55
1 49
0 35
2 36
1 47
0 38
2 30
2 50
2 33
0 46
0 51
0 30
2 34
0 37
0 44
0 30
2 45
1 40
2 30
2 49
2 37
0 34
1 42
0 50
2 29
0 41
0 42
0 38
2 50
1 45
0 39
0 34
0 44
0 33
0 33
2 50
2 38
1 52
2 41
0 37
1 38
2 42
1 42
1 40
2 42
1 46
2 38
0 47
1 34
0 39
0 40
0 37
0 43
0 50
1 40
1 37
0 34
2 43
0 45
2 41
0 43
1 46
2 40
2 40
1 41
2 51
2 42
2 36
0 43
2 48
1 40
2 37
0 34
0 46
1 45
1 44
0 40
2 32
0 38
0 32
2 43
0 48
0 28
1 48
0 39
0 51
0 37
1 44
2 45
2 35
0 45
1 31
2 37
1 40
0 50
1 38
0 51
2 45
0 42
2 46
2 36
0 50
0 34
1 34
1 43
0 46
0 34
1 54
0 51
1 35
0 40
1 39
0 40
2 38
2 43
0 39
0 44
2 40
1 40
0 45
2 40
0 49
0 35
2 40
0 36
2 36
1 31
1 38
1 45
