
 0.670
 0.440
 0.550
 0.510
 0.500
 0.640
 0.560
 0.450
 0.460
 0.470
 0.520
 0.540
 0.530
 0.520
 0.550
 0.590
 0.470
 0.590
 0.620
 0.580
 0.530
 0.450
 0.500
 0.500
 0.470
 0.530
 0.420
 0.510
 0.490
 0.550
 0.560
 0.500
 0.600
 0.570
 0.550
 0.430
 0.420
 0.510
 0.510
 0.540
 0.570
 0.460
 0.620
 0.440
 0.570
 0.430
 0.380
 0.530
 0.420
 0.590
 0.480
 0.590
 0.630
 0.510
 0.550
 0.550
 0.410
 0.430
 0.490
 0.500
 0.550
 0.490
 0.480
 0.430
 0.510
 0.550
 0.550
 0.510
 0.580
 0.430
 0.500
 0.510
 0.550
 0.410
 0.530
 0.490
 0.440
 0.460
 0.620
 0.570
 0.500
 0.510
 0.490
 0.390
 0.620
 0.410
 0.480
 0.470
 0.600
 0.540
 0.560
 0.400
 0.490
 0.450
 0.440
 0.480
 0.410
 0.540
 0.540
 0.420
 0.510
 0.430
 0.510
 0.540
 0.440
 0.510
 0.690
 0.530
 0.490
 0.500
 0.390
 0.550
 0.410
 0.480
 0.470
 0.480
 0.590
 0.630
 0.660
 0.450
 0.570
 0.520
 0.610
 0.440
 0.600
 0.430
 0.490
 0.550
 0.490
 0.520
 0.600
 0.560
 0.470
 0.490
 0.380
 0.500
 0.480
 0.530
 0.400
 0.590
 0.400
 0.460
 0.460
 0.610
 0.590
 0.520
 0.400
 0.500
 0.490
 0.560
 0.620
 0.590
 0.580
 0.550
 0.450
 0.500
 0.530
 0.460
 0.500
 0.550
 0.450
 0.390
 0.490
 0.460
 0.540
 0.380
 0.540
 0.550
 0.500
 0.420
 0.530
 0.550
 0.440
 0.580
 0.500
 0.480
 0.570
 0.520
 0.520
 0.460
 0.580
 0.430
 0.480
 0.500
 0.480
 0.480
 0.470
 0.690
 0.430
 0.540
 0.410
 0.520
 0.420
 0.380
 0.450
 0.530
 0.370
 0.520
 0.430
 0.440
 0.520
 0.570
 0.450
 0.480
 0.630
 0.410
 0.560
 0.490
 0.650
 0.430
 0.420
 0.400
 0.380
 0.440
 0.440
 0.400
 0.300
 0.480
 0.480
 0.470
 0.480
 0.480
 0.420
 0.540
 0.610
 0.460
 0.650
 0.490
 0.440
 0.500
 0.570
 0.510
 0.540
 0.480
 0.610
 0.490
 0.440
 0.540
 0.420
 0.510
 0.440
 0.530
 0.570
 0.530
 0.470
 0.540
 0.550
 0.440
 0.490
 0.390
 0.460
 0.530
 0.480
 0.420
 0.430
 0.510
 0.600
 0.550
 0.500
 0.610
 0.450
 0.390
 0.520
 0.430
 0.500
 0.480
 0.470
 0.490
 0.550
 0.640
 0.570
 0.380
 0.400
 0.520
 0.460
 0.390
 0.470
 0.560
 0.390
 0.520
 0.320
 0.510
 0.510
 0.590
 0.460
 0.640
 0.510
 0.460
 0.480
 0.480
 0.440
 0.500
 0.510
 0.460
 0.530
 0.440
 0.490
 0.450
 0.480
 0.520
 0.500
 0.430
 0.390
 0.530
 0.470
 0.580
 0.380
 0.500
 0.620
 0.530
 0.560
 0.450
 0.500
 0.440
 0.540
 0.490
 0.510
 0.650
 0.510
 0.600
 0.490
 0.440
 0.380
 0.500
 0.460
 0.490
 0.420
 0.590
 0.400
 0.600
 0.470
 0.460
 0.610
 0.560
 0.490
 0.480
 0.460
 0.570
 0.590
 0.440
 0.490
 0.450
 0.530
 0.480
 0.520
 0.360
 0.550
 0.610
 0.580
 0.590
 0.560
 0.550
 0.550
 0.400
 0.480
 0.440
 0.550
 0.430
 0.510
 0.490
 0.390
 0.600
 0.490
 0.530
 0.540
 0.450
 0.510
 0.540
 0.350
 0.400
 0.520
 0.420
 0.500
 0.620
 0.490
 0.550
 0.410
 0.360
 0.550
 0.500
 0.540
 0.480
 0.450
 0.390
 0.410
 0.330
 0.450
 0.520
 0.440
 0.620
 0.450
 0.590
 0.490
 0.510
 0.690
 0.480
 0.520
 0.500
 0.530
 0.540

