0.4202046094060377 1
0.4294865121841544 1
0.43900092913255334 1
0.4407355437766758 1
0.44351170727418926 1
0.4442932505233081 1
0.4461433126493193 1
0.4488449172690251 1
0.4500743827213535 1
0.4520369659257252 1
0.4569087309858211 1
0.4571323514151098 1
0.4603678160376699 1
0.4610052525500268 1
0.4610161644596257 1
0.46282208092093297 1
0.4636216799982717 1
0.4640591811575457 1
0.4646562413621104 1
0.46648410878881025 1
0.46705222175726446 1
0.4702064606064918 1
0.4729743973127924 1
0.4733805745246324 1
0.4738087726381597 1
0.4738793316255903 1
0.474311628618435 1
0.47527579234569545 1
0.4754814504807562 1
0.47596381403550064 1
0.47612450893444747 1
0.4767230274673265 1
0.47880088360597745 1
0.4793750625561352 1
0.4795785137925917 1
0.47963921554752476 1
0.4808778831913936 1
0.4834228367502571 1
0.483801989188952 1
0.48466068211900093 1
0.4847704199302847 1
0.4856602765532063 1
0.48607666493459384 1
0.48611333957073716 1
0.4865087875825775 1
0.4870517892215706 1
0.4878770764578615 1
0.48788953960016934 1
0.4880373561017926 1
0.48823235399839293 1
0.4885697128346312 1
0.4900272318595315 1
0.4903646135351674 1
0.4909219111487451 1
0.4915543352082013 1
0.4919477181792494 1
0.4922515637745586 1
0.4923709262602492 1
0.4933631228166318 1
0.49353353415654444 1
0.4938313688367523 1
0.49431578635540385 1
0.49453001349797704 1
0.49455784767876637 1
0.4947545070905526 1
0.495857875320575 1
0.49588588783028315 1
0.49643438511594395 1
0.4965919220442532 1
0.4987989464154059 1
0.49880377695475636 1
0.49881012626971283 1
0.49918395876327826 1
0.49976935517808285 1
0.5000980126700842 1
0.5003349340655064 1
0.5005394145031029 1
0.5006437973695772 1
0.5007325969597785 1
0.5008556318774844 1
0.5013283298416094 1
0.5015051394748694 1
0.5015747873572641 1
0.5023184454350622 1
0.5025693901493622 1
0.502867563062288 1
0.5031239875232567 1
0.5032616925829037 1
0.5034299335337052 1
0.50345320027693 1
0.5037237764648969 1
0.503805336960657 1
0.5040649483601888 1
0.504284660471938 1
0.50439142591576 1
0.5044340941655434 1
0.5047757336075974 1
0.5052942489279357 1
0.5058228463920159 1
0.5058889151165363 1
0.5060069389937231 1
0.5060496089286813 1
0.5061567931854021 1
0.5066875158704557 1
0.5069321908626744 1
0.5069346907997407 1
0.5073251228143292 1
0.5073614663097727 1
0.5074511400597302 1
0.5088282025180557 1
0.5088362522066258 1
0.5088930358659947 1
0.5097261709164634 1
0.5098116542768288 1
0.5105968349540033 1
0.5107553441811319 1
0.510876785458997 1
0.5108831308388857 1
0.5109175736185555 1
0.511203238864158 1
0.5120525940609909 1
0.5125924208472314 1
0.5128762720915252 1
0.5135602346474277 1
0.5135923594064916 1
0.5143334854381971 1
0.5144428527985803 1
0.5152672118537727 1
0.5163484179471033 1
0.5168622414505469 1
0.5169733213051356 1
0.5169823458304155 1
0.5170819039430942 1
0.5174320792544713 1
0.5175803538348649 1
0.5185582332804879 1
0.5186789174044172 1
0.5187318792707142 1
0.5190826199846825 1
0.5198190613758593 1
0.5203298533673449 1
0.520404933983738 1
0.520457307159208 1
0.5204784101349424 1
0.5204867594816688 1
0.5210614043361173 1
0.5217248892190641 1
0.5217735425204083 1
0.5223824939205343 1
0.5226274422178263 1
0.5233952239043125 1
0.5235548377346226 1
0.5241185998152357 1
0.525182201664149 1
0.5256829764430061 1
0.525810197262513 1
0.5258603503632022 1
0.5261264075599914 1
0.5263031530760715 1
0.5263679494649363 1
0.5270953536086028 1
0.5282513286081759 1
0.5283159503387848 1
0.5288415984278952 1
0.5296066140253461 1
0.5296388595712542 1
0.529903814160075 1
0.5302616358778822 1
0.5305546551068953 1
0.5307207897087608 1
0.5316831184092529 1
0.5319967563596042 1
0.5344228700296448 1
0.53445878056588 1
0.5347590472672057 1
0.5360040792699053 1
0.5371001446243695 1
0.537960854052583 1
0.5387566051446765 1
0.5394464978385027 1
0.5406149238046978 1
0.541644999340042 1
0.5436653294528251 1
0.5436918759317421 1
0.5451356820108139 1
0.5454637094235139 1
0.5466121446412594 1
0.547077224080874 1
0.5478551991725091 1
0.5479904968496614 1
0.5494878128826346 1
0.552104226703836 1
0.5521513962667824 1
0.5537231028242422 1
0.5545900590155662 1
0.5560489364735307 1
0.5569038442883862 1
0.5674847247962946 1
0.5688162372700348 1
0.5755134725176294 1
