
 0.446
 0.445
 0.434
 0.439
 0.396
 0.441
 0.456
 0.425
 0.484
 0.445
 0.434
 0.436
 0.454
 0.430
 0.448
 0.438
 0.421
 0.437
 0.467
 0.467
 0.437
 0.405
 0.419
 0.406
 0.431
 0.421
 0.408
 0.462
 0.454
 0.423
 0.402
 0.458
 0.403
 0.427
 0.408
 0.434
 0.394
 0.470
 0.405
 0.454
 0.449
 0.444
 0.420
 0.430
 0.432
 0.437
 0.446
 0.423
 0.414
 0.464
 0.446
 0.414
 0.476
 0.449
 0.453
 0.467
 0.456
 0.438
 0.409
 0.475
 0.451
 0.437
 0.441
 0.459
 0.422
 0.390
 0.429
 0.403
 0.440
 0.443
 0.439
 0.451
 0.451
 0.445
 0.420
 0.417
 0.451
 0.420
 0.397
 0.424
 0.465
 0.430
 0.405
 0.416
 0.453
 0.444
 0.441
 0.430
 0.462
 0.443
 0.431
 0.399
 0.461
 0.449
 0.444
 0.474
 0.393
 0.398
 0.413
 0.455
 0.461
 0.447
 0.424
 0.429
 0.454
 0.427
 0.444
 0.434
 0.402
 0.489
 0.400
 0.434
 0.409
 0.387
 0.414
 0.412
 0.430
 0.453
 0.410
 0.433
 0.372
 0.448
 0.405
 0.445
 0.402
 0.414
 0.448
 0.437
 0.455
 0.397
 0.432
 0.440
 0.454
 0.473
 0.425
 0.465
 0.440
 0.438
 0.426
 0.494
 0.425
 0.434
 0.409
 0.445
 0.449
 0.436
 0.394
 0.464
 0.453
 0.449
 0.413
 0.451
 0.437
 0.457
 0.416
 0.414
 0.420
 0.419
 0.456
 0.428
 0.451
 0.475
 0.422
 0.447
 0.478
 0.463
 0.406
 0.441
 0.437
 0.426
 0.462
 0.447
 0.424
 0.405
 0.417
 0.413
 0.457
 0.428
 0.419
 0.436
 0.384
 0.481
 0.387
 0.470
 0.419
 0.397
 0.405
 0.439
 0.416
 0.432
 0.403
 0.448
 0.419
 0.401
 0.463
 0.405
 0.453
 0.475
 0.430
 0.405

