0.42956782497384405 1
0.4297683036088353 1
0.4338328543823043 1
0.43954209278774115 1
0.4424684544670809 1
0.4450904068963175 1
0.4466400384508178 1
0.44842072951506395 1
0.4504523865391124 1
0.45087283314224536 1
0.45268225039151955 1
0.4527327031211988 1
0.452968981116167 1
0.4536879085313615 1
0.4557382718698069 1
0.45622935886661553 1
0.4575422365523162 1
0.4578645506218143 1
0.4578671497547053 1
0.46013630205694733 1
0.4606210395438524 1
0.4618490104503348 1
0.4631508921666946 1
0.46316100303215985 1
0.4633220232631774 1
0.4646602500220417 1
0.4652768716234108 1
0.46620312554624066 1
0.4671044397567188 1
0.46863188037236975 1
0.46891179776163205 1
0.470658017367682 1
0.4707286058115364 1
0.4718259489522246 1
0.4718626265062912 1
0.4725592753137098 1
0.47340804791148544 1
0.4739556528296072 1
0.4745159731547525 1
0.47471471677242894 1
0.4759315363515928 1
0.4759759021550376 1
0.47627190729422075 1
0.47655637244826826 1
0.4778774664796414 1
0.47910748301422 1
0.47923399082097057 1
0.4794324623617547 1
0.480118529730757 1
0.48109124232661893 1
0.48113401555514484 1
0.4819017313513489 1
0.482961262997807 1
0.48303008748469284 1
0.4831943878413037 1
0.4833070041414916 1
0.4836831915051201 1
0.48396780891564506 1
0.4841862378584104 1
0.4845710546509166 1
0.4846736608783127 1
0.4849198730407317 1
0.4855281782764388 1
0.4865994175321143 1
0.48747595765376983 1
0.4879718441869144 1
0.4880857558662276 1
0.4881152747366684 1
0.4892155896818881 1
0.4902618034221323 1
0.4903546906520562 1
0.490402396840158 1
0.4906422389767116 1
0.4915203213274968 1
0.4916407806084222 1
0.49222034458514785 1
0.4925700914840132 1
0.4926138166732602 1
0.4928033185381254 1
0.49305569836403784 1
0.49359903089725177 1
0.49380258939877925 1
0.49410064309606005 1
0.4946267572779818 1
0.49500035941152476 1
0.4952958452603658 1
0.49529751421837026 1
0.4958352863494697 1
0.49603251242592855 1
0.49614607674156247 1
0.4965682242180658 1
0.4972145512402988 1
0.4973597467911008 1
0.4977500205209132 1
0.49776129230665656 1
0.4986129576768263 1
0.49898025993493733 1
0.4995493203336 1
0.49960155144566765 1
0.4996485782699138 1
0.5003994725077908 1
0.5007196412646185 1
0.5012509034190419 1
0.5012615795466107 1
0.5014627591490195 1
0.5016820581557602 1
0.5020993815927343 1
0.5037010895552938 1
0.5037542435787652 1
0.5042424475629663 1
0.5044227310194866 1
0.5051431999885022 1
0.5054614674178226 1
0.5060020418612544 1
0.5060863074565415 1
0.5062060977660239 1
0.5063006928592725 1
0.506594132445296 1
0.5066699876956942 1
0.5067641638364833 1
0.508003767172347 1
0.5092138686553036 1
0.5092797714363568 1
0.5096662930142042 1
0.5101806813330179 1
0.510341971442281 1
0.5103490864059969 1
0.5104124161184646 1
0.5121452953950121 1
0.5123087678894713 1
0.5131232545923208 1
0.5133894958522149 1
0.5138821461574247 1
0.5140875561073392 1
0.5142063221084001 1
0.5142263818955801 1
0.5147155077080079 1
0.5149601364064449 1
0.5161254411176573 1
0.5161738518747183 1
0.516616842336056 1
0.5172682641243587 1
0.5178573294805277 1
0.5180521318457982 1
0.5184079687595147 1
0.5186139744732295 1
0.5188125094705777 1
0.5190303707009757 1
0.5192527550382426 1
0.5205247644435699 1
0.5216899598906594 1
0.5218853994474127 1
0.5219386895283121 1
0.5223294199238635 1
0.5223896471759424 1
0.5227959179198467 1
0.5233299692730976 1
0.5233990384654352 1
0.5247172267396344 1
0.5257516348623065 1
0.5258482207167209 1
0.5260477908294965 1
0.526078825611862 1
0.5274204190735241 1
0.5282353232670509 1
0.5282985487040649 1
0.5290868536837097 1
0.5297111581825757 1
0.5301985955013887 1
0.5307910341735002 1
0.5318645395713805 1
0.5331792670965608 1
0.5332973599414782 1
0.5333616766589757 1
0.5359435317383331 1
0.5363650382952557 1
0.5369751791191605 1
0.537265088155598 1
0.5386351496595617 1
0.5392880842680471 1
0.5396263637391073 1
0.5411663459417552 1
0.5420704522504795 1
0.5423858937989516 1
0.5448853017537365 1
0.5461575423697266 1
0.5478970026358059 1
0.5481592248652225 1
0.5484730404726343 1
0.5496242436835418 1
0.5525279051017278 1
0.5525322960813744 1
0.5535315515648321 1
0.5535442532047571 1
0.5543762390383244 1
0.5551646837153428 1
0.5571102731901143 1
0.5630210582512688 1
0.5674239460775617 1
0.6000197421344377 1
