
 0.506
 0.475
 0.447
 0.501
 0.557
 0.522
 0.484
 0.497
 0.476
 0.495
 0.479
 0.528
 0.504
 0.515
 0.532
 0.450
 0.536
 0.526
 0.555
 0.498
 0.499
 0.481
 0.484
 0.448
 0.440
 0.509
 0.545
 0.482
 0.539
 0.462
 0.487
 0.463
 0.553
 0.507
 0.472
 0.517
 0.502
 0.521
 0.501
 0.506
 0.516
 0.505
 0.493
 0.495
 0.548
 0.506
 0.514
 0.489
 0.519
 0.475
 0.442
 0.550
 0.483
 0.497
 0.509
 0.490
 0.510
 0.461
 0.466
 0.546
 0.471
 0.469
 0.493
 0.512
 0.553
 0.528
 0.491
 0.531
 0.499
 0.525
 0.518
 0.548
 0.505
 0.479
 0.527
 0.563
 0.493
 0.492
 0.479
 0.522
 0.496
 0.529
 0.500
 0.522
 0.463
 0.548
 0.523
 0.472
 0.541
 0.495
 0.476
 0.502
 0.494
 0.530
 0.500
 0.456
 0.514
 0.513
 0.526
 0.451
 0.512
 0.504
 0.494
 0.519
 0.458
 0.510
 0.537
 0.522
 0.514
 0.445
 0.600
 0.474
 0.488
 0.567
 0.517
 0.453
 0.453
 0.540
 0.523
 0.497
 0.480
 0.554
 0.473
 0.536
 0.458
 0.483
 0.430
 0.488
 0.504
 0.515
 0.518
 0.490
 0.500
 0.493
 0.533
 0.504
 0.501
 0.434
 0.500
 0.492
 0.510
 0.476
 0.542
 0.498
 0.516
 0.467
 0.454
 0.453
 0.469
 0.530
 0.522
 0.471
 0.514
 0.486
 0.460
 0.465
 0.456
 0.526
 0.510
 0.506
 0.507
 0.533
 0.484
 0.519
 0.554
 0.533
 0.492
 0.477
 0.496
 0.490
 0.485
 0.507
 0.539
 0.458
 0.542
 0.519
 0.483
 0.473
 0.483
 0.513
 0.496
 0.510
 0.463
 0.487
 0.537
 0.430
 0.485
 0.465
 0.554
 0.526
 0.523
 0.485
 0.495
 0.494
 0.501
 0.478
 0.508
 0.518
 0.488
 0.481

