0 35
0 42
0 36
0 38
0 33
0 50
0 48
0 31
0 43
0 40
0 48
0 45
0 49
0 43
0 47
0 31
0 46
0 40
0 30
0 38
0 53
0 37
0 59
0 44
0 46
0 43
0 48
0 41
0 43
0 35
0 31
0 47
0 42
0 43
0 51
0 40
0 36
0 39
0 41
0 46
0 25
0 39
0 43
0 33
0 41
0 46
0 50
0 49
0 41
0 44
0 40
0 51
0 31
0 43
0 39
0 53
0 42
0 51
0 34
0 27
0 40
0 49
0 48
0 38
0 43
0 47
0 37
0 39
0 43
0 30
0 48
0 39
0 46
0 45
0 43
0 38
0 51
0 38
0 37
0 40
0 47
0 45
0 39
0 47
0 46
0 48
0 36
0 46
0 46
0 35
0 40
0 50
0 49
0 36
0 39
0 29
0 36
0 39
0 41
0 45
0 50
0 41
0 50
0 56
0 37
0 38
0 45
0 40
0 44
0 43
0 34
0 49
0 43
0 41
0 39
0 46
0 45
0 39
0 40
0 48
0 35
0 47
0 43
0 39
0 47
0 42
0 51
0 47
0 41
0 42
0 53
0 36
0 51
0 50
0 44
0 42
0 44
0 54
0 44
0 40
0 30
0 56
0 44
0 40
0 50
0 45
0 36
0 40
0 38
0 37
0 48
0 50
0 49
0 49
0 42
0 50
0 36
0 43
0 47
0 41
0 41
0 41
0 38
0 31
0 38
0 37
0 57
0 41
0 45
0 41
0 49
0 49
0 39
0 48
0 45
0 30
0 40
0 52
0 39
0 32
0 45
0 41
0 41
0 48
0 28
0 41
0 44
0 43
0 42
0 45
0 49
0 45
0 43
0 46
0 43
0 44
0 49
0 43
0 35
0 34
