0.6228114827356073 1
0.6259550246926678 1
0.6316750788114377 1
0.6327483765865027 1
0.6402196736496067 1
0.6406306543598723 1
0.6420924258920695 1
0.6422604681288823 1
0.643195827173197 1
0.6471861235490967 1
0.6495315095018135 1
0.6496498561099924 1
0.6501672235364453 1
0.6514261995099504 1
0.6530566428944152 1
0.6566462409087169 1
0.6569434996155344 1
0.6586089653517068 1
0.6592180517514765 1
0.6596389368619414 1
0.659708711956859 1
0.6600163459915861 1
0.6601879323823563 1
0.6603156578431679 1
0.6604898476568063 1
0.6606483613020745 1
0.6606646675124371 1
0.6608482642233595 1
0.6613302791489091 1
0.6614240509450869 1
0.6617752983056239 1
0.6618772808768982 1
0.6621129725994261 1
0.6627286531936906 1
0.6629570974365628 1
0.6630473161781535 1
0.6638740786746966 1
0.6642369032589872 1
0.6646210261048253 1
0.665203802123502 1
0.6660813322600332 1
0.666685363713976 1
0.6667591549225277 1
0.6669947876649625 1
0.6677657172857958 1
0.6685071932524348 1
0.6685577876525337 1
0.6694489228498197 1
0.6701707763963417 1
0.6712336874127707 1
0.6712486401480224 1
0.6713068823258381 1
0.6714934179896508 1
0.6715700676514745 1
0.6716874974741224 1
0.6722119513305794 1
0.6724033786648721 1
0.6727193077311813 1
0.6730956754100145 1
0.6732224331959241 1
0.673462071414262 1
0.6739323434960238 1
0.6744824285847735 1
0.6751464155771675 1
0.6755995411725269 1
0.6756908071713859 1
0.6770511880296742 1
0.6773491634686217 1
0.677354802077943 1
0.6779149805704446 1
0.6786496315793936 1
0.6787324825731588 1
0.6787406918730535 1
0.6800244481687119 1
0.6803197497699007 1
0.680880025635311 1
0.6810519258179286 1
0.6810861967366196 1
0.6812682968547955 1
0.6813787755286758 1
0.6816052001154824 1
0.6818418331426357 1
0.681965316889858 1
0.681976470080054 1
0.6831069167175697 1
0.6834129880166036 1
0.6839896533254732 1
0.6843454376458556 1
0.6845419992581927 1
0.685221257777824 1
0.6857899793267511 1
0.6866379821817555 1
0.6868954873064829 1
0.6871130681163994 1
0.6875381526437312 1
0.6877829795159061 1
0.6879739276181155 1
0.688100791174481 1
0.6882220535869739 1
0.6898636234427987 1
0.6902681179378384 1
0.690917232179384 1
0.6909635721734816 1
0.6918901605346087 1
0.6920646667057714 1
0.6921287512516153 1
0.6921944830564839 1
0.6924534483730956 1
0.692507998717469 1
0.6925247289613893 1
0.692764990407563 1
0.6928857470649933 1
0.6930762730700573 1
0.6934136018395036 1
0.6939975149312646 1
0.6941401333643743 1
0.6957345604646035 1
0.6964641643468561 1
0.6967698496877069 1
0.6971744982193029 1
0.6978075074758536 1
0.6979082839306061 1
0.6979166716381944 1
0.6987567044620968 1
0.6988369445933609 1
0.6990735410567314 1
0.699109975017453 1
0.700406878295733 1
0.7005233581124365 1
0.7005494923081832 1
0.7008735219584743 1
0.7013481508653663 1
0.7014503185673688 1
0.7017704666478628 1
0.7020685416993669 1
0.7021788661963763 1
0.7023116574085472 1
0.7024553637768155 1
0.7025550017906613 1
0.7026020322957157 1
0.7028210533834283 1
0.702894882559975 1
0.7030220926497414 1
0.7030920442332412 1
0.7032858908687187 1
0.703498937560322 1
0.7035044851353911 1
0.7045004589775758 1
0.7073449526062179 1
0.7079203664869947 1
0.7081571525017526 1
0.7085387051182276 1
0.7092451493265667 1
0.7097681464027533 1
0.7099590945049628 1
0.7102562975985138 1
0.7103957460261521 1
0.7108932946628189 1
0.7116398838761799 1
0.7116545447639301 1
0.7118631570086613 1
0.7118843200662767 1
0.7122412759797351 1
0.7126273729133012 1
0.7136464832302284 1
0.7137315002243417 1
0.7144427163765337 1
0.7145956207473667 1
0.7151764843776813 1
0.7152260129963584 1
0.7157015210281473 1
0.7161687294411431 1
0.7163214831870338 1
0.7168888237948692 1
0.7171880441509886 1
0.7179592199868569 1
0.7180504512991729 1
0.7185618589439967 1
0.7193426180254165 1
0.7199753245384657 1
0.7206579773158431 1
0.721553077131055 1
0.7218439544030082 1
0.7222166902512066 1
0.7224666988123305 1
0.7234096763136812 1
0.7235647667291851 1
0.7238623153470922 1
0.7241229308681862 1
0.7243403221267155 1
0.7254154434411108 1
0.7255468747847102 1
0.7258261529824088 1
0.7261337191370878 1
0.7261453982584725 1
0.7264884456216437 1
0.7298078103763743 1
0.730401337229189 1
0.7304492370277278 1
0.7310309632905451 1
0.7312185192315617 1
0.7312546461681225 1
0.7320501472348043 1
0.7333580419973719 1
0.734518255670314 1
0.7346697720907974 1
0.7358972565729301 1
0.7359633966476927 1
0.7361788634049273 1
0.7362652036674401 1
0.7369044496477488 1
0.738331365986773 1
0.7385204521752508 1
0.7393682793061196 1
0.7399092719186976 1
0.7401076059321846 1
0.7426419851211306 1
0.742957805471527 1
0.7435892038928357 1
0.7443561275765557 1
0.7446196569513457 1
0.744922936552154 1
0.7461345409113537 1
0.747501828448837 1
0.7475542688774185 1
0.747694127013026 1
0.7479426721335724 1
0.7484436616546174 1
0.7489892228015748 1
0.7492048871199113 1
0.7493722881148218 1
0.7496386577715183 1
0.7497930553648195 1
0.7501837562245818 1
0.7508708069889732 1
0.7509368376852735 1
0.7511750890770211 1
0.7518293233445393 1
0.7518816226763557 1
0.7521871975536907 1
0.7534908103999056 1
0.7534952261005299 1
0.7535018632439341 1
0.7542024914856396 1
0.7544634159673064 1
0.7551341542900579 1
0.756811633871319 1
0.7570370488741944 1
0.7582843083377986 1
0.7583970967458805 1
0.758690534496926 1
0.7591048584525519 1
0.7592886900718948 1
0.7596292146328648 1
0.7603394978110414 1
0.7609920464260448 1
0.7611345844499303 1
0.7616306196426791 1
0.7620648611146171 1
0.7647537648978147 1
0.7648140692277294 1
0.7671401397844906 1
0.7671694376286375 1
0.7679091902246725 1
0.7679846082095707 1
0.7690516045452546 1
0.7691782481442105 1
0.7694572432512682 1
0.770097216269864 1
0.7730100750235194 1
0.7737976075840867 1
0.773927809187173 1
0.7744637118394376 1
0.7750315909738577 1
0.7755530457970292 1
0.7758336759319099 1
0.7761414729991704 1
0.7765403477670106 1
0.7767049721220858 1
0.7767406579120173 1
0.7767672674569432 1
0.7776846233688925 1
0.7784379318877567 1
0.7784528471162235 1
0.7789464644829891 1
0.7793061621056768 1
0.7800563687828859 1
0.7806925828396402 1
0.7808299412284481 1
0.7810502115695342 1
0.7813643949299361 1
0.7817384249082414 1
0.7819115846132629 1
0.7832904841557193 1
0.7840090536356102 1
0.7841413366146258 1
0.7852652652849399 1
0.7855418007785697 1
0.785962035740307 1
0.7887384341065552 1
0.7897009346745287 1
0.7897151865168582 1
0.7898005223029575 1
0.7906403219313699 1
0.7919277964382729 1
0.7933764776101598 1
0.7940364141154426 1
0.7944809740695482 1
0.7948222371293617 1
0.7954730525849375 1
0.7957326237800149 1
0.795738295965747 1
0.7967344118018076 1
0.7970576213493014 1
0.7973570168817222 1
0.797389761926121 1
0.7977549907815442 1
0.7977998485888168 1
0.7989650695759797 1
0.7991135727076508 1
0.7992284303645235 1
0.800474690513227 1
0.8006466640199409 1
0.8021119499099995 1
0.8023215828567557 1
0.8025451240105989 1
0.8028527538410201 1
0.8037554224166188 1
0.804238870959657 1
0.8043550230695401 1
0.8044628311578087 1
0.804706536211883 1
0.8054597005227656 1
0.806325868204964 1
0.8072063454731544 1
0.8072382528640673 1
0.8087939681931409 1
0.8090618614781893 1
0.8094848178812367 1
0.8095191923671247 1
0.8096028088959178 1
0.8101484732136529 1
0.8101493321726422 1
0.8102363172330185 1
0.8104248184980919 1
0.8105592798288336 1
0.810896075912824 1
0.8111784994511229 1
0.8124091536953811 1
0.8124397640755202 1
0.8124993983069038 1
0.8129789636881671 1
0.8138383760916387 1
0.8142589204387698 1
0.8154687211027373 1
0.8155004789851326 1
0.8156512526036649 1
0.8156803020209309 1
0.8160697151642515 1
0.8164049322072883 1
0.8165694322698162 1
0.8166712788550522 1
0.8174311670728541 1
0.8175947818439981 1
0.817912159517426 1
0.8179622767757031 1
0.8180189329326498 1
0.8183216805808038 1
0.8185762913646952 1
0.8187550902476276 1
0.8189893309371687 1
0.8193841533116039 1
0.8196017153793979 1
0.8197270007396429 1
0.819913265979467 1
0.819972863450537 1
0.8200830629229724 1
0.820228095064642 1
0.8204900986909341 1
0.8209674959050436 1
0.8210940909346632 1
0.8213599990694321 1
0.8217740149890722 1
0.8226874518719097 1
0.8229708704563231 1
0.8233604403163038 1
0.823487436058725 1
0.8236932275932684 1
0.8241590044831618 1
0.8244603800282262 1
0.8249531414888395 1
0.8250515799582437 1
0.8252872736171839 1
0.8257199636544256 1
0.8258929266439532 1
0.8264075298972421 1
0.8264350496877233 1
0.8271251852717054 1
0.8275809661165502 1
0.8278749499540526 1
0.8281041421063933 1
0.8282760888516825 1
0.8283491087630525 1
0.8284214402229553 1
0.8285017274854809 1
0.8287051453859783 1
0.8288052266187392 1
0.8292114560636865 1
0.829242965294269 1
0.8295902306070385 1
0.8296556870277451 1
0.8299444491616745 1
0.8300596504064903 1
0.8304494798768893 1
0.8305568297290509 1
0.8307228714396142 1
0.8313507432632724 1
0.8315501369787459 1
0.831660768339775 1
0.8318204778716687 1
0.8320438460186059 1
0.8321953952811518 1
0.8324621885438678 1
0.8325907794645094 1
0.8326829895142787 1
0.8327471655049898 1
0.8333622019488207 1
0.8334338807757488 1
0.8340495514466695 1
0.8342004823632486 1
0.8342210429796125 1
0.8342529360348572 1
0.834293609385062 1
0.8343906823182609 1
0.834393885391443 1
0.8344919511050289 1
0.8346890059987941 1
0.834763533081469 1
0.8349351100514416 1
0.8353067582677172 1
0.8353452282886711 1
0.8360878730609028 1
0.8360893365014803 1
0.8362464128990063 1
0.8363067551421116 1
0.8364759672348986 1
0.8365623543956893 1
0.8366079680147657 1
0.8366174218853365 1
0.8366176028791741 1
0.836736334436491 1
0.8370103369561442 1
0.8372275326939086 1
0.8373043632712657 1
0.8373508313104029 1
0.8373900715043295 1
0.8374637234451485 1
0.8374645404168044 1
0.8380373925082156 1
0.8381217420311395 1
0.8384132336688556 1
0.838635832523233 1
0.8389035875725159 1
0.839045110080219 1
0.8390787341051674 1
0.83909147137982 1
0.8392764032471434 1
0.839303154313655 1
0.8394701777484656 1
0.8395027997047027 1
0.8395989950172603 1
0.8396167046384005 1
0.8396570259945274 1
0.8397580042432373 1
0.8398566200990085 1
0.840112723021314 1
0.8401433866114791 1
0.8401526158482152 1
0.8401580080744467 1
0.8401734599794629 1
0.8402230665678068 1
0.840406192056361 1
0.8404499732815586 1
0.8409235240847047 1
0.8409430801591483 1
0.8409757755097342 1
0.8410697893757214 1
0.8413462870635402 1
0.841592129021522 1
0.841625380130511 1
0.8416892938670898 1
0.8421683157252775 1
0.8421999187200457 1
0.8423463350650348 1
0.8424437366715556 1
0.8424705095514411 1
0.8426900237356151 1
0.842728669161097 1
0.8427609592243733 1
0.8428308616590572 1
0.8429429654937672 1
0.8429678685995937 1
0.8429744134429343 1
0.8431045205907672 1
0.8432180277856599 1
0.8433850197351507 1
0.8434084783004963 1
0.843444798200058 1
0.8436531676413688 1
0.8437101016091754 1
0.8437968062961408 1
0.8438669066939646 1
0.8439968424538629 1
0.8440270915459829 1
0.8440387753912627 1
0.84406904547474 1
0.8441925677221573 1
0.8442349398461809 1
0.8443076909189822 1
0.8443127185713746 1
0.8444905635364033 1
0.8445761579764993 1
0.8446661882507569 1
0.8449993582783888 1
0.8450160885223091 1
0.8451708735489951 1
0.8452178744970699 1
0.845445967876632 1
0.8455327211329334 1
0.845559159635611 1
0.8456237628383206 1
0.8456285111581815 1
0.8458608517403486 1
0.8460890238959584 1
0.8461532803322831 1
0.8463436133743456 1
0.8465224128842472 1
0.8466167145647708 1
0.8466667973614358 1
0.8467136138703866 1
0.8467189699576559 1
0.846792158513652 1
0.8468416202471203 1
0.8469156664354807 1
0.8469894252705156 1
0.847071849830934 1
0.8470911344331745 1
0.8472286671866307 1
0.8473020732156509 1
0.8473346507057694 1
0.8475713992321572 1
0.8476187649142122 1
0.8479449694654808 1
0.8481925375856747 1
0.8481990430042332 1
0.8482116327067801 1
0.8484078156425926 1
0.8484242744143095 1
0.8484606912619599 1
0.8485396061884124 1
0.8486489341113433 1
0.8486995747566729 1
0.8487430403509104 1
0.8488764184703887 1
0.8489982338496764 1
0.849100136436547 1
0.8491855962063403 1
0.8492664109961042 1
0.8493545872179585 1
0.8496726325908032 1
0.8496743189342475 1
0.8497161842427471 1
0.8498944946828605 1
0.8500626338733792 1
0.8503026884187951 1
0.8503088790284093 1
0.8503218191102733 1
0.8503709074554924 1
0.8503762899685803 1
0.8504037866245256 1
0.8504714028506928 1
0.8506147642631946 1
0.850661369797244 1
0.850735390886411 1
0.8507964904947843 1
0.8508822864634831 1
0.8510669553358207 1
0.8511393517809096 1
0.8513067625417259 1
0.8513434468657404 1
0.8513663114434591 1
0.8514083243652627 1
0.8518576282240322 1
0.8519364020426398 1
0.8520515128090902 1
0.8520697064935874 1
0.8520891812342195 1
0.8520941144962874 1
0.8521226668212534 1
0.8522209029501188 1
0.8522714530435661 1
0.852380249993972 1
0.8524541137978896 1
0.8525082804195181 1
0.8526165614302893 1
0.8528858126846243 1
0.8531078420718997 1
0.8531264669877336 1
0.8532261771357349 1
0.8532415868987385 1
0.8532771586517779 1
0.8533170065168133 1
0.8533338822781579 1
0.8533831094064418 1
0.8534386351321966 1
0.853482858979225 1
0.8535319828948166 1
0.8537282870842958 1
0.853744127510046 1
0.8538221834775094 1
0.8538302023399861 1
0.8541045576656541 1
0.8542963228178231 1
0.8543210781554965 1
0.8543362944942885 1
0.8545084010873787 1
0.8546137715593276 1
0.8548095748756129 1
0.8549422372720065 1
0.8549610368720968 1
0.8549765274003219 1
0.8551059791979501 1
0.8551952526574911 1
0.8553484542865795 1
0.855390650686467 1
0.855487985486104 1
0.8555863365299794 1
0.8556847656218461 1
0.8558530359102413 1
0.8561537124987965 1
0.8561605032539363 1
0.8562127729577109 1
0.8564373509332397 1
0.8565333434385862 1
0.8566225506598335 1
0.8566498089297012 1
0.8566793800566692 1
0.8566944187349128 1
0.8568158120170551 1
0.8569242980704757 1
0.857061859835915 1
0.8570704245043753 1
0.8570773914448612 1
0.8571451970265592 1
0.8571498403775374 1
0.8571513567669128 1
0.8571908250124216 1
0.8572398044609701 1
0.8573109156738643 1
0.8573389058874811 1
0.8573977776460794 1
0.8574024110509301 1
0.857504758349893 1
0.8575895847072776 1
0.8575954198671635 1
0.8576308316698105 1
0.8576332745949877 1
0.8576448454616699 1
0.8577395530564722 1
0.8578173350674854 1
0.8578759518646893 1
0.8578776371577521 1
0.857877754630526 1
0.8579713260240692 1
0.8580554821227813 1
0.85812954263673 1
0.8581782444551765 1
0.8583301256033481 1
0.8583314066594824 1
0.8583987906052453 1
0.8584284397802048 1
0.8584331775215078 1
0.8584550069548914 1
0.8585025750563251 1
0.8585126688848977 1
0.8585466847164003 1
0.8586059319392194 1
0.8587736418947033 1
0.858917835271786 1
0.8589606631476704 1
0.8594586170716471 1
0.8595492534897241 1
0.8595968215911581 1
0.8595982208481223 1
0.8596577395431446 1
0.8597172589662233 1
0.8597908210912262 1
0.8598810003235768 1
0.8599388490174878 1
0.8599767961188916 1
0.8600802377100843 1
0.8600804495731825 1
0.860191996127818 1
0.860453365321577 1
0.8605796901632197 1
0.8605812225072342 1
0.8605814939794375 1
0.8606225599481329 1
0.8606748358098067 1
0.8607177954105367 1
0.8607230583961696 1
0.8607653635119706 1
0.8609197211326548 1
0.8610284727260278 1
0.8612504659743412 1
0.8612562913475666 1
0.8612961909082917 1
0.8613227580829782 1
0.8613784176238396 1
0.8614023102554943 1
0.8614469714255768 1
0.8614963608811206 1
0.8616019849650557 1
0.8619522432440996 1
0.8619583802423669 1
0.8620125503986245 1
0.862130688126289 1
0.8622689656517807 1
0.8623319890988995 1
0.8625075876258798 1
0.8625635186389444 1
0.8626029796454766 1
0.8629248082147517 1
0.8631699335171481 1
0.8631715144304991 1
0.8632157382775282 1
0.863269496326027 1
0.8632748318886111 1
0.8633553420540033 1
0.8635183744559585 1
0.8636267011275767 1
0.8638255531772525 1
0.8638370061099506 1
0.8639029751844725 1
0.8639113800051321 1
0.8639446332043823 1
0.8643446758917845 1
0.8644758372747725 1
0.8646126571297539 1
0.8647177233650245 1
0.8648310626961098 1
0.8648705838904163 1
0.8649741035296004 1
0.8651245492818453 1
0.8651620217985162 1
0.8651964173569249 1
0.8652421791578939 1
0.8653663046976332 1
0.865408073529335 1
0.8655678788092958 1
0.8655810213712585 1
0.8656713137401811 1
0.8657441318212052 1
0.8657447978171929 1
0.8657929423555646 1
0.8658471837393649 1
0.8658488544685322 1
0.8658585586240717 1
0.865881540674564 1
0.8658865917970993 1
0.8658966093338709 1
0.8659552962237785 1
0.8660019017578283 1
0.8660042635821769 1
0.866026231712537 1
0.86608837777186 1
0.8661790392891308 1
0.866467905765804 1
0.8665092052096323 1
0.866651874958363 1
0.8666640498454237 1
0.8668230047319967 1
0.8668443259259321 1
0.8669381279288213 1
0.8670272571020773 1
0.8671373653153289 1
0.8671845849469498 1
0.8672422998257542 1
0.8672915319960487 1
0.8673214828499225 1
0.8673242248623875 1
0.8673259736395464 1
0.8674526048081284 1
0.867635111950716 1
0.867769785451917 1
0.8678022848940441 1
0.8678189395742198 1
0.8678321601841738 1
0.867858718716714 1
0.8679473589447428 1
0.8680247998520594 1
0.8681279064974545 1
0.8682476520593618 1
0.868333455878309 1
0.8683797178244148 1
0.8684239055324814 1
0.8685849808288083 1
0.8686059722991782 1
0.8686324428376 1
0.8687972034920287 1
0.8688230892608945 1
0.8688321274204465 1
0.8688932572355311 1
0.8689646117685981 1
0.8691818855543538 1
0.8692458103307013 1
0.8692950130223406 1
0.8694136223829888 1
0.8694654988896034 1
0.8695548013027482 1
0.8698294583073306 1
0.8698424691444475 1
0.870044199352093 1
0.87019869118187 1
0.8703555085375666 1
0.8706625143593343 1
0.8706984729708769 1
0.8707166415561809 1
0.8707221307305008 1
0.8708334905212318 1
0.8709735352627692 1
0.8711665545501814 1
0.8711829738971162 1
0.8711830133218983 1
0.8711963517923195 1
0.8712159440057252 1
0.871225021590059 1
0.871285363105108 1
0.8713543390039906 1
0.8714436939047228 1
0.8715461460651889 1
0.8716535016874173 1
0.8716816848640357 1
0.8717286926325586 1
0.8718723312873309 1
0.8718907087902756 1
0.8718977857409805 1
0.8719030630522023 1
0.8719421963519137 1
0.8720872959630163 1
0.8722550839664913 1
0.8722611446729577 1
0.8723193461728832 2
0.872367944382934 1
0.8725981269090032 1
0.8726380591606866 1
0.8726590473452366 1
0.8726622855069998 1
0.8728166456119311 1
0.8728333758558512 1
0.8732505179355213 1
0.8733298582449389 1
0.8733955139382286 1
0.8738570304898695 1
0.8738844578546839 1
0.8739330565259452 1
0.8740447062277659 1
0.8740924035697986 1
0.8741743286064317 1
0.8743192315075025 1
0.8746448531109131 1
0.8746795836151194 1
0.8749994996110655 1
0.8750786892955411 1
0.875126598500672 1
0.8751848406784875 1
0.875251215040319 1
0.8752756956199699 1
0.875365050520702 1
0.875537157113792 1
0.8755384775947086 1
0.8755991882581051 1
0.8756321270362435 1
0.8756812811585462 1
0.8758736946377454 1
0.8759545253821489 1
0.8760397757730908 1
0.8761135313223053 1
0.8761960929836508 1
0.8762418332200547 2
0.8763584107129028 1
0.8764246445993202 1
0.8766019138554683 1
0.8767520940677609 1
0.8768209134094503 1
0.8768404275748645 1
0.8769063899890789 1
0.8773236893539986 1
0.8773679132010271 1
0.8774234750657441 1
0.8776160391698857 1
0.8777816201600942 1
0.8777935732379292 1
0.8778078100921217 1
0.8778209887930464 1
0.8778687641830704 1
0.8779156210050004 1
0.8780036134084074 1
0.8784064405858936 1
0.8787632579603505 1
0.8787667926935101 1
0.878887934687772 1
0.8789439831736101 1
0.8789961252201772 1
0.8791719952193607 1
0.8797526312229138 1
0.8798857127709953 1
0.8801846997302861 1
0.8802618451165874 1
0.8803391773079912 1
0.8805383366465073 1
0.8805647778664151 1
0.8807287477365613 1
0.8807861560545817 1
0.8807930161008523 1
0.8808255246875337 1
0.8808703482922559 1
0.8809194605055296 1
0.8816343503973854 1
0.8816358248777314 1
0.88173953128082 1
0.8819003326206968 1
0.8820828816723134 1
0.8822175913124768 1
0.8822344972805329 1
0.8823210262433622 1
0.8824235627904764 1
0.8824325978971914 1
0.8829143962357482 1
0.8829916503791602 1
0.8831515533352655 1
0.883182785245274 1
0.8832692612593057 1
0.8841256846986334 1
0.8841995379239924 1
0.8846316844793561 1
0.8848406833064023 1
0.8849718833125994 1
0.8850607410136522 1
0.8850803332270578 1
0.8857630023467684 1
0.8858976758479694 1
0.8860391983556727 1
0.8860995398707217 1
0.8861844842694695 1
0.8863939229038164 1
0.886468061465757 1
0.8866092009607343 1
0.8866401680588468 1
0.8866762190439694 1
0.88712319450474 1
0.8872124411507695 1
0.8877592056091056 1
0.8882162380314298 1
0.8882361319237501 1
0.8883098513340023 1
0.8883757718391877 1
0.8884614669422218 1
0.8887048920367956 1
0.8889754604862273 1
0.8896788555363555 1
0.8899225454428255 1
0.8903706546206084 1
0.891117103661791 1
0.8917973717653535 1
0.8918021875546479 1
0.8920159660320259 1
0.8920884405251062 1
0.8924353785985573 1
0.8927624150732086 1
0.8928970885744099 1
0.8929151249736579 1
0.8929746075297179 1
0.8937386096348473 1
0.8947131101465626 1
0.8950054238234874 1
0.8967492037515542 1
0.8973788038276858 1
0.8984570107424897 1
0.8993246831117456 1
0.8997275102892318 1
0.9010916592775088 1
0.9014776223959682 1
0.902358473466149 1
0.9047187109083846 1
0.905458039470862 1
0.9074470088849383 1
0.9092449940578433 1
