
 0.507
 0.501
 0.500
 0.500
 0.516
 0.494
 0.495
 0.506
 0.494
 0.503
 0.505
 0.500
 0.496
 0.484
 0.516
 0.503
 0.509
 0.497
 0.522
 0.501
 0.516
 0.484
 0.508
 0.516
 0.514
 0.512
 0.497
 0.487
 0.507
 0.502
 0.506
 0.508
 0.500
 0.498
 0.513
 0.503
 0.511
 0.514
 0.500
 0.486
 0.482
 0.495
 0.489
 0.509
 0.513
 0.497
 0.502
 0.491
 0.518
 0.498
 0.505
 0.488
 0.485
 0.502
 0.507
 0.499
 0.498
 0.499
 0.511
 0.495
 0.505
 0.491
 0.500
 0.515
 0.516
 0.509
 0.518
 0.514
 0.510
 0.506
 0.501
 0.496
 0.501
 0.507
 0.502
 0.510
 0.496
 0.506
 0.510
 0.506
 0.504
 0.500
 0.500
 0.498
 0.504
 0.504
 0.489
 0.507
 0.510
 0.500
 0.502
 0.512
 0.500
 0.501
 0.493
 0.516
 0.486
 0.497
 0.500
 0.504
 0.494
 0.512
 0.503
 0.504
 0.507
 0.521
 0.517
 0.517
 0.501
 0.507
 0.514
 0.509
 0.500
 0.495
 0.496
 0.495
 0.506
 0.515
 0.500
 0.502
 0.496
 0.499
 0.518
 0.504
 0.501
 0.507
 0.509
 0.495
 0.490
 0.503
 0.494
 0.499
 0.508
 0.489
 0.492
 0.512
 0.488
 0.487
 0.497
 0.513
 0.514
 0.496
 0.510
 0.508
 0.502
 0.513
 0.519
 0.500
 0.488
 0.490
 0.514
 0.494
 0.511
 0.505
 0.518
 0.500
 0.502
 0.517
 0.490
 0.502
 0.499
 0.487
 0.493
 0.503
 0.503
 0.501
 0.516
 0.498
 0.504
 0.506
 0.501
 0.501
 0.509
 0.508
 0.502
 0.495
 0.515
 0.496
 0.498
 0.487
 0.510
 0.488
 0.510
 0.508
 0.500
 0.499
 0.491
 0.505
 0.505
 0.508
 0.499
 0.490
 0.511
 0.508
 0.500
 0.495
 0.493
 0.516
 0.502
 0.491
 0.506
 0.484
 0.495
 0.494
 0.494
 0.500
 0.497
 0.496
 0.501
 0.502
 0.497
 0.515
 0.500
 0.513
 0.502
 0.498
 0.499
 0.507
 0.514
 0.493
 0.500
 0.509
 0.493
 0.509
 0.502
 0.499
 0.507
 0.516
 0.519
 0.497
 0.511
 0.507
 0.509
 0.520
 0.498
 0.484
 0.511
 0.524
 0.512
 0.486
 0.506
 0.499
 0.493
 0.503
 0.499
 0.496
 0.500
 0.509
 0.511
 0.500
 0.506
 0.486
 0.514
 0.493
 0.491
 0.502
 0.500
 0.513
 0.510
 0.507
 0.502
 0.499
 0.506
 0.509
 0.504
 0.494
 0.500
 0.507
 0.505
 0.511
 0.495
 0.500
 0.506
 0.505
 0.506
 0.490
 0.497
 0.505
 0.512
 0.515
 0.502
 0.489
 0.514
 0.503
 0.504
 0.511
 0.506
 0.501
 0.505
 0.510
 0.523
 0.489
 0.486
 0.498
 0.479
 0.507
 0.498
 0.507
 0.494
 0.500
 0.512
 0.499
 0.512
 0.510
 0.503
 0.498
 0.519
 0.509
 0.508
 0.511
 0.502
 0.500
 0.485
 0.503
 0.490
 0.506
 0.496
 0.509
 0.500
 0.495
 0.502
 0.516
 0.505
 0.511
 0.498
 0.518
 0.496
 0.503
 0.500
 0.507
 0.512
 0.505
 0.508
 0.506
 0.508
 0.509
 0.496
 0.506
 0.496
 0.505
 0.510
 0.515
 0.491
 0.494
 0.518
 0.506
 0.510
 0.503
 0.509
 0.485
 0.510
 0.516
 0.494
 0.504
 0.515
 0.492
 0.486
 0.504
 0.513
 0.502
 0.507
 0.497
 0.493
 0.495
 0.490
 0.503
 0.503
 0.499
 0.499
 0.497
 0.477
 0.492
 0.508
 0.511
 0.521
 0.503
 0.498
 0.509
 0.520
 0.508
 0.524
 0.510
 0.505
 0.497
 0.505
 0.517
 0.503
 0.506
 0.511
 0.501
 0.499
 0.502
 0.489
 0.523
 0.496
 0.514
 0.506
 0.510
 0.495
 0.507
 0.500
 0.499
 0.490
 0.513
 0.509
 0.517
 0.507
 0.508
 0.508
 0.509
 0.491
 0.496
 0.513
 0.511
 0.489
 0.512
 0.497
 0.502
 0.493
 0.498
 0.497
 0.503
 0.506
 0.519
 0.492
 0.500
 0.497
 0.506
 0.506
 0.486
 0.497
 0.506
 0.509
 0.500
 0.502
 0.510
 0.507
 0.505
 0.516
 0.517
 0.490
 0.501
 0.506
 0.505
 0.487
 0.515
 0.494
 0.510
 0.498
 0.492
 0.497
 0.507
 0.515
 0.492
 0.503
 0.505
 0.497
 0.484
 0.511
 0.514
 0.501
 0.498
 0.508
 0.495
 0.499
 0.495
 0.507
 0.498
 0.516
 0.502
 0.497
 0.508
 0.521
 0.502
 0.516
 0.493
 0.497
 0.500
 0.508
 0.501
 0.512
 0.494
 0.497
 0.515
 0.510
 0.480
 0.498
 0.498
 0.501
 0.505
 0.502
 0.512
 0.503
 0.482
 0.498
 0.493
 0.513
 0.502
 0.496
 0.498
 0.494
 0.494
 0.501
 0.495
 0.497
 0.502
 0.502
 0.487
 0.511
 0.504
 0.510
 0.506
 0.506
 0.506
 0.517
 0.508
 0.492
 0.495
 0.497
 0.514
 0.491
 0.499
 0.491
 0.500
 0.500
 0.503
 0.502
 0.511
 0.497
 0.501
 0.503
 0.502
 0.496
 0.490
 0.504
 0.513
 0.510
 0.514
 0.493
 0.517
 0.510
 0.511
 0.501
 0.511
 0.501
 0.519
 0.501
 0.505
 0.513
 0.511
 0.499
 0.492
 0.494
 0.513
 0.485
 0.500
 0.508
 0.493
 0.513
 0.499
 0.503
 0.503
 0.497
 0.505
 0.519
 0.498
 0.496
 0.501
 0.513
 0.502
 0.487
 0.504
 0.525
 0.506
 0.507
 0.523
 0.514
 0.505
 0.501
 0.508
 0.510
 0.494
 0.490
 0.497
 0.494
 0.516
 0.513
 0.497
 0.508
 0.503
 0.503
 0.502
 0.508
 0.520
 0.505
 0.506
 0.488
 0.505
 0.503
 0.494
 0.502
 0.502
 0.513
 0.508
 0.507
 0.506
 0.489
 0.487
 0.504
 0.507
 0.490
 0.498
 0.518
 0.513
 0.491
 0.508
 0.509
 0.504
 0.504
 0.506
 0.514
 0.496
 0.517
 0.503
 0.505
 0.490
 0.502
 0.494
 0.512
 0.492
 0.506
 0.508
 0.512
 0.493
 0.500
 0.519
 0.502
 0.491
 0.502
 0.517
 0.511
 0.503
 0.508
 0.515
 0.496
 0.497
 0.519
 0.488
 0.507
 0.503
 0.515
 0.507
 0.510
 0.509
 0.499
 0.503
 0.509
 0.501
 0.517
 0.515
 0.501
 0.510
 0.498
 0.519
 0.522
 0.493
 0.485
 0.496
 0.506
 0.490
 0.494
 0.505
 0.515
 0.512
 0.486
 0.500
 0.492
 0.507
 0.493
 0.494
 0.502
 0.512
 0.515
 0.494
 0.504
 0.480
 0.501
 0.490
 0.497
 0.510
 0.490
 0.492
 0.517
 0.499
 0.503
 0.496
 0.518
 0.511
 0.506
 0.502
 0.510
 0.511
 0.497
 0.502
 0.504
 0.516
 0.499
 0.514
 0.526
 0.494
 0.508
 0.505
 0.523
 0.494
 0.506
 0.509
 0.496
 0.498
 0.494
 0.510
 0.499
 0.510
 0.502
 0.499
 0.519
 0.495
 0.499
 0.514
 0.510
 0.498
 0.511
 0.518
 0.505
 0.503
 0.493
 0.507
 0.502
 0.503
 0.500
 0.503
 0.504
 0.502
 0.492
 0.510
 0.496
 0.487
 0.499
 0.512
 0.490
 0.504
 0.496
 0.506
 0.491
 0.493
 0.484
 0.510
 0.507
 0.506
 0.496
 0.504
 0.495
 0.510
 0.510
 0.491
 0.525
 0.501
 0.508
 0.498
 0.494
 0.506
 0.512
 0.497
 0.501
 0.504
 0.509
 0.505
 0.499
 0.488
 0.502
 0.509
 0.501
 0.506
 0.495
 0.506
 0.520
 0.503
 0.499
 0.498
 0.511
 0.485
 0.502
 0.514
 0.504
 0.512
 0.502
 0.502
 0.497
 0.493
 0.505
 0.508
 0.501
 0.494
 0.512
 0.508
 0.512
 0.502
 0.525
 0.510
 0.515
 0.494
 0.485
 0.494
 0.501
 0.499
 0.496
 0.505
 0.487
 0.524
 0.497
 0.490
 0.490
 0.493
 0.496
 0.511
 0.498
 0.486
 0.502
 0.505
 0.511
 0.504
 0.495
 0.515
 0.493
 0.502
 0.502
 0.492
 0.502
 0.507
 0.496
 0.496
 0.499
 0.498
 0.506
 0.496
 0.495
 0.506
 0.501
 0.499
 0.506
 0.501
 0.507
 0.504
 0.499
 0.494
 0.512
 0.493
 0.495
 0.513
 0.522
 0.515
 0.495
 0.483
 0.489
 0.513
 0.488
 0.517
 0.518
 0.491
 0.500
 0.505
 0.503
 0.530
 0.506
 0.507
 0.505
 0.505
 0.508
 0.504
 0.503
 0.491
 0.503
 0.490
 0.507
 0.509
 0.507
 0.493
 0.496
 0.495
 0.502
 0.498
 0.489
 0.514
 0.517
 0.495
 0.491
 0.507
 0.512
 0.490
 0.503
 0.507
 0.507
 0.499
 0.509
 0.498
 0.508
 0.495
 0.499
 0.506
 0.496
 0.495
 0.503
 0.505
 0.511
 0.509
 0.504
 0.488
 0.497
 0.507
 0.502
 0.498
 0.507
 0.503
 0.501
 0.492
 0.504
 0.500
 0.502
 0.494
 0.505
 0.496
 0.491
 0.489
 0.493
 0.496
 0.494
 0.503
 0.503
 0.504
 0.514
 0.526
 0.485
 0.495
 0.501
 0.491
 0.502
 0.508
 0.501
 0.505
 0.511
 0.520
 0.503
 0.500
 0.491
 0.496
 0.500
 0.500
 0.504
 0.504
 0.499
 0.505
 0.513
 0.505
 0.488
 0.496
 0.493
 0.499
 0.500
 0.511
 0.506
 0.505
 0.501
 0.505
 0.504
 0.516
 0.507
 0.500
 0.515
 0.491
 0.498
 0.506
 0.503
 0.509
 0.487
 0.504
 0.498
 0.504
 0.494
 0.496
 0.505
 0.509
 0.497
 0.495
 0.511
 0.487
 0.496
 0.494
 0.524
 0.500
 0.492
 0.492

