0.4187392908797132 1
0.4294033851649674 1
0.43059867933010154 1
0.4360348595612257 1
0.44075118470127267 1
0.44357620713232293 1
0.4436030488397019 1
0.44619149046636264 1
0.44784824199973805 1
0.44984704311121027 1
0.45084032461177775 1
0.45225591149124633 1
0.45415640424727965 1
0.45433207406337817 1
0.45507761768403127 1
0.4558727909601891 1
0.45607206524158067 1
0.45623143886267625 1
0.45804893744477676 1
0.4583411499792803 1
0.45883519127801825 1
0.45904678404629545 1
0.4599202985738052 1
0.45995309056796674 1
0.4610706506095015 1
0.4612058025266178 1
0.46431077166191753 1
0.4645466582279667 1
0.46531805297824713 1
0.4655653419116232 1
0.4662184481728754 1
0.467001638445131 1
0.46728992036126227 1
0.46772867501064225 1
0.467947643912671 1
0.4681818773765832 1
0.4684080732692351 1
0.46908320323378194 1
0.46923548322061615 1
0.47135434664629094 1
0.4713741777288664 1
0.4717977874916023 1
0.4726231304606037 1
0.4736004276243001 1
0.4740645371204394 1
0.4750787271137874 1
0.4755485295388794 1
0.4764219663791469 1
0.47743695211051396 1
0.4780559930495577 1
0.4781898702101695 1
0.4786392435536629 1
0.4791051141558614 1
0.48039974351583986 1
0.48072502448840526 1
0.4807897484970832 1
0.4810159525740228 1
0.48175895905533617 1
0.4825288225015418 1
0.4827952789421077 1
0.4828534602942151 1
0.4836718015780106 1
0.483783766890534 1
0.4838243956597787 1
0.4841324166250919 1
0.4843214756428372 1
0.48590983391954984 1
0.4861975663342843 1
0.48676263861488017 1
0.4870013357301876 1
0.4870300141587589 1
0.48746251308663735 1
0.48764355693700684 1
0.4883788550938978 1
0.4884858724351897 1
0.4895428379250248 1
0.48962424075073246 1
0.48999630788694704 1
0.49022593241119183 1
0.49030228689070476 1
0.49087505085386934 1
0.49087713543731387 1
0.4911572104575697 1
0.4917523395073641 1
0.49200849148133874 1
0.4924761028534146 1
0.4927151133014286 1
0.49281777092444556 1
0.4931651853223521 1
0.4932739571976101 1
0.49410710717861867 1
0.4946118721718395 1
0.4947870064269689 1
0.4948639682464834 1
0.4950521481877127 1
0.49521054361849937 1
0.4954292390844561 1
0.49606620135110263 1
0.49674456989377597 1
0.4982430061712742 1
0.4984632653438544 1
0.4986611937552089 1
0.49895963449308306 1
0.499534418094969 1
0.49980609455402364 1
0.5001451018385368 1
0.5005536964228035 1
0.500653384670571 1
0.5009033786828452 1
0.501051385129231 1
0.5014971019235546 1
0.501506756666019 1
0.5017027804389446 1
0.501818839686248 1
0.5018239816367784 1
0.5020895371355912 1
0.5029704527299111 1
0.503749782923991 1
0.5039075416673342 1
0.5042159710811279 1
0.5042307855112919 1
0.5042790040256879 1
0.5052725987620645 1
0.5053069273643955 1
0.5053158970120244 1
0.5058680575727152 1
0.506130667543498 1
0.5062160642409436 1
0.506306770500349 1
0.5063464298041128 1
0.5071462856289759 1
0.5071641091348136 1
0.5073154510229664 1
0.5075701738252143 1
0.507782560700915 1
0.5078999791493964 1
0.508089393345501 1
0.5085208163765905 1
0.5090758627658268 1
0.509261991614081 1
0.5102159794273335 1
0.5102650871167032 1
0.5102749682514379 1
0.5102773399791508 1
0.5108444107048197 1
0.511587208393332 1
0.5117924312465026 1
0.512321831738076 1
0.5128517488624648 1
0.512973930862114 1
0.5136814587495667 1
0.5140667472435635 1
0.5143896989980846 1
0.5154986615542303 1
0.5155496360667646 1
0.5174186545201758 1
0.5175602713503968 1
0.5178267381917856 1
0.5179013647075554 1
0.5182050363250124 1
0.5183340686064958 1
0.518405914565626 1
0.5197258173608921 1
0.5200078674199319 1
0.5223455137988939 1
0.5225786855024008 1
0.5225889170651479 1
0.5226846281024033 1
0.5233098745448516 1
0.5235215554755828 1
0.5262382378902459 1
0.5263095301539144 1
0.5271351709493937 1
0.5282590387991715 1
0.5282845898334856 1
0.528326925081254 1
0.5291141625753655 1
0.5315248328096603 1
0.5318693012317952 1
0.5330122377851546 1
0.5330933091868947 1
0.5332958701532376 1
0.5333554487825337 1
0.5339783717072301 1
0.5342862820583022 1
0.5345497707295696 1
0.5358490375517228 1
0.5364952595040487 1
0.5391036963348501 1
0.539373597173623 1
0.5441848022142155 1
0.5451045994457752 1
0.5452799341237103 1
0.5534717208976769 1
0.5564699191948731 1
0.5571124160561352 1
0.566948583818285 1
0.5683328815652057 1
0.5738401013788139 1
0.5892094370043531 1
