
 0.556
 0.533
 0.510
 0.507
 0.419
 0.497
 0.487
 0.495
 0.518
 0.505
 0.436
 0.504
 0.513
 0.533
 0.500
 0.479
 0.493
 0.501
 0.496
 0.486
 0.523
 0.507
 0.533
 0.509
 0.444
 0.502
 0.518
 0.495
 0.533
 0.516
 0.461
 0.455
 0.505
 0.475
 0.534
 0.510
 0.502
 0.518
 0.501
 0.471
 0.459
 0.539
 0.532
 0.498
 0.431
 0.534
 0.490
 0.574
 0.514
 0.506
 0.490
 0.528
 0.520
 0.523
 0.465
 0.483
 0.479
 0.491
 0.467
 0.492
 0.458
 0.509
 0.512
 0.454
 0.514
 0.501
 0.545
 0.480
 0.526
 0.509
 0.589
 0.536
 0.468
 0.458
 0.567
 0.515
 0.456
 0.518
 0.471
 0.501
 0.502
 0.495
 0.466
 0.536
 0.513
 0.517
 0.448
 0.502
 0.478
 0.491
 0.490
 0.465
 0.500
 0.527
 0.508
 0.553
 0.504
 0.478
 0.461
 0.508
 0.483
 0.484
 0.568
 0.450
 0.444
 0.518
 0.507
 0.506
 0.508
 0.539
 0.498
 0.486
 0.488
 0.468
 0.505
 0.459
 0.456
 0.477
 0.493
 0.441
 0.488
 0.523
 0.469
 0.484
 0.454
 0.469
 0.476
 0.499
 0.512
 0.466
 0.520
 0.528
 0.528
 0.429
 0.481
 0.493
 0.545
 0.446
 0.506
 0.544
 0.526
 0.506
 0.460
 0.535
 0.511
 0.491
 0.514
 0.499
 0.484
 0.460
 0.522
 0.474
 0.512
 0.495
 0.456
 0.487
 0.481
 0.490
 0.529
 0.492
 0.472
 0.467
 0.510
 0.468
 0.500
 0.503
 0.451
 0.557
 0.492
 0.508
 0.494
 0.495
 0.484
 0.484
 0.523
 0.483
 0.481
 0.510
 0.501
 0.487
 0.506
 0.476
 0.473
 0.502
 0.532
 0.504
 0.452
 0.482
 0.464
 0.490
 0.504
 0.468
 0.504
 0.488
 0.474
 0.518
 0.493
 0.487
 0.495
 0.524

