0 49
0 40
0 37
0 36
0 52
0 49
0 35
0 45
0 27
0 45
0 37
0 45
0 44
0 29
0 43
0 42
0 51
0 45
0 31
0 40
0 39
0 48
0 45
0 53
0 46
0 48
0 35
0 37
0 42
0 35
0 42
0 49
0 37
0 39
0 33
0 29
0 41
0 49
0 57
0 44
0 29
0 34
0 30
0 38
0 33
0 38
0 34
0 41
0 43
0 27
0 43
0 50
0 40
0 42
0 40
0 45
0 31
0 38
0 41
0 38
0 43
0 46
0 31
0 41
0 45
0 39
0 42
0 45
0 41
0 59
0 33
0 42
0 28
0 48
0 38
0 40
0 45
0 39
0 49
0 40
0 39
0 40
0 35
0 44
0 41
0 49
0 40
0 34
0 47
0 36
0 47
0 34
0 47
0 43
0 46
0 42
0 38
0 47
0 45
0 54
0 37
0 35
0 46
0 51
0 41
0 50
0 45
0 48
0 41
0 60
0 30
0 46
0 42
0 42
0 51
0 33
0 43
0 53
0 43
0 41
0 40
0 41
0 53
0 49
0 53
0 45
0 56
0 36
0 51
0 39
0 39
0 55
0 32
0 43
0 46
0 44
0 40
0 47
0 49
0 51
0 30
0 48
0 39
0 43
0 38
0 42
0 25
0 39
0 37
0 30
0 39
0 46
0 43
0 47
0 36
0 37
0 41
0 39
0 37
0 43
0 29
0 36
0 40
0 48
0 43
0 43
0 37
0 55
0 32
0 47
0 40
0 45
0 30
0 52
0 40
0 34
0 47
0 43
0 48
0 47
0 41
0 39
0 49
0 38
0 39
0 43
0 43
0 40
0 32
0 41
0 43
0 36
0 38
0 38
0 40
0 41
0 43
0 42
0 44
0 42
