0.43508000851789475 1
0.4400261058061959 1
0.4448373489795447 1
0.4453250991704617 1
0.44621880470484643 1
0.4473342223594865 1
0.4489199002756989 1
0.4498796737537758 1
0.45030811045376445 1
0.4509991461415114 1
0.45318837014048374 1
0.4533982654807962 1
0.4536118444975061 1
0.45806600384196633 1
0.4593513070794629 1
0.4614982623307028 1
0.4623648255985609 1
0.4626248808217096 1
0.46295788131380633 1
0.4630243748716199 1
0.46311407397698434 1
0.46484178170965434 1
0.4652182940077605 1
0.4653265296496015 1
0.46591055718554364 1
0.4661087536547373 1
0.4682460547103602 1
0.4688795395209404 1
0.4707238367492217 1
0.4711841370063566 1
0.4713043492983477 1
0.47231469029061884 1
0.4729506888691698 1
0.47304081016063776 1
0.47331486490057884 1
0.47352394915127227 1
0.4737061036781144 1
0.4745945453132843 1
0.4751385775101269 1
0.47522950747679427 1
0.47551153547519653 1
0.47567695910332636 1
0.47643327974062755 1
0.47685938623535273 1
0.47756023762429534 1
0.47761523868720773 1
0.4781493396722149 1
0.47818282334526374 1
0.47852472759834797 1
0.48042616764342533 1
0.48114621185674367 1
0.4820876873365133 1
0.4824739796772403 1
0.4828850134770131 1
0.4834875033152578 1
0.48404613970479593 1
0.4841564661260296 1
0.4842173739005111 1
0.48487165965744106 1
0.4853765215734416 1
0.4855219837731287 1
0.48660840338481476 1
0.48694616003265084 1
0.48724191683556334 1
0.48729240820907266 1
0.4877235399762629 1
0.4882243427419562 1
0.4882295977513855 1
0.4883061674184811 1
0.4885492686526483 1
0.4895386163333756 1
0.4896948501158473 1
0.48996819662015445 1
0.49023217927372653 1
0.4914204766337573 1
0.49146939436285036 1
0.49212750588350296 1
0.4922981451052367 1
0.4923167518555347 1
0.4924286858116578 1
0.49322993247040303 1
0.4933671054171354 1
0.494484595449016 1
0.49486171752442176 1
0.4949157119303408 1
0.4949319005354225 1
0.4950231868486475 1
0.4951237221723349 1
0.4963542848000291 1
0.49649938885067585 1
0.4970157091116444 1
0.49726527838528223 1
0.4975742520589477 1
0.49777841350755075 1
0.4979722521065397 1
0.49886726443975477 1
0.49916395391808444 1
0.49981141953912295 1
0.5008898869262132 1
0.5011922782155797 1
0.5012514724183755 1
0.5014573839501618 1
0.5016727247238131 1
0.502321065758379 1
0.5024555098268033 1
0.5026276614058887 1
0.5040482668545209 1
0.5041744344943491 1
0.5050646959009755 1
0.5056775935367044 1
0.505681242793578 1
0.5057395781798207 1
0.5066710765032316 1
0.5072445576994411 1
0.5080824533490833 1
0.5084050281005673 1
0.5084754892337633 1
0.5087001469493672 1
0.5088939507951276 1
0.5093125759238454 1
0.509725081160758 1
0.5097789613222115 1
0.509826958905348 1
0.5119679315169742 1
0.5134926057209993 1
0.5140449950547546 1
0.5147696083466075 1
0.5171560387039758 1
0.517871470135537 1
0.5179207861091533 1
0.5185462772893423 1
0.5186496328080534 1
0.5187664782480303 1
0.5200906506531033 1
0.5203056755599129 1
0.5203250036723606 1
0.5207159931394358 1
0.5207291185204961 1
0.5207949072008113 1
0.5209557363318593 1
0.5209759992874653 1
0.5210434051692433 1
0.5211669597940642 1
0.5215646235007131 1
0.5218538611908682 1
0.5220716345067608 1
0.5224259428456128 1
0.5229833868680065 1
0.5232136020353368 1
0.5235413569734305 1
0.5243659464621623 1
0.5243855735698572 1
0.5253921415052739 1
0.5268736063063946 1
0.52715940166601 1
0.5272736763554079 1
0.5278294185628869 1
0.528236762168905 1
0.5283449418508868 1
0.5286006620294199 1
0.5286513580493976 1
0.5308981757211528 1
0.5315682948310159 1
0.531590522701003 1
0.5316624410705251 1
0.5318508705781249 1
0.5320322932273902 1
0.5322276677902706 1
0.5323868294228771 1
0.5324773396880513 1
0.5326727666769169 1
0.5334264582374165 1
0.5338141723287392 1
0.5345601623168488 1
0.5353497945234388 1
0.5367965244790724 1
0.5368403583740162 1
0.5386694726705984 1
0.5388046712725405 1
0.5391890683285558 1
0.5394204222253214 1
0.5394646601034 1
0.540862460995521 1
0.5418066177544385 1
0.5418210223035262 1
0.5427581869472299 1
0.5443408137824434 1
0.5465477217863928 1
0.5470412550902043 1
0.5477355496410433 1
0.5480278079300376 1
0.5489645438023973 1
0.5496259766408096 1
0.5568517434810957 1
0.5574151242300557 1
0.5577742959855889 1
0.5615453037843026 1
0.561939267166535 1
0.5651297131411597 1
0.568702758102366 1
