
 0.539
 0.521
 0.506
 0.490
 0.476
 0.507
 0.521
 0.550
 0.562
 0.465
 0.521
 0.496
 0.562
 0.487
 0.520
 0.478
 0.532
 0.565
 0.529
 0.521
 0.480
 0.502
 0.529
 0.503
 0.484
 0.466
 0.487
 0.525
 0.547
 0.508
 0.532
 0.461
 0.490
 0.522
 0.542
 0.490
 0.479
 0.482
 0.532
 0.497
 0.495
 0.451
 0.462
 0.557
 0.527
 0.445
 0.495
 0.459
 0.471
 0.463
 0.491
 0.528
 0.473
 0.523
 0.482
 0.450
 0.539
 0.548
 0.532
 0.468
 0.501
 0.509
 0.490
 0.558
 0.474
 0.473
 0.504
 0.485
 0.476
 0.447
 0.510
 0.532
 0.449
 0.501
 0.542
 0.507
 0.533
 0.510
 0.488
 0.539
 0.499
 0.474
 0.496
 0.499
 0.532
 0.533
 0.453
 0.535
 0.512
 0.475
 0.514
 0.478
 0.478
 0.528
 0.492
 0.450
 0.485
 0.541
 0.523
 0.569
 0.500
 0.509
 0.510
 0.520
 0.458
 0.478
 0.493
 0.535
 0.492
 0.513
 0.519
 0.520
 0.548
 0.539
 0.508
 0.487
 0.518
 0.505
 0.484
 0.522
 0.498
 0.547
 0.522
 0.522
 0.493
 0.519
 0.463
 0.475
 0.435
 0.495
 0.466
 0.483
 0.477
 0.475
 0.521
 0.519
 0.549
 0.501
 0.487
 0.471
 0.488
 0.465
 0.498
 0.524
 0.537
 0.521
 0.524
 0.488
 0.440
 0.483
 0.527
 0.492
 0.502
 0.527
 0.486
 0.463
 0.495
 0.508
 0.492
 0.465
 0.515
 0.504
 0.534
 0.494
 0.476
 0.543
 0.518
 0.509
 0.506
 0.454
 0.497
 0.473
 0.521
 0.528
 0.531
 0.471
 0.557
 0.445
 0.501
 0.506
 0.524
 0.532
 0.495
 0.489
 0.484
 0.488
 0.491
 0.532
 0.463
 0.469
 0.537
 0.498
 0.502
 0.453
 0.544
 0.539
 0.481
 0.472
 0.517
 0.446

