0 42
1 43
1 39
0 55
0 54
1 43
1 31
1 44
0 32
1 29
0 46
0 47
0 38
0 50
1 40
0 40
0 44
1 39
0 37
1 43
0 39
0 43
1 46
0 33
1 43
1 37
0 43
0 54
1 32
0 38
0 34
1 46
0 25
1 39
1 40
0 40
0 48
1 34
0 38
1 35
1 35
1 42
0 42
0 43
0 44
0 49
1 41
1 39
0 45
1 44
1 46
0 35
1 25
1 40
0 47
0 41
0 41
0 39
1 41
0 51
1 49
1 44
0 36
1 44
0 35
0 42
0 53
1 43
1 45
0 39
1 45
1 56
1 42
1 43
1 34
0 53
1 51
0 54
1 35
0 39
1 46
1 41
0 43
0 35
0 47
1 42
0 39
0 50
1 44
0 47
0 37
0 45
1 37
0 40
0 38
1 50
1 39
0 39
0 34
0 36
0 49
1 44
0 43
0 49
0 52
1 39
0 38
0 51
1 44
0 38
0 38
1 46
1 45
0 42
1 42
0 46
1 43
1 44
1 46
1 37
1 37
0 37
0 40
0 41
0 30
0 37
1 42
1 39
0 51
0 32
0 31
1 48
1 36
0 43
0 45
1 42
1 36
1 43
1 36
1 44
0 58
0 39
0 48
0 39
1 43
0 33
1 47
1 32
0 30
0 38
1 48
1 40
1 40
0 42
0 37
0 50
1 42
1 38
0 44
0 46
0 38
1 48
1 46
0 42
0 40
0 40
1 49
0 34
1 40
0 45
1 51
0 43
1 44
0 49
0 39
0 49
1 35
1 50
0 42
0 35
0 48
1 42
0 44
0 38
0 49
0 39
0 38
1 46
1 39
0 38
1 42
1 47
1 50
0 52
0 39
0 38
0 49
0 55
1 41
1 50
