0.41618440285099 1
0.4248651567647469 1
0.4356689721492074 1
0.43714603712593286 1
0.4411624707267628 1
0.44257165548834154 1
0.4435542858136802 1
0.4438307773424644 1
0.44525122586550414 1
0.4510495415468834 1
0.45852213518876206 1
0.459198008581289 1
0.4603802701067698 1
0.46046015564587267 1
0.46142711042571255 1
0.4617833188703316 1
0.46203078760311284 1
0.4623400843800159 1
0.46267267215434316 1
0.4633654123125387 1
0.46390447769012005 1
0.4643623493766514 1
0.4645144876715085 1
0.4648200126820439 1
0.4650565807330581 1
0.4653024772100668 1
0.46532792172958304 1
0.4658052051208078 1
0.4666757710902366 1
0.466768767735743 1
0.46959902267502046 1
0.4698469355564555 1
0.46990871117178057 1
0.4704264904357766 1
0.4704499253178204 1
0.4719761344227135 1
0.47299471765776074 1
0.47340297624457217 1
0.47346242737754785 1
0.47411774986620736 1
0.47428990741899973 1
0.47585723160172383 1
0.4762429115025736 1
0.47655278512254484 1
0.4766790595352211 1
0.4768253889105727 1
0.4774049720356112 1
0.4778336601502775 1
0.4788731957688083 1
0.47947624985837595 1
0.47995992846371477 1
0.48066053039460044 1
0.4807676363847784 1
0.4812597634902705 1
0.4817005066768422 1
0.48416601162080736 1
0.4850798921398273 1
0.48535246961835504 1
0.4858563307229823 1
0.4861683257529766 1
0.48624061146995523 1
0.4862895942133321 1
0.48673108512303087 1
0.4873122685146251 1
0.48754021162639655 1
0.48902744899032136 1
0.489124578253399 1
0.4895185387696697 1
0.48976142896614616 1
0.4903215114645924 1
0.49034580301402303 1
0.49070304716484014 1
0.4914019324226782 1
0.4915970677894959 1
0.4918005009426725 1
0.49192567214211746 1
0.4926759216154663 1
0.49355172834490996 1
0.4939245643923417 1
0.49436788903042084 1
0.4944140356619989 1
0.49485406099951845 1
0.4951026510347406 1
0.49623205109992335 1
0.4970418125578343 1
0.49728868668195325 1
0.49740935772920325 1
0.49749861753771896 1
0.49750795101504613 1
0.4976648178634001 1
0.4978623499558496 1
0.49844964280221155 1
0.4986291100592096 1
0.4990666602154601 1
0.49907882604683756 1
0.4993286663610267 1
0.49953253896519667 1
0.49956932811292065 1
0.4995769650029047 1
0.49975828792624044 1
0.49988821655741056 1
0.5000542623126981 1
0.5000806272475226 1
0.5000852727383005 1
0.500573713431704 1
0.5007189830801617 1
0.5009592959710042 1
0.5009820134801448 1
0.5040373513272791 1
0.5048090127085948 1
0.5065134462386008 1
0.5069038811496136 1
0.5076933882469744 1
0.5076984522937475 1
0.5077646826124131 1
0.5081718614983601 1
0.5084830531681204 1
0.5095440824599454 1
0.5095610211623983 1
0.5100269865060987 1
0.5101888908739035 1
0.5114091734561752 1
0.5117177494998787 1
0.5120351772047741 1
0.5132997070965504 1
0.5133491774961348 1
0.5135369544910331 1
0.5138019540901915 1
0.5145694445409429 1
0.5152949111334381 1
0.5154000964282526 1
0.5160640152883533 1
0.5170007823438003 1
0.5173123243793646 1
0.5190279117487124 1
0.5191134121641227 1
0.5196359071511563 1
0.5202600765190247 1
0.5203400166025791 1
0.5208675171823587 1
0.5212495777363998 1
0.5213099867192262 1
0.521422560369201 1
0.521440168399837 1
0.5215619485606872 1
0.5215872438481063 1
0.5218082265251739 1
0.5224499004510406 1
0.5226265149271471 1
0.522676452264707 1
0.5244359416498188 1
0.5245514161076582 1
0.524556634047297 1
0.5245632489846218 1
0.5249855960208191 1
0.525056488879204 1
0.5256300902963142 1
0.5256648984796516 1
0.5257770597714045 1
0.5260064168186308 1
0.5263969393092323 1
0.5266728684219093 1
0.5269837425628524 1
0.5274069716643546 1
0.5277814327068119 1
0.5290293520427571 1
0.5290322197681779 1
0.5298183622703473 1
0.5325554539187131 1
0.5337922527682732 1
0.5343969767820291 1
0.5346210331402109 1
0.5356394409679305 1
0.5357829271290292 1
0.5360560940400684 1
0.5380894379193667 1
0.5382720453623446 1
0.5385126402467078 1
0.5389440375520771 1
0.5391898827637117 1
0.5397536876932049 1
0.5402853037956394 1
0.5426299794607415 1
0.5431685814454699 1
0.5434647404562715 1
0.5471575504313306 1
0.5478860008635492 1
0.5482438371328229 1
0.5491264245855736 1
0.5506103077618905 1
0.5517487249613265 1
0.5525943079064087 1
0.5532319816122493 1
0.5607150844563321 1
0.560785623580395 1
0.5625461308832899 1
0.5663091960711287 1
0.5674485909512221 1
0.5674926095311894 1
0.5735450573948127 1
