
 0.460
 0.520
 0.416
 0.481
 0.507
 0.521
 0.526
 0.486
 0.524
 0.525
 0.566
 0.561
 0.476
 0.480
 0.493
 0.473
 0.470
 0.474
 0.500
 0.528
 0.515
 0.494
 0.494
 0.527
 0.465
 0.504
 0.500
 0.490
 0.522
 0.500
 0.523
 0.498
 0.534
 0.497
 0.445
 0.465
 0.477
 0.549
 0.481
 0.521
 0.492
 0.470
 0.465
 0.498
 0.516
 0.510
 0.526
 0.443
 0.511
 0.451
 0.461
 0.525
 0.536
 0.574
 0.489
 0.536
 0.499
 0.548
 0.517
 0.476
 0.498
 0.494
 0.491
 0.543
 0.522
 0.460
 0.470
 0.437
 0.462
 0.552
 0.489
 0.538
 0.526
 0.563
 0.487
 0.508
 0.548
 0.497
 0.540
 0.477
 0.464
 0.486
 0.514
 0.520
 0.496
 0.488
 0.436
 0.494
 0.444
 0.501
 0.538
 0.530
 0.467
 0.513
 0.514
 0.540
 0.515
 0.498
 0.495
 0.441
 0.508
 0.474
 0.467
 0.463
 0.501
 0.492
 0.500
 0.551
 0.513
 0.497
 0.477
 0.499
 0.487
 0.519
 0.491
 0.500
 0.535
 0.523
 0.464
 0.465
 0.462
 0.500
 0.472
 0.553
 0.522
 0.499
 0.490
 0.561
 0.505
 0.512
 0.520
 0.525
 0.477
 0.501
 0.481
 0.497
 0.519
 0.465
 0.512
 0.486
 0.539
 0.529
 0.510
 0.567
 0.459
 0.507
 0.485
 0.425
 0.547
 0.521
 0.500
 0.533
 0.522
 0.459
 0.463
 0.536
 0.484
 0.527
 0.490
 0.521
 0.490
 0.495
 0.479
 0.508
 0.486
 0.526
 0.529
 0.567
 0.539
 0.485
 0.553
 0.508
 0.543
 0.492
 0.521
 0.479
 0.473
 0.510
 0.470
 0.478
 0.517
 0.470
 0.534
 0.466
 0.527
 0.525
 0.515
 0.473
 0.499
 0.525
 0.539
 0.508
 0.500
 0.543
 0.510
 0.444
 0.501
 0.462
 0.482
 0.526

