5 0.37282583864891716
0 0.5391317724326579
1 0.4063371261751487
68 0.937637526218754
199 0.8351551873483078
708 0.0442937291736516
932 0.11077273307581625
720 0.2860729057647655
449 0.17129029443777855
747 0.15026600239453936
709 0.7635872980740639
753 0.7214045889119343
899 0.6167148652115659
934 0.5467662435714357
172 0.37596545933113423
88 0.32574000510584
505 0.5435780835382029
889 0.6709878371484579
789 0.1909895923759506
232 0.047686085117459864
893 0.7005302938776576
411 0.6571266144477221
947 0.3208212897028466
968 0.4510419081306829
510 0.551922918487803
629 0.679845412349557
841 0.4779056875408937
966 0.3889835579212775
454 0.8199415614077804
362 0.8588516669772355
140 0.34391296992055786
55 0.21094533274800642
958 0.3179297179591536
998 0.025704954164443072
576 0.7879866752420656
611 0.7575180007538393
979 0.4362986083893827
300 0.8807731381398181
318 0.6242109059804216
405 0.7290566514701959
682 0.8002797018378099
985 0.8447927472532091
366 0.2419127306576534
394 0.963961698988116
147 0.8578410599163955
225 0.4792878454708226
731 0.710684490308337
264 0.4378960940263147
401 0.3201660473328988
343 0.4092220646151492
681 0.7797480294561882
975 0.3246123174778194
959 0.9709377871176788
970 0.9969101273922866
494 0.6035673799630874
333 0.13881848029731125
40 0.8947166959323851
44 0.13717798971556816
181 0.1234303750478758
466 0.8233000277839995
325 0.6779924313276541
458 0.9691385894047972
134 0.7543428605614481
334 0.6569237127472971
377 0.07602729352626536
608 0.46492786285179344
672 0.5646195110272467
340 0.12399171658872321
742 0.4968537193120658
419 0.6261341933417188
763 0.8941409264881158
326 0.49050104832645014
918 0.18900389634758819
537 0.6501418321819958
568 0.6618628662380293
560 0.6653631386577479
883 0.2028761479890796
997 0.5097295139565462
772 0.2869481788545153
964 0.7554108422225648
583 0.501649232519997
843 0.034749033655747996
790 0.6977677924430712
698 0.8062873068754247
551 0.6074762453979115
22 0.2882688751050264
804 0.32560213237096114
647 0.4120694120471121
792 0.7221985745009818
37 0.35281139654591975
71 0.8500628106160877
402 0.7366835432710429
829 0.9898237788333084
664 0.34341224024339423
138 0.7151249075724281
310 0.95258491670083
324 0.7009429802073817
719 0.82712325252008
378 0.6353964421149458
267 0.5045606333478307
164 0.05241678042837361
89 0.8127216665098963
95 0.17286372240086545
120 0.016873720687534344
244 0.36936498900423287
927 0.680294430270672
559 0.4848327804123056
715 0.8797710719529828
939 0.3599927015309794
916 0.825906373869498
442 0.4484426661063746
212 0.7754641949200072
110 0.9108526457198559
114 0.7968755531862288
862 0.4961968622117975
999 0.984398295392384
272 0.5656462376652225
276 0.672705656224982
201 0.15776781338129586
208 0.24371183635624916
795 0.02998715768338256
852 0.23533145807434952
98 0.7538310583740577
99 0.6668792144563387
495 0.09744605054047606
713 0.250212098240459
197 0.8905577938828633
890 0.6374094769005015
856 0.7994525660797975
119 0.9412663006499654
298 0.3874924316286952
557 0.3924493277576029
776 0.8372767865807835
891 0.5708052041806948
536 0.6895887638413797
750 0.5005828412704196
910 0.6188542189843163
926 0.5108513114005997
603 0.23374112831931226
695 0.696972095123247
239 0.11354403298777094
582 0.8629086252026742
993 0.009844114546598504
439 0.8093578149764625
523 0.9180691583105641
807 0.8787260505399853
323 0.12089354183862477
514 0.3402994995914057
415 0.49163082682103343
131 0.8542262572889477
64 0.7739478847975751
132 0.444135752110448
167 0.225680227607702
338 0.28912213510923057
744 0.46467507576725753
297 0.9008329744991121
887 0.3289942709166025
328 0.6765065200828252
285 0.06445796330683984
92 0.8248002045318427
712 0.7300147011633973
685 0.392298421178659
177 0.7752594497197309
783 0.6726109264196921
885 0.6863839326165633
815 0.7744637795855713
879 0.21631040009187408
544 0.1712873407353135
857 0.3382824130369143
830 0.6326891895196057
811 0.5801026442769597
818 0.36825243001437236
423 0.36372028599283346
135 0.5874220790514988
304 0.40365794447420067
775 0.9931501998670602
757 0.8951094139381829
981 0.7510475922169281
936 0.799711907597751
422 0.44747006412118895
965 0.100488457744636
725 0.32111914968508426
793 0.5818459514044926
601 0.7027545165720026
249 0.5213986217288689
567 0.5202725013182932
391 0.7110170218712849
515 0.33193048613500986
146 0.9526450770791054
43 0.08150104759860832
26 0.5509428666799545
28 0.17618965388275998
243 0.07141855637210237
520 0.984702888140136
976 0.0281310273863159
827 0.9224917357923931
562 0.488394847418824
618 0.6026970982110516
464 0.3384553265356487
853 0.11492336146607285
274 0.3530708195136598
460 0.7281623892604786
553 0.9140099450726578
549 0.0197948104242609
186 0.4562628380507521
535 0.01454232442200154
32 0.7103086764715081
590 0.4784800610398836
638 0.9767308561465018
574 0.7296434824709774
619 0.9277626729402608
658 0.2849099336865343
123 0.8302005616888632
24 0.22659887073260887
2 0.6322384142935897
41 0.08926305052591332
433 0.6497695227789723
784 0.38162231987712014
960 0.3431225494410687
867 0.3752852495774135
874 0.5765066510580905
534 0.8813062317426738
908 0.2062866726549646
407 0.10891469484219618
528 0.07574167596332948
614 0.4891377502536869
782 0.11313085532374867
615 0.8798398891041543
645 0.23946259593602937
676 0.11884083017259339
190 0.7492192165970513
202 0.11544415988261425
565 0.35548281200346354
721 0.0610118449144329
769 0.17716529004004333
389 0.658019684761531
314 0.2391207718251226
322 0.24723603031100083
835 0.7294523876071938
472 0.9421680791869317
163 0.334070274909291
187 0.2675421455201161
313 0.8109460098216196
670 0.3886888703800687
767 0.9441432823522661
631 0.378286899203382
919 0.28501575018663206
331 0.7970989054224085
508 0.8977772331211795
858 0.7892473433584627
205 0.7729294495209713
680 0.27133686581387084
773 0.35222044544643494
987 0.028812875923955206
393 0.8730919690597342
473 0.38532715489652125
825 0.460184045411567
588 0.5142050369976536
589 0.12915789625487006
36 0.428838318901937
234 0.12324816491837065
854 0.6652101887764968
368 0.0053375388805135815
519 0.08231138456365694
216 0.2115391903529863
417 0.221516575449066
563 0.168270947452419
194 0.4651631670587668
195 0.11844827142071146
937 0.26902926805526084
819 0.27032470416341536
855 0.1425714758333977
254 0.6788924231074053
278 0.08336099955789944
475 0.36334326139620954
969 0.1018675100655877
370 0.6655747142701056
877 0.9954963681644389
81 0.14929303633263047
913 0.8966908240717824
980 0.7507099261596164
445 0.5576059627326846
561 0.5778233483357907
626 0.21792113116720035
240 0.06700003478921779
367 0.08883217913161323
814 0.7895718180116489
403 0.7162181416565065
724 0.26118793368706195
157 0.6012181451669414
15 0.1975138529203072
21 0.2553510519906411
38 0.8732400425563279
74 0.7141169769966748
348 0.9087705179455139
426 0.5047070065412774
780 0.4983556480319731
309 4.838570423419952E-4
539 0.5648287432069538
991 0.803019023771243
806 0.5725176133324295
886 0.1251998699439747
902 0.7299909262978024
704 0.17472945108250948
180 0.19086060083202383
832 0.04454182693736097
875 0.7949072157132772
441 0.8031495314871431
271 0.7455503038341432
674 0.9211532072057166
301 0.024197458774726788
262 0.3940109427112981
75 0.3525868873361002
137 0.6314035648096696
511 0.2820623882391894
60 0.08795496328116503
661 0.7300362037433593
865 0.7720269581625555
462 0.7806015220883652
797 0.30163414777100794
955 0.4872342621357322
90 0.7256810370332051
346 0.9444491639567277
29 0.10164989376522371
166 0.6420058462530122
416 0.8570080413030082
533 0.964342923448405
575 0.5030618992507724
465 0.45369522903980863
641 0.239771127032681
595 0.9663668135421469
336 0.6006220200761231
691 0.5972761631663265
482 0.18292842903364626
861 0.1377809372203902
951 0.3579318928627565
128 0.8519947882048063
327 0.2847227109993792
978 0.4136742449961327
760 0.4550606077211322
922 0.26224602735464386
372 0.22758520645898195
642 0.37600944150467464
826 0.269577925755873
251 0.47045313733583816
436 0.6110795355198914
602 0.050504787431084885
545 0.03896187695012465
87 0.31502047782214704
122 0.6046753909462503
839 0.17965252952874045
516 0.9250273151228018
983 0.05991363139211181
620 0.14269782517008467
141 0.1687464798619588
245 0.32937851471565693
761 0.680203048025144
923 0.5526171517894829
113 0.9283170551172235
221 0.8665388292867204
386 0.6739205591432885
286 0.8926274748337506
154 0.0435493108324122
488 0.8486988933034716
925 0.32720738871309707
529 0.18079279355334654
233 0.8130015631070212
671 0.17986628253563064
640 0.1127633446281261
878 0.02411237841142211
126 0.008858586827116155
152 0.17718238584741308
353 0.4436428284710826
93 0.6675593623294639
3 0.23613511474420434
4 0.4068075923922517
711 0.9387107838784047
849 0.07852372244981054
57 0.08101374901863667
72 0.9833248133534818
250 0.9683056980075301
125 0.4524075684871435
165 0.9500496373774295
880 0.5845874473157652
273 0.6110206068431897
651 0.10233278676409441
444 0.36212462214368
446 0.7890504463159869
281 0.9308722983904357
16 0.24961333208268965
62 0.6283650319597737
104 0.2291386073339502
581 0.5879597402052757
667 0.13062960446474303
752 0.7321585402028714
420 0.21671114768719968
265 0.3515544276082906
437 0.9007319392461929
307 0.7675606580853193
63 0.6448400168060474
813 0.24129769660420575
404 0.9616803888807238
974 0.4576754997924217
822 0.2672695750885653
490 0.4592486515520857
371 0.9389880239762771
571 0.10757652855038868
374 0.07938950837576175
150 0.0691276588148454
241 0.45205222457868766
396 0.14608604851706053
809 0.2584097892327464
526 0.15131322585007
944 0.6780813490704815
593 0.10978429660941658
425 0.6532943915567783
49 0.8289920243488562
255 0.6352982225535613
821 0.20313961575708317
183 0.6227242046489746
938 0.2736409926969615
948 0.6642523666079373
291 0.5242395480552112
911 0.1453300454461156
994 0.154117252031022
920 0.3272495028474014
555 0.8292381155499741
20 0.03871208318664965
6 0.7143588592319827
7 0.16444240370080676
14 0.019566635332684545
61 0.002292656323767406
953 0.6921878746332522
103 0.13087554877025132
116 0.005508780540749103
538 0.455028688915889
736 0.6670658245236359
556 0.13225484256488995
361 0.8675825701891992
848 0.9812487844194553
470 0.32186255425145904
836 0.2768247960725847
398 0.9819525669408389
222 0.6151134332741849
260 0.1337350454635824
673 0.7959979059928535
287 0.10693108896769932
656 0.8239009812460895
898 0.903952241144879
546 0.43673789270158836
600 0.994679460013848
921 0.13887421789625454
950 0.4145504244908379
931 0.2668151234251569
496 0.22355947529281694
56 0.39705579644786004
79 0.5745810407425577
337 0.29523166024191705
76 0.38133936289334136
779 0.2921677087092067
746 0.636400245602182
778 0.6801798435070101
153 0.46238533040751895
430 0.0961833825644588
657 0.37859741469169095
873 0.19403782072516607
726 0.15236820615822722
17 0.27255122957708455
33 0.060256940726606034
451 0.2711741687449206
503 0.11529795556908273
689 0.705671868528736
977 0.9070985399336358
480 0.24657691024329353
749 0.9367973403388394
837 0.21317871886071227
329 0.4697325288671128
584 0.477459205108989
654 0.0886941386405522
850 0.2908073831731506
218 0.5557758107442349
381 0.13097740859727403
663 0.12456869278442406
542 0.9450415430357785
312 0.9796987259064194
395 0.4766385744144316
428 0.857034887860891
643 0.7332575511114819
414 0.7729551281849077
347 0.35616182667154084
219 0.5831256028962002
53 0.3681461326627792
97 0.24205207722613042
604 0.5948194737964931
903 0.7014206269796324
299 0.14948014567330958
284 0.0037312343037955165
294 0.6432694151796828
812 0.9999376523903355
484 0.1353771794542794
136 0.09249028715904217
214 0.17441443250354582
768 0.23397358860959017
805 0.8098772262297126
392 0.3893667001427251
469 0.7016443124601384
524 0.35166769504827666
894 0.23392518559158026
282 0.09758533347197595
283 0.34632307799139617
85 0.9440907154297424
633 0.030707025834638246
728 0.7118104113492211
723 0.3719996461881151
522 0.9302284222911708
616 0.07717593515704879
196 0.12839596107698636
679 0.5391911436458191
489 0.41120831365083277
527 0.8734467261754945
521 0.935118562575143
206 0.5262041064340375
142 0.04712652940598183
149 0.0897067879682858
230 0.152439256044975
192 0.6189933541649182
675 0.5347537122689667
705 0.8650438257150291
745 0.4415347478273106
840 0.4151516472984156
209 0.8105134002775052
66 0.3043167729759929
429 0.30840365396194946
477 0.3497801988268857
548 0.8571375077731166
808 0.6217545365147509
80 0.3458297122177951
59 0.6982026662911441
8 0.031168847025746405
735 0.2855471185739694
408 0.6002466567328968
572 0.2972970208321567
896 0.010687771587739592
992 0.37385710606522515
739 0.5332391072524573
799 0.8492715042710594
550 0.6377424484330244
684 0.15600751298174653
506 0.5504409388595011
311 0.9091863413892112
383 0.9024811500467408
330 0.3260092528384112
94 0.8747846978964606
108 0.5751404431463377
133 2.196074274944948E-4
716 0.7193099493953168
907 0.739569960681758
315 0.20317534920354163
130 0.7392978789094227
634 0.9518777796759248
174 0.43378860803427555
253 0.970685418031389
737 0.8027270989018153
748 0.7708917144479175
554 0.6797258917123072
866 0.42413066017923917
940 0.35776036092660357
12 0.21291865495803175
34 0.10987733612667472
498 0.6765563525532995
690 0.508152617605659
876 0.42586187506312834
443 0.2726012137970162
541 0.24668690970678997
917 0.8919389557811555
984 0.8043178122141227
941 0.6901767079731254
687 0.049630673055695684
83 0.43827240652051247
579 0.3429536638245716
179 0.7878351444581372
499 0.1310293877854083
320 0.1975165861359498
497 0.4665856718762307
592 0.9074270581823719
296 0.059755535592598275
881 0.38411963176545905
478 0.11754543140639351
360 0.9575076121467757
447 0.017449251666042387
930 0.30434269595234253
308 0.7427952029553188
217 0.676117191103922
118 0.8844740091074537
9 0.6346697983468611
54 0.39226093238739734
238 0.9880398457749596
564 0.515612774327385
946 0.5021402641804418
231 0.704699838258717
512 0.27801844338720094
587 0.2952051864523253
77 0.18170791063424863
86 0.8442517951945203
693 0.5259274357975635
91 0.5294211359336581
102 0.7207485426416214
106 0.24312555899773114
733 0.5038412808059187
791 0.21879138714408053
637 0.19448688678592274
901 0.976459034307543
105 0.14239615169128594
175 0.8800428791904661
598 0.505368505178278
42 0.6202803844704963
213 0.5737983250784383
570 0.050694420390665296
632 0.26824952380264777
502 0.3870113565496678
972 0.29242648175536223
995 0.28803285272875456
787 0.17006250090796626
84 0.12136128731534523
237 0.4669547930794573
474 0.7939580621014495
989 0.29061323461644095
486 0.8284992249846107
30 0.5890165319512022
35 0.34666011930564933
382 0.0646445556378421
261 0.6313569460330096
759 0.04383453063676612
870 0.8415200402216592
943 0.9146545409596311
961 0.48416858380257766
636 0.37357941152784424
373 0.18317095488667112
597 0.25995763458878307
706 0.7971183872307712
740 0.9116040783917352
859 0.6517601624421875
479 0.24740694928883433
293 0.8516441477137654
13 0.25618055879311974
18 0.11685298158666158
45 0.4783618320671079
945 0.5203361688733376
569 0.3195865850916372
58 0.9273481740756063
148 0.3926949886599912
207 0.6726104672878701
729 0.6200267768994632
844 0.6018895358301427
596 0.28977668239126286
648 0.9775257907671102
246 0.40935585766413596
427 0.5364004564242273
156 0.6857132545646663
699 0.20411590570543858
743 0.24060666601507252
467 0.043377336181694814
707 0.7866533552352233
701 0.6529851996875917
288 0.4273036103191288
410 0.46833524720638775
833 0.4589453905369174
19 0.12258277096316605
162 0.9609560161935486
258 0.5477968649344506
349 0.839185987139459
871 0.4940018852295487
305 0.8361555459680013
963 0.9752877518457969
882 0.2183572729874076
455 0.9091049571206177
751 0.4263705286193391
215 0.9359017330912025
868 0.23874048736023512
845 0.6956719880391115
952 0.7939063269593798
117 0.9068326379420496
226 0.8211537823826933
227 0.6859080087896433
248 0.3367495157665613
452 0.9089912527106049
781 0.4649560108516292
418 0.6471171161318303
352 0.6158747673425032
354 0.3467631854074332
431 0.4702554264132951
440 0.8345452293611846
988 0.4615910646843884
359 0.12373968525023271
580 0.5658237377337155
828 0.8360846747476841
182 0.9783882502438472
659 0.06509173916881794
463 0.2222898129581785
295 0.9210700870712968
501 0.5595767320644723
531 0.5304627643178252
823 0.452506124802008
762 0.37209087654615547
628 0.3721440386616156
492 0.7836002004284776
435 0.9016621523725593
46 0.4864692471854366
82 0.7117573243283535
129 0.28001429149199575
236 0.45232568260268935
350 0.42786395710288927
585 0.4907194825770319
151 0.8317045424631879
400 0.01944858804777483
623 0.6559385826134642
365 0.8189830889981555
956 0.9387023889631064
758 0.5732418567237291
662 0.1689339693585178
741 0.5966733727811484
971 0.8817640223864115
409 0.6231889767064649
625 0.9308279345073779
692 0.11086439826435346
275 0.574158187766473
292 0.18335101875061655
624 0.33521121980017987
909 0.3709515242534761
612 0.49500504606885065
660 0.3211186539508404
112 0.5733218302594824
517 0.22687241846056627
170 0.6092968784136802
635 0.031045985271141663
481 0.6461310400230953
599 0.1602997460875646
655 0.12371498976538087
962 0.005857719565873887
996 0.13955068827637063
198 0.25702860803338323
11 0.8208300406024465
10 0.9359022431588474
25 0.3930544137892643
145 0.3412926576696137
397 0.3140980482601371
173 0.24124962254107962
413 0.28445731068761526
794 0.1928911761320108
78 0.38239541748507344
257 0.882590528481809
610 0.538364022402265
204 0.7399661521843172
669 0.1290004065694863
816 0.423679285659309
525 0.730471726139077
621 0.3129404271988103
432 0.5710770148111605
448 0.8419351094175396
485 0.32127890960775585
700 0.07996167423774792
942 0.8917890737737828
652 0.7366318323801259
609 0.19639925800882385
223 0.143089191687646
176 0.5637206975945057
357 0.47865066475373463
424 0.4370737052751902
678 0.8099165491401661
342 0.08719716795116039
777 0.9427123549130918
869 0.03224149787981667
872 0.29875296978293664
935 0.17894977831636683
912 0.8949218290831876
380 0.861635663565682
933 0.2571969654346724
586 0.08710375847713292
573 0.40877329627156456
184 0.0020274474196286807
31 0.4955023307015536
52 0.1699468713344351
101 0.6631485273431735
211 0.6507719623636906
820 0.9858742340057456
178 0.35839440747130313
185 0.3793863676023378
96 0.2994657809373149
303 0.04159180584027944
344 0.6892049805104905
904 0.749217648958476
717 0.8893447239179743
810 0.9230443330454715
714 0.1411216937123746
302 0.8391938222728834
319 0.4598234281475926
461 0.7461690238260041
954 0.7888681307192141
193 0.2894055262856037
290 0.7903537709461792
646 0.7097511333113902
900 0.16322185648895715
727 0.8316365993356957
155 0.18547578310664237
158 0.02445178652908442
468 0.9671652956871795
766 0.6252669745113779
69 0.27089727628634064
228 0.2206218515813565
906 0.4741890423775452
390 0.7318785727508664
722 0.5862533679008076
263 0.5883350714399526
269 0.08535144831608277
388 0.32453295741357424
764 0.6664730702469195
210 0.22169989371984855
694 0.377954949572473
450 0.44494319348276967
504 0.24214150700736792
710 0.4996560321300437
630 0.9623531175747386
139 0.7176127060834071
259 0.2910783527713605
895 0.4357741782647704
459 0.6486842362814004
703 0.12571913204987095
335 0.18320734492197432
834 0.07262863454574753
471 0.8697594530015109
892 0.9009594816134294
973 0.28446493532483796
786 0.4438568560096403
384 0.7640206378160466
289 0.059698761471084105
507 0.8141190580144835
500 0.7077834329497971
665 0.4086701246001955
627 0.5265528882755874
915 0.4970903398219725
914 0.5746573007878929
316 0.39554873450480454
247 0.7188215340625841
491 0.09146568009017964
697 0.8599796645133826
387 0.6802182235576638
487 0.4003366004385853
578 0.9591378311544212
798 0.783894526345
191 0.8916343904220891
70 0.7646610323934083
23 0.9405659951190024
169 0.4709900943096449
929 0.7578589644594884
552 0.352992076963793
127 0.3022175574462094
341 0.29626749815026787
375 0.9958220900368994
453 0.7774244067804363
838 0.8731328593000917
653 0.7773406864300385
888 0.2499214652089049
957 0.5612539776871793
730 0.7042369092179152
803 0.8932001588432377
718 0.9069972461152355
493 0.906887464997431
406 0.5013837676557678
438 0.613439657711683
842 0.011354628825591129
606 0.6888623354960974
732 0.03639992062031161
476 0.8762474618060145
577 0.4153268775055935
364 0.05798926223540235
379 0.44021668244768597
650 0.987071274039486
860 0.6699724767223552
229 0.6723385271215037
47 0.31231744718246124
115 0.20106864106320677
161 0.36817807084207255
509 0.9019085935633725
457 0.43249349871736376
824 0.56919672908014
144 0.6532794513260093
986 0.38357432257116875
530 0.7534819209743104
696 0.14776787089337207
785 0.5729093539169319
111 0.8005365392829847
982 0.33393828607337317
321 0.5430627195116913
774 0.36026365239546077
483 0.9705033401806377
649 0.9378693577586317
351 0.16229721306233635
159 0.1521100029267347
355 0.021334326027570905
168 0.7230317215037055
109 0.5859128552290233
27 0.3419002579334123
39 0.05671310351478431
50 0.9944518948732577
863 0.8749548826896544
846 0.7977862198457714
686 0.3648856681261763
817 0.8423026579436077
967 0.2668453127756575
688 0.5642219455431231
252 0.6347940832622779
268 0.2945800036954106
332 0.974840006994124
796 0.4015526575802598
884 0.6749412125492118
434 0.3569785563918244
51 0.03611216557312402
547 0.7754782930156664
421 0.9193474326907105
543 0.4583822928420762
200 0.3708671512956202
738 0.9782297030004964
363 0.3447011710534499
613 0.9442999769764442
802 0.7187455659041063
279 0.8358960766095638
160 0.34101627907385246
48 0.7302003243872206
67 0.16693263247655865
121 0.809168793505222
622 0.829295177535476
385 0.3073551349184246
683 0.8300379404795283
734 0.3467144510698196
949 0.8080759718534712
412 0.23448112898241047
788 0.9803063636673268
924 0.26701208329778503
399 0.6921184628384538
224 0.33000359515503885
235 0.1300532557295424
518 0.6291565843971628
266 0.4615268521673891
591 0.8012838397553185
369 0.006506570291356595
171 0.10569008268940006
188 0.765743888461928
513 0.4962303253983592
220 0.2175456875612818
668 0.8364785018569582
532 0.02712575918361615
851 0.3861121723978045
100 0.006213616120760435
765 0.8621029433895382
905 0.6721483752378703
540 0.4792708194772002
847 0.1022496031965483
666 0.900840575049737
124 0.3339621989798688
143 0.5950701748373941
356 0.7887246209870492
605 0.8549836244359357
754 0.8759470222837785
864 0.40244929537105845
800 0.8848028925995174
644 0.90328625815178
677 0.024504426911787447
358 0.03776049405718307
928 0.6329561489811812
755 0.556326543280031
801 0.8752206443298821
256 0.008371970424628339
897 0.7962334963629407
566 0.8972365416630326
639 0.7228458647812956
990 0.7426000149973324
594 0.4649548967245739
65 0.5177129380852427
107 0.6293637533885049
339 0.7789526345592269
270 0.3367719943815556
456 0.9551335626788664
770 0.21657155099446668
277 0.23920709890540814
73 0.21306339115964268
203 0.086597687810965
607 0.935845319533405
771 0.5479996530184168
617 0.9600807811784224
702 0.8820909728749137
317 0.8422839313443323
242 0.580143563761535
280 0.2557248121375727
306 0.6433484042209557
345 0.25273900022120543
189 0.4479907129011662
756 0.2174216447102213
831 0.3649866278012758
376 0.020210184242103857
558 0.9234509889637162
