
 0.532
 0.530
 0.587
 0.603
 0.606
 0.606
 0.606
 0.606
 0.606
 0.606
 0.606
 0.606
 0.606
 0.606
 0.606
 0.606
 0.606
 0.606
 0.606
 0.606
 0.606
 0.606
 0.606
 0.606
 0.606
 0.606
 0.606
 0.606
 0.606
 0.606
 0.606
 0.606
 0.606
 0.606
 0.606
 0.606
 0.606
 0.606
 0.606
 0.606
 0.606
 0.606
 0.606
 0.606
 0.606
 0.606
 0.606
 0.606
 0.606
 0.606
 0.606
 0.606
 0.606
 0.606
 0.606
 0.606
 0.606
 0.606
 0.606
 0.606
 0.606
 0.606
 0.606
 0.606
 0.606
 0.606
 0.606
 0.606
 0.606
 0.606
 0.606
 0.606
 0.606
 0.606
 0.606
 0.606
 0.606
 0.606
 0.606
 0.606
 0.606
 0.606
 0.606
 0.606
 0.606
 0.606
 0.606
 0.606
 0.606
 0.606
 0.606
 0.606
 0.606
 0.606
 0.606
 0.606
 0.606
 0.606
 0.606
 0.606
 0.606
 0.606
 0.606
 0.606
 0.606
 0.606
 0.606
 0.606
 0.606
 0.606
 0.606
 0.606
 0.606
 0.606
 0.606
 0.606
 0.606
 0.606
 0.606
 0.606
 0.606
 0.606
 0.606
 0.606
 0.606
 0.606
 0.606
 0.606
 0.606
 0.606
 0.606
 0.606
 0.606
 0.606
 0.606
 0.606
 0.606
 0.606
 0.606
 0.606
 0.606
 0.606
 0.606
 0.606
 0.606
 0.606
 0.606
 0.606
 0.606
 0.606
 0.606
 0.606
 0.606
 0.606
 0.606
 0.606
 0.606
 0.606
 0.606
 0.606
 0.606
 0.606
 0.606
 0.606
 0.606
 0.606
 0.606
 0.606
 0.606
 0.606
 0.606
 0.606
 0.606
 0.606
 0.606
 0.606
 0.606
 0.606
 0.606
 0.606
 0.606
 0.606
 0.606
 0.606
 0.606
 0.606
 0.606
 0.606
 0.606
 0.606
 0.606
 0.606
 0.606
 0.606
 0.606
 0.606
 0.606
 0.606
 0.606
 0.606

