3 45
3 35
2 46
5 53
2 39
3 53
1 39
2 40
2 38
5 37
1 45
2 48
5 40
4 36
5 39
5 43
5 49
2 42
4 50
3 41
5 60
1 40
3 45
5 34
1 34
2 44
1 40
5 49
1 45
2 38
1 57
4 47
5 44
5 40
4 52
5 40
3 33
2 34
4 49
5 35
4 31
1 47
2 41
3 37
2 41
4 40
5 43
2 44
3 48
5 43
1 45
5 42
4 30
2 33
4 44
1 35
4 44
2 40
5 57
1 45
5 50
1 43
4 45
2 35
3 44
3 40
3 38
1 45
3 41
5 37
3 53
1 57
3 44
1 47
5 40
4 43
4 38
1 33
3 45
3 56
1 46
1 61
2 41
1 40
1 42
3 40
5 43
5 33
3 51
5 42
3 46
5 46
1 38
2 40
1 43
5 51
2 33
2 38
1 32
1 39
5 49
4 48
4 32
3 39
5 41
4 40
4 42
2 36
1 41
2 33
2 51
1 38
4 37
3 40
5 49
1 45
1 42
2 45
5 31
2 40
1 43
1 53
4 54
2 43
1 47
5 47
4 44
5 44
2 28
1 37
3 36
5 32
3 40
2 54
5 43
4 39
3 41
3 38
5 41
5 31
2 45
5 38
5 49
1 53
4 49
2 29
4 38
5 44
3 37
5 39
5 37
2 37
3 34
4 37
4 48
3 40
4 38
2 42
3 58
2 36
2 34
1 38
2 35
1 42
5 42
3 41
1 43
4 55
1 35
4 38
1 48
1 44
4 48
1 33
5 42
2 35
3 47
1 34
3 50
4 55
1 41
4 33
3 36
5 37
1 24
5 49
3 40
5 45
4 33
1 32
4 39
1 39
3 41
4 44
3 43
4 47
4 49
4 40
2 43
2 49
3 42
5 36
2 40
3 37
2 43
4 43
1 41
4 55
5 46
4 47
2 40
3 39
4 38
3 33
4 43
4 46
5 37
2 25
4 41
1 28
3 45
1 45
1 50
4 34
3 42
2 38
4 38
1 54
5 46
1 34
3 49
2 39
4 37
4 42
3 27
2 40
3 45
2 41
1 47
3 39
5 38
2 39
4 39
1 26
5 48
4 39
1 48
2 32
2 51
2 32
3 51
3 41
2 43
2 38
2 40
1 32
5 41
5 29
3 42
1 46
4 50
5 37
4 30
2 34
3 44
2 40
4 41
3 55
2 35
3 39
4 42
3 41
3 51
5 32
1 37
3 53
1 35
4 42
3 43
1 38
2 42
4 36
2 41
3 43
5 42
1 45
3 49
4 36
2 35
5 48
3 32
3 49
2 41
3 40
1 39
5 43
3 46
4 53
1 43
3 44
2 40
5 45
4 36
3 40
5 54
1 35
3 35
5 31
1 53
3 47
2 48
4 52
5 45
4 43
4 40
2 37
3 43
4 33
2 40
5 46
2 48
1 45
1 39
1 44
4 37
2 46
3 49
4 39
2 42
4 32
3 43
2 47
5 46
3 47
5 29
3 34
5 49
5 46
3 51
4 49
1 30
5 43
3 52
3 47
5 43
5 38
3 31
3 50
3 41
4 34
5 52
4 29
2 45
2 34
4 32
1 37
1 50
5 50
2 49
1 36
1 38
5 36
5 40
4 50
2 48
2 39
5 32
3 56
4 50
4 44
1 44
4 45
4 44
2 36
1 50
4 41
2 38
3 39
1 40
1 31
2 23
4 46
2 46
2 52
3 34
1 30
1 37
5 44
1 46
1 47
5 42
4 43
1 47
3 53
1 35
2 34
1 37
1 30
2 37
5 42
4 36
4 39
3 31
1 52
2 38
3 51
2 42
1 50
3 50
5 41
2 48
1 37
4 42
1 43
3 40
1 38
1 45
3 38
3 43
5 46
3 44
1 29
3 44
1 57
5 41
1 44
2 41
5 38
5 48
5 42
2 52
3 42
1 39
5 35
2 39
3 38
3 38
2 50
4 52
1 42
1 36
3 41
4 43
5 42
4 42
1 52
2 39
2 48
5 43
4 31
2 49
2 51
4 48
2 40
1 44
3 59
2 46
4 41
5 54
5 41
4 30
1 31
5 47
3 45
5 30
4 44
4 44
3 44
5 52
2 32
4 50
3 25
1 56
3 55
4 37
3 39
2 44
4 42
2 47
4 37
3 34
1 46
5 38
4 35
5 34
3 47
3 55
4 45
5 49
1 39
5 40
4 48
3 50
1 33
3 41
4 37
5 44
3 44
3 44
1 50
2 41
2 28
5 40
1 54
4 51
1 41
2 37
2 42
4 44
3 49
2 31
2 55
2 45
1 44
2 49
2 38
1 39
4 35
1 45
4 48
4 37
3 49
4 42
4 38
1 41
1 37
1 37
5 55
1 41
1 54
4 31
3 45
2 41
2 33
3 57
3 42
4 41
1 33
1 55
5 47
1 41
1 31
5 43
5 38
1 40
3 41
2 48
2 53
3 47
3 44
3 41
2 58
1 55
3 50
4 38
3 35
4 34
4 38
2 49
1 48
2 39
3 57
5 49
1 46
1 47
2 40
5 39
3 34
2 38
4 44
1 47
5 42
1 43
5 43
4 39
1 32
4 38
3 43
3 34
1 36
4 41
5 46
1 45
2 48
3 46
1 30
4 40
3 37
2 47
2 33
3 50
4 36
4 42
3 41
4 45
3 46
1 41
3 50
2 57
4 47
5 40
5 44
3 47
5 40
1 34
5 46
5 42
3 39
3 48
5 57
5 41
3 44
4 41
5 43
5 37
5 35
3 41
3 46
2 33
3 35
5 36
3 49
4 47
2 42
2 53
3 46
4 36
5 43
2 29
3 33
3 41
3 39
2 50
2 45
5 40
2 34
3 34
4 44
4 51
2 43
5 57
5 45
3 35
2 40
2 44
3 33
3 32
3 33
2 38
5 37
3 58
1 37
2 45
2 42
2 36
5 33
5 35
4 38
2 49
1 43
5 41
3 38
3 48
1 41
2 37
3 47
1 40
2 41
1 54
3 48
2 44
1 33
2 39
2 50
1 31
1 44
5 53
5 43
1 41
1 40
5 33
2 41
4 38
5 54
4 51
2 40
1 36
1 42
5 59
1 43
1 35
2 44
2 27
3 40
4 37
4 49
3 35
2 44
1 53
1 46
4 43
2 48
5 36
4 41
5 49
5 43
3 55
5 43
2 46
5 45
2 43
3 35
1 35
5 43
1 34
4 50
3 45
3 39
4 39
3 47
3 45
5 48
4 51
4 38
3 47
5 44
3 39
5 46
3 33
4 52
5 46
3 38
1 43
3 42
5 37
5 52
4 46
5 46
4 50
1 36
4 34
5 36
1 43
3 36
4 37
4 46
5 64
5 34
3 39
4 46
3 35
5 35
4 42
3 44
4 39
2 36
4 32
3 36
1 36
2 51
5 51
4 43
3 47
1 34
1 46
3 45
1 44
2 43
5 39
4 56
1 40
1 36
4 39
3 38
1 24
3 39
5 44
5 43
5 37
3 37
4 44
5 37
5 46
2 29
4 37
2 39
3 41
3 46
2 37
4 40
1 43
1 35
2 45
3 44
5 48
4 24
1 37
4 44
2 55
5 52
4 37
3 43
2 34
2 44
1 45
3 43
2 46
5 37
1 41
3 40
5 32
1 31
4 57
2 39
3 47
3 31
1 28
2 42
2 30
3 39
5 36
1 57
2 46
2 44
4 34
5 36
5 37
4 47
1 28
2 37
3 37
3 42
2 41
2 43
5 29
1 44
3 44
5 46
1 43
5 40
2 49
1 42
2 58
2 35
5 44
2 45
3 41
5 44
4 44
1 38
2 45
2 52
3 39
3 42
5 46
4 39
5 46
5 50
4 41
1 45
5 43
4 42
3 41
3 38
2 44
5 31
5 41
5 36
5 34
3 29
5 44
2 42
2 46
3 43
2 37
4 37
3 47
3 46
3 39
3 47
3 31
4 38
1 48
3 48
3 40
5 57
2 51
5 35
3 44
5 52
2 45
4 41
3 36
2 42
5 33
4 33
1 62
4 53
2 46
1 40
4 33
3 49
3 52
1 50
2 37
4 38
4 36
5 38
4 46
1 49
5 47
5 47
1 35
5 42
2 35
3 52
3 45
1 38
5 42
3 43
2 37
4 45
4 48
4 36
5 45
2 37
3 49
5 39
4 45
2 29
1 51
2 28
5 50
5 43
2 48
4 38
4 57
3 50
1 45
3 35
4 53
2 34
4 43
4 40
3 49
4 26
3 43
1 39
5 44
5 35
1 49
1 44
2 28
2 39
2 37
5 40
1 40
2 50
2 43
4 34
4 50
1 36
2 45
3 46
2 37
1 38
2 31
3 57
4 44
1 38
5 37
5 60
4 40
4 50
1 37
1 43
3 40
3 48
4 50
2 47
4 41
2 30
2 43
3 38
1 48
5 34
1 41
1 58
2 41
4 51
4 40
3 38
5 45
3 32
3 56
4 43
2 46
3 43
3 31
1 42
1 29
5 34
2 33
2 30
5 41
4 29
2 43
2 38
3 46
4 38
2 50
3 37
3 39
4 49
1 41
4 41
1 45
1 45
5 39
1 37
5 40
5 51
5 41
1 44
3 48
4 44
5 41
5 37
2 43
1 44
5 39
1 35
2 44
2 61
4 35
3 44
4 43
1 41
5 30
3 43
4 50
5 42
2 39
1 45
1 47
1 37
1 30
2 35
1 59
4 41
2 36
5 37
4 33
5 49
5 43
2 38
5 43
3 45
3 39
4 33
3 44
2 36
5 48
5 47
3 44
3 46
3 34
2 43
3 47
5 59
4 45
1 58
3 41
5 45
2 37
1 46
2 56
4 39
3 39
1 42
2 32
3 37
3 48
2 35
1 43
2 34
2 50
4 44
5 34
1 35
2 33
3 31
4 43
3 37
2 45
4 52
3 46
5 33
1 35
1 35
3 53
2 39
2 38
4 43
5 38
3 41
1 42
2 45
4 36
5 46
1 36
5 35
1 40
4 37
5 45
3 42
1 35
3 47
5 46
3 36
2 46
3 33
4 47
2 24
3 32
1 41
1 43
4 51
4 37
1 45
2 33
3 42
1 43
3 57
2 38
1 49
1 47
3 46
4 51
3 43
3 47
2 35
3 34
2 40
1 31
2 39
2 50
1 45
5 41
1 46
1 37
1 54
2 41
5 37
3 41
1 41
1 45
2 46
4 36
3 44
4 47
3 46
3 34
1 34
4 44
5 32
3 38
4 50
2 51
5 39
2 32
5 49
2 54
1 41
3 34
3 38
5 32
1 46
5 42
5 43
4 35
1 39
5 50
2 46
5 30
4 35
5 43
5 42
4 52
2 42
1 43
1 42
1 43
2 37
2 45
5 50
5 31
2 36
5 46
1 40
4 40
1 40
2 42
5 37
2 39
2 54
4 41
2 49
1 47
2 47
5 43
2 46
5 32
5 43
3 44
1 50
3 48
1 52
1 45
2 33
1 41
2 39
3 34
4 27
3 47
3 41
3 39
2 45
4 45
3 44
1 46
3 26
2 45
5 42
4 34
4 34
5 40
5 43
5 40
4 38
2 46
4 51
5 45
1 40
1 41
3 39
3 41
5 44
1 42
3 42
1 37
3 29
2 32
3 37
4 35
2 49
5 38
5 57
4 44
1 41
1 46
3 42
1 42
5 39
1 34
1 51
3 46
1 52
3 33
3 42
5 51
3 46
4 44
2 36
5 47
5 41
4 36
1 35
2 30
2 36
1 45
2 44
5 32
5 47
1 40
4 36
4 33
2 48
1 54
1 36
4 32
1 40
1 24
1 44
3 42
4 45
2 42
3 44
1 37
4 49
4 42
2 33
5 42
2 36
5 43
2 43
3 52
1 55
2 46
2 49
5 39
5 50
2 41
3 38
5 47
2 30
2 40
3 47
4 40
4 49
5 37
1 57
2 39
3 42
2 41
2 34
2 61
1 44
4 42
1 42
1 44
4 37
4 44
4 50
2 46
3 42
3 38
4 48
4 38
4 39
4 38
3 42
3 39
5 35
3 42
4 51
3 46
1 43
3 29
4 41
2 40
2 45
2 39
3 43
1 51
5 42
4 45
1 48
5 33
4 43
4 37
5 44
4 36
4 40
2 55
3 31
5 47
2 47
5 43
4 29
2 44
2 40
4 52
4 38
5 33
4 54
5 37
3 38
4 42
2 40
3 38
1 42
2 54
5 56
2 42
5 48
5 30
2 53
4 47
2 46
2 40
1 42
2 40
1 51
3 43
2 34
3 58
1 48
1 34
4 33
3 44
1 27
3 30
5 35
3 35
3 36
5 48
5 50
3 42
4 46
2 42
1 44
2 49
1 44
3 40
1 39
5 48
4 43
2 40
5 40
2 41
4 41
2 48
5 42
2 50
4 47
5 42
3 45
4 45
5 37
4 55
2 31
2 50
5 44
4 47
4 50
1 40
1 39
4 64
3 39
3 32
4 43
3 47
1 31
5 39
2 32
1 42
1 48
1 36
5 37
3 44
2 43
1 35
1 34
2 47
3 47
1 46
2 38
1 46
4 47
5 37
3 34
3 56
2 42
1 40
5 57
1 38
5 42
4 50
3 35
3 45
2 41
4 39
1 40
4 48
1 45
4 45
5 35
5 40
3 46
3 38
5 31
3 47
5 45
4 45
1 49
5 45
2 47
5 33
4 43
4 42
5 39
5 36
5 30
2 28
1 37
4 48
1 33
4 52
1 37
1 34
4 32
2 51
5 37
1 45
1 37
4 36
4 45
3 37
4 44
2 41
5 49
4 33
2 37
5 27
1 46
5 31
4 51
3 44
2 30
3 25
4 44
4 33
2 36
2 43
2 44
5 38
1 43
1 49
1 50
1 48
1 45
3 50
1 38
3 44
4 38
1 51
5 46
3 47
2 40
5 39
4 44
3 42
3 38
5 37
4 59
1 35
3 44
4 35
3 42
4 43
4 46
5 45
2 37
4 46
4 46
2 46
1 46
4 36
1 43
3 45
2 51
1 42
1 52
1 57
1 45
3 37
3 42
5 56
5 54
3 40
4 28
3 40
4 46
4 40
1 37
1 34
2 39
1 42
2 42
2 32
5 46
1 39
4 42
5 52
1 48
5 45
2 28
3 40
1 55
3 43
3 53
3 43
1 36
4 50
2 29
2 46
4 44
1 49
2 31
5 41
5 41
5 35
4 54
4 38
4 33
5 33
1 49
4 34
4 43
1 41
2 47
5 44
4 54
3 52
3 50
3 39
4 40
1 41
4 45
5 41
4 43
5 34
2 35
3 42
4 45
4 44
3 36
5 48
1 37
1 45
3 36
2 45
3 31
5 38
1 33
3 47
2 50
2 36
1 40
5 43
4 49
5 45
5 43
5 42
5 42
3 43
5 47
3 45
4 47
4 40
2 44
1 45
1 30
4 43
2 43
2 38
2 26
3 37
1 34
4 45
4 50
4 39
2 34
1 51
5 36
4 33
4 41
2 43
4 42
3 43
1 54
5 44
2 48
5 32
3 47
4 45
4 42
3 36
1 50
4 22
1 49
2 51
1 42
1 50
4 45
5 50
3 40
5 38
1 49
1 49
4 62
5 36
1 44
5 45
1 37
3 33
5 52
2 36
2 42
5 48
2 42
4 41
4 31
2 41
2 41
2 40
2 33
4 37
1 39
2 41
3 41
3 39
2 56
5 39
1 41
1 36
2 41
3 35
4 43
5 47
1 38
5 40
2 36
3 56
5 53
3 45
1 41
4 44
2 40
3 40
5 56
3 48
4 53
5 43
3 34
3 52
3 43
3 26
2 35
1 45
3 36
2 34
2 32
1 40
1 42
2 39
1 42
1 40
3 38
5 35
5 44
3 34
5 26
3 36
2 42
3 36
3 40
3 41
4 43
5 58
2 49
5 45
2 47
1 40
4 31
4 44
3 43
4 34
4 33
5 38
3 37
5 37
5 44
1 39
4 48
4 34
4 41
1 30
5 50
4 41
1 35
5 38
4 30
4 33
1 42
3 38
1 28
1 54
3 42
1 52
4 36
2 46
3 40
3 52
1 38
5 34
1 38
4 41
1 46
1 49
4 46
2 37
4 28
3 37
5 48
4 42
2 39
5 34
2 37
2 46
4 28
5 50
2 49
3 44
3 36
4 39
2 33
5 54
5 37
5 51
2 44
4 37
3 44
5 47
2 38
5 35
5 47
4 44
1 35
1 39
3 46
1 57
5 44
1 47
5 36
5 45
2 33
5 39
5 40
1 48
2 39
5 48
1 36
3 44
1 40
4 44
2 47
1 43
2 38
1 45
2 58
3 39
4 57
2 38
5 29
4 30
5 44
5 42
2 32
5 49
5 35
2 55
1 41
5 46
2 33
5 40
2 33
3 46
4 39
1 32
5 38
1 45
2 48
1 43
3 42
2 38
1 34
3 42
3 46
4 46
3 49
4 44
1 45
5 39
1 46
2 42
5 35
2 42
3 35
3 26
2 35
1 46
5 56
2 41
1 37
3 44
4 47
5 41
2 41
3 57
4 37
1 35
2 40
3 51
5 50
5 40
5 36
4 43
1 31
3 38
5 38
3 35
5 39
3 45
4 43
4 42
2 51
4 53
4 46
3 41
1 42
1 42
2 40
2 37
3 40
2 39
4 30
5 27
5 39
2 37
2 46
1 25
3 39
5 40
3 46
4 30
1 35
5 51
3 43
4 45
1 45
4 50
2 38
2 39
1 33
1 49
2 45
1 37
4 52
2 37
1 39
2 49
2 48
3 48
3 44
2 46
4 43
3 30
4 38
4 41
2 40
2 39
5 37
2 53
1 51
5 48
5 53
3 52
2 43
1 40
3 36
4 42
2 38
5 52
4 34
3 38
3 38
1 37
4 38
1 43
3 47
5 41
3 41
5 44
2 31
5 49
2 42
1 40
5 49
1 42
5 37
4 43
2 43
5 42
2 45
2 41
5 46
3 48
5 43
2 33
1 36
1 42
2 38
3 54
5 36
5 34
2 50
1 38
4 40
5 44
3 49
5 41
5 44
4 42
5 40
4 44
2 35
4 42
5 36
4 38
1 53
2 55
5 42
3 42
4 44
4 39
5 44
5 40
5 39
3 39
3 37
4 33
2 57
3 43
3 35
5 47
3 44
1 42
2 42
5 48
3 47
1 34
2 59
5 51
4 47
4 50
5 31
1 38
5 43
5 43
3 43
2 37
5 41
5 39
2 27
4 43
5 27
4 36
1 23
3 42
2 57
5 43
5 52
4 42
2 47
3 44
3 63
4 54
5 28
1 42
5 49
4 50
5 55
1 43
3 44
1 53
3 49
3 43
3 49
3 49
4 40
2 40
2 41
4 43
3 46
1 45
3 38
3 37
2 47
2 49
1 60
2 44
3 40
2 39
4 53
4 52
1 41
1 35
2 48
5 46
4 49
3 36
3 36
1 41
2 40
3 36
3 37
1 46
5 35
2 43
5 45
5 55
4 42
1 35
3 33
4 51
3 34
2 41
3 42
5 46
2 47
4 33
5 35
3 48
3 35
4 40
4 48
5 35
5 36
1 45
4 49
4 36
4 37
1 58
2 41
3 55
2 33
1 44
5 31
5 38
3 49
4 45
2 44
2 33
3 39
5 48
1 36
5 50
2 53
2 35
4 49
5 42
4 44
3 38
5 39
5 32
1 39
5 38
5 39
4 46
2 37
4 38
4 46
4 48
5 32
4 44
1 41
5 37
1 46
3 35
2 35
4 56
4 45
2 41
1 40
4 36
2 46
5 54
2 34
5 41
2 53
2 40
3 43
4 39
5 45
2 39
5 47
3 29
5 45
4 48
5 38
5 39
5 42
1 37
2 46
5 37
5 32
4 38
2 61
4 40
1 36
1 33
4 25
2 45
4 39
4 51
5 36
5 43
2 44
5 39
5 33
3 51
1 45
3 40
2 64
1 45
4 43
3 38
1 38
2 47
1 36
1 47
2 35
5 42
2 43
1 41
4 46
4 43
2 43
1 39
3 46
5 35
4 24
4 40
3 49
2 42
1 41
4 32
4 41
3 54
3 44
3 33
1 44
3 40
1 26
5 46
2 39
3 38
1 39
2 38
4 41
2 32
1 32
5 34
4 47
4 41
2 39
5 39
2 49
5 48
4 46
3 37
1 48
5 31
3 50
5 44
3 47
4 31
5 42
5 56
3 44
2 55
1 47
4 39
4 45
2 34
5 37
5 34
2 43
5 43
2 46
4 45
1 46
1 35
4 40
3 40
1 43
2 43
2 47
2 37
2 40
1 44
1 43
3 46
5 28
1 33
1 44
2 40
1 36
3 38
3 46
1 31
2 48
2 39
5 40
4 44
5 60
5 39
2 49
2 51
2 39
4 45
5 54
2 44
3 36
4 40
4 38
4 40
2 43
3 43
3 45
5 47
3 25
4 36
2 31
5 32
4 53
1 47
1 34
2 35
3 42
2 47
5 46
4 37
5 37
2 48
1 31
2 39
2 43
2 47
1 40
3 50
2 42
2 45
4 37
5 41
3 45
3 38
2 39
3 32
4 44
1 45
1 40
2 42
5 57
3 24
1 40
4 43
2 48
4 37
1 34
4 49
1 39
2 33
2 44
5 44
1 42
3 33
5 37
1 37
5 47
3 49
1 51
4 42
2 51
4 37
2 43
4 30
1 44
5 37
1 46
5 52
4 41
4 45
4 44
4 52
2 35
1 52
2 40
2 40
5 34
4 41
5 49
5 37
4 40
5 45
3 40
1 42
5 38
4 45
4 38
4 38
5 34
3 42
5 40
2 47
3 58
5 50
5 35
2 51
5 47
2 31
3 45
1 38
1 61
3 46
5 39
5 46
3 43
2 35
5 50
2 46
5 50
5 43
3 36
2 41
5 45
5 30
5 51
4 50
3 40
1 32
2 40
1 47
1 46
2 54
5 43
2 44
4 55
3 45
1 45
1 46
3 44
3 35
5 46
5 41
1 42
1 40
1 42
1 48
1 41
1 43
3 51
2 47
1 46
4 44
5 49
3 44
1 32
2 47
2 45
2 46
2 35
4 44
2 38
5 42
1 39
2 32
3 50
1 40
3 29
1 47
4 42
2 46
1 39
2 52
2 41
4 42
1 31
2 46
2 43
4 30
5 39
4 35
1 45
2 42
1 28
4 46
5 37
2 39
4 36
5 36
1 33
3 53
5 39
1 52
2 49
4 44
2 39
2 33
5 39
2 38
3 38
3 32
2 31
5 48
5 52
5 53
3 38
3 51
4 44
1 36
2 37
1 37
1 47
5 40
1 36
3 43
4 39
3 44
1 48
4 42
1 41
1 40
3 39
5 35
1 51
4 44
5 38
5 37
4 51
4 52
1 48
1 48
2 47
5 46
3 41
4 49
4 36
4 39
4 51
1 46
3 45
4 38
5 44
1 43
3 42
3 38
3 43
5 39
4 33
4 44
2 45
4 42
3 48
1 42
3 43
5 31
2 48
2 57
1 37
3 53
2 36
5 44
1 49
5 32
1 32
3 39
5 40
1 42
3 43
4 41
2 35
4 48
3 41
5 47
5 42
4 32
2 42
5 56
4 43
1 38
2 48
5 49
2 47
1 48
3 52
1 43
1 37
1 42
4 41
1 47
4 42
1 35
2 50
1 45
3 40
1 47
1 37
3 43
3 42
2 47
4 43
1 42
2 40
4 37
5 46
2 45
2 46
4 37
2 39
4 40
2 45
2 40
2 51
3 47
3 42
2 43
5 44
2 39
1 39
1 31
3 42
2 35
4 38
4 44
5 49
4 33
5 49
4 42
2 37
4 51
3 43
1 32
4 53
5 32
5 44
1 38
5 49
2 43
1 46
3 30
5 43
2 43
1 56
5 45
2 43
3 52
2 51
2 49
5 34
2 47
1 50
2 39
4 34
1 43
1 35
2 50
3 46
4 42
4 46
5 39
1 40
2 49
4 50
4 52
2 49
1 43
5 48
2 44
5 39
2 41
2 27
1 34
3 36
2 39
1 45
5 44
4 45
4 33
2 45
3 51
5 44
3 41
3 40
3 43
4 35
3 47
2 34
4 45
5 39
4 46
2 45
3 35
4 40
4 39
1 46
4 40
5 38
1 52
1 53
4 51
3 40
4 54
4 52
5 43
2 41
3 36
5 48
4 48
5 41
3 35
1 49
1 41
3 55
5 52
4 48
1 42
3 35
1 40
2 38
2 48
1 41
4 31
4 40
2 42
2 43
1 40
4 41
1 49
4 47
4 54
4 47
5 39
5 35
5 45
2 47
1 42
3 40
3 48
5 35
4 35
2 37
2 49
2 44
4 36
4 49
1 43
4 44
2 34
1 33
5 54
5 39
4 35
1 42
2 40
1 44
1 40
1 39
2 47
5 43
1 40
1 37
5 39
4 36
1 39
2 51
4 42
3 41
1 45
5 45
1 45
1 39
3 37
4 40
1 41
4 44
4 53
4 45
5 39
4 46
3 40
1 58
5 38
3 57
2 37
5 42
5 47
1 39
4 39
5 50
2 45
3 38
4 48
2 44
4 44
3 40
5 43
3 43
5 27
1 48
5 36
4 37
1 43
3 37
4 29
1 39
2 43
1 47
3 40
3 40
3 40
5 38
1 46
4 30
1 36
2 49
1 41
3 44
3 39
3 47
1 49
3 34
5 45
5 39
3 32
2 50
1 38
1 41
4 36
2 41
1 39
1 56
1 40
2 47
4 51
3 44
5 31
4 44
2 43
5 31
3 41
2 39
2 37
4 41
4 40
2 33
3 47
4 34
1 54
3 49
2 37
1 39
2 37
5 52
5 42
2 38
1 38
1 28
2 52
3 45
4 32
3 45
4 48
2 43
1 38
4 48
1 57
3 42
2 56
2 44
4 40
1 49
2 31
1 42
2 42
1 55
5 38
3 52
2 43
1 32
4 49
5 38
4 35
2 50
4 54
3 37
4 40
3 44
2 39
2 34
4 38
1 43
4 37
2 47
1 41
2 37
5 33
1 49
4 51
4 30
3 39
5 45
3 39
1 40
4 35
2 41
1 37
3 47
5 47
1 40
1 33
4 47
2 49
1 34
1 55
5 40
2 38
5 30
2 37
4 39
1 44
5 46
1 33
4 47
2 24
5 51
5 44
4 36
2 39
4 44
5 45
2 38
1 49
1 34
4 35
3 48
2 35
4 50
1 44
4 37
4 43
5 48
2 38
4 41
1 41
4 50
5 48
5 37
2 50
2 37
1 45
5 39
5 39
3 38
3 32
3 47
1 28
4 32
5 45
5 42
5 48
1 38
5 38
3 41
4 50
4 41
5 45
3 37
1 35
2 43
2 41
5 45
3 53
2 50
1 38
3 34
5 43
3 41
4 38
3 45
1 44
2 45
3 33
5 27
5 57
2 31
2 56
5 49
2 44
5 30
1 58
2 37
2 33
3 34
1 36
4 39
1 38
1 46
2 48
3 37
2 44
3 46
3 38
5 39
5 37
5 42
2 43
5 42
3 35
1 36
5 30
4 48
4 48
3 47
5 48
2 43
2 53
2 30
1 49
5 37
3 40
2 45
5 40
4 38
3 42
3 43
4 40
2 53
4 51
5 49
2 47
3 55
2 46
5 39
2 45
1 43
1 42
5 39
1 41
3 45
1 50
3 49
5 37
1 52
5 34
2 40
1 53
3 40
2 35
5 43
3 43
2 48
3 53
1 41
5 50
3 48
3 32
3 42
4 40
2 58
2 41
5 47
1 26
3 44
3 36
3 54
1 48
3 40
5 54
1 42
5 42
1 39
3 37
4 37
4 44
4 44
5 40
3 47
3 39
1 36
1 40
1 44
1 37
4 34
2 37
3 50
4 40
5 44
3 48
4 53
2 50
4 41
5 45
2 32
1 45
5 33
3 40
5 40
5 52
5 41
5 40
3 35
3 49
2 43
1 39
5 34
1 44
3 37
3 41
1 50
2 36
5 34
1 40
1 38
2 41
2 43
1 33
2 37
3 49
1 32
2 38
3 44
3 33
3 47
3 38
2 42
2 36
1 48
5 33
3 44
2 49
4 43
5 47
4 37
1 42
3 42
5 50
1 41
2 38
3 50
3 53
2 55
2 41
4 42
5 38
4 39
2 36
5 29
2 39
4 40
4 38
2 32
2 40
3 37
5 43
5 47
1 45
2 35
5 42
3 32
2 40
1 43
4 38
2 36
2 41
5 43
1 39
3 44
4 44
2 41
2 40
5 36
5 51
2 49
3 39
1 46
5 43
5 38
2 44
2 43
5 37
5 49
4 46
1 47
5 43
4 52
4 41
4 44
5 39
2 45
4 42
4 47
5 41
5 48
4 41
4 36
3 35
1 32
2 35
5 41
2 46
3 55
4 48
5 38
1 57
5 39
1 43
4 45
1 35
1 44
5 38
4 37
4 44
5 41
2 41
1 47
4 33
4 48
3 38
1 58
1 45
2 36
1 30
2 46
5 32
5 46
5 47
3 40
3 40
2 46
2 47
2 42
3 34
5 44
4 50
3 43
5 51
2 43
4 40
1 43
3 45
1 36
2 40
2 41
3 38
1 46
4 39
1 52
2 40
1 30
2 32
1 30
2 31
2 49
5 48
3 41
1 54
3 44
2 27
5 45
5 47
3 35
5 41
3 43
4 42
5 41
2 40
5 38
2 46
5 43
2 51
4 36
3 45
5 46
4 46
5 59
3 45
2 33
5 52
1 40
3 36
2 48
1 48
5 47
2 45
4 50
4 40
1 43
3 48
1 41
4 43
5 39
4 42
1 47
3 28
1 41
2 34
4 43
3 35
4 45
4 40
4 36
1 36
1 50
5 41
2 56
2 39
5 51
4 35
2 49
5 54
2 43
4 46
5 46
5 35
5 42
5 43
3 51
5 40
2 57
3 42
4 46
3 39
1 36
2 46
3 36
5 48
2 43
5 39
2 45
4 38
2 21
2 51
4 49
5 42
1 49
1 42
3 48
3 39
3 47
1 34
2 39
5 50
4 35
1 35
3 32
3 46
4 49
5 41
4 32
2 40
4 40
5 44
2 49
1 32
2 42
2 45
2 47
5 45
4 39
5 41
5 33
5 40
3 52
2 45
1 43
4 43
5 50
5 39
5 52
4 47
2 39
1 47
3 40
2 34
1 35
4 34
2 30
1 40
3 52
2 28
2 44
5 38
5 42
1 39
1 42
4 43
5 35
4 55
4 43
1 45
5 42
3 37
3 48
4 42
4 47
5 38
2 39
2 52
2 38
5 30
1 37
5 41
2 45
4 42
4 42
1 39
4 49
5 54
2 44
1 46
4 40
5 40
4 41
3 47
5 44
4 46
4 38
2 48
5 41
3 29
4 51
5 49
5 51
1 45
5 41
2 38
4 41
3 53
4 43
5 39
2 48
2 29
3 39
2 50
3 37
4 45
1 46
1 41
2 37
3 40
4 47
2 49
1 37
2 29
3 35
1 39
3 46
5 45
5 45
3 38
4 44
1 47
3 35
2 35
2 44
5 32
5 44
1 48
3 46
5 49
1 45
4 46
3 36
4 39
1 49
5 32
1 39
3 36
3 34
2 43
3 31
3 49
2 45
3 42
1 39
2 31
5 36
4 53
4 50
1 43
1 45
4 41
1 47
5 35
5 35
4 45
4 37
2 32
5 37
3 46
5 43
2 35
5 49
1 32
3 43
2 45
2 54
4 37
3 42
2 42
5 37
5 40
5 46
3 46
2 52
1 55
2 44
4 48
1 31
1 40
4 41
2 39
4 47
5 45
5 49
5 50
1 49
1 51
2 44
5 55
2 52
1 52
4 46
3 37
5 35
5 30
1 42
5 29
2 39
2 37
5 54
4 51
3 32
3 40
3 50
2 48
4 33
2 38
5 47
1 40
1 36
3 43
5 47
4 42
1 37
1 54
4 41
3 41
3 44
4 32
5 42
3 49
5 42
5 50
2 40
4 47
5 44
3 51
4 41
3 48
2 44
1 40
3 43
5 50
3 43
4 39
4 57
1 43
2 49
2 51
2 44
2 37
4 35
5 33
2 54
1 47
1 41
2 24
2 44
2 36
3 38
2 33
3 38
1 45
5 53
4 41
2 35
2 38
4 42
4 37
1 53
2 34
1 44
5 39
3 39
3 36
4 38
2 42
4 45
2 40
2 38
5 41
3 41
5 40
1 41
4 43
4 40
2 41
5 27
1 46
3 30
1 55
3 31
2 36
5 39
5 40
1 32
2 39
5 47
4 48
5 38
1 44
3 51
3 43
4 45
3 39
2 40
1 29
4 41
1 41
3 49
4 47
3 51
1 47
1 40
2 29
1 35
1 40
2 46
5 57
3 32
2 39
2 47
3 33
4 40
5 50
3 40
4 40
2 57
4 36
1 38
5 37
1 37
5 45
1 36
4 35
1 43
3 43
4 40
3 47
5 41
4 38
2 36
1 47
5 42
3 34
4 35
4 45
2 43
3 42
3 42
3 52
1 39
1 37
5 41
1 46
4 31
4 41
1 43
3 48
3 32
2 44
2 46
5 34
4 40
3 53
4 40
4 36
1 41
4 42
4 37
5 47
1 50
1 48
1 36
2 49
4 43
5 41
2 35
1 44
1 34
2 34
4 33
2 39
3 40
2 34
1 47
2 34
1 39
5 46
4 43
1 42
5 52
1 54
4 41
5 40
1 38
2 34
5 38
5 47
4 30
3 38
5 35
2 40
4 42
2 40
5 43
1 39
5 36
4 45
2 49
3 39
5 42
1 39
3 59
3 34
5 50
4 32
2 52
1 40
1 48
5 51
4 44
3 42
3 50
3 38
1 44
1 45
4 66
1 41
3 46
1 49
5 37
5 48
1 46
3 46
1 45
1 48
2 38
3 46
5 44
1 39
5 37
3 43
2 55
5 42
3 47
1 51
5 42
5 39
5 43
2 36
4 40
2 47
5 42
2 35
3 43
1 43
4 43
3 44
2 47
4 40
2 41
3 52
5 42
1 52
2 45
4 34
5 47
2 42
3 42
2 36
4 44
1 42
3 37
1 43
5 47
3 37
4 30
2 45
3 43
2 42
3 50
1 43
4 40
1 40
4 47
1 46
5 40
5 37
5 37
5 54
4 29
5 55
1 53
2 31
1 53
2 39
4 49
2 44
2 44
4 40
5 51
2 35
4 48
1 36
2 35
1 40
3 36
5 46
2 43
2 37
2 55
5 44
2 46
4 51
1 36
2 53
1 40
5 32
2 31
4 42
5 44
4 38
1 38
1 38
2 31
2 36
5 42
4 43
2 29
2 41
3 51
3 42
5 41
2 38
1 59
3 45
1 46
1 32
5 31
4 49
4 46
5 46
2 49
1 43
2 38
5 46
5 49
5 39
2 47
2 58
2 45
1 43
5 38
2 53
5 43
2 41
5 30
5 41
4 48
2 50
5 46
4 34
3 36
3 47
4 34
1 33
1 49
4 35
5 38
2 34
2 30
2 49
1 51
5 54
2 39
5 54
1 49
1 38
1 46
3 35
2 42
2 42
2 44
4 39
2 38
3 42
4 40
3 35
1 38
4 35
5 44
3 37
3 44
5 36
4 50
3 30
1 48
4 37
3 47
2 52
4 45
4 26
1 40
4 46
5 56
2 42
4 36
3 42
1 47
1 43
2 48
3 38
3 54
2 41
5 36
4 33
1 44
2 50
4 42
2 44
4 48
5 33
1 62
5 47
2 47
4 36
5 50
1 36
4 44
2 50
5 34
2 49
2 48
4 41
5 45
4 47
5 45
1 36
5 44
5 48
4 39
1 45
2 42
5 36
5 37
3 49
1 42
2 43
5 41
4 50
5 51
1 33
2 50
1 46
3 43
2 47
4 37
3 40
4 31
1 51
3 37
2 44
2 51
3 36
5 40
4 42
5 44
1 37
4 28
3 31
3 49
5 35
1 37
3 53
4 60
2 49
3 39
4 34
2 51
2 44
5 43
4 40
4 32
3 44
3 40
2 41
1 44
3 42
3 42
1 50
3 40
2 39
2 30
1 44
4 40
2 37
1 41
3 48
1 44
1 42
4 39
3 30
3 46
5 40
4 36
5 40
2 40
1 47
3 43
1 45
1 46
5 44
1 51
3 48
3 39
2 47
5 48
2 49
5 35
4 47
3 43
1 50
2 48
3 36
4 44
2 38
3 55
3 35
2 36
2 42
1 43
1 40
1 40
5 50
1 58
3 55
1 41
1 40
1 35
4 34
5 36
2 35
1 39
2 41
2 39
2 38
4 50
2 41
3 40
4 54
4 45
1 51
3 50
4 34
1 45
4 54
2 38
5 52
5 56
3 46
2 39
3 58
2 47
1 44
2 61
2 38
1 39
1 29
2 44
2 40
1 44
1 38
1 32
1 36
5 44
1 45
3 25
1 47
5 36
1 37
1 46
1 34
2 50
3 26
5 55
4 52
3 47
4 49
2 40
1 39
4 48
3 49
5 43
3 41
1 39
1 42
1 44
4 38
2 39
1 39
3 37
3 43
5 60
2 46
3 51
2 28
2 39
2 43
3 50
1 51
2 36
3 47
2 43
1 43
2 51
3 38
3 38
4 57
3 31
4 50
3 53
3 47
4 48
4 44
5 33
1 42
4 38
5 38
2 51
2 47
5 47
1 48
3 37
3 50
5 40
1 50
3 47
1 41
3 36
2 45
5 52
1 30
4 43
2 46
4 44
4 48
4 35
5 41
5 56
4 47
3 44
1 45
3 27
2 37
4 54
1 52
4 40
3 38
2 39
4 25
3 52
4 47
1 41
3 36
4 44
3 42
4 47
3 44
1 43
1 28
1 48
4 37
4 38
1 35
3 44
1 41
1 46
5 39
5 44
2 40
4 39
1 36
5 41
3 41
3 35
1 42
1 27
5 36
2 36
2 46
1 42
1 42
5 47
4 40
1 34
5 42
5 35
4 36
3 33
5 52
1 42
5 40
1 38
1 43
1 29
3 39
4 47
1 44
1 43
2 35
1 47
1 51
4 30
2 39
5 49
3 44
4 42
5 40
1 37
1 30
4 44
3 47
5 53
4 45
3 39
1 45
3 46
4 49
2 35
1 48
4 37
5 26
1 42
5 47
1 42
3 44
5 46
1 41
2 42
1 44
1 44
4 46
4 50
2 44
2 31
1 33
5 57
3 33
3 47
4 44
1 46
4 41
2 37
3 39
1 44
5 38
4 44
1 41
4 44
5 48
4 42
4 39
3 33
4 47
2 41
4 42
1 34
5 37
1 43
3 28
5 37
2 53
1 36
1 38
3 44
2 40
5 46
3 43
1 49
2 28
3 52
3 42
1 39
5 45
4 49
5 38
1 51
5 30
2 45
3 48
4 54
5 34
3 47
2 51
1 41
4 52
1 52
1 39
5 52
4 44
3 30
1 39
4 43
1 44
2 40
2 32
4 43
5 43
5 38
2 49
3 54
1 40
3 48
2 46
1 53
5 49
5 50
1 28
1 45
2 42
4 40
4 45
1 52
3 38
2 34
1 49
5 34
1 51
4 35
3 44
3 47
1 47
2 47
4 48
5 32
1 49
4 43
1 47
3 64
4 38
3 38
5 42
2 36
4 39
2 32
5 36
5 51
2 37
5 35
4 44
1 52
5 36
1 41
2 43
5 38
1 32
2 34
3 44
1 45
3 49
5 36
3 38
4 47
5 46
2 46
2 43
4 43
3 41
5 51
1 38
5 49
3 36
1 51
3 35
1 34
1 43
2 38
1 51
1 42
4 44
5 46
3 39
3 44
1 48
5 38
4 34
4 37
3 32
5 37
2 38
1 40
4 48
1 31
2 41
2 51
1 45
2 47
5 47
1 35
3 43
1 43
4 44
2 32
1 41
5 49
1 39
2 40
1 41
3 46
3 50
1 41
3 41
4 36
1 44
4 46
4 39
3 36
1 49
2 48
5 39
4 46
4 55
5 39
4 46
2 47
2 42
4 57
3 42
3 48
2 46
1 48
1 46
4 46
2 34
1 37
4 45
4 48
3 52
4 33
2 51
4 37
5 46
5 43
2 50
3 47
2 45
1 51
1 53
4 61
4 55
4 41
4 41
1 38
2 41
5 47
5 38
1 39
5 40
1 39
5 32
2 47
4 44
4 30
3 48
3 58
4 50
5 45
5 38
1 51
4 50
5 29
4 36
1 42
4 38
2 47
3 33
5 35
3 51
4 29
2 56
4 43
2 46
2 35
4 42
2 32
4 52
3 40
3 36
4 39
1 38
1 42
1 49
1 40
2 39
4 42
1 39
1 39
1 38
2 41
4 30
1 38
4 52
5 32
3 45
2 30
3 30
4 36
3 41
4 33
4 43
1 40
2 37
5 33
3 27
1 45
5 44
3 38
3 43
3 43
5 50
2 37
1 38
4 49
2 43
5 51
4 45
5 38
3 42
1 47
5 38
2 39
4 47
3 39
5 44
4 43
4 46
5 48
2 43
2 39
4 37
2 41
1 47
4 43
2 50
1 37
3 34
3 31
1 35
5 55
2 30
1 39
2 44
1 48
1 51
2 33
3 38
5 41
1 38
1 32
4 42
1 41
2 38
5 50
4 37
3 49
1 34
2 43
5 51
2 43
5 41
4 38
3 35
5 46
2 44
1 43
1 46
3 45
2 48
3 47
3 36
1 49
4 41
1 37
3 36
2 39
2 42
5 46
5 47
2 44
4 35
5 40
2 34
5 40
1 35
1 38
1 39
2 48
2 45
2 34
5 47
4 59
2 45
1 39
5 49
5 44
5 47
2 34
2 40
3 47
5 46
4 39
5 28
5 47
5 37
4 50
1 49
4 48
2 50
4 32
3 37
3 51
4 40
1 35
2 49
4 36
5 42
5 42
2 39
4 44
3 32
4 37
1 50
3 47
2 49
2 48
4 46
2 39
4 53
1 39
3 38
1 50
4 43
1 30
1 38
4 52
4 43
5 52
1 39
1 51
3 35
2 53
3 29
4 48
5 32
4 30
2 41
5 34
1 45
5 45
2 36
1 42
1 36
4 42
4 49
1 45
2 42
5 32
3 37
5 42
2 41
2 45
3 35
3 43
4 23
1 47
3 38
1 50
3 38
5 38
4 33
3 42
4 44
5 43
3 40
2 47
4 36
4 40
1 46
3 49
2 47
3 34
3 56
1 46
1 51
5 48
5 45
1 50
5 51
3 38
1 43
2 42
1 52
5 45
5 48
2 47
2 43
5 43
4 45
4 41
1 49
1 60
3 49
3 46
2 39
3 42
2 46
5 56
2 38
2 51
5 37
2 53
3 39
5 44
3 53
5 45
1 40
4 45
5 48
1 57
5 41
2 40
4 55
2 39
5 38
4 40
3 49
5 45
1 38
5 41
2 41
1 34
5 43
4 40
2 56
1 48
4 44
2 42
2 43
2 37
1 49
1 43
3 37
1 39
2 52
4 44
3 46
5 37
5 40
5 39
1 47
4 37
2 56
1 46
1 50
4 47
5 40
2 47
3 50
5 43
5 39
5 44
1 48
3 43
1 52
3 33
2 49
2 42
2 40
1 35
2 37
5 46
1 38
4 39
1 42
2 31
3 45
4 39
1 40
1 43
1 44
3 39
2 50
5 32
1 49
5 36
3 34
1 49
3 55
3 35
1 39
2 35
2 39
4 47
4 41
3 31
3 41
5 43
3 41
1 35
4 39
4 34
1 33
4 37
1 42
2 38
4 38
5 36
3 42
1 45
1 37
1 38
4 41
1 45
2 32
4 43
1 48
3 47
4 45
3 45
1 51
5 38
4 59
3 48
5 52
4 52
1 39
1 36
2 35
2 44
3 47
5 41
3 40
1 39
3 41
4 51
1 41
1 37
5 36
2 47
1 32
1 33
2 46
4 39
2 37
1 50
3 38
3 33
3 39
2 33
4 52
2 39
2 34
1 34
2 42
3 33
1 37
4 35
1 42
4 43
5 40
2 32
3 46
2 50
2 52
5 55
3 37
1 42
5 47
1 41
5 37
5 52
4 40
4 35
1 44
1 48
2 35
2 38
1 35
3 38
1 57
2 46
5 44
4 41
5 38
4 39
3 39
2 39
1 37
5 38
3 39
3 29
3 47
4 46
2 35
4 55
1 36
1 42
4 39
1 34
5 32
3 36
5 42
5 38
3 39
2 48
4 46
2 55
3 47
2 36
2 34
1 41
1 27
2 37
1 44
1 38
4 41
2 42
3 45
4 44
2 54
5 35
5 47
4 36
3 46
3 43
5 39
2 45
1 38
3 41
5 53
2 38
3 40
3 35
2 41
3 50
1 31
3 43
1 48
5 41
3 41
4 45
1 41
1 34
4 40
4 43
5 57
1 43
3 45
5 35
3 42
3 55
2 36
5 34
1 40
2 48
4 41
2 46
3 44
2 29
1 47
3 36
5 35
4 48
5 49
3 41
