
 0.501
 0.625
 0.641
 0.646
 0.646
 0.646
 0.646
 0.646
 0.646
 0.646
 0.646
 0.646
 0.646
 0.646
 0.646
 0.646
 0.646
 0.646
 0.646
 0.646
 0.646
 0.646
 0.646
 0.646
 0.646
 0.646
 0.646
 0.646
 0.646
 0.646
 0.646
 0.646
 0.646
 0.646
 0.646
 0.646
 0.646
 0.646
 0.646
 0.646
 0.646
 0.646
 0.646
 0.646
 0.646
 0.646
 0.646
 0.646
 0.646
 0.646
 0.646
 0.646
 0.646
 0.646
 0.646
 0.646
 0.646
 0.646
 0.646
 0.646
 0.646
 0.646
 0.646
 0.646
 0.646
 0.646
 0.646
 0.646
 0.646
 0.646
 0.646
 0.646
 0.646
 0.646
 0.646
 0.646
 0.646
 0.646
 0.646
 0.646
 0.646
 0.646
 0.646
 0.646
 0.646
 0.646
 0.646
 0.646
 0.646
 0.646
 0.646
 0.646
 0.646
 0.646
 0.646
 0.646
 0.646
 0.646
 0.646
 0.646
 0.646
 0.646
 0.646
 0.646
 0.646
 0.646
 0.646
 0.646
 0.646
 0.646
 0.646
 0.646
 0.646
 0.646
 0.646
 0.646
 0.646
 0.646
 0.646
 0.646
 0.646
 0.646
 0.646
 0.646
 0.646
 0.646
 0.646
 0.646
 0.646
 0.646
 0.646
 0.646
 0.646
 0.646
 0.646
 0.646
 0.646
 0.646
 0.646
 0.646
 0.646
 0.646
 0.646
 0.646
 0.646
 0.646
 0.646
 0.646
 0.646
 0.646
 0.646
 0.646
 0.646
 0.646
 0.646
 0.646
 0.646
 0.646
 0.646
 0.646
 0.646
 0.646
 0.646
 0.646
 0.646
 0.646
 0.646
 0.646
 0.646
 0.646
 0.646
 0.646
 0.646
 0.646
 0.646
 0.646
 0.646
 0.646
 0.646
 0.646
 0.646
 0.646
 0.646
 0.646
 0.646
 0.646
 0.646
 0.646
 0.646
 0.646
 0.646
 0.646
 0.646
 0.646
 0.646
 0.646
 0.646
 0.646
 0.646
 0.646

