0 49
0 65
0 48
0 62
0 40
0 45
0 41
0 50
0 40
0 47
0 48
0 43
0 49
0 48
0 46
0 44
0 42
0 41
0 60
0 32
0 41
0 47
0 42
0 48
0 44
0 43
0 48
0 41
0 38
0 37
0 51
0 47
0 47
0 41
0 49
0 36
0 57
0 44
0 49
0 38
0 41
0 34
0 44
0 44
0 42
0 38
0 41
0 46
0 45
0 51
0 37
0 45
0 45
0 38
0 45
0 34
0 44
0 49
0 41
0 51
0 38
0 42
0 39
0 36
0 37
0 42
0 37
0 52
0 38
0 46
0 36
0 50
0 43
0 41
0 49
0 41
0 36
0 36
0 34
0 46
0 44
0 48
0 40
0 40
0 41
0 37
0 37
0 41
0 28
0 45
0 33
0 49
0 30
0 42
0 54
0 40
0 36
0 46
0 38
0 49
0 43
0 48
0 42
0 51
0 45
0 42
0 41
0 52
0 41
0 42
0 57
0 42
0 30
0 36
0 35
0 47
0 43
0 27
0 42
0 46
0 37
0 45
0 43
0 38
0 37
0 31
0 41
0 42
0 38
0 40
0 37
0 39
0 34
0 35
0 55
0 33
0 46
0 47
0 53
0 43
0 44
0 33
0 36
0 39
0 38
0 49
0 37
0 48
0 44
0 34
0 33
0 41
0 42
0 42
0 34
0 43
0 55
0 34
0 44
0 45
0 35
0 40
0 47
0 42
0 35
0 39
0 42
0 41
0 50
0 42
0 41
0 45
0 42
0 37
0 44
0 44
0 34
0 44
0 38
0 43
0 56
0 36
0 39
0 38
0 53
0 29
0 40
0 47
0 48
0 37
0 30
0 58
0 43
0 38
0 37
0 41
0 42
0 48
0 49
0 27
