0.39105529203323214 1
0.3969898267153674 1
0.4045433196314942 1
0.4058184922671685 1
0.40679628349733804 1
0.4071495948295295 1
0.40742222508750703 1
0.40820522727475334 1
0.4093395811642055 1
0.41020232123288153 1
0.4116489099309192 1
0.41194542138805673 1
0.41237700890948636 1
0.412394702171727 1
0.4125522080237941 1
0.41300098058886364 1
0.4135309424467479 1
0.4141158177941175 1
0.41464621462618545 1
0.41488163493772423 1
0.4149197880769475 1
0.41496187075694835 1
0.4155858527171315 1
0.4159382105757326 1
0.41615396771423896 1
0.4164275411650011 1
0.41656364394730083 1
0.4167020680893533 1
0.4169188416650612 1
0.41733091250229293 1
0.41734999421230756 1
0.4177586437273621 1
0.4182876623924619 1
0.41877750120033086 1
0.4190304785660819 1
0.41910977119252185 1
0.41924870355317495 1
0.42009091050045116 1
0.4201128950332362 1
0.4201276122282892 1
0.42044087375488265 1
0.42091068765995265 1
0.42181202612284147 1
0.42210569772081974 1
0.42230288136791216 1
0.4230060827101182 1
0.4233975471815326 1
0.4235150764724189 1
0.42351507647241904 1
0.423689840612543 1
0.4241022731795409 1
0.42412237132675706 1
0.4241414530367716 1
0.4242407705660107 1
0.4247486746466925 1
0.42496501324821695 1
0.4251603105097405 1
0.42521805357757925 1
0.42535698593823246 1
0.42555184822557235 1
0.4256301244148106 1
0.4264126183834564 1
0.42645034682930183 1
0.42649184804628526 1
0.426509033089925 1
0.4265701242355234 1
0.42658731955996904 1
0.4266093040927541 1
0.4267678161012167 1
0.42707766658643914 1
0.42717749233427876 1
0.42729400518796323 1
0.4276452733649459 1
0.42786117699228654 1
0.4278817101136862 1
0.42829370770650077 1
0.4285090298708233 1
0.42880117681299906 1
0.4292915238394688 1
0.4296816101439156 1
0.4296830615553008 1
0.4298176396817983 1
0.42993654713965285 1
0.43003680786167586 1
0.4304106523152674 1
0.43042638594752164 1
0.43101365589906104 1
0.4310723524404898 1
0.43154405273112884 1
0.43170068863482863 1
0.43171693048568377 1
0.4320697965628859 1
0.4320912099134589 1
0.4323662347756059 1
0.4325595724071438 1
0.4326985047677968 1
0.43308909929084416 1
0.43314822052565105 1
0.4336385778329268 1
0.43377372714163626 1
0.43405151861852576 1
0.4344015551173743 1
0.4345972141086646 1
0.4347132919881655 1
0.4349882436058956 1
0.435457549292365 1
0.4368278317119566 1
0.4368693329289397 1
0.43690516470841034 1
0.4371616263599498 1
0.4372212558133571 1
0.4375530908313646 1
0.43796414523139426 1
0.4379641452313947 1
0.4382361940263541 1
0.43837469141282365 1
0.4384525326278784 1
0.43849214745929266 1
0.4384921474592929 1
0.438668363010802 1
0.4386893311063854 1
0.4389223465329485 1
0.4393162158893387 1
0.43951151315086245 1
0.43955017450868644 1
0.43988433088644624 1
0.44007723354380024 1
0.4403121456367384 1
0.440569477236645 1
0.440586154061684 1
0.44072370825536905 1
0.44082244432159 1
0.44121303884463764 1
0.4413691562489306 1
0.44154726846681425 1
0.441547703440998 1
0.44205422935471206 1
0.44205713217748255 1
0.4420973284719147 1
0.4421540551025518 1
0.44242712033471315 1
0.4424472184819293 1
0.44323167208056086 1
0.4435037941199376 1
0.4435629988799675 1
0.4443674773813981 1
0.4445040151378816 1
0.4445813481343356 1
0.4447775885886436 1
0.4451299567280506 1
0.4451676016486731 1
0.44530653400932635 1
0.44567659541097393 1
0.4459530087208951 1
0.4462637921180959 1
0.44648005747520314 1
0.44659758676608907 1
0.44661659523168656 1
0.4468716787162579 1
0.44722345511184114 1
0.44722439830462546 1
0.44724398823324096 1
0.447380080734735 1
0.4473805157089187 1
0.4475777096368171 1
0.4476961821204877 1
0.4477319406555413 1
0.447851283087579 1
0.44787138123479514 1
0.44846010259771946 1
0.44863326883762406 1
0.4488481560277631 1
0.4488892222705627 1
0.44904584789345636 1
0.4492415801291638 1
0.44961397317136975 1
0.4498875466221319 1
0.45039552394723115 1
0.4505525845443086 1
0.4511017013566246 1
0.4520231276859235 1
0.45213913232100716 1
0.4526275197174911 1
0.45333079430411416 1
0.4545071576291501 1
0.4552702081580148 1
0.4563090905337826 1
0.45638685850442007 1
0.4582083080932511 1
0.4582273165588485 1
0.45858164432824133 1
0.4604374010407406 1
0.4612041613771317 1
0.4621623626786857 1
0.46228025369933845 1
0.462712349439369 1
0.4634352139546074 1
0.4677039814780208 1
0.4716590525006573 1
0.4860493617545925 1
