
 0.547
 0.614
 0.636
 0.645
 0.650
 0.650
 0.650
 0.650
 0.650
 0.650
 0.650
 0.650
 0.650
 0.650
 0.650
 0.650
 0.650
 0.650
 0.650
 0.650
 0.650
 0.650
 0.650
 0.650
 0.650
 0.650
 0.650
 0.650
 0.650
 0.650
 0.650
 0.650
 0.650
 0.650
 0.650
 0.650
 0.650
 0.650
 0.650
 0.650
 0.650
 0.650
 0.650
 0.650
 0.650
 0.650
 0.650
 0.650
 0.650
 0.650
 0.650
 0.650
 0.650
 0.650
 0.650
 0.650
 0.650
 0.650
 0.650
 0.650
 0.650
 0.650
 0.650
 0.650
 0.650
 0.650
 0.650
 0.650
 0.650
 0.650
 0.650
 0.650
 0.650
 0.650
 0.650
 0.650
 0.650
 0.650
 0.650
 0.650
 0.650
 0.650
 0.650
 0.650
 0.650
 0.650
 0.650
 0.650
 0.650
 0.650
 0.650
 0.650
 0.650
 0.650
 0.650
 0.650
 0.650
 0.650
 0.650
 0.650
 0.650
 0.650
 0.650
 0.650
 0.650
 0.650
 0.650
 0.650
 0.650
 0.650
 0.650
 0.650
 0.650
 0.650
 0.650
 0.650
 0.650
 0.650
 0.650
 0.650
 0.650
 0.650
 0.650
 0.650
 0.650
 0.650
 0.650
 0.650
 0.650
 0.650
 0.650
 0.650
 0.650
 0.650
 0.650
 0.650
 0.650
 0.650
 0.650
 0.650
 0.650
 0.650
 0.650
 0.650
 0.650
 0.650
 0.650
 0.650
 0.650
 0.650
 0.650
 0.650
 0.650
 0.650
 0.650
 0.650
 0.650
 0.650
 0.650
 0.650
 0.650
 0.650
 0.650
 0.650
 0.650
 0.650
 0.650
 0.650
 0.650
 0.650
 0.650
 0.650
 0.650
 0.650
 0.650
 0.650
 0.650
 0.650
 0.650
 0.650
 0.650
 0.650
 0.650
 0.650
 0.650
 0.650
 0.650
 0.650
 0.650
 0.650
 0.650
 0.650
 0.650
 0.650
 0.650
 0.650
 0.650
 0.650
 0.650
 0.650

