0.43243969967945284 1
0.4382660334998301 1
0.4390272679998632 1
0.44213414055306843 1
0.4456968930874428 1
0.4485740892237618 1
0.4495454001670942 1
0.4503601337897845 1
0.46078149794924145 1
0.4615799298803493 1
0.46772286976166183 1
0.4679063195426302 1
0.46812637210024194 1
0.4693270043345676 1
0.4703273736516739 1
0.4706233376111548 1
0.47078275364257344 1
0.4708693660275011 1
0.47095009323127307 1
0.4710545166717243 1
0.4711181832034859 1
0.4712553777946487 1
0.47217207704875525 1
0.4725196790242832 1
0.4727362762756481 1
0.47311373024761516 1
0.4732276478164577 1
0.47376049747031096 1
0.4748618451049748 1
0.47672892287440577 1
0.477002006151718 1
0.47778069273388185 1
0.47802046899986417 1
0.4782131966290352 1
0.4793683673426127 1
0.4794213038113647 1
0.479487006165312 1
0.47960993071787045 1
0.48003462990091156 1
0.48055984122370177 1
0.4807931196708672 1
0.4808144840254288 1
0.4809912196299058 1
0.48114501740103927 1
0.48166813321341884 1
0.4831067988620915 1
0.4842790277148559 1
0.48497743902615187 1
0.48499323059235167 1
0.48635740523919097 1
0.4878384468952083 1
0.48784822355177887 1
0.4878832122441735 1
0.4884443426667251 1
0.48897965904421864 1
0.48977661955232654 1
0.4899782738172883 1
0.4906558709036387 1
0.49066517815269184 1
0.49096609814069736 1
0.4916723826578634 1
0.4919906708605671 1
0.49268968178473466 1
0.49322287275171833 1
0.49327864021735784 1
0.49405147112686093 1
0.4942195283279645 1
0.49431627344458356 1
0.49431714515534886 1
0.4943360807984687 1
0.49437048821876317 1
0.4951312241507154 1
0.4952756904204103 1
0.49590460206009823 1
0.4962358737510371 1
0.4962504361047471 1
0.496577814459065 1
0.49715223369322453 1
0.4972002698609621 1
0.49747790492055416 1
0.49759697639557116 1
0.4979470325398632 1
0.4982067964335775 1
0.49908764279220574 1
0.4991967417794905 1
0.49933416887862203 1
0.5000062299828469 1
0.5008557735599798 1
0.5009804175160864 1
0.5018197889306606 1
0.5020199811067878 1
0.5024180315661942 1
0.5026738708286054 1
0.5029864946339704 1
0.5031785829491308 1
0.5032730265154812 1
0.5034104899780109 1
0.5038043819303435 1
0.503893720594068 1
0.5053052933087261 1
0.5053288354159641 1
0.5054020126169639 1
0.5064759450880361 1
0.5067704736636305 1
0.5075976374173233 1
0.5079934370778938 1
0.5082005903109763 1
0.5082146139114649 1
0.5095348666815673 1
0.5096165795452423 1
0.5104486541527343 1
0.5105011328376791 1
0.5108469981546356 1
0.5111057139768556 1
0.5113229067080765 1
0.5113733247906085 1
0.5114840572252994 1
0.5120947564019986 1
0.5123570896685478 1
0.5124272052521638 1
0.5124963566122654 1
0.5128181323583891 1
0.5133332463688141 1
0.513461755967018 1
0.5135904224001165 1
0.5138513578242168 1
0.5142924059491047 1
0.5146213326226394 1
0.5147231668639746 1
0.5152122289607803 1
0.5158368388706248 1
0.5162464877061042 1
0.5162534317623062 1
0.5163522101145177 1
0.5164624700781201 1
0.5168316664784194 1
0.5177781873820558 1
0.5183048360254342 1
0.5183848017845267 1
0.5186781689905048 1
0.5193057508135689 1
0.5195556065658952 1
0.5195855564756091 1
0.5195917085914469 1
0.5198819658550212 1
0.5202624927389354 1
0.5202832837396503 1
0.5210577407404217 1
0.5211744359694435 1
0.5222890889107719 1
0.5227195844626943 1
0.5230466551078314 1
0.5235353691195219 1
0.5240325781516799 1
0.5244193769340727 1
0.5248143079970631 1
0.5255466513245138 1
0.5259213723648296 1
0.5260747472763981 1
0.5264527338708394 1
0.5267894786289711 1
0.5272044130215112 1
0.5275197139571126 1
0.5289137195599961 1
0.5299166911088505 1
0.5304991565862056 1
0.5308387228245214 1
0.5335909338449061 1
0.5336371669710985 1
0.5340592187510302 1
0.5344124957844553 1
0.5346462454740064 1
0.5361539933616085 1
0.5374333756353163 1
0.5383933947381282 1
0.5384003357471284 1
0.538609455535816 1
0.5392574760812012 1
0.5394561281437332 1
0.5409494173481924 1
0.5413141737173679 1
0.5424997715291273 1
0.5439606921665158 1
0.5453311092103583 1
0.5457670248134222 1
0.5460159568384018 1
0.5461326475535215 1
0.549615786664629 1
0.5513808742469611 1
0.5522277569188417 1
0.5533737072619922 1
0.5540316381421797 1
0.5556435932146019 1
0.5627233154436473 1
0.5632268719106902 1
0.5639425302368288 1
0.5641536199010692 1
0.5656330025079985 1
0.5698449767085051 1
0.5728868624833688 1
