0 32
2 53
1 37
2 45
0 51
0 37
2 39
0 45
0 43
0 56
0 36
2 44
1 42
1 33
0 35
1 30
2 40
0 39
1 45
2 42
1 42
0 42
0 37
1 46
1 35
1 42
2 37
1 46
1 41
2 41
0 40
1 43
1 36
1 40
0 36
1 36
2 44
2 39
1 40
2 50
0 47
2 45
1 41
2 39
2 45
0 41
1 28
1 46
1 40
0 47
0 45
0 46
0 44
2 54
1 44
2 53
1 38
2 46
0 50
2 42
2 48
1 44
0 44
0 49
1 43
1 43
0 50
1 47
0 40
1 47
0 45
0 48
0 40
0 49
2 31
2 46
1 36
1 45
1 42
1 43
0 47
1 47
2 32
1 43
2 42
0 50
2 30
2 40
1 31
1 49
2 45
1 37
1 39
0 39
1 52
0 43
0 36
1 41
2 38
1 42
0 45
0 44
1 46
1 35
1 51
2 42
1 41
2 49
1 30
1 41
0 47
0 37
0 35
2 49
1 46
1 51
2 47
2 42
0 46
0 32
1 36
2 35
1 37
0 37
2 61
2 54
0 46
0 43
1 45
1 45
2 38
1 39
2 48
0 42
1 41
1 45
1 41
1 37
1 38
2 27
1 44
2 47
2 40
2 40
0 35
2 35
0 30
0 37
2 46
1 47
0 44
2 49
0 37
1 52
0 41
1 40
0 49
1 37
2 42
0 51
2 38
0 41
0 38
0 45
1 41
2 47
0 47
1 33
0 28
0 34
2 45
2 44
1 40
0 28
1 39
1 47
2 34
2 44
2 50
1 42
0 36
2 30
1 41
0 47
2 51
0 41
2 50
0 37
1 39
0 47
1 32
0 47
2 41
1 48
1 41
1 39
0 35
1 34
2 41
1 47
