0.42296932836454076 1
0.42525548353197756 1
0.43898561363515176 1
0.4402287076786504 1
0.44332774119917184 1
0.44473373138271943 1
0.4478537776288824 1
0.4480138258984583 1
0.44830079490548436 1
0.4494520970726996 1
0.4500180469647109 1
0.4500840443835575 1
0.4562771177272134 1
0.45674410677505073 1
0.4571461818345543 1
0.4573751970794324 1
0.4583931505858334 1
0.46066313429294775 1
0.4624695390736185 1
0.4648286566608864 1
0.4650571476840165 1
0.46558648021196325 1
0.46595967062708127 1
0.466645410555059 1
0.46701535477960343 1
0.4676569204196437 1
0.46770035000914517 1
0.4678686239319576 1
0.468111080284061 1
0.46831628282328763 1
0.46890304607196565 1
0.46931202075175643 1
0.4701332834330153 1
0.4702238729348071 1
0.47045971645263 1
0.4708014171016415 1
0.4709354640348048 1
0.47141602036334296 1
0.47141648822683235 1
0.47144733077893636 1
0.4725179813698489 1
0.47397510219037675 1
0.47491481538521507 1
0.47559333003191395 1
0.4757710198891342 1
0.4763845289613064 1
0.47692339900931663 1
0.4777348364997506 1
0.4779187807245556 1
0.47802674753977425 1
0.47803839672609955 1
0.4782508112916068 1
0.47844525501895047 1
0.4785938728768979 1
0.47859658423994234 1
0.4786739741971966 1
0.4788631901231644 1
0.4793844798212668 1
0.47963340464186094 1
0.4803405555291089 1
0.48042601753226966 1
0.48085122768401484 1
0.4808878403072623 1
0.480896030811031 1
0.48090706923252624 1
0.48115073831980665 1
0.48120784730884997 1
0.48134147047248527 1
0.48184547690308344 1
0.48185623917943865 1
0.4833471375914042 1
0.48342358603173485 1
0.48413272523544537 1
0.48477323421639573 1
0.48540254866131816 1
0.4858798117664866 1
0.48611508100405987 1
0.4866361675869373 1
0.48663962888947926 1
0.48719209012987946 1
0.48723170004853755 1
0.4872925092556865 1
0.4873149434234596 1
0.4875839755766329 1
0.48790361371555946 1
0.48798822696732075 1
0.4892681894190435 1
0.48932067306549143 1
0.48947175356774275 1
0.48964980225815835 1
0.49014152671467953 1
0.4909242651871889 1
0.49108144527382125 1
0.4911587063017656 1
0.4912398767064781 1
0.4913912128112333 1
0.491467252919524 1
0.49162522017915494 1
0.49298827716277566 1
0.49360640955224705 1
0.49378418260844176 1
0.49391106607953783 1
0.4943311406982901 1
0.4947233210961617 1
0.49494314959985003 1
0.49533282963456676 1
0.4957642023869828 1
0.49601288879214084 1
0.4969930777468303 1
0.49755043263945536 1
0.49759901373837045 1
0.49798507411408943 1
0.49845647838338814 1
0.49846745841774437 1
0.49863083743455566 1
0.4997627683412745 1
0.49998241703019025 1
0.5003751189963638 1
0.500766103319651 1
0.5009035702728589 1
0.5011085208420158 1
0.5013566780076012 1
0.5013635287258943 1
0.5014359350824176 1
0.5021322530823401 1
0.502533197472099 1
0.502540683311013 1
0.5031623975859236 1
0.5035683815526668 1
0.5040890914560218 1
0.5041966453673341 1
0.5045512439702793 1
0.5050879625671112 1
0.5054254667379139 1
0.5054555394255853 1
0.5056083451562909 1
0.5065972402608709 1
0.5067026840160103 1
0.5076172641056117 1
0.5078608868908792 1
0.5080112989344265 1
0.5085162747744324 1
0.5089946575188912 1
0.5097671273873263 1
0.5100433054034813 1
0.5107067032423168 1
0.5107542262157507 1
0.511000689865071 1
0.5114146066600681 1
0.5120174315406958 1
0.5121186573341217 1
0.5126081705356175 1
0.5149309713701621 1
0.515016575749884 1
0.5151230394703256 1
0.5166127935746857 1
0.5166788717260602 1
0.5171119850698583 1
0.5181942378555953 1
0.5184893342582079 1
0.5191902264892123 1
0.5199005892613844 1
0.5210127302727898 1
0.5216583529951752 1
0.5218687081807394 1
0.5235225888332831 1
0.5249677381833137 1
0.5250666440600282 1
0.525710655284175 1
0.5265582741120085 1
0.5274987352329498 1
0.5275658232131905 1
0.527566538737607 1
0.5291056756796495 1
0.5295966240693283 1
0.5306299159990817 1
0.5322326220231776 1
0.5329791147450313 1
0.5333775368282222 1
0.5359195048903799 1
0.5360585549003144 1
0.5364185144679184 1
0.5364290310029878 1
0.5367986220868921 1
0.538017722443138 1
0.5387077950654637 1
0.5389972424757701 1
0.5392986348364693 1
0.5399242919168626 1
0.5408006129880498 1
0.5430357040119419 1
0.5435607945589143 1
0.5447283246252442 1
0.5453962311292152 1
0.5492100029008108 1
0.5558335115241604 1
0.5568643249236178 1
0.5600141336132927 1
0.5703448837867052 1
0.5728001572150121 1
