
 0.471
 0.468
 0.465
 0.557
 0.489
 0.478
 0.532
 0.468
 0.457
 0.440
 0.487
 0.487
 0.477
 0.506
 0.528
 0.469
 0.476
 0.470
 0.518
 0.520
 0.536
 0.423
 0.505
 0.439
 0.515
 0.494
 0.466
 0.509
 0.503
 0.487
 0.476
 0.511
 0.488
 0.468
 0.486
 0.445
 0.471
 0.543
 0.573
 0.489
 0.518
 0.481
 0.515
 0.540
 0.471
 0.470
 0.508
 0.510
 0.507
 0.529
 0.478
 0.467
 0.494
 0.511
 0.496
 0.501
 0.481
 0.539
 0.450
 0.491
 0.501
 0.503
 0.475
 0.496
 0.527
 0.491
 0.556
 0.509
 0.517
 0.470
 0.512
 0.517
 0.468
 0.443
 0.490
 0.491
 0.498
 0.499
 0.522
 0.511
 0.478
 0.473
 0.504
 0.457
 0.505
 0.487
 0.478
 0.479
 0.539
 0.533
 0.545
 0.502
 0.480
 0.526
 0.483
 0.522
 0.504
 0.481
 0.481
 0.478
 0.479
 0.510
 0.481
 0.527
 0.538
 0.492
 0.497
 0.511
 0.521
 0.560
 0.515
 0.483
 0.487
 0.525
 0.449
 0.491
 0.487
 0.465
 0.536
 0.501
 0.491
 0.545
 0.482
 0.505
 0.467
 0.501
 0.501
 0.489
 0.512
 0.481
 0.461
 0.549
 0.528
 0.531
 0.495
 0.495
 0.471
 0.500
 0.481
 0.517
 0.485
 0.505
 0.488
 0.537
 0.494
 0.466
 0.533
 0.493
 0.490
 0.480
 0.485
 0.476
 0.530
 0.504
 0.500
 0.448
 0.519
 0.450
 0.458
 0.488
 0.541
 0.525
 0.498
 0.498
 0.498
 0.478
 0.507
 0.524
 0.503
 0.474
 0.448
 0.500
 0.479
 0.469
 0.536
 0.486
 0.484
 0.498
 0.479
 0.479
 0.494
 0.457
 0.544
 0.462
 0.508
 0.495
 0.491
 0.501
 0.513
 0.539
 0.448
 0.425
 0.570
 0.536
 0.482
 0.508
 0.480
 0.471
 0.456
 0.468

