
 0.509
 0.518
 0.528
 0.528
 0.528
 0.528
 0.528
 0.528
 0.528
 0.528
 0.528
 0.528
 0.528
 0.528
 0.528
 0.528
 0.528
 0.528
 0.528
 0.528
 0.528
 0.528
 0.528
 0.528
 0.528
 0.528
 0.528
 0.528
 0.528
 0.528
 0.528
 0.528
 0.528
 0.528
 0.528
 0.528
 0.528
 0.528
 0.528
 0.528
 0.528
 0.528
 0.528
 0.528
 0.528
 0.528
 0.528
 0.528
 0.528
 0.528
 0.528
 0.528
 0.528
 0.528
 0.528
 0.528
 0.528
 0.528
 0.634
 0.643
 0.645
 0.643
 0.652
 0.671
 0.686
 0.693
 0.693
 0.693
 0.693
 0.693
 0.693
 0.693
 0.693
 0.693
 0.693
 0.693
 0.693
 0.693
 0.693
 0.693
 0.693
 0.693
 0.693
 0.693
 0.693
 0.693
 0.693
 0.693
 0.693
 0.693
 0.693
 0.693
 0.693
 0.693
 0.693
 0.693
 0.693
 0.693
 0.693
 0.693
 0.693
 0.693
 0.693
 0.693
 0.693
 0.693
 0.693
 0.693
 0.693
 0.693
 0.693
 0.693
 0.693
 0.693
 0.693
 0.693
 0.693
 0.693
 0.693
 0.693
 0.693
 0.693
 0.693
 0.693
 0.693
 0.693
 0.693
 0.693
 0.693
 0.693
 0.693
 0.693
 0.693
 0.693
 0.693
 0.693
 0.693
 0.693
 0.693
 0.693
 0.693
 0.693
 0.693
 0.693
 0.693
 0.693
 0.693
 0.693
 0.693
 0.693
 0.693
 0.693
 0.693
 0.693
 0.693
 0.693
 0.693
 0.693
 0.693
 0.693
 0.693
 0.693
 0.693
 0.693
 0.693
 0.693
 0.693
 0.693
 0.693
 0.693
 0.693
 0.693
 0.693
 0.693
 0.693
 0.693
 0.693
 0.693
 0.693
 0.693
 0.693
 0.693
 0.693
 0.693
 0.693
 0.693
 0.693
 0.693
 0.693
 0.693
 0.693
 0.693
 0.693
 0.693
 0.693
 0.693
 0.693
 0.693
 0.693
 0.693

