0.4361301081425721 1
0.4422961897679265 1
0.44344014439313595 1
0.44416975944355597 1
0.45266104786398736 1
0.4531996377031501 1
0.45559325065905015 1
0.45640764585361704 1
0.45898871913583633 1
0.46224677458121904 1
0.4627209275332676 1
0.4636660340333407 1
0.46371240740728586 1
0.4638727177102229 1
0.46432042126041184 1
0.46499595529064536 1
0.46692286211906103 1
0.46742066652259806 1
0.4681159995024703 1
0.4683239163952767 1
0.4691200219902479 1
0.4702610954589108 1
0.47103872099309674 1
0.47208573081567295 1
0.47329947729297545 1
0.4741270903800379 1
0.47419186986971795 1
0.4743639593124002 1
0.47623559275702493 1
0.4765201422231761 1
0.47694175583369663 1
0.47703289568065593 1
0.47746172168378775 1
0.47819311290661226 1
0.4794550854659039 1
0.4801404134661297 1
0.48023299115299944 1
0.481621859777772 1
0.4817239724630862 1
0.48177219674711347 1
0.48194242645637186 1
0.48200666395958763 1
0.48224026123436764 1
0.4826008536406172 1
0.48412183633508804 1
0.48430870725362707 1
0.4853435416460027 1
0.48667611640956115 1
0.48678957895539227 1
0.4868485965803911 1
0.48765223963049953 1
0.48833111186306516 1
0.48860569557392686 1
0.4893515023623246 1
0.48976822232371736 1
0.4901637405577988 1
0.49044145413014434 1
0.4910376470734699 1
0.49138549788925795 1
0.49146355399712827 1
0.4917745307736425 1
0.49177629258218375 1
0.4918169722397448 1
0.4919192254023477 1
0.492037613270792 1
0.4923385853384638 1
0.49252151508540093 1
0.4925956904952016 1
0.4926566727926197 1
0.49321096457262764 1
0.4935996614635728 1
0.49393812653077535 1
0.49510933149915126 1
0.49599394961542487 1
0.4960449016995977 1
0.49616534997162304 1
0.49665402052237384 1
0.4970253482547843 1
0.49709049556237855 1
0.4973777696401933 1
0.49795412909395204 1
0.49815345223098734 1
0.4983151554872191 1
0.4983359613064686 1
0.49860826896199145 1
0.4993168472560848 1
0.49938196570553794 1
0.4996075273745253 1
0.49977084281277245 1
0.5006269867565021 1
0.5011207158503418 1
0.501243874547588 1
0.5015115410681568 1
0.5015465176909426 1
0.5022752467767417 1
0.5023267023049545 1
0.5026111598581292 1
0.5034309677849208 1
0.5034336828036754 1
0.504999509094645 1
0.5051381301349941 1
0.5056649969469955 1
0.5062242367184755 1
0.5063318026734838 1
0.5064106848204757 1
0.5064338260945034 1
0.5068121968126101 1
0.5069122266045291 1
0.5072318385264265 1
0.5072815956884522 1
0.5083500002140292 1
0.5084373372647715 1
0.5086648934073701 1
0.5091831118767829 1
0.5093513331328573 1
0.5095155094770416 1
0.5099363899221627 1
0.5102455261547321 1
0.5120585026802412 1
0.5126104665438423 1
0.5127952422278742 1
0.51302469844885 1
0.514344508465344 1
0.5160573099536451 1
0.5161867445333199 1
0.5165321909832256 1
0.51687381211436 1
0.5171166025536079 1
0.5172009390925271 1
0.5180626932524838 1
0.5184201581441897 1
0.5186543385113683 1
0.5187576472189211 1
0.5188163221907623 1
0.5188205864242404 1
0.5191481873628152 1
0.5199258163680118 1
0.5211328398758043 1
0.521515120473018 1
0.5216361953046218 1
0.521971245445771 1
0.5228744296808284 1
0.5232664811440091 1
0.5236718218782486 1
0.5250756424350278 1
0.5276772410925681 1
0.5277377630483449 1
0.5283472063873002 1
0.5285825091523549 1
0.5292373576693632 1
0.5295873424029235 1
0.5296102934673136 1
0.5298468744228222 1
0.5300376936989125 1
0.5303640330440255 1
0.531076833691324 1
0.5313542641171974 1
0.5316732542915354 1
0.5327097323325833 1
0.5333138457647016 1
0.5342228724301722 1
0.5345122735610743 1
0.5346612574131249 1
0.5347753300156293 1
0.5364986728483574 1
0.5366464867532892 1
0.536866039722803 1
0.5370352558234559 1
0.5378008479180825 1
0.5381744606592237 1
0.538701589722383 1
0.5396536501294947 1
0.5405964658170263 1
0.5406674405716416 1
0.5408906485628132 1
0.5412357802626944 1
0.5417107260985274 1
0.5419379692484667 1
0.5439532021659159 1
0.5450872830499341 1
0.5457414075323269 1
0.5473486518252428 1
0.5491129775808496 1
0.5504265802598652 1
0.5523206688685088 1
0.5532153142892291 1
0.5538456904374793 1
0.5555821348598925 1
0.5558572050953187 1
0.5566627652860364 1
0.5570467536700621 1
0.5572499545788276 1
0.5660579108800503 1
0.5677330888113439 1
0.5733971643351612 1
0.5750727079900639 1
0.5753643168032491 1
0.5795741815574437 1
0.5812895039326862 1
0.589318870250714 1
