
 0.501
 0.499
 0.494
 0.529
 0.525
 0.497
 0.519
 0.550
 0.480
 0.496
 0.474
 0.507
 0.477
 0.581
 0.557
 0.477
 0.523
 0.553
 0.533
 0.519
 0.482
 0.542
 0.497
 0.514
 0.492
 0.493
 0.541
 0.518
 0.443
 0.580
 0.556
 0.532
 0.453
 0.482
 0.536
 0.492
 0.566
 0.541
 0.492
 0.507
 0.546
 0.516
 0.510
 0.541
 0.495
 0.557
 0.589
 0.509
 0.463
 0.513
 0.482
 0.547
 0.484
 0.535
 0.436
 0.490
 0.519
 0.492
 0.470
 0.500
 0.467
 0.480
 0.575
 0.502
 0.501
 0.503
 0.492
 0.484
 0.479
 0.573
 0.522
 0.468
 0.467
 0.489
 0.464
 0.554
 0.491
 0.494
 0.487
 0.474
 0.517
 0.540
 0.542
 0.510
 0.523
 0.512
 0.491
 0.464
 0.531
 0.537
 0.496
 0.487
 0.453
 0.522
 0.521
 0.508
 0.488
 0.503
 0.497
 0.568
 0.502
 0.501
 0.557
 0.456
 0.500
 0.507
 0.506
 0.508
 0.477
 0.506
 0.505
 0.539
 0.530
 0.545
 0.498
 0.502
 0.509
 0.538
 0.490
 0.506
 0.483
 0.465
 0.535
 0.538
 0.482
 0.469
 0.471
 0.533
 0.474
 0.507
 0.513
 0.517
 0.482
 0.528
 0.520
 0.485
 0.464
 0.487
 0.530
 0.534
 0.498
 0.522
 0.537
 0.478
 0.476
 0.519
 0.518
 0.497
 0.496
 0.530
 0.556
 0.528
 0.468
 0.517
 0.490
 0.552
 0.491
 0.502
 0.499
 0.549
 0.477
 0.530
 0.519
 0.516
 0.459
 0.505
 0.544
 0.488
 0.482
 0.493
 0.499
 0.510
 0.506
 0.473
 0.513
 0.503
 0.530
 0.531
 0.489
 0.506
 0.493
 0.472
 0.442
 0.541
 0.529
 0.509
 0.528
 0.517
 0.462
 0.537
 0.444
 0.524
 0.493
 0.535
 0.498
 0.464
 0.498
 0.575
 0.456
 0.492

