0.47183949401943936 1
0.47360910697485786 1
0.47409199570462035 1
0.4743575411736829 1
0.48007938469990713 1
0.4810198678129126 1
0.4825665997971743 1
0.48402140375417985 1
0.48449985231813913 1
0.4845174060873578 1
0.48478663722284693 1
0.48703426341349926 1
0.48763972922288495 1
0.4899579383074935 1
0.49098971631685906 1
0.491128093917155 1
0.4911563548094728 1
0.4919619243437106 1
0.4932335703686877 1
0.4932936617608506 1
0.49384060643425487 1
0.494293165903766 1
0.4947266414666185 1
0.49586982773813143 1
0.496880217564345 1
0.4970467815498725 1
0.49712685291192593 1
0.4972941316845744 1
0.49739610457678757 1
0.4987579016785312 1
0.4989235208972266 1
0.49926369567737156 1
0.49937724716610665 1
0.5004144328480312 1
0.5008855086731243 1
0.5023142871892992 1
0.5032089482075061 1
0.5032271429629352 1
0.5032677466403399 1
0.5035170823059139 1
0.5040110493628521 1
0.5040189505240077 1
0.5041936391098499 1
0.5042716525881842 1
0.5043647258085753 1
0.5048741954497364 1
0.5051588185722417 1
0.5058634714378156 1
0.5061124760094188 1
0.5063320140281992 1
0.5069825594072076 1
0.5075634040833612 1
0.5080958721361246 1
0.5081479849631496 1
0.5084604153250031 1
0.509002221275138 1
0.509469494366117 1
0.5098150866188991 1
0.5100188454419999 1
0.5101282504504038 1
0.510160699721482 1
0.5104919780703701 1
0.5108523428447753 1
0.5110955792239725 1
0.5114244336202887 1
0.5115917032902279 1
0.5117566359519196 1
0.5119542999072692 1
0.5120403413168981 1
0.5121165161209443 1
0.5125274333033067 1
0.512621133567722 1
0.5128658398604018 1
0.5129889909390564 1
0.5129946273151392 1
0.5130818117798885 1
0.5132220314326353 1
0.5137182752846325 1
0.5149863933392429 1
0.515086776596196 1
0.5155620384724577 1
0.5158835967151973 1
0.5159273771128877 1
0.5164156868669226 1
0.5165716550304933 1
0.5166167380047929 1
0.5175361178481022 1
0.5185299974303258 1
0.5186622754487807 1
0.518694354545645 1
0.5195174140170762 1
0.5196935077303234 1
0.5198955536580487 1
0.5201115878922948 1
0.5201774523314391 1
0.5203261848152728 1
0.5207179096687914 1
0.5207543723289604 1
0.5211508892446587 1
0.5216710637648144 1
0.5227347697755003 1
0.5228401457771163 1
0.523064505324663 1
0.5232751931655478 1
0.523471452365464 1
0.523741929378509 1
0.5240524011157136 1
0.5241383269441815 1
0.5244769826297216 1
0.5245431609213022 1
0.5245642145240129 1
0.5246460804508223 1
0.524657424317419 1
0.5250875738720339 1
0.5258165601912437 1
0.5263617538286794 1
0.5264223235425447 1
0.5268640823015727 1
0.5271307493291111 1
0.5271358222956618 1
0.5272806013214073 1
0.5274523879014607 1
0.5274856338094345 1
0.5276241251424593 1
0.5276394741613806 1
0.5276893096785369 1
0.5277947135049517 1
0.5279047882708514 1
0.528088090177098 1
0.5282368580467061 1
0.528700136375356 1
0.529412512159798 1
0.5306116504139848 1
0.5309501408167303 1
0.5310533688855158 1
0.53167428079259 1
0.5318028302312147 1
0.5319835120617111 1
0.5321519531810011 1
0.5326135763144754 1
0.5329829124275272 1
0.533420427907068 1
0.533446715792843 1
0.5338450018889668 1
0.5339355334967081 1
0.5341656149625602 1
0.5344903966036904 1
0.5345018340317952 1
0.5352589149104189 1
0.5356794470036447 1
0.5361071201339253 1
0.536417327322027 1
0.5365492643920915 1
0.537006418636165 1
0.5373993951945263 1
0.538230033688203 1
0.5392743242070609 1
0.5396256479012886 1
0.5398264889295906 1
0.540059468705349 1
0.5404648312826513 1
0.5405335672510038 1
0.5410998093492185 1
0.5412342959227232 1
0.5418964627475974 1
0.5423053303306997 1
0.5433317385801327 1
0.5434088337830616 1
0.5440288671642072 1
0.5444494413005055 1
0.5452061995001456 1
0.5461692208662142 1
0.5463012101820748 1
0.5466298671852234 1
0.5472769475303922 1
0.5473001385156578 1
0.5478379250840762 1
0.5487735380027042 1
0.5490546357805577 1
0.5492183854995463 1
0.550128466574094 1
0.5504491267783738 1
0.5505911837449444 1
0.5523493962764592 1
0.5531011944997151 1
0.5558348709141095 1
0.5563122000531786 1
0.5570501951828369 1
0.5573284855459609 1
0.5588346450119953 1
0.5592106114345075 1
0.5602937243427184 1
0.5610615105081552 1
0.5620092716323439 1
0.564440027883073 1
0.564446738622757 1
0.5651330221299534 1
0.5672716929922085 1
0.5741776785042925 1
0.5742064971978386 1
