
 0.547
 0.506
 0.545
 0.492
 0.523
 0.497
 0.497
 0.534
 0.513
 0.532
 0.501
 0.537
 0.520
 0.495
 0.527
 0.549
 0.534
 0.506
 0.503
 0.528
 0.527
 0.528
 0.474
 0.494
 0.499
 0.524
 0.556
 0.526
 0.485
 0.508
 0.529
 0.565
 0.536
 0.549
 0.521
 0.535
 0.490
 0.528
 0.557
 0.531
 0.537
 0.527
 0.550
 0.513
 0.574
 0.562
 0.484
 0.531
 0.512
 0.527
 0.529
 0.508
 0.538
 0.505
 0.534
 0.528
 0.524
 0.499
 0.547
 0.525
 0.512
 0.516
 0.532
 0.528
 0.531
 0.516
 0.559
 0.508
 0.510
 0.474
 0.512
 0.514
 0.510
 0.525
 0.537
 0.513
 0.507
 0.500
 0.520
 0.503
 0.540
 0.524
 0.520
 0.513
 0.513
 0.534
 0.533
 0.518
 0.521
 0.541
 0.524
 0.519
 0.493
 0.516
 0.488
 0.520
 0.523
 0.520
 0.547
 0.550
 0.504
 0.525
 0.512
 0.541
 0.559
 0.517
 0.567
 0.539
 0.519
 0.504
 0.502
 0.520
 0.533
 0.511
 0.491
 0.497
 0.522
 0.533
 0.497
 0.542
 0.523
 0.494
 0.526
 0.496
 0.512
 0.536
 0.517
 0.516
 0.481
 0.523
 0.506
 0.499
 0.503
 0.564
 0.540
 0.543
 0.484
 0.527
 0.483
 0.551
 0.491
 0.513
 0.560
 0.497
 0.472
 0.546
 0.499
 0.540
 0.525
 0.515
 0.519
 0.541
 0.491
 0.527
 0.574
 0.504
 0.525
 0.535
 0.532
 0.528
 0.513
 0.526
 0.509
 0.552
 0.542
 0.549
 0.546
 0.508
 0.511
 0.536
 0.474
 0.540
 0.533
 0.504
 0.544
 0.505
 0.532
 0.493
 0.510
 0.480
 0.561
 0.509
 0.485
 0.510
 0.556
 0.548
 0.553
 0.504
 0.504
 0.543
 0.523
 0.515
 0.511
 0.510
 0.557
 0.487
 0.528
 0.564
 0.544
 0.521

