
 0.649
 0.669
 0.638
 0.667
 0.616
 0.615
 0.599
 0.619
 0.551
 0.609
 0.589
 0.584
 0.586
 0.551
 0.574
 0.563
 0.602
 0.633
 0.594
 0.607
 0.632
 0.635
 0.560
 0.624
 0.606
 0.612
 0.577
 0.640
 0.644
 0.573
 0.580
 0.623
 0.568
 0.562
 0.589
 0.548
 0.593
 0.624
 0.630
 0.610
 0.607
 0.629
 0.605
 0.593
 0.627
 0.598
 0.650
 0.617
 0.602
 0.587
 0.655
 0.611
 0.622
 0.634
 0.637
 0.586
 0.581
 0.595
 0.606
 0.584
 0.562
 0.633
 0.599
 0.580
 0.603
 0.598
 0.606
 0.555
 0.607
 0.597
 0.618
 0.601
 0.591
 0.593
 0.615
 0.618
 0.612
 0.572
 0.600
 0.612
 0.652
 0.611
 0.524
 0.611
 0.583
 0.562
 0.646
 0.579
 0.641
 0.569
 0.560
 0.613
 0.590
 0.598
 0.626
 0.593
 0.587
 0.606
 0.656
 0.668
 0.585
 0.636
 0.610
 0.598
 0.575
 0.634
 0.577
 0.590
 0.649
 0.601
 0.581
 0.638
 0.603
 0.635
 0.626
 0.564
 0.571
 0.629
 0.615
 0.618
 0.632
 0.586
 0.619
 0.610
 0.611
 0.677
 0.578
 0.570
 0.623
 0.625
 0.560
 0.625
 0.551
 0.565
 0.613
 0.607
 0.631
 0.569
 0.569
 0.622
 0.622
 0.616
 0.610
 0.594
 0.598
 0.590
 0.621
 0.600
 0.599
 0.610
 0.622
 0.595
 0.538
 0.573
 0.582
 0.590
 0.569
 0.620
 0.620
 0.594
 0.646
 0.592
 0.606
 0.609
 0.618
 0.575
 0.595
 0.599
 0.599
 0.573
 0.621
 0.586
 0.587
 0.573
 0.583
 0.621
 0.604
 0.618
 0.629
 0.641
 0.571
 0.643
 0.625
 0.593
 0.607
 0.619
 0.572
 0.645
 0.649
 0.582
 0.609
 0.614
 0.611
 0.605
 0.608
 0.559
 0.570
 0.605
 0.643
 0.615

