211 31
221 44
238 33
8 49
216 50
153 57
198 48
214 38
266 39
52 35
184 53
8 33
28 40
299 34
93 43
181 42
43 38
2 35
70 37
53 46
274 36
72 39
140 50
260 46
281 34
101 39
205 39
31 49
265 40
202 42
87 41
95 31
66 24
107 45
290 41
295 42
81 41
222 45
123 56
11 46
146 55
195 42
58 40
154 53
155 48
23 50
26 49
266 51
24 50
269 52
25 44
259 39
34 55
68 46
176 37
67 48
28 29
291 38
279 45
277 44
176 40
150 40
154 44
254 44
81 40
235 40
74 45
143 46
235 49
260 50
287 42
99 39
205 38
91 45
213 37
24 38
208 37
24 42
198 42
73 48
54 51
175 36
58 33
228 43
167 37
109 47
198 41
272 46
246 49
239 34
266 43
261 48
6 54
100 42
2 38
214 38
239 37
158 47
265 58
191 33
