0.34799356632390205 1
0.3517926232170808 1
0.3517926232170809 1
0.35179262321708094 1
0.3555916801102596 1
0.35559168011025966 4
0.35559168011025977 1
0.3593907370034383 1
0.3593907370034384 2
0.3593907370034385 3
0.35939073700343854 4
0.3593907370034386 2
0.36318979389661704 1
0.36318979389661715 4
0.3631897938966172 13
0.36318979389661726 20
0.3631897938966173 4
0.36698885078979593 15
0.366988850789796 36
0.3669888507897961 29
0.36698885078979615 2
0.37078790768297465 9
0.37078790768297476 44
0.3707879076829748 81
0.37078790768297487 38
0.3707879076829749 3
0.3745869645761535 11
0.37458696457615354 126
0.3745869645761536 147
0.3745869645761537 32
0.37838602146933226 30
0.3783860214693323 231
0.3783860214693324 228
0.3783860214693325 21
0.3821850783625111 106
0.38218507836251114 439
0.3821850783625112 191
0.38218507836251125 5
0.38598413525568986 198
0.3859841352556899 542
0.38598413525569003 141
0.38978319214886864 352
0.38978319214886875 511
0.3897831921488688 48
0.39358224904204747 403
0.3935822490420475 293
0.39738130593522625 354
0.39738130593522636 70
0.4011803628284051 161
0.40497941972158386 39
