0.3828106031050055 1
0.38794527281789315 1
0.39978024532721457 1
0.40152776114297845 1
0.4067793389634449 1
0.41010002509769 1
0.41168870470010743 1
0.4131722135173823 1
0.4135705861268846 1
0.41362702859920886 1
0.4168459374999808 1
0.4218791495297627 1
0.4233376884836758 1
0.42606373989888047 1
0.4278479694431427 1
0.4291806750871921 1
0.43025696820179266 1
0.4303583810006995 1
0.43047857771823816 1
0.4323607681870207 1
0.4335001723002876 1
0.4335351810949614 1
0.4339218084151017 1
0.4346883166104727 1
0.4365188207750256 1
0.43662665913877624 1
0.43730946359608036 1
0.4382723727747226 1
0.43971121083192755 1
0.43990551499803887 1
0.44049122517023287 1
0.440757434030209 1
0.4412235109932572 1
0.44247574501568016 1
0.44257116575077016 1
0.4426815620056961 1
0.4428756498719269 1
0.4434773238302212 1
0.4440604962540077 1
0.4453601468797314 1
0.44546438826013834 1
0.44568204091395985 1
0.4461952099710118 1
0.4470626766328609 1
0.44732229647193106 1
0.4478635396097388 1
0.44788593269445387 1
0.4479134836995534 1
0.448159598657107 1
0.44831130454101037 1
0.4492901275326587 1
0.4509309852358863 1
0.4511106202680484 1
0.4518914628853253 1
0.4522148055247557 1
0.452603585744524 1
0.45273077900884695 1
0.45307780440697676 1
0.4531899767519956 1
0.4540503182760618 1
0.4541120129007328 1
0.4545885697888144 1
0.4547877343328407 1
0.4548697945833702 1
0.4557653583631214 1
0.45582032374962056 1
0.456142544593962 1
0.4562161326182519 1
0.45757390382159513 1
0.45772014530979027 1
0.45794874048212536 1
0.458232554391885 1
0.4584211572880977 1
0.4584381288172583 1
0.458871244739695 1
0.4594206689600491 1
0.4601453933929433 1
0.46133894868033887 1
0.46150513792523024 1
0.4617484029315916 1
0.46176746719165584 1
0.4621879347440139 1
0.4629290966758136 1
0.4635651954853277 1
0.46373052501500445 1
0.4638723570852754 1
0.4642613734413953 1
0.4644021398824068 1
0.46463618368877346 1
0.4647778101145127 1
0.4649686266526436 1
0.46515991426853004 1
0.46544027252378833 1
0.4655456491109419 1
0.4655698709430536 1
0.46559999693927806 1
0.466122994930333 1
0.46631291487330784 1
0.4663141766628813 1
0.46671508780539644 1
0.46688192132936235 1
0.4675089971354246 1
0.4675417658670903 1
0.4676378754545821 1
0.46945825624477217 1
0.4695374423070185 1
0.46965421021774423 1
0.46974078405701547 1
0.47007419400745737 1
0.47020688221218143 1
0.472462279354629 1
0.4731579532979704 1
0.4735815468507395 1
0.47363451168327375 1
0.473816743585056 1
0.47408555250424167 1
0.4742840537917946 1
0.4752501322835887 1
0.47751230655068677 1
0.47752594063917975 1
0.4780206310055889 1
0.4791857149590927 1
0.4800535194160306 1
0.48062822717432224 1
0.48097816654487807 1
0.48143057341617945 1
0.4821616670752865 1
0.482521280769162 1
0.4825363107084691 1
0.483273843218078 1
0.4836228587427868 1
0.4840369992433083 1
0.484064748027508 1
0.48429492451920736 1
0.4847215665639267 1
0.4854113775150594 1
0.48612818892378246 1
0.48680182949595574 1
0.4870002089167588 1
0.4875073422508598 1
0.48755157048110986 1
0.48760523619210716 1
0.4881921002634108 1
0.48957324415039905 1
0.4899902341816473 1
0.4913044605534735 1
0.4925995086582804 1
0.49271856041983453 1
0.49297578416186577 1
0.4931622510592449 1
0.4939809044651926 1
0.49412209862056095 1
0.494860093701628 1
0.49513083198517854 1
0.49544891267792834 1
0.4958008031331786 1
0.49588129321091956 1
0.4961483247441253 1
0.497912284030805 1
0.49795925441782324 1
0.4982059670847026 1
0.5005054497905214 1
0.5012419659823313 1
0.5014905259777698 1
0.5019047496802931 1
0.5020242345776039 1
0.5040977625441133 1
0.5047774720236465 1
0.5048919119110139 1
0.5051514749537254 1
0.5052354114150073 1
0.5056967166003511 1
0.5064884181632604 1
0.506910806453472 1
0.5078932479578983 1
0.5083906953089469 1
0.5088444480761979 1
0.5107686293380735 1
0.5114358892469397 1
0.5119378021750067 1
0.5129461946345698 1
0.5148223741742215 1
0.5154744782556474 1
0.5155918994284199 1
0.5168072901951974 1
0.5172240874968785 1
0.5183234662788826 1
0.5189444245486041 1
0.5193563682369499 1
0.5196383045673909 1
0.5206281189122755 1
0.5216915620443157 1
0.5230327768965818 1
0.5233206699434373 1
0.5242176165404455 1
0.5270107430631472 1
0.5301164116670757 1
0.5452452574419646 1
0.5497727132824284 1
0.5563877567088934 1
