
 0.508
 0.505
 0.466
 0.506
 0.478
 0.523
 0.502
 0.488
 0.470
 0.502
 0.462
 0.455
 0.494
 0.474
 0.515
 0.454
 0.456
 0.479
 0.414
 0.456
 0.474
 0.448
 0.464
 0.446
 0.430
 0.519
 0.485
 0.498
 0.493
 0.453
 0.556
 0.443
 0.455
 0.494
 0.488
 0.468
 0.458
 0.483
 0.430
 0.432
 0.501
 0.505
 0.434
 0.417
 0.458
 0.400
 0.509
 0.486
 0.483
 0.452
 0.448
 0.523
 0.451
 0.470
 0.505
 0.414
 0.437
 0.434
 0.444
 0.449
 0.445
 0.451
 0.520
 0.472
 0.454
 0.493
 0.430
 0.443
 0.466
 0.496
 0.440
 0.470
 0.484
 0.440
 0.435
 0.474
 0.459
 0.501
 0.464
 0.466
 0.501
 0.440
 0.483
 0.550
 0.469
 0.495
 0.456
 0.458
 0.512
 0.466
 0.506
 0.447
 0.511
 0.437
 0.495
 0.448
 0.481
 0.462
 0.465
 0.491
 0.508
 0.545
 0.429
 0.463
 0.426
 0.465
 0.493
 0.464
 0.478
 0.474
 0.490
 0.428
 0.524
 0.413
 0.482
 0.516
 0.470
 0.475
 0.468
 0.522
 0.505
 0.487
 0.434
 0.437
 0.410
 0.515
 0.481
 0.458
 0.530
 0.468
 0.443
 0.402
 0.460
 0.383
 0.495
 0.467
 0.442
 0.461
 0.519
 0.490
 0.498
 0.458
 0.465
 0.458
 0.462
 0.481
 0.445
 0.462
 0.452
 0.518
 0.487
 0.453
 0.470
 0.517
 0.488
 0.464
 0.448
 0.441
 0.473
 0.521
 0.513
 0.412
 0.466
 0.517
 0.511
 0.484
 0.441
 0.447
 0.422
 0.443
 0.527
 0.448
 0.423
 0.465
 0.453
 0.388
 0.464
 0.504
 0.446
 0.478
 0.456
 0.485
 0.407
 0.493
 0.488
 0.438
 0.467
 0.480
 0.474
 0.466
 0.459
 0.465
 0.498
 0.507
 0.484
 0.496
 0.455
 0.484
 0.453
 0.496

