
 0.494
 0.544
 0.599
 0.626
 0.632
 0.630
 0.630
 0.630
 0.630
 0.630
 0.630
 0.630
 0.630
 0.630
 0.630
 0.630
 0.630
 0.630
 0.630
 0.630
 0.630
 0.630
 0.630
 0.630
 0.630
 0.630
 0.630
 0.630
 0.630
 0.630
 0.630
 0.630
 0.630
 0.630
 0.630
 0.630
 0.630
 0.630
 0.630
 0.630
 0.630
 0.630
 0.630
 0.630
 0.630
 0.630
 0.630
 0.630
 0.630
 0.630
 0.630
 0.630
 0.630
 0.630
 0.630
 0.630
 0.630
 0.630
 0.630
 0.630
 0.630
 0.630
 0.630
 0.630
 0.630
 0.630
 0.630
 0.630
 0.630
 0.630
 0.630
 0.630
 0.630
 0.630
 0.630
 0.630
 0.630
 0.630
 0.630
 0.630
 0.630
 0.630
 0.630
 0.630
 0.630
 0.630
 0.630
 0.630
 0.630
 0.630
 0.630
 0.630
 0.630
 0.630
 0.630
 0.630
 0.630
 0.630
 0.630
 0.630
 0.630
 0.630
 0.630
 0.630
 0.630
 0.630
 0.630
 0.630
 0.630
 0.630
 0.630
 0.630
 0.630
 0.630
 0.630
 0.630
 0.630
 0.630
 0.630
 0.630
 0.630
 0.630
 0.630
 0.630
 0.630
 0.630
 0.630
 0.630
 0.630
 0.630
 0.630
 0.630
 0.630
 0.630
 0.630
 0.630
 0.630
 0.630
 0.630
 0.630
 0.630
 0.630
 0.630
 0.630
 0.630
 0.630
 0.630
 0.630
 0.630
 0.630
 0.630
 0.630
 0.630
 0.630
 0.630
 0.630
 0.630
 0.630
 0.630
 0.630
 0.630
 0.630
 0.630
 0.630
 0.630
 0.630
 0.630
 0.630
 0.630
 0.630
 0.630
 0.630
 0.630
 0.630
 0.630
 0.630
 0.630
 0.630
 0.630
 0.630
 0.630
 0.630
 0.630
 0.630
 0.630
 0.630
 0.630
 0.630
 0.630
 0.630
 0.630
 0.630
 0.630
 0.630
 0.630
 0.630
 0.630
 0.630
 0.630
 0.630

