
 0.710
 0.800
 0.600
 0.720
 0.580
 0.610
 0.670
 0.630
 0.740
 0.640
 0.540
 0.640
 0.660
 0.620
 0.630
 0.590
 0.540
 0.640
 0.620
 0.690
 0.770
 0.590
 0.650
 0.690
 0.730
 0.760
 0.670
 0.710
 0.650
 0.590
 0.730
 0.730
 0.600
 0.550
 0.570
 0.580
 0.600
 0.860
 0.730
 0.760
 0.570
 0.650
 0.730
 0.550
 0.650
 0.720
 0.670
 0.700
 0.580
 0.660
 0.730
 0.650
 0.620
 0.710
 0.590
 0.610
 0.610
 0.500
 0.740
 0.690
 0.680
 0.830
 0.620
 0.630
 0.840
 0.740
 0.650
 0.630
 0.760
 0.670
 0.720
 0.660
 0.710
 0.680
 0.680
 0.580
 0.710
 0.740
 0.570
 0.550
 0.780
 0.670
 0.590
 0.800
 0.620
 0.520
 0.770
 0.550
 0.770
 0.720
 0.690
 0.760
 0.670
 0.520
 0.790
 0.700
 0.700
 0.600
 0.610
 0.620
 0.730
 0.690
 0.710
 0.640
 0.740
 0.740
 0.780
 0.750
 0.550
 0.640
 0.590
 0.650
 0.630
 0.470
 0.760
 0.650
 0.680
 0.620
 0.650
 0.630
 0.720
 0.830
 0.640
 0.680
 0.680
 0.660
 0.610
 0.510
 0.670
 0.740
 0.690
 0.730
 0.640
 0.690
 0.640
 0.610
 0.740
 0.580
 0.700
 0.630
 0.670
 0.560
 0.760
 0.690
 0.680
 0.750
 0.610
 0.600
 0.730
 0.570
 0.640
 0.770
 0.580
 0.650
 0.620
 0.650
 0.660
 0.840
 0.560
 0.680
 0.620
 0.680
 0.650
 0.760
 0.540
 0.700
 0.680
 0.630
 0.570
 0.680
 0.750
 0.620
 0.530
 0.610
 0.660
 0.710
 0.670
 0.690
 0.770
 0.490
 0.630
 0.580
 0.770
 0.620
 0.750
 0.590
 0.660
 0.600
 0.590
 0.570
 0.690
 0.700
 0.640
 0.740
 0.720
 0.600
 0.750
 0.770
 0.720
 0.630
 0.660
 0.730
 0.670
 0.600
 0.640
 0.730
 0.680
 0.640
 0.730
 0.600
 0.820
 0.560
 0.690
 0.650
 0.710
 0.790
 0.770
 0.680
 0.670
 0.760
 0.550
 0.700
 0.720
 0.680
 0.710
 0.610
 0.480
 0.530
 0.590
 0.770
 0.790
 0.560
 0.580
 0.630
 0.860
 0.720
 0.660
 0.450
 0.630
 0.620
 0.760
 0.810
 0.630
 0.740
 0.730
 0.700
 0.590
 0.700
 0.660
 0.530
 0.620
 0.750
 0.880
 0.710
 0.790
 0.800
 0.610
 0.640
 0.660
 0.650
 0.690
 0.610
 0.590
 0.590
 0.720
 0.680
 0.600
 0.620
 0.640
 0.650
 0.610
 0.560
 0.740
 0.510
 0.560
 0.650
 0.760
 0.720
 0.660
 0.760
 0.860
 0.670
 0.710
 0.610
 0.620
 0.590
 0.750
 0.720
 0.750
 0.740
 0.570
 0.600
 0.680
 0.800
 0.640
 0.670
 0.580
 0.740
 0.830
 0.660

