0.41927583894233394 1
0.4288221688018752 1
0.4389234134678935 1
0.44282061388173605 1
0.44615077258433916 1
0.4464008099340262 1
0.4468246393352051 1
0.4492774442905872 1
0.4512196448457292 1
0.4514680866785396 1
0.45228028375151974 1
0.4533704387860855 1
0.4551546811437057 1
0.4551596695964075 1
0.4555847567360931 1
0.45745854840928657 1
0.4578138876761288 1
0.46062586538565603 1
0.4616474811618852 1
0.46169639404227314 1
0.4618673643753186 1
0.4631138561316921 1
0.463855624201825 1
0.46523208971221597 1
0.46561080694022416 1
0.46586270686980247 1
0.46727328122718137 1
0.46731753833044765 1
0.468495784780385 1
0.46933267596080697 1
0.4699456092801242 1
0.4705220295985298 1
0.4706429893734797 1
0.4721284016866843 1
0.47306726729995957 1
0.4733134450035832 1
0.473920815384653 1
0.47404477419048796 1
0.4741464944531326 1
0.47444382607265084 1
0.47463510606831205 1
0.4747582972282661 1
0.47513742302156564 1
0.47611627133452933 1
0.4771842554098227 1
0.47760423466735796 1
0.47764289955558903 1
0.477782517181126 1
0.47817186624541025 1
0.4784446222648382 1
0.4785197907773325 1
0.4786655227000758 1
0.47925066715427866 1
0.47929615705290307 1
0.4800498416220803 1
0.48013338938813155 1
0.4814122009618864 1
0.48234731978898227 1
0.48257152751054777 1
0.4827460319399781 1
0.4833526095646094 1
0.4835787917656451 1
0.4837780993467504 1
0.4843318946021413 1
0.48487486134820323 1
0.4854947826665586 1
0.4861418314079604 1
0.48646893686797554 1
0.4873055822794699 1
0.4877896339442978 1
0.48785875852207183 1
0.488373158236096 1
0.48875544649300473 1
0.48903194810085665 1
0.48950175172422256 1
0.49042088545681123 1
0.4905007159683105 1
0.4908283229344388 1
0.4922429209491815 1
0.4923848763708373 1
0.49279451664881535 1
0.49497548661650725 1
0.49500884929504 1
0.4953735041591977 1
0.49560416677054114 1
0.4960685485629046 1
0.49669441770028216 1
0.49721920773469264 1
0.4973187469880084 1
0.4976354681905279 1
0.497756201924911 1
0.4980480219351013 1
0.49809843856449293 1
0.49835564333140026 1
0.4986261048407444 1
0.4989055312960501 1
0.4989113510097789 1
0.49915001733928094 1
0.49975226359369324 1
0.49992907345074217 1
0.5001146155261205 1
0.5008674879826245 1
0.5018737505995771 1
0.5033853003754211 1
0.5035318542002716 1
0.5037352970770566 1
0.5046344510599873 1
0.5049046626441902 1
0.505216638639779 1
0.5056255311331926 1
0.5065573341248161 1
0.5066732488892579 1
0.5079999229427621 1
0.5081314311000418 1
0.5082830681505983 1
0.5084058166499326 1
0.5084765890578073 1
0.5085404429587406 1
0.5089652389759902 1
0.5092211035050145 1
0.509530375109903 1
0.5099864771716188 1
0.5100873521881124 1
0.5112066040681309 1
0.5113843120165842 1
0.5114206283526899 1
0.5126459998298928 1
0.5129064310191258 1
0.5129225551183731 1
0.5132057169614028 1
0.5135232927320221 1
0.5135305100358147 1
0.5137778811019265 1
0.5138195518376704 1
0.5138240164528486 1
0.5147215007343849 1
0.514879576379324 1
0.5164146850801979 1
0.5170673147921234 1
0.5170823820523125 1
0.5175469448426039 1
0.5179470149880461 1
0.5183248398110553 1
0.5184817450536462 1
0.5191506244633994 1
0.5203573469812892 1
0.5205597326707401 1
0.5209932213397905 1
0.5210198104173248 1
0.5211627735596823 1
0.5212610350440026 1
0.5220747178427171 1
0.5224990296079595 1
0.523249559681117 1
0.5234511718374152 1
0.523763929897016 1
0.5243559996291219 1
0.5244093517739724 1
0.524997189374386 1
0.5255810207995978 1
0.5260495393343095 1
0.5261208642992238 1
0.5265518483036619 1
0.5267917824314434 1
0.5271623039675081 1
0.5272540311527666 1
0.5277549004865206 1
0.5277853193984544 1
0.5278085388686478 1
0.5279983986632192 1
0.5283219505553786 1
0.5288536862476024 1
0.5299152152884438 1
0.5300629863746289 1
0.5312892699616242 1
0.5317089902081673 1
0.5327909138809385 1
0.5328254441016389 1
0.5353095111829022 1
0.538445929312574 1
0.5390331943038678 1
0.5397374621377364 1
0.539764893988731 1
0.541333021223018 1
0.5418265560168815 1
0.5420352589157635 1
0.5421200912432468 1
0.5434323644266302 1
0.5440108098689455 1
0.5456746612506028 1
0.5458276242083041 1
0.5460968723957383 1
0.5465192811429376 1
0.5467013609821949 1
0.5468742544792307 1
0.5490435940409345 1
0.5503971770402916 1
0.5579084254019656 1
0.5579966469197006 1
0.5822035457173595 1
