
 0.503
 0.591
 0.629
 0.633
 0.633
 0.636
 0.636
 0.636
 0.636
 0.636
 0.636
 0.636
 0.636
 0.636
 0.636
 0.636
 0.636
 0.636
 0.636
 0.636
 0.636
 0.636
 0.636
 0.636
 0.636
 0.636
 0.636
 0.636
 0.636
 0.636
 0.636
 0.636
 0.636
 0.636
 0.636
 0.636
 0.636
 0.636
 0.636
 0.636
 0.636
 0.636
 0.636
 0.636
 0.636
 0.636
 0.636
 0.636
 0.636
 0.636
 0.636
 0.636
 0.636
 0.636
 0.636
 0.636
 0.636
 0.636
 0.636
 0.636
 0.636
 0.636
 0.636
 0.636
 0.636
 0.636
 0.636
 0.636
 0.636
 0.636
 0.636
 0.636
 0.636
 0.636
 0.636
 0.636
 0.636
 0.636
 0.636
 0.636
 0.636
 0.636
 0.636
 0.636
 0.636
 0.636
 0.636
 0.636
 0.636
 0.636
 0.636
 0.636
 0.636
 0.636
 0.636
 0.636
 0.636
 0.636
 0.636
 0.636
 0.636
 0.636
 0.636
 0.636
 0.636
 0.636
 0.636
 0.636
 0.636
 0.636
 0.636
 0.636
 0.636
 0.636
 0.636
 0.636
 0.636
 0.636
 0.636
 0.636
 0.636
 0.636
 0.636
 0.636
 0.636
 0.636
 0.636
 0.636
 0.636
 0.636
 0.636
 0.636
 0.636
 0.636
 0.636
 0.636
 0.636
 0.636
 0.636
 0.636
 0.636
 0.636
 0.636
 0.636
 0.636
 0.636
 0.636
 0.636
 0.636
 0.636
 0.636
 0.636
 0.636
 0.636
 0.636
 0.636
 0.636
 0.636
 0.636
 0.636
 0.636
 0.636
 0.636
 0.636
 0.636
 0.636
 0.636
 0.636
 0.636
 0.636
 0.636
 0.636
 0.636
 0.636
 0.636
 0.636
 0.636
 0.636
 0.636
 0.636
 0.636
 0.636
 0.636
 0.636
 0.636
 0.636
 0.636
 0.636
 0.636
 0.636
 0.636
 0.636
 0.636
 0.636
 0.636
 0.636
 0.636
 0.636
 0.636
 0.636

