0.3516027420623252 1
0.3549129580963124 1
0.35781818992133224 1
0.36176465273144515 1
0.3626944542037751 1
0.3643857672441914 1
0.36445250107003546 1
0.36473490950855214 1
0.3652794220649687 1
0.3691940225843271 1
0.37115820922634 1
0.3713961179091498 1
0.3723309123788747 1
0.3727597606788521 1
0.37323360497178326 1
0.3742998801736597 1
0.37576248046438177 1
0.37623167994151957 1
0.3769887304492185 1
0.3774869766452852 1
0.3776083447998975 1
0.37795437509753144 1
0.3784167275065743 1
0.3788374014783369 1
0.37910718940615923 1
0.3798609141464194 1
0.3813674755048463 1
0.3828784262256594 1
0.3830423055513986 1
0.3836482615018452 1
0.3838671134579566 1
0.3841671739936953 1
0.3842230370899315 1
0.38460317433688695 1
0.38468146302479383 1
0.3848007880776744 1
0.38521081493791415 1
0.3859170811650971 1
0.38691185335976513 1
0.387590991519777 1
0.38802465814735304 1
0.3881321428717098 1
0.3884808506631392 1
0.3885311562362581 1
0.3891076390676914 1
0.39016705701161286 1
0.3905015208000937 1
0.39065432009323287 1
0.3906942693494076 1
0.3907337252857071 1
0.39102815871236757 1
0.39103487590138003 1
0.391121349091622 1
0.39134041359050104 1
0.39181415851303314 1
0.3919618596984161 1
0.39198436203796994 1
0.3919994547491074 1
0.39259200593202254 1
0.3927907764597394 1
0.3928113042270548 1
0.3941788805616854 1
0.3943197914438408 1
0.3943407529169933 1
0.39434413442869987 1
0.3951083995633806 1
0.3951249628585834 1
0.39558611638565755 1
0.39578073722767465 1
0.39590625335530943 1
0.39605824227241226 1
0.3960764925344941 1
0.39652703555996593 1
0.396667324823551 1
0.39670490386053525 1
0.3967451848793884 1
0.39804941923118925 1
0.3982329063871434 1
0.39835123143119233 1
0.3984070427421893 1
0.39863090767972464 1
0.3988315673624405 1
0.399266106305703 1
0.39931514328181633 1
0.3993374670567208 1
0.39951619455812415 1
0.4002424163721332 1
0.4003346257715327 1
0.400533583771085 1
0.40072163032552127 1
0.4007947271168542 1
0.40084484493746 1
0.4008853245819512 1
0.4009480626828369 1
0.4010189719806435 1
0.4021980482616953 1
0.4032105120968936 1
0.4035890652473668 1
0.4040716359006143 1
0.40430014258975505 1
0.4043397497556711 1
0.4048088382665915 1
0.4053303910125296 1
0.4056350768377779 1
0.4057716608004063 1
0.40577834749725616 1
0.4064953238556661 1
0.4067681368628561 1
0.40694034389675837 1
0.40744869614043466 1
0.40748043817483776 1
0.4074896202835436 1
0.40759348918468086 1
0.40771727395035334 1
0.40786996971673245 1
0.40797025551375166 1
0.4083883344276278 1
0.4084962133414553 1
0.40876548334192864 1
0.40912870267672846 1
0.409167571062148 1
0.4093513017710555 1
0.40938835831936027 1
0.41083338936545616 1
0.4112421832816182 1
0.41143575380938513 1
0.4116355573554891 1
0.4123335863224802 1
0.4126064580353382 1
0.41265690184555287 1
0.41364844075623936 1
0.41370802868433953 1
0.4139202395618029 1
0.4144871608927864 1
0.41546647852645 1
0.41624612721161003 1
0.4172646569434337 1
0.417368537913428 1
0.4174726960769042 1
0.417559573109097 1
0.41771059132873356 1
0.41794463802168585 1
0.41806135904244857 1
0.41808540878679035 1
0.4181745932289478 1
0.4182059153659422 1
0.41897881496894923 1
0.41921526053896513 1
0.420298639358425 1
0.42084638470950514 1
0.4215034285185332 1
0.4216842994775428 1
0.42177217331328976 1
0.4218705097843487 1
0.42250611915098574 1
0.4227711096673184 1
0.4229054219450034 1
0.42432653416964333 1
0.4244037952877535 1
0.4247986705230219 1
0.4253731748203181 1
0.42543882505437564 1
0.425896104998232 1
0.4261406632324445 1
0.42647092174983675 1
0.42682470818059415 1
0.42732157896760753 1
0.42846947298442406 1
0.4288215628029196 1
0.42894756116686117 1
0.42930035901613095 1
0.4293021712437446 1
0.42971482803650624 1
0.42990916920201094 1
0.4302991154067237 1
0.43067028223397086 1
0.43261821545331486 1
0.4327699958031647 1
0.43342225925253614 1
0.4340334696980122 1
0.434673801240817 1
0.43536781873433195 1
0.43585539004106066 1
0.43760428130732054 1
0.43785881503793095 1
0.4385992252775637 1
0.4396690021037791 1
0.4412732381778899 1
0.4414421784363466 1
0.44193980113895653 1
0.4420216046752951 1
0.4431884077022377 1
0.44376488926828833 1
0.4442855629828438 1
0.4445072453356461 1
0.4482554727180055 1
0.45061463624964176 1
0.4544976334854151 1
0.46022765726910514 1
0.4669568076388116 1
