
 0.401
 0.428
 0.460
 0.438
 0.397
 0.390
 0.389
 0.398
 0.467
 0.406
 0.438
 0.391
 0.392
 0.383
 0.419
 0.378
 0.389
 0.429
 0.364
 0.426
 0.401
 0.383
 0.376
 0.442
 0.394
 0.433
 0.418
 0.408
 0.429
 0.378
 0.429
 0.406
 0.373
 0.404
 0.391
 0.377
 0.430
 0.426
 0.436
 0.398
 0.391
 0.373
 0.391
 0.414
 0.400
 0.387
 0.417
 0.397
 0.362
 0.406
 0.430
 0.407
 0.393
 0.371
 0.400
 0.424
 0.393
 0.386
 0.422
 0.384
 0.418
 0.399
 0.396
 0.385
 0.417
 0.402
 0.406
 0.418
 0.392
 0.408
 0.385
 0.399
 0.414
 0.414
 0.399
 0.374
 0.372
 0.408
 0.407
 0.401
 0.427
 0.441
 0.388
 0.384
 0.409
 0.393
 0.411
 0.376
 0.441
 0.415
 0.422
 0.377
 0.425
 0.433
 0.451
 0.425
 0.396
 0.358
 0.448
 0.394
 0.392
 0.416
 0.442
 0.396
 0.365
 0.419
 0.395
 0.429
 0.391
 0.398
 0.398
 0.411
 0.421
 0.444
 0.427
 0.404
 0.397
 0.422
 0.384
 0.404
 0.403
 0.399
 0.434
 0.381
 0.352
 0.385
 0.379
 0.418
 0.405
 0.444
 0.364
 0.365
 0.401
 0.379
 0.435
 0.440
 0.388
 0.417
 0.423
 0.404
 0.422
 0.412
 0.401
 0.418
 0.423
 0.439
 0.408
 0.445
 0.391
 0.411
 0.408
 0.371
 0.408
 0.430
 0.380
 0.396
 0.396
 0.394
 0.399
 0.409
 0.425
 0.435
 0.454
 0.391
 0.384
 0.388
 0.424
 0.391
 0.363
 0.385
 0.388
 0.405
 0.409
 0.394
 0.413
 0.369
 0.426
 0.355
 0.401
 0.397
 0.412
 0.407
 0.395
 0.409
 0.413
 0.418
 0.418
 0.400
 0.407
 0.401
 0.431
 0.420
 0.414
 0.433
 0.409
 0.423
 0.378
 0.392
 0.443
 0.407

