0.43972694671225865 1
0.4493551916327203 1
0.4708094895963878 1
0.47306282110617576 1
0.47407661859572153 1
0.4759647434685409 1
0.476311853030326 1
0.4790685992722844 1
0.48111378220345585 1
0.4822707118551084 1
0.48271867751511016 1
0.4833862234206377 1
0.48433346930694343 1
0.48437860504581237 1
0.4852755047055439 1
0.48732231541369286 1
0.48790768498725084 1
0.48808139903948083 1
0.48812264566943253 1
0.48882009022834794 1
0.48899520158871035 1
0.4893955522159467 1
0.4898590377841641 1
0.49002520300733077 1
0.4900412251122113 1
0.4903910630559455 1
0.4911053240249948 1
0.49281353829644226 1
0.4936553348426622 1
0.49373585321259944 1
0.49393639726058586 1
0.4944971863283997 1
0.49476961910383355 1
0.49503749896740534 1
0.49569065262639206 1
0.49626193662188633 1
0.4963444493843743 1
0.49734068112205443 1
0.497485017426676 1
0.49801280827730154 1
0.49841500055645127 1
0.4990152876075797 1
0.4996418170154508 1
0.4996480686769207 1
0.49967042994030597 1
0.4997430227001064 1
0.5007996053776442 1
0.5008832565771911 1
0.5009215645224416 1
0.502982551359329 1
0.5029961284451889 1
0.5032659037666009 1
0.5043828330803184 1
0.504385317424375 1
0.5044704990367772 1
0.5046073202640007 1
0.5048320294434219 1
0.5065484255757986 1
0.506824427838438 1
0.5073350797450839 1
0.5077351840831748 1
0.5078528725278434 1
0.5082229105776449 1
0.5083381748444976 1
0.508420443603946 1
0.509164078693599 1
0.5093283203109867 1
0.5093913949743282 1
0.5097145621182978 1
0.5099775581354806 1
0.5101018731540963 1
0.5104384578703269 1
0.5108568056442717 1
0.5108729640079106 1
0.5110895895396467 1
0.5118037316003554 1
0.5120462476448552 1
0.512140942110019 1
0.5122873962695259 1
0.51309298715095 1
0.5136284608684097 1
0.5138119264992898 1
0.5143151807116736 1
0.5144939496066029 1
0.514535621942488 1
0.5147667818210483 1
0.515427436149981 1
0.5162525270105971 1
0.5171017210333637 1
0.5176303833735723 1
0.5188668398132833 1
0.5189877720133136 1
0.5190399789012319 1
0.5194420439043346 1
0.5195706520380999 1
0.5195921064513445 1
0.5197283999842919 1
0.5202577714495831 1
0.5204182319812617 1
0.5205832236301802 1
0.5211721279635136 1
0.5217855735487689 1
0.5220710496803471 1
0.5221281752818097 1
0.5221334439052069 1
0.5235810680974614 1
0.5236869214745936 1
0.5251708875735168 1
0.5252407375338594 1
0.526166773688445 1
0.5261733044792638 1
0.526374172902807 1
0.5263767396303626 1
0.5266961365457626 1
0.5268545861444143 1
0.527470413139494 1
0.5278321339415695 1
0.5284032139023433 1
0.5300936503064421 1
0.5302284270395583 1
0.530252364842155 1
0.530340438339596 1
0.5304471124139536 1
0.5306305312835714 1
0.530786480743244 1
0.5311930561599465 1
0.5319699631939835 1
0.5319957382689293 1
0.5320321926420444 1
0.5326060257657881 1
0.5339033117293205 1
0.5341446152040963 1
0.5344207472906161 1
0.5348069573462044 1
0.5349318142402434 1
0.5352113094456126 1
0.535212212979613 1
0.5354840081105503 1
0.5356792086640355 1
0.5365448867513749 1
0.5367041156594375 1
0.5368926451672047 1
0.5372129192488688 1
0.5376461198842243 1
0.5387613293851078 1
0.5389553631396576 1
0.5389933529811218 1
0.5391572357248531 1
0.5396271099715251 1
0.5399175175414165 1
0.5399696242227137 1
0.5404403274836578 1
0.5405144191962922 1
0.5407060567476144 1
0.5412464711496912 1
0.5430121154505383 1
0.5431516803130836 1
0.5433467142259836 1
0.5441930842045667 1
0.5449496664203707 1
0.5453074274125027 1
0.5457829323517838 1
0.5463235189285938 1
0.5471375539992767 1
0.5471817593614228 1
0.5474171527170573 1
0.5477989060763736 1
0.5481345840579983 1
0.54819869779538 1
0.5481987036067921 1
0.5494280061662807 1
0.5495872852470257 1
0.5506070792176652 1
0.5516278634106563 1
0.5518009794010259 1
0.5536006978439961 1
0.553954352621973 1
0.5540215990122901 1
0.5558058300076602 1
0.556220504876379 1
0.5576082925266038 1
0.5578493434265881 1
0.5582891098559948 1
0.5587772458815775 1
0.5588409033447909 1
0.5592545962200486 1
0.559282314484262 1
0.5633479045781542 1
0.5651052467684037 1
0.5663790065127808 1
0.566881289074045 1
0.5669351869008988 1
0.5671409496820394 1
0.5692594651927937 1
0.5743288500660649 1
0.5754338283441508 1
0.5805832095734671 1
0.5823202970884034 1
0.5903877419256457 1
0.5939685064573661 1
