2 43
1 41
0 33
0 47
0 38
0 40
1 39
1 37
2 46
0 42
2 48
0 40
0 34
1 50
0 45
1 42
2 33
0 26
0 35
1 35
2 44
2 50
1 41
0 43
2 49
2 45
1 39
0 41
1 38
1 36
2 35
0 33
1 38
1 32
2 32
0 49
0 45
2 39
2 43
2 38
0 50
2 39
1 44
0 52
1 41
2 37
2 46
1 51
2 32
2 48
0 32
1 58
2 40
1 46
2 30
0 41
1 48
1 46
0 44
1 34
2 47
2 37
0 30
1 40
2 43
1 46
1 31
0 47
0 33
1 35
2 37
2 42
2 39
1 36
1 41
0 50
2 49
2 41
2 37
2 48
0 34
0 41
2 34
1 44
1 37
1 35
0 42
2 49
2 42
1 40
1 39
0 53
1 39
1 34
2 47
2 37
1 34
2 40
0 43
1 33
0 54
1 36
0 42
2 43
2 42
0 30
0 41
1 50
1 35
2 38
1 34
2 44
0 48
2 44
0 40
2 47
1 45
0 53
2 51
1 30
2 30
2 48
2 44
2 35
2 47
0 57
1 48
1 27
0 48
0 37
0 45
1 48
2 40
1 48
0 33
1 43
2 42
0 44
1 47
2 35
1 49
2 42
0 50
0 32
2 40
1 48
2 35
1 32
0 41
0 41
0 54
1 45
0 53
1 44
0 37
1 39
1 39
2 54
1 41
1 42
1 34
1 38
1 40
0 43
2 53
0 33
1 28
0 40
2 39
2 49
0 40
1 41
2 48
0 30
2 44
0 47
1 43
0 48
0 44
2 41
0 37
0 47
2 37
1 32
1 48
1 47
0 31
1 33
1 48
2 33
2 33
2 50
0 24
0 39
1 37
0 41
0 44
1 36
2 37
1 52
