0.3915613726919565 1
0.39634291702961477 1
0.4023313487640334 1
0.4063646959759082 1
0.40734438387245225 1
0.40824339069478244 1
0.40830062554402013 1
0.4087737875268504 1
0.4095558465213124 1
0.40986954302208967 1
0.4099879422613432 1
0.4123168609566724 1
0.41343264135471053 1
0.41480473691545394 1
0.4148825781305085 1
0.4150411004197769 1
0.41556720598130087 1
0.41599835852854683 1
0.41699668288011593 1
0.41737052733370733 1
0.4183640521961312 1
0.4183869799217007 1
0.4184261597789314 1
0.4185029845567844 1
0.4185234444337672 1
0.4186013588932389 1
0.4191709355825376 1
0.41918812062617733 1
0.41942252450051454 1
0.4194801943239359 1
0.4196965329254601 1
0.419854620240545 1
0.4199328964297834 1
0.4206371142091907 1
0.42077597332542693 1
0.42085287134769717 1
0.42128308070215886 1
0.4215972121771196 1
0.42177197631724345 1
0.4222417169778966 1
0.4223577948573971 1
0.42236062443575095 1
0.422459433746389 1
0.4226934026465428 1
0.4230070991473195 1
0.4233961690145645 1
0.4235933526616574 1
0.4238482896573941 1
0.42459167701322653 1
0.42470913305969554 1
0.42482847549173336 1
0.42490537351400354 1
0.4250419112704871 1
0.42523764350619464 1
0.42551121695695654 1
0.4256100262675947 1
0.4258253484319172 1
0.4266278673033621 1
0.4267081866478093 1
0.4267644783042626 1
0.4268064877398467 1
0.42694018563717107 1
0.4270399484213997 1
0.42803732958018414 1
0.4282516982709167 1
0.42831235444233146 1
0.4283352821679008 1
0.4284106555343687 1
0.42891914107806867 1
0.42927099071806935 1
0.4295264359324069 1
0.4295842522446629 1
0.4298606655545841 1
0.43005355793113204 1
0.4301332958125615 1
0.4301938787395593 1
0.4304249345361365 1
0.43052287389840743 1
0.4306827743546442 1
0.4308193018303217 1
0.43083845678475335 1
0.4310122044876759 1
0.4312484947475818 1
0.4315431095383446 1
0.4315636426597441 1
0.43207016857345826 1
0.43214800978851287 1
0.432188132838528 1
0.432503715724874 2
0.4328536789793057 1
0.43303083772359935 1
0.43306943611781196 1
0.43308996923921156 1
0.43318689216428075 1
0.43323035301125024 1
0.4333811729886031 1
0.43342129603861823 1
0.4334791123508737 1
0.43352017859367337 1
0.4335798812914978 1
0.4335989630015124 1
0.43369486948938013 1
0.4338132687286336 1
0.4341064321080109 1
0.43428264765952007 1
0.4344010468987735 1
0.4346731689381504 1
0.4347729214415728 1
0.43477393787877455 1
0.4349687269216972 1
0.4350856747495655 1
0.4352026225774338 1
0.43565575965746506 1
0.43580846602038664 1
0.4361035890297501 1
0.4363599774368723 1
0.4367132155246468 1
0.4369256978298101 1
0.43698824038679407 1
0.4376127305655778 1
0.4377883646540691 1
0.437885795797739 1
0.4379832269414093 1
0.4380815280334462 1
0.4381799023699008 1
0.4386473216708013 1
0.43866974117776997 1
0.4390407457722021 1
0.439099007339447 1
0.43929662596072355 1
0.43967047041431473 1
0.43970673716796915 1
0.44011641340103097 1
0.4402152227116691 1
0.44082396897739234 1
0.44086067070523044 1
0.44099771668031496 1
0.4412536701132535 1
0.44205618898469806 1
0.44225003483483655 1
0.4422720193676215 1
0.4427986331477459 1
0.44305407836208355 1
0.4436603567792202 1
0.443737689775674 1
0.4439554797885837 1
0.4445808399157347 1
0.44471745091663534 1
0.4450506641016109 1
0.44528607413234356 1
0.4453476734965431 1
0.44557967248590474 1
0.4461101425623897 1
0.44620503261305605 1
0.4463034801939274 1
0.44645959759822046 1
0.44677707715094106 1
0.44700769797333495 1
0.44714663033398805 1
0.44732277264108 1
0.4479477710384646 1
0.4486519155734549 1
0.44871402315625497 1
0.448772782661295 1
0.4495743583399554 1
0.4498298035542932 1
0.45043615521584696 1
0.4506896305193927 1
0.4509040094909312 1
0.45131557210956186 1
0.45141539785740165 1
0.45163064677730724 1
0.4530600504317055 1
0.4540770947635223 1
0.4542718105620284 1
0.45480220739409644 1
0.4550342796278751 1
0.45556373326715865 1
0.4563873667230211 1
0.45664281193735873 1
0.4579328482569201 1
0.4586389524218964 1
0.4590705399433263 1
0.45950212746475594 1
0.45954078882258 1
0.4601662954385653 1
0.4616930569922164 1
0.4627104630538001 1
0.4630050046001456 1
0.46321938357168385 1
0.4641599648554146 1
0.4646140451282302 1
0.46607688595792945 1
0.4664912781549137 1
0.46778029803727317 1
0.46995309932830964 1
0.47050118942261804 1
0.47343937288307736 1
0.47686687665199934 1
