
 2.440
 2.290
 2.390
 2.390
 2.130
 2.330
 2.430
 2.310
 2.220
 1.970
 2.130
 2.150
 1.920
 2.210
 2.340
 2.170
 2.280
 2.310
 2.180
 2.020
 2.020
 2.320
 2.390
 2.310
 2.170
 2.130
 2.420
 2.080
 2.460
 2.160
 2.090
 2.300
 2.180
 2.430
 2.270
 2.240
 2.010
 2.300
 1.940
 2.300
 2.610
 2.350
 2.090
 2.280
 2.220
 2.370
 2.110
 2.090
 2.250
 2.050
 2.470
 2.260
 2.050
 2.320
 2.300
 2.280
 2.040
 2.070
 2.190
 2.320
 2.130
 2.100
 2.190
 2.260
 2.190
 2.240
 2.100
 2.310
 2.170
 2.160
 2.050
 2.030
 2.200
 2.020
 2.230
 2.420
 2.290
 2.510
 2.390
 2.060
 2.520
 1.990
 2.380
 1.990
 2.080
 2.130
 2.350
 2.310
 1.910
 2.440

