0.38980982201577574 1
0.4055574841756205 1
0.40681232515677523 1
0.41248524747321835 1
0.4151635795098587 1
0.4185765001029882 1
0.41905560953198856 1
0.41962234689092853 1
0.42025691059042203 1
0.42242429728404324 1
0.4226692633403671 1
0.43061318782711616 1
0.43066341110850465 1
0.4306692032640715 1
0.43077328662955516 1
0.4308848865297418 1
0.43146474017614367 1
0.43155816057897056 1
0.4330563173733308 1
0.4335947543835148 1
0.43507320409815686 1
0.4361596832095963 1
0.43674555580863333 1
0.43689096169179836 1
0.437194273727591 1
0.4372085392009676 1
0.43727466351305727 1
0.43782600866866334 1
0.43882169503174545 1
0.43952577891615485 1
0.4395805371964558 1
0.43958173518103777 1
0.4400777549349984 1
0.4402229151427602 1
0.4412228923230013 1
0.4416496906540589 1
0.4430074621200527 1
0.44499673628181163 1
0.4454115660907975 1
0.4462867139899598 1
0.44716855303000635 1
0.44780429190253057 1
0.44783167331144236 1
0.44840342861308835 1
0.44894032640398907 1
0.4494382906908329 1
0.4498269940822825 1
0.44991813869595526 1
0.45003974279078823 1
0.45005092970182825 1
0.45038073210891755 1
0.45091474886662214 1
0.4510667692970991 1
0.4517480607926781 1
0.4524381498169244 1
0.4530380913123235 1
0.4532011669768288 1
0.45374864469670817 1
0.453846744985345 1
0.45432217051824425 1
0.4552958994660859 1
0.4554344956160355 1
0.45567086656854694 1
0.4576770988744396 1
0.4577362767461412 1
0.4579150314665798 1
0.45850981941401053 1
0.45916015410485594 1
0.459241678719912 1
0.45972068807945354 1
0.459846545055226 1
0.4604060999886702 1
0.46059967241054545 1
0.4610746136943953 1
0.46139152515901033 1
0.46155496378286515 1
0.46196300385103584 1
0.4624970641296795 1
0.46267371844091565 1
0.4629085344903619 1
0.4629582773348344 1
0.4633602717446832 1
0.4635300172448978 1
0.46434093259561465 1
0.46572246140035434 1
0.4657507258842105 1
0.46582106896387315 1
0.4663004157448121 1
0.46632981890851205 1
0.466447872788279 1
0.4665688638718396 1
0.4667838422041298 1
0.46701788933837024 1
0.4672154758731595 1
0.468277676243013 1
0.46850551002041285 1
0.46967974107529187 1
0.4698218066803683 1
0.46992958596030865 1
0.4700968784071741 1
0.47022052066909376 1
0.4704612704407223 1
0.4709273786758558 1
0.4711221807753068 1
0.4715984329655112 1
0.4716693636160852 1
0.4738388365631658 1
0.474770129435144 1
0.474994058722517 1
0.4751891515443405 1
0.47526429294348665 1
0.4752709601678929 1
0.4755321430724224 1
0.4760056813940707 1
0.4762631371578619 1
0.47738444325841234 1
0.4776691048415295 1
0.4778453658108452 1
0.4779498883025228 1
0.4783416612738472 1
0.47846125044588644 1
0.4786205621695573 1
0.4799571095641486 1
0.4806085968098727 1
0.48067001782070207 1
0.4819101550295239 1
0.4820413289162323 1
0.4823586380736795 1
0.4824361736508094 1
0.48269725592514107 1
0.4837676372298094 1
0.4838106240908697 1
0.4838423434328892 1
0.48423049637992127 1
0.4844175379720953 1
0.484429755832428 1
0.48497565330066983 1
0.4857394560747389 1
0.4859760159030086 1
0.4863489463167436 1
0.48692160952492697 1
0.4874326059535688 1
0.4876200250720783 1
0.4877954071850343 1
0.4880347125861242 1
0.4882884575418271 1
0.4886007787118863 1
0.48907209129938756 1
0.49009549100423777 1
0.4914005359299465 1
0.4921451014989689 1
0.49254818527951083 1
0.49306378527920947 1
0.4938842326138639 1
0.4940066898477663 1
0.49494355010112284 1
0.49526408378959913 1
0.49537836105521504 1
0.495780901009238 1
0.49608470907995494 1
0.4970352450500753 1
0.49710949495683904 1
0.4978860619139984 1
0.4989639429138496 1
0.4992828394792122 1
0.4998398622677937 1
0.49999552821505944 1
0.5001343652490572 1
0.5003083149051423 1
0.5013362079747977 1
0.5016220063087595 1
0.5018154566942875 1
0.50215522987393 1
0.5026535241841089 1
0.502741564239119 1
0.5030628406340318 1
0.503462936077162 1
0.503862004775002 1
0.5063740787661013 1
0.5067318404571889 1
0.5071942392771576 1
0.507466068562388 1
0.5084546122965082 1
0.5093691166522172 1
0.5105883315370978 1
0.5106624760398835 1
0.5114504541944616 1
0.5126398313474607 1
0.5147737665961868 1
0.516413210024423 1
0.5173223788534569 1
0.5178556354428653 1
0.5183006530644036 1
0.5225196870586954 1
0.5248769686294384 1
0.5274954052539441 1
0.5280799848434001 1
0.5353141517783426 1
0.5360891401386251 1
0.5439136713801203 1
