
 0.508
 0.470
 0.535
 0.461
 0.458
 0.450
 0.495
 0.456
 0.455
 0.523
 0.470
 0.415
 0.496
 0.497
 0.451
 0.431
 0.495
 0.462
 0.437
 0.453
 0.390
 0.518
 0.494
 0.437
 0.452
 0.480
 0.502
 0.491
 0.438
 0.477
 0.466
 0.467
 0.470
 0.513
 0.484
 0.467
 0.482
 0.493
 0.436
 0.481
 0.431
 0.450
 0.419
 0.463
 0.437
 0.470
 0.499
 0.455
 0.485
 0.488
 0.544
 0.506
 0.431
 0.440
 0.478
 0.504
 0.407
 0.461
 0.431
 0.460
 0.460
 0.499
 0.496
 0.503
 0.470
 0.487
 0.486
 0.502
 0.466
 0.476
 0.479
 0.451
 0.501
 0.454
 0.470
 0.437
 0.453
 0.486
 0.419
 0.467
 0.536
 0.489
 0.450
 0.525
 0.431
 0.445
 0.507
 0.449
 0.487
 0.482
 0.466
 0.484
 0.422
 0.439
 0.509
 0.503
 0.478
 0.434
 0.462
 0.475
 0.454
 0.500
 0.440
 0.475
 0.463
 0.420
 0.482
 0.468
 0.449
 0.464
 0.458
 0.461
 0.466
 0.406
 0.466
 0.469
 0.488
 0.452
 0.460
 0.478
 0.458
 0.507
 0.464
 0.435
 0.463
 0.503
 0.475
 0.450
 0.446
 0.486
 0.488
 0.484
 0.511
 0.440
 0.466
 0.475
 0.507
 0.420
 0.475
 0.448
 0.467
 0.518
 0.454
 0.448
 0.494
 0.476
 0.484
 0.503
 0.498
 0.489
 0.517
 0.447
 0.443
 0.431
 0.476
 0.462
 0.492
 0.433
 0.500
 0.511
 0.474
 0.528
 0.459
 0.497
 0.412
 0.459
 0.495
 0.463
 0.484
 0.440
 0.478
 0.484
 0.516
 0.472
 0.490
 0.493
 0.482
 0.500
 0.437
 0.471
 0.478
 0.445
 0.450
 0.471
 0.511
 0.432
 0.500
 0.472
 0.481
 0.442
 0.441
 0.440
 0.448
 0.488
 0.459
 0.515
 0.502
 0.527
 0.423
 0.483

