0.4071528427509766 1
0.4222803562686625 1
0.42474277879327355 1
0.43534414160156226 1
0.44051810322325047 1
0.44641363516997923 1
0.44837830538293394 1
0.4493723509612457 1
0.4494289172071174 1
0.45163277062886176 1
0.4519422570731478 1
0.45268691874703765 1
0.4529324175010443 1
0.4530189172192024 1
0.45310451748556935 1
0.45373755436817087 1
0.4542850395290063 1
0.4543111303618828 1
0.4550751904205256 1
0.45829385001037004 1
0.459756208469887 1
0.45999091208560616 1
0.46137157863738376 1
0.46146192921581763 1
0.46155979060854285 1
0.46215727137336193 1
0.4622274920460032 1
0.46275879270981113 1
0.4631953448059411 1
0.465831090890724 1
0.46631256649404806 1
0.46757337708883173 1
0.46770319012503203 1
0.4685648157025831 1
0.46872530916123656 1
0.469112581764855 1
0.4695979232877356 1
0.4702793846463802 1
0.47092055663905197 1
0.47203914255620205 1
0.472402215779003 1
0.47494029966790324 1
0.47507931256584507 1
0.47511573868549173 1
0.4763125253381453 1
0.47748332507188074 1
0.47909101649492586 1
0.47914364315569435 1
0.48010323892760814 1
0.48093539351733944 1
0.4810158840216237 1
0.4815930164404704 1
0.48226070835070806 1
0.48330440177223705 1
0.48364573343079625 1
0.48428322619372866 1
0.48436557294587423 1
0.484478318284327 1
0.484806644241128 1
0.4849406060045532 1
0.4850719888506966 1
0.4853466336817659 1
0.4856801767024011 1
0.48583914444557086 1
0.4861979432282699 1
0.48671575208242784 1
0.48706387096651405 1
0.48751823366013175 1
0.4875398766123771 1
0.48772502993028494 1
0.487729219050425 1
0.4882609642974303 1
0.48843157653674135 1
0.48855455006501025 1
0.4889245628586953 1
0.48905996818567693 1
0.4891536373753549 1
0.4896549405489738 1
0.48971566860417914 1
0.4897432308498245 1
0.4900950168861224 1
0.4906268005830829 1
0.4907005265919873 1
0.4909296975436845 1
0.491032920892378 1
0.49170411868944447 1
0.4917476580731919 1
0.4920249461978474 1
0.49272578628418023 1
0.4928993588424986 1
0.4929922437180001 1
0.4930790851806636 1
0.4933991302817309 1
0.4946598032749787 1
0.4957781988970941 1
0.4970108591170984 1
0.4971214981400804 1
0.4972782743468623 1
0.4974680200424374 1
0.49776411272034876 1
0.4981210667434231 1
0.49819120368535613 1
0.4982347396727294 1
0.49913482369269796 1
0.4999996967088214 1
0.5001325219319136 1
0.5002709118419637 1
0.500470236870224 1
0.5006387620002013 1
0.5011485412035517 1
0.5019174849144168 1
0.5021582858855436 1
0.5024816189206129 1
0.5026851947740524 1
0.5027453262166262 1
0.5029141141622627 1
0.5029224055448007 1
0.5030216525044433 1
0.5033044828436651 1
0.5036090150838866 1
0.5041172636618737 1
0.504384105483793 1
0.5048043555059154 1
0.5053076535991009 1
0.5053173374175445 1
0.506739160552207 1
0.5081790940270153 1
0.5091856940544001 1
0.5093322592396676 1
0.5101927382841362 1
0.5105828994101396 1
0.5105854862952394 1
0.5109639525245918 1
0.511391115185387 1
0.5117588237625909 1
0.5117940766268608 1
0.5123538930841639 1
0.5126916258792936 1
0.5127759535310873 1
0.5135986483967031 1
0.513625736097335 1
0.5141173817481284 1
0.5142406205376799 1
0.5143103000267305 1
0.5149447012648836 1
0.5160667361636937 1
0.5167892527995358 1
0.5169160017502948 1
0.5169635461765075 1
0.5170129712486953 1
0.517217385679456 1
0.517277674705009 1
0.5179157850116286 1
0.5196525856513827 1
0.519726227925662 1
0.5201490715929047 1
0.5209587418820611 1
0.5212509072977699 1
0.5215666048288355 1
0.5222808880348623 1
0.522467110297897 1
0.5227814603949514 1
0.5230745642425896 1
0.5232096716482135 1
0.5235987909246569 1
0.5240082859536344 1
0.5242937636332301 1
0.5246264530463045 1
0.5248731959581906 1
0.5251874462178918 1
0.5261125138297639 1
0.5268002307285097 1
0.5272645268571757 1
0.5274938351722671 1
0.5283301664778952 1
0.528710747493233 1
0.5290722825660066 1
0.5303103482576343 1
0.5307741761799015 1
0.5307808657011183 1
0.5311678359523673 1
0.5312309515592125 1
0.5324405451921503 1
0.5328287511895324 1
0.5335055262516833 1
0.5348029217295867 1
0.5376781271295527 1
0.5403211445613312 1
0.5404765855840991 1
0.5408300872476842 1
0.5412451474013789 1
0.5427049183076427 1
0.5457847450449907 1
0.5473963109042213 1
0.549308909860462 1
0.5583706595173696 1
0.5621738714792179 1
0.5622727585517918 1
0.5637511778350519 1
0.5866622690594985 1
