
 0.449
 0.479
 0.486
 0.493
 0.517
 0.504
 0.503
 0.477
 0.517
 0.502
 0.462
 0.538
 0.471
 0.497
 0.523
 0.490
 0.485
 0.463
 0.514
 0.491
 0.511
 0.470
 0.482
 0.508
 0.485
 0.498
 0.503
 0.497
 0.521
 0.517
 0.522
 0.487
 0.504
 0.489
 0.503
 0.498
 0.470
 0.488
 0.502
 0.562
 0.547
 0.533
 0.486
 0.491
 0.531
 0.523
 0.452
 0.469
 0.513
 0.462
 0.511
 0.493
 0.501
 0.488
 0.524
 0.540
 0.460
 0.531
 0.505
 0.512
 0.587
 0.469
 0.472
 0.503
 0.453
 0.503
 0.500
 0.503
 0.512
 0.527
 0.514
 0.514
 0.448
 0.475
 0.492
 0.522
 0.541
 0.520
 0.488
 0.500
 0.498
 0.534
 0.490
 0.497
 0.484
 0.481
 0.493
 0.485
 0.489
 0.510
 0.455
 0.531
 0.558
 0.449
 0.422
 0.498
 0.489
 0.490
 0.501
 0.520
 0.529
 0.490
 0.462
 0.524
 0.486
 0.523
 0.484
 0.512
 0.500
 0.489
 0.522
 0.475
 0.515
 0.514
 0.505
 0.513
 0.491
 0.509
 0.446
 0.476
 0.528
 0.543
 0.475
 0.509
 0.511
 0.521
 0.531
 0.527
 0.452
 0.507
 0.532
 0.529
 0.527
 0.454
 0.463
 0.525
 0.491
 0.549
 0.525
 0.488
 0.458
 0.564
 0.541
 0.516
 0.466
 0.484
 0.505
 0.453
 0.453
 0.479
 0.530
 0.482
 0.520
 0.461
 0.425
 0.517
 0.502
 0.466
 0.492
 0.518
 0.493
 0.461
 0.454
 0.562
 0.454
 0.526
 0.492
 0.514
 0.493
 0.497
 0.435
 0.499
 0.535
 0.469
 0.441
 0.483
 0.468
 0.484
 0.480
 0.524
 0.407
 0.504
 0.540
 0.546
 0.500
 0.453
 0.525
 0.517
 0.517
 0.485
 0.488
 0.468
 0.472
 0.496
 0.495
 0.488
 0.481
 0.511
 0.487
 0.460

