0 40
0 37
0 32
0 40
0 45
0 43
0 41
0 46
0 40
0 46
0 43
0 31
0 40
0 43
0 46
0 30
0 31
0 50
0 58
0 41
0 46
0 46
0 33
0 37
0 42
0 53
0 50
0 42
0 47
0 34
0 44
0 53
0 41
0 42
0 44
0 49
0 30
0 36
0 43
0 40
0 49
0 40
0 32
0 46
0 38
0 36
0 49
0 33
0 47
0 33
0 36
0 51
0 40
0 57
0 33
0 43
0 51
0 51
0 47
0 38
0 54
0 40
0 36
0 38
0 36
0 45
0 47
0 43
0 49
0 38
0 39
0 44
0 49
0 36
0 33
0 38
0 48
0 53
0 44
0 30
0 42
0 31
0 36
0 35
0 41
0 41
0 42
0 38
0 43
0 40
0 39
0 32
0 42
0 46
0 45
0 41
0 36
0 40
0 47
0 38
0 48
0 44
0 40
0 31
0 52
0 47
0 45
0 38
0 37
0 49
0 43
0 41
0 51
0 29
0 33
0 49
0 37
0 43
0 41
0 32
0 53
0 38
0 33
0 38
0 45
0 38
0 45
0 52
0 49
0 53
0 41
0 44
0 42
0 57
0 39
0 39
0 51
0 37
0 45
0 45
0 42
0 40
0 39
0 38
0 43
0 37
0 43
0 45
0 51
0 34
0 44
0 41
0 33
0 47
0 48
0 38
0 45
0 34
0 40
0 40
0 51
0 41
0 40
0 41
0 34
0 51
0 45
0 40
0 44
0 39
0 43
0 54
0 36
0 49
0 38
0 45
0 44
0 46
0 40
0 43
0 48
0 41
0 45
0 46
0 51
0 39
0 42
0 46
0 49
0 48
0 35
0 42
0 45
0 39
0 42
0 43
0 41
0 44
0 39
0 27
