
 0.480
 0.528
 0.479
 0.551
 0.575
 0.522
 0.480
 0.510
 0.569
 0.567
 0.543
 0.533
 0.531
 0.527
 0.551
 0.578
 0.509
 0.573
 0.535
 0.544
 0.587
 0.498
 0.571
 0.521
 0.527
 0.564
 0.525
 0.550
 0.550
 0.536
 0.525
 0.525
 0.561
 0.583
 0.543
 0.544
 0.542
 0.570
 0.549
 0.538
 0.563
 0.569
 0.558
 0.530
 0.563
 0.589
 0.569
 0.576
 0.558
 0.539
 0.484
 0.548
 0.566
 0.553
 0.519
 0.540
 0.568
 0.564
 0.531
 0.549
 0.570
 0.485
 0.545
 0.575
 0.563
 0.522
 0.563
 0.575
 0.547
 0.587
 0.532
 0.565
 0.605
 0.498
 0.595
 0.528
 0.578
 0.511
 0.518
 0.544
 0.534
 0.577
 0.531
 0.559
 0.487
 0.552
 0.580
 0.561
 0.522
 0.573
 0.512
 0.552
 0.491
 0.583
 0.510
 0.568
 0.526
 0.489
 0.558
 0.519
 0.526
 0.557
 0.554
 0.527
 0.495
 0.557
 0.560
 0.550
 0.529
 0.518
 0.582
 0.547
 0.554
 0.558
 0.570
 0.570
 0.532
 0.520
 0.509
 0.481
 0.488
 0.499
 0.529
 0.514
 0.534
 0.553
 0.523
 0.591
 0.589
 0.579
 0.559
 0.497
 0.551
 0.529
 0.554
 0.540
 0.504
 0.543
 0.521
 0.546
 0.605
 0.578
 0.491
 0.540
 0.510
 0.539
 0.537
 0.520
 0.524
 0.539
 0.548
 0.550
 0.518
 0.522
 0.511
 0.508
 0.536
 0.568
 0.553
 0.522
 0.538
 0.524
 0.572
 0.549
 0.557
 0.534
 0.539
 0.529
 0.536
 0.548
 0.541
 0.518
 0.491
 0.483
 0.543
 0.558
 0.535
 0.556
 0.503
 0.562
 0.559
 0.539
 0.500
 0.545
 0.544
 0.515
 0.506
 0.552
 0.563
 0.561
 0.550
 0.578
 0.535
 0.534
 0.516
 0.565
 0.560
 0.600
 0.499
 0.552

