0 35
0 37
0 33
0 41
0 39
0 39
0 38
0 37
0 44
0 48
0 53
0 32
0 28
0 50
0 37
0 41
0 31
0 40
0 47
0 38
0 43
0 38
0 53
0 41
0 42
0 31
0 42
0 36
0 28
0 38
0 40
0 48
0 49
0 39
0 44
0 30
0 49
0 37
0 45
0 46
0 38
0 40
0 65
0 46
0 40
0 36
0 36
0 47
0 48
0 46
0 37
0 40
0 35
0 54
0 44
0 50
0 43
0 40
0 43
0 46
0 35
0 43
0 30
0 34
0 39
0 42
0 41
0 34
0 27
0 40
0 50
0 48
0 47
0 41
0 43
0 49
0 39
0 43
0 38
0 50
0 26
0 46
0 33
0 40
0 41
0 35
0 47
0 46
0 35
0 38
0 38
0 50
0 50
0 42
0 30
0 38
0 36
0 30
0 45
0 41
0 36
0 53
0 35
0 45
0 37
0 48
0 47
0 43
0 37
0 40
0 37
0 43
0 33
0 46
0 42
0 30
0 54
0 36
0 42
0 33
0 32
0 53
0 47
0 39
0 25
0 39
0 32
0 44
0 39
0 38
0 56
0 32
0 41
0 39
0 44
0 37
0 54
0 41
0 60
0 39
0 37
0 54
0 49
0 44
0 49
0 41
0 42
0 41
0 41
0 37
0 44
0 40
0 40
0 31
0 40
0 44
0 27
0 40
0 54
0 32
0 42
0 42
0 43
0 48
0 43
0 47
0 37
0 38
0 46
0 42
0 50
0 35
0 28
0 39
0 48
0 37
0 44
0 44
0 40
0 46
0 50
0 38
0 44
0 48
0 33
0 44
0 45
0 58
0 42
0 30
0 56
0 33
0 51
0 40
0 42
0 40
0 42
0 40
0 31
0 37
