0.4470246575613551 1
0.4699676579011262 1
0.4810731525771066 1
0.48163481578335693 1
0.4868294451160641 1
0.48882907671062803 1
0.48917614187013386 1
0.49169941561136893 1
0.49263478581388753 1
0.4928750350099358 1
0.4930279657129505 1
0.496379750421051 1
0.4977677808405208 1
0.4984868502828796 1
0.5008530795864856 1
0.501992250573436 1
0.5020009628416375 1
0.5020109882158674 1
0.5020679582171548 1
0.5036967226826486 1
0.5038717639057394 1
0.505191086408894 1
0.5056700487851724 1
0.5058326594586009 1
0.5068194725199356 1
0.5068495141407576 1
0.5077125598355473 1
0.5130309132409225 1
0.5131360390012669 1
0.5141722508080612 1
0.5153141839102924 1
0.5156899785396053 1
0.5161488089093756 1
0.5162227703783221 1
0.5166777350968177 1
0.5177347836699603 1
0.5179331698243056 1
0.517959884558761 1
0.5179723100507463 1
0.5194061938857203 1
0.5197188596825462 1
0.5200792039975315 1
0.5207019719074469 1
0.5214030280314267 1
0.5215829641606258 1
0.5222342905571538 1
0.5226062908820872 1
0.5240228254536842 1
0.524074135093139 1
0.5240800356585791 1
0.5250339906241237 1
0.5258561413218966 1
0.526049166325237 1
0.5263317738139779 1
0.5267645429317076 1
0.5269808916888965 1
0.5284190364210527 1
0.5285684686350685 1
0.5289311638500851 1
0.5295433937688973 1
0.5299090709929288 1
0.5302243270656892 1
0.531043741461552 1
0.5312147045882006 1
0.5317459513245802 1
0.5320569250521213 1
0.5325624678093193 1
0.5325869510537646 1
0.5326997076433585 1
0.5327394235626134 1
0.5341121148309034 1
0.53485948550026 1
0.5351052384358499 1
0.5351599760122806 1
0.5354981280711738 1
0.5356926942066661 1
0.5361886351293985 1
0.5371293829819502 1
0.5375941872284913 1
0.5375977794713706 1
0.5392013202126982 1
0.5393778999122202 1
0.5397418027057388 1
0.5397886096862269 1
0.5400900253932742 1
0.5403713439910429 1
0.5405494968665245 1
0.5406390204114914 1
0.5414601562937542 1
0.5414834466175539 1
0.541723163595834 1
0.5422809644043199 1
0.5428005690119709 1
0.5429848310173724 1
0.5430232298828173 1
0.5431254500139724 1
0.5432294272585473 1
0.5432729840891242 1
0.5434711069745571 1
0.5438631554706912 1
0.5439733772763297 1
0.5444260815656015 1
0.5446484610277378 1
0.5450840894438594 1
0.5451855174171774 1
0.5457030043708726 1
0.5457840209176672 1
0.5458768286228265 1
0.5460407269207628 1
0.5461263965298225 1
0.546617196143264 1
0.5473496690357801 1
0.5476934161439093 1
0.5486651518665533 1
0.5489104718716541 1
0.5490103965267717 1
0.5490702700377593 1
0.5492287478577994 1
0.549314907242993 1
0.5493302392201453 1
0.5497823365495643 1
0.5498237417683985 1
0.54984420002071 1
0.5503885319648765 1
0.5504598714903218 1
0.5508216397289666 1
0.5512478880421326 1
0.5515517443458069 1
0.5517248168058977 1
0.5520765229900416 1
0.5523456193404415 1
0.5528583839011432 1
0.5534650834589921 1
0.5535209670229623 1
0.553772552700622 1
0.5540753543757219 1
0.5541050275421993 1
0.5550001979452093 1
0.5551190030623863 1
0.5553207695785997 1
0.5553841130177712 1
0.5553964165442234 1
0.5555333232944143 1
0.5556669187363942 1
0.556055135852692 1
0.5568779453209332 1
0.5572029481214367 1
0.5572535816821763 1
0.5577876767221528 1
0.5587635712342687 1
0.5595289263451935 1
0.5601031319610781 1
0.5605320762993149 1
0.5605332884622952 1
0.5606075291572605 1
0.5608931038838021 1
0.5614468171775606 1
0.5620743294184444 1
0.5626878575571362 1
0.5631183793596195 1
0.5631764584759988 1
0.5636751767977837 1
0.5639265575960731 1
0.5641669310177029 1
0.5647363628196764 1
0.5651465668379926 1
0.5658005938026825 1
0.5671793781367787 1
0.5674115402962087 1
0.5674296844909132 1
0.5679198205991127 1
0.568269573562178 1
0.5687855458287945 1
0.5700565052246502 1
0.5701966443804354 1
0.5705150311100529 1
0.5720218055720021 1
0.5743954271147281 1
0.5748496598382414 1
0.5759260698310047 1
0.576822783632705 1
0.5772808343225015 1
0.5775129502795374 1
0.5792325103096477 1
0.5816915817479356 1
0.5828441293392466 1
0.5849680717862598 1
0.5866250094312876 1
0.5874166717505238 1
0.5875409247078844 1
0.5887085830367491 1
0.5889883005860989 1
0.5891165553338324 1
0.5901897606330482 1
0.5917055755188206 1
0.5935243879702758 1
0.5955649432703091 1
0.6003054512849988 1
0.6051932436915421 1
0.6112137396632246 1
