
 0.523
 0.568
 0.588
 0.516
 0.517
 0.522
 0.470
 0.493
 0.590
 0.502
 0.549
 0.518
 0.570
 0.553
 0.498
 0.563
 0.540
 0.551
 0.507
 0.543
 0.554
 0.482
 0.596
 0.587
 0.518
 0.506
 0.556
 0.569
 0.565
 0.561
 0.540
 0.545
 0.557
 0.550
 0.543
 0.538
 0.518
 0.496
 0.555
 0.539
 0.541
 0.489
 0.583
 0.567
 0.535
 0.553
 0.518
 0.492
 0.533
 0.549
 0.546
 0.493
 0.577
 0.549
 0.560
 0.538
 0.575
 0.561
 0.526
 0.502
 0.541
 0.549
 0.554
 0.502
 0.563
 0.556
 0.543
 0.505
 0.524
 0.498
 0.582
 0.555
 0.526
 0.535
 0.507
 0.501
 0.535
 0.550
 0.554
 0.540
 0.543
 0.544
 0.530
 0.534
 0.525
 0.566
 0.585
 0.542
 0.589
 0.552
 0.557
 0.541
 0.551
 0.556
 0.527
 0.546
 0.526
 0.605
 0.537
 0.522
 0.567
 0.502
 0.504
 0.533
 0.564
 0.524
 0.529
 0.531
 0.542
 0.519
 0.536
 0.516
 0.548
 0.547
 0.546
 0.549
 0.570
 0.545
 0.549
 0.544
 0.572
 0.567
 0.529
 0.552
 0.528
 0.555
 0.561
 0.555
 0.447
 0.524
 0.552
 0.530
 0.554
 0.600
 0.557
 0.587
 0.577
 0.532
 0.530
 0.549
 0.506
 0.547
 0.594
 0.611
 0.560
 0.552
 0.513
 0.521
 0.561
 0.481
 0.493
 0.574
 0.589
 0.516
 0.563
 0.520
 0.543
 0.576
 0.564
 0.558
 0.546
 0.533
 0.568
 0.564
 0.536
 0.561
 0.565
 0.515
 0.592
 0.487
 0.543
 0.544
 0.578
 0.539
 0.540
 0.514
 0.550
 0.579
 0.531
 0.562
 0.527
 0.589
 0.489
 0.508
 0.520
 0.559
 0.521
 0.533
 0.541
 0.535
 0.546
 0.571
 0.504
 0.545
 0.555
 0.513
 0.550
 0.532
 0.550
 0.543

