0.42929748244505894 1
0.43861517771387354 1
0.44002380301150923 1
0.4413680516734377 1
0.448685529316896 1
0.44909786858028083 1
0.4537547431137391 1
0.45744561555060076 1
0.4588907626941186 1
0.46285268334861585 1
0.466546586764123 1
0.46690834979254187 1
0.4672829368065274 1
0.4685250888364092 1
0.4687448193602763 1
0.4687481676461412 1
0.47001878939753683 1
0.4707058721320751 1
0.47165236956527545 1
0.47337070371564954 1
0.47372809945001726 1
0.47402510548436894 1
0.474750996368267 1
0.475083350237608 1
0.4761171994332549 1
0.47640777574314397 1
0.47774144780221695 1
0.47944756989507026 1
0.4801634607104484 1
0.48230082405829044 1
0.48239328237378976 1
0.4824051049374266 1
0.4829247043746607 1
0.48313007204418457 1
0.48387161252973426 1
0.4841355002333654 1
0.4851550729590133 1
0.4858444892588285 1
0.4866243165531422 1
0.4868947116417573 1
0.4873651156845068 1
0.4877452405199591 1
0.4877727915526296 1
0.4900696683247705 1
0.4903186442325383 1
0.49050583811916665 1
0.49061500972552674 1
0.4915020206756162 1
0.4916707470898122 1
0.49186735344940336 1
0.4927607743880425 1
0.49288260970575415 1
0.49382200386939223 1
0.4944136444839303 1
0.49498367704101653 1
0.4950565506197713 1
0.49561076628569173 1
0.495797485187118 1
0.4958929197783033 1
0.49607116730279005 1
0.4960871368877459 1
0.49640528342444085 1
0.4964671138708405 1
0.49666598934572326 1
0.49704398638732344 1
0.4971077584257765 1
0.49757908159984965 1
0.49810702698937326 1
0.49886600301163575 1
0.49887290796081324 1
0.4989362157723889 1
0.49895742371839225 1
0.49939847539321897 1
0.4996844875422989 1
0.49976856009053816 1
0.49983033168536145 1
0.500150168582363 1
0.5004285875919132 1
0.5007167289219697 1
0.5012308621841803 1
0.5047343281206668 1
0.5048455031215432 1
0.5056798542082963 1
0.5063087791238555 1
0.5063913736677835 1
0.5064682808694188 1
0.5066795970425021 1
0.5070766337824637 1
0.5077461734357417 1
0.5078540919796535 1
0.5079700557259429 1
0.508624232142887 1
0.5095206816905603 1
0.5102161807974531 1
0.510390926620327 1
0.5104128300393042 1
0.5109951271605414 1
0.5114471471773595 1
0.5117126680159493 1
0.511952878337263 1
0.5124691872096488 1
0.5127244334532027 1
0.5127445640858225 1
0.5130982497566262 1
0.5134521941525952 1
0.513532207277096 1
0.5137375918337352 1
0.5141343757828752 1
0.5146416621792974 1
0.5152226742820093 1
0.5154888638743494 1
0.5159688344917767 1
0.5160660302131725 1
0.5162498431668525 1
0.5163113304445299 1
0.5164785919520646 1
0.5166788175073717 1
0.5166847236760232 1
0.5168423558230704 1
0.5171807298454695 1
0.5178074138399529 1
0.5178424842828491 1
0.5184312164349961 1
0.5186059952118716 1
0.5195571615749034 1
0.5200107454576343 1
0.5200121594423484 1
0.520543144099088 1
0.5206085363391427 1
0.5206996011880931 1
0.5212046532815571 1
0.5213156313326643 1
0.521844811438942 1
0.521858403327064 1
0.5223479120802916 1
0.522639197329562 1
0.5236616899349013 1
0.5242440353532645 1
0.5243477046967229 1
0.5245096618901498 1
0.5246872910636471 1
0.5267670967984079 1
0.5268742402035069 1
0.5280434017183342 1
0.5285999972764042 1
0.5295789049116688 1
0.5296208081318862 1
0.5299235780531668 1
0.5308016609230108 1
0.5309576475203205 1
0.5312032963977044 1
0.5321479688317732 1
0.5325760101385915 1
0.5326636233592031 1
0.5329794091304133 1
0.5329806915291331 1
0.5331120500295214 1
0.5343810702909602 1
0.5345660623774066 1
0.5348614401184235 1
0.5350135692754534 1
0.5351517940664645 1
0.535814361142936 1
0.5362168011980384 1
0.5373452109959677 1
0.5387313316176958 1
0.539393665300327 1
0.5394604937327551 1
0.5399277138015244 1
0.5414812820234204 1
0.5420722332698039 1
0.5421715448797242 1
0.5425665223746658 1
0.5428022663894027 1
0.5428701971466444 1
0.5428975928964572 1
0.5439396756327237 1
0.5442326676047916 1
0.5443599987957062 1
0.5447891164981136 1
0.5450880674186672 1
0.5451332364960225 1
0.5452045662966433 1
0.5474034119664964 1
0.5485985307228882 1
0.548850325552432 1
0.5489076011400436 1
0.5499429968960454 1
0.5504918235394584 1
0.5520459240912374 1
0.5527610889578343 1
0.5528006193762343 1
0.5534826665349213 1
0.5540829012696618 1
0.5542141271365982 1
0.5577782439653571 1
0.565323087423209 1
0.56999309824674 1
0.5810585218766138 1
0.5949605476613129 1
