14 0.6908142790867174
1 0.44636001611659726
0 0.8711197791396903
509 0.5521397858041535
730 0.20027642514095878
701 0.8981892975366667
475 0.6317588412556147
696 0.5060508780046276
793 0.053470840678093934
276 0.8517630503742151
294 0.5598673235051005
402 0.5056968922934291
689 0.29632287811302427
546 0.6295946068058649
720 0.7768280320723264
765 0.07477355538541897
382 2.9528972328851655E-4
740 0.9239452224177902
495 0.032942513165949205
692 0.6110978711901442
705 0.23987878145451003
564 0.337794068166165
129 0.43335254507342136
422 0.38911572901998637
597 0.8295523395134581
605 0.11524963765704965
676 0.701967051937024
505 0.8282697499496671
241 0.29860974172139343
511 0.7230565697430834
435 0.4110958988266834
482 0.30473089536712905
516 0.1314282289188886
183 0.6087537244717193
13 0.647785904781491
16 0.07486747553243323
261 0.7509588952812418
729 0.594848972281671
784 0.5422916623366644
397 0.7613579386576935
128 0.7810646574581737
255 0.9595262545911728
384 0.4292139742779676
2 0.769169404465742
498 0.18413210093961696
247 0.907664540382114
354 0.4379527456523282
166 0.6096895880328155
681 0.46975480867938413
233 0.4521461066847007
44 0.004338623724456481
160 0.8895334369206133
677 0.25576571786144253
713 0.4754269834421182
698 0.8278528579429388
330 0.9875836354642462
445 0.18382928832981216
303 0.6085178687063468
328 0.33812896111241
530 0.906645326292412
15 0.03432877762027686
25 0.9821791624856245
321 0.17165542569961023
274 0.29656682325968664
125 0.44187211781260516
269 0.635904972033267
728 0.254098178933186
723 0.6900155440079084
285 0.1963129216795163
531 0.741845106669418
533 0.4128039036839255
78 0.8471508960276842
96 0.852931377097841
169 0.3609513692106342
331 0.13196341252060562
345 0.32047242094418615
662 0.05700447521759189
387 0.10336340790808285
407 0.5277553790778811
130 0.23862284152271174
277 0.5797936545867142
616 0.16323324444429
772 0.3222575652210393
782 0.5017472835998051
519 0.3296822357621514
339 0.9637235833938479
763 0.34142097934730886
674 0.7888749109046265
403 0.3546785283592695
451 0.5185350892747508
364 0.5228192479347156
223 0.791676796398089
42 0.9600640500132367
75 0.8326356091072514
236 0.2882263782584865
663 0.912356749587701
470 0.1625855581987895
308 0.906049153608936
452 0.7025046646848755
337 0.735501813086417
176 0.5188199622489686
290 0.7929334852129142
419 0.8469511922342523
512 0.3304833923731618
273 0.01948461562831194
561 0.8818580100072727
603 0.32915086202448895
79 0.38251664308494215
87 0.22894070214848494
189 0.06772141080450123
453 0.6664291706854961
791 0.999144666743313
664 0.022804678732544437
617 0.2764193470209253
301 0.12670650730694755
377 0.18396019685384013
688 0.23725697715084793
248 0.3661937027663047
282 0.9749063222099373
702 0.5637871567949432
201 0.8764809013640701
37 0.9634384843921762
71 0.016002840134576868
205 0.37250007981676536
472 0.8712325173039186
566 0.4153006732459935
175 0.47923455621324473
699 0.8203750969995957
610 0.502948313047841
632 0.3893884015983021
719 0.5894305325539992
54 0.4168394609766747
752 0.09359293554795922
365 0.42780058737797566
555 0.5474113898431971
410 0.20278669355474666
41 0.03925200360746539
3 0.7605747680644909
741 0.33490985475519064
455 0.5741088097690553
747 0.6324789209455641
392 0.9141468172252505
427 0.7389787895198586
77 0.25183420231139186
712 0.28141778728979316
586 0.17553922197423344
226 0.17769452961523635
492 0.8578285534118983
637 0.025565421455140847
249 0.3409900801809258
111 0.14168258631648112
67 0.43234858063067205
783 0.10134699087311327
317 0.6571783002802211
424 0.9165208808393698
454 0.755818541546308
704 0.9128770436353945
70 0.46897752076753785
11 0.4733143283958241
39 0.9192949294936982
318 0.4521917363519946
642 0.01262437911344294
56 0.5127627876765919
184 0.41779431896912445
359 0.37751585342381877
150 0.9402526434136129
40 0.38080950663343216
52 0.9600032177895336
92 0.6853273463193592
164 0.10393568821216992
619 0.5679342119347786
650 0.4799722659162401
360 0.6919848733269026
459 0.26601328435623095
551 0.012323744738287568
626 0.6675517766017465
754 0.9932955946481123
155 0.25055400064547084
715 0.426164732042017
167 0.3414399773727387
367 0.09380243473027428
585 0.9835258100060259
376 0.7655181770791206
463 0.7806949529848278
584 0.30285587939137004
544 0.650927888613671
786 0.9654127877757153
761 0.8072727104297509
371 0.14585480530121264
216 0.5210377559632716
57 0.8912283442947073
693 0.7901061709456455
579 0.23214232428487147
649 0.7407847119695468
639 0.6231005090930576
503 0.12713746549680582
539 0.5343420810941379
103 0.23705365951805546
107 0.22555220669993759
356 0.0996306404227123
630 0.5355591495917823
749 0.3718084729754515
266 0.479057000020516
524 0.8086793805830523
250 0.52953273866647
462 0.23617723079003672
353 0.4299373930252818
762 0.10517754997331885
775 0.1459539001286323
262 0.08415635295150992
162 0.41571404012051383
465 0.30536485418595427
506 0.3500200503671784
523 0.1634907129659099
418 0.11428645572292595
443 0.44474024958999203
286 0.49669475355849557
380 0.7762662149486005
203 0.92138688670929
279 0.8679176042888709
372 0.10871126403678699
320 0.7647751112208321
187 0.7561757925124931
34 0.9330017378745058
343 0.5940348025121106
620 0.861572650997649
623 0.29518283556841685
295 0.09093360882443668
510 0.20881043064093063
736 0.5134605447347966
136 0.3182499152939957
604 0.9723488394078512
265 0.38981637055721574
348 0.6494030603614354
721 0.3013881646519927
535 0.032524007844050185
760 0.6289278039317282
583 0.21831172980755154
173 0.28255690879056505
194 0.9680468938464684
651 0.20335798050812592
332 0.17753703269283416
425 0.5593804655496845
414 0.7272985620802224
154 0.12665074141262178
33 0.4959251263465676
4 0.4015243218442731
5 0.2446029961968419
6 0.5372676644601454
327 0.3415948011242732
628 0.8406779409738212
393 0.7019225508850173
304 0.3953835843097864
636 0.25632949210959755
22 0.39749527999935075
267 0.5023519824572451
569 0.1924535021258198
135 0.4023915056599834
557 0.15814510362902823
777 0.7862605188590952
192 0.3337044997164683
82 0.38355538298514724
109 0.6734391950244389
110 0.12956581141673196
133 0.09247149683111877
722 0.7901277752278204
50 0.6259043255819345
182 0.5936788824008244
542 0.6945023819099683
108 0.5515518674117823
683 0.5616266553506635
314 0.4699454352941794
776 0.44735987792359655
342 0.8726545838502486
74 0.21110915374657413
23 0.47129071702111025
7 0.07689508228609065
171 0.6598221369358825
634 0.8058309999611053
675 0.6818351277021663
218 0.5075295252376489
373 0.49496391099696513
420 0.7992117364236632
444 0.11698811509575069
755 0.11318694117597916
105 0.24627672574568793
746 0.15693334711016127
395 0.28020867455800924
493 0.5990263802352546
280 0.7477880957030728
289 0.37475970340763465
324 0.7820139290740353
468 0.13594617095165118
326 0.018467255021327178
396 0.26516936178269135
310 0.9306250006805753
174 0.4748608043550785
199 0.2026725746967829
58 0.6661706120267787
361 0.5286025368229047
428 0.5125446088737283
221 0.7843239665255172
743 0.3013139881776197
779 0.5339781508731379
271 0.7686442550948639
118 0.30783030037622117
204 0.7819813717947691
725 0.14975226603456393
352 0.6013469600792521
549 0.6044902768468895
85 0.7068303799665581
21 0.22757314536518425
8 0.32609956650336536
582 0.8233496640563057
36 0.9054024290451198
153 0.7468816939627743
766 0.027100621435525163
513 0.5431059003326778
790 0.924178839714273
259 0.6305116346592343
711 0.769058469635954
389 0.6468506665335572
102 0.5898172032834434
190 0.23153049094896871
792 0.06941384060207523
179 0.4062348490272666
780 0.6267771378259632
69 0.5451092667808529
98 0.4992322526069728
258 0.19176988241009418
405 0.31637421746020933
200 0.8347730312736005
349 0.6490981505903798
383 0.8817215830719679
665 0.9180762548303336
756 0.6764611391305086
319 0.7142882054784155
658 0.5259671598719349
63 0.7579155044229774
631 0.514482261531774
787 0.9611435570625153
302 0.8970872477091718
333 0.9139173886931311
708 0.8851047968405796
94 0.4437784024692182
416 0.27377995159756563
450 0.0705139332583733
172 0.22085934306066302
213 0.1535517957702387
744 0.9198703494404105
529 0.3331601785305477
543 0.6147769073575273
656 0.10987446739750695
587 0.7081924728488871
590 0.30202953927121956
695 0.07852845821189247
232 0.6178975231663919
293 0.5781237594728131
518 0.2102196695955436
300 0.558732038714491
157 0.013324671483723738
65 0.7750996695583999
76 0.14244150184235593
379 0.777747352940072
785 0.3727106068353332
456 0.9178864908761384
252 0.6939683179562605
64 0.1616695182843917
62 0.09774929746321426
19 0.5387712296441871
24 0.8621692846957196
144 0.7934219257065801
231 0.013182869737767167
315 0.8097464392080244
399 0.9267300043052239
165 0.8167469144853756
209 0.9175463538057435
653 0.6067930379334543
773 0.2562990280255246
667 0.7904481930329651
545 0.10049279990570403
126 0.17563267431227703
609 0.4106349567004468
625 0.9824265580198365
284 0.9290027499511644
357 0.23148301562847806
496 0.17179429828744097
515 0.7457743310955095
146 0.8278953552973372
507 0.5485806877022252
574 0.8315416263559098
244 0.5948119505877961
239 0.40716303911836527
97 0.9941306791184645
198 0.6933528142725913
485 0.08771091878213044
307 0.005530282602116632
594 0.9422250497626234
774 0.25900162546938876
556 0.04270523851292929
178 0.24674496112841515
655 0.18678844101340597
363 0.7534035728610036
541 0.4247971362504137
596 0.5520667278699516
480 0.3118324378523806
621 0.08716871198944609
411 0.6413886075293523
100 0.20958685096580953
84 0.6758344535410364
309 0.6237233732738121
654 0.8021728422897854
334 0.4206634403123959
148 0.7624075070964823
193 0.8953156858027382
477 0.9282003867169396
733 0.9899977038228245
461 0.33686813267715676
591 0.5396250683290631
601 0.9350106676307545
483 0.25371154492093206
648 0.5530557666313858
757 0.030461777650924837
417 0.14476586438875594
647 0.9714403403627645
426 0.5641681503398713
336 0.21512957626388451
390 0.4682366720286357
89 0.4269808343421083
43 0.1817978995509486
117 0.7588369892987928
447 0.6248108369499644
753 0.8765861514852386
124 0.42016869836029147
576 0.9772234280457774
724 0.6754419872230041
731 0.392997598556449
440 0.2897286307100633
684 0.575442488800381
195 0.6694929021118246
49 0.8134263903968048
181 0.5958580853212915
143 0.8655599865994038
370 0.05383503297354608
716 0.40233008476069443
431 0.10722376916915133
607 0.48148711291142765
378 0.2184528195918678
751 0.19038075440766744
400 0.3742085604445894
340 0.7673923639915005
48 0.5930428539313283
27 0.6754996362038315
115 0.6545514918163359
119 0.155406664576883
211 0.8745030900800007
474 0.8063090421943507
572 0.22907994440144075
672 0.3792762034055097
421 0.04276271283629507
484 0.5310321150841374
560 0.4817854347563705
374 0.7379111269952634
375 0.5868461346181536
661 0.5757753916709826
489 0.47021101349625627
739 0.5701239311469439
104 0.26113454405165937
433 0.08272956027195855
758 0.5841803876647452
491 0.32313099913159504
217 0.9100897278191077
646 0.9062709872870458
608 0.4763067344748204
368 0.7330079632223506
504 0.9265125259666754
238 0.587745320752194
299 0.5331670624880308
441 0.7581091290224717
547 0.6490348353332892
679 0.721293412995654
225 0.6309207596396984
116 0.0343586439580994
207 0.9995469435750718
685 0.7323302365863283
45 0.9800777152214942
46 0.1648014515721693
592 0.9260300489485246
614 0.36951501941148734
436 0.8307304699465147
460 0.7214014567493373
795 0.21831307051929594
613 0.39992796559398325
73 0.6987617313043524
412 0.31873115308400246
573 0.10101008591488525
771 0.5952315689124286
446 0.605593503221131
29 0.6032350504747426
17 0.3653005430780488
423 0.5461756456471316
466 0.7291715021650954
748 0.06819023594041174
464 0.7873370262825434
624 0.7020269674806842
532 0.16858762029818508
536 0.9160186681960079
243 0.7207497484723735
206 0.9523767190766903
517 0.5555650608360595
707 0.8237929177856707
737 0.021265225091858797
657 0.1534378116126217
344 0.8215321083312566
703 0.22273047802339319
644 0.9231194781372494
471 0.9961187053219278
242 0.11265429011035599
256 0.8144302691240771
227 0.2799407739896851
137 0.09491819792092948
142 0.6885890328638344
180 0.15821249885042088
335 0.5313472795547379
577 0.7713080051584972
369 0.033523383124581474
640 0.4703764766815324
558 0.8897059916316613
311 0.9531225812228001
341 0.16314480700880207
659 0.3890846907151597
156 0.8345177588861811
581 0.910972014197343
599 0.28298038014963434
185 0.2667344196709106
706 0.7426907178922165
246 0.13859406972299915
580 0.6926314722625252
234 0.29030431851049265
81 0.9105833478850505
91 0.48232781471403374
47 0.1326609892022308
488 0.6987791400159314
429 0.5892753600402764
554 0.06376615728221036
687 0.25604375744668906
759 0.78658219995724
798 0.4487144589509978
525 0.8091602087676069
437 0.9563022930886973
323 0.9763548208444238
388 0.2378132519563818
553 0.6752402095839305
600 0.2579580616076693
59 0.6411936472453876
28 0.6223532960127754
186 0.5038425315120506
212 0.8150375714504697
615 0.16466594858683403
448 0.911413818380038
612 0.5508734542623072
260 0.4362242190668235
438 0.7649323110958629
714 0.16681532472537575
494 0.7009232981745835
521 0.3082725088688758
66 0.3340253928059297
93 0.12639169452959897
622 0.015172025862861371
415 0.028753891703669154
312 0.8389975397208947
385 0.19767073316250838
394 0.5091172392924369
602 0.4692971361470085
742 0.12652153801186206
570 0.12535404257943628
149 0.4700023137746143
263 0.4882549494498283
526 0.11812655767435531
781 0.14287051007271856
727 0.5106319634982444
220 0.7692754828236676
700 0.7569283551038483
449 0.26317367120764645
467 0.4324748200462666
313 0.19092919014068643
316 0.08463433245234275
666 0.4234173970324355
769 0.39867326560010163
588 0.5216879513926043
229 0.7631013736817143
168 0.5426255592816552
35 0.4751447635736995
501 0.3047543673058777
469 0.8568529021945402
534 0.5267811426908756
550 0.6450164779207894
251 0.3315074394557924
770 0.7107741392914889
322 0.41990135206640067
641 0.6467694837190306
669 0.707531029854515
718 0.4402771518285663
750 0.5556029429604541
788 0.25921522955377707
288 0.45267686447824673
83 0.36383656350936255
671 0.48412896541200123
789 0.48561419656343896
478 0.013354524738113493
479 0.9733636761779131
298 0.8929689095716217
381 0.7719616735298735
235 0.5470939956828447
53 0.3386211419848364
214 0.6849367635157149
432 0.8124448978107225
508 0.24185045198208255
292 0.8997088674289447
306 0.6079338125642945
575 0.478725533874918
618 0.7439671517107322
796 9.099773165480718E-4
158 0.9051214866066548
486 0.9663683091668481
458 0.9722015294004556
487 0.04683136296262791
768 0.04810148449118523
633 0.9380394369137763
114 0.521779005764642
131 0.9013643807014996
366 0.5298136557933898
670 0.5398209698054625
726 0.6617770149019223
305 0.6838524784313174
413 0.5916195576150002
61 0.9982556236667239
112 0.16057791745872996
710 0.7454489342386239
499 0.360970370548227
635 0.09885383606437692
563 0.7517893092932335
159 0.2734178934626783
177 0.7875245577234432
430 0.9671605983384959
188 0.8868203205838697
691 0.3019759434636903
799 0.887951604170946
253 0.3386288915106249
568 0.7179141428549265
338 0.4618144419701148
680 0.9759348727197836
694 0.1818752365438372
283 0.010989422987932151
230 0.24910107630878764
55 0.6811247882579503
38 0.3474461521118952
31 0.17311084864465132
18 0.22351806973979005
26 0.8611401695194023
264 0.3427807286284653
346 0.32019408006216976
350 0.8122059594679614
215 0.8224742864972612
734 0.922231741042925
278 0.9387163832302123
132 0.8239311289009444
562 0.5814045412636417
732 0.8542940414977936
578 0.7510051093267419
567 0.5770661506613128
272 0.5297210839857035
329 0.8409712904444668
643 0.2541069663599892
735 0.8217281598661876
522 0.32179865848777867
548 0.4622543209776654
147 0.17911835340350057
32 0.7833347565287656
627 0.4427079777790276
362 0.8454474561832099
794 0.4484038444310756
134 0.5682583549549831
151 0.8246352577131763
90 0.252587962113649
9 0.7950751542229265
589 0.7632672258089327
270 0.5894461110362121
457 0.11682720614062314
797 0.23763941110342024
481 0.8170810265275037
497 0.6176644438218056
191 0.16471728813266606
275 0.45834650826422085
291 0.9803447702748112
219 0.22593783138627754
122 0.039358566154410024
386 0.6594380380020365
222 0.6058795442182474
398 0.793079006690353
138 0.9314423064605739
51 0.6298598341818458
60 0.36916815185704055
72 0.7385786506231338
141 0.7664528369674322
629 0.8271978830358638
95 0.8228615351841796
500 0.4674340067323264
228 0.14519887833277667
764 0.5761320199782219
120 0.12289770924032195
80 0.04804534996919119
86 0.4855662808588451
325 0.7656554266069194
645 0.6011532229076824
540 0.2574461072827706
598 0.9000408709423411
101 0.7130558969280467
552 0.8093653040442761
476 0.5340430661554514
571 0.2619996972668056
611 0.2814043450560936
68 0.6357003564232317
161 0.39338248417470245
240 0.23785128479196072
738 0.45771958321502126
490 0.15385268193743296
593 0.13543339339774196
673 0.3314152143996518
163 0.2744838977270877
257 0.162835008253588
268 0.7720472207469565
565 0.3513129277629914
697 0.8480243528502392
678 0.23159654640290628
140 0.20410978971561466
442 0.8645329885879981
709 0.17265144292608936
296 0.2426635331457656
527 0.012223390876659468
99 0.5343995156171986
638 0.23250427244263638
123 0.21302240353056323
121 0.26512153222957435
20 0.2578000676033042
106 0.9726714535523555
237 0.005043282605614707
355 0.5565522113715151
127 0.6811590979029295
145 0.2594908345949254
439 0.49753842285185435
502 0.3087586701217315
778 0.8092043545788105
170 0.6530689362866973
245 0.1532920127476124
537 0.8625028391417607
287 0.5891762068637925
717 0.9761623136180367
358 0.45983178896973365
88 0.06650065103085034
139 0.8617686043023859
351 0.7283451744289801
606 0.703867291809345
652 0.743600713068587
686 0.5382938518595203
297 0.2452863243801121
668 0.8397111258766321
406 0.2660297193074841
208 0.4358585946091863
224 0.9232299662627981
660 0.9087920174396436
196 0.20176910997714304
197 0.3839160788902135
113 0.2989127067675874
202 0.4151621611630354
404 0.4897539045408519
409 0.4040264013621584
595 0.4772413386229216
434 0.2606841334659934
520 0.10637332655270548
347 0.4712193222021439
391 0.762445790183361
210 0.5261964270822697
281 0.9398055231059749
682 0.30155773240714434
528 0.2893982710369021
559 0.3013229137679776
408 0.7593812309352042
473 0.8161460874868661
152 0.26070531296391575
745 0.9515581904956169
514 0.6226501476361364
690 0.7716988831306274
254 0.4451804309850248
767 0.5856804738988761
538 0.49486690874322137
401 0.6775055667031303
30 0.8989546083084863
12 0.6519743181003588
10 0.82879282399362
