
 0.545
 0.463
 0.520
 0.522
 0.521
 0.521
 0.482
 0.517
 0.486
 0.505
 0.515
 0.467
 0.549
 0.521
 0.508
 0.469
 0.496
 0.498
 0.515
 0.570
 0.531
 0.528
 0.507
 0.478
 0.513
 0.540
 0.492
 0.497
 0.490
 0.524
 0.530
 0.506
 0.517
 0.544
 0.513
 0.507
 0.533
 0.500
 0.519
 0.535
 0.521
 0.484
 0.505
 0.492
 0.523
 0.440
 0.512
 0.501
 0.543
 0.513
 0.544
 0.539
 0.520
 0.469
 0.533
 0.554
 0.495
 0.525
 0.482
 0.516
 0.449
 0.499
 0.487
 0.441
 0.531
 0.497
 0.497
 0.535
 0.514
 0.471
 0.480
 0.542
 0.510
 0.491
 0.531
 0.533
 0.429
 0.517
 0.459
 0.475
 0.520
 0.513
 0.501
 0.550
 0.558
 0.500
 0.470
 0.467
 0.506
 0.483
 0.530
 0.511
 0.512
 0.506
 0.496
 0.516
 0.554
 0.476
 0.518
 0.545
 0.527
 0.545
 0.484
 0.482
 0.518
 0.509
 0.483
 0.474
 0.525
 0.533
 0.495
 0.516
 0.506
 0.496
 0.474
 0.485
 0.527
 0.496
 0.467
 0.553
 0.552
 0.536
 0.496
 0.533
 0.529
 0.500
 0.494
 0.449
 0.521
 0.500
 0.544
 0.512
 0.508
 0.542
 0.517
 0.547
 0.469
 0.499
 0.510
 0.511
 0.500
 0.543
 0.535
 0.518
 0.491
 0.473
 0.496
 0.549
 0.549
 0.499
 0.454
 0.479
 0.524
 0.565
 0.490
 0.543
 0.514
 0.476
 0.536
 0.543
 0.516
 0.535
 0.493
 0.539
 0.545
 0.493
 0.496
 0.498
 0.488
 0.499
 0.508
 0.487
 0.488
 0.537
 0.515
 0.534
 0.487
 0.524
 0.581
 0.510
 0.530
 0.541
 0.492
 0.553
 0.539
 0.522
 0.472
 0.595
 0.499
 0.439
 0.494
 0.522
 0.514
 0.475
 0.457
 0.516
 0.550
 0.553
 0.532
 0.510

