0.4658019440219954 1
0.4799487780722994 1
0.4803566779635222 1
0.4811663645620415 1
0.4832597001255576 1
0.4870349388303707 1
0.4870705578185832 1
0.48808826700247543 1
0.4884663493756628 1
0.4910924127513796 1
0.4911228038022037 1
0.49477712740410285 1
0.49529181878393347 1
0.49671584045783024 1
0.4972566926235238 1
0.49827339896162315 1
0.49827869733288344 1
0.5019497633329059 1
0.5029096522020032 1
0.5030291607764642 1
0.5033633138024309 1
0.5035377496549551 1
0.5049655071782856 1
0.5053733955209367 1
0.5065730108964219 1
0.5087255204296648 1
0.5089127028197484 1
0.5092596271425327 1
0.5098999919014066 1
0.5110290037799229 1
0.511224444978671 1
0.511697033876558 1
0.5118125074655369 1
0.5122974909226926 1
0.5126124009930636 1
0.5127814052192028 1
0.5146267188616731 1
0.514952544419481 1
0.5155092291422791 1
0.5157158387398315 1
0.5159302569996057 1
0.5162155880828662 1
0.516527287923029 1
0.5170243153978832 1
0.5177257735745119 1
0.5180057155516515 1
0.5182337517947997 1
0.5184661520069155 1
0.5188106924026215 1
0.5191000439566076 1
0.519397382999658 1
0.5193989265712082 1
0.5206611354879428 1
0.5209311235486745 1
0.5219060162353064 1
0.5221591433811925 1
0.5229742699142863 1
0.5238884030581272 1
0.5241799523214743 1
0.5242227725492618 1
0.5245429487545574 1
0.5246674483005226 1
0.5251377147316458 1
0.5261076584078895 1
0.5261648731822309 1
0.5262021600859461 1
0.5266495243379651 1
0.5267647893150904 1
0.5268464100097741 1
0.5270661056796269 1
0.5270916615489637 1
0.5272117330484997 1
0.52725346599549 1
0.5275171207524155 1
0.5275178139440444 1
0.5277783498038767 1
0.5292101758165164 1
0.5292644071845537 1
0.5293232050609561 1
0.530130103130992 1
0.5302905329007888 1
0.5306503518013304 1
0.5312440962209845 1
0.5313533807414453 1
0.5318256673838202 1
0.5318901708320742 1
0.5320308140948711 1
0.5324039356802648 1
0.5325492804132418 1
0.5325921975578626 1
0.5337275361110309 1
0.5337548123987942 1
0.5349909951370794 1
0.535580268704587 1
0.535959956673774 1
0.5359737438461234 1
0.536556435237827 1
0.536726854661049 1
0.5367513602772581 1
0.5367644787889038 1
0.5377713547546399 1
0.5379737428385645 1
0.5390040341517977 1
0.5390502280841681 1
0.5392638110511921 1
0.5393186399914904 1
0.5396502157831838 1
0.5402964648606922 1
0.5412741442519681 1
0.5413053965795267 1
0.5419318458470185 1
0.5426025259005844 1
0.5427479086459602 1
0.5429448919896107 1
0.5435985428213186 1
0.5436436220271369 1
0.5436686637997732 1
0.5438008282630383 1
0.544479876448834 1
0.5449140022659292 1
0.5450071047374989 1
0.545126729984457 1
0.5459302074625835 1
0.5461233442057473 1
0.5468544329309997 1
0.5469613490963025 1
0.5472430871515828 1
0.5473805574864573 1
0.54742313925155 1
0.5477225535725911 1
0.5480050288663494 1
0.5483945803593674 1
0.5485391570979564 1
0.5499262907510535 1
0.5507677597870996 1
0.5511209711968545 1
0.5515065094527689 1
0.5517472873794879 1
0.5521098043058904 1
0.5526544689368638 1
0.5530514070910337 1
0.5532668192949282 1
0.553399337533559 1
0.5534873261812284 1
0.5537350861045309 1
0.5537481403353205 1
0.5542387156158912 1
0.5544036339209181 1
0.554504341083889 1
0.5546060177656704 1
0.5549158320508074 1
0.5554896973226033 1
0.5562089210599204 1
0.5568747132043887 1
0.5571189658312684 1
0.5588312077608033 1
0.5589617076867306 1
0.5591420202060032 1
0.5594754462145626 1
0.5608911770426629 1
0.5610064685884232 1
0.5613474511251435 1
0.5614323113293767 1
0.5616346619244843 1
0.5629967335646487 1
0.5637046152913279 1
0.5637646491499838 1
0.5637878113398416 1
0.5647556801299899 1
0.5648957522129193 1
0.5669260679266407 1
0.5673013507217498 1
0.567686774847797 1
0.569614787675441 1
0.5696847042817291 1
0.5696904235407207 1
0.5699956501528831 1
0.5708569511081322 1
0.5708923202409334 1
0.570940774464216 1
0.5712088809930812 1
0.5712524386441226 1
0.5714379481043328 1
0.5715125548259578 1
0.5715312277307225 1
0.5715538403740836 1
0.571928404322719 1
0.5786664019763871 1
0.5788246264669743 1
0.5822257530628087 1
0.5825122972543126 1
0.5860013786110961 1
0.5862751647432161 1
0.5886148344674585 1
0.5896113422727376 1
0.5896219901747947 1
0.5901604756974241 1
0.592268502021795 1
0.5984398345581392 1
0.5999207359539386 1
