
 0.561
 0.536
 0.579
 0.525
 0.517
 0.555
 0.517
 0.509
 0.537
 0.516
 0.554
 0.532
 0.552
 0.570
 0.551
 0.545
 0.561
 0.553
 0.519
 0.526
 0.536
 0.531
 0.530
 0.555
 0.579
 0.512
 0.552
 0.495
 0.503
 0.504
 0.541
 0.497
 0.548
 0.571
 0.562
 0.537
 0.487
 0.533
 0.555
 0.480
 0.518
 0.481
 0.488
 0.561
 0.523
 0.572
 0.567
 0.529
 0.564
 0.527
 0.519
 0.556
 0.570
 0.536
 0.570
 0.516
 0.534
 0.590
 0.563
 0.480
 0.503
 0.559
 0.526
 0.592
 0.538
 0.537
 0.528
 0.532
 0.512
 0.572
 0.529
 0.554
 0.550
 0.570
 0.509
 0.483
 0.532
 0.491
 0.537
 0.466
 0.582
 0.533
 0.540
 0.510
 0.565
 0.524
 0.512
 0.571
 0.519
 0.524
 0.530
 0.513
 0.521
 0.515
 0.545
 0.586
 0.590
 0.539
 0.511
 0.564
 0.583
 0.491
 0.571
 0.519
 0.564
 0.535
 0.547
 0.534
 0.528
 0.561
 0.571
 0.589
 0.568
 0.525
 0.498
 0.544
 0.524
 0.528
 0.539
 0.549
 0.557
 0.509
 0.559
 0.565
 0.527
 0.559
 0.539
 0.511
 0.527
 0.488
 0.513
 0.571
 0.545
 0.544
 0.567
 0.543
 0.543
 0.586
 0.553
 0.531
 0.572
 0.539
 0.525
 0.553
 0.532
 0.522
 0.516
 0.548
 0.547
 0.590
 0.505
 0.502
 0.505
 0.544
 0.487
 0.521
 0.553
 0.600
 0.553
 0.529
 0.527
 0.555
 0.498
 0.548
 0.598
 0.572
 0.554
 0.516
 0.507
 0.518
 0.547
 0.495
 0.554
 0.571
 0.557
 0.526
 0.552
 0.527
 0.546
 0.515
 0.547
 0.543
 0.518
 0.527
 0.551
 0.544
 0.542
 0.547
 0.540
 0.522
 0.503
 0.527
 0.531
 0.538
 0.541
 0.518
 0.497
 0.544
 0.559
 0.546

