0.42177348486021415 1
0.42177896700146894 1
0.4311888091728164 1
0.4434196529585616 1
0.444232935362262 1
0.4451126151048411 1
0.4478447055756272 1
0.45382224405343297 1
0.4539159149213631 1
0.4566049989123149 1
0.45661807470273397 1
0.45684372633804166 1
0.4574399589555941 1
0.4580380285102491 1
0.458099751188845 1
0.45997522753354686 1
0.46033376890962197 1
0.46063580030848855 1
0.4627902655997925 1
0.46328648611224926 1
0.4635913917560105 1
0.46452975514435546 1
0.46627102691255795 1
0.4669166343200994 1
0.4679981954149959 1
0.46884206837532977 1
0.46890793273493014 1
0.46909382460580207 1
0.469343694721654 1
0.46937069372703677 1
0.4704146955704795 1
0.4705989616410964 1
0.47120850241786294 1
0.4715821653001458 1
0.47343628928980297 1
0.47407838029173915 1
0.4741581535919584 1
0.47496639155691706 1
0.47510768813086995 1
0.47636179290366376 1
0.4766311165562068 1
0.47666110386217997 1
0.4766691976986118 1
0.4767305939067976 1
0.4782495758029058 1
0.47826316753455606 1
0.47887334005654447 1
0.4794435921548748 1
0.4795263160021 1
0.4804466081692676 1
0.48048007225955786 1
0.48103789264416613 1
0.4813864061999652 1
0.48144126014725364 1
0.481472376874739 1
0.4815478981207311 1
0.48297403192543004 1
0.4830974218931026 1
0.4832542061079629 1
0.4835135629606849 1
0.4838239913103554 1
0.48440208668853507 1
0.48467912241195754 1
0.48504238619210915 1
0.48505745355612606 1
0.48527165534585287 1
0.4857064395185371 1
0.48680066075097633 1
0.4868343999627747 1
0.4876719149796297 1
0.487680553879673 1
0.4877268736293299 1
0.48859743921872045 1
0.4886872111124436 1
0.489646724063015 1
0.49026271591560494 1
0.49049533175168447 1
0.49074375272198856 1
0.49111697419960115 1
0.49123394113396585 1
0.4931711849016323 1
0.49336148380654565 1
0.4934065852700305 1
0.4934177752163862 1
0.4936646280657089 1
0.4940344558095623 1
0.49417002253357956 1
0.49490329594375865 1
0.4950205067770343 1
0.4952128338758769 1
0.4955695882473821 1
0.49663158703750004 1
0.4966763227365788 1
0.4967935191163256 1
0.4973147168886339 1
0.4973332336420037 1
0.49737314341054856 1
0.497673178427851 1
0.49772321165770217 1
0.49786159412428255 1
0.49804711861456424 1
0.4984267004954427 1
0.4988938626588654 1
0.49953469375214 1
0.4999262170417353 1
0.4999357815695701 1
0.5005762897680895 1
0.5008107508568493 1
0.5008534717823576 1
0.5008959439676688 1
0.500898242989782 1
0.5013767462155919 1
0.5017799314650364 1
0.5040963932878563 1
0.5047659205005263 1
0.5048004891816289 1
0.5050598688090612 1
0.505117358186708 1
0.5051358857010796 1
0.5052337534011871 1
0.5053053015066346 1
0.5060948446839038 1
0.5066231013200564 1
0.5066392973018806 1
0.5066975366089573 1
0.5072230429511991 1
0.5083869016619501 1
0.5086381826397905 1
0.5086737737193008 1
0.5089207876437102 1
0.5091176159342229 1
0.5092778866827496 1
0.5092906420987005 1
0.5098137479704645 1
0.5103225477473802 1
0.5106098992566198 1
0.5110128090031669 1
0.5114962791401447 1
0.5118922467339009 1
0.5120560707191796 1
0.5121799168937478 1
0.5125894580386048 1
0.5138975041875296 1
0.5142327573687085 1
0.5144405242994106 1
0.5159278105826022 1
0.5167770576337505 1
0.5176685692710014 1
0.5182792430352826 1
0.5183785563905154 1
0.5186119938997242 1
0.5186343750430534 1
0.5197532956238738 1
0.5199456583269915 1
0.5209006865064056 1
0.5212286837916937 1
0.5215028347125087 1
0.5219231811012464 1
0.5226569296364307 1
0.5226800258877717 1
0.5241989994933821 1
0.5261581540812054 1
0.5270658671912082 1
0.5274443949280663 1
0.5280011853429202 1
0.5280868988208086 1
0.5289356448160093 1
0.5304484553930803 1
0.531519495528038 1
0.5318916937276462 1
0.532733315931679 1
0.5329214505240483 1
0.5333136317920922 1
0.5336809024444177 1
0.5339850999206422 1
0.5343827756401085 1
0.5354755277318298 1
0.536275491241802 1
0.5364404940055723 1
0.5366773196715952 1
0.5367157971227213 1
0.5378164420330854 1
0.5381238720969528 1
0.5393403631449235 1
0.5401355885617779 1
0.5417580304453007 1
0.5442830905553651 1
0.5474907054295377 1
0.5480455638357885 1
0.5482203009583764 1
0.5484566999305986 1
0.5486340331934138 1
0.5490003019363247 1
0.5537689320786444 1
0.5640048760166941 1
0.568023528523414 1
0.5683164781845468 1
0.5717975363106294 1
0.5809627922012316 1
0.5888398410178131 1
