
 0.532
 0.484
 0.488
 0.535
 0.458
 0.512
 0.464
 0.483
 0.519
 0.460
 0.507
 0.474
 0.519
 0.471
 0.549
 0.458
 0.522
 0.475
 0.526
 0.483
 0.527
 0.509
 0.520
 0.518
 0.530
 0.554
 0.490
 0.445
 0.518
 0.486
 0.494
 0.501
 0.493
 0.457
 0.537
 0.465
 0.457
 0.536
 0.511
 0.501
 0.523
 0.512
 0.469
 0.533
 0.497
 0.491
 0.461
 0.470
 0.493
 0.477
 0.509
 0.490
 0.506
 0.536
 0.513
 0.498
 0.477
 0.516
 0.518
 0.497
 0.481
 0.505
 0.485
 0.498
 0.488
 0.509
 0.523
 0.478
 0.482
 0.548
 0.505
 0.532
 0.476
 0.499
 0.454
 0.467
 0.498
 0.521
 0.495
 0.469
 0.544
 0.484
 0.514
 0.481
 0.471
 0.463
 0.507
 0.538
 0.517
 0.475
 0.512
 0.469
 0.547
 0.538
 0.533
 0.477
 0.528
 0.528
 0.572
 0.481
 0.480
 0.507
 0.468
 0.443
 0.477
 0.494
 0.469
 0.540
 0.542
 0.511
 0.524
 0.505
 0.520
 0.527
 0.485
 0.444
 0.480
 0.522
 0.469
 0.500
 0.481
 0.501
 0.533
 0.581
 0.495
 0.454
 0.505
 0.497
 0.479
 0.508
 0.483
 0.497
 0.521
 0.511
 0.485
 0.472
 0.422
 0.548
 0.504
 0.497
 0.487
 0.473
 0.549
 0.534
 0.537
 0.498
 0.505
 0.500
 0.509
 0.463
 0.457
 0.509
 0.489
 0.510
 0.501
 0.529
 0.493
 0.491
 0.485
 0.494
 0.534
 0.487
 0.548
 0.460
 0.500
 0.539
 0.510
 0.502
 0.488
 0.491
 0.490
 0.568
 0.466
 0.479
 0.505
 0.448
 0.478
 0.501
 0.534
 0.489
 0.514
 0.480
 0.498
 0.507
 0.501
 0.509
 0.568
 0.495
 0.474
 0.457
 0.422
 0.497
 0.431
 0.589
 0.514
 0.493
 0.505
 0.496
 0.484
 0.564

