0.42786421392234525 1
0.4346434537125955 1
0.4359728010668015 1
0.43895071129776936 1
0.43999348950815964 1
0.4424817983354293 1
0.44258073823519356 1
0.4441557444964402 1
0.44653225502933774 1
0.448034070164212 1
0.44883046130667753 1
0.44956133156044864 1
0.45148885810285677 1
0.45271219225378057 1
0.45463028340798495 1
0.4550516163359749 1
0.45523011680580433 1
0.4561994129082776 1
0.4568414562900856 1
0.45704102643908734 1
0.45839742528187927 1
0.45868807283811014 1
0.45889101585647607 1
0.45916992272531315 1
0.4597210120847744 1
0.4600722138405755 1
0.4601509932363424 1
0.4604819694931638 1
0.4605800277394234 1
0.4615175650595066 1
0.4625732881039049 1
0.4630830994646446 1
0.46347624821333694 1
0.464272945481238 1
0.4648398588421228 1
0.46500336969595607 1
0.4654423366236478 1
0.46629386474636775 1
0.46643457998911403 1
0.46667732147771473 1
0.46674478319024076 1
0.4667914163936003 1
0.4668317467529991 1
0.46721019515631496 1
0.467238878570239 1
0.4685736741391783 1
0.4685913907343254 1
0.4688314546251516 1
0.46909435302208247 1
0.4703105872500185 1
0.47170086107903453 1
0.47275930007239436 1
0.473026155205096 1
0.47319019104146726 1
0.47344769271751885 1
0.47367131602010365 1
0.4743238755015555 1
0.4746427682625741 1
0.47530983739213317 1
0.4755879204673649 1
0.4784447683357593 1
0.47858651614329256 1
0.47883555456999544 1
0.4789356524341723 1
0.47937897733423485 1
0.47953711754425676 1
0.4803205583427638 1
0.4810753898433103 1
0.48127413008268455 1
0.4815472554638392 1
0.4816676463510732 1
0.48377118700409666 1
0.4838516308968337 1
0.4838776126845722 1
0.48425300737168875 1
0.4850826858753801 1
0.4859321184784905 1
0.4860015677761244 1
0.4865758749804902 1
0.48665886548019943 1
0.487029586936725 1
0.4874354963673696 1
0.48842713477746885 1
0.48871512554946067 1
0.4896431873281415 1
0.48970513471028276 1
0.49029357188767464 1
0.4903349818919955 1
0.4906829430202231 1
0.4907788295957796 1
0.4911044400172305 1
0.4914977572459538 1
0.49166862760627483 1
0.49193953349908937 1
0.49219565041414465 1
0.49278972239175695 1
0.49287025806807 1
0.4930521454962164 1
0.4932577879185164 1
0.49414611687505006 1
0.4945958726633675 1
0.4952974183273236 1
0.4954511760354844 1
0.49562678348725775 1
0.49662238880455756 1
0.4967229331143787 1
0.49733943213946363 1
0.4973662330906251 1
0.49748182709992356 1
0.49754563603347357 1
0.497679718048219 1
0.49889234727473797 1
0.4988948072974093 1
0.499172107205686 1
0.49935957813302473 1
0.5006170017464939 1
0.5006445566017493 1
0.500942757969829 1
0.5014926781481203 1
0.5018054956306972 1
0.5020074432353633 1
0.5023483463357836 1
0.5031574681931772 1
0.5039415891984906 1
0.5041031583931652 1
0.5055881240001284 1
0.5057236570807689 1
0.5058216731056386 1
0.5075917335720415 1
0.5077113768701416 1
0.50788391206322 1
0.5080683589832411 1
0.5086293767379434 1
0.5086508038710984 1
0.508784075052703 1
0.5090681378469499 1
0.5093136188946246 1
0.5093295870007415 1
0.5094021419463006 1
0.510146643682361 1
0.5102738237934453 1
0.51143260293447 1
0.5122023508857115 1
0.5126636418817825 1
0.5130545152691628 1
0.5137773058954663 1
0.513883994206111 1
0.5139278248151057 1
0.5140951194011385 1
0.5146427506292858 1
0.5149114766267401 1
0.5152366246934733 1
0.5153688995594127 1
0.5161287427184389 1
0.5162684459536945 1
0.5163161739034761 1
0.5166416011072722 1
0.5166786133269018 1
0.5168933271610108 1
0.5183962782229579 1
0.5188205550131387 1
0.5189183468652376 1
0.5195588196345771 1
0.5195894437709585 1
0.5200937342742884 1
0.5209885473970999 1
0.5210323604894634 1
0.5212216600590329 1
0.5218561675169117 1
0.524367924627295 1
0.524938040153077 1
0.5264970344612472 1
0.5274330940188231 1
0.5279750719918134 1
0.5283065087075203 1
0.5287557739626826 1
0.5302666020052907 1
0.5308374626410403 1
0.5312571516559232 1
0.5319601978574419 1
0.5347712911858935 1
0.5348176566575367 1
0.5353604849577618 1
0.5355519935223767 1
0.5358010483127857 1
0.5368313114730935 1
0.5374027754038699 1
0.5384451818850826 1
0.540117332026669 1
0.5411139839796586 1
0.5423154378893288 1
0.5429020916463633 1
0.5430143515959709 1
0.5489928514034758 1
0.5498025195206526 1
0.5518648085862313 1
0.5523126395702345 1
0.5549054909326995 1
0.5611507945970803 1
0.5734424180831391 1
