
 0.555
 0.491
 0.513
 0.453
 0.492
 0.552
 0.459
 0.514
 0.463
 0.435
 0.491
 0.515
 0.499
 0.465
 0.508
 0.470
 0.486
 0.467
 0.484
 0.542
 0.528
 0.536
 0.550
 0.509
 0.473
 0.497
 0.466
 0.506
 0.479
 0.469
 0.510
 0.496
 0.472
 0.492
 0.447
 0.467
 0.504
 0.501
 0.466
 0.506
 0.540
 0.561
 0.444
 0.462
 0.485
 0.479
 0.514
 0.527
 0.520
 0.490
 0.521
 0.501
 0.475
 0.508
 0.443
 0.464
 0.473
 0.515
 0.495
 0.509
 0.481
 0.459
 0.484
 0.487
 0.474
 0.531
 0.517
 0.513
 0.440
 0.498
 0.497
 0.514
 0.457
 0.467
 0.490
 0.508
 0.450
 0.520
 0.486
 0.508
 0.497
 0.525
 0.487
 0.460
 0.442
 0.520
 0.469
 0.516
 0.502
 0.455
 0.529
 0.478
 0.490
 0.497
 0.521
 0.498
 0.521
 0.473
 0.480
 0.455
 0.522
 0.476
 0.573
 0.515
 0.549
 0.499
 0.459
 0.458
 0.451
 0.504
 0.537
 0.509
 0.487
 0.535
 0.495
 0.510
 0.502
 0.463
 0.439
 0.509
 0.467
 0.535
 0.490
 0.494
 0.501
 0.479
 0.526
 0.535
 0.532
 0.511
 0.524
 0.460
 0.531
 0.493
 0.517
 0.465
 0.497
 0.469
 0.461
 0.493
 0.552
 0.469
 0.515
 0.460
 0.528
 0.436
 0.499
 0.509
 0.482
 0.509
 0.493
 0.537
 0.516
 0.501
 0.493
 0.538
 0.491
 0.480
 0.502
 0.460
 0.519
 0.448
 0.495
 0.475
 0.463
 0.479
 0.516
 0.541
 0.518
 0.428
 0.455
 0.543
 0.530
 0.482
 0.536
 0.514
 0.467
 0.488
 0.456
 0.484
 0.492
 0.465
 0.509
 0.506
 0.467
 0.449
 0.491
 0.487
 0.503
 0.457
 0.473
 0.489
 0.517
 0.519
 0.499
 0.481
 0.512
 0.484
 0.474
 0.543

