0 50
1 50
0 45
2 49
2 55
2 47
0 43
0 54
2 46
2 37
0 53
0 54
1 51
0 49
1 48
1 35
0 40
2 40
2 40
1 45
0 54
1 46
0 47
0 39
0 48
0 28
0 36
0 45
0 44
0 53
0 46
1 40
2 51
1 44
2 46
0 48
1 41
1 50
1 34
1 43
2 39
0 56
0 37
1 43
0 48
1 46
0 48
1 45
2 32
0 45
1 44
1 48
1 34
0 26
2 48
0 47
1 37
2 44
2 44
2 43
1 40
1 43
0 32
0 40
1 41
2 42
2 44
0 38
1 40
1 42
1 35
1 52
1 41
0 47
1 47
1 61
1 54
0 39
0 46
1 53
0 45
1 47
1 36
2 49
0 44
0 41
2 41
0 38
1 48
2 52
1 47
0 40
2 48
1 29
1 33
0 39
0 56
0 36
1 38
0 48
1 35
1 42
1 41
1 38
1 36
1 42
1 52
2 39
0 42
2 41
0 39
0 36
2 56
1 47
0 51
2 53
1 39
1 33
0 45
1 38
1 45
1 35
1 45
0 29
2 48
0 41
0 45
2 49
1 37
0 37
0 34
0 39
1 47
0 41
1 39
1 43
2 46
1 44
2 28
2 33
0 46
2 33
2 47
0 56
0 34
2 49
0 45
1 42
1 35
2 43
0 42
1 44
0 38
1 36
2 35
1 40
2 32
0 51
2 40
2 44
2 44
1 39
1 47
0 56
1 49
2 60
0 39
0 38
2 41
2 42
1 37
0 39
2 39
0 60
2 42
2 41
1 56
1 44
0 33
2 39
2 37
0 47
2 36
2 40
0 42
2 43
1 43
1 40
1 33
1 48
2 40
2 36
0 49
2 37
0 45
1 40
2 54
2 42
2 45
0 34
