220 47
254 33
224 44
81 56
39 45
249 28
223 59
47 34
296 34
142 50
267 35
114 61
20 42
149 38
49 36
269 45
6 38
101 32
146 53
274 39
180 36
248 42
1 41
184 45
193 37
10 44
53 45
106 33
75 42
109 44
89 41
256 47
75 47
237 45
46 35
217 44
249 43
154 37
197 47
26 45
234 43
208 45
109 44
154 38
253 35
282 42
4 46
104 35
48 50
26 49
125 34
175 44
281 45
123 39
48 43
277 56
4 43
249 34
3 35
56 51
86 41
268 38
5 44
101 45
139 42
59 49
243 32
161 47
284 37
240 49
222 42
49 43
105 35
163 53
36 40
176 40
138 43
198 41
11 47
144 50
51 45
24 42
231 41
271 28
109 40
199 37
97 52
290 38
161 40
114 39
2 37
247 45
95 48
236 44
190 37
291 43
15 39
118 48
127 42
86 37
