
 0.351
 0.326
 0.378
 0.339
 0.313
 0.385
 0.387
 0.359
 0.335
 0.372
 0.350
 0.417
 0.357
 0.362
 0.342
 0.328
 0.396
 0.331
 0.353
 0.319
 0.356
 0.388
 0.365
 0.379
 0.377
 0.384
 0.431
 0.363
 0.323
 0.344
 0.397
 0.405
 0.351
 0.307
 0.390
 0.355
 0.384
 0.358
 0.343
 0.384
 0.329
 0.373
 0.305
 0.368
 0.340
 0.325
 0.358
 0.406
 0.338
 0.367
 0.387
 0.281
 0.371
 0.358
 0.321
 0.373
 0.356
 0.327
 0.350
 0.339
 0.347
 0.330
 0.369
 0.360
 0.368
 0.351
 0.350
 0.332
 0.352
 0.350
 0.339
 0.382
 0.391
 0.355
 0.354
 0.333
 0.348
 0.363
 0.351
 0.346
 0.311
 0.314
 0.378
 0.307
 0.316
 0.340
 0.388
 0.360
 0.379
 0.334
 0.388
 0.357
 0.309
 0.348
 0.365
 0.380
 0.357
 0.385
 0.372
 0.314
 0.382
 0.362
 0.341
 0.346
 0.335
 0.380
 0.410
 0.410
 0.365
 0.370
 0.284
 0.329
 0.358
 0.334
 0.369
 0.337
 0.397
 0.283
 0.316
 0.366
 0.362
 0.384
 0.371
 0.350
 0.380
 0.339
 0.364
 0.375
 0.367
 0.365
 0.291
 0.385
 0.369
 0.345
 0.379
 0.358
 0.320
 0.315
 0.376
 0.362
 0.353
 0.360
 0.398
 0.377
 0.333
 0.363
 0.405
 0.385
 0.325
 0.424
 0.345
 0.376
 0.346
 0.358
 0.401
 0.359
 0.339
 0.381
 0.380
 0.361
 0.347
 0.349
 0.345
 0.337
 0.311
 0.330
 0.365
 0.302
 0.342
 0.339
 0.339
 0.352
 0.375
 0.308
 0.410
 0.359
 0.332
 0.320
 0.372
 0.398
 0.378
 0.366
 0.341
 0.348
 0.385
 0.351
 0.346
 0.371
 0.342
 0.337
 0.365
 0.306
 0.379
 0.326
 0.437
 0.328
 0.347
 0.353
 0.346
 0.314

