1 0.8305331704230183
0 0.7440498513294874
170 0.6043394276131527
187 0.01431690553483611
63 0.29930737522004225
135 0.6997856139996627
40 0.11518600917233823
49 0.5919134615319331
70 0.021652957729863864
231 0.2157697875416672
79 0.9146852868618596
171 0.9394758355920336
109 0.4979676987057676
58 0.4448449080325195
20 0.5461244726124962
22 0.5886715460585409
29 0.4263868029582212
327 0.023404756513816682
53 0.900944759302029
328 0.3323153570568379
25 0.19858577607580508
33 0.3822439611546794
348 0.2784696544048021
201 0.2862498443004867
233 0.48320454764606535
111 0.4244488453131682
161 0.1740983250940884
155 0.2498137237395075
157 0.9667154855129932
330 0.4277172549839431
137 0.5354548188024355
42 0.004062052060341381
44 0.8511360767051869
238 0.8783695487844484
102 0.2396769208425903
203 0.6998761879017219
206 0.24425748279459492
55 0.8023386472690271
164 0.43001740257640264
349 0.1820416702421147
352 0.3570099328834295
100 0.9581995252331329
31 0.07758647521744366
77 0.8440774335662177
78 0.20979734908425307
85 0.16979697868709143
120 0.07073094953486225
372 0.2113420196104112
190 0.32537823982313474
226 0.4877439797214427
257 0.7129371959322861
145 0.9476358870491147
151 0.006917489213101868
166 0.2277604982350253
184 0.24501390929026445
119 0.572018923808609
353 0.6627990474900404
275 0.7099310291419587
342 0.8041671392000034
346 0.5321908806708228
162 0.3247274142065183
211 0.13471200666546934
377 0.9885590428855225
383 0.6489196234915626
381 0.7122674485480874
64 0.2521575282325864
114 0.4941123454408979
202 0.04681912952193612
134 0.8627978056150103
121 0.386542524152495
329 0.4437359155735323
331 0.3107228344607188
247 0.9675547153704264
389 0.7297981792111826
126 0.9470073356019192
98 0.8920267144477539
129 0.8700462738050482
192 0.4369730360007925
204 0.4981982000497296
355 0.003564083827385267
394 0.40153200280812795
147 0.4565477398790615
229 0.09599975386671245
333 0.0938894680528467
195 0.3240123218043638
213 0.21876970372921645
391 0.515069901642577
122 0.4688770239329547
149 0.7056045595824693
52 0.6627627849845641
54 0.3145300911099256
156 0.218786181534382
83 0.9316012571200879
174 0.2866290197136311
264 0.8918488291326051
175 0.1426209140131881
11 0.7420802151913871
84 0.06603665092682887
154 0.8420165426931128
303 0.24258220415667342
101 0.2661493807990992
152 0.015941291858670437
199 0.6416163666136153
358 0.5757513968959699
338 0.8240250083002634
205 0.015483937003270887
297 0.12815171402141468
185 0.18290409363618987
306 0.27729686766913375
288 0.7853614540250815
274 0.9096237243511337
284 0.41335331334321557
366 0.8905638557360516
335 0.5055754571177553
143 0.7267382092031257
368 0.3392967654104908
371 0.793756868984455
210 0.593335295081953
392 0.17511707162005896
285 0.4031304325020426
374 0.3861235689628081
262 0.39518778946346145
142 0.6911496395410284
67 0.8676429887982973
197 0.7313066080051901
388 0.9631192295242693
245 0.47205518728515117
38 0.3872894925602256
263 0.16003043814538231
218 0.5370471823084916
343 0.05294750106203627
108 0.5805986545234045
127 0.12102041761792393
307 0.28307471854850774
93 0.13732987583826695
106 0.5449559961395851
193 0.7634230673131658
219 0.47767931197576097
51 0.20008301729851197
14 0.8329033686477003
2 0.8938837393923493
21 0.10256206817652314
96 0.5236016240761235
178 0.319432999945654
322 0.6452129739631751
189 0.2305562259852012
314 0.8849154387234854
130 0.6572400676181996
281 0.6845911702076746
90 0.7638912326024524
45 0.17883297284467248
66 0.8750650444190692
196 0.9796811438930993
270 0.9915084033404342
305 0.04808857194771854
287 0.3043270548459607
290 0.045887213655754766
280 0.6294148364148181
92 0.3067192943787872
28 0.43214866624352855
62 0.9096627314436143
216 0.751984383005783
336 0.5808251256034851
362 0.14060989883081754
159 0.1764639719871648
334 0.8666302302103437
223 0.31603522229623615
350 0.09627406520489079
50 0.2147408980680442
254 0.22311692826589913
252 0.21848679447870845
341 0.22360371355631692
168 0.33382022709237213
266 0.696633467985451
320 0.6191121746907912
236 0.7200883257404399
69 0.28234580330247916
72 0.32569020091354883
398 0.270941194295645
224 0.36813607475305565
279 0.9970400411803271
326 0.6843421599507375
255 0.03651490608542263
148 0.020562861195361548
167 0.42084778219849395
105 0.09704736480196441
298 0.17899836829455706
207 0.9503978979946847
296 0.45941556479108314
133 0.48260823299108135
35 0.9134301425560462
19 0.9071610213842535
144 0.985906332547769
234 0.7733308417261443
235 0.26776408073726043
319 0.4359558621664952
363 0.7200303731237856
396 0.5645676424011495
332 0.09454629573794526
182 0.9902759601645319
136 0.2655338326261968
373 0.554258741061962
188 0.9273921117097221
243 0.5634849928188089
110 0.32993587821391046
172 0.9473868449474285
273 0.8647251642059172
140 0.10105348992480634
165 0.15071598862156632
316 0.3433181140101157
118 0.7412612122423887
23 0.493102595382655
30 0.5352751909547582
268 0.14129198519705022
345 0.24088135134436106
32 0.025173979539131364
36 0.14082585373108925
217 0.971573460793662
46 0.6704790065399525
89 0.8390287842461369
299 0.6616586316423749
177 0.4609991041289285
179 0.3052437069103435
315 0.1493731621721447
125 0.2884278305396921
300 0.0753108492258463
324 0.4091495160600105
160 0.9548147565565566
3 0.6237412787384606
186 0.3245091483655156
253 0.9866050722776767
282 0.4055404786175365
250 0.5503237353343466
365 0.4214424126187022
251 0.505737258899626
221 0.764675290946632
56 0.012728987883416809
128 0.10923861500755094
278 0.8801898886504037
351 0.2544353399760457
261 0.946146091399129
117 0.8477492746046414
291 0.00781723779914667
354 0.39913632879674277
194 0.7829356104355734
112 0.26592059653462474
26 0.6180011580422379
37 0.6350989405243664
139 0.18778341012384792
41 0.8769562029762017
71 0.1748648033409782
293 0.48177254734359065
311 0.4612493119490201
399 0.23482440356072565
87 0.09615968265853458
258 0.5454719992265914
364 0.7539321682471378
267 0.6143626557069142
4 0.022242084524286443
99 0.8389267311535306
115 0.6291073876633915
276 0.9875872976437744
123 0.5703666574003539
176 0.1761573194607171
308 0.44096255138898466
104 0.9959895156772727
259 0.5691063133871821
283 0.36968061425178556
242 0.29730135589531925
91 0.7108855218457241
27 0.46510299206749217
103 0.9157250938065323
150 0.5198211674074505
97 0.1288768484021503
225 0.7129687916725979
113 0.500620886307871
208 0.7274710079006909
379 0.9887519293810739
73 0.7451339442836816
5 0.08225996766846722
6 0.29120055669456557
7 0.6096342758037244
34 0.6037495842978695
375 0.5239396323319928
241 0.2902551189941943
302 0.4261838837498907
68 0.5340782762319692
198 0.1758760604577
48 0.4291130977296602
183 0.5044746305632931
356 0.922170556544316
387 0.0964013621217844
158 0.8184139385601472
301 0.5805931059638713
397 0.6113022929830854
359 0.1398159247019145
228 0.13641353847397786
295 0.776235008958915
74 0.2905265321405801
138 0.8371375153089744
292 0.2960107225966353
180 0.29779280321354584
337 0.42109764131487715
393 0.1935048706933581
248 0.603142448295456
65 0.5680626757221826
15 0.9172107849755866
390 0.5925073727613213
271 0.49842762038696276
344 0.25849133965816085
59 0.10167271891222895
163 0.008187484730286743
312 0.3687480903588889
321 0.02738809390305119
265 0.43617829450369816
357 0.6666269759747024
13 0.7472023170828586
8 0.9676913690429769
9 0.0902143109548822
94 0.4539662619887457
304 0.8396243692725073
310 0.06345042149849789
131 0.23972278726566687
88 0.045218721438997966
107 0.2901422884241961
60 0.9563880609035312
209 0.9846678239472895
240 0.18761582718721248
367 0.3704301607666278
191 0.02338338661251016
141 0.22453436761430945
169 0.6887685338557711
212 0.6358790167693801
232 0.6191401422745252
75 0.4576986024674643
39 0.8802364205325243
214 0.8828163929406078
256 0.2513888258575012
386 0.845815755754653
86 0.642350329479742
173 0.41825189954678554
237 0.9759286625977619
323 0.1944124338269979
146 0.4079960573261603
47 0.1490431315803188
18 0.7607901743329955
10 0.8377488589845751
81 0.36595728896427315
181 0.6402834905550782
347 0.386672806894215
289 0.5814787920275866
313 0.5936997020619907
222 0.9794145229899515
95 0.9710647687032428
153 0.012396833861350376
220 0.703096092247035
395 0.8337809981367833
294 0.2751573514813548
378 0.9231410904107822
200 0.027775728609395367
325 0.32052769200390285
370 0.00822994272765254
43 0.2390810074366595
260 0.36277838813621777
132 0.7883968340282135
376 0.07777921301032809
380 0.051995383987568644
277 0.9390855981985864
340 0.15696612112037778
385 0.26588031539801216
12 0.5622403154141064
24 0.5416918098949742
80 0.15249082464350372
76 0.8717913302325492
309 0.9607054784797449
369 0.4429417750717862
318 0.715842754701331
124 0.5732573048100935
230 0.2922795358333863
286 0.3569172428581514
269 0.014064010640644664
239 0.32017389466069535
249 0.009306257771672488
246 0.5098362177989223
339 0.9234172997768669
244 0.6423495783586292
17 0.8913276149962913
116 0.47338312148422634
361 0.4943676961521727
57 0.8105447606995957
61 0.22497474983998877
317 0.21673405606760798
227 0.5742443212482562
382 0.43270287592346557
82 0.45754827468864634
215 0.49199815224812304
272 0.6412140039002523
384 0.8136173987450388
360 0.7353672523971334
16 0.39660601218562186
