
 0.502
 0.519
 0.573
 0.588
 0.602
 0.644
 0.655
 0.652
 0.659
 0.662
 0.662
 0.662
 0.662
 0.662
 0.662
 0.662
 0.662
 0.662
 0.662
 0.662
 0.662
 0.662
 0.662
 0.662
 0.662
 0.662
 0.662
 0.662
 0.662
 0.662
 0.662
 0.662
 0.662
 0.662
 0.662
 0.662
 0.662
 0.662
 0.662
 0.662
 0.662
 0.662
 0.662
 0.662
 0.662
 0.662
 0.662
 0.662
 0.662
 0.662
 0.662
 0.662
 0.662
 0.662
 0.662
 0.662
 0.662
 0.662
 0.662
 0.662
 0.662
 0.662
 0.662
 0.662
 0.662
 0.662
 0.662
 0.662
 0.662
 0.662
 0.662
 0.662
 0.662
 0.662
 0.662
 0.662
 0.662
 0.662
 0.662
 0.662
 0.662
 0.662
 0.662
 0.662
 0.662
 0.662
 0.662
 0.662
 0.662
 0.662
 0.662
 0.662
 0.662
 0.662
 0.662
 0.662
 0.662
 0.662
 0.662
 0.662
 0.662
 0.662
 0.662
 0.662
 0.662
 0.662
 0.662
 0.662
 0.662
 0.662
 0.662
 0.662
 0.662
 0.662
 0.662
 0.662
 0.662
 0.662
 0.662
 0.662
 0.662
 0.662
 0.662
 0.662
 0.662
 0.662
 0.662
 0.662
 0.662
 0.662
 0.662
 0.662
 0.662
 0.662
 0.662
 0.662
 0.662
 0.662
 0.662
 0.662
 0.662
 0.662
 0.662
 0.662
 0.662
 0.662
 0.662
 0.662
 0.662
 0.662
 0.662
 0.662
 0.662
 0.662
 0.662
 0.662
 0.662
 0.662
 0.662
 0.662
 0.662
 0.662
 0.662
 0.662
 0.662
 0.662
 0.662
 0.662
 0.662
 0.662
 0.662
 0.662
 0.662
 0.662
 0.662
 0.662
 0.662
 0.662
 0.662
 0.662
 0.662
 0.662
 0.662
 0.662
 0.662
 0.662
 0.662
 0.662
 0.662
 0.662
 0.662
 0.662
 0.662
 0.662
 0.662
 0.662
 0.662
 0.662
 0.662
 0.662

