0.44448843038667285 1
0.45282817423083466 1
0.45802982851532387 1
0.4580343307467715 1
0.45867184179212594 1
0.45917942351988583 1
0.4613707403257944 1
0.4633130111087538 1
0.46417270671358574 1
0.46559813897832797 1
0.465681517273134 1
0.4668306525022434 1
0.4690740973606216 1
0.4692597307838065 1
0.4696091357684059 1
0.4711038440549917 1
0.4735695234182449 1
0.4762316735526646 1
0.47656291784200294 1
0.47769782749146633 1
0.4786399875700956 1
0.48212653706804326 1
0.48461401321825975 1
0.48530061372471606 1
0.4853836293248777 1
0.48593155498494367 1
0.4863750635137912 1
0.48650604616367255 1
0.48710625587601747 1
0.48724052486822894 1
0.4878359464530264 1
0.4881367632637857 1
0.48889154752247693 1
0.48962920934787724 1
0.4898568462683714 1
0.490450996484877 1
0.4908590798158632 1
0.49147650265356696 1
0.4916547698850086 1
0.49331472999963816 1
0.4934429532298467 1
0.4938067253122028 1
0.49437966299990355 1
0.495130331267426 1
0.495355806911741 1
0.4960928850370399 1
0.49633019686007224 1
0.49729634470842576 1
0.4975718631101567 1
0.4976086631772766 1
0.49767251479084834 1
0.49825347624647526 1
0.4983281087546721 1
0.49855358171755887 1
0.49862145752688136 1
0.499087861433533 1
0.49934437940118037 1
0.4994483242407609 1
0.4997230193920598 1
0.49978560434053343 1
0.501023070642116 1
0.5020482770809381 1
0.5022232337073935 1
0.5023712140144891 1
0.5028516394473563 1
0.5028795809611839 1
0.5030012794868487 1
0.503004491923848 1
0.503838767306612 1
0.5045595001619356 1
0.5058524989509724 1
0.5060131693458146 1
0.5062921796115548 1
0.5064084264044526 1
0.5065987666480078 1
0.5068558578068363 1
0.5069673851159427 1
0.5072402090105356 1
0.5075107582732215 1
0.5077726158746831 1
0.508328857275988 1
0.5088598545981352 1
0.508956008009093 1
0.5092783803195762 1
0.5093323236364907 1
0.5105378952216387 1
0.5108094411997027 1
0.5118717045786885 1
0.512090333821266 1
0.5121051758527233 1
0.5124026017805088 1
0.5124930115484979 1
0.5126942234913973 1
0.5127058428837147 1
0.5132653757033446 1
0.5134643985063326 1
0.5141098823940914 1
0.5151515646894225 1
0.5152925843168689 1
0.5156406243901261 1
0.5158823716025069 1
0.5162576076232553 1
0.5167438967642711 1
0.5167842104743949 1
0.5167891499379681 1
0.5168547029987033 1
0.516898271964092 1
0.5170667993037497 1
0.5174013322718949 1
0.5178488727507263 1
0.518002809639677 1
0.5185727829546724 1
0.5195033902466322 1
0.5195353044549703 1
0.5195562550325982 1
0.5202723906258477 1
0.520369185045094 1
0.5207828564089887 1
0.5208349179838008 1
0.5208777622452319 1
0.521098313601577 1
0.5212343878237128 1
0.5212885685188876 1
0.5230245541075679 1
0.5237917436297085 1
0.5241289023802004 1
0.5246668018299142 1
0.5248585122234923 1
0.525915722381276 1
0.5268706856407283 1
0.5269581086305286 1
0.5275420250751641 1
0.5275953132313569 1
0.527777037081038 1
0.529492499970246 1
0.5310330012481038 1
0.5324055519839871 1
0.5333493209502348 1
0.5335657507823695 1
0.534277259232135 1
0.53453353675801 1
0.534919528717277 1
0.5353740964677388 1
0.536257073674512 1
0.5363792007224805 1
0.5366213363752883 1
0.5367003036509181 1
0.5375512465596917 1
0.5375947873995782 1
0.5383775250642708 1
0.5395283478750742 1
0.5395738078657887 1
0.5397206354420055 1
0.5402338208847501 1
0.5408551157109408 1
0.5417526165246226 1
0.5420215020151461 1
0.5420559167583963 1
0.5421101433134288 1
0.5431142847422408 1
0.5438252757665089 1
0.5440337721142868 1
0.5442164673546579 1
0.5443353828099985 1
0.5448583164122863 1
0.5450015571066131 1
0.5451463051983247 1
0.5451782411024353 1
0.5455783208612776 1
0.5468850001946103 1
0.5471999487525943 1
0.5474341403722013 1
0.5484571622207293 1
0.5508081097995026 1
0.5508476414044834 1
0.5510660518097193 1
0.552221486906805 1
0.5536256984500095 1
0.5547338501504269 1
0.5555977688768003 1
0.5558770214169385 1
0.5567859387021552 1
0.5568089840595252 1
0.5569985146524014 1
0.557575866666683 1
0.55890550951654 1
0.5622203036748563 1
0.5635182916892023 1
0.5644396730506347 1
0.5651161202333504 1
0.5658722419799225 1
0.5668957626480595 1
0.5694892236971216 1
0.5707966105407123 1
0.5721416044041373 1
0.5723959184240424 1
0.5739024014204558 1
0.5741183218210871 1
0.5756552219658969 1
0.595419652078332 1
