
 0.534
 0.536
 0.521
 0.500
 0.516
 0.543
 0.508
 0.489
 0.533
 0.536
 0.496
 0.571
 0.551
 0.498
 0.506
 0.461
 0.574
 0.520
 0.463
 0.556
 0.508
 0.555
 0.507
 0.477
 0.515
 0.485
 0.535
 0.512
 0.540
 0.499
 0.515
 0.547
 0.504
 0.486
 0.542
 0.499
 0.537
 0.495
 0.487
 0.547
 0.488
 0.576
 0.507
 0.566
 0.545
 0.521
 0.470
 0.512
 0.488
 0.542
 0.557
 0.516
 0.565
 0.490
 0.542
 0.558
 0.498
 0.499
 0.546
 0.572
 0.532
 0.572
 0.557
 0.551
 0.517
 0.547
 0.478
 0.524
 0.499
 0.498
 0.485
 0.486
 0.595
 0.535
 0.528
 0.554
 0.492
 0.540
 0.444
 0.501
 0.503
 0.502
 0.518
 0.540
 0.517
 0.509
 0.521
 0.545
 0.562
 0.499
 0.458
 0.503
 0.508
 0.494
 0.545
 0.520
 0.471
 0.556
 0.559
 0.498
 0.513
 0.498
 0.567
 0.466
 0.538
 0.507
 0.517
 0.544
 0.544
 0.540
 0.506
 0.521
 0.538
 0.537
 0.474
 0.502
 0.494
 0.531
 0.521
 0.564
 0.459
 0.507
 0.551
 0.491
 0.512
 0.534
 0.512
 0.520
 0.459
 0.514
 0.482
 0.469
 0.487
 0.520
 0.490
 0.525
 0.506
 0.496
 0.464
 0.548
 0.503
 0.524
 0.466
 0.544
 0.557
 0.493
 0.569
 0.509
 0.538
 0.542
 0.512
 0.528
 0.485
 0.521
 0.495
 0.527
 0.518
 0.513
 0.500
 0.506
 0.552
 0.526
 0.516
 0.523
 0.517
 0.479
 0.467
 0.497
 0.513
 0.527
 0.493
 0.520
 0.545
 0.476
 0.509
 0.491
 0.458
 0.469
 0.529
 0.509
 0.564
 0.528
 0.517
 0.490
 0.505
 0.541
 0.574
 0.513
 0.525
 0.544
 0.535
 0.502
 0.517
 0.511
 0.453
 0.503
 0.511
 0.519
 0.517
 0.487

