
 2.040
 2.050
 1.990
 2.070
 1.950
 1.700
 2.100
 2.120
 1.980
 1.850
 1.810
 1.950
 1.790
 2.100
 1.900
 1.850
 2.130
 2.010
 1.960
 1.860
 2.030
 1.990
 2.110
 2.250
 2.140
 1.750
 1.740
 2.110
 2.110
 2.120
 1.940
 1.890
 2.220
 1.970
 1.830
 1.970
 1.790
 2.150
 2.150
 1.860
 2.070
 2.080
 1.850
 1.950
 2.020
 2.090
 2.030
 1.920
 1.950
 1.920
 2.100
 2.030
 1.900
 1.910
 2.080
 2.110
 1.880
 2.070
 1.890
 2.160
 2.100
 2.110
 1.960
 2.070
 2.180
 2.230
 1.900
 2.050
 1.890
 1.760
 1.900
 1.780
 2.100
 2.270
 1.900
 2.120
 2.100
 1.880
 1.950
 1.910
 2.080
 1.840
 1.930
 1.980
 1.950
 1.930
 2.020
 1.960
 1.970
 1.930
 1.990
 2.180
 2.140
 1.870
 2.100
 2.250
 1.970
 1.970
 2.170
 2.270

