0.4009375379969066 1
0.413914185340253 1
0.41511791391172187 1
0.4152010225797177 1
0.41584870533590146 1
0.42453866082609953 1
0.42749668699038074 1
0.4354167945716365 1
0.435991254085056 1
0.43688546896297814 1
0.4411636716232059 1
0.44139979506547794 1
0.44373474051094314 1
0.44708217884794926 1
0.4475740881655602 1
0.44778366061919045 1
0.4480998335071187 1
0.450006641147393 1
0.4502831247690438 1
0.4507562418683193 1
0.4514363518258724 1
0.45325158557395767 1
0.45334965964333873 1
0.4537886457360935 1
0.45383980790990686 1
0.4538610054719036 1
0.45419816026295606 1
0.45447714268935263 1
0.45465799671389734 1
0.4551762337670075 1
0.45575846494835787 1
0.4568207227694321 1
0.4571087876194813 1
0.4575859591315319 1
0.457735896358056 1
0.46039435059294803 1
0.46040224163178856 1
0.46083304411673603 1
0.46086098294495786 1
0.4618675534474769 1
0.4619274619873401 1
0.4620916458285027 1
0.4630554376953419 1
0.464060706984834 1
0.4651495608816014 1
0.4652102653960848 1
0.46553566427049886 1
0.4657141641971625 1
0.46600710543893514 1
0.4660732823929876 1
0.4666954850820288 1
0.46681823938538053 1
0.4672726817802746 1
0.4677839475662634 1
0.4697379428313138 1
0.47043346157685667 1
0.4708690801658904 1
0.47147280750910064 1
0.47168978049148164 1
0.4717701458626015 1
0.47183046628592096 1
0.4720173439798745 1
0.47254923079567135 1
0.4738047413257061 1
0.4742170496414259 1
0.4749894006190225 1
0.47607094975004943 1
0.4766625271537194 1
0.47670081456458485 1
0.4771381953825975 1
0.47720359065603085 1
0.47788583303765814 1
0.47818016590480816 1
0.47843396291152035 1
0.47844127044470075 1
0.47881696114247757 1
0.47893657699828374 1
0.4799172261084774 1
0.47997173359809703 1
0.480664884157988 1
0.4807427890068003 1
0.48075265256024613 1
0.4808590129141211 1
0.4814197654725201 1
0.48199650664782856 1
0.48244945010755513 1
0.48253623436704696 1
0.4827106457297136 1
0.48309134068186205 1
0.48345793433807577 1
0.4843278291429399 1
0.4843857820884457 1
0.484511308523264 1
0.4854887029677555 1
0.4859267556940162 1
0.48665553446130466 1
0.48672692191285305 1
0.48709221952841986 1
0.4870930143300937 1
0.48710075608164105 1
0.4875435694387221 1
0.4876800643808083 1
0.4879674001253286 1
0.48827399348900064 1
0.4884481175841372 1
0.4884812132020007 1
0.4891475086810088 1
0.4894991766699937 1
0.4900065163906299 1
0.4903278822689691 1
0.49035899623117446 1
0.49073595738549114 1
0.49113085812476376 1
0.4911715233310085 1
0.49209636852309335 1
0.4921344401726093 1
0.49250963052076024 1
0.4938931607419013 1
0.4940622284870044 1
0.4941658029605697 1
0.49451283313644245 1
0.4947179453922788 1
0.494764776313793 1
0.4948107158560834 1
0.4950222614826238 1
0.4951732201069856 1
0.4952462902870861 1
0.4953575590189658 1
0.49561620882012164 1
0.49586753998611544 1
0.4959187658385681 1
0.49635618201087134 1
0.4972717907268261 1
0.4977252058926037 1
0.49789123823698456 1
0.49798686241316614 1
0.4981260785006142 1
0.4982128364158146 1
0.49854049917378085 1
0.4985679714050973 1
0.4992303212037023 1
0.499658233392395 1
0.5000611589060471 1
0.500101130186406 1
0.5006188101542978 1
0.5009057961738456 1
0.5009287885696657 1
0.5015296768136543 1
0.5016939693458685 1
0.5019815024232589 1
0.5028276465006695 1
0.5034064405063922 1
0.5039391029558178 1
0.5040846141230653 1
0.5050047414440709 1
0.5050829095975888 1
0.5052934982378807 1
0.5057000799100614 1
0.5061774603084475 1
0.5062175338186965 1
0.5066029975822783 1
0.5071225789360474 1
0.5085462578252656 1
0.5094063855010197 1
0.5099445182417531 1
0.5100118145543137 1
0.5110825321288522 1
0.5110865621740158 1
0.5123818463137019 1
0.5123849958528496 1
0.5129593431366783 1
0.5130389676218854 1
0.5131781154609142 1
0.5131837428524834 1
0.5139759647914426 1
0.5148201075906483 1
0.5150879071379129 1
0.5157646882733122 1
0.5161734980788261 1
0.5169964389586766 1
0.51739901969562 1
0.51782252552414 1
0.5183854550488826 1
0.5189153720822345 1
0.519644874609281 1
0.5197309483789283 1
0.520078639388682 1
0.5205799117006463 1
0.5241821989197182 1
0.5272250322335773 1
0.5293717164901556 1
0.5325891019858926 1
0.5331597035348814 1
0.534726479258546 1
0.5360930779418315 1
0.5401295492811893 1
0.5403434141192686 1
0.5429295641197425 1
0.547580173630025 1
0.5515037444354931 1
