
 0.457
 0.477
 0.533
 0.516
 0.448
 0.470
 0.492
 0.506
 0.540
 0.504
 0.494
 0.529
 0.513
 0.511
 0.488
 0.511
 0.486
 0.441
 0.487
 0.494
 0.472
 0.481
 0.496
 0.513
 0.548
 0.479
 0.453
 0.516
 0.455
 0.499
 0.498
 0.498
 0.509
 0.465
 0.450
 0.464
 0.490
 0.510
 0.465
 0.483
 0.483
 0.462
 0.490
 0.496
 0.493
 0.481
 0.483
 0.507
 0.466
 0.447
 0.492
 0.444
 0.472
 0.536
 0.485
 0.488
 0.477
 0.520
 0.506
 0.466
 0.477
 0.518
 0.474
 0.441
 0.473
 0.481
 0.543
 0.503
 0.515
 0.460
 0.477
 0.455
 0.498
 0.458
 0.415
 0.489
 0.462
 0.478
 0.513
 0.453
 0.483
 0.506
 0.495
 0.497
 0.471
 0.510
 0.495
 0.416
 0.484
 0.448
 0.478
 0.491
 0.454
 0.471
 0.500
 0.425
 0.475
 0.487
 0.520
 0.466
 0.498
 0.488
 0.436
 0.482
 0.480
 0.500
 0.505
 0.501
 0.488
 0.415
 0.552
 0.474
 0.491
 0.463
 0.515
 0.495
 0.488
 0.502
 0.467
 0.454
 0.450
 0.540
 0.499
 0.479
 0.505
 0.495
 0.461
 0.478
 0.495
 0.502
 0.490
 0.437
 0.481
 0.454
 0.495
 0.501
 0.435
 0.470
 0.468
 0.507
 0.509
 0.484
 0.457
 0.495
 0.489
 0.448
 0.527
 0.467
 0.504
 0.500
 0.456
 0.498
 0.454
 0.462
 0.533
 0.501
 0.401
 0.496
 0.491
 0.482
 0.524
 0.495
 0.481
 0.512
 0.517
 0.494
 0.478
 0.472
 0.517
 0.476
 0.503
 0.460
 0.485
 0.499
 0.514
 0.467
 0.454
 0.518
 0.487
 0.535
 0.461
 0.513
 0.496
 0.451
 0.458
 0.414
 0.487
 0.488
 0.472
 0.487
 0.520
 0.521
 0.427
 0.519
 0.505
 0.512
 0.502
 0.451
 0.466
 0.480

