1 44
2 40
1 55
1 41
3 51
0 48
1 49
3 38
3 40
4 35
4 53
3 37
4 40
2 38
0 39
1 38
3 43
0 30
4 43
2 35
3 41
0 38
1 44
0 44
4 47
3 44
0 49
4 44
0 46
2 40
1 43
4 45
1 43
0 39
4 49
2 36
4 56
3 47
2 55
0 47
4 27
1 55
2 49
4 42
3 34
0 40
0 34
3 37
0 31
2 38
1 35
4 34
4 50
4 36
1 42
0 41
4 29
2 38
2 40
1 46
1 41
1 39
2 38
4 43
4 51
0 42
0 44
4 42
1 46
0 31
2 40
4 29
2 32
0 49
2 40
0 32
3 47
4 47
4 43
1 41
4 34
2 38
4 38
2 35
1 30
0 38
0 35
1 36
4 52
4 50
4 50
2 33
0 45
3 39
0 37
4 30
3 42
4 46
1 44
3 29
0 49
1 36
1 41
4 44
0 41
1 41
0 54
1 47
1 40
0 37
1 43
2 38
0 53
4 43
4 52
2 44
4 38
1 52
0 42
3 40
4 38
1 45
0 38
1 43
3 46
0 49
0 33
1 37
4 32
0 39
3 47
0 37
0 69
4 48
3 36
2 43
4 36
4 33
2 41
3 36
2 46
2 42
0 50
4 54
3 46
3 42
3 44
4 47
1 47
2 51
0 44
1 47
3 42
2 50
0 51
1 44
0 40
3 48
1 43
1 44
4 46
0 51
1 43
3 36
1 37
0 32
4 50
1 42
3 46
4 40
0 40
4 41
2 37
1 36
2 41
1 35
2 41
4 36
0 38
3 44
1 47
1 42
2 34
2 38
3 42
2 34
4 37
3 39
3 36
0 37
4 54
3 39
3 42
4 40
0 42
1 42
0 42
4 38
3 41
4 46
