0.38154172249385354 1
0.3869658122851035 1
0.40228533950105594 1
0.4054485975486026 1
0.408689665951669 1
0.40942817784946123 1
0.4104114599028174 1
0.4105732250838585 1
0.4133297372640481 1
0.413496005712295 1
0.41396885500425307 1
0.4147668250682539 1
0.415275182429084 1
0.4156667646413219 1
0.41623552287301946 1
0.4167013039150957 1
0.41824150406530314 1
0.4194282687571026 1
0.4201985163379894 1
0.4210305629914571 1
0.4219266927489562 1
0.42257367862574796 1
0.4230654013224222 1
0.4239205634936329 1
0.42399232783028673 1
0.4254805259953661 1
0.4254935787501129 1
0.4258807175944232 1
0.4261390072075129 1
0.4262283825708433 1
0.426604439965291 1
0.426663255502815 1
0.42677552841922856 1
0.429434643503014 1
0.4303653941145684 1
0.4310236628659764 1
0.43127320752613835 1
0.4319962980468539 1
0.4322431535163457 1
0.43279519430539326 1
0.43302812499329074 1
0.4330738226303195 1
0.43325434296744997 1
0.43424297655289407 1
0.4354427937419889 1
0.4367078783312217 1
0.436769617504524 1
0.43788640332528844 1
0.43814248744583717 1
0.43821295638409735 1
0.4391237385524827 1
0.44053360471933234 1
0.4410112021220802 1
0.44117517279566215 1
0.441998431107044 1
0.44211579027752074 1
0.44272207159426324 1
0.4430002589727104 1
0.44363205921001203 1
0.44384361711171144 1
0.4449831422221835 1
0.4450190057518103 1
0.4452899071731671 1
0.4475295990555226 1
0.44769463811629834 1
0.44769869447765787 1
0.44780130091349385 1
0.4479277317641316 1
0.4480231294596374 1
0.44865439453834904 1
0.4488236361528488 1
0.44975779009860134 1
0.4511823861505481 1
0.4517654270743735 1
0.45177528953524104 1
0.4521243210151708 1
0.4524361012849552 1
0.4548225942755982 1
0.45506987991303616 1
0.4550870605143146 1
0.4551141716571058 1
0.4565845472297297 1
0.4567506694856126 1
0.4571689940465143 1
0.45852101910837406 1
0.4587922321915987 1
0.4605081172400338 1
0.4608905291505627 1
0.46090623891265836 1
0.46120991089883284 1
0.462574629395157 1
0.4649016106894078 1
0.4655506983605749 1
0.4658071694876916 1
0.4662780856471258 1
0.4666868097383721 1
0.46688304491421534 1
0.46689764312773846 1
0.4669507421109772 1
0.4681360190261688 1
0.46845842943053284 1
0.4685952108496044 1
0.4687130001880277 1
0.46924233825187156 1
0.46937926782296563 1
0.46969271401726354 1
0.47072947439885204 1
0.4707375395210838 1
0.47107361116589963 1
0.4711993175042039 1
0.4712541365796469 1
0.4713740645047295 1
0.471646415617932 1
0.47219370765868157 1
0.47255581387772816 1
0.4734663616010053 1
0.4738064902446883 1
0.4742318502925692 1
0.47434257579054806 1
0.4744434731701639 1
0.4745266025225351 1
0.4746858354838029 1
0.47532763867242045 1
0.4756975588306906 1
0.47591834097401 1
0.4759600853103364 1
0.4760365277174774 1
0.4774306834847234 1
0.4774536748523981 1
0.47831329690165647 1
0.47853466203183326 1
0.4785943216227959 1
0.48039694611662315 1
0.48154851163439877 1
0.48180309342787825 1
0.48292913561565753 1
0.4830101250888908 1
0.48412298973434764 1
0.48476374037871217 1
0.4849039704807989 1
0.4852389968454161 1
0.4860896401341463 1
0.4866977722900356 1
0.4876746507065651 1
0.48769011588252786 1
0.4877737340096451 1
0.4878587212374383 1
0.48790778307666793 1
0.4879287600077518 1
0.4880624264776443 1
0.48811841037439146 1
0.48948483351749866 1
0.4894882040887947 1
0.4904692315288648 1
0.4905868399523636 1
0.4915450406870148 1
0.4921628439903706 1
0.49218070597227515 1
0.49289413130489174 1
0.4932158704696541 1
0.49412000441507914 1
0.4946294834358353 1
0.4954899009326886 1
0.49797736915721486 1
0.4979777709716962 1
0.49846192457273125 1
0.49924543157958856 1
0.49944425288544475 1
0.5002477882347498 1
0.5003619617782362 1
0.5007304716341097 1
0.501033315409786 1
0.5016997254651586 1
0.5037877314975152 1
0.5062951230738452 1
0.5078127197579048 1
0.5084004552623371 1
0.5088361233844529 1
0.5092262296930998 1
0.5098901236290913 1
0.5108406942743404 1
0.5112745934409573 1
0.512073842393232 1
0.5133720564578357 1
0.515386440945296 1
0.519268555004293 1
0.5197669525751858 1
0.5199050478625434 1
0.5231646845474073 1
0.5234487255961777 1
0.523560764324935 1
0.5254422150362025 1
0.5274877420788752 1
0.5278541990036678 1
0.5289137154128646 1
0.5291464627063857 1
0.5380438658282083 1
0.541254014915333 1
0.5456455153329046 1
0.557464480064496 1
