
 0.448
 0.461
 0.461
 0.493
 0.426
 0.444
 0.427
 0.476
 0.482
 0.409
 0.476
 0.455
 0.437
 0.457
 0.488
 0.387
 0.511
 0.441
 0.485
 0.420
 0.431
 0.427
 0.438
 0.413
 0.448
 0.448
 0.452
 0.463
 0.498
 0.426
 0.508
 0.415
 0.529
 0.500
 0.459
 0.538
 0.433
 0.418
 0.427
 0.495
 0.455
 0.557
 0.437
 0.476
 0.486
 0.410
 0.475
 0.488
 0.455
 0.478
 0.498
 0.485
 0.417
 0.416
 0.509
 0.439
 0.413
 0.448
 0.485
 0.504
 0.451
 0.546
 0.506
 0.443
 0.452
 0.433
 0.467
 0.487
 0.500
 0.479
 0.441
 0.419
 0.443
 0.523
 0.499
 0.488
 0.484
 0.452
 0.494
 0.445
 0.476
 0.470
 0.434
 0.414
 0.472
 0.490
 0.421
 0.432
 0.468
 0.471
 0.475
 0.467
 0.438
 0.425
 0.409
 0.444
 0.382
 0.424
 0.459
 0.402
 0.510
 0.431
 0.426
 0.468
 0.498
 0.422
 0.523
 0.513
 0.488
 0.499
 0.477
 0.541
 0.466
 0.479
 0.495
 0.474
 0.473
 0.475
 0.488
 0.442
 0.465
 0.474
 0.529
 0.482
 0.469
 0.452
 0.455
 0.492
 0.483
 0.433
 0.457
 0.471
 0.489
 0.501
 0.423
 0.466
 0.473
 0.508
 0.432
 0.461
 0.491
 0.469
 0.442
 0.467
 0.489
 0.471
 0.438
 0.471
 0.512
 0.488
 0.448
 0.501
 0.488
 0.474
 0.457
 0.448
 0.511
 0.520
 0.472
 0.492
 0.415
 0.525
 0.528
 0.469
 0.483
 0.424
 0.461
 0.411
 0.445
 0.469
 0.524
 0.416
 0.425
 0.445
 0.502
 0.474
 0.493
 0.477
 0.515
 0.429
 0.471
 0.520
 0.449
 0.433
 0.423
 0.509
 0.441
 0.492
 0.480
 0.488
 0.527
 0.430
 0.466
 0.471
 0.435
 0.405
 0.519
 0.449
 0.467
 0.450

