1 38
0 34
1 41
1 46
1 40
1 46
1 53
1 45
0 48
0 46
0 44
0 44
0 47
0 49
0 43
1 27
0 60
1 36
0 50
1 38
1 37
0 47
1 37
0 42
1 48
0 40
1 35
1 47
1 47
1 30
0 50
0 54
0 56
0 49
0 51
0 39
0 41
0 40
1 51
0 35
1 45
1 35
0 43
0 38
1 35
1 37
1 31
1 33
1 44
1 51
1 50
0 36
0 51
1 37
1 47
1 44
1 54
0 32
1 57
0 45
1 44
0 46
0 45
1 48
0 43
1 40
1 49
1 40
0 40
0 42
1 42
1 36
1 36
1 41
1 38
1 39
1 40
1 43
0 35
1 38
0 39
1 37
0 36
1 40
0 43
1 27
1 44
1 44
0 40
1 49
0 40
0 44
1 44
1 57
1 41
1 50
1 41
0 37
1 41
0 44
0 26
1 39
0 47
1 41
0 37
1 47
0 39
0 39
1 37
1 35
1 49
1 43
0 34
1 41
1 36
0 37
1 59
1 45
1 34
0 39
0 44
1 57
1 40
1 47
1 40
1 33
0 46
1 33
1 36
0 36
0 59
1 30
0 42
1 35
0 41
0 41
1 35
1 39
1 45
1 38
0 45
0 40
1 40
0 36
0 37
0 34
0 46
1 42
1 52
1 39
1 42
1 33
0 41
1 55
0 50
1 48
0 42
0 42
1 48
0 35
1 40
1 33
0 37
0 34
0 47
0 45
0 52
1 42
0 45
1 43
1 28
1 37
1 40
1 49
0 43
0 47
1 39
0 38
1 46
1 34
1 38
1 44
0 48
1 44
0 50
0 45
0 25
1 49
0 42
1 35
1 42
1 51
0 38
1 34
0 34
1 51
1 32
0 40
0 37
0 48
