2 0.8583702520210869
6 0.7798318430914042
0 0.23445785008607778
16 0.36202115569059634
34 0.35081897107642857
83 0.14036766395167188
456 0.756300818876915
2607 0.21738582653095406
1235 0.17776032489512827
2763 0.6394060946046712
447 0.20072922341004473
2262 0.8814493618817841
2559 0.6658050065119405
1033 0.8829358831032694
195 0.8970056332790637
432 0.3369590276504103
1939 0.20544385059921455
2081 0.6817949355941928
3693 0.2696596177667284
2562 0.5725967925996197
3533 0.5439942671496386
1214 0.8736952747333109
1277 0.7632872803412774
3194 0.416101123670772
778 0.10954746856613728
1926 0.4657811349965062
918 0.6619068114665523
89 0.4879134110683121
139 0.7467180362001568
3571 0.8428832586256431
3608 0.41961983873048914
3315 0.11444292179475624
3429 0.2447336717635895
1436 0.7588116937789425
3569 0.005541430480214826
3120 0.7874467224807492
2795 0.09981919157987174
902 0.3280007540691894
1198 0.20925145520831712
1721 0.38271403613575206
2501 0.667702316587295
3428 0.1277496880562643
1750 0.9971800758616904
1430 0.028702848523811553
1526 0.18943781900929635
2293 0.8532777550145966
2956 0.9784984721550933
1737 0.08183499140479245
3131 0.8712367412051009
2527 0.05987918609055287
2898 0.6787675723850196
1638 0.1576890592129383
1717 0.0741712730079882
2111 0.35482744492943463
238 0.14086879004824904
780 0.8963866463614376
3948 0.30088636315496275
1133 0.476350376582074
2601 0.05538247208417035
152 0.1638447413324523
193 0.21595546583787117
243 0.5357745320198019
2224 0.0063103700854821865
1713 0.6490413037102427
2147 0.3136355256350638
1298 0.7949968940642024
1566 0.7011124993136909
777 0.024940193398744426
2232 0.453832637783008
3107 0.23965965094296549
2951 0.71716503116531
1432 0.42761477679772575
829 0.3649418773366505
291 0.25980871667812566
3560 0.4762532244723372
3595 0.08099240624709747
3065 0.7433407583865965
3893 0.06510522637950455
1274 0.5627897729318028
1646 0.6186034445817483
1983 0.07708319432619881
3984 0.1767567742248649
1679 0.1893283173360889
1716 0.9475300066134079
467 0.5886729857717664
536 0.06430324166636114
987 0.8656441850998837
3036 0.5788298748670027
929 0.8659474827370034
3730 0.9900401099539942
1137 0.8723665039884339
3039 0.8149310644119662
2202 0.18667116008192752
433 0.5829976463416889
197 0.5903289118534972
2426 0.024102166842739248
672 0.9042718794803007
752 0.5888325603268837
1156 0.18998886610053822
1774 0.7600742614422057
3994 0.8353775917433023
3473 0.6227595449409974
1513 0.8532476856459189
2532 0.4096718016904889
3739 0.621446772491359
794 0.2011814652623608
2185 0.1178239769983439
1278 0.7476458048215795
3663 0.7697171516937739
3179 0.5406501137381057
79 0.516151179148898
313 0.7850008256266506
2769 0.1312987818015161
1670 0.6403637035460584
122 0.8704790793644066
3815 0.004748345909382445
1046 0.08347501200107266
1665 0.8408559390672394
3945 0.7819207045845296
2236 0.938934305307925
3889 0.00698774564574689
3733 0.9783641976920193
1569 0.6326480912858041
1309 0.5832348952511635
426 0.10285362814478005
493 0.03405423436736166
1648 0.47029285108352825
2578 0.7400244211348197
1921 0.6546550535938137
1125 0.8605035954474604
2116 0.5759157424633605
3591 0.6251632984059633
3009 0.33755022033703963
523 0.8633689847474626
1025 0.9688390235220198
1986 0.09892161050534432
1169 0.21257387647919013
1861 0.08887096797442506
1968 0.9687099010230473
1788 0.86837768121361
20 0.705641207161532
967 0.19473904987566926
2757 0.18034518697847202
1037 0.06815477205520115
1053 0.9805256642317994
2286 0.5016271592311197
3048 0.7926491257330807
334 0.2560270567477746
1932 0.41237093424345883
3717 0.7619023198917046
80 0.3977910898689474
295 0.516082080246314
469 0.16416087630831278
1085 0.7782083179939409
1216 0.9370943750522888
1935 0.7078021199855665
3206 0.7972770136584667
3153 0.14543795033219997
2870 0.5669551576003324
3049 0.5783716299041621
796 0.8310489710495029
408 0.08201346026562017
815 0.9102711795415095
1326 0.4574180458088172
1604 0.9093810378555808
1830 0.0270547462889289
2462 0.8611385470307956
1271 0.8004440904004304
15 0.3453663319135165
140 0.6245278956911435
877 0.766983762466215
2123 0.1914487572449527
2859 0.2693316855103056
3887 0.6309533299050966
1851 0.8314762410960134
2885 0.3497879316479362
859 0.13813367183315628
2759 0.25829006304981705
3557 0.6377532448609683
2506 0.12899103124233935
3322 0.31014623576530254
3474 0.06222857154599237
1570 0.3648390753253802
1760 0.8930495774145913
2827 0.7613831207056282
2052 0.8490196839850431
3596 0.7754115124742854
2896 0.612008836821667
159 0.6718428531292612
212 0.16159184078707078
462 0.14565221076262014
3765 0.04172204770004484
1591 0.5104867706839141
2024 0.6527002033477912
3222 0.660348777035677
782 0.1773052399023879
1507 0.0731120426796864
379 0.4913155168987343
678 0.8268346205725582
3294 0.2820420926843502
3492 0.32584092734092995
2862 0.6940877858404485
808 0.8314068018872008
2737 0.9573280783852366
2826 0.48254265053959555
1953 0.7351328507179832
3374 0.4288919065973419
3559 0.8561457489668465
3679 0.18447802738737584
1654 0.27780346444330895
591 0.25852702957204055
1376 0.3426304969357472
2723 0.3590455066764504
1701 0.4690229074691258
2350 0.8525483849498343
741 0.13702567226565654
2257 0.5997713980677328
3282 0.2562246905454072
3626 0.9278825691991945
2916 0.39385947434109525
3113 0.5861179081376692
1382 0.12103766248866121
3134 0.5210232995072502
138 0.5831537899475779
2360 0.4116965782468307
3981 0.16721524630763163
1023 0.1994493281596902
3221 0.9366122551775106
480 0.5817470979153079
491 0.6384098883804655
1032 0.46792308731829235
2239 0.8185618618042872
545 0.4392644643236068
1628 0.0628665643417472
3271 0.7049609860607333
2962 0.989160891209392
3003 0.48010361823200465
1272 0.6440959776928158
3965 0.9196852567876281
2031 0.925570329325857
2201 0.13363473861816677
400 0.5811240246800146
732 0.46539688395965695
3347 0.3098375070246294
1014 0.927148469899385
2756 0.9837519005851725
3380 0.04319588617845982
3729 0.7175311896399039
800 0.4714795768320419
844 0.18932992282707706
3650 0.6166461289469396
1957 0.09792837930736886
1252 0.8965692533791657
1685 0.3489092759641722
2016 0.5670353977099607
2157 0.024934089665497927
503 0.44784732016116136
1413 0.3370728570243551
781 0.36312916056631284
1669 0.960073391973198
1918 0.11427501832887632
1640 0.04653001559921588
3610 0.07082115298093516
1734 0.5512075452039856
2176 0.1061688695595534
1353 0.24196595059696424
401 0.7297017423120605
57 0.6825986278437288
86 0.13043630987812482
3767 0.20164189386775688
3823 0.8117162748676136
3158 0.1309637165241806
802 0.5497364174144547
1338 0.6221759268405597
51 0.6298958872710593
412 0.8367935250045658
1343 0.921567010721828
974 0.41366598222476714
2037 0.11554942585256012
1200 0.8677806429867132
421 0.38918907950165627
2794 0.34401763195269564
3156 0.5628479852451066
2448 0.3118208897719674
2484 0.08664114912460996
3577 0.4343322598272835
2556 0.44441870806198036
3291 0.4988368534733464
3944 0.35725607487987343
799 0.5123197215802687
2721 0.02170035230501799
1927 0.7802304281467848
566 0.24839203259707887
387 0.6603145847548754
3654 0.9379583257105147
3829 0.5131852887988382
3225 0.4896135427248681
856 0.5335914544319186
884 0.805647587552556
1718 0.5651790755089514
3713 0.15929355156169367
344 0.2976739083115002
362 0.7671508091254097
2170 0.7348904076635747
3230 0.8654448420704782
2389 0.17049800742323995
836 0.824389588000823
896 0.9146943751486807
1175 0.011962669862800923
2303 0.058339184878642425
2988 0.9471168033322873
2295 0.5680523687154311
901 0.13652643986181034
446 0.051247244178232454
2837 0.7297806237016822
2604 0.6503195957367145
2842 0.3894583175779347
3255 0.5529568347086797
486 0.41204912546151407
365 0.5342069337954966
437 0.8943077189606361
1902 0.7489290506901487
663 0.6751594219388414
2587 0.9191626252570393
2989 0.15609672018659138
3961 0.8684341601915395
2544 0.07351655729359297
3333 0.8137438439981797
234 0.8515695326375686
948 0.8130678831564714
1077 0.8560663080302761
652 0.9465370469508746
2846 0.791247624854969
1145 0.92389874691496
470 0.01566827713525465
1074 0.19424480051750337
1870 0.7768909165610309
1967 0.5976345943310298
939 0.040030740032922396
2096 0.6458698068309295
2549 0.7976403255343387
3762 0.498935870215244
3513 0.5959842237459879
583 0.28765484608211844
278 0.7877522225592611
96 0.9228401803796203
149 0.6846619621624769
1114 0.1742109742783634
1975 0.6903292351093928
2250 0.07818089358635605
3707 0.04934591517541276
2182 0.046441615219630306
823 0.8148330048340391
1871 0.45162388853841207
2422 0.754491476388207
3296 0.6196375342984951
2171 0.9517392188934428
355 0.35890599402917633
609 0.36267384748222964
2270 0.718253840816828
2051 0.5965647661705349
2153 0.7677942580968493
3200 0.8842922268257715
1392 0.151667497295357
2240 0.762340174062902
3719 0.04167828956080044
2339 0.5129193643175984
1510 0.9863567160524922
958 0.31376170351655275
979 0.3706228406077443
2419 0.4520523970281406
2482 0.18611157619627394
1550 0.6996900411075211
1583 0.867643959555431
1315 0.2508515275515981
2920 0.3038571798301959
2957 0.44062031771061505
3797 0.5702596611785359
3043 0.0478477230079879
2470 0.8213056283140701
1475 0.15788887848513988
748 0.1380889491814078
3468 0.3505048052480091
3378 0.6158466439349116
2263 0.7165506175890979
2404 0.884040478077388
2499 0.5069680293876087
3430 0.5341568064780247
882 0.737211930183396
3146 0.9204778288372771
3267 0.5098075134648621
1286 0.3681615741763473
825 0.7548446573975744
65 0.6811405316143282
3254 0.5518836267340009
3790 0.03239954268393186
2820 0.09574589369831188
2875 0.1566736793688508
1855 0.9167742208265528
2785 0.8792153551990609
2300 0.8931253990400757
1307 0.08956349351030535
1437 0.1199343831844627
3775 0.7127469804293725
1681 0.4365520668424254
1474 0.05296102573620565
1557 0.9385785524731236
2829 0.9010932691129666
1064 0.48310187506995617
1259 0.7217463483309572
3306 4.131837828480478E-4
1948 0.06828389694390258
2662 0.36961691028806454
1762 0.6018181791255248
1815 0.32837153493519666
3317 0.30682806444090216
2291 0.6255167578561521
2343 0.7748774407523568
3345 0.16066238552662515
1424 0.9461840675366276
2217 0.8687301493239972
1527 0.4934781457619266
499 0.022366180359385757
1391 0.5341310578237873
1969 0.12447408489226497
883 0.8275028133384236
85 0.5824196102844849
1910 0.1843859459956093
3091 0.0937589884948169
3537 0.567576574544373
1091 0.9866413369839689
2853 0.6040179775645805
1546 0.28424243812288863
1340 0.9222707385055596
384 0.9052378185821869
82 0.8832282114335943
56 0.966519035971423
21 0.7062046748438693
32 0.29436016096186424
104 0.8017407610809787
328 0.5272773152039261
1528 0.16612331859655927
922 0.8849764780835995
2498 0.5451397227418205
2641 0.29063666780937925
2644 0.5944326299381475
2928 0.8773729615025422
3508 0.6532592071408682
2304 0.6012295937774592
1585 0.3417615447294392
3136 0.8525953565385708
1908 0.8926164458926646
1689 0.32933118063084954
1389 0.6890781396678033
236 0.07355135164180315
1209 0.8529171670521424
3603 0.5195792716415089
576 0.31113636836419656
3675 0.7183525111123815
2731 0.9101610017659638
3001 0.0787008408713139
1590 0.6657655992904751
1832 0.4008730278990489
60 0.3072588942302783
293 0.5124177553834903
2927 0.6193428633251615
1337 0.3927004741192468
2579 0.06504639237474408
839 0.7600216802400916
1244 0.20795957557445033
386 0.3473100062381087
1168 0.3166913061406982
1988 0.5488487501799675
1448 0.9900018693970654
554 0.5379028980194696
729 0.7160896712914927
3511 0.1715555678725711
1753 0.09787046212048822
3925 0.48667384936064073
1096 0.8581306278670523
1673 0.40504395808249716
3313 0.15041393929844393
2729 0.7573333003881223
3536 0.029260062194920944
3269 0.23395565298658016
2764 0.2512916916647884
535 0.1724003791755483
248 0.9062869276963369
3780 0.5080047559395405
944 0.23404524816810546
3371 0.8666502701458632
527 0.3339404807905364
638 0.33686724885489316
2938 0.2179408604805103
2979 0.069069480635918
1804 0.8650780679579649
3586 0.8557185641493504
3373 0.14311591537789492
2893 0.7919877615052856
3943 0.11247339024183722
3133 0.4744484851791845
2278 0.8139453975934557
744 0.6218584107700101
842 0.5813496126173086
2127 0.040687791747089475
3334 0.12290238533918219
2677 0.8769348607522821
2061 0.7596166152233431
2122 0.9985812638087227
3069 0.2754547781234382
1194 0.17991756077447774
3166 0.26048438171235
2892 0.1361266600629809
1265 0.1592274220684462
124 0.6979893456435611
190 0.3300353891703215
1122 0.809345609873941
1934 0.8057006352740197
196 0.2593231387136674
489 0.028607650676198193
2736 0.832549264076403
2065 0.8576977150035558
1846 0.43779649372786955
1920 0.18733789028831282
2653 0.9959683397791229
3086 0.385653683150773
1182 0.7614553828684929
1568 0.4722824269396443
2784 0.5567337211555029
3071 0.6726866616705797
108 0.4392940005731534
211 0.559463079019549
530 0.3087727827264338
3207 0.19842828629037468
2327 0.6178812974825308
2701 0.8472318830824217
3599 0.4506085821630962
639 0.4172125485487358
2124 0.6312329322372026
504 0.418006769943136
2308 0.9310011526547529
2087 0.7071530702066564
3304 0.9584259942317646
1330 0.5185537765670442
1336 0.871321134820622
1705 0.9976777780329574
2149 0.09366181994764566
3123 0.9984483148793734
1461 0.1924601427352336
2181 0.2440903685248046
3062 0.7462163748025884
3582 0.9046492102101261
2421 0.7574253749407631
2571 0.41876806684775814
3325 0.6593562831276439
2025 0.762211707094647
3959 0.5287136021337013
1639 0.7950826551292822
631 0.8608380267379483
736 0.9828185010340277
1537 0.5918211613421681
2564 0.03947562046020203
2000 0.3518255073013553
2493 0.9974253084630886
2966 0.6642831185959526
1456 0.7072224568817886
3836 0.4695354727219825
2887 0.884486593050832
3798 0.3790655413730021
1552 0.1982508437079259
2691 0.04919600427980442
3496 0.6593296572110536
3119 0.08712351933911011
179 0.774622969646561
525 0.5355196496407594
1917 0.3790972623714193
2503 0.8395579629586807
2904 0.44928664205714064
1900 0.4900880888105975
1417 0.5635825200283104
2468 0.3599256837051802
3805 0.030860211992931652
3550 0.8042211425619586
1892 0.5559953348042779
380 0.3681393428485934
1295 0.9017342832839911
1318 0.5415425787285536
1872 0.7247068018662612
3004 0.48544556773938086
2041 0.43421843229350754
121 0.4982946327804413
131 0.4029620195578071
160 0.7659139735768787
837 0.3202667469956366
3686 0.04414146620335091
3558 0.31383871394893303
1844 0.5643900450548065
3157 0.9297496312712479
3192 0.4689303825449891
3319 0.7283306349857482
3238 0.06406788460548218
2905 0.3807753825302329
600 0.027990266876288472
3026 0.36985941676367873
1973 0.8628855342077103
2285 0.42454698497190024
3803 0.617326544643866
1296 0.014194658912707325
2521 0.5081470000994737
1909 0.7503582177244839
2374 0.3458361734585249
3041 0.9738380422413623
2744 0.7597929261126228
1751 0.6823652248743859
855 0.6930729452171566
2235 0.5359912304580562
1052 0.6349702198394163
284 0.11917492648953754
564 0.49490085108038395
1261 0.37764466605213587
947 0.14050401667072965
1446 0.440227634060977
2279 0.610920930528236
3229 0.07760143039236844
1519 0.35930899338512845
1427 0.12329168429514525
1878 0.6465503245287255
1600 0.5136242783107646
3342 0.3874897814049951
655 0.10339938935619353
930 0.64207158744769
3588 0.461234450420153
2602 0.26570303289015795
1643 0.7194369467956105
2055 0.20342430387601274
2523 0.4816160255708668
181 0.8502016217853042
1702 0.17541059782481871
2629 0.009236434080100553
759 0.5189387919039762
323 0.6824987560469515
1373 0.9914653524406006
1429 0.29044834317411705
3386 0.3606267089004822
558 0.8261302318587319
183 0.04517120365427896
146 0.030233564855242312
216 0.7434916492404783
674 0.9453020042687542
3573 0.9046471584049814
3882 0.9050628770187062
2934 0.4578033335392009
3066 0.4427508072724947
3340 0.06181646797907414
3863 0.6296681514563042
3820 0.18348592244113926
1813 0.23524382422560497
2032 0.5584746588944355
3017 0.031872817211308746
3127 0.3690647022665774
1264 0.10894799741403816
1445 0.2440091905232329
3165 0.5987599122389404
3891 0.9235988975219065
3228 0.503808970166728
1874 0.4077123139568837
3900 0.8067922126041749
594 0.2717143102351943
1094 0.12425218951349704
2570 0.06426253654739167
3695 0.019534079188675224
2932 0.08818860117369431
3822 0.39069903534625683
1623 0.6419682040808665
2686 0.2901124645098647
3151 0.31123635082440726
1011 0.40103191954077266
324 0.9480801418845763
3975 0.9116759176529851
468 0.9293447554440005
167 0.05859528423643556
261 0.5126581809103449
306 0.20589855243531163
338 0.6447112022184548
2376 0.916839229619273
2765 0.9957967214015385
3180 0.4867344372515604
3354 0.4361886311985287
1812 0.9101781296897803
448 0.5639329880496838
1786 0.8514172305282934
1425 0.9855112073230263
1613 0.7111360516864945
738 0.6759251495417083
392 0.9718268772859409
428 0.895399345456918
1960 0.5612479661758994
1803 0.593896155267149
3616 0.04637103441195256
686 0.6841200733858431
2881 0.16389633555119532
3216 0.5891774210615012
2272 0.1535066374179741
1772 0.3103027275131722
2725 0.6626493111773196
3530 0.6536118429662048
1890 0.9336582548998003
1111 0.6868339291351899
223 0.393991062931223
1653 0.6099166445890399
2790 0.5342970426279428
3277 0.2914342287452997
1231 0.1879716801562642
3874 0.4692180984872836
3886 0.4674221984685254
3824 0.5906897963609157
2292 0.7018390723652014
2550 0.1689790906437758
2970 0.6867667699504767
3960 0.45167395253562515
3772 0.5954201190283699
2053 0.406958229316435
2059 0.027750730140951307
292 0.7131510476314468
411 0.5573030936401936
110 0.22244328992220785
1 0.03522885022413835
38 0.13717218305419498
62 0.8162783563033784
119 0.9482102289918328
424 0.32105339221712237
2209 0.036535595221811046
3617 0.441545872344004
3181 0.12583192500818396
2621 0.09766994917314153
3771 0.7336001798835323
2949 0.5865897859607876
3109 0.12260186869638412
2632 0.558557280225559
2403 0.1539151782142375
685 0.6976581012384963
2307 0.1653279420651712
2628 0.2895921922440291
2739 0.5465149286333375
1759 0.6886005675514735
2356 0.6330365510154862
2663 0.650158541274756
1808 0.7715833386645125
1467 0.6458995129357148
407 0.46942956836379046
997 0.15278459299249914
2438 0.823789546605151
3914 0.8914306014817849
175 0.8077876148508709
280 0.7517362939896207
660 0.7801518837445047
2001 0.7693444089568298
2146 0.4183295068880676
2452 0.2385239695266801
2879 0.012053925390626552
3531 0.22311320184386407
3718 0.3301448436643548
3999 0.7546723708640689
3711 0.4453856165555542
1291 0.996802059157715
507 0.4550768491797055
1748 0.983176677101564
1829 0.9012950489435217
2302 0.8996271535092334
3935 0.20501320636473908
684 0.9610803941382774
1395 0.35273417374561455
3128 0.5875837630173485
914 0.5309666514843272
403 0.6549642991851459
2654 0.8645675327383924
3980 0.8434110187737643
2330 0.882350746481221
3950 0.8021154297923389
2796 0.4105587502741803
3076 0.9742397621350283
3022 0.239756613753351
646 0.1716115357217588
2743 0.7724816961783247
3193 0.48860791872128384
1048 0.009838481863624016
404 0.4319950916967168
68 0.30090376396510565
1124 0.46652501438347505
3969 0.3433363642264152
1879 0.23830548273855412
3735 0.4044189294444649
2780 0.3015917290445447
2854 0.9844690512100172
2480 0.48072684644992036
694 0.3227947645020396
2406 0.6747290581073568
270 0.19689005164133044
668 0.47362481816137714
733 0.3813565064664648
39 0.7836049164050516
118 0.15695025688814734
1763 0.4129656497506218
3285 0.5724617785588707
2011 0.02821731061637589
3301 0.21067452991476399
3987 0.5352501283847793
2314 0.558816931697539
931 0.8977937150776545
2531 0.09407068584704781
1795 0.5863160777339038
3665 0.535033419103536
1891 3.2187886369050567E-4
363 0.5982365019031678
980 0.5238384943429624
1576 0.2632802443081814
2320 0.5437494023517724
2145 0.5012689451310375
1441 0.725494420263922
465 0.20544810243439704
484 0.623631964932094
3821 0.27285238326559913
2658 0.2798022294206933
3209 0.12408583968560793
3835 0.5587917451254721
1765 0.5541179000195046
1954 0.7926763467466604
3281 0.1767615806136179
430 0.01570489064931402
156 0.7133972769292434
526 0.08217488154342745
1170 0.0636822302276212
3085 0.25352990008006104
3163 0.35728109079132164
1782 0.9589385637229231
2670 0.11557183727449083
3841 0.15008236059181623
1933 0.851132577749821
814 0.3329042683923271
445 0.9803949954882198
2792 0.4392116202609355
1243 0.4361880468659377
1443 0.25951813666364043
3622 0.018971093594036925
331 0.346221165042627
94 0.74083478090647
1433 0.11772685097368707
2838 0.7227164864878646
3525 0.6703853057476976
2497 0.792527923378713
2834 0.7555772141047058
2490 0.8762629772523938
820 0.3869140926276451
3973 0.5904805737916679
1396 0.0012365387562802699
24 0.8745322067842599
54 0.18966809164874499
857 0.4696320872733767
1864 0.07040309292277847
2158 0.7993271953750932
889 0.018120288009797814
1002 0.873836919804117
3044 0.3133401083337316
809 0.811543839069852
2148 0.2292366444963495
2119 0.7226723934994089
2584 0.22978432016567185
3453 0.7473051545059131
1322 0.6678147215055925
1768 0.21401013023201232
2222 0.871208430441362
2622 0.6979426077681022
1901 0.41749447441885246
2551 0.22389321009647611
3875 0.17124253980774973
2589 0.3381859093272882
199 0.8005923196107277
315 0.03007890926450607
1071 0.6282403830671409
1880 0.2397830833042136
841 0.4327793755021052
2068 0.5816384790296929
2912 0.6983090627892269
2508 0.23054824303281973
3715 0.8397691336233833
1317 0.9491981555514453
623 0.8564499747590159
2208 0.7976849748271372
3409 0.8992523545067859
3736 0.8554008807563419
626 0.3466143171141557
109 0.5440455881149896
114 0.8950106862303805
274 0.5028056681562759
521 0.9188059187570347
405 0.4995587418634454
613 0.5056272316878941
1535 0.3166985238039052
2231 0.5859855121568613
3007 0.17981923197923655
245 0.9598355893471748
2636 0.680467123074907
141 0.7256265400679643
367 0.7084805636559207
890 0.7764910425200321
2515 0.9942752595967034
2042 0.12094535065831458
2234 0.7370901979893969
826 0.26615994882952043
3870 0.9410271585011664
1393 0.5974827390272973
2799 0.15439573550033892
3397 0.6819840315377564
695 0.5980611414315143
2390 0.23936169046585665
3406 0.8227826198466032
2526 0.10299893859354592
3176 0.33682081601586045
2592 0.6518720487318455
1270 0.2983199816434823
786 0.9400664198674513
1327 0.14768964492963454
3138 0.16723128199471826
870 0.387767669889584
771 0.6216466667957544
550 0.9240269460143908
1319 0.7238983510611736
2967 0.8792097171756543
2880 0.36813381989124916
598 0.7033432322071206
423 0.2793687371235867
1210 0.3912666713768155
3006 0.13338461596483508
3115 0.7433463587392782
1923 0.9376937136793009
2088 0.13141619729480003
3855 0.6074560218507675
1745 0.3147843895438073
2026 0.6031922810166268
1756 0.3088355283556399
986 0.43816561037842483
3399 0.5265048457617701
540 0.9022532999383436
169 0.04243764818979945
642 0.17518564940151848
2465 0.42007028567872495
551 0.42976646910522953
1565 0.6807141424829313
3688 0.37068427390574443
2679 0.7603276017200933
3366 0.17573154531553092
977 0.4658123603666561
168 0.7382716447273079
46 0.1904469438872255
161 0.9103290233244535
858 0.7537676623118447
2536 0.8115274551184231
496 0.6979070851949043
982 0.18421797536338602
1221 0.36812076685443085
3018 0.967476434196891
3904 0.660983154303462
1970 0.6847419692066418
1187 0.13094118128237597
3997 0.6115646954829763
3764 0.7395534620383388
2159 0.21933943351310214
2924 0.9969873444859298
3419 0.9469923595861525
3708 0.20155251129566276
3633 0.5903627006901508
3349 0.9889930773536626
2394 0.02268241714179331
1233 0.2589427498888909
2254 0.44832379251644316
2215 0.18287098826210668
3028 0.09137435831668639
2332 0.02949936842246048
1990 0.816408737481348
2095 0.1457925434276235
3570 0.31826190290936063
1650 0.5813410641880672
915 0.5435786169037221
1186 0.7966888556070384
1564 0.5514475176685509
1047 0.8135887968962657
1666 0.650872002513992
2310 0.7656298081643306
2459 0.3077124899866647
1260 0.9359798583010821
1841 0.8840573432955486
1049 0.21460973356643787
246 0.3958210578650878
474 0.5892068269783423
1352 0.9247060552355832
3077 0.3931384099184384
3217 0.31723642361697013
1489 0.2729794622898293
563 0.13642659180835737
906 0.713844572323853
3370 0.5492715425649543
2365 0.9501374573661922
3171 0.3292411415734623
1675 0.1953449936542455
3710 0.15718814702704353
1794 0.05317108617849731
1714 0.7725618889623099
963 0.7874735302021649
2640 0.4654418628008268
2685 0.8046359618942105
2819 0.5051617210698531
3114 0.9437521806545868
3534 0.8902202711047057
2190 0.9088737414680212
3250 0.17838088503803573
3788 0.7278275052371381
3732 0.568748577673022
1082 0.8041380917099297
200 0.5039190383594948
241 0.790512879314353
806 0.6552535127480148
2463 0.33383105699688853
779 0.7517287837732551
1191 0.8948609507324218
1434 0.3728908859908274
2323 0.5339522281730258
129 0.2201464408549082
1201 0.9391885509120121
1375 0.5510034702649135
3191 0.262349388070929
3023 0.31583554956268434
1281 0.972697371563416
1881 0.3245542306367899
2432 0.765588329587618
3343 0.7891527889829085
2651 0.6511193705475451
1662 0.4654026362774899
3038 0.8501869520969079
2434 0.9109806379551392
2930 0.9774008970155176
302 0.9598095176087805
3543 0.5573564058387674
3903 0.7889020685190137
1589 0.17493766363126273
93 0.5318508086557086
128 0.02541507655068076
191 0.1511173372382254
309 0.26096926052830116
2140 0.6280817985664083
3644 0.3907935314704708
247 0.981658126961456
1057 0.7477070988237451
2539 0.8900888422590449
3013 0.06620680576926574
3073 0.9504659230985102
3493 0.6604002242276403
768 0.3411367957008873
1242 0.8574468068911495
2630 0.3700899521544875
3895 0.08617282434847229
3328 0.36711026039975514
2648 0.2375922366926928
1105 0.13604761914113983
2325 0.4875844167594212
3064 0.2582665004985133
3264 0.9923299637688177
3098 0.5893701300651749
1390 0.048448960370428895
2101 0.2595626051206862
189 0.5438888318410982
3090 0.3387432378378611
2012 0.9655991487372195
2167 0.8121465443985401
3488 0.549164314491797
2247 0.264387547912855
2476 0.8646619865346047
3930 0.22612083665997773
3763 0.17753262681773496
723 0.15468080517594673
1359 0.7784374026592602
2529 0.7043806201931813
258 0.17525417156768475
747 0.6520408108955756
3034 0.4717290221288182
3011 0.3426875088334512
2090 0.35241431063004114
3957 0.7231696856330027
2139 0.7377457729691257
688 0.6310513377674322
2294 0.5824601125753774
1414 0.3318699205740423
3483 0.29747965624596495
3787 0.20910631327814488
669 0.5786685427682088
19 0.043686900768656556
3117 0.0731142671956786
3983 0.41797775256176994
1117 0.16929731373766266
2164 0.3531685913436
2761 0.9106926228014356
3431 0.5862394696286624
522 0.4665081714540016
946 0.7362624246036872
1580 0.7070608105226738
2407 0.9876693195991069
3631 0.009705336051069602
1409 0.6070096277260779
2296 0.8683865160491028
2416 0.8018906139682437
1893 0.796908094152357
2692 0.4636984170442088
1089 0.0014747921554250087
1593 0.2480863965131388
3323 0.42285669794999414
3143 0.24159871335468652
2151 0.6439243056896821
1183 0.04980556078139087
148 0.6643001894936478
225 0.8803275595694843
2777 0.11277400461479603
1850 0.21674728521532527
726 0.9148396015203191
978 0.7325677836177715
3888 0.07024169907670297
1806 0.6277480642572247
1887 0.8994425151777903
3703 0.9361928318523137
3849 0.7033089178107518
2022 0.5219736007681347
2175 0.5476179301153686
2552 0.7392223446014453
657 0.6298122631888476
2815 0.08100365540683263
2921 0.8559779512350061
2070 0.162004796131061
2337 0.10590103494943381
2368 0.6616885168421358
2378 0.6915039651794842
3263 0.9682464046182593
2606 0.12286070421724937
3942 0.3370972539869056
2033 0.14755710044011972
2049 0.915031343438344
661 0.05012818023020604
308 0.3028649160752809
608 0.4473850026677031
761 0.22257252465585542
1504 0.5747483174846086
3446 0.28681418057058394
2242 0.18372256540771725
3190 0.5426124515952082
1634 0.22710714923621944
2109 0.06424833910659089
3214 0.4145817538167105
3416 0.0018441293993489705
1287 0.5053655242195183
1827 0.9228059153716668
439 0.9465455876786063
22 0.034489894933587784
3 0.3878138432803756
14 0.6283461918401385
50 0.6506425042870899
1419 0.36034184109207756
635 0.5495472530114212
1215 0.16288472183358238
3424 0.13775810904242292
1773 0.1689019588967614
2023 0.7392549532271719
1378 0.2881399883079364
1826 0.6325347401886814
3748 0.3471776548647866
1553 0.22635253097316943
1164 0.26032618097700333
3477 0.7411564077419209
1712 0.3804605707279858
1818 0.8501076167187748
2809 0.5906340775049176
3033 0.052778073918851254
2977 0.5555142404509752
910 0.08351216031481756
203 0.09015374856994418
894 0.03165146432013477
1248 0.5084557795946827
3099 0.8054945760042423
1554 0.3346279965803398
3684 0.6368612985156966
2097 0.29658868791604565
1148 0.6439854900495087
722 0.788871918811997
2126 0.35948326215192694
3297 0.174993369510828
1444 0.05631702134015104
2805 0.15320411086170072
2246 0.6156710971438498
3634 0.11355221898629464
2598 0.07777605566763524
3860 0.474781512984947
3624 0.3779493544588456
2269 0.13577751459679643
1733 0.4542758849448213
961 0.3931463494288979
1386 0.3618496205032605
2487 0.5420475492819034
2509 0.2711243800094102
1805 0.30101488648296715
2282 0.8370184650225784
391 0.890773559203631
776 0.5684180095980997
3248 0.1963964943444001
938 0.3023707768841267
767 0.06959849989360756
1473 0.04865849414907519
1636 0.4918419246604476
619 0.7032460492299121
2165 0.43706798380089995
2913 0.07124396476688
1847 0.43644794024134015
1916 0.2741713222168849
1468 0.4122538193735702
2219 0.8698871362166101
3722 0.6901347605509139
3683 0.9764094877558033
2460 0.6404196527466187
1766 0.5176078026731198
756 0.23325266058401062
769 0.7431108354302701
2098 0.09036499085123961
3403 0.3578029598978726
3404 0.5751266380390434
2492 0.3225722305785176
1904 0.8286452019456735
2627 0.5124852843714617
2703 0.396652663411019
3709 0.5140128949738437
3234 0.40548767395204866
724 0.8806880146777644
610 0.5182553459353146
231 0.11911721730688052
100 0.13293517583873027
3619 0.10349570105827977
3314 0.38100153813004844
904 0.6707707686341904
1480 0.36935254103983806
444 0.38323233057127115
494 0.6352443573069216
1460 0.3775582838857222
605 0.044501902492522394
1258 0.48092603779749665
1009 0.6030832588113842
1220 0.5819644591956594
1406 0.9811349097453053
2359 0.6992208438087142
876 0.5355596688005168
217 0.7015546327605732
692 0.7747717633413886
1398 0.004994053162382328
3139 0.8677101703369104
637 0.7495428568867099
1727 0.20085345685741662
3275 0.30298288294858766
3666 0.7860258661696229
2355 0.4818857385162426
1293 0.09686265537440852
2418 0.17964873750071952
1919 0.928115708712366
255 0.3080618183173568
166 0.7091647999389649
177 0.4617141981723186
766 0.0736430829307414
962 0.02609343977115597
1190 0.508189832975419
2806 0.09887732391912862
937 0.5382502390031684
1075 0.2122947153748378
500 0.8960934368676492
1041 0.07739518645472332
2069 0.8155515905153486
1749 0.7424601324172958
2918 0.5270107890007764
1227 0.7483646874597212
1371 0.7631939530994978
1723 0.8586076201698856
969 0.23757485652964405
2971 0.16315619701463158
3290 0.20232662105229293
390 0.6101184154328618
3524 0.8282556210544377
845 0.3438626984251134
2520 0.7643676500535296
2132 0.1163143053312603
582 0.9026761915173055
699 0.6325900293270645
866 0.18643778673347366
689 0.8565028486185166
634 0.30341390179807404
425 0.515342707272859
206 0.8137841049880199
1300 0.08834820806989752
2518 0.6941602674646985
611 0.5747623686339699
853 0.6783439244277835
2560 0.2437963420105259
3302 0.25709289891951337
1165 0.4564175374325944
1185 0.6359568601440944
588 0.7143769977696214
3390 0.27591091659964706
3759 0.7470832517371128
589 0.9360266746971702
336 0.5050228024139485
151 0.4613382623932537
165 0.6219657669939748
1711 0.4859774787936194
2152 0.7424316952118468
2554 0.5973886565283295
3801 0.05621043937383141
3512 0.9860028491258805
1226 0.21714884573049598
1269 0.2683753119681942
650 0.9824767270092796
1031 0.5667400075678806
2106 0.310251645456604
3998 0.7476440182483555
1977 0.07189742694819357
3592 0.7972275591043242
3800 0.03934558839236091
995 0.49262479663415815
3365 0.23709031115655566
954 0.3072881007778452
567 0.1523454457919684
1869 0.5278903092491815
3211 0.8834330723577275
3505 0.08434933564951452
970 0.6299768456039558
709 0.6074211654813566
757 0.8353279420055562
2318 0.7624485427767204
879 0.7721565401289063
2056 0.27780934109989697
2793 0.3722905645305349
3415 0.6601644738675335
606 0.06863088331434075
250 0.23715834400750824
1615 0.3129706307525537
3402 0.8935151304803429
3520 0.8349734148766368
1877 0.9094362013635068
2953 0.5193502212536132
1609 0.23574184432551293
2740 0.8021642784821824
3657 0.7598339910165751
2833 0.6886506029430057
2845 0.08299999061882679
2813 0.33526260130910535
2491 0.21229084171808021
2708 0.010557916332716522
3172 0.7594489669631094
3974 0.9329498111364489
289 0.096868300587853
173 0.3780245975911224
221 0.2835232368295043
3500 0.41428450544642526
1517 0.49792824198961794
2444 0.11868836423058204
1532 0.4400130208749473
1062 0.6768345471867742
1477 0.9103227655048474
2909 0.30786314453133246
3551 0.5338358716760865
1776 0.11318211100647013
301 0.4494148240543796
790 0.8893550739885578
830 0.25245185470163123
2456 0.9966513045822613
3968 0.40843521778229697
2572 0.07367171313095366
3913 0.9165131799011262
2461 0.22842170401159556
1054 0.6448382814990021
1998 0.7487313522015436
3396 0.32129658353490675
2914 0.1933010912694666
3240 0.0627057066045662
827 0.2676869502587653
1289 0.9417447122371754
1556 0.5987474173128651
2540 0.20112826065997969
3144 0.15528267538630602
3584 0.05989100599957775
2664 0.3582992956720533
1482 0.517187040347376
120 0.8466266879080335
61 0.6177932567946016
81 0.6172170735533499
1080 0.3151210498354461
1605 0.10465875836212835
1160 0.8669384426579885
2317 0.10821530319028128
2831 0.036003710423274216
1852 0.3085326564176858
2735 0.25226667641620193
1059 0.596948744341557
2066 0.20164502613353918
2878 0.44084735157991983
2727 0.5529512939436565
2863 0.4096147670001107
1578 0.9125652619283041
153 0.5930485621378452
2911 0.4510905535821159
2705 0.5027383401240638
1976 0.43380620436517947
2301 0.09859782168754638
1155 0.5805249565071275
1341 0.10167007953064577
471 0.7066294827317735
1345 0.7377725396528708
2974 0.996768365407487
3392 0.325804770223841
1349 0.12145383516440245
998 0.10085862809506929
2771 0.4900727848561123
1840 0.8030577037865347
1944 0.34176588865948176
620 0.5401149100953422
230 0.13837753952962628
307 0.21328875884293363
2446 0.10324386259196527
2502 0.9412202920062416
3529 0.2534979278967884
3324 0.9990631787617904
3702 0.5722825583028478
2105 0.41227505330677205
2405 0.05928191093910862
481 0.7899566862162538
3995 0.8540543952668334
1502 0.36856580372092307
2134 0.1398276542379806
1020 0.01246383707860843
219 0.9319474921717562
40 0.2908659419860049
99 0.7110693781455821
1055 0.9744683337183608
3135 0.08767760584862261
1853 0.21346299233578647
3848 0.24269409444059553
3047 0.23809258730187544
735 0.7028713069335104
1180 0.2521006316125599
2477 0.7986555384198009
3753 0.5161470368153845
1083 0.8970476302298988
3817 0.7283846150391523
1203 0.517594601036611
2997 0.8353629032548044
180 0.7250714711953575
3055 0.7675363030458126
2588 0.7767476339411179
1090 0.5898291704007689
3080 0.7890589901712276
3740 0.277517867272269
3919 0.7702918791927568
2326 0.6840982829118013
581 0.7786975358234505
745 0.7339625129411385
2941 0.6621250502109883
2513 0.347302234648183
3926 0.24978067039866447
1043 0.8731513250458595
1084 0.1513819465153622
3276 0.561796266530158
3215 0.7997748929049415
519 0.8331100192405334
568 0.7422680061083665
1680 0.009306614779834521
3437 0.36071895280151733
3579 0.6077172087938323
1633 0.023329836396460135
3024 0.6535673137441352
3497 0.6018711859623698
934 0.5218371769282072
1110 0.9112989828627179
182 0.5050001893574857
59 0.31958240906888036
296 0.8804685691012062
557 0.4936338622258881
932 0.18775927608582554
1324 0.39720610922427746
1334 0.7684650550423192
2817 0.6849078370594675
1529 0.08598508320146148
1022 0.4747521056941796
1486 0.8059968804296653
1836 0.3342584221350404
2874 0.44308937482284283
2994 0.6617037851577007
3918 0.2903782309408901
2183 0.8773821968313392
3952 0.8089254240929963
1940 0.03498577066054964
2103 0.09209966722114082
3284 0.09617322134435846
2035 0.8309219273882081
867 0.2969701095846812
1157 0.036019647509430874
1816 0.9273487352319573
2768 0.4572253107878643
3988 0.9645504849304052
2766 0.8749506311763262
1635 0.3068925916255123
968 0.8087934994588707
2631 0.5253817850397001
1780 0.37584854564880055
2299 0.41681352098729185
3359 0.03344300540406131
3802 0.5792805033985274
1355 0.7288739170324968
3859 0.6525267610406805
1687 0.41785397577742256
434 0.4799483684294088
893 0.8220667393981592
3435 0.1876276114217882
3778 0.5518760223535297
2267 0.1594936200840834
2818 0.6042320813180176
1174 0.8763544412790442
3738 0.21673695417174188
1577 0.1571749135789371
2226 0.8447959481041112
3436 0.7527725964429636
2364 0.13922467012733564
3933 0.19288934476293884
2774 0.8802749175219148
1184 0.17358184527931608
989 0.10855198018141932
559 0.9228820811373236
3927 0.7046106891446846
1831 0.08890831147683964
2638 0.47807806568079325
739 0.4065779484637253
298 0.04862020796030786
361 0.10181881449559249
3389 0.5473987421101145
861 0.5938695745692232
466 0.8383168714975575
517 0.5472502896250695
3303 0.46325709316287156
3452 0.4908420215092161
1238 0.5005993807399874
1402 0.10251055975060519
3779 0.24321047728068268
2926 0.11684617832524935
1911 0.4756740984742893
1946 0.042655199419350476
2889 0.4295163326782805
2595 0.4199897574043733
3785 0.9471587748611519
755 0.9052346554003653
787 0.4112523184071998
2987 0.6393716857623942
3845 0.13466295605885792
2832 0.7772870755528245
1026 0.93937742102328
3288 0.9517871614887871
1696 0.434500628333645
919 0.07960352985514874
2933 0.0392259185270768
2751 0.7472720904536201
3169 0.7221570752470139
3504 0.355226129504021
2882 0.8335586098088428
1549 0.9736439596720079
2558 0.8157078367451025
2720 0.6237916048666099
1163 0.5749413239931368
2453 0.13188585167808076
2197 0.46154544244734563
2361 0.007653131783222578
1451 0.2862186871687963
1003 0.959978631917287
577 0.45623194890752417
1476 0.20243191724226461
2684 0.6812355540390796
3865 0.4989935952761483
2824 0.8305287167689062
791 0.8943450610143491
2469 0.9911511866988715
1618 0.5011204467560613
2392 0.14230814340621256
624 0.020442057823327087
137 0.0787422614502179
3148 0.6055984408043072
2634 0.22502796870165276
3587 0.9843268108675592
3816 0.3389667911885922
571 0.6337597313085443
976 0.13064708719150953
1810 0.33157415258814427
1783 0.7566549517834074
1906 0.08093455060355836
3015 0.45818301598255684
2206 0.1263354740534547
630 0.4048384832915307
3042 0.929525526141529
3093 0.30673415874989896
3050 0.994708306006558
1661 0.6326576721224735
2082 0.9535485215554923
1193 0.4744374137013867
2348 0.3997217406047292
1814 0.5794104193895848
3915 0.27738478230796315
1304 0.2827756482991416
607 0.12406518024758995
369 0.24104372744399216
402 0.6175519521104162
512 0.8486355834569133
3450 0.7159858846053208
916 0.9787062068002268
3993 0.8137575191332679
546 0.6790138443487498
2612 0.037775615485420966
891 0.6454354147771091
2212 0.6648376949468172
625 0.7920244961081081
487 0.46289333625048434
1907 0.8165122470061437
4 0.12183050249208127
5 0.523505022372956
35 0.15753361776856944
1138 0.6592737617954995
2196 0.8939367876200216
1007 0.4815958300063158
3203 0.29848477046565736
3241 0.5832260077642395
643 0.2764402657888618
2975 0.6964539218458049
3990 0.7818402639122854
3503 0.21903916934151624
1028 0.7193429008037213
2623 0.9438720276397974
3167 0.6196276035130841
1150 0.24200009475356166
1408 0.6645504961513508
3257 0.8359199679685249
1787 0.7912122154214568
1136 0.40483553141796313
1004 0.2500947116890502
263 0.42071963897983145
1720 0.9950405133911614
3627 0.7089227293050685
3880 0.4804282320579101
3061 0.20266103252536327
2776 0.4984643166161403
560 0.8634322758174476
84 0.04211408662009075
101 0.1119218725538017
2754 0.7386311501039593
3976 0.19007029303578893
3220 0.3698335559072605
1700 0.14722679066654565
3724 0.8855983403538724
3082 0.19186926883173572
3219 0.306463136301919
3375 0.9458120684283365
3173 0.5911817283304581
1018 0.5782820883400571
2923 0.013994984390794274
3259 0.2519909154406549
1323 0.502029820423675
872 0.03853054760864183
874 0.8172785314487943
3137 0.9506111079762822
3084 0.18219927532419566
1522 0.5876056172593478
2133 0.5119907263379382
1024 0.9366265528249635
3842 0.9604553341646419
2319 0.7964340666177823
3174 0.6723395037367376
3210 0.5911269903513416
3195 0.6502421914287977
3243 0.668578891100518
3522 0.41300679700668075
1142 0.905958659181318
629 0.4976180734618516
1405 0.6191157940843749
2248 0.9388127449978496
2333 0.406386777591334
1884 0.8381434512035858
2075 0.39949421455042744
2897 0.6307908575626965
1196 0.32456542093241525
1775 0.8607649063672486
1819 0.21087084400394684
714 0.7719902948683782
254 0.44326711363093985
479 0.7404572002587195
1896 0.7114499866013572
3894 0.24172595327506152
3677 0.5784052665242216
2288 0.3450040873341381
2674 0.49710743638794863
2950 0.7499503530973206
1584 0.33578616193588884
2388 0.4915541491342542
2207 0.39862807407153544
3978 0.547910564138908
2233 0.375612620009557
831 0.15296529990829255
3273 0.31029275886671825
1403 0.4671793690496162
31 0.7137546694316181
414 0.8346977909712698
2252 0.9063601155977075
3459 0.3105320138027814
2728 0.935704442661335
2888 0.8285774715788415
3101 0.13885302224412277
2575 0.8064167600564682
878 0.16467262689275286
1423 0.7057854966529642
3102 0.6157577937604658
3261 0.13875067056894885
3600 0.8738871395735266
3482 0.16563061266849954
3514 0.6796339365554357
2100 0.253370939785029
2586 0.39867096068689223
3300 0.9725930569390446
3521 0.3857409249994864
1560 0.27101343793719024
1649 0.20660743920023317
2496 0.6740704766066741
2581 0.1375499058606231
383 0.4839053365094661
3696 0.9121453208826344
862 0.6780638552193167
1464 0.8234104751675058
78 0.7824806067017319
147 0.5268222064951624
454 0.7269717171274915
1246 0.4409568200431616
2007 0.7650015601073865
1015 0.44405518408426037
1991 0.9233046019201036
2383 0.2545778781105744
1937 0.5561520971863465
2479 0.26925421268571914
184 0.6966682226561203
2661 0.41688998370787056
2919 0.5709442666852401
3118 0.9378498006316388
2424 0.27577425946294853
2078 0.050757872684025096
2423 0.6130526550313292
1130 0.5056448517933864
3814 0.8107631611387132
1158 0.5051054027828503
935 0.3868555177090883
1127 0.1497151221931572
2108 0.04287859173213149
2382 0.5546253694340317
2821 0.43129441167050875
1218 0.4965102786047889
3027 0.35339481251866367
632 0.23473044523235198
728 0.20501893177953645
2608 0.9548502542256871
3811 0.05720594809478141
2858 0.9889718616515888
1195 0.4640351160687175
731 0.5252454337032824
940 0.057288725201308455
2335 0.7178723913863482
3604 0.5686667502461648
2902 0.6362587695685775
3040 0.7527162378775574
1247 0.61461206935953
965 0.3877514103636519
3752 0.9664004990092072
1742 0.30498014876544843
1056 0.49893680208875557
12 0.5591773262646467
13 0.11810920832297023
720 0.141914650875529
1767 0.017239117504280532
2387 0.8243069681899657
3614 0.9489102046142157
1555 0.9535828940575808
676 0.8604744514756826
3178 0.19175275683919646
3720 0.5801166203242281
3168 0.15527805272489292
1744 0.4871325453741959
2366 0.15799357531539748
3575 0.08294015644177766
3786 0.6507032401607393
413 0.19320908444032303
2391 0.21686783236051665
3100 0.6311026849151546
3638 0.36501032798999034
1465 0.16477484258910324
2901 0.3564511307940278
2917 0.967732722123112
2256 0.03014744967539751
888 0.5202178326977024
2814 0.3391536578891926
3002 0.53195414719576
1801 0.3482336278189031
2083 0.8565831943693532
2485 0.35459122211577965
1251 0.045254793833191975
649 0.10211686730128444
3545 0.6292555171647288
1823 0.5292849256073523
792 0.9525300003925713
427 0.0922175329930287
135 0.549889006017323
508 0.6251622953639314
2696 0.4912746045104276
2709 0.752559558395141
3751 0.0461047551405378
658 0.8672139331733074
807 0.007179086982685212
2380 0.7055006107666302
875 0.2083478526157777
2836 0.6430533646474733
2946 0.020342285666960502
440 0.3851208258784856
1483 0.22035852504863362
2321 0.4143892015676489
2619 0.9715406892602216
1809 0.9142332006710772
785 0.7916572725054123
838 0.8471053828632317
2241 0.4713353819915008
539 0.7317543302769073
1708 0.7001131975930781
3338 0.27357933652280875
2427 0.624525828136571
2315 0.20982014520611636
1539 0.28804714421787114
2546 0.9775567684450349
2937 0.01671821532484663
3646 0.24607574450794545
1779 0.15439042955612015
3538 0.5828895722168327
3388 0.287463327997157
3799 0.5457536375915469
3205 0.8444066956425855
3360 0.30301435197830984
1572 0.16592738348442315
603 0.8831377297651983
228 0.7192505479099582
77 0.2490151370685174
95 0.46248020487622077
2758 0.9884069621764273
3092 0.4071132844115224
3408 0.1364463676144413
3335 0.42278896279758826
1512 0.6859794095693857
2986 0.14645085710516004
3852 0.7271973771265856
774 0.35671615962061975
2698 0.9021395212176025
2244 0.8752162019254045
2633 0.37729054642386806
1698 0.4903613067755761
1876 0.7651837630706821
1952 0.3131904411205747
1166 0.9248177863905088
592 0.4341193944572177
716 0.5154674561845848
3184 0.3127402498569304
1176 0.20030660762978902
2017 0.25772131429651424
2306 0.34051357308424357
2437 0.1365063913697263
3928 0.8911060400911895
2238 0.0011333587584922977
3106 0.07525892161104264
117 0.18939955319524826
3910 0.7212669657642222
2092 0.2552775429951728
2952 0.7566674559552042
510 0.13265950524177395
1581 0.522279017675329
2801 0.663347579666924
942 0.9659080208550561
283 0.4782809699516555
417 0.8812845004806574
1129 0.7209859569657827
2687 0.5227061807048629
3413 0.6507061893416451
973 0.6815901004822005
2718 0.6071620485035316
3295 0.22792451230901978
1205 0.26709141510829637
2963 0.372426821025134
3540 0.2968228694015427
142 0.303722466727244
64 0.5630950609471531
73 0.2626680130754858
2567 0.7955655042824188
1541 0.2508787385602078
3418 0.7139026811440743
92 0.7472335645642266
299 0.020032656013818873
1596 0.9470130140865262
3868 0.9252805712413869
3656 0.9579046511975153
1601 0.23270162625578594
2430 0.5993456757770327
2543 0.2788295217594958
1012 0.6427628231121156
1981 0.6690121714292483
3081 0.09436877944136024
2614 0.14132455760146378
450 0.8871542978699151
1331 0.04051636220333399
1930 0.16522121937989243
1500 0.4074980156615392
498 0.6615920458889912
282 0.7049818449144571
994 0.06527044892007017
3847 0.14075909846307788
1632 0.3002882373007364
789 0.8414868674965309
1621 0.5352205853597038
2985 0.6968066636519488
3014 0.15570674985778665
2200 0.8404527162113365
1030 0.5825403509432202
1797 0.7794121953104926
3574 0.7050883384874296
3639 0.7378787525253518
3898 0.08825262903162301
2172 0.22686327643939774
3348 0.6230683815284727
3506 0.6411206721352063
1626 0.07990795506116699
3884 0.10986388759658938
176 0.08305342460236154
43 0.9331187615022328
45 0.02362161612832503
2869 0.5428347107836177
2767 0.4984913935646451
3858 0.3238919948419283
1579 0.16857333072841008
3885 0.7615731812664307
2409 0.025186759624404198
285 0.23890315775677784
864 0.6136047286547702
1835 0.45695554329982757
2273 0.8407141790681336
1523 0.23864538647937983
105 0.5281637424493142
1344 0.7473479786863327
1368 0.1505860345433725
3796 0.6859151455137188
240 0.059366542734532124
186 0.013031387614098722
49 0.13179253650320621
66 0.146978805610971
419 0.73946092214445
1065 0.8252252436373247
1743 0.8865795411485297
3606 0.5085049873085256
3773 0.08704597609936515
1045 0.3544701352182863
2942 0.8546208460270557
3177 0.7764987948238324
1013 0.8740143972083849
3754 0.0438433959031741
3989 0.9641306956835619
3843 0.05640626313080388
3659 0.4513246871079466
1225 0.9068499611564088
3457 0.0022860608796727577
1728 0.612265144738071
1524 0.953890765342883
1044 0.7731074112054964
727 0.4881821535277634
3486 0.2518038696192815
3832 0.8288586729402484
1197 0.7349981250638721
2396 0.4159961614177019
2637 0.3635564879265918
900 0.6317678669570745
316 0.8294726309490894
2044 0.8524509367083872
3346 0.4209571147035236
707 0.2623003692280843
1898 0.9734348529147887
1239 0.5570277256381614
233 0.2610835322969799
271 0.6924558017581641
775 0.1669066517899207
1612 0.6304422749597102
3469 0.5954646829948362
3911 0.2394708243572241
3892 0.8599284529172168
1610 0.24669192286417618
721 0.6648514466851033
3376 0.9839976122525265
3678 0.9404721302969035
988 0.6097182011864142
1149 0.07677576380034035
2034 0.7879129724871247
2804 0.38943782908395774
2431 0.7869600706971638
3116 0.7665155786097582
2565 0.5000120800537308
2038 0.1683837996059342
516 0.4142773153969421
2073 0.2932696030122356
971 0.4944171774255647
2961 0.7636312265925324
1678 0.08030747948399053
713 0.4776757261019686
126 0.45673014395742884
134 0.42082694378098817
892 0.6058697728699559
602 0.8024680901098177
1450 0.2026682914702611
2445 0.5075527337529657
3562 0.30770359000807135
992 0.04362113124024947
1485 0.5539713060525205
3440 0.11106149131449505
2243 0.7624866084740607
1455 0.7885972388579077
67 0.5506592578604792
125 0.11989201058160814
1885 0.649368281736907
490 0.32604250557125136
1224 0.2156701541136482
3058 0.8423890518407016
2563 0.9672653568145019
2573 0.18370213026549975
210 0.703374227221076
394 0.7394629574241048
418 0.582562694003844
656 0.5259230739691394
3129 0.7069991090552638
3602 0.6367784766169883
1548 0.8758561117665622
1839 0.5152532731750278
640 0.9112462553978878
1303 0.9233947808687704
3008 0.9529676308058052
399 0.03886203143763556
1229 0.2785800084968576
1544 0.3581022791877584
3470 0.17041039831222293
2089 0.11481439413340055
2710 0.09759620082380105
3204 0.1775743435010939
2699 0.6202817751742072
3466 0.9842567156756635
2481 0.39558371564549366
1421 0.7762304106474368
928 0.2636886698395028
492 0.4711402724268171
565 0.32266287784394354
701 0.2587943094431572
1228 0.8034016163347988
1454 0.9654580261866599
1811 0.3530755253469715
3364 0.7873208116227971
1266 0.4077962151776079
3226 0.4864638252196799
3489 0.16667223406485254
3873 0.520629274199127
2370 0.8819299820736846
2528 0.6623891316043324
1531 0.053986877999388505
1947 0.8377768920918961
909 0.8377168716231651
3947 0.7775167344971229
2742 0.3582414636071908
2413 0.31923710495743784
2473 0.15765107986937643
691 0.6447881432312852
1514 0.504529921583668
18 0.6219804896436584
2400 0.43057592573536796
2486 0.6194467535962332
1479 0.14612944427883767
1942 0.4792857913644962
352 0.23866794630502242
725 0.9078459489524783
584 0.1893616380567278
966 0.08458962399059111
2693 0.8136687680224322
1171 0.9443859059592002
2597 0.24337325750121974
3808 0.10912484584820348
3676 0.45996583464505236
1984 0.30950014625791866
2120 0.928165453873564
1543 0.7836636209963185
911 0.7708303689984018
3012 0.08508824437727813
3547 0.6307456534512285
2822 0.9647629577986937
2866 0.8960204932675058
1463 0.864993440701528
1739 0.24765608253765226
2218 0.14692004215683807
2074 0.8089654013984736
2659 0.25636742722929284
3902 0.1752082375714893
1087 0.41597249442420126
1365 0.6398550537708602
2163 0.7056579830857781
1470 0.4037087316659338
457 0.3227321216420562
98 0.9570467884773907
157 0.41685754379237727
1070 0.2267518110602893
2372 0.6927723582822317
2576 0.6042315274770301
2635 0.8498941037319973
3907 0.48176208801164033
2605 0.4907809865817552
3929 0.43370570590486246
1029 0.4186754923639959
3059 0.7123255153856937
1256 0.2476470328656747
2849 0.48768326836372033
37 0.8305679441582673
48 0.901723586697001
69 0.19057772887677116
277 0.8957491977205302
587 0.15848361947017986
2253 0.17102809287549248
2289 0.3578077379984509
1642 0.05902666521530542
2015 0.3342930957381065
621 0.7104153096392528
804 0.12882923641990496
868 0.5260371978151648
1867 0.07481460873465995
1545 0.2284433755975368
3518 0.278301280265821
3784 0.8622378813110528
926 0.7066940643991219
1097 0.6981811179665995
2574 0.3959251122972913
3266 0.359294118126685
3251 0.07453980570582175
1534 0.5071084136979077
3478 0.5399328743998556
2973 0.3425558854156675
3507 0.22318301039324684
847 0.7771936892775039
3844 0.5842158714537027
575 0.4786376905479638
2697 0.9103000220314629
1710 0.9889604303300777
2541 0.3353443905737774
312 0.7223649145456955
333 0.5909266123427721
3789 0.7843200451129556
2969 0.030032932192652795
389 0.25129607234229956
1016 0.6485674948873444
3934 0.9913360209820736
580 0.11104741097184223
145 0.3271222136456302
3412 0.6010685821207121
1525 0.8323526660213256
2925 0.011310477555053766
960 0.8182131539840392
1072 0.7498800751029454
1943 0.19041263501878714
1542 0.4440867392767177
2786 0.5495940494135859
2143 0.5463262972796423
3890 0.869511473423009
2610 0.18212441470572638
461 0.5814999165539173
3183 0.9359635695361462
773 0.2742311451918058
2791 0.9207874366958161
3629 0.08517496286279902
762 0.89524790921449
71 0.8810410119213101
76 0.39419518001818665
614 0.2809165120758008
1135 0.280406510303837
1769 0.5767865727077224
2958 0.6348683139028115
1159 0.7466516539599456
3329 0.8787366683267132
3635 0.4504836555406012
3491 0.998388727855951
1439 0.550872083308771
2040 0.3274247942399299
3879 0.23522439932668304
1339 0.31515385419595643
1095 0.60460237069909
3088 0.6265528467789436
3921 0.27370552317468566
1400 0.4657826553072625
3110 0.2911967040058058
3690 0.7187576640336544
368 0.7126382565753936
3495 0.9641865164493834
3532 0.8240458425520021
3239 0.803973050347006
87 0.7278557277696468
262 0.678056302962158
1173 0.9499904014986367
1431 0.1295625715159433
3019 0.48645797728548146
2117 0.6311964690574907
3985 0.21700701662645472
3498 0.13807774010531115
1284 0.8458803045832062
2995 0.11260733231343323
3757 0.1261998032522632
1785 0.002418331614618907
2738 0.3452015837684197
3461 0.054381799912513906
2778 0.5251746016391641
3645 0.5694008278543878
801 0.6968270875012729
1595 0.1434427090890712
3671 0.14677880212436878
321 0.9183287156579206
627 0.21700923689370544
1800 0.49460465921956
920 0.006822459367173961
1367 0.45199250945209535
3393 0.8051231501131934
812 0.5892361975979163
899 0.5431863330321529
2322 0.06377524610502094
2204 0.9548615700356039
1068 0.3813407623797257
1674 0.40144230793186475
2566 0.3703396884952568
3878 0.4049378395893217
3182 0.5090487754274851
927 0.3242615258153483
3053 0.6241417483635326
3564 0.9860786935501265
3750 0.8965525852230422
1644 0.9885239097106319
2142 0.6625726904510957
1357 0.9765574636155233
1533 0.32589905231826577
1066 0.9048350491573381
208 0.00902321417800156
435 0.692701339857461
764 0.7771190672091047
1358 0.0019373161445813691
1232 0.28783636904629295
3742 0.3975828114738259
2516 0.4645865176919205
553 0.011726631052721426
1179 0.6338727866552196
2840 0.14897917528863414
895 0.6016005284598943
3963 0.3738906043593393
2178 0.6667633823782334
2287 0.855093967280808
3016 0.12005781794610726
2548 0.8449617946988917
2726 0.4061694312976113
3523 0.9405640135993727
3871 0.3417005855331937
945 0.4074510675242512
310 0.789084483252858
3774 0.18479330177058284
1034 0.7054374716989792
2131 0.7545797624561782
2639 0.595834786176524
3862 0.3842146640783747
1422 0.22240221166743934
2599 0.07147746227225471
1828 0.36806366539966706
3355 0.5579161178179639
3594 0.5121348529613513
3996 0.03546941167284079
1491 0.3454795991323173
1288 0.6157006412884655
529 0.11218069513080453
1754 0.8862430120463505
3432 0.27033867023169156
3020 0.5251471143267508
3160 0.859094554315088
1103 0.32985862973930136
2673 0.01886619241877452
2972 0.060485093284876834
2779 0.07109973310078144
2891 0.6912200584597722
2436 0.8060592059823908
2752 0.2011012038555262
816 0.37506570876669476
90 0.8686709953123198
52 0.14829258416787516
886 0.7238231571182745
3680 0.6947375855503847
3837 0.9144457492698139
1886 0.6822963406223418
1134 0.8816891685710417
1297 0.014537563644458462
3456 0.46860525669681696
2076 0.5494512817513723
3643 0.3900262743536006
3025 0.6492479475673824
822 0.1643086008023723
1230 0.14383327731350004
107 0.4759837122367885
162 0.1331611796268225
2877 0.8115104242694015
3806 0.9592427268494023
1894 0.5863813995694467
2511 0.6775593035858077
2517 0.425725551557387
3045 0.07174396106717429
2371 0.6529178430121727
2002 0.5987019084454845
578 0.6572202223135486
1348 0.8061598440398252
509 0.04344830963289825
524 0.8123358015417586
710 0.09587670343437649
2079 0.3341546002707655
3857 0.504069608279081
3246 0.5851671914152569
784 0.07498911144098752
2843 0.48917556803564
2168 0.9895122136545192
562 0.955679928515814
3792 0.3749468821283949
2084 0.17259494103966755
3149 0.3347068300609366
72 0.028674266545862026
1982 0.6456122744028664
2036 0.9108371318625215
3883 0.16796797524421747
2976 0.11806786353109544
1410 0.729219224291179
3572 0.22018545645507603
2978 0.7556607970210864
2408 0.14012362885374852
2722 0.866721155852696
192 0.006338625205859594
2428 0.21902465311829777
3499 0.15339935832105778
3387 0.5335419149021451
3834 0.19944909707278125
2745 0.29041417670242764
3321 0.13175882611402845
2266 0.63931615933635
2939 0.34062149569111344
3212 0.8573550130095511
3954 0.4134273952343238
3776 0.4498081871809403
3864 0.09642521133664006
2435 0.49388501449361666
2547 0.7235768624032264
3089 0.012131744310187265
585 0.8522777674051589
770 0.007955936900869265
2189 0.967504200667154
3612 0.7602825490761392
3826 0.5289641707599577
3726 0.6313963372938592
3869 0.32476051002178064
2964 0.10497422636050768
1562 0.3804951230706287
834 0.41604660041418895
3825 0.9145268160161089
2342 0.5964701882136059
2689 0.29087229446776974
1241 0.002552854206983368
1363 0.6517369664350751
2656 0.17098779124762298
2440 0.7000491321991986
2471 0.9346008568738469
1789 0.3557950062569607
1905 0.7429306477041284
1086 0.02029193894438397
272 0.007372478121595916
102 0.08463805879416231
25 0.9800406302704314
7 0.11323014088359618
11 0.005434895550293861
132 0.48489069585177647
198 0.20439905453152418
288 0.047085845932702486
617 0.5558209587565561
654 0.7975682623951373
3553 0.24755104033219244
835 0.40161132640084396
2341 0.6808272763251433
636 0.751197765958165
2894 0.44872713555765154
3311 0.7321199452482545
2781 0.25903126204840654
347 0.1321859620224457
1929 0.09899469456143661
3598 0.8295715095190868
1619 0.4220560549426695
3982 0.7297065733546383
2214 0.5006770497209968
3060 0.3376246147039832
2280 0.27613564323172546
1862 0.7492550297292531
276 0.23647944367337737
1958 0.7743237291011956
2399 0.7421758060092133
2375 0.5626226158206473
1498 0.4923889290652006
1625 0.14450697671832546
3782 0.40991634594064674
3030 0.5384643087972959
3899 0.5152519272135273
1659 0.5218468110898988
3159 0.6382232029921611
3828 0.9248994722112054
2868 0.7551018683042613
1790 0.5710491976059291
943 0.39994245535043926
2660 0.8460065327641099
2714 0.9771946643344623
3112 0.527312748211833
1144 0.9000789624640199
350 0.9917482230670976
1356 0.30955586155719406
2112 0.22063433455810122
2860 0.8429246726331581
3189 0.5660529587343721
3070 0.3034988181958417
3407 0.33108716273122873
917 0.71476537492687
2646 0.7391359268130031
488 0.058105147691090875
155 0.8132485419273101
294 0.13350734948581566
659 0.8585147568263449
949 0.42552941423292134
3647 0.7050063994592387
3896 0.027429353625945674
2331 0.23378432767492707
2787 0.6121007515386809
3384 0.4474951523621662
3480 0.768126971646168
2447 0.8909549483057431
1799 0.5306397434596283
2439 0.8262724219854218
2129 0.765734528872645
1257 0.7305339328347665
1321 0.3239881438593907
734 0.05937019773707486
2959 0.6193186946483183
3593 0.7565240861212289
1617 0.6158365243871813
1820 0.8884450887891784
3956 0.5432429327609819
604 0.8014585528957489
3256 0.4884218696162045
3623 0.6189302405646594
2340 0.21371462240550654
871 0.7907815108438039
933 0.05067048327216084
3379 0.15311951219934494
2271 0.7342239927745001
2704 0.8864554382799953
2624 0.5831974585107669
2534 0.4111394526981553
497 0.22754097777866855
601 0.9656267512515917
2213 0.21712851132718136
2347 0.13107814800015494
936 0.31791633029775557
2223 0.34290601156078593
2229 0.5873886175954778
3660 0.48408048248217717
1955 0.5500370157695258
1147 0.7011983508276708
275 0.4026251288524
1735 0.5349599651003755
3054 0.5344343034536175
2369 0.2578173022536244
1377 0.3650519584259061
3728 0.23012343105270838
3104 0.2044295026505989
2237 0.32641477132395835
2802 0.5307554737095401
113 0.1825614173674801
144 0.5029076787169819
1684 0.6729853170662584
3601 0.3825106255511934
505 0.05191768506344918
852 0.8905423664021861
2694 0.44239431873710344
2046 0.9605023494180784
3232 0.5234772422841708
3213 0.8199216845737276
3405 0.832511144721059
3445 0.8572954740326107
3936 0.328329841878112
1361 0.4124062386699058
1594 0.8240713509503169
1121 0.5584506303298272
1290 0.7105151538912011
2753 0.9441481793674297
1181 0.5908822004425006
136 0.5888474231827916
318 0.058198068128306635
1457 0.733186531966588
3218 0.22397620340998536
595 0.27004032466223193
2835 0.7699261221056775
287 0.002667558892346711
552 0.7544430947350508
1469 0.7232473236833117
1106 0.129269362318989
1703 0.8335636989639087
3912 0.5562121510159781
3701 0.3909579051590013
2094 0.7146556295191495
3462 0.8383187111921655
1629 0.3591789159030472
3490 0.26814425482415527
3005 0.5208036406602101
3420 0.5730787822336977
330 0.8682782759460714
2305 0.1840133600999848
3481 0.15055898462489803
990 0.5760228201353412
1115 0.09087650577549178
2483 0.4135169370409111
3819 0.5045054701045937
1961 0.43966567111426214
2161 0.8277673334628946
1598 0.45960084998009576
1866 0.998516651038543
44 0.1500763578637413
63 0.9210150696121001
178 0.8288687380546517
1407 0.6829999242012836
2150 0.12004348466752846
3487 0.9940219659727743
3992 0.6294682010687404
3105 0.8735363080244969
811 0.7713668725066948
279 0.9826164495318034
1207 0.1480061915900609
1497 0.11671884946231814
1487 0.3852647942670627
2297 0.1692043185105605
3455 0.3958834495420578
3922 0.2651855922469102
2166 0.38786558268859317
3966 0.5988804055931825
3087 0.5619542852528919
1213 0.29430587264630514
586 0.4388020670601528
2772 0.24295940586090992
2798 0.3094413111709199
3664 0.2275279781034073
1217 0.4981362312398958
993 0.35696684258944333
320 0.5725292216758939
116 0.8986631516281964
3454 0.5483744520380333
3549 0.6092090714730571
2199 0.0889392981191256
2999 0.8193793437509548
506 0.7887955486047011
1302 0.27553524281093955
3641 0.880137033381089
1042 0.9999962501445098
2099 0.12990465473876778
3861 0.5423823988407663
2775 0.7619398291567654
1781 0.4580133722817262
991 0.4839692866367685
2102 0.6969005652493625
1093 0.6602751712061379
2895 0.8951240764943298
2982 0.1283535165912587
2922 0.9379310815556597
1039 0.3227578948805362
818 0.763061932779495
28 0.7055305988591922
29 0.1037841044115716
143 0.28952142782445156
495 0.4439811142802319
828 0.5045477682278566
3749 0.9108290285246046
3905 0.7223302679965353
3937 0.71896139949567
1069 0.21460152717812786
3458 0.6919106367234585
544 0.12234828152094013
3463 0.6099517102811631
2530 0.14676875740174
1501 0.32758937506941865
2048 0.16417519080736387
984 0.42870590528560604
3242 0.33025194596992447
1040 0.9214030131828992
458 0.362633457970442
1123 0.29198582846414933
1771 0.38548853427085217
2187 0.6756887754809857
3299 0.20683067097603003
2712 0.8490960884014471
3766 0.8919233269049611
972 0.9730144853841788
1875 0.509770708253584
3761 0.295523325815768
1571 0.01153713949004509
3037 0.6470998235884498
3970 0.6506002416739621
2960 0.04884117852292269
3188 0.5369663864474682
3554 0.022226887367882586
1928 0.6390689061351895
3661 0.2043231195930949
3901 0.1576193381841282
2856 0.5200455283031974
366 0.2808886097193193
376 0.40527300001393773
2179 0.8196249971183116
112 0.6361431965722101
1397 0.006488810153181923
3353 0.4153547135169493
3877 0.3962673946175975
3955 0.4713985555887549
2177 0.8308547685767484
2603 0.20305203424902551
3381 0.7837182961180859
548 0.05683870229077237
207 0.27882857139230754
222 0.22895959639922858
346 0.5348737016881676
1151 0.9448833176424886
1924 0.9000518054854163
2616 0.19630952188096773
2983 0.8095058408417406
3691 0.4816379746764451
2671 0.3062152467815339
2839 0.5505300018014829
3692 0.4786116272799811
3931 0.9744392170515442
2258 0.7804025026497313
758 0.9206117041463844
880 0.21498827560310996
2352 0.6251248441439008
3670 0.7296787160629981
1597 0.24936676307399397
1627 0.005038664764782319
2411 0.3554347721505089
3074 0.6197837650430229
264 0.3944437322833171
2216 0.9864587374801499
2006 0.5465962955317518
2115 0.44958409439272295
2724 0.7800015569592317
1521 0.6695819561025126
1903 0.5303538258172673
453 0.7434614944386413
455 0.005839952474352317
3236 0.816265765844702
1472 0.420474956672794
955 0.6543277820946953
1141 0.008945238056612625
1299 0.22845565786845734
2045 0.6537334583017866
2643 0.21490115455838688
3223 0.26111581465358236
2136 0.5348561434006119
1520 0.8615052587206707
2733 0.8858012336366009
3640 0.34096450319121174
3756 0.8095040150513276
3260 0.9617787594526767
3140 0.5145827663267816
1078 0.3366769914805341
201 0.04644856534908903
204 0.13329186562736994
1154 0.6036509323916376
2931 0.7425699467415418
2652 0.13832601860933302
1416 0.30291377476903114
329 0.9413182934067856
572 0.8050942725205066
1172 0.25071862589147786
2940 0.997201183665552
1951 0.6280161787638819
3655 0.9971166418866463
2062 0.278049379471074
1652 0.9974457482932566
220 0.714631363788651
375 0.1653302057025039
1447 0.33344416317358117
2600 0.37394768789669175
1792 0.11606664436726577
3447 0.02159146355860775
422 0.9719721802618084
2760 0.4660632828797041
3330 0.5067411493219548
3804 0.3757943975223368
2349 0.6445107450268964
3964 0.8320882780251485
353 0.8500090051733548
1996 0.6752955803906935
2884 0.025959322589962253
647 0.828796064366298
1283 0.6833482668454735
3287 0.1708888631829526
1101 0.9521071698115434
1312 0.062302063136916885
2338 0.1157604117023564
3565 0.9823378256086985
2110 0.8898097635608812
2569 0.43004606515563504
1536 0.09346250134727951
682 0.4242378395195391
514 0.2730363000297047
579 0.6045441281178628
249 0.12941016897751834
215 0.8734725459158209
2441 0.512046008455781
3358 0.7882537020396777
1538 0.1448081851089158
3712 0.5404015974846177
3401 0.6132425822960903
482 0.1793964966701389
679 0.006594286877456335
3908 0.9179564811307122
760 0.3615065166914817
2261 0.6544726553270899
3485 0.3922062473586121
3441 0.6944282206216754
1732 0.750177834489675
218 0.5886521579250769
30 0.9268075974171451
172 0.6728294803398503
381 0.8318832301559592
2104 0.15414130810364524
3046 0.6072844311228418
3494 0.4926475676485491
3941 0.8627578927438923
3590 0.19450732041599728
2568 0.06035725090314459
3278 0.13594706127790745
3368 0.8456165994229548
2047 0.21797968670954027
2230 0.287254183250102
1294 0.5851457709909483
1458 0.8779929365732937
698 0.9651421340179621
783 0.39345473817513943
1857 0.7960535467900154
3434 0.6859836645645758
2367 0.9323491259114084
2990 0.7398035949378506
2748 0.2140805186633361
1682 0.07111556908254035
3589 0.19943541628799755
2711 0.47132459904961965
3515 0.6163232564512393
1202 0.4738973656889892
1530 0.27678759988153834
2591 0.4339554829614649
2281 0.8487091872128322
1715 0.40750764969432995
3126 0.9602802632174978
3465 0.08752109622249316
2474 0.27088751537358813
1729 0.565442237173994
360 0.9089087825985906
532 0.07023363873831467
2823 0.2698079960467561
1204 0.33222131858088744
3581 0.7564754785666143
416 0.46431183401335396
3279 0.4524448268906278
3094 0.3350206212173693
2542 0.4887852501855977
2649 0.7008336830158157
1672 0.051610890458002046
1936 0.030633259129562163
2514 0.7860392141025688
3337 0.2969446205301096
1481 0.368046518248742
1567 0.8778712842044128
1540 0.8449495554195664
673 0.1701278440893479
2225 0.17533113919825782
908 0.27539952055125017
1888 0.005151983827625717
681 0.8792702872409589
194 0.24834084959797886
252 0.8213259166143803
2965 0.3269616770264434
2363 0.7256506452971937
511 0.353719839361035
907 0.9589173270786353
2747 0.9682867854601518
2080 0.34054193857903614
1152 0.23996112710274553
1384 0.2001482857019643
708 0.593903681081679
2058 0.2911188652796699
2609 0.5301179068483333
703 0.22339340237052074
314 0.13081605162240895
502 0.32652310684933605
750 0.7089064885175721
3628 0.7281941052020535
3809 0.5345057582630207
2929 0.2583833642325095
3958 0.48401669923080104
810 0.12627363983084405
2945 0.03021074578538796
1889 0.04034143625050235
737 0.9542965518578179
1411 0.33655341450241416
751 0.1432261521076168
1495 0.4949096101588316
3846 0.2716032428483338
2029 0.9364413609159706
3132 0.7888777320633258
2749 0.44764589619747674
1899 0.5607628971725904
1962 0.7825669229177926
3224 0.06328698020287482
1462 0.5443608801332602
3227 0.6220441201342953
3721 0.3507952099921453
3760 0.6850713062584156
2475 0.15345507272630343
1586 0.7084391153113786
2596 0.07874111986845156
3509 0.7229861738373099
2125 0.8769926788163647
3233 0.31372539569971214
3705 0.6578969937381162
1637 0.5240240650508842
115 0.14669423785746283
303 0.9232981609490295
385 0.056571000108528224
983 0.551237577497353
1863 0.06011943759042204
3795 0.9517459918776602
3618 0.3393389565117033
3669 0.7375596756613566
463 0.519816115912402
742 0.13325406272381513
1362 0.12112809478026643
3897 0.8477036526406271
2812 0.9134735168987529
1381 0.7081381165277639
1746 0.8446590044635967
3145 0.10200602541536552
1647 0.014386426242082861
1063 0.05896603869523653
3685 0.9640101848361147
1630 0.8143509060471705
442 0.3157183737861834
452 0.3446422743810774
1854 0.16532569884026604
2620 0.539869799675601
1459 0.941930600752512
3544 0.7406697261702576
2211 0.45582964764224876
2582 0.888893100456844
3716 0.5284739201981407
3951 0.3267213401673791
1211 0.08963941746341486
1254 0.3168540855481311
590 0.2192976405523418
2872 0.45491772835025845
3548 0.8669916995203871
921 0.6111279737968976
342 0.5489535191913752
3872 0.8233316842027016
3467 0.27448653147392676
2091 0.4681057290630488
3357 0.08189393815895463
3580 0.19550831498712484
2255 0.8583112059218495
1364 0.08675812888563716
3770 0.5705112162818863
2996 0.3314533530333552
3484 0.16374630967826942
2618 0.15556228037652498
2695 0.4043440592985127
3394 0.9227952522213896
2028 0.022010098271478484
898 0.4569903609656729
2336 0.685860249445768
2857 0.5351987133451823
1005 0.34030066482299914
531 0.19446610943149523
3249 0.6843021311044868
3283 0.15050268158310065
3196 0.5037516107212581
3830 0.780369386568495
3909 0.2578027588249805
3917 0.4471901913690586
1076 0.5945434170375162
2828 0.6854720241677247
3546 0.18209344077311074
541 0.22044627589009835
273 0.5719473129968485
2783 0.810869584722543
2357 0.9871688117649625
3029 0.32273127278512415
2807 0.6651172928808323
1860 0.232563324521036
2054 0.4045014559764647
2284 0.3541361643518314
1428 0.7723748087241665
1506 0.4239307737641217
513 0.036502436326320775
597 0.5038456712757842
3876 0.037370797901686736
1107 0.1872396851063678
1285 0.7837830984796545
1508 0.7855199499163248
3812 0.013622457575400704
1310 0.8958445581142718
3939 0.40219879141152637
1987 0.1298777610630577
3714 0.7756050051248574
1490 0.8251204477296981
612 0.23598854361663169
1706 0.21953801919255722
2706 0.5747855152525265
2203 0.18781376178320663
2707 0.8404742746530235
2433 0.730027926223305
1017 0.5385685900606946
2395 0.06913853592148878
700 0.5648965996713604
213 0.4934230135503572
1292 0.578621347476168
2050 0.4267431065143603
3075 0.10992676434183357
1236 0.3201380090597359
3309 0.7970177983822763
3067 0.8866793894570407
3737 0.5526413007110417
1551 0.23839326207263112
3274 0.8631381498801741
3383 0.5623523355749336
1971 0.7364464602018894
1858 0.9992447965805056
395 0.8547193183679531
436 0.1251316836300943
3423 0.6480739426423995
2797 0.4490841300130791
2810 0.9884621721641317
1399 0.30891479592258475
2886 0.53982840944858
2457 0.4465030649249442
633 0.17307687184413312
3426 0.1010047914825879
1693 0.06269043549631559
3312 0.7152887046658541
3777 0.7538627306152539
3953 0.37671210936099897
846 0.3661781707205508
242 0.8654519896897807
41 0.8594402964922525
17 0.2820640148046456
27 0.6200242059618802
58 0.8414794770623698
3035 0.8325849377548423
2334 0.641110036351412
2816 0.36156690025798155
749 0.9962707095266259
2005 0.3822762943073216
3400 0.4201807691759043
1449 0.24811164780918316
2277 0.8088745261862521
1268 0.45510636014308836
357 0.41151713605577733
1006 0.3076941281829254
2290 0.4173739401040353
1561 0.8955901777901092
662 0.5562202626920997
257 0.16812854488812357
281 0.05773590344204349
1267 0.5545348497297936
3427 0.9107008079493439
1440 0.7180959624018953
1602 0.6384702092695251
2900 0.08160412627509295
3674 0.7124029258692205
2948 0.13720669990009693
1660 0.8834936125296442
3141 0.2581267879431237
3949 0.48446696951774193
2903 0.8025355144260958
2039 0.15159716619171626
415 0.42004732479734164
332 0.767663464944931
335 0.24006805072514115
543 0.7833085216915308
2825 0.49671983639293904
1575 0.4688720921098103
1883 0.49448838509604165
349 0.37863905784705043
2851 0.9340947395780915
715 0.9493836065589351
2401 0.06941958021622308
3161 0.587855130756799
616 0.8938725308060003
705 0.7910848095359991
2221 0.8058153078557041
185 0.5974234256560275
232 0.8314562677029614
1199 0.6142813853361437
2351 0.1426617244599575
2500 0.959176740609595
2358 0.25854564284529014
3746 0.4986979875597123
3298 0.9611619246816312
3552 0.9799234687670817
1842 0.43947611048214685
555 0.6460139277359728
239 0.723117023844331
2773 0.6408363267624104
3597 0.226729308772739
2847 0.5640459959063757
1162 0.038340976534631754
2384 0.3423770569202732
3186 0.23751061264902462
2008 0.5056003840511508
3125 0.8972158019782971
2443 0.2221066848960609
2449 0.6534770910961303
1657 0.5533115230067116
697 0.5774207137516641
1614 0.894212537285694
2936 0.9787020523524711
1442 0.23609628996388754
3972 0.3066114379483562
1631 0.7941010305275285
2883 0.7381024024631883
3472 0.7507884077714426
2908 0.6846359069679987
2650 0.1271974391676769
3541 0.5692041363922754
2245 0.6977346328452745
712 0.16565216869749322
311 0.03252907986999931
226 0.22921080932148508
501 0.4164989892079388
3244 0.017419123536164816
260 0.7837685893951832
1262 0.580571178197699
2114 0.7468078722396786
2688 0.20872523966412182
1691 0.9662429037592967
3652 0.9650597879614589
3682 0.850656989020722
2645 0.7906968696407429
873 0.14966882451184038
3924 0.36568234841927105
675 0.7584629236730497
772 0.3096594849316342
1558 0.39623797876129363
1817 0.6861283702903741
981 0.12240459596897857
2675 0.6551599173544045
3649 0.08409901802223285
1651 0.0132757791273459
854 0.9657139129565183
941 0.6153957801904756
3700 0.4027610806940688
3839 0.1160321627676304
1010 0.9407826597793713
1073 0.538866501914141
187 0.14096286647454537
33 0.369612652922787
1079 0.601145681545069
2719 0.3512047948999145
3199 0.6302913286113475
2195 0.37402531935803063
1667 0.5874939296601172
2154 0.18445806013303423
833 0.2921417699611448
2020 0.7686642102242329
2275 0.5163633548620197
2717 0.07185815227928327
3853 0.22439944090665376
1509 0.9507090465161374
1950 0.9735155043358049
1697 0.9580236072826178
340 0.8608016140698473
472 0.5533277282108339
813 0.08106048456376147
2538 0.8048948166384892
103 0.9037285880209094
2782 0.16926209777543821
1100 0.10064148713043042
1325 0.9752887742578817
2488 0.8223698495542161
3556 0.33446644339208387
1275 0.3302290023902036
1253 0.3001593322387994
869 0.5704988414566878
881 0.5661937656253923
1219 0.36762688418059275
1426 0.6233578468368748
1250 0.39703108533515763
3361 0.9716901791393098
3231 0.9434080982096137
1724 0.9729489721546656
2943 0.9595452621896342
3111 0.10951368681256901
3851 0.5886623394309749
996 0.1054416553745775
2138 0.8655673434267284
3668 0.7122952458411353
1494 0.743904757117648
3307 0.5777758422200668
2625 0.6664372621092978
534 0.9655982036245744
3341 0.3122781813952512
3417 0.6391887612009681
2732 0.48471144741439665
3687 0.20047856634000671
851 0.8451153976855912
266 0.023107572166470858
372 0.03698976216314709
3292 0.1765042048262513
3351 0.13492364451269756
171 0.9915501769024939
75 0.46808858044453283
91 0.5197006997173309
1276 0.019589267875981253
3475 0.32993825284606715
1994 0.7062098325636906
3747 0.8990347120585862
2615 0.8077153288946763
1611 0.9471046305748787
1796 0.8253534065243366
1913 0.5400836462022002
2495 0.5557597398063965
1306 0.4779706159251118
3377 0.8189594489843856
1369 0.5778939055004222
1222 0.6697111510346683
3535 0.5592973518725237
1845 0.011434959077434526
3032 0.9581822743874695
3421 0.7143388772073518
696 0.5669587952012707
704 0.17304609809977844
3725 0.45570299017810645
3052 0.7831249350382307
849 0.7689612739429629
1146 0.3507051929626793
2313 0.3985207397330678
2830 0.69658364825139
1120 0.2550654496694531
370 0.49549941628366434
1559 0.5451512928938427
1656 0.7619227080218322
1435 0.1099778533924155
3734 0.9603001259420068
3793 0.2535547933943062
2899 0.2504360950183582
464 0.5431585334726661
133 0.8154093335565578
459 0.43225659043072395
740 0.37559993645051715
1374 0.3365302677759251
1641 0.03714747217204595
2861 0.09101322458119898
2984 0.5469738717570783
2522 0.6006623267658648
3940 0.37800847250788905
1001 0.9257092461361093
2642 0.2186188389845637
1563 0.29061774831169007
2113 0.3157449304246853
3856 0.6648542310407521
2345 0.8285768091147621
3382 0.9492677118251993
1088 0.4608855275195931
473 0.15956089485152458
3103 0.517911137045848
2590 0.8776733424970524
3142 0.35508970349308133
3339 0.4153941474196634
286 0.08126584454000574
2043 0.8625608100864791
2274 0.7495759821606305
2425 0.3515413871114609
1418 0.7638653876509959
256 0.36130640268001946
97 0.9420419376242427
537 0.9321519873994725
2192 0.9878632431600146
3920 0.7685338790678853
1726 0.4209300778974465
2414 0.33282431231268195
3818 0.5662759036582736
798 0.9329188313100774
1655 0.049825231825648686
3745 0.5628182164963345
1492 0.6840534612253787
393 0.509220465194957
2668 0.5531465112964155
3198 0.727967619488229
832 0.5368892339824766
1388 0.17781681228199342
2666 0.32950981876048846
2871 0.29561197787718363
1915 0.2717939778501093
3727 0.6379700871560965
569 0.15454943529122966
1314 0.0657065889385845
3854 0.04250340629123217
1995 0.9956397264279256
1102 0.593679476854156
2626 0.10850669635638077
2249 4.946308717598269E-4
1234 0.5500578154085086
719 0.6171629224830832
348 0.7091463615433975
2682 0.42005093125078463
3344 0.16879061737361922
3648 0.5301097983412575
3850 0.3951227674373118
1738 0.2168971244953849
3791 0.615496187735316
2478 0.2544443852631104
518 0.16330710724846687
1118 0.7297532940532626
2093 0.0024206994295831175
2594 0.6101753081437458
1263 0.4479588818671828
1999 0.37414396377134307
359 0.14640304356799605
406 0.9332800410522812
449 0.327472527910464
702 0.4099050165281103
913 0.7054094323947889
3460 0.8889166649707461
1347 0.10070013501227171
651 0.46016869432442276
1616 0.14189031573957722
1834 0.8395642552219041
793 0.4946234148328845
1807 0.7688691715399626
3741 0.47970684885051906
2398 0.6805110318750819
460 0.546078804889533
641 0.23258429027831673
2580 0.006265481655186922
3367 0.05036704009428239
1249 0.5597123043438723
1848 0.9298312024337815
2071 0.2506937948710537
2402 0.39478208653414437
3443 0.421280207900413
2067 0.5596011368354588
3576 0.9913077219680257
443 0.14517658561615154
1699 0.9132624740618009
1966 0.23731635137287843
1027 0.581934661390901
1868 0.8307948949558623
2734 0.9539568760565362
2890 0.45002152727443223
803 0.8341533989986291
817 0.5590747461262301
2906 0.8864259578050828
3813 0.42766421235877894
2160 0.14778323937156157
2553 0.5733198939687194
3769 0.9709312741884609
2472 0.5055926555262018
622 0.14687291004136538
644 0.3199838564144438
717 0.0081417257595221
3510 0.26266673969317034
3807 0.5447760077772832
3620 0.8836588532068068
1668 0.7153280299991102
3967 0.29598686243665007
2169 0.11386646885846807
3946 0.2913336240943448
1683 0.9707759863697215
666 0.85499164786745
2004 0.538224511122473
3187 0.9699969067258066
3517 0.30146407762128047
2741 0.34952909909999963
356 0.9895294341992392
290 0.4690846739028096
322 0.8282044783978453
3352 0.34578749738071457
3526 0.46017330174840776
2265 0.7889687644695791
3866 0.33729997735674533
123 0.3766469213699415
8 0.6928963166319565
42 0.27044797833766987
2173 0.19825542207024538
2205 0.8532851107313619
2991 0.49565584816782415
2010 0.28538507072410524
2647 0.20280688490123921
1116 0.38866418244057965
3439 0.034008554718273354
1223 0.1317138725905197
325 0.7909615484658651
670 0.1346039862221583
2060 0.2786251957758338
3410 0.2536927027234783
3568 0.2816948581835318
3095 0.36814271011469957
1329 0.44291751374736854
1383 0.051506409078787785
3783 0.042693766418043344
1849 0.9698695273012804
2156 0.647269194382942
2162 0.11116827193080492
2657 0.9862255291147255
743 0.1627557161868085
3637 0.6608153671181789
2865 0.6953083094626523
1503 0.9537855368968874
2155 0.3107336847766108
1132 0.0463320245996226
163 0.6954248742293491
1311 0.2826464552673411
667 0.4223318661210006
3609 0.7182642774371645
3202 0.2542153443102082
2397 0.8955202415579955
2811 0.709779479037337
3585 0.9318553712955921
251 0.14113054335241493
26 0.41491300665788855
154 0.9168678048156442
964 0.5182538896756459
3932 0.26034093002279457
596 0.46639291510737646
797 0.8433124649448112
2057 0.48444217906517095
3444 0.1801005579838031
999 0.19731917182733016
1452 0.8565765470870264
3681 0.20302110395500494
2545 0.007528711436400548
1912 0.7862179679263805
2144 0.78746010010387
351 0.09945923392487166
2086 0.7690289217783508
3316 0.6450046636185433
3258 0.6935683862819739
3308 0.07264914496843611
3781 0.4404142296440222
3464 0.3297368394191589
3479 0.8993686378013551
1856 0.3301871528440462
2467 0.7447531849877188
420 0.8266360804382799
3451 0.48532754511997755
3471 0.506968060872246
3986 0.19665797231895044
1484 0.8444355414507916
2174 0.5503487870725401
2667 0.909076700301049
680 0.9658750353713641
410 0.45165369220318263
88 0.33906416180311094
244 0.2539276252351258
371 0.25760286520637576
1301 0.19559817282076553
3152 0.9589959971101609
1802 0.2892063612283121
3881 0.01829152256031563
2283 0.48195145276286033
1980 0.1443053430447433
1282 0.32979005608161116
3175 0.017703803207871016
3706 0.5221742868116417
2030 0.9802531387410748
1305 0.13969549165712125
1897 0.34786402100300096
2844 0.19247931711272115
3265 0.9622131019986011
374 0.09838054631251891
1949 0.06561184593262348
2227 0.5789926591661685
2228 0.4208077157649559
1755 0.8393969100029712
1177 0.5165831339813083
253 0.9048895424709781
388 0.5286465622854137
570 0.6075685663129985
1404 0.5305000572337131
3578 0.6436651112981733
3625 0.5642594667256104
3923 0.30783415445792206
3320 0.43316244657775194
2762 0.35794596385549404
3108 0.3954133007297851
1707 0.8653231959693569
1925 0.9035334643966965
2021 0.6381950050226586
2944 0.9318335450991239
2998 0.8269186326108388
574 0.4348590762953517
3130 0.5028865496819431
1931 0.7883019158177105
2702 0.30535303546497516
477 0.9741778298381806
1387 0.22879530055514874
2665 0.4264151168904705
2915 0.18432386726643213
2583 0.06382227895944681
3694 0.17146949321271576
2593 0.7328551740620939
1279 0.8151488191091165
2577 0.5200757881932306
1938 0.971202593490416
1770 0.9693448737702258
1778 0.7300048738421043
2800 0.7978832057592585
3185 0.31292405523784195
3566 0.49641172883838747
2993 0.6107854619992591
3642 0.7451077659711729
2850 0.6309231626436722
2014 0.28500820260867965
2377 0.30497066452050803
671 0.09728532339069418
1945 0.6442931194377969
1126 0.9666234699873937
2611 0.125577093113026
2344 0.0922769959138876
3121 0.41911922532944856
821 0.6286208215811446
377 0.20251211834733485
3840 0.8378914192224762
1488 0.8450879990840084
1777 0.38827434438941044
2450 0.9009779206902759
3272 0.0898506747777823
3164 0.8976153169870976
2678 0.3536376863523898
2876 0.14023784211593238
2107 0.6569415301639965
3010 0.022779939537656335
1019 0.12740775241846902
2386 0.8701831351989672
2617 0.766478875513588
1471 0.3875273951930891
3356 0.4001510175976496
3270 0.0447203142503364
1438 0.7125003308944026
957 0.5978138928775141
3332 0.5025100139064826
2715 0.31695696840685983
2746 0.8175558105771092
985 0.1960692263188154
202 0.8244756238040438
863 0.5749714492717786
956 0.838026517921156
903 0.8445244569385385
2210 0.07935888993007545
2466 0.9898513514190067
3636 0.9546161133036017
2019 0.7297097255810996
2064 0.48532893560035173
2385 0.6384260325208274
1606 0.19247638867108763
1764 0.7619558585001555
3310 0.9377281307910532
2309 0.2492165939462112
3327 0.13773058172030506
819 0.4948675061898047
3072 0.6773577092896876
3155 0.08311055208375606
1722 0.49678826106623186
3057 0.4700168124288403
1008 0.6141391686796946
1354 0.001613810321104081
3673 0.43001701819405824
9 0.05693971835995015
10 0.7292587018558229
36 0.1823228506619592
3391 0.44965083730489086
1167 0.6569767746854323
2135 0.5506738712543937
1922 0.8889111169616335
451 0.46510389829005516
1709 0.1382990617876959
3083 0.1725789363775989
3979 0.10167979057281917
1859 0.020793028676312497
3613 0.5663967843106403
3651 0.1312865227156954
2464 0.784628824239713
1761 0.5030323383860725
1035 0.4168602547447825
3561 0.637545070372924
1466 0.9693132377707512
952 0.2906821912140931
130 0.2655615750546285
224 0.5492310323360186
1161 0.6803461629008146
2415 0.5467745122078564
2655 0.8225394223466884
1131 0.35900242931880344
1511 0.825633566505738
533 0.16106573066394891
542 0.9480362969793629
840 0.3651851140292026
3051 0.06754052531754495
2180 0.76642377613379
2992 0.9554925031410922
1499 0.17276723503721714
1725 0.3377403882103711
1963 0.3882154337682019
3615 0.17665878591970274
3906 0.46830445566970225
795 0.7889907309127052
1974 0.24150839063292517
2803 0.13862914172734242
2027 0.7471340173583964
1747 0.4712919338658448
2672 0.6182759672623761
905 0.4391956843359395
1493 0.9464728412596373
1758 0.27636839442564953
1351 0.12618360050581345
235 0.5876878565435593
1206 0.6682735084610518
1608 0.2745442478185457
1865 0.4292417852185516
297 0.7326812164063847
3289 0.3562124743454529
1280 0.18604629955712437
3723 0.5694517354794931
2683 0.18112214815776972
1664 0.41909142830304713
478 0.37973031888112874
265 0.6937063350444048
70 0.7149431806870239
111 0.8315670974923998
573 0.025956119411473577
2676 0.4017221909178138
1350 0.8122798145566947
3658 0.32937665413635797
645 0.7963310076052567
848 0.28387392114619436
2316 0.801960428612328
2968 0.8896464932176902
1979 0.09138833948582192
3744 0.35739865934070136
547 0.5749151791254485
1109 0.551975774823556
2220 0.27455233491404774
2311 0.5872727408218997
2855 0.7044742002345272
2954 0.3747210804563833
2935 0.46403146291284125
1113 0.7763491997757709
2680 0.0020979403302958666
1895 0.007496185184250437
1036 0.1941608384349941
1798 0.7439477433953621
3031 0.4438689990452739
1914 0.9603365036665479
1139 0.7197979695106554
2557 0.6473964130243257
3197 0.7328661541632465
1245 0.8373820317381627
237 0.22027569613412434
520 0.023958761566030717
556 0.9037888259567722
3810 0.1935691405861355
3350 0.07838271675566288
1128 0.07790630622690964
127 0.22198986235123963
209 0.015115466141015776
317 0.00346145845800383
475 0.3072266104008039
1255 0.8733235292922281
1051 0.8866616346934008
3555 0.722693714825473
2841 0.5057817206302806
1153 0.7487932778287291
397 0.8404625588761648
1645 0.3338551811982382
2194 0.5909909771207446
2193 0.912891881131934
3867 0.27087757818255065
2510 0.9179557735841153
3605 0.9752649535447737
3154 0.9047202341376436
1624 0.534760785763784
304 0.719702372679562
1752 0.6300234182633835
2716 0.5496788921478114
1401 0.6547937033688875
1547 0.457717817762361
3563 0.2431731449935608
3731 0.9583322516818715
1833 0.7522528672670371
3516 0.4213164738194336
887 0.6197938282881751
1060 0.7976910850701604
3916 0.724954158515398
3567 0.9901403496652208
1676 0.5495989362701581
2381 0.28674061058423583
1308 0.9965503097935084
1599 0.6517816713418185
1989 0.518023671092329
1793 0.24147071958230004
2442 0.44360784250670837
1622 0.16867122473407947
1592 0.6980786537322471
515 0.26844952165162717
2121 0.15032374467405551
2770 0.7150153899693179
765 0.22750775808855417
2072 0.6577035347665245
1372 0.2720616409682356
3369 0.10435737232968811
3833 0.9076299047888116
1320 0.5343956089245111
665 0.06471435949995441
268 0.022170347533564172
300 0.16102005690440113
2864 0.30219840689148714
953 0.46010334540275677
3305 0.22351943696191467
2455 0.08325971046506708
398 0.36919405348403833
2003 0.9808336483038489
3449 0.7131653790923408
2141 0.31708864583052887
2512 0.5662038686211937
3672 0.8654885737669877
3827 0.22367342750758823
1993 0.08701088915902289
2429 0.5080780459437184
3527 0.5924731787992038
885 0.7642814745236071
1112 0.27118064903011607
2980 0.942071297141323
1515 0.9249919758812254
2867 0.7815369149200432
693 0.8733634271947809
106 0.5747467399984768
653 0.934799775363362
3000 0.9396019001081686
1237 0.28388811502154365
2910 0.5463232586724671
843 0.8436957998673765
1081 0.12761161823281808
3542 0.6813761634437708
1240 0.4076543594934736
1997 0.5500229504325411
2312 0.4134430095748518
2329 0.07709836533936021
1719 0.9692373351509104
1516 0.27769177514599397
483 0.6065951655623162
3699 0.008384294619017907
3962 0.9423705280667598
1757 0.4170417466924834
3758 0.36280080448247065
897 0.640009107471068
1688 0.914981393118272
3363 0.3492348504624897
1791 0.43222497491245404
170 0.5986780615722934
214 0.013033066931619652
382 0.3475507255666641
1328 0.9362777395191243
1478 0.03096689929597174
1335 0.42056232247564995
2417 0.6605575103367578
3991 0.7148424140147824
2700 0.2394097342749001
3583 0.5011368939748668
2324 0.12525155282835476
2681 0.9081148420334385
1704 0.866030595284615
2852 0.3081178868734391
3162 0.7108065458019323
3097 0.7614303531302076
2561 0.19805208208857716
2137 0.5445263952889883
1518 0.8796265723544082
1603 0.3129787144900684
1824 0.4927100258854672
1692 0.5090908698696744
1607 0.9576770790168252
1658 0.8114862696474885
2184 0.044451944031648205
1313 0.04818045702907048
3395 0.26737453519798493
664 0.0740528966821975
865 0.674593650529719
1415 0.6719955838788143
2328 0.3211247475377731
1784 0.4858058173033599
2690 0.25123964302278734
959 0.3808301457868032
1695 0.4325407300238172
1690 0.8626350345555268
485 0.9594484659335863
648 0.09462161812655834
2533 0.7502155911508656
3438 0.6677060855403624
1873 0.34226282368023375
2848 0.8149094325042173
3433 0.22872632906721346
3063 0.7658472161220209
2346 0.05784303204125896
1143 0.3553826983472499
1332 0.6865525244948291
2264 0.40075156789332733
3326 0.7454025806195081
718 0.9137967294737239
1119 0.8189763982288975
1587 0.559465623275614
1663 0.38001438255090714
3971 0.1155433583903338
364 0.9077379716695957
2525 0.831421392527371
1000 0.5311770421508919
3630 0.9450843085430388
3201 0.04299106347726833
3621 0.4635736928884313
1342 0.4508197475070347
1978 0.13217709270660338
2354 0.7429309947366038
3607 0.7972610421166182
3528 0.983512248714225
2713 0.8101701104427833
1104 0.6062043838444389
3122 0.07581946757573588
2298 0.6227636109004218
1453 0.676559461142189
2489 0.015272324843930707
1882 0.6516637090701572
1620 0.6877581554618991
1108 0.11802929829048558
1061 0.7139150871474795
730 0.3944192990261497
925 0.9071974213004373
2420 0.9986471726076663
3448 0.1892517684476145
3697 0.49296090521071156
549 0.2694277765202375
1686 0.15121671678940518
2873 0.27735248692062187
2393 0.8090392883478911
711 0.36635581718555776
1394 0.8079063128994753
3611 0.2643616213865597
3653 0.6472156837861776
687 0.9106179825304461
150 0.37019648414613493
158 0.7996131233755996
1822 0.2789419751528621
924 0.3767369297804042
1140 0.19069381115934203
538 0.49822723061523955
923 0.7309437829721191
1178 0.0028279688705182826
441 0.3740816382447355
690 0.544200341355413
1370 0.5523615617372228
3519 0.5555238898167251
3689 0.831534101497793
476 0.5807436137265906
174 0.8156048419965478
267 0.44186724483333883
2808 0.023588558181323327
2373 0.3668662892520961
3318 0.6881828524942669
3331 0.9405952200991725
3056 0.025100205340682025
561 0.011133498414101495
628 0.03905290325738309
1941 0.8162682835630743
3794 0.2617574769298239
2198 0.4514247451274258
3079 0.779630688917444
951 0.916809209251704
438 0.847467736097209
528 0.08319119423254695
1099 0.16880259613484538
1208 0.05791605052501414
754 0.6398959378920196
1333 0.7603475015604766
2981 0.5524007534973341
1050 0.9235018301016797
74 0.6439099882385058
23 0.9879800561495617
409 0.11882022079816301
3245 0.7765112728290257
2410 0.47460508354045516
3262 0.308541043545021
1573 0.3552530065950381
2353 0.38426426788714274
3502 0.6663553766970786
2118 0.17015390240272799
396 0.3773383119989716
1380 0.6174266986873519
2276 0.7015571153430286
1677 0.8606092113126963
1346 0.36683852932267036
3662 0.8795856289681169
3442 0.5975431010012855
2505 0.01733172554312734
3096 0.2971312562669999
326 0.4159265038895684
341 0.591492161940889
1505 0.7024025491762271
3124 0.02565404295162077
3280 0.5587103910771757
788 2.7693433446673854E-4
3422 0.744881956779271
3632 0.9183784634843158
164 0.6942382867120391
615 0.0039032432061982814
1316 0.8851176518607171
3068 0.6605574621440691
1496 0.7782549662848526
618 0.3267418115763293
1038 0.5785106722684842
2458 0.27152773539126573
2755 0.6590755058172397
3425 0.9147720488622852
1985 0.14734152976271853
3476 0.6063214553322392
358 0.7456412336209276
1420 0.7508425045775472
3150 0.9885833807266835
1273 0.4752248136190773
1992 0.11504096570607569
2251 0.4578168420798847
2613 0.34022678179645816
3293 0.30224484486410286
3831 0.6881733988685739
1825 0.11363593099533198
188 0.046047329207694276
47 0.4968693991716463
205 0.8030547574773755
373 0.5122005815612828
912 0.049379069857052205
2362 0.31775734214006746
2907 0.4742660072021523
2013 0.021731875906903064
2451 0.8513754538798584
2504 0.9729217247633265
3362 0.5435625410008206
2507 0.4558198486144035
3698 0.08072984462768862
2085 0.6346646840444097
746 0.36169120003618493
2524 0.5255377404274829
3411 0.6932483667323838
1058 0.3535073525473472
1843 0.1772006642489582
269 0.2171850607938065
2585 0.9758242362952122
1092 0.07581571791794617
2519 0.8388693657560018
3268 0.3524572881777549
1412 0.6737621542045749
3252 0.39170957564051234
3372 0.16319585974775397
2259 0.12786597620562146
2947 0.4024051642061005
2535 0.5796018133618697
1574 0.005275138866713491
1192 0.4754820240236248
227 0.7402823085238295
229 0.40474380304920843
1837 0.09285405698618676
3078 0.49815656840653477
2077 0.8677035725138799
2188 0.048058925253935514
1740 0.8870479664178506
2379 0.20457695599466752
850 0.0902033930100975
3743 0.07837516362426011
1731 0.14151302400034393
3838 0.22414789960729975
2750 0.8138290388785524
3147 0.12049971194126585
2494 0.613996281229132
1021 0.9453263073591761
343 0.046690841376205494
1736 0.7060360297327345
2186 0.9724765688403052
3768 0.465219933452919
2730 0.8158844160721876
3021 0.5686550343025332
3253 0.15337835657491694
2009 0.0834360020546373
1067 0.18452076031978348
1956 0.6308566960289435
345 0.1503424497074045
305 0.9807590110410512
327 0.21084016678484951
354 0.606762079370817
683 0.48358879058101156
805 0.7583134451047723
3755 0.07757486172517902
378 0.5581446482240782
1838 0.7438122862051008
2130 0.6824945867381391
1972 0.9937127424788847
3539 0.2757826306981582
2669 0.541591546392702
1964 0.8550914349463699
1588 0.18483015825808413
2788 0.6951704060637787
2454 0.7092733126566557
1671 0.08549920145330214
824 0.34816586833867025
2128 0.5190213770710834
1188 0.15362150340627823
337 0.58203287007317
2063 0.25742131868470985
3237 0.05930843478061787
1212 0.40273345020287643
3336 0.45417473443577216
1730 0.4384037850832917
950 0.629261562234874
1189 0.4146093457650435
3667 0.8892982944931982
429 0.43981581531132585
763 0.7811173107680334
2268 0.3845408804546082
2555 0.430876121667885
3704 0.3092600385197166
2412 0.3779520546977405
2789 0.22440236504281286
2537 0.8535900968000871
2018 0.08966703548863053
599 0.1454150958971866
1582 0.17777314577842462
3170 0.9583148671505949
3398 0.5190369498322623
1959 0.8543031134434483
3385 0.8002689150036062
860 0.28873465868417125
3414 0.6266092079622442
2191 0.18952870985389136
3247 0.5312591847648774
593 0.8714728114502852
55 0.202355083334943
319 0.06720688152113374
1098 0.22491411359550928
1741 0.3407490060932393
1821 0.3803623682882199
339 0.9348156755827364
1379 0.15439111101101222
677 0.3001646910032769
3501 0.992139203808891
975 0.9405970778471905
431 0.23947052681567915
259 0.8164334834093946
1366 0.3184569399501509
3208 0.28789183204764746
706 0.6018774744681223
753 0.3251469383848469
1694 0.17656624023181244
1965 0.8965612378483961
3286 0.9705244252290193
2260 0.6230388458947949
3235 0.47331293404823316
3977 0.43317243015759377
3938 0.13968271327561954
1360 0.4061538344397615
1385 0.6855209760613571
2955 0.8910651962859787
53 0.8444417610272564
