0 33
3 52
4 41
0 32
1 50
0 42
0 47
4 34
2 43
1 34
1 39
2 38
0 37
1 44
0 50
4 49
1 56
2 40
3 47
1 45
1 49
4 40
4 58
4 31
1 44
0 52
4 50
1 44
1 35
1 44
2 37
3 50
1 39
3 48
0 39
2 41
4 47
3 39
2 32
3 45
4 41
2 42
2 40
2 31
3 41
0 46
2 37
2 39
1 37
0 38
3 46
2 42
4 49
0 50
4 39
0 43
4 57
3 34
4 43
3 48
2 46
1 36
4 49
3 27
1 40
2 21
0 46
2 49
3 47
0 52
2 29
3 39
1 48
3 41
0 45
3 41
1 40
3 41
1 32
2 46
0 60
2 45
4 47
1 41
0 39
1 43
4 46
3 38
3 47
2 42
0 39
1 55
0 52
1 32
4 45
0 51
4 37
4 42
4 34
1 41
3 47
1 42
3 46
2 40
4 49
1 43
4 50
1 38
0 41
3 33
0 38
2 34
1 47
1 37
4 34
4 49
1 41
3 39
1 41
4 40
3 44
0 50
3 52
1 37
2 37
2 48
2 41
0 36
1 44
2 43
2 37
3 47
4 39
0 45
3 44
2 47
4 33
1 35
3 49
3 42
3 48
1 34
2 38
1 47
4 42
3 43
3 43
0 49
0 47
3 47
1 39
4 34
0 29
0 40
1 51
2 40
3 44
1 40
3 25
3 33
4 36
2 40
2 48
2 32
3 43
0 43
1 33
0 51
1 47
3 44
4 40
4 42
2 43
4 42
2 45
1 36
4 34
3 54
1 51
4 37
4 44
3 29
3 39
3 41
0 52
1 32
2 34
2 43
4 47
1 35
4 51
3 51
4 38
3 49
2 40
4 33
3 55
4 52
1 38
0 36
