0.5896320654085383 1
0.5939218928527327 1
0.5945232632025441 1
0.5964591328708169 1
0.5972437854627908 1
0.5980284380547646 1
0.5982117202969272 1
0.5989963728889011 1
0.5994144609965498 1
0.6009837661804976 1
0.6011670484226601 1
0.601951701014634 1
0.6021349832567965 1
0.6027363536066078 1
0.6037042884407442 1
0.6044889410327181 1
0.6046722232748807 1
0.6054568758668545 1
0.6054568758668546 1
0.6060582462166658 1
0.6062415284588284 1
0.6084122039925874 1
0.6091968565845614 1
0.6103480736608603 3
0.6109494440106716 1
0.6111327262528341 2
0.6121006610869705 1
0.6128853136789444 1
0.6134866840287558 2
0.6136699662709183 1
0.6136699662709184 1
0.6142713366207296 1
0.6144546188628922 1
0.6146379011050548 1
0.6150559892127034 1
0.615239271454866 1
0.6158406418046775 1
0.6162072062890024 1
0.6171751411231388 1
0.6175932292307877 2
0.6177765114729502 2
0.618194599580599 1
0.6183778818227614 1
0.6183778818227615 1
0.618561164064924 2
0.6187444463070866 1
0.6193458166568979 2
0.619345816656898 1
0.6201304692488717 1
0.6216997744328195 2
0.621883056674982 3
0.6226677092669558 1
0.6228509915091185 3
0.6232690796167673 1
0.6232690796167674 1
0.6240537322087412 1
0.6242370144509036 2
0.6244202966930661 1
0.6244202966930662 1
0.6250216670428774 1
0.6250216670428776 1
0.6252049492850401 1
0.6258063196348513 1
0.6258063196348514 1
0.6261728841191765 2
0.6265909722268254 1
0.6267742544689878 1
0.6271923425766367 1
0.6275589070609617 2
0.6277421893031242 1
0.6283435596529354 1
0.6287101241372607 1
0.6289449300027469 1
0.6291282122449093 1
0.6291282122449096 1
0.6293114944870719 1
0.6294947767292345 1
0.6300961470790458 2
0.6305142351866946 1
0.6306975174288572 1
0.6308807996710197 2
0.6312988877786686 1
0.6316654522629936 1
0.6318487345051561 1
0.6320320167473187 2
0.6324501048549674 2
0.6324501048549676 1
0.6326333870971299 1
0.63263338709713 1
0.6328166693392925 2
0.6332347574469412 1
0.6332347574469414 1
0.6334180396891038 2
0.6334180396891039 2
0.6340194100389152 1
0.6342026922810777 1
0.6349873448730516 2
0.6355887152228629 1
0.6357719974650254 1
0.6357719974650256 1
0.635955279707188 2
0.6367399322991618 1
0.6375245848911357 1
0.6375245848911358 3
0.6381259552409471 1
0.6383092374831095 1
0.638910607832921 1
0.6389106078329211 1
0.6396952604248949 1
0.6398785426670573 3
0.6400618249092198 1
0.6406631952590311 1
0.6408464775011937 1
0.6414478478510052 1
0.6416311300931676 2
0.6422325004429789 1
0.642232500442979 1
0.6424157826851413 1
0.6424157826851414 1
0.6433837175192778 1
0.6443516523534143 1
0.6447697404610632 1
0.6457376752951995 1
0.6459209575373619 1
0.645920957537362 1
0.6461557634028482 1
0.6474902627213097 1
0.6482749153132836 2
0.6488762856630949 1
0.648876285663095 1
0.64924285014742 1
0.6494776560129063 1
0.6496609382550688 1
0.6496609382550689 1
0.6498442204972313 1
0.6498442204972315 1
0.6506288730892053 1
0.6509954375735303 1
0.6515968079233414 1
0.6529828308651269 1
0.6531661131072894 1
0.6537674834571008 1
0.6541340479414258 1
0.6547354182912369 1
0.6553367886410484 1
0.655520070883211 1
0.6557033531253735 1
0.6563047234751848 1
0.6564880057173476 1
0.6570893760671588 1
0.6570893760671589 1
0.6572726583093212 1
0.6574559405514839 1
0.6580573109012952 1
0.6580573109012953 1
0.6590252457354316 1
0.6592085279775941 1
0.661379203511353 1
0.663733161287275 1
0.6639164435294371 1
0.6647010961214112 1
0.6654857487133851 1
0.6664536835475215 1
0.6678397064893066 1
0.6688076413234431 1
0.6711615990993647 1
0.6744834917094225 1
0.6801593420954023 1
0.6811272769295388 1
