0.41318792808087756 1
0.43295438722533647 1
0.4355621881626156 1
0.43616476820582134 1
0.4365628695007011 1
0.43759236522090666 1
0.4384302311284003 1
0.4387379822131195 1
0.44210642378419907 1
0.44455598981327077 1
0.4478589651202017 1
0.4515472530658435 1
0.4524351314775227 1
0.4533647535985869 1
0.45416005547406707 1
0.4554376656712132 1
0.4565846569293884 1
0.4572197709518545 1
0.45829418345813167 1
0.45852959031076507 1
0.45909492859802997 1
0.4631068634152943 1
0.46425187353792013 1
0.46458549203473154 1
0.46550315017039956 1
0.46563545425179975 1
0.4665766070939866 1
0.4671604697001972 1
0.46760848367611707 1
0.4686240941545784 1
0.46883722886259266 1
0.47002841273073054 1
0.4700303855090177 1
0.4703433038361298 1
0.4704253762735808 1
0.47094695694152383 1
0.47159738707047183 1
0.47175781866188 1
0.4733768780581515 1
0.47390775241204885 1
0.47421440329674325 1
0.475455084988997 1
0.475668481085563 1
0.4761000653744453 1
0.477388648458371 1
0.47746190512369063 1
0.47852312235904665 1
0.47871475620221554 1
0.479066195198514 1
0.47987528291735954 1
0.4811391095583133 1
0.4816198448544863 1
0.48178735342303014 1
0.4826519279392319 1
0.4829770051333304 1
0.48316786333963563 1
0.483496098960108 1
0.48357806376160917 1
0.48407431270585866 1
0.4850508087146572 1
0.48557786376935774 1
0.48738288321435475 1
0.48809419367617884 1
0.4884753759100066 1
0.48987899213384334 1
0.4898919000551357 1
0.4900293101284386 1
0.4902049909580558 1
0.4909620331008317 1
0.49339252726683436 1
0.4934076585901908 1
0.49368738479594604 1
0.49394981601460203 1
0.494328816531747 1
0.49445948313154076 1
0.49532611969368046 1
0.49590396878657445 1
0.4960164789699455 1
0.4960451970349883 1
0.4964700627806495 1
0.49663260780462004 1
0.4969105481393544 1
0.49697684089689204 1
0.49742133440318675 1
0.49756641943566265 1
0.49786423452281203 1
0.4979571020244278 1
0.49803009863192427 1
0.49840538172807264 1
0.4988160067452446 1
0.49963616119999793 1
0.4999023445145249 1
0.5004954054181749 1
0.5014417405469458 1
0.5015165329111607 1
0.5016392392543543 1
0.5018430353096893 1
0.5019071022570262 1
0.502456325881605 1
0.5035059077520425 1
0.5035539264604165 1
0.5038037872382108 1
0.5046707068325239 1
0.5048930768677731 1
0.5049044793018279 1
0.5055478130299418 1
0.5057122308126448 1
0.5059421931481423 1
0.5061137826542486 1
0.5063309898631101 1
0.5075272823845423 1
0.5076007426081488 1
0.5078897124710197 1
0.5079011607932716 1
0.5085016255032574 1
0.5086216251608291 1
0.5086303637989381 1
0.5087988454703768 1
0.5098493988673867 1
0.5102210429430907 1
0.5105034001256427 1
0.5109867609231151 1
0.5114169762857842 1
0.5117737875643944 1
0.5122975515159564 1
0.5129680948608578 1
0.5130342869222255 1
0.5133392442702777 1
0.5155200965168735 1
0.515574448937136 1
0.5164141656442082 1
0.5167559053697215 1
0.5171145309269349 1
0.517185349614256 1
0.5172267401498305 1
0.5180597868517136 1
0.518318138885538 1
0.5185085087210352 1
0.5185521914967307 1
0.519416353777808 1
0.519518650499541 1
0.5201426123621004 1
0.5203947109714024 1
0.5211802257495357 1
0.5213368895302407 1
0.521700463041611 1
0.5224705119089825 1
0.5225320014458955 1
0.5229834164161333 1
0.5234923870737846 1
0.5241581153725305 1
0.5243075345525231 1
0.5248882599793366 1
0.5252587734774797 1
0.5252830490475466 1
0.5256325085542536 1
0.5256779233319461 1
0.5258878086644838 1
0.5270811192800547 1
0.5301511702337911 1
0.5303265270140921 1
0.5309140093519154 1
0.5309403614172996 1
0.5310523807595747 1
0.5312729218453074 1
0.5316079295502673 1
0.5320700319867976 1
0.5322674448272917 1
0.5333350776095026 1
0.533536865683576 1
0.5351366008858423 1
0.5363627163468341 1
0.5364902846539619 1
0.5367208053758903 1
0.5375462905315948 1
0.5378479125091948 1
0.5388204139201488 1
0.5394813782568563 1
0.5401841872358191 1
0.5402316437972662 1
0.5404307677419797 1
0.5425083086719459 1
0.5436688656727233 1
0.5440515065843035 1
0.5445179395517509 1
0.5452960949864172 1
0.5462905811512658 1
0.5467010190771279 1
0.5471999565362927 1
0.547232694697471 1
0.5472365771498771 1
0.547899940295185 1
0.5486154303046517 1
0.5488767240092953 1
0.54963412002934 1
0.549845232382951 1
0.5525580401342173 1
0.5605809095019387 1
0.5682394048222025 1
0.5832329573438572 1
