52 0.2796437308124795
1 0.12204541000839975
0 0.7445537019435197
17 0.8313552541803281
139 0.42555786567130294
184 0.0748207172022487
812 0.3495467389159682
2449 0.6902579021578232
2148 0.30566057196508833
2674 0.2761169534438195
552 0.2978672446335102
1953 0.7685171946992627
1029 0.5801879047821337
486 0.4440564421064278
1081 0.7555814692606114
1226 0.17384567792148553
2119 0.9481699451204464
2249 0.43396242104676863
1439 0.7252916037938479
1586 0.9862624276443529
1666 0.09853413357603613
2455 0.8423080139596759
1670 0.31242192445422634
1976 0.6014404615478082
1632 0.5487043630130224
2278 0.5949860464752521
519 0.553297159445754
202 0.4997192272327531
1879 0.15289946349689043
2815 0.331379140980537
2744 0.4249020037460941
2015 0.937456436523984
2220 0.6648385835239188
1802 0.7220703839045026
2914 0.22209848964906387
2747 0.6715786791624706
894 0.09661407847313364
1085 0.9917258903858479
1449 0.32495135135359143
1949 0.10636782225050723
1429 0.11239498161315897
2557 0.13127020436332382
2895 0.33738710517875914
586 0.36449478600475116
2277 0.7196915571064414
1078 0.5098744762781081
2779 0.4290687284979635
2705 0.29894727065738624
764 0.9420803736886897
461 0.78159832997445
881 0.5473604735965081
1197 0.31758692044658576
2010 0.8737540726556964
2087 0.2198078786332348
2720 0.7607887349964718
471 0.6253354570127482
395 0.9426107469783405
1026 0.37685651535176745
2122 0.9842175549576028
2526 0.17150072757150137
824 0.21994458047558552
1205 0.32742186757633984
2501 0.7182396750504717
505 0.7795939168189371
1728 0.045643162175107554
942 0.6709781165111678
2383 0.827773861571959
1549 0.38961553891114
1355 0.9208317459738199
667 0.5711011355154676
682 0.12281199319475522
619 0.07675529007541093
401 0.26401068301937813
230 0.4142002355026895
156 0.3733654401770662
2827 0.027754583146480605
2258 0.7426856644674171
2360 0.4324275990744819
2440 0.5855700127996359
301 0.9431348615593286
677 0.0026561717592056278
1900 0.5397193615478371
2293 0.13741905002139632
1382 0.6174740282231603
2327 0.6628414627231307
736 0.895042346466989
1087 0.9231161026940566
194 0.20420306477273298
196 0.28129312186447764
256 0.5020545839743878
694 0.004055819472049804
2943 0.8705732726653834
2995 0.034888173084257956
1480 0.6635601936773716
1671 0.09193460042596613
2494 0.31150761147808115
1056 0.9354970113317232
1730 0.4061977425955453
1961 0.4168572880249899
2582 0.2293578038558729
2176 0.588857482919149
1304 0.06921998478626967
719 0.26576250656344347
2479 0.20696128124843993
2755 0.4525821918127446
960 0.7393820491532958
262 0.9954465813113134
1414 0.7570078493391954
2488 0.9362548839443101
1598 0.34351413730777747
1763 0.4730994690129835
1104 0.8208846817655688
2505 0.22984424534681902
243 0.29512160419893463
1248 0.5652770923266214
1380 0.9556847914902602
2334 0.5727961360885495
2400 0.8168200773916973
1004 0.1500879486968183
1957 0.8151927648140879
2031 0.6860331239418205
2170 0.9552556474319248
1521 0.6132054061133814
2868 0.05339274141072958
289 0.24770712001602402
377 0.02868451238977543
2427 0.938173159880309
2227 0.7185128425439916
1440 0.012040340688543538
2522 0.9530227714680042
1474 0.06509845108131918
527 0.008619811688090007
712 0.8769397781574391
1940 0.49218844502228853
111 0.9209053587823969
157 0.7496663022779125
2960 0.9181983386988488
1583 0.18216153856255934
2452 0.19483033461128196
2591 0.30509714408865196
2331 0.22381314939267272
1335 0.41577570313863066
1531 0.1614181156921508
2544 0.19209983596818314
1992 0.15005890011649337
2161 0.40362260594709465
2899 0.9955108024564112
2296 0.2167721342993012
2520 0.9547785769359695
2802 0.6493454640713772
2814 0.34411374799691175
906 0.7928557190981919
1041 0.8130119324048426
2157 0.9952628991985069
2738 0.5850147152356954
2099 0.04110769050750174
2558 0.8846533381533035
175 0.7023642380560307
1541 0.7582255551311738
2253 0.5421886925597882
1709 0.14758805428572053
2710 0.756354007402625
2651 0.3756629223112421
2947 0.5472999782916107
1221 0.9425882924482919
1850 0.2937208057206231
1918 0.8520479983185015
2330 0.10176239972428436
2617 0.9235794780912275
1550 0.2609290581026893
1770 0.18238963256440033
2748 0.1581213866704274
678 0.5504657170091201
935 0.7953374031119113
2011 0.11140892281968562
2661 0.5320568592867655
1547 0.060039272935025756
2722 0.7765557900384961
633 0.4161147493509201
143 0.4556808616995779
2739 0.7382040728128818
2836 0.9585762157439826
457 0.21646008474082734
798 0.8795593441755895
1673 0.3574494353146276
1068 0.974982037092347
1202 0.18964473160130524
1557 0.13250305721021416
1284 0.4605963465434497
2342 0.4611011897650037
766 0.8907707258257019
2113 0.2757265966166951
1362 0.5250672397057007
504 0.12403187275643479
350 0.561046600736665
361 0.7103078032756732
933 0.9075862386326518
1345 0.4289468159239651
1649 0.3723823688247253
1981 0.19977188110166721
1034 0.325876951784555
2541 0.34338196009679933
1491 0.9401590572137538
1894 0.18455250321509253
904 0.2963130759366861
2845 0.42719089207473426
934 0.24786435533449047
1390 0.7093299691195283
402 0.03175500188939817
2740 0.09426549950571816
2266 0.6294428084719479
1725 0.9096150862415503
2106 0.2424915120362381
930 0.0947751549745236
962 0.7329403782083728
2188 0.17495988565578935
2333 0.5160590812560374
2944 0.9220750013270199
2225 0.9786088218689485
2828 0.8537475245525782
1733 0.6218763932856065
2448 0.6536876381082095
680 0.09796601734279331
43 0.19182532472910652
2994 0.3580121736297629
1083 0.9480552906463682
2575 0.9245841007428114
2970 0.873681770549677
2137 0.7924827006856304
2732 0.7973993152116816
1424 0.5605569897407134
378 0.3212778806386005
580 0.1939118252201063
1683 0.8963749427600638
1936 0.9658906822746015
1384 0.9364586745029921
1005 0.6080889267671608
1031 0.1219003452167049
1616 0.5479798513422081
2672 0.6340254036353415
1934 0.9515388202712569
668 0.5313420943658143
988 0.41858214143817485
2110 0.8658339440186666
284 0.12508983748379865
1159 0.9041604224908663
1343 0.5589559953687228
1655 0.7961447659425378
735 0.27526594952067274
958 0.6038184703016223
1215 0.9375323385834773
2807 0.18396553832457718
1572 0.2900789510988535
2250 0.45299247703188705
1064 0.49135077753709977
351 0.5818831875644852
114 0.25909211200928595
1443 0.364335555158369
2295 0.3847592996386383
1662 0.34259939947718654
515 0.2985554722387739
1555 0.8595674177691852
272 0.47640080653870864
2414 0.9719021746120154
1579 0.7525570989179539
2098 0.008258256151716492
481 0.17005725368748192
227 0.14852883695679686
57 0.4725263584699052
27 0.6754677570237352
29 0.40702735472471285
654 0.9068619455244343
2771 0.45779033532530267
1227 0.3908522501100298
213 0.31061614520507563
360 0.6880502012748684
968 0.07480776560462155
2294 0.17945540906420498
2268 0.4311380803112935
1479 0.6524282647543449
1739 0.8732891314773505
2037 0.3205576316202644
383 0.8738352637155756
1481 0.672980644516615
2032 0.2602269636976302
989 0.9702473623234257
2531 0.8282968239262551
1230 0.6598262449327995
72 0.19223183786660913
166 0.23302378750392316
210 0.5918360838321018
1516 0.9659901392610736
2495 0.4195863203567105
688 0.2745004845905855
833 0.3601928016712803
1442 0.4249803621425262
308 0.6164347319944177
328 0.42340595799399805
454 0.5588738677024007
1219 0.6209241257169015
1618 0.19951621406599473
1919 0.03148134266593372
1191 0.8952831897900785
2532 0.9990717327313596
1273 0.04901958050631683
2350 0.10074459208850339
1978 0.26306978475617093
910 0.8258146250806956
1024 0.23543108697354065
1635 0.8157142304040398
2146 0.5413644553191977
2974 0.6090658657618861
1819 0.5130985873798021
379 0.03207897111520308
2463 0.9082106367841132
2786 0.14970996348195398
521 0.900760427716212
1149 0.5905158161202455
2998 0.8666695053714737
1509 0.8958702791839096
2888 0.18947566864743326
195 0.7916252426685062
1130 0.6348156425753457
2443 0.9604942176655374
2301 0.6123531998143737
1076 0.1058631634339724
2321 0.5126150295756103
1615 0.5513645625044384
2654 0.4199929413538851
1139 0.9936421557097831
2659 0.7843401624057149
2511 0.6961263241471273
2552 0.13831112867248374
1719 0.7053993328101662
2182 0.8575094838896012
1397 0.10624016929416391
664 0.48564954187335363
948 0.47984279643645134
2624 0.48849075179651025
2769 0.5419685454940268
36 0.5663160224768186
50 0.9260167813059518
1151 0.7610118788505297
1092 0.21149987112115565
1446 0.11522726101526282
1190 0.8753958604465211
2469 0.487891681297554
1129 0.03503160804232519
216 0.4936266437996203
2257 0.778130760461234
2870 0.5320257600239922
1606 0.6522757212147193
1800 0.21075507392830484
2706 0.49024454880643153
1854 0.2940076019534734
1183 0.45292047366194876
1268 0.4400892616175329
1914 0.8403212316537177
2064 0.4893911883535581
724 0.4224211589105341
1058 0.581976049337485
1300 0.8426416137532103
781 0.07064966424095565
335 0.9297025287398445
88 0.5260073125745643
164 0.5121065503655524
244 0.6002284533963647
1971 0.8659128534673386
2419 0.21658854463984878
771 0.3528325866316815
1337 0.9708707367466964
1672 0.8304606547463809
292 0.003937890107354902
508 0.918855051679552
2992 0.8915340901890447
2770 0.5984585978925402
2506 0.39311239968952405
357 0.4354210873404183
179 0.004045621813907774
2060 0.18028366643489313
2374 0.3617062559599493
2103 0.9021418335527519
1153 0.2116397227178095
2008 0.47780497197205873
2167 0.27976552065873705
445 0.3498033796582892
1318 0.9385165565455744
793 0.22170297280695583
714 0.7447059447182464
19 0.16027621007578197
2312 0.6910639417186997
1341 0.8508075647281766
2067 0.7245333068687975
2521 0.2213397474442278
369 0.7945123844736205
2831 0.4768114575415999
2824 0.15811600246158475
726 0.6542170795971951
283 0.9861694921603082
2509 0.7983794764330923
2752 0.17782538147029847
365 0.35136536322390977
530 0.3121287352624573
1700 0.22956142328275897
879 0.299349811012221
1214 0.6840079759658633
344 0.571989792835873
37 0.5705720626861149
432 0.43795460604680614
2343 0.3019733285096805
2795 0.5230819029729438
1652 0.1756803098632035
2197 0.11130513164689637
1020 0.05110484938523008
1692 0.8519332691180597
2843 0.7183598554261224
1131 0.19587253506410285
2813 0.5230139692827542
1702 0.852650617608565
2096 0.5577747848269422
1073 0.05963266915813581
676 0.34492738677277224
998 0.4120472802453028
1420 0.45615998162596116
2919 0.5959228912361897
297 0.34595727882477667
756 0.5134875671375758
1036 0.7011080279197405
1821 0.317750011946658
2540 0.017065128484957004
1590 0.9907751728827479
2486 0.37338402657552305
2602 0.25144720858657754
2634 0.2188981132285981
2271 0.6839352672336982
2357 0.999250536319692
923 0.29290445990936487
1454 0.13613625453200162
2864 0.7806670188434153
448 0.965354272788717
2338 0.19505112582533457
1626 0.6816273062596898
74 0.04568665452801557
79 0.5899008312305853
1582 0.4125182639637387
1638 0.8942073846243651
1988 0.1824014834187273
1929 0.016578243611432564
547 0.5187668804876875
679 0.6791369698097364
2535 0.766097973786538
857 0.7009244944196085
2566 0.6160262896453904
1450 0.6281676659905203
160 0.7604287788745356
2025 0.2930704522389532
2416 0.1816654115555738
2476 0.08550317338139746
1628 0.9589305947659442
2647 0.2043232673979305
2931 0.9413030198956416
2515 0.6688185831494845
621 0.1989598525518036
2490 0.5170586119881619
1946 0.2859181418759895
1280 0.932551215077575
612 0.550606267866957
1089 0.5247631339244573
2663 0.22649954367927883
674 0.6851299791793259
2194 0.848754070102836
1110 0.4293348869455701
2117 0.590931901296772
2600 0.9278606377726716
620 0.3712416951249159
330 0.8225420882217599
105 0.8720016592369311
107 0.6822374686959395
140 0.39804429159516064
2556 0.6468653029463837
2759 0.17794769617370076
2716 0.5648572630784345
1736 0.41999942469041696
1865 0.8423074510691768
129 0.12151483671828833
2885 0.4857781261438314
1249 0.40950721306290705
1576 0.9047813684466196
2353 0.9543702939714948
1566 0.25904724114937683
699 0.8398854539498558
2381 0.6349321197278316
1042 0.41687774116004916
574 0.9337935327159909
686 0.771138285765259
67 0.5911818989398372
21 0.13768203624467623
2 0.25982925817609037
3 0.7089234826378511
32 0.7609638653903273
536 0.27194074891355435
2641 0.9127173246919519
2656 0.7433474081340183
1193 0.9500347533597859
562 0.5098999914110837
1688 0.8957762630094748
899 0.14731817145415538
356 0.40329266949252296
1795 0.08959387824423115
882 0.8802450792369353
1533 0.7488464177350623
2061 0.18044409679132511
124 0.4833980200779493
576 0.7091183431121202
1019 0.9690684400992794
1255 0.16542593960210816
2155 0.9782666872404092
847 0.5566250498109164
1766 0.33207916976599616
681 0.8243711401637245
1038 0.45977544452492636
1945 0.5876768583355734
816 0.1322433690434559
322 0.47634565318747357
1254 0.7067035160359161
1154 0.7842893439241894
239 0.6830065264241977
33 0.8157663700464629
38 0.740277309369701
354 0.5449523274857239
865 0.7506214452744158
1793 0.05472429463461792
2444 0.9958181703602124
1258 0.08792690460604258
341 0.7354090998141207
1001 0.1666585927388209
1388 0.9892521256968637
463 0.945843907376364
997 0.9511113718629616
2379 0.5387954087932414
2612 0.9262758682022258
1006 0.39926865689513613
2854 0.9727539538979297
2702 0.4732153990100012
1731 0.9206814297286365
1867 0.12258930756521313
1234 0.5485790664981791
233 0.9476558986029069
1107 0.776134181989588
1782 0.6296320235690454
1166 0.7531970763350464
691 0.11476094260094383
2976 0.39475020242018244
1539 0.3896596164408058
1965 0.15393638590768743
2320 0.969317015303277
1693 0.19332397280182878
1350 0.9798069385147673
1835 0.18332562681059883
1543 0.637596600187913
2470 0.9502680010418173
1860 0.6115489901989284
2256 0.92942618310666
1470 0.6578959227493949
285 0.3687778678958942
150 0.486244465178037
151 0.0802715293216888
1344 0.08943420461491203
2666 0.9268656402903497
845 0.020708308859901048
1578 0.3689930505471618
162 0.9466321599990993
490 0.5552922185673085
2422 0.15903255531729577
2595 0.2644021065375993
2715 0.08288680765628176
2043 0.5622635010274021
2391 0.8773440725648927
532 0.9001395895792833
1351 0.4630135239241584
1488 0.9213780123364248
2307 0.3296508476932162
663 0.5402492511157989
287 0.8570477781233
1524 0.9428517281303535
2787 0.5378941860300879
1698 0.22696437824256588
1095 0.4545020487383534
2270 0.19798985437014138
1950 0.6209741101681621
2329 0.9596407595320036
561 0.7323264429737248
1222 0.07727500114307262
2288 0.4719037843344478
2580 0.6584481712279183
1574 0.6162871251691964
2092 0.17553025295597435
832 0.014508205145365993
2629 0.7419828326309255
2881 0.16785117218838552
2725 0.08738106035476634
2377 0.11556851230961906
2388 0.0717408336644586
1858 0.49471044280046106
2999 0.8165199744338992
1901 0.17929964226455586
813 0.04750910755533677
278 0.18026880274994395
87 0.5762962294080937
136 0.9895435747055633
207 0.9897292177635877
2068 0.40096173729139817
778 0.13568528936185797
2940 0.8871878776445824
1075 0.5093556221878334
181 0.3697067310992521
2746 0.4315135326937274
702 0.9817423729827428
1207 0.15266238441682511
2896 0.6805665825278088
1783 0.8407573309480386
2173 0.6323298093438202
2632 0.6553420893909762
2516 0.8803341724930137
1240 0.6331977571882519
1468 0.9899428498926277
1687 0.5644825208373679
40 0.752736549745449
100 0.3951574993952961
1458 0.8266547530114113
2817 0.08410931845955294
1242 0.19382955302120985
1603 0.2765759722392974
2485 0.7010823391438662
495 0.6302776229943836
514 0.7052383288972348
1863 0.2873850066761794
1625 0.10674771767811075
1794 0.22694016649150783
745 0.1522644009945754
830 0.8016807425469962
1487 0.5323802331300146
2897 0.7569377841046091
1714 0.596300720544152
1935 0.45570147385387705
2718 0.8499936348628407
1501 0.5973838655142544
1564 0.7485149496350993
920 0.4714810927078762
2569 0.33787561941632316
263 0.653936803796396
376 0.14475197686689345
1307 0.2514383640362877
718 0.09766492589348408
420 0.4521999603845528
1764 0.9204169915400845
641 0.44813467569413745
1120 0.5930829330103398
1291 0.10503075971795195
517 0.17986195732487598
525 0.9367087398977405
2181 0.7442557383324455
1477 0.4415081311072441
2721 0.07895421661528235
1538 0.6597546323498943
1010 0.642990406565606
1184 0.9517285779613287
2652 0.1488949630592501
2006 0.22527329687693054
2473 0.6668560226420268
2844 0.23234707979451452
2625 0.5991729943315209
2626 0.04831536675018899
713 0.4332855708379516
2187 0.2775600344928747
1014 0.9092175828541357
2269 0.2965797019885219
1862 0.34598092235038713
769 0.42552898568036135
440 0.39717496467178226
204 0.1190498892838131
228 0.14842407957646142
252 0.569891695570741
388 0.18016237359313647
1646 0.7766521051327102
2547 0.3023866358059054
2303 0.8032311123944996
2781 0.08825368251635224
806 0.2629118003298714
1796 0.5149317979965321
2477 0.8506789241517901
2189 0.5867201229728083
1658 0.5955632411974309
540 0.3818840702521079
669 0.5588698650817714
1806 0.5568428317328904
2447 0.8994982495584687
1677 0.9021902785061023
372 0.8813938294710555
1970 0.8504273915802452
2724 0.8808760014670868
2883 0.4197567986322245
1982 0.04473225144510251
2927 0.37128630239139027
2551 0.1530470634265665
1369 0.3294776443595734
2671 0.9038195429029678
2028 0.7122375783631851
2466 0.23461066389678875
2335 0.45606838527772553
2975 0.3352444213617386
2100 0.6283056760296765
470 0.7735060123987962
762 0.2938034406673201
2390 0.2453954286784139
2969 0.9115510591163779
2892 0.9253892285093298
237 0.38899869152324185
589 0.05770952346941438
982 0.8201325722417361
1246 0.5543787321993955
1580 0.7378110146672373
2135 0.3021304045056268
2451 0.10187617240024383
1128 0.9324794773071753
1622 0.7355958888446082
598 0.6244719310287157
2355 0.8080833206905883
1385 0.7225392657295593
1754 0.052373503640694374
2792 0.9888727638209713
1600 0.5243298375028514
306 0.46770525308539745
658 0.7654507883017676
82 0.931392430559187
2254 0.42426922145756407
2489 0.5112414781973217
1585 0.6707765026648693
1947 0.158916564995768
2599 0.7920136174624668
784 0.488061101245996
2711 0.47783428048204424
1560 0.547924966091849
1983 0.7459841778704098
1299 0.6147775516670431
167 0.13780981403370152
225 0.20262254699810178
1565 0.34704521553448897
2044 0.935312600313233
729 0.3463003881718192
2289 0.8143178278774095
1349 0.662102563808764
47 0.80934672485573
31 0.36342738275123776
76 0.5529125941139721
212 0.761467833277597
840 0.22161194684460161
2536 0.28045638981970467
635 0.8100463818476215
2299 0.473810453502572
1398 0.633874381889191
1886 0.37299605201452823
1892 0.002773047391359418
1679 0.3322938325453725
918 0.7822825137562417
1040 0.431783301863382
192 0.06872003666532678
1756 0.7318047736718098
2904 0.6889949985544483
1750 0.9660103027078434
921 0.6190971806172811
1810 0.004207524633905946
1127 0.9412846395286207
245 0.21726501223091155
632 0.9115189140821215
2539 0.4309793591124421
2395 0.4196693323828523
2574 0.7490460302714154
35 0.24306501516741985
113 0.8215159213912597
363 0.2575989713411573
1604 0.5753639074199285
2304 0.8974648303101633
348 0.16180690692281863
843 0.10655737920304487
2959 0.48029612560869606
2180 0.9085175982683671
2622 0.6627003335284308
994 0.12872895560854425
97 0.8108057139667304
566 0.645342972146966
1233 0.44768266127570366
730 0.04764642608760106
2523 0.41203383484255385
2378 0.2979581859124153
1915 0.2769807275290245
2305 0.3876487153274989
2238 0.3444756646790319
384 0.6539138157421308
1252 0.712792115981254
1473 0.3172457768850324
1551 0.15240806988836086
2799 0.5032191777911054
1466 0.7991509492251886
2392 0.8837725163927388
2141 0.9546193166644772
1173 0.720119665415414
2351 0.9959881885815821
2529 0.7601380336753117
1861 0.09973764317650191
2175 0.8465998021983187
2193 0.7272645177831191
1276 0.6105906351241119
2026 0.9558930441096601
2402 0.09398764421274486
2686 0.5812571012569059
2729 0.4073573912927373
2384 0.3067271462428114
2708 0.82331194918242
1944 0.2324046982023592
1517 0.18236939250865625
606 0.7087050452808104
2107 0.4758024379083785
660 0.13580157005027527
251 0.6252796424088805
364 0.7908799013247844
24 0.08368219119178144
91 0.06000337874278183
2961 0.3177140482887536
2199 0.02876247597519377
2555 0.053257395635490035
2348 0.9687970911105349
828 0.05025102866944753
1650 0.988721579522117
507 0.3535616188389765
624 0.87683741598926
803 0.0011042608853252256
1434 0.41133513720898707
838 0.35272286065565917
1798 0.4742687406156304
2577 0.9890415450580404
1846 0.08037927411867529
1296 0.37793358493803275
711 0.9645729152164538
1464 0.1820934914964204
914 0.6735029006379343
1823 0.6132484368910854
1910 0.3636556721274464
1377 0.2193014866907208
1644 0.5514118217347771
2373 0.804044695678978
2936 0.17971899157160875
2790 0.04651057249881618
1847 0.5447114938139597
1188 0.8395111551718034
127 0.08600013641910698
267 0.10317286224168132
544 0.918702098484839
1826 0.3573075431890148
2233 0.7086107735505769
2614 0.787279895884839
760 0.06460611244439274
1175 0.7599821760731255
1373 0.6895487100109867
2704 0.34975998564851696
1143 0.0013067480188215796
438 0.8602903677724069
2376 0.6818153074582234
1746 0.04452026472132631
839 0.03203181114143383
1060 0.19853938444429386
1695 0.2186257564210392
2695 0.799835801219807
1105 0.409953647900798
2559 0.821291712882476
1155 0.10457203090074296
1146 0.2525567599282156
275 0.32681116281526434
623 0.07450556655825402
2856 0.384135237421391
826 0.3548326334266535
1185 0.5282424523918704
1620 0.6514500096198952
2581 0.5467958140489663
435 0.7992625557569795
1330 0.032969742688568004
2533 0.2398954347305149
1108 0.19554169116058706
1607 0.48784117757424117
1608 0.9064764572245233
2063 0.7134571448765676
2852 0.5789183160817181
1889 0.47482322751660055
349 0.1507500810419682
44 0.5860553117114067
1243 0.5109065409747005
1816 0.3195675115853772
1416 0.5555911393273067
2364 0.6031117041091549
916 0.7323210385485335
1664 0.2030483536426324
1308 0.9883335424579096
2643 0.6265765027485216
1722 0.37902595933489935
1960 0.29960182732920915
2772 0.9492253649864854
554 0.9327305033684626
696 0.7833722813639834
1393 0.3807457313428432
1581 0.460734094899239
1869 0.5916528524319965
2359 0.6210283557245805
2550 0.3902870977845714
975 0.8978263359148009
1435 0.5292687940479456
1825 0.9989170008149312
310 0.08791912681152525
368 0.3598797343806437
873 0.188085895250091
1365 0.18063982510225174
2753 0.1320976890322717
2948 0.3546096261022045
1781 0.023931220994634184
2131 0.5446402432048055
631 0.14836430263078382
871 0.4940075052054713
394 0.20273958479940846
1784 0.18378224687153943
2073 0.8321344150418599
2115 0.5611712385815809
1676 0.3293632823934809
1962 0.241106809915144
944 0.08401832429354728
1049 0.7920852689669158
614 0.008211667108660947
231 0.628578676474611
462 0.7436337867245112
1740 0.6884719971169587
2991 0.548743704389576
1206 0.27692347377826954
2283 0.43690825741412176
1447 0.9541711516277083
2079 0.2736623015581121
2662 0.06049160730284986
1444 0.7497933667609016
613 0.551649558638066
1895 0.6026909537933497
919 0.0016299326623823163
1285 0.871320625641018
2920 0.6949375861071138
1417 0.6857150566698924
1747 0.2604889584352872
1786 0.46419882610569607
739 0.48444829604395956
318 0.001501590800793151
2877 0.23958425565110653
291 0.10376668015900703
2750 0.39703809039007454
518 0.47415860574142576
630 0.642727743257126
1984 0.009882706946314213
2336 0.2181455435179246
1201 0.5326330177240325
1374 0.28130230717394833
770 0.7523762427625414
1070 0.7818955312416996
1125 0.8711411019298514
2184 0.4165789414575708
1099 0.6243663707443532
1964 0.31234496571048975
1283 0.7935491538146829
1413 0.9062575728112906
1928 0.38335371883590597
2034 0.8820186197229231
2751 0.23652835653661863
2986 0.15174175165648818
2918 0.3441419007028409
2314 0.40913393429579514
2741 0.1384440136531716
300 0.706268975013536
264 0.5055950544420285
141 0.7409585949291634
218 0.8576595662369422
425 0.9208378744239943
446 0.5853196831330941
734 0.5307360176410548
976 0.6197227205273947
1071 0.5105253094882033
238 0.4478921096217695
523 0.28296473593192295
1998 0.42502071481467496
2563 0.7044445670374502
1633 0.18048127550926152
2004 0.6329918073857467
2492 0.3989208626697065
2605 0.33964950800999893
467 0.728583956998749
1455 0.22867697361552308
2246 0.2030212324834314
716 0.14697387516339933
1526 0.8774780651462121
558 0.8803996695160833
629 0.7406716058676677
1838 0.15808589601372525
2262 0.26163062683952754
2597 0.7801350707385191
2104 0.06557751420349378
1023 0.8418122029192777
1043 0.5207003100409189
178 0.540443310208202
269 0.07561757185556861
250 0.30842559510623546
2139 0.8834745126709435
2437 0.9086881002963105
1088 0.7725743958066565
2275 0.39694933189793147
2733 0.37598831888439754
675 0.8980423708404948
731 0.18019600528471336
954 0.19726259745389374
327 0.864740178343415
483 0.30764317337000824
2774 0.4997653301306012
615 0.8379460662805562
2840 0.9637177280233696
489 0.6138424513410629
2777 0.5990342334745038
2876 0.4460767352622452
1169 0.2789979106883429
2822 0.7431776186896107
2623 0.45234190312925504
912 0.39343608277452424
1126 0.06671667030079609
1293 0.9909736116017449
2055 0.19883566789501683
542 0.6540752948401528
177 0.5714339914683976
30 0.6168962158029254
4 0.7460881967332029
16 0.47552505972102
28 0.4174479078375306
81 0.22704274256083923
271 0.6497043211283039
938 0.7248446501238616
995 0.5630765915032352
1158 0.6946033093409014
1883 0.8541374472851191
2968 0.05917457088538325
1864 0.0760973845896753
506 0.3803523945789653
1643 0.8196795617493787
2082 0.2784107724109798
2713 0.5762844294615441
2816 0.37454795893023896
2760 0.6034826810147014
804 0.09552411895606627
189 0.13309024254458746
791 0.6908250724754489
1238 0.16338043244815426
509 0.6143658503829964
2057 0.671196595028028
2446 0.8508986344974654
800 0.8906822871706478
1401 0.8297458729933552
2014 0.42143535901536355
2077 0.8251047115630563
2775 0.6693787174847627
1980 0.7294413837314545
1357 0.6720067942291515
1775 0.8151187919764906
2276 0.5149405581447958
1109 0.7365251365107749
565 0.5610381214212055
479 0.859299296907695
502 0.012854584447053563
1751 0.054067098093657284
2019 0.5628443404171701
1030 0.9622508640110374
121 0.9916948424058639
148 0.26740103883085276
343 0.3030657683027257
595 0.7715711849817016
1018 0.17650241668348332
2930 0.826977476981475
1278 0.227490945711051
1496 0.15612503825413537
1017 0.7829329959424567
1881 0.7880272236650714
1167 0.9977844489117312
665 0.4879365344686081
200 0.658770697468641
937 0.9049932346923218
1575 0.8001891640391702
1699 0.7660869914885151
2309 0.3742042228450011
2946 0.9178268596998423
956 0.481877918578442
1339 0.8732480309024525
2430 0.17251058733098246
1745 0.6496358912735669
1997 0.9753191423800185
1267 0.8343186496486907
2619 0.1687182269924501
1601 0.4533362350168685
2579 0.24334459875667347
2754 0.9172906904350469
1033 0.5481590430045543
389 0.8344370555438348
1117 0.8674937125400568
1138 0.18132490208714291
1432 0.39122797804714016
2564 0.11363483954097786
1559 0.9566549309169137
1511 0.4517511178490867
68 0.14827118220606283
314 0.10159860398111187
2903 0.9369757256308785
2690 0.16338725273931676
222 0.12212835059801885
311 0.38749861699933885
1724 0.08202558849361452
1247 0.6233731568436214
1508 0.9000361916430097
673 0.4730987333082409
1048 0.14501108661907602
1292 0.6904715846513199
1422 0.5240083801986753
1660 0.5783388429457443
2855 0.46981309277001926
1259 0.03758715513664124
1723 0.6579698029532887
2272 0.29856749519522097
89 0.8011887939208336
144 0.08440261026632112
943 0.19996314244858127
2683 0.8675069460924955
417 0.8692460357547074
1452 0.6852531246365886
2215 0.5583316409753699
2292 0.0493848299152162
1178 0.322265096049265
333 0.03247176379013961
940 0.48224281422058335
477 0.06569159050153672
2450 0.6584815718526227
1298 0.34602683597236283
1899 0.37516683891970337
2491 0.4711541729097529
382 0.6297824048652846
260 0.013716365917743834
2406 0.9722463307038022
358 0.9408174154879375
775 0.14528708713983318
1713 0.1609356941279717
2217 0.7553828786370408
1152 0.7125469784066338
1684 0.9474928856412106
2838 0.9316600533347051
409 0.4315864820657932
1577 0.18183625908004208
1309 0.34416556313760727
2367 0.5169113409553057
392 0.049550274447537346
298 0.17520069609178168
39 0.9411079999294781
60 0.5728438421276458
1792 0.5018619131981976
1898 0.4763321987268201
2763 0.3991873156818737
443 0.5620217810339699
651 0.1400858318234215
1987 0.057198824697572315
1394 0.22650423454929414
2072 0.5757141081371828
2928 0.16472501788739657
1425 0.7405213506567121
131 0.4808435013712239
313 0.47537673862960816
759 0.5308174124151872
391 0.5162205188547966
1674 0.7005982200100149
1208 0.036999436602160096
1510 0.7846897125708648
472 0.4735191728124982
788 0.6838287631470087
2921 0.7149012066016538
922 0.4330652902158918
2737 0.11632870717177646
1012 0.10651021405882721
453 0.6304512936253884
65 0.17011362945799569
80 0.9052843920169857
908 0.8362184960268823
2105 0.9015147339446524
1156 0.011001273441457515
512 0.03645626932238977
2439 0.7946915023556324
2631 0.8401880320483344
2588 0.6683063156631538
1102 0.5975091651919305
1749 0.4662331346372566
2743 0.0428632848911743
406 0.7602442870612923
468 0.7002148296030797
2425 0.7520166670211909
2174 0.5629171406598865
2688 0.3126623056675638
842 0.3158699908515492
1144 0.46620422146526064
533 0.9938291715206973
646 0.31234220732505047
1563 0.32948216873500125
1641 0.7996582438715684
2144 0.26893821018404396
701 0.4174373973606449
2642 0.49608100676003053
2017 0.2740682345976836
1106 0.5794618069537923
191 0.5331881396988527
325 0.9938307088922342
1599 0.7459219086088885
2913 0.8378468921322921
693 0.4797289289178569
23 0.22156066484098458
53 0.5539192361285867
165 0.13654864904256847
2435 0.2544688569900687
2349 0.9696873328083657
2798 0.7127748636562724
2681 0.6345303874272725
2687 0.4594059485284453
1392 0.7559330301175524
2475 0.4087619951677879
2478 0.9286531040649008
2109 0.9319314103834062
315 0.5424982804526219
856 0.6661328735014959
979 0.41173424993128915
1052 0.8062656258718829
2767 0.6292652657427886
854 0.9864645187094924
1779 0.6352242671438176
316 0.23781770967717353
145 0.3238546294900868
280 0.11182134657760878
293 0.22746990107950404
661 0.4404984303520856
1436 0.0909956280208557
2036 0.9360599980370706
959 0.4324428856865222
2668 0.6124478035808838
2980 0.8259549864470362
1613 0.011627902341441732
2609 0.2672821867422367
1923 0.6493175565472176
1534 0.797917374164242
2768 0.5845441956026722
1568 0.3946615631529651
510 0.35486941459690746
1317 0.9433243969739603
2368 0.9265292594171308
1651 0.7811937978086498
294 0.9513168623018491
684 0.4840698387165584
1817 0.06532350749563631
695 0.723072517246004
1135 0.8847411320050687
2483 0.9590319348386159
1639 0.11027328150350324
2228 0.5952629848541366
909 0.4521813954640125
1244 0.7803731166645612
1567 0.6583213615477821
2964 0.20546582406068015
1682 0.5052138177553819
2086 0.08603738447069087
2857 0.35003740807975536
2958 0.21458050090045533
2646 0.6504077019364906
887 0.36120090370668045
339 0.7536355588344125
983 0.3079615077607878
2231 0.7844205644013962
2386 0.9932786546706155
2543 0.5329138143029565
296 0.009279302548959922
290 0.15084781611987885
748 0.6896148014796425
1428 0.21539904764313167
2797 0.3240025711314286
2912 0.305028107878636
2132 0.22601326025428836
802 0.17340169406609762
1315 0.3605700860997283
1772 0.6659778861214106
548 0.7643529578186745
2045 0.6728288366100574
1124 0.16087063249335787
1952 0.640859407109145
2432 0.5976392975123808
1942 0.7020969596003408
2247 0.4995385648890953
1589 0.5265235400632186
317 0.005594185205913926
1352 0.2226026947197175
2701 0.939202312116537
441 0.594236018149142
2224 0.6287672656063037
1370 0.42432664708280177
2830 0.41147300856850233
444 0.7566991913347587
393 0.055796557449008355
274 0.8273704998693061
419 0.37776124337397543
1061 0.8523389564174073
1372 0.49925650759064255
2163 0.5782694028704614
496 0.4999411790482656
2302 7.322602634651787E-4
2411 0.328052893206929
1924 0.40055748202688624
1697 0.5448570853291279
1738 0.19174050847469026
1811 0.778850720774053
380 0.9767052543143254
1594 0.5450120092248361
423 0.899610049706463
1930 0.02399829964433109
2415 0.18333632981351256
61 0.6536200739320907
749 0.05671612754030764
1336 0.5001776363372815
1986 0.0739890299130388
1737 0.9916893830367011
2206 0.883329650026058
955 0.6696117264650523
2341 0.05867622018698804
2572 0.5354802311461179
2191 0.7830829057619598
1489 0.1783135334719289
2210 0.0816925528213942
1726 0.16419234552162187
657 0.5473114929126415
1168 0.9167824745264773
2493 0.6307530527783688
2542 0.3960315541612571
2635 0.458790178707972
2046 0.6903592503545423
2136 0.7966729200838102
1430 0.3734754228323146
2545 0.49098271041970953
2021 0.37500517846856085
1186 0.8116754559155875
1407 0.8110521952378552
866 0.8265915615408589
1379 0.6173784743925526
1938 0.6877328762808609
2160 0.897816872676763
1332 0.13088534135689012
1774 0.9366514943749263
2689 0.008353682818411867
1506 0.155139953489972
1927 0.10148460953970306
1868 0.10687382212014962
64 0.2975236845741689
34 0.17106934154693332
106 0.4098704385864077
334 0.08651085848923168
1065 0.6961078880614837
953 0.7771221250678321
2742 0.9770607401068125
2200 0.819242295758247
1066 0.4458263486047883
1181 0.8148897077799409
2910 0.708541173262236
2358 0.9712692505465417
2703 0.7181326081386304
588 0.7991160263595499
700 0.9537588576252569
320 0.2034125856134097
2052 0.022967183064141916
634 0.029446657033071033
103 0.9674328324263402
2370 0.4913921539954196
1630 0.38008586653351806
2255 0.9010222209926964
1527 0.9876963300917223
1571 0.4044007954673432
2185 0.8156664639883962
353 0.7584193479163676
492 0.8862961330127442
2693 0.4046295532929014
2985 0.8110925964701472
2081 0.9971789599143148
610 0.15597803189682502
1951 0.757240859060495
1636 0.5534042089577242
1773 0.45425470440934745
2207 0.4935798357367278
2953 0.250212604187523
999 0.6331116894285692
2510 0.9568059503389353
2922 0.3741796681635715
1338 0.13036018219356638
1778 0.05689854133704397
2658 0.44352626704918574
1785 0.4656253101614425
2436 0.809818939503811
2806 0.8390485936419055
2417 0.9368327634009186
1845 0.6023312169771359
1086 0.7360607201222019
810 0.8947525065090763
94 0.010449053252686635
96 0.2674252659672789
563 0.8345820739055911
744 0.13482998775483612
1044 0.3414485569116167
2159 0.8845421566187321
1486 0.43639205577545925
1522 0.4765836785881389
370 0.13425471538565814
1132 0.7278359680107662
1609 0.8670597176155002
2192 0.7385124604008072
2504 0.24652312470299365
1790 0.15466806145031708
1890 0.8566634248847683
2573 0.36290361915468383
1164 0.9722517154133525
1809 0.8534746426016588
2399 0.3083023405794013
1037 0.666382307857749
2937 0.2122494040339442
2809 0.04979328534589145
101 0.534432560444939
2121 0.14642414340003274
1399 0.7948552251621264
2560 0.8266689965306687
978 0.3415571423458963
1013 0.39240979283387933
1192 0.22839622519181868
2003 0.5353549737203677
172 0.17283517936895976
20 0.8416075680684776
46 0.4499130014622271
429 0.8690227600789514
2700 0.9029014242364929
2089 0.5938611569904577
2889 0.28420036045159547
773 0.9639518651759229
2230 0.6420270053157969
2297 0.9470640292961483
2007 0.009936149163577324
2756 0.41434249133741696
1313 0.4326981009525058
577 0.13276852145716744
859 0.53092232458935
1331 0.4227139931629972
2673 0.10771567224832568
1640 0.42311513898182185
858 0.8916468816887593
1801 0.05979153277301308
2429 0.07975404318508095
645 0.9315712933344126
186 0.566197524178151
697 0.27728827512809395
70 0.2418028770199847
2371 0.20137814280706434
1494 0.7792136938346278
885 0.13223646589874605
1570 0.381654514015201
2682 0.4784235140470344
895 0.20147632906737423
466 0.34198356823086073
469 0.08165005669925374
720 0.11263294416854419
1327 0.3558024206932757
2153 0.20955267982432824
497 0.5859581043965906
2054 0.528973281257702
1170 0.9104904936012542
733 0.09487176423658883
992 0.5089289415762251
1251 0.25578548003286217
1661 0.6971520276178617
2709 0.5350031438321602
2259 0.9877566686971243
1046 0.4569412688673675
1893 0.7736761895921977
2125 0.9330548603255266
185 0.10762694184264243
867 0.096865135975995
870 0.1574244747362602
1694 0.8079686848962837
2517 0.15093987682065024
288 0.29820482455664155
1174 0.5098893816125788
2056 0.20020531794284258
880 0.8810092329577477
1807 0.2281872953151749
2013 0.40394925973289797
2204 0.005392485541334868
1753 0.3608006864690184
2172 0.6328149128444828
248 0.694606405673599
155 0.16414103837883975
381 0.03452635846698027
2482 0.7351271151307386
1051 0.057432412806577515
2177 0.3532604446187658
1876 0.509390958733102
671 0.9144205533538394
1016 0.08875491975630301
2097 0.13393424506212637
1979 0.023775095398471002
2328 0.9610561739325548
2049 0.3972906576889039
785 0.8229898454729432
2456 0.5275429842233909
2665 0.21960993993658184
2719 0.8098262090445667
2871 0.6103635402059583
692 0.343243119513442
524 0.6644092212359624
618 0.1388522683435438
891 0.2680864671358635
869 0.47391542174010604
2311 0.9628461452674222
277 0.3813040520183568
2570 0.3914281103335282
2474 0.14013917447299262
2908 0.3399357962878564
2761 0.15397626526970865
2453 0.9552061065788607
2465 0.6647390362086046
1378 0.8906799938046949
1891 0.4068209051685816
475 0.8765926214500408
765 0.8646514480702178
2553 0.21216062020905013
1596 0.22239119230910886
2324 0.035374212843354846
2471 0.767456779261904
2785 0.1549680722305904
592 0.36098636372584036
1528 0.9431046252450667
2405 0.8627014219896709
1103 0.7404285741573242
2805 0.8239428909111156
2080 0.1295087765004841
855 0.7845225238185549
1907 0.8883303868233584
1069 0.9241963911345586
531 0.8301854553993377
170 0.43739372398040643
188 0.2174430038641597
2849 0.09937047198753068
480 0.9124219244651023
597 0.8420118918741598
1269 0.9680375480140401
1295 0.8932468346180076
2071 0.899348222376911
607 0.9024344793110328
849 0.12423473167212495
1552 0.42579329883633765
2677 0.5468419993102952
931 0.4277268939900053
158 0.4891521393918298
98 0.9863962247450127
41 0.5589607255509325
2310 0.9276128210671006
2385 0.04577969426526063
1356 0.2150307216042504
266 0.3646596443446789
1115 0.09973809478451467
1383 0.07294302700542843
2306 0.7581408925800732
2730 0.5157612407267551
1091 0.725002057931882
1597 0.9472046058659844
1172 0.44345181457422667
1587 0.34290696873971516
926 0.8849840659474613
209 0.2381960457557133
2142 0.7288210306168221
2707 0.5252152243701184
1744 0.6410686380227991
2024 0.08758395954941844
2821 0.8287278645825553
2907 0.49252122779882435
964 0.7936318214687409
1995 0.8518452523774597
1180 0.734057252840204
1634 0.8140163465763811
1463 0.3864882673709349
1080 0.8294041399162931
742 0.41777269247749227
892 0.12604019900466024
2782 0.31856863595681517
901 0.593773267875324
1475 0.8479620993832238
257 0.7272805396845594
66 0.32703073724371534
83 0.8914727828271801
253 0.0769339034659684
1532 0.9383249005316205
241 0.2535950744604347
1305 0.7808717599016195
2726 0.5934797399144011
993 0.2268916101996351
569 0.7062979050749733
860 0.8510129749470762
1535 0.27443716183976474
2610 0.05580820291221167
1100 0.9566179005883569
1348 0.5435487279073957
1611 0.6071366726442012
258 0.538871452754632
281 0.7532346655985832
2873 0.9895552719985071
386 0.24677840264439144
2789 0.6123517791156866
173 0.9026794071572858
302 0.30795942132256227
703 0.47930724013541526
1286 0.6289339638057532
295 0.4611108983544586
947 0.304399741804108
1797 0.23990327301809433
214 0.48899634121931324
135 0.8062163829245962
152 0.4339253839357088
493 0.6267448119867797
822 0.32260312333589225
1558 0.43351252618386604
2287 0.4809291249861216
1241 0.5960001403976963
2442 0.16172884862015924
1804 0.435514432711099
1171 0.2758500223502637
346 0.699517000758733
2818 0.08204855410711842
2679 0.4490562695564815
584 0.99206517690758
1973 0.390873036171013
201 0.6886147732573635
1465 0.5991134031587658
583 0.09345285186438612
2950 0.4249356924069492
1556 0.11017557492207841
897 0.16310537338574538
413 0.09181280744937192
971 0.008355146221063925
2264 0.8862530789233976
2698 0.2568973508261655
689 0.21302453486109096
1404 0.8244585703395757
1969 0.692230564048849
2467 0.06471823882323868
439 0.2390242520932243
628 0.2697965663861486
2808 0.8379055826956544
1412 0.7212466303047934
1712 0.6283730025170744
836 0.22773875489121953
951 0.3675920114655894
1136 0.11034837311671897
1187 0.2220408964363273
1294 0.941802118751115
2793 0.7147887671496747
991 0.30596585163477363
2236 0.37107117310218496
2696 0.9988855841676447
1239 0.5444875503399811
431 0.3000602993783922
286 0.5339815540487965
92 0.22514845401449357
449 0.6527961439995129
1748 0.007442873575377651
1325 0.6936188484239744
247 0.896105031613843
1933 0.6050414952527091
2498 0.23843288806988283
2667 0.9517242323716549
1595 0.9148824098430787
1896 0.5849919142495715
2242 0.10488736977413815
2841 0.5984060487778475
2401 0.07755042682866364
2649 0.33821288636517133
2133 0.07826645028833723
1210 0.509002326295337
2967 0.17128028364706338
1985 0.158081316084281
2996 0.4441500593909732
2906 0.0023109036226045543
1360 0.10139200641767643
758 0.49869883971202966
2445 0.4658555625895686
977 0.9394556417620847
2286 0.5784396955826421
1859 0.2396719420379383
837 0.030385041572253524
128 0.8967154678350595
54 0.4632817382287253
1288 0.4737201309040552
1691 0.8306492572259104
2083 0.3479509913358504
1032 0.2277681046032085
1621 0.19033769325541794
2766 0.9240362359206447
2459 0.5791256051124096
2731 0.1553253445384124
1717 0.7719774247775705
1224 0.5182762808007277
246 0.36229121266146547
424 0.9091401446291518
876 0.5948839224140497
1493 0.2948460016587897
1834 0.025830169800630354
1264 0.6405299270405116
761 0.3907893413240884
1499 0.0826456403261151
1972 0.08107847331463813
2261 0.21461545688828887
2518 0.9828353196945545
1654 0.39268426379028576
1361 0.6257294288718568
190 0.3852153572685375
1275 0.45170650530119705
1272 0.22202914023524567
2869 0.7465267499099479
2022 0.23807017473147196
2527 0.9988673954333172
2585 0.1287278818927602
808 0.38526214849204143
925 0.36809974449218597
1513 0.9289362482779425
1758 0.06836160116643342
1707 0.39575306563013446
2035 0.47732265425338594
1830 0.43546755402446147
1274 0.8592980005845334
2804 0.7151109167057725
1612 0.013028126546818064
2387 0.7407236723556033
2712 0.6816857724706155
1637 0.15678654881463694
450 0.8486939820484939
1426 0.33411774634230096
2198 0.7717009200559194
1520 0.8949932014608554
1025 0.10003949345717789
1039 0.18595595203353754
1282 0.9783755368168294
2235 0.2463822583952956
2924 0.6218904106838004
1097 0.44916106398253974
2239 0.08097444940711529
823 0.5185838254953853
952 0.6925572369195229
1204 0.30501788970288146
2607 0.835557661478284
2893 0.9071302808048264
2158 0.13739225234611496
1271 0.24257243353703806
1610 0.6166582058100666
1165 0.24907718483220065
1873 0.3424773400169452
2764 0.7949027827516316
2990 0.39724717208893645
1445 0.8534674104088202
2062 0.17235502579159656
559 0.6807890191205721
242 0.8895510791892147
109 0.7607047653227148
120 0.7728427230122891
223 0.7142167069074347
1540 0.08395730180438965
1490 0.7040299677128551
2676 0.7317971296163897
1760 0.5157644858795156
1885 0.18381799735452697
1084 0.5442222968966076
1403 0.24333610608136147
2058 0.23282102848000874
737 0.7589651308545429
1498 0.2348430207921205
1617 7.872744469179516E-4
2075 0.8519473397024118
2018 0.37111992420466244
1553 0.45449792202756945
846 0.4144557465778812
528 0.9006107299472185
1908 0.38335451391819975
753 0.042859864240220036
2426 0.43527767219348146
1989 0.7912873735332375
1530 0.8761639096759276
1916 0.6142577253293561
2636 0.023013008142790725
2989 0.37274155753322524
1093 0.10047310875809601
602 0.9741016118736558
404 0.6608132728350224
1376 0.12896166082287164
2223 0.869984374064492
1710 0.12535894644632628
747 0.7892590586117064
2033 0.8960646690331157
2078 0.3899504647005132
1418 0.5254912642785283
2735 0.5474391332709251
599 0.36283860661722056
636 0.5459277610233422
1141 0.6701159199597603
725 0.07655037349515648
900 0.6163078243008309
1776 0.8269286542129044
2507 0.6911111832462231
427 0.11753934869463434
352 0.6454268315019811
373 0.8216160867018379
1002 0.9275357921153112
2047 0.970457513396429
2454 0.1864210283929567
2592 0.2233516031456847
405 0.357885808882799
1648 0.46196635872890923
2369 0.7255372404760948
324 0.664790481777037
326 0.8042672934044061
2005 0.3926222492176923
2366 0.20551568871029025
2633 0.6640243502381229
2512 0.1419682327637769
1062 0.9153012939885893
2279 0.3289481608693796
2397 0.27046477556301873
2274 0.7926032061562586
2178 0.3257098263001821
2212 0.9987818370568482
738 0.8309256084410124
929 0.4623844521519387
1209 0.29220102519300406
1716 0.7356024730384532
1836 0.6963259265664216
2929 0.6083871045274803
1840 0.45011477210458883
1771 0.8059401104235616
2554 0.5731795393929098
2315 0.21990126325377923
831 0.3402561714031406
2420 0.9202858970962289
1395 0.7194069559957278
2361 0.37965792681735633
1157 0.12473101737179226
1279 0.43833579918316
1079 0.7153609738271627
1118 0.8109822537349353
1721 0.05257268685310401
1941 0.9759793478273954
1871 0.043929751038465636
1236 0.28328248391799726
2339 0.3831227363339953
815 0.29369190403060463
430 0.8157299679905707
473 0.3413062789714052
1791 0.3443561458802705
728 0.7373675416053651
1027 0.45423947951066646
1703 0.27532318142161694
1261 0.2881645804398911
2412 0.062020498968031745
1437 0.2727520247277726
146 0.020961396243526442
820 0.49544868749729165
2111 0.4064410160504185
2245 0.33546035918224526
484 0.19368826532811834
1423 0.1559248570551388
1715 0.07862296950046255
2462 0.8177296942868371
2438 0.3326108083209601
1421 0.9376620049874244
1828 0.4464041467563509
2762 0.8622036130712315
2074 0.6737775986729438
375 0.9647485368025914
418 0.6967154728372035
2365 0.05556695174516857
279 0.5811440723254612
359 0.40805968700018613
2332 0.16389301959085423
1163 0.739785303162174
465 0.4076874961451419
1623 0.431993491026465
2606 0.14361512992683123
2168 0.8912292462753076
1657 0.6582603452197047
827 0.8923788368634197
1324 0.4597374332551297
1028 0.32852659754079394
741 0.0673637172890188
743 0.7975802964181146
1228 0.4034112717316719
1734 0.4565238683846311
2251 0.6212457140654111
1631 0.17231167970746197
2208 0.2770699690016487
1218 0.7174010336702722
2939 0.04606625016312349
1453 0.9428532648648364
2030 0.5832033207460561
2874 0.4960994727332251
2565 0.41545356332606254
706 0.18467639698880667
428 0.2313291575451697
2480 0.7614150476733162
2123 0.7346228264058535
2134 0.9302788499060309
487 0.9297286563656071
1882 0.8662208768268504
1704 0.604484545695129
1732 0.4194535545577939
2407 0.7910760055889792
1472 0.2629121921759543
2484 0.03100172143303115
2971 0.43717376538389974
1483 0.004081688618186474
1245 0.5067368764304835
442 0.7793651507204495
55 0.1492812505204616
22 0.4426318531178438
12 0.23782328382440754
42 0.9407284511339244
374 0.7605028260324975
2093 0.7984982471107351
707 0.9720500788065366
946 0.036550878676849696
2162 0.07164950043542306
2413 0.9395818511138103
309 0.046795633202778686
474 0.0034356128730101965
520 0.6335142200060447
1303 0.2743268277376869
2872 0.6807579815538788
1544 0.2938420596501119
1411 0.08066202923703769
799 0.7832815813893284
853 0.41270404265190375
1457 0.782452186983146
2464 0.9281583587798793
2076 0.5165543904029686
2149 0.3224653509190214
2396 0.27954556893415994
2981 0.8166935877370918
1326 0.9254805678302508
1514 0.48349372281733627
2796 0.2451917364443409
2147 0.5013933508682422
1098 0.02411797018393136
1306 0.6412066585925035
522 0.45583585235150326
2108 0.6269430246093788
2620 0.26892514475410456
1848 0.8466197380077272
1905 0.3940943982791979
1119 0.13182780331118904
2639 0.9532355318534714
2823 0.7613675994607014
2243 0.3037561005007122
1545 0.814797758904428
732 0.5501707106025784
58 0.9765324060199134
219 0.831277535221717
1302 0.20303345139182538
2041 0.6927588262790885
1837 0.4086246941147743
886 0.7545397376618852
1680 0.15060344989168273
211 0.8203159374805428
1122 0.26703613462526365
1799 0.20129206649377152
2537 0.9014562277265079
2898 0.6998414793300964
774 0.88739705103099
1433 0.6887664639579184
336 0.6158452328608394
640 0.9246653469992576
125 0.7229755983536676
25 0.009003020427066244
86 0.18398309673797297
116 0.20690182085926168
126 0.06047778971606299
180 0.14001200615796194
2604 0.8226245664772497
1991 0.7731471489802592
1584 0.21434107346258524
2835 0.6609099273077446
1851 0.14800875383545098
458 0.1850279460393165
1755 0.0019369471772399116
2326 0.03848865664312573
2403 0.038251483247851326
1757 0.21335680680767466
2637 0.3745078618304446
1507 0.10295728156786077
1968 0.8733730485154992
2229 0.922587511752031
1203 0.5501628720794167
255 0.46918511053986
261 0.46329262451373376
1265 0.3331177295562737
1769 0.7749184780935306
1824 0.5173396613522725
2039 0.3482413616732404
534 0.03690568456706678
2935 0.7879020213406492
1484 0.1466537319083827
2657 0.8385266595373458
2265 0.3690345400607993
1515 0.7708955070416177
980 0.45632325709552524
1958 0.1760829928897525
1199 0.8949464356915942
1955 0.16689631581610975
1198 0.9225142015588474
969 0.9955624926732022
132 0.22481575250598995
928 0.7708881565239292
499 0.912210216241985
2216 0.860325225851481
2723 0.18155810787438853
1476 0.795599165682557
1752 0.7448990276517349
1094 0.1913293668839131
1402 0.4291954870465302
1591 0.09209515785594413
2915 0.3347293120029048
434 0.10285745155446357
844 0.43465091046175
878 0.9714893028814985
1518 0.3682382534858334
2001 0.9580624125397386
2630 0.973841754039814
2934 0.48515395232235115
513 0.32787968977038184
2684 0.18586781262372176
455 0.20717239384239128
117 0.7793896927223032
2611 0.5598293681627486
1759 0.446831767172849
1880 0.8207424730307648
2389 0.23770156214447513
790 0.7992017577983804
861 0.39330878088187726
1842 0.41022284474748705
1134 0.6951868642181418
2669 0.44924532163481323
2880 0.7615743342422726
1008 0.6927731136681843
1101 0.12994133485498782
1371 0.8048977145346765
1320 0.28914493080432
2421 0.6061651135087159
1619 0.18915833612877342
2660 0.24509335955041744
516 0.03859643107423438
553 0.5880310538920794
1059 0.8919424551407442
2497 0.980975697147387
896 0.2721185685872778
2778 0.1812020315684768
2952 0.21820929778674514
2784 0.7157491516732218
403 0.1441600038083124
1176 0.7537559264106348
1975 0.07385020502082351
2458 0.2817288324144863
2837 0.21670027872393915
2124 0.20595654320084245
1055 0.23953087225691616
2801 0.32911258113118413
2933 0.5379701386045891
1884 0.6957099379994225
2618 0.7198633887726683
2653 0.37596039307618834
2942 0.8927104623594104
715 0.6594697111775932
829 0.947619198155291
1050 0.8704297819914161
1906 0.14404049415387976
1974 0.5725023040601402
2502 0.8207729177568723
2457 0.5129108937234048
1015 0.38702477182891737
1956 0.31584076290256313
416 0.8965898851487686
187 0.6594078803024523
1342 0.0709560120689604
2020 0.7992412146060831
2291 0.6064967127346252
1767 0.8774403213897227
1814 0.747537775755722
2717 0.2698283730620038
2090 0.8412076617239725
2978 0.5154273494535734
1007 0.3370709834643243
1354 0.5398139413650866
2800 0.6040807995609448
2232 0.8721075683731723
557 0.03672446439987098
672 0.5684799618287014
2728 0.8800124865825992
1777 0.911294954747329
1220 0.029672289221813752
1718 0.1574475526365351
319 0.9815169983879073
110 0.9626103491460252
385 0.6978540411321484
2834 0.6764404423729986
1212 0.9674372735061256
2221 0.2621683050079533
307 0.7091989548644952
498 0.597730497343437
2051 0.5684999540382757
2145 0.9614352829114069
387 0.6981019280219708
1053 0.8184112585469983
721 0.7134698124387737
1179 0.61917792790689
2926 0.8253690470953785
2963 0.8531083210843267
890 0.6801108899180658
1912 0.6328109544707186
2984 0.12249991240378
848 0.7438953073666263
596 0.75739716975178
985 0.4659553294638269
2603 0.9103582501366578
841 0.2248176350585016
1903 0.010267543124197198
683 0.2669088247833913
537 0.279464546560361
2757 0.4815945940345251
1022 0.25389747579630906
2040 0.32898777871307494
538 0.6531227315510395
85 0.8819810450882919
134 0.7239271909073882
2932 0.4820497407378811
963 0.8495756855340693
1277 0.5681450879239407
2812 0.9420245732570914
1948 0.8834854383073303
2736 0.5913008540257764
2878 0.7901604227721343
2000 0.4452930100232604
182 0.5924456739765378
447 0.5721668449602981
1569 0.04894897061818071
500 0.18551931580846437
2875 0.4808160273460107
622 0.978628829460344
2650 0.28833990792166464
579 0.7865153869316865
142 0.7698744542283537
2316 0.08781977190509194
1448 0.5160240987938275
2513 0.3625035984616741
2846 0.794560126918382
2214 0.3770664367164648
570 0.7775720191060267
625 0.6807552969157025
2347 0.3561211500338268
2902 0.8577562073729753
972 0.17904340906782945
1993 0.06298455941759962
169 0.9851877827513179
123 0.9646026510626157
1256 0.9778431622903679
2308 0.8306357288158636
2101 0.8282738753844806
2499 0.5347199580975693
965 0.8956475755411419
1605 0.4056801226937733
93 0.9087892554832215
99 0.6116922871994276
2727 0.7333832982499683
436 0.9079981072063762
1082 0.8868853491140769
2002 0.5097853559987291
2408 0.9702034661688383
915 0.5070003604209492
1322 0.6736366524904982
1519 0.8632041660087549
1090 0.4729356132452035
1762 0.1167340788029696
2568 0.5653271309039393
2749 0.24125821572617423
1932 0.5864065740125478
1931 0.5025489562519379
494 0.5744268541149632
71 0.8999938541269101
1229 0.4196558675369535
601 0.9019332826273389
1787 0.9662224286062013
2965 0.9561421372002391
2951 0.3385406656133221
2260 0.5082934564880015
2549 0.07800823436857585
2923 0.20460452894858394
2525 0.09679167856119997
1642 0.1929876440781867
1822 0.9924114626438315
2424 0.4811736194037375
168 0.8290996937757477
1113 0.615175420873631
1217 0.5616660770272135
1366 0.44677350125216364
852 0.8223515194068883
2794 0.9837069393032676
421 0.5324198588606122
2962 0.4204971628853684
1137 0.039568684924387365
2589 0.11568788068020486
2979 0.5371104205673796
609 0.41553025383882203
1263 0.15343221986013167
2972 0.4075206255331467
650 0.5794890986474928
600 0.9389574137962439
338 0.780852741000729
5 0.12774331771064817
2084 0.7101752357470147
482 0.359941091768617
780 0.8963314134398935
862 0.9065875434075871
312 0.08276380095572533
355 0.5222217939969461
648 0.1729122181363032
974 0.8421773096336335
2154 0.3585952848679238
1396 0.9422394372199271
1074 0.5500624478654753
1839 0.6703658562122037
2851 0.12982776344233282
1368 0.6236231900383943
1685 0.6000329213972198
1260 0.010307443766783275
957 0.5630201909291561
1123 0.5292437442066933
868 0.0733425231381104
399 0.26650827853673875
608 0.6625108859825438
834 0.028507985320613383
863 0.7497787820619616
1966 0.9068220249187993
2847 0.2935039709325131
656 0.6177990286334927
2267 0.08181506230550606
1815 0.4691615407860359
2284 0.6598610338661671
2909 0.593837181012273
2166 0.05024474307979787
1888 0.2963189217653567
945 0.9654561467919607
949 0.22446392533447967
1329 0.823510744029479
1410 0.7439404162270228
1911 0.38759872316773347
198 0.278677019294862
397 0.387064048583868
2318 0.6534022285241616
2503 0.332192933933414
783 0.0939128109742361
2127 0.05172323288246872
1857 0.5566486893760957
1909 0.07156909088910601
1505 0.720607341808048
582 0.7329922464566612
649 0.7411033351329663
817 0.22218274605916566
1161 0.42693506587732355
1939 0.7956118707974481
1266 0.11344796955491165
685 0.30750424604356463
850 0.4776520167530568
254 0.06607726300307915
1225 0.13788709670271426
240 0.7789596821394494
102 0.48010593474298857
104 0.7518497843696773
305 0.5893542432769614
2048 0.12534946923678425
1818 0.24132875195630688
2528 0.5945289337517137
710 0.9673131953432286
1690 0.2987021967742204
2694 0.2715773927945696
2842 0.8849221850420549
2375 0.8848459680085393
2628 0.0892344539904174
2613 0.9882851688959755
1856 0.0896285509274437
2344 0.7169872254762705
2203 0.9777929390683001
883 0.7226966803329662
1832 0.9175218713388431
819 0.6786604684170007
476 0.4296172702473643
687 0.4551513582787423
1647 0.8914680056430184
1705 0.9733236691928827
340 0.4958797443675075
433 0.9855661577395757
757 0.7042961044823095
2150 0.9792702094061454
638 0.4823098935301108
2887 0.8850961202575707
1849 0.6109989409678996
2692 0.2567213421523661
199 0.3956725877868993
941 0.12776894641709124
1409 0.5407362975328364
2248 0.669328492448352
77 0.8146468375132612
1711 0.217855458533328
2300 0.005765365790835197
2398 0.11947394163339653
818 0.24038330011344156
659 0.780926462534681
754 0.4438349020875547
1689 0.3640457513383012
426 0.2046607181686816
2352 0.6776180473065743
1897 0.39356293316212
2118 0.4012927066803814
2957 0.7816398176460275
1182 0.65485555481469
1497 0.2102889034600096
451 0.2546055051561058
347 0.5411834567310939
2593 0.8875164563493028
1333 0.8840768759951844
2319 0.5292151894535524
464 0.8398266489479075
568 0.5329668125881132
2240 0.34768559167769253
2393 0.11740573204127747
2891 0.24641533859456743
1431 0.08249502530871244
1602 0.5758717223805151
410 0.37619401681976217
206 0.3005535276297058
1482 0.14445795148030127
2561 0.5743595647923891
2012 0.5781135849267368
2380 0.9727900230356796
1663 0.6817745977138562
1827 0.8489732140056147
2621 0.8871294307678679
2879 0.3515037889952014
642 0.9354046751307261
2218 0.8668784052638374
2987 0.6868231243420344
215 0.46516994159835157
122 0.27944335984375723
137 0.26693418155984505
2222 0.700290165156068
2865 0.12025441182669616
1813 0.2727942009739023
1874 0.19098168334142718
950 0.8123543866746299
1503 0.22758707485302465
1954 0.213026943843183
2562 0.849673816634915
229 0.43720741284316733
705 0.031908610445784746
1381 0.4903739874705425
1548 0.42927955727715095
755 0.5291582893565762
796 0.7653834054544605
884 0.9179245763474797
2042 0.563626426666764
95 0.10833822563826367
15 0.06491868785446164
203 0.4146762192241201
970 0.6746409337642277
1321 0.136772197468229
90 0.5046224829595768
605 0.41301291952630614
1977 0.5854173341991584
1963 0.8491433951776722
2322 0.9938009628862656
2519 0.4918091814876293
966 0.43030267989805693
1096 0.8885736513572695
2524 0.8020248353891373
2916 0.6510020404526626
2423 0.5113185787441128
556 0.6025584051297738
740 0.50211236328253
2882 0.13555528007037443
2993 0.06283938606499906
2186 0.08142300529463964
2645 0.5251282995150718
746 0.637292023977152
905 0.5847944958756547
2863 0.3412753399162497
1323 0.5976096884219263
639 0.13039320801026255
2758 0.6647285176791299
927 0.9053194350159098
1232 0.1439710542137298
1659 0.8403338621823686
2112 0.25082262206758477
205 0.5464777036426977
1855 0.31028488320268255
2116 0.9098325700559163
1400 0.30522429762049275
331 0.10280086616216111
56 0.6367534117929087
6 0.9272970777085805
7 0.08333736266935632
49 0.3706815858733705
1311 0.9205006572080403
2164 0.8767015263741372
1843 0.02223105948262094
2917 0.5463290822728518
2956 0.7032546119631702
2095 0.8293036675740271
874 0.22368143899188364
2354 0.1869009484580051
2363 0.6295638112464688
407 0.4367761286837152
412 0.7179597189673299
875 0.8700302174477298
1708 0.758086678777895
1211 0.05593847465610613
1289 0.5727127613082764
1943 0.12938365493137283
1812 0.019943065137534077
555 0.5703936965912915
217 0.13336890494050269
1852 0.4718506563022994
2237 0.8748918944550041
2973 0.012882460643955262
2362 0.960454048270725
939 0.8898724044170884
1735 0.5743061979504772
303 0.9754283617576099
805 0.008024682149686102
2765 0.4601772141320084
220 0.26452522012882707
147 0.47135767821797825
590 0.437820589591123
872 0.6717595246103917
903 0.37319881755276296
1525 0.7221721123608543
772 0.32455071849368966
1200 0.4677425644414953
1389 0.575109942359219
1872 0.576335777478027
1920 0.5512933141616682
1216 0.9227600822849865
560 0.04354550755494846
1967 0.20730769357363732
2578 0.22393473950661824
1340 0.9162462241211851
2171 0.6634832908867652
2546 0.892803540007136
1913 0.24750133946325437
2500 0.01586739105896917
2298 0.8177954275004354
1367 0.46987969528734963
653 0.2408451623852077
1162 0.6160709398827651
2169 0.21390105637118628
917 0.7083861025264354
1427 0.8690687771638926
2697 0.33460613146395335
825 0.9965658444837248
236 0.9506651023661196
535 0.2552733622733919
821 0.42279564591551644
889 0.8797927676734877
1281 0.009347309178664664
1253 0.7985769210090293
2023 0.15597164395177454
2273 0.23464490884183864
2027 0.5996072607418851
2627 0.9487219098070261
2678 0.5997252492100166
1668 0.08680376763156694
2468 0.2216600955523339
835 0.35654057134003414
1316 0.2276116741713392
637 0.4649480512808464
1142 0.7868949072416744
163 0.4397823127254582
48 0.3464327101204815
345 0.11153524806296955
478 0.802306251639224
1780 0.9965496451852962
2009 0.677639542574644
2130 0.7907615209778401
2866 0.42776234010857406
1866 0.7114759850730118
575 0.6403551686240878
1627 0.24684216899658717
1878 0.195742489626748
2988 0.9767126320171963
2638 0.16556199823648687
362 0.5699872165261951
1257 0.8388869017843287
2472 0.9987290143369626
2829 0.04405299735322543
2038 0.6952849233158953
2281 0.9777540766583848
1364 0.334891566309655
1441 0.9399369347622918
644 0.15053146811701512
1614 0.9228671407489799
1904 0.32577657914486124
1467 0.8317285487553628
2820 7.867539861778905E-4
501 0.690828763205841
571 0.2874182616956773
1419 0.29406351526605534
1196 0.7301587035672098
265 0.5977855528368978
1573 0.33662216647159526
1831 0.09375794686456673
485 0.939349050513924
232 0.6799080922293614
541 0.6261046804760475
1727 0.26803193643671186
2337 0.3364365271137528
2776 0.12104165555727486
722 0.5494787711694996
414 0.9076392588795217
1133 0.30353080114922837
907 0.8518225419756308
1114 0.7185483702333527
268 0.34673400420812117
273 0.47154290715324443
1645 0.132828279272183
2065 0.7664907110932968
2323 0.8766459963963679
1803 0.7192317640189044
1926 0.29887199630177175
1471 0.8286591821060016
2691 0.8816472993322533
981 0.04529422826856511
2601 0.730827635165369
1990 0.46329078441092664
987 0.2722161470860228
708 0.7125616719878616
1788 0.3052198583077108
2152 0.0677570049294306
1347 0.5397041118115851
1375 0.38461821725785095
2129 0.0362747514034103
2340 0.04810516124189124
782 0.8782874385640356
578 0.3204288663647207
604 0.26515039511530314
611 0.6939227795904339
1959 0.490186064168033
2530 0.9586146357638617
249 0.4344770526298809
78 0.9825587345264193
133 0.07680749417945654
593 0.11747255506285759
1922 0.0055793056801586305
1675 0.8328715970295613
543 0.04774737070889723
1536 0.4716661530016747
1887 0.487194902577722
2050 0.1890034537236276
1669 0.39829103246934816
902 0.39030691944484874
1072 0.06288980050761317
1319 0.5435922022035631
1696 0.30598757997514425
2404 0.4170609270137302
2183 0.17017649217269026
1223 0.08505086905167547
1743 0.0721780439208124
1456 0.4800326501409997
2745 0.6605228471563797
2954 0.0620349979605066
727 0.8419425630940854
752 0.1340820945844342
1478 0.24078784094993821
787 0.8816798844222261
2213 0.03289681270966793
18 0.3534592326173226
564 0.3358586253813748
652 0.9597653341079628
2190 0.29388114368112694
1542 0.020785286535959124
282 0.8222389403306842
1262 0.8105426222896722
45 0.8961577364106107
8 0.39261117678782365
11 0.24743034278807474
26 0.7588408647294504
69 0.037175856160986176
329 0.6270488550337172
2196 0.6550658853138599
2219 0.3847780308289561
690 0.42177836654247247
2859 0.36483661757595764
2244 0.3187340676137128
2441 0.4854040940075992
342 0.05279161578001723
1057 0.013712713086146855
2431 0.4416822257134928
779 0.20658289854998546
2788 0.13631646221225824
1460 0.7591142090150401
2138 0.05700297189897985
573 0.37427208123388767
767 0.8187515890702854
1067 0.3826908528316946
2949 0.08264311480551412
526 0.46390150610383074
794 0.888981570014868
2811 0.4811234260868946
2982 0.20761872437944418
1405 0.9350301681069874
549 0.43286538939963515
488 0.3438010136847599
321 0.6181479064007153
539 0.576020197648047
1301 0.8492818481902504
1235 0.17949067858343726
1853 0.7813824359687123
2088 0.3597532261766011
1820 0.476862625295035
797 0.3572075430393812
2496 0.704231572476965
1742 0.2607800980438878
1870 0.2429823647530468
1359 0.6491237953512552
1391 0.1872240271935247
2325 0.5307447084172373
1194 0.24688082936961386
400 0.6702774724681423
1063 0.856582759714126
1328 0.1632817143412848
1999 0.9987365856309325
2066 0.261147440462702
2858 0.7560535396964538
924 0.8676278499684529
1231 0.11850178703375769
1706 0.5110772896899846
183 0.2634925479487853
193 0.09111305602247888
627 0.853492861909032
1009 0.980478631733838
1297 0.8286166624318934
546 0.541179609900924
581 0.8395564900523587
777 0.533884107246088
2832 0.3843289193031716
763 0.6736098561174251
1686 0.37063736672587944
2977 0.5952162076567163
2548 0.5776511228148133
2151 0.42773668055998004
936 0.38890162457289934
2576 0.47932747143012855
1829 0.16599845014713532
2234 0.1688498482656
1504 0.3284071423692706
768 0.1843447769591412
415 0.6402808757802252
511 0.031164155264730042
1047 0.6628007223286834
2966 0.4947215819715727
1054 0.31594059524801643
967 0.27783658661446753
1451 0.4466269639560174
1461 0.8100641827307117
2428 0.28773503961073676
2085 0.6433444111184919
2094 0.28038559343563685
63 0.8499706208377928
108 0.5408941843675829
2346 0.7153101128305074
2867 0.3611422997164552
2433 0.8370919624705468
208 0.4715538092004635
1177 0.826266200553292
159 0.5710825055117397
171 0.004408917711096749
259 0.9287601075487882
2955 0.401114641063242
1358 0.7711986981723326
1656 0.6413054244075072
2102 0.27194400284793263
2252 0.05226586886474993
2905 0.6084457176221405
1145 0.7236507521721769
1287 0.5032556140161754
2069 0.602163638932239
1310 0.2718509284446584
2143 0.6496795644915491
2202 0.3776597299820861
2195 0.8327478274858705
809 0.7053252202594
898 0.7651970419988572
1925 0.13889439799677705
1546 0.43958800113366625
2029 0.3454968503601056
224 0.20299726905519833
2487 0.45781504315443056
2839 0.4928787440687682
2890 0.01636258174335603
1408 0.7153490652773734
2596 0.3800318647822124
366 0.3601220053020613
811 0.6001330387133966
2590 0.8652053825737052
1593 0.20808457471355102
594 0.037714979592337716
75 0.5351120289476782
2241 0.31702185654535664
2938 0.9858543459438035
2714 0.4090522257330943
2534 0.6982750613972888
221 0.14591334223208308
2894 0.12664263133433284
1469 0.3867686357847404
1561 0.5564477260017926
371 0.16107797683521152
647 0.19590424370275172
1140 0.3247173577646898
2640 0.1057626951498507
1077 0.03634223400657799
913 0.3131384227095324
398 0.36446489924590486
270 0.6863060991786591
115 0.24862435017034068
655 0.6615737743057056
1529 0.8601687950807742
1765 0.6072263983300242
2205 0.6197708212032945
2886 0.1874443719650133
226 0.35709464745346464
750 0.47324538570407193
1213 0.09170463352241331
2179 0.5921791002465752
1003 0.9772537781085017
2460 0.9905196548347976
2911 0.34873393323787694
2313 0.5906404580162993
2997 0.7248840233688502
698 0.2557393536612699
911 0.25718744654660075
1624 0.1980084720655093
2670 0.9417749501210669
1667 0.008548697690916929
2853 0.25398711913890804
153 0.026974198896703716
459 0.9752002980652039
1768 0.4992918558497944
2783 0.5229770580698347
551 0.9624139256149229
789 0.9166407604890493
1415 0.9729702669129597
2209 0.6145564196019603
323 0.19524725846176616
1994 0.6240810975835632
1363 0.5837606971449589
197 0.3438821336963024
118 0.6200338453850929
51 0.8627147208696915
456 0.9215823947436877
1701 0.005700855517204562
893 0.7217373276024954
1346 0.22918931817111587
2126 0.12513719940769985
2567 0.15406720619197867
2598 0.6568885303588339
2128 0.05527236648592404
1270 0.5369294650700728
396 0.20772226847051478
932 0.4148143040169787
864 0.9501852883104671
1789 0.09738794380329496
2803 0.6727575908413946
1147 0.2039058446163653
2317 0.6536396330509198
2680 0.9203824141603986
1250 0.3151568264493566
84 0.48612535869766327
130 0.354309348707021
390 0.13205777725680135
2114 0.6705580612005866
807 0.5999014271266514
2280 0.23952029727108215
567 0.6813020804223614
709 0.14934168630159717
1387 0.4408560582909625
2120 0.3204928538481222
2860 0.4366357879722901
2791 0.1652741510524678
2833 0.6710891302770533
2819 0.852404123857496
1720 0.9463589738041117
2226 0.6440046075522713
1148 0.6051422403292868
1805 0.2856250460063807
411 0.3025457488468998
422 0.3041578741923512
795 0.35405460323039095
2156 0.03270415323768805
751 0.39351345346025435
1011 0.45685603771583594
2648 0.29313895604524853
996 0.2865030788925591
304 0.9221242647655086
662 0.396183047344865
1438 0.4247439566867106
1045 0.16924720724533682
452 0.3646708083185294
1502 0.5684179425780921
1485 0.4350259307921506
1492 0.33778522731040217
2410 0.16574280473126624
2941 0.2061313770529979
2418 0.8538621448048055
2356 0.012091272537403497
2382 0.16604946113042007
1681 0.5714651515562712
2608 0.40306647123885786
1877 0.28903337818625185
717 0.8795402748037413
1290 0.6512048604756236
2201 0.6733576404283432
1406 0.5403925705006154
1523 0.6286863323433489
2655 0.4397249024792772
161 0.5378121443215826
2016 0.29791947814998165
2394 0.035994124729863186
1665 0.6755187166096468
2594 0.8604406265293415
888 0.4190068789204847
1237 0.8159837464775103
2586 0.08464749395242988
1462 0.5926253978696003
666 0.8484338567687943
2825 0.010779562238265483
1761 0.15211253314202877
2211 0.13448968719210175
2848 0.0383535721432986
1312 0.2276228826053257
1512 0.6024134264845733
792 0.48998184106495524
408 0.1906322850576777
585 0.765958147522134
616 0.8680057696471052
626 0.05345118323903253
2070 0.9473934102092955
2925 0.0393671569704348
1000 0.6596005152210738
332 0.15312449198473976
337 0.3166919484793631
1314 0.004489665983227642
2780 0.15504537939062712
529 0.8519814706920683
1844 0.04551084336612765
2983 0.40005805837291974
814 0.26981096932896576
2901 0.7764613005474281
2372 0.6810681944691154
2773 0.4984475911663073
643 0.1040649981333247
234 0.7227579740052583
62 0.07703240416732471
13 0.3765592048253157
2263 0.10194340483802344
1588 0.4874234929005421
1629 0.7915797913893812
2861 0.40396736700370117
2409 0.5310518899187828
2584 0.5734102372856767
1833 0.5639431986313216
2508 0.19926895679869217
2282 0.2784073176569529
984 0.5509570032884872
1189 0.6856637627621481
2734 0.21792552104289664
1459 0.862159300801419
460 0.9337514294374332
786 0.9076255940822087
2461 0.41954524037424945
2587 0.33460574409854804
2699 0.18206595524585734
1808 0.12776873814080747
112 0.04530800612205199
2514 0.0892066076946394
1678 0.17637258987592463
1917 0.8968780314902589
2538 0.32746082295617207
2664 0.8442493142325164
149 0.9801023461877765
59 0.895068508093727
73 0.9406809667828782
973 0.009714204478770472
1021 0.5743498064730838
2900 0.9978323020139223
1386 0.8857207580406341
990 0.8621433061737139
1121 0.3103008614904952
1334 0.8004568544630877
1562 0.9481765451794897
1554 0.9043395475415903
2615 0.4861382056869229
545 0.11235644547107271
1160 0.8095614940319552
1996 0.2616923030489048
174 0.6006134835566731
2685 0.49352234819818197
1937 0.2237107523638039
2884 0.25143490773957755
2583 0.5033927900693107
723 0.8982651877012211
1537 0.3895135440566466
491 0.5010917279623668
9 0.15208194185598
154 0.527293956323157
2810 0.8793774230717979
1353 0.46264716596563815
704 0.8800983599562239
1729 0.1001242397562524
1112 0.2458638907193752
276 0.9738634065996836
603 0.3261344376517129
986 0.40512505368641527
1653 0.27066449733462794
138 0.5925006784675747
503 0.11183946395469857
2571 0.6665571177369126
587 0.5843465926540985
591 0.15718431010319844
1921 0.7192355840587313
1035 0.12192925894285267
1841 0.3365145070911345
2059 0.6430101129455723
2945 0.28279422560533485
670 0.7049350937489007
776 0.4864898481848955
2644 0.27012255211131897
1875 0.07313916608255966
2616 0.35162704794227784
437 0.1498803546144799
2826 0.02324754531860851
617 0.21077775202591165
1150 0.15437371004661515
2285 0.17589715736132205
2165 0.4952592189547691
961 0.1637303048733798
14 0.2183146123136993
235 0.9683654618300709
851 0.11359169767693089
299 0.44205531075008153
550 0.9007435106942047
1902 0.8630117171967323
2091 0.053832788746481564
2862 0.13657440229711826
572 0.3313889762393166
176 0.42627127009833243
801 0.23366606891552988
2345 0.16048326035751004
2850 0.7309162177593522
1195 0.2519101052900836
1495 0.4007409913698149
877 0.19360206275150915
1116 0.18835365643996882
2434 0.622684509335987
367 0.18178891239514117
2675 0.9969905296806928
1111 0.9251502958812455
1741 0.459610128346278
2481 0.2004675376477545
2053 0.39347930714603907
2290 0.6826949554108065
1592 0.8242221315793948
2140 0.7910535705959729
1500 0.3341901438588467
119 0.7404302096422651
10 0.6436126486763072
