
 0.499
 0.511
 0.583
 0.511
 0.479
 0.525
 0.490
 0.550
 0.526
 0.436
 0.517
 0.494
 0.470
 0.490
 0.472
 0.482
 0.530
 0.502
 0.483
 0.439
 0.538
 0.469
 0.517
 0.506
 0.516
 0.547
 0.433
 0.473
 0.520
 0.487
 0.495
 0.531
 0.519
 0.508
 0.452
 0.517
 0.479
 0.543
 0.545
 0.524
 0.504
 0.498
 0.454
 0.501
 0.509
 0.537
 0.523
 0.545
 0.480
 0.500
 0.532
 0.509
 0.516
 0.508
 0.547
 0.502
 0.481
 0.494
 0.512
 0.479
 0.458
 0.464
 0.544
 0.496
 0.483
 0.488
 0.536
 0.476
 0.457
 0.477
 0.463
 0.469
 0.457
 0.509
 0.510
 0.502
 0.467
 0.506
 0.459
 0.474
 0.520
 0.518
 0.505
 0.547
 0.475
 0.466
 0.527
 0.504
 0.483
 0.436
 0.482
 0.498
 0.486
 0.550
 0.504
 0.476
 0.490
 0.496
 0.500
 0.497
 0.493
 0.413
 0.437
 0.522
 0.438
 0.465
 0.519
 0.472
 0.470
 0.467
 0.497
 0.547
 0.548
 0.533
 0.474
 0.521
 0.438
 0.484
 0.553
 0.491
 0.540
 0.485
 0.516
 0.496
 0.506
 0.519
 0.561
 0.523
 0.522
 0.445
 0.494
 0.538
 0.468
 0.539
 0.532
 0.549
 0.549
 0.498
 0.520
 0.534
 0.544
 0.536
 0.513
 0.488
 0.540
 0.524
 0.531
 0.506
 0.490
 0.502
 0.470
 0.505
 0.497
 0.505
 0.510
 0.459
 0.506
 0.526
 0.535
 0.546
 0.453
 0.470
 0.498
 0.496
 0.523
 0.530
 0.448
 0.531
 0.497
 0.477
 0.471
 0.539
 0.525
 0.455
 0.509
 0.498
 0.512
 0.442
 0.466
 0.483
 0.500
 0.513
 0.452
 0.493
 0.484
 0.525
 0.517
 0.494
 0.518
 0.521
 0.540
 0.531
 0.568
 0.508
 0.532
 0.513
 0.502
 0.508
 0.526
 0.511

