0 0.7289436515813682
1 0.12137232135264531
20 0.28754141358491625
1802 0.7380831377642982
1242 0.22909692951522576
1565 0.557992529107131
743 0.23185255596358423
998 0.8003414179890567
268 0.892529235700942
406 0.1211985519091372
565 0.5861411784376382
142 0.002524971354582517
789 0.7754884602313236
1507 0.6978783580161082
557 0.7849157268244007
1155 0.920143836551843
1897 0.8743686670350793
1194 0.13058792119067608
1362 0.2055951909429634
1775 0.7643035464362281
1891 0.6938435831885326
1374 0.024084423016699996
1043 0.4696135884510272
1776 0.7116524402871564
1403 0.5293187907038432
755 0.6269850120961303
799 0.2857095500577208
717 0.44445607899921036
167 0.5530605629029129
49 0.7899778785542971
235 0.07927113050988899
598 0.33548620596536394
1672 0.7420430896912126
1749 0.18774757340751247
899 0.017082349541240105
1071 0.6040232879614809
587 0.4536915930915064
1114 0.9169226541820504
1880 0.5964889125709674
487 0.02150625831124109
1845 0.5537308991541753
685 0.8970446444137594
700 0.16731062783752626
1540 0.7338972704958572
1189 0.17907455647010595
1635 0.5046997761124877
571 0.4252139799802638
632 0.20097178674469374
889 0.8048966146528754
924 0.32884670387378245
1896 0.8675513964009836
1931 0.9462803115809858
896 0.1439105278796352
1224 0.06339411323856736
876 0.6678671821475296
1327 0.9069268774145819
752 0.5136132739600677
1929 0.5432894827407112
1429 0.2816578147883828
997 0.6148096606468102
1834 0.6771209325294918
1111 0.0022674128737401045
870 0.13229714811970084
537 0.36720435275506724
369 0.2640879116987439
482 0.08068842529087439
628 0.1356417815555776
1312 0.3538823421691233
220 0.007849895610142044
1264 0.4012308150213466
517 0.9681904983696642
640 0.05212489477700455
1116 0.4533753793945243
1767 0.0469036557986835
1798 0.35455207330689864
1162 0.1326589450122303
1086 0.6101525523374766
1384 0.851060087028606
650 0.8934936277714894
673 0.8699687643589394
1827 0.5496203225679246
970 0.5305323161258966
1480 0.9669594349549236
1821 0.054955349188335445
1096 0.023138106403479908
403 0.6856032221691639
428 0.4740095184456323
523 0.7431052704947597
1963 0.7283777352985723
238 0.08263421624399392
1764 0.41935815935808807
758 0.3191019319155335
1377 0.7654280309685709
1153 0.8195970307449344
897 0.04805105458220904
368 0.9312043575960935
132 0.45958886149008227
28 0.42844192689874905
109 0.3346807248317232
1016 0.3488495660332769
1574 0.4292623252600617
1235 0.05666006347793484
1297 0.5745835053187998
636 0.8044131871596288
417 0.7775430372231144
534 0.9642680615844527
1723 0.6711127007711888
1089 0.8392625327282627
137 0.5633864048268795
160 0.9410487444269583
399 0.5283978367599934
1876 0.24701625355836498
1567 0.43518859579706903
1352 0.9032224069901831
1526 0.8385012664421357
1838 0.9784953480670605
468 0.4564327976716168
495 0.9092853901459593
1501 0.2736565221494166
1954 0.9697309580778031
323 0.6075449973573043
1562 0.8129618491830387
544 0.0020666762246177584
827 0.8137750990524206
847 0.9244362367746606
850 0.079491998049947
839 0.24339185489986792
1713 0.31287279135389423
1137 0.7123273697129667
87 0.4601416333269789
314 0.8522620875251453
659 0.714142758492698
1424 0.0384208242137849
585 0.05141931059848437
1455 0.281388318630582
1233 0.7040950958911651
1364 0.837633550879077
1354 0.5013189452018961
484 0.5806785411045833
541 0.02428002294083098
1586 0.6421708753127806
1617 0.6498191897403071
1620 0.5631993242930625
1914 0.8893911402508774
274 0.2527268007207817
667 0.15225400046143878
1892 0.11711419037107962
1021 0.15128442898281624
1717 0.1768392815262394
826 0.13252430414269334
1167 0.9277964827787432
1160 0.761703075568619
1622 0.9631054698771949
917 0.5113865474033384
516 0.07189835469719352
1885 0.5430476625680608
690 0.531751249031465
883 0.19142530717762107
1719 0.6321839059934728
1641 6.226339708674811E-4
426 0.2914785502410331
828 0.23551778456274408
1261 0.17455819977772336
486 0.6657803182846179
359 0.436877732150336
410 0.9590407471617906
1244 0.227792477935843
69 0.5684508757318048
71 0.9975086960842969
1666 0.017998465478173076
512 0.9033766457495359
118 0.9834613035309433
1651 0.3376262412496138
298 0.9671422988111691
1648 0.7536713299781924
1778 0.6647240040609043
1266 0.957594452388181
212 0.181975288508902
73 0.23722221916081143
76 0.7370114896675141
112 0.4823331391167387
694 0.43967746310106526
1260 0.09752746484742225
86 0.4759592958075901
264 0.1256652866434419
365 0.33435444135209735
840 0.7855988450308157
920 0.7148564346948952
1101 0.9016784256134317
963 0.394554920418994
1053 0.7399111751930598
549 0.4620160786883115
753 0.030617844061022637
1211 0.7313428564158078
808 0.36292842051400975
1724 0.7917908524922355
1915 0.8821546201525358
1900 0.49950665914417636
1202 0.668851899817275
695 0.9101340631147646
674 0.1805947053367718
364 0.4048885963148712
1423 0.5174250069129396
1025 0.031310853748088285
1284 0.837757122537519
918 0.14760224974222902
983 0.9805855676797819
1560 0.07496345461632126
1171 0.1135073987211549
524 0.9203944486919501
1619 0.0016160852977010753
858 0.8136738856155368
202 0.5558213022454448
711 0.05256457256018565
1331 0.8591121699215847
335 0.8793100028401394
787 0.7061314066698056
1621 0.68141393263459
1956 0.006171303802159578
1158 0.7779508778554248
146 0.30465871405348477
188 0.2956113805054629
1690 0.4626605661161707
548 0.49861298694378464
1139 0.12346689604860528
277 0.45870963903632067
339 0.24559468575508003
1935 0.2882706019851222
619 0.4030577148278597
56 0.04506812273819116
68 0.20582552618453953
1697 0.10188419339698906
1609 0.20393670053058066
1687 0.5570450621135743
1647 0.6085183533376871
347 0.2591827743923948
635 0.8854066554048124
1184 0.12059803372472222
891 0.22399271093110407
1213 0.6921835176893418
1448 0.3140882662580736
555 0.23642469647597308
846 0.45222862559268884
1901 0.09682514182476998
1926 0.18038520124367685
1247 0.6442676953964168
1753 0.8448166369335619
1865 0.20329770803141523
1706 0.8881161022877966
656 0.7559091473181752
953 0.726775847126091
1055 0.14540978857897302
913 0.8498532503850986
959 0.651873371788999
1756 0.2921882095801037
446 0.886355998045834
820 0.169603258969503
1982 0.12851552919938514
1198 0.42146199337716617
1463 0.44168155210943905
1863 0.6586947592968077
467 0.47136257049001395
1681 0.325490807848584
1263 0.20963209530023397
1760 0.16186613914623416
462 0.1854268833208621
355 0.7351031305967356
117 0.5152004381173432
129 0.4084543269046744
232 0.2447113378303305
1019 0.6673888076452585
1878 0.45917545776654656
581 0.8797248827471232
1528 0.2472841513392593
333 0.8494492095226175
430 0.6761275970642265
991 0.5636073078425354
1534 0.14284276567479748
1605 0.2819011644544992
648 0.916156560236386
190 0.40473319149139597
258 0.7373763232316803
1989 0.9049462269136047
1163 0.9349704475967214
1670 0.8671742578450663
317 0.383245441252677
367 0.9204445048549739
677 0.5681482898170751
1353 0.1363599276723727
1159 0.6387941877440503
444 0.9597346668372696
267 0.2577186905718354
270 0.21843354670266812
1678 0.09479826922631318
757 0.9027795305004981
842 0.7013309892992157
1700 0.42526756972526114
1049 0.15077611822350767
1129 0.14575711827377913
1432 0.07708480527519923
1093 0.38843600601672357
336 0.9711669774220647
1793 0.0687757427723944
1427 0.4635347755588304
1815 0.5164384401056843
1707 0.6414535993863838
357 0.13969696365616557
242 0.2446830219804088
438 0.04038611826034222
1334 0.935196422423878
416 0.5465262682775414
693 0.806346446754514
1103 0.36467414892796535
1420 0.06254876113479568
1551 0.29644755631248054
1792 0.640978409482806
1991 0.5985515491612053
1984 0.8231834599317707
769 0.014016041529987477
1544 0.49267395217906196
1294 0.37596553356993534
645 0.15504674480785896
1639 0.6233987092709844
1124 0.9312715454952766
33 0.7887756591690319
16 0.8620925306201944
120 0.4371918269020807
1170 0.771091302592881
1279 0.31957148935552926
1172 0.07266875469075607
1444 0.42395716962064145
573 0.0075932984389970315
1888 0.2979241116364699
1566 0.39123661214635896
435 0.13046377026232803
447 0.16327894587856295
867 0.7856531175571971
1368 0.07222671040309214
1773 0.5133126382574384
1722 0.12237918862863195
1959 0.2744728639149451
1725 0.7375173604940684
74 0.867062495924721
187 0.7389842151108642
437 0.43703003453592304
289 0.4829751269913354
931 0.07597272231296115
1001 0.7073004621485033
817 0.8402014828419954
932 0.1956083837432726
151 0.4864646945585194
1950 0.41538837503431447
1512 0.5086573728754691
382 0.3633987100822703
1476 0.6042216879310258
189 0.19574312400182503
1569 0.2602650368740703
563 0.4399248436575973
875 0.6602033698740245
402 0.11729981278274637
556 0.023787414755128133
611 0.823715140875208
1133 0.3603752694927399
1842 0.6071360441358618
1852 0.6438675960202732
574 0.7230950744224048
1378 0.6660632738378343
1646 0.37036577201397003
1064 0.5945169126014331
1967 0.38100051435023086
1832 0.914360360622683
372 0.12964615439385208
385 0.46623610787841974
794 0.5820482919044991
313 0.5195719405676538
53 0.7895811279341394
450 0.24255265509407553
793 0.6821378861276863
1952 0.753926812921459
459 0.9406582272143429
744 0.946128960581105
1447 0.5183188474704158
222 0.9495073404200063
1156 0.6384219987172142
1394 0.21953970610314077
912 0.611305835851313
1045 0.3847161281682129
771 0.8816337200863976
860 0.6276039843305941
1738 0.6080818835753508
1525 0.3389179840913722
1735 0.41048439902687484
974 0.39480584759031945
1846 0.5172358317009407
1997 0.2409770289092592
1508 0.2537628991234169
1598 0.06121012060734232
1503 0.42510527812088195
59 0.7858682937369058
40 0.9902167119359736
43 0.7456329901227869
493 0.23819915671226954
1873 0.13588663355960673
1801 0.6573198357069697
1285 0.7295467465340167
1747 0.08263369672392418
1777 0.2978718747886364
1430 0.22548525023078492
634 0.8104023192034936
1779 0.6174047725957659
709 0.4165006820573617
801 0.14456647823074265
1679 0.3393728909102003
682 0.5185222213111533
228 0.48534655076996946
923 0.4812300018342315
730 0.14227980192378553
740 0.8734341521852145
1662 0.9845953098728308
1250 0.6319241141159672
1698 0.14839422273070868
1379 0.33869272926819716
599 0.7165908649598443
1040 0.14062981606935698
710 0.7611009880271209
51 0.5480885759757029
588 0.5037695236471597
803 0.3309284448210651
1720 0.4195065339843427
1376 0.6853954024794174
732 0.7382579913124895
1461 0.0569184056161568
576 0.336473940357207
119 0.767388355623309
131 0.8888856799368711
658 0.7215901387842473
851 0.8756971626585855
1031 0.12687438052210953
1862 0.6217487976226858
1791 0.644090660615969
1270 0.7049691777685051
1395 0.08777620735760738
149 0.6576925950067742
1066 0.18414588928516906
1238 0.16633558055304498
1063 0.3666371816965721
110 0.06476736512095882
2 0.27141073766154766
3 0.3746885993909995
192 0.2087356052319974
279 0.5370166552123828
705 0.10223585160289084
835 0.7248030206757751
1712 0.22052656923701963
288 0.4403985489252419
1746 0.1447314865533369
1568 0.06212277100375918
1033 0.10650235491466287
1243 0.8091646038539703
1587 0.39823208312215486
1912 0.10461953928515588
908 0.7858467496778027
942 0.9550147981692687
1301 0.8322325604757022
261 0.7229352992976518
1705 0.5687735180424147
688 0.02703315334174805
1557 0.6189913831352156
1843 0.4875545172974858
1999 0.013932336079273577
1179 0.08151048283415763
1564 0.13863166380425695
1797 0.8832142485552928
765 0.14578135103509104
155 0.7931703898013773
358 0.8778186336220298
1877 0.48914794383566307
436 0.17521940630265775
309 0.02515360439502734
922 0.10991948110180272
1606 0.260715736086523
741 0.5375881869582976
1200 0.4742255109196849
874 0.5741423239989677
29 0.9464384447057824
42 0.251583896258759
64 0.2703234942567556
116 0.0353137774048371
630 0.7468577392573486
1234 0.7891541566666078
829 0.2855873340019365
345 0.09905701977554493
872 0.6266612796479198
978 0.13519545935281574
589 0.6438858937661425
712 0.8812442723262287
1971 0.7772842109731757
821 0.37388814042087837
1414 0.05254089683894436
452 0.610059618838026
169 0.3783282811677978
193 0.8909419485259997
1314 0.17937325304011675
701 0.46335398924544635
291 0.3257846285059768
1125 0.04275194123577286
1517 0.5810278060084647
1278 0.10193716916564655
340 0.18362312251305446
101 0.35854929850465955
139 0.9700404261939409
902 0.2879949626200978
1986 0.7835692582270051
865 0.6495090937256718
1397 0.1932763311911635
638 0.855206925892221
654 0.08886387907865945
892 0.9023269282968286
1293 0.9490529560885809
1969 0.32580907359116495
509 0.02693952418819956
558 0.10624908621033924
1373 0.6586170218856442
1857 0.5548172851403819
1122 0.28289237671164347
1981 0.7379470492386319
465 0.40437076195365584
476 0.2334434396828421
1062 0.5587944382979968
1664 0.9190655810490922
1688 0.9246291801028363
679 0.31601361505162173
134 0.018714413585499745
384 0.16202425548533872
477 0.35351109650729484
909 0.778242978614067
960 0.39621539300949027
1012 0.05755551582136842
1433 0.6678044648400066
1457 0.7993231470012171
1689 0.03656506609663768
642 0.5702110415536801
254 0.31062197082402443
616 0.9995726008708204
1811 0.68571249395237
445 0.27652344246239124
672 0.01547486309632029
698 0.2943699583128596
144 0.6078042837805852
175 0.77727533722949
57 0.4587606364450083
1829 0.9881328013156152
1894 0.8781868026490763
411 0.008789999554892902
900 0.8348082949086945
4 0.5217216956035057
30 0.10014231536339802
1145 0.331109093489635
343 0.9043424946269029
1683 0.9468020354967333
1754 0.11930308182551097
584 0.36231940980879473
334 0.21541984156633442
337 0.7538670976164942
990 0.18481737891205718
474 0.7824930421437345
1226 0.4519143689805931
1921 0.6824908677642877
1960 0.6502623197162739
1807 0.9870337378216388
351 0.44075510339113977
461 0.41065754709847413
1355 0.6924524921499827
178 0.9453302368522278
504 0.57178644854593
531 0.9241518974399096
1742 0.07391603883355313
1596 0.8849206097456197
301 0.45743634963847357
639 0.8568821828039009
1142 0.5217668856137673
1387 0.22049199849930168
1422 0.44609347222460183
1524 0.01603708512471591
245 0.12793637656938173
84 0.08846267182559742
1739 0.3417079952759833
930 0.7879770457781337
1077 0.3678637883870659
1283 0.9632331435471978
1361 0.5229796997188445
184 0.7995149210634892
750 0.06448467757003029
1964 0.009642727386602545
387 0.36117160030785267
788 0.5908726132571556
1302 0.05886816434284359
1592 0.7051308236567068
1121 0.443535212200874
195 0.966988463966739
162 0.1785839009397162
32 0.771662412532179
91 0.5198096329963775
106 0.5599046751623704
168 0.6122479950582834
210 0.10509559219928688
354 0.7673415629457847
665 0.33579411215804944
1356 0.6354572464134857
1446 0.7467495744778044
159 0.17467960468223465
161 0.39023196949196337
1191 0.9332691458026303
1770 0.8354516497699799
478 0.9308044444855176
1970 0.9407758202157583
1494 0.4353161864175593
739 0.3136609899441076
381 0.8487602968318427
398 0.6060592580156774
1092 0.2718717254383224
1660 0.3552254720183078
764 0.7190911079117002
790 0.5230584033956787
1947 0.7899794145366373
269 0.3597824407639836
1866 0.2587543860334739
1887 0.9702629499156333
1477 0.4105357277996533
397 0.5442005770649228
483 0.7422863467513177
282 0.25216070330241247
104 0.3066124407476609
440 0.7809294473142144
1607 0.0011858622448553957
906 0.6115989063283106
926 0.8351677849473265
419 0.33861623770274996
1467 0.5605415417233103
1262 0.47817695899993484
1411 0.3997754906525036
491 0.8114869407312034
936 0.14126069549188136
1671 0.4786612730814849
275 0.46219891335192254
404 0.5721517589249286
1762 0.1695173047066234
729 0.26024507063981517
1709 0.18809701948105095
48 0.9560781188275448
394 0.778353832665447
905 0.8934062282208058
1005 0.367657141283969
1358 0.5247450385751424
818 0.08688277155425739
1904 0.3992638920179199
572 0.10835875645849169
1787 0.9274945059325544
662 0.1467834108272844
348 0.6374050664152066
878 0.9977719799801856
937 0.3839654798751636
1391 0.2972594810056085
762 0.7711806488978135
1412 0.11873121974498713
1196 0.8240098013172812
1267 0.8473552149618471
1874 0.0640529770961542
1995 0.12225049398480803
1369 0.2200336724424189
1487 0.4574376716522044
183 0.04413156122315187
1396 0.5212062283826288
1953 0.8867763399236533
329 0.128688800922234
561 0.3790981259099322
986 0.7345758045768276
1287 0.7342294605116657
1965 0.10708967664625402
1657 0.9088925138483706
545 0.39560640801327074
229 0.8592060036389496
124 0.15058197580401966
1716 0.3530095936356582
383 0.95678869222611
1465 0.9827012140278212
1499 0.2558181689553154
1945 0.9142969791390817
1761 0.1547304891084933
1313 0.513686263929097
676 0.8691284554000205
1300 0.434160150148015
1449 0.7007613952909885
1908 0.16184962727307084
457 0.9997675088663254
201 0.8970178862637116
1203 0.3731024059420869
1110 0.06417279475233861
1366 0.8465873596322279
361 0.7626047801330393
526 0.49157871266422326
795 0.6357251527849125
280 0.2180890981407878
1013 0.25691278553403285
1502 0.5945700601787357
1289 0.047410220671380565
522 0.6908990707742196
1732 0.4232327445665681
1850 0.49083866688932964
1109 0.849479333675994
1154 0.41672846136025
871 0.05864492304931446
318 0.3879436659057919
216 0.7293634963965676
136 0.4853717763230755
153 0.09731134208763881
1151 0.3177843180078922
1255 0.18761062382154303
1131 0.11730010341080999
745 0.5150706360093951
948 0.7591641926440269
625 0.5331857645386664
1375 0.733351979403376
1692 0.0728342687262793
903 0.1460284533741456
1316 0.10204046231610053
1711 0.39167571650759636
706 0.6422202563488982
126 0.20999537779521726
36 0.6062319511931374
25 0.002253939544979322
304 0.9733090434374927
496 0.5646254202899835
718 0.07726399613536339
1823 0.03929366341624352
1205 0.05869633401948238
1543 0.3629518748971887
1197 0.1180804603051534
332 0.0717598210706788
1644 0.5311842045546337
605 0.8362247343847168
1906 0.9666943656997398
1075 0.24582799105458564
302 0.1125838859160051
1854 0.11308039247490165
824 0.9211041586638521
1026 0.1278374680111849
1784 0.1559905076125031
1987 0.9620320925536757
670 0.9648896705483241
1436 0.22864342973264495
895 0.9722981801493993
1123 0.16618223826141976
1181 0.2720226717326224
759 0.8771287862762535
63 0.7734934369982657
244 0.9461779501097323
376 0.4347258689098381
1309 0.4957761541871515
681 0.4132548081517273
1150 0.8034093380119978
1572 0.7404025937467548
1482 0.6337573518185905
1816 0.03882167369752876
352 0.8313369083335379
1339 0.604902219130322
1491 0.456231098136909
618 0.7736282329941537
833 0.8619175460132333
1649 0.7312624956014309
380 0.32545071780303736
1556 0.009200305630823524
1942 0.6871839522359212
890 0.7767436535261009
1454 0.9627332768383785
529 0.9705606270646672
37 0.29867758465126415
1054 0.7358597508232209
737 0.37515106333716364
1083 0.6725476121801169
1478 0.5480636424954471
1088 0.5182861904018813
947 0.05988762882082377
1755 0.13214149770515138
1836 0.32896297505833993
945 0.07613935317937581
508 0.6545804932146593
1035 0.7436279967362952
1471 0.23369907743119578
1067 0.7826282776201221
1550 0.5805595808189121
1691 0.5797801479751074
812 0.40076771448190385
1106 0.8260427491748591
514 0.5131123723234873
306 0.060025054851676085
330 0.2276259561345717
703 0.9853273055536137
864 0.6644081614761594
1486 0.5727812195182846
832 0.8750004291492912
1435 0.867013030888353
675 0.8819167117254316
1044 0.20810107356092744
375 0.36431351981783644
646 0.030388914954028734
837 0.5019903659860734
776 0.5203719057792424
205 0.4448218626825531
295 0.6695191935082507
1740 0.7763390405263086
70 0.5017098131143477
89 0.38039419195224355
1037 0.7118693447636713
315 0.731618603858281
1472 0.2631493359939041
1381 0.5940334055238417
182 0.005394516012009021
1185 0.37612741445110676
1810 0.37824207180185165
1134 0.06179110198851179
1674 0.8992256658131816
1326 0.6783477068574728
721 0.6057938564853576
1039 0.9755641664443556
373 0.05658562252812438
1631 0.18841205628801116
660 0.8914554456709156
1183 0.3796318506421982
958 0.9349513738360412
597 0.7954815237689676
312 0.11286989292098726
113 0.367848891898091
147 0.8318990230803516
669 0.7794190299147843
651 0.373150402468733
1488 0.506857330583874
1007 0.7750557698362438
1542 0.8606420016745419
1533 0.7499171712116266
1082 0.7711256464543373
666 0.5563833378808757
536 0.4690976857799489
568 0.0028102828274330083
1548 0.0012911543051145058
1604 0.12090058281958149
944 0.25262749209152924
1010 0.7189770194993486
1425 0.941705058965011
374 0.705780516574514
1104 0.4407510827542127
1204 0.9869936430046284
470 0.6747833250299713
1993 0.4171515051264161
1627 0.09548036196466603
408 0.8253217230483431
45 0.7644014017523736
5 0.10568125596494204
6 0.25986232431560685
54 0.4428280615251534
218 0.6886246404692045
425 0.5165927116309786
671 0.13652496100176226
1630 0.29419327361826475
1824 0.21634236645180083
1535 0.44308804851988204
1349 0.35153890291856493
1521 0.5517234918173192
171 0.7571766342517351
1421 0.09208203471667709
848 0.18146029580484713
1199 0.489492279232567
1406 0.242301726877846
1157 0.26972347382843564
1060 0.5565811676507176
225 0.22713876069878136
1608 0.7072619507739255
1916 0.14001904135974297
1440 0.17799148577764679
862 0.2917230253192711
919 0.7565657502344654
719 0.901405934144575
35 0.5658350678552195
395 0.3269771464404181
1009 0.1385325771879582
1298 0.08392523658730133
1017 0.7960952720605627
1050 0.598711388536687
1209 0.6408045554130807
1173 0.7945222081893855
1903 0.9716413982381326
687 0.25891495835430456
1629 0.8613062185412661
1841 0.3316413289134491
196 0.9783076393318567
505 0.43864153798666494
603 0.17887798118507825
1696 0.9412937612853703
1783 0.29533204444350913
1166 0.9424365819307562
1347 0.35951575254905455
866 0.906611665544093
1146 0.6320817148350835
596 0.3605012381090946
1695 0.6626062217954133
1726 0.8282363591734593
965 0.2616794145058259
481 0.8935672373969047
1571 0.37526506331045995
1003 0.7302830243245645
21 0.1398761530231255
26 0.8573169540211825
209 0.9715803963784256
1187 0.4230807316011983
1225 0.11335945544340242
1817 0.08660046768815177
1638 0.5265044092600741
424 0.33362286216517045
466 0.5112219005652828
614 0.37111266854940583
310 0.9262382872070213
356 0.1917399911928186
888 0.5554256943428725
1828 0.9745133166969562
819 0.7621378085415724
1795 0.1252374227366716
1081 0.85529610903599
602 0.5649016939240363
804 0.5543039235641936
805 0.3193391149366134
1451 0.48228090699531967
388 0.8947218555546391
464 0.6682682591645909
1918 0.5293517034148137
684 0.35169225398940573
1466 0.4175761337470939
1371 0.6668839562206613
197 0.8175689726096977
811 0.5256216824722577
1258 0.647564062356096
1180 0.16177193929826217
1399 0.07264299591064927
1752 0.5301555235041674
781 0.8747504006529652
1061 0.13383832400996343
1138 0.9901741809581353
957 0.8709579461824267
984 0.15309677248542897
1573 0.42333617224205733
423 0.8548984852417256
469 0.3339150480976396
831 0.5974923711685243
1937 0.9029104433972069
1889 0.5581518107351466
600 0.4925618726977714
1825 0.09601074374508367
1536 0.1757127596934427
1128 0.8655151602408728
1329 0.1937689403445303
1496 0.3057641609491427
1714 0.022952998897589394
287 0.662558748900824
293 0.7122827395161788
1615 0.1122455287823364
1177 0.5909970228592663
1835 0.8922590286770286
1519 0.8511972524062833
1360 0.8791901082266339
822 0.6458510384508012
893 0.6200075775901497
604 0.8218945007100189
774 0.36766889423621474
852 0.48815371708166144
861 0.17681511414192608
1485 0.16531391191928502
166 0.47697466427871504
1417 0.7911464412990222
1434 0.7644359725009661
873 0.27552324133145767
1393 0.3288683228177446
1839 0.767663172364395
1650 0.9899393045325341
214 0.8239430931506797
613 0.9737639555386624
975 0.804929049747718
1148 0.8871743946008896
1400 0.5725671722941857
949 0.5073912867382732
174 0.0862675288788527
61 0.33688308445324533
180 0.66302194486463
528 0.722154799015867
1241 0.433800160099592
885 0.47176238806114146
1229 0.5224907504162362
1774 0.4646412114320919
644 0.12887245915289747
760 0.0013790295000083441
1703 0.12046435806263045
1640 0.17134688040849
1281 0.4298439758347703
1796 0.33736877205411664
1803 0.1027444658181158
1418 0.3597881045514302
554 0.8384396351972305
1223 0.21203276860935283
731 0.23669657786965936
1112 0.07367182262801253
622 0.7360683471963352
412 0.9569675710045815
1546 0.532925052824547
779 0.3859176408268835
540 0.8313104543561078
994 0.1433468654390646
951 0.08124410379252156
716 0.5935929937925499
121 0.6493209886458905
615 0.19390340205312118
854 0.7735385195595024
390 0.6559734709714365
1232 0.5545287229293786
1246 0.6861251492097631
1437 0.9198967879660347
1505 0.11636745827372696
633 0.44309191564631434
79 0.4460983321949903
39 0.4665087734519231
90 0.06129841804433234
140 0.6000851085400867
884 0.16649793186281125
1084 0.09325942608776727
1730 0.360029937714747
566 0.6330600435326722
773 0.22814272695098803
1078 0.25029393730209515
1311 0.38758589172334446
299 0.5040493946602863
392 0.598217809606424
427 0.3564724350491031
579 0.738382584111123
1728 0.37563822490918675
971 0.5118845317855878
1923 0.6369976301574002
519 0.298135101206378
1514 0.6349528211253506
1473 0.6207538295408198
1552 0.7633305680110039
910 0.7126956685974551
1175 0.4576015979241176
1152 0.7397874903539349
621 0.05696783791247917
830 0.5175296007484659
418 0.9931827616713491
1304 0.6715737365651621
431 0.3395665913396787
539 0.48347139693032637
606 0.9915035469014629
1201 0.34206778578235897
1611 0.5644949324599606
626 0.00888501925180507
886 0.9900318741726565
583 0.11705385717525874
1065 0.7241235244007347
929 0.5744687238693061
980 0.41728316492512163
1601 0.9721122501605023
1398 0.6316516654636809
158 0.8875879171447286
251 0.5444572837949558
977 0.028707645783570546
1509 0.5362145110122477
552 0.15517446667402535
907 0.2519699321713974
1669 0.25545943995913334
1814 0.09072203884925734
135 0.31075912473369005
300 0.19388516746064877
1431 0.09988327157268395
1345 0.4011482291900136
371 0.551678166948754
434 0.7718977068239127
1022 0.691073867890117
1452 0.8901564839025063
1024 0.912549518196715
1190 0.705990598339162
751 0.8110409821411783
1510 0.70688851031236
1781 0.8772910061210989
1515 0.7552341048828008
1108 0.38876225626888405
294 0.5165214129917632
969 0.8059592144620482
1944 0.9836010473290764
475 0.6971095335184493
1277 0.2558282292693983
114 0.7860009990154021
123 0.4250039429932636
500 0.47926260266767173
1668 0.8078785906275684
768 0.6973393214918455
1305 0.04482473077269944
1911 0.93365949698875
1336 0.9332370259685082
935 0.15867312283578827
156 0.096892433608607
1932 0.8884906200935643
55 0.7913641038446159
366 0.3371889070678159
608 0.7164064965773225
1799 0.3427306648453946
1853 0.18161446126293423
1359 0.8491191761290903
1870 0.18327425259966823
748 0.6515742785256499
1215 0.5096960013798586
1768 0.35843574852778637
1389 0.48116257073681956
1511 0.5259941930076018
1955 0.8275561641796644
1484 0.4689100510101589
432 0.03507524193866285
1513 0.7092439446513528
1591 0.7665240058341091
1027 0.8988826151153586
1383 0.3128442012659961
1957 0.8008259881902561
1489 0.241064217787326
1822 0.769746678717314
715 0.28982477858411126
800 0.26102622091042527
265 0.7099676768765232
697 0.732581360522261
1686 0.3856334891679335
1961 0.5546880039169263
1090 0.3146445875813282
1468 0.3477668650069624
439 0.957854881176557
1733 0.49541750926965955
1439 0.7636446045878585
742 0.312118809500593
1268 0.23540842341122048
995 0.052478568442943074
1405 0.4017212792672208
934 0.5097459978969853
93 0.38790846434891635
141 0.4041818075936249
724 0.2529956980432585
1504 0.38143968135851225
1992 0.938934527133637
881 0.161203557904393
1165 0.275541158173628
1274 0.10289898080394133
1785 0.9632016524719503
1884 0.33635449586470223
1113 0.22661694926668818
641 0.23453703631998846
1307 0.5647655265427098
1475 0.339724541763034
50 0.40910120079694934
7 0.8017218165810043
115 0.47805163509150317
260 0.4492821972269516
401 0.5982412869862002
853 0.206183930276442
1820 0.37309867895152826
533 0.5817208489600546
266 0.45947256221357347
593 0.4254993916642894
1613 0.9164450266008952
154 0.7770820802888818
1085 0.37101326341696017
1344 0.15858128423893336
1097 0.46421330976417696
1610 0.906454822280262
1252 0.6250993198628899
981 0.43387856836454863
490 0.030571319559022703
722 0.5657574450917056
441 0.7283123373875079
451 0.3425266587930407
1070 0.8988584868409625
1757 0.5674982511791138
1498 0.9986840507962405
311 0.6508735328283017
342 0.3139425726805277
575 0.43853471700081614
1541 0.13501526388815066
1637 0.8309551523909732
1020 0.4174035962862027
1337 0.8211217527158584
1618 0.8424550211890166
1401 0.13523190524878248
1520 0.04428248680472491
1750 0.16073388411280587
543 0.7136594512620557
784 0.24114928695435645
1860 0.8189469310639368
1623 0.7124959961570878
103 0.14733202921755972
657 0.6345087803726837
1292 0.5524209935470379
1808 0.9605040383265576
1059 0.92446557213739
1317 0.8332251893406517
1734 0.3036067416915994
325 0.7872874192003103
1718 0.40911907741729325
1323 0.24655729163937978
1636 0.9422398331007306
1988 0.987842258236581
928 0.878816473174958
961 0.890848070179717
248 0.01401319887385355
1014 0.49555319972007705
725 0.7385418290859063
1907 0.9544150018277318
1925 0.2741361808534578
1464 0.48604084532868375
284 0.46087632182826366
38 0.044270300915475236
41 0.34834783565261807
60 0.8801087386088196
249 0.812779804973185
353 0.5484687388821029
1340 0.6644099726044204
1545 0.6837417834749816
1415 0.3611296282433425
453 0.3335603951265834
1871 0.21665232439257742
1419 0.22181170945461992
1130 0.918847892547407
327 0.23483289324024736
546 0.7881942586662687
1643 0.24404818686218943
1590 0.39249114844662725
92 0.6284188027975889
1576 0.6689007847261758
643 0.5886852020599953
1769 0.8299469801905471
47 0.8062646589100879
326 0.28963140408201415
1882 0.08193713190195195
1938 0.4020740190934149
350 0.18182193138208969
479 0.4672652107401528
1516 0.4281094084351651
1295 0.3694803381223071
489 0.2848841874177954
559 0.41085243931827553
601 0.04330301735230868
1659 0.9449876459156056
1239 0.21234898468158914
449 0.09534218989554555
1011 0.441581063172756
1581 0.27671040966919325
1527 0.8116745561296266
802 0.7607514327059895
1370 0.3959263614572288
1537 0.9896217985708744
825 0.36605592633247297
617 0.8142206891750393
663 0.45126638937437413
877 0.1553300510010136
1497 0.41517914895625696
1276 0.4940629258106737
448 0.45938113322307284
80 0.5383986709093092
1048 0.36657823529316247
1805 0.133288255088174
456 0.9460893419046167
1595 0.04233454912232093
17 0.9569757620311484
577 0.6227005800099338
1004 0.32221563221896277
985 0.8672552531271065
1132 0.519089141154116
499 0.8924815004689396
1459 0.48551640987384737
1684 0.14606793090202064
1819 0.13284167445322426
1348 0.9375376302395706
629 0.48514774972379326
726 0.4252674555958643
122 0.12365877067785969
319 0.948732190471813
1578 0.5917422391070566
637 0.07949974052944564
1182 0.745592012801863
78 0.002107312470050693
316 0.6820811677836258
1386 0.4979686266082676
1939 0.6232228174459615
415 0.08777934570959955
1265 0.16844325956738015
286 0.46043202972328134
904 0.4745044997164676
1095 0.5411921648333139
1144 0.77070877106601
849 0.019927774407117238
1219 0.704544154796484
1634 0.536875365060083
1518 0.5765513299625555
1625 0.9477310387397139
1848 0.8614877495171237
1046 0.2751194180024641
612 0.8634554169391649
1715 0.10743391782765377
1188 0.5228318868018351
1416 0.7193188007402012
796 0.7471799684394645
331 0.8577985009689598
513 0.17607811883013536
99 0.802676898160023
62 0.8762950102359567
1282 0.2916098493923277
1076 0.15581733742495552
1458 0.21267921454280592
1212 0.37850049495615823
296 0.4027354230003175
962 0.5640663755873696
1320 0.8715845023324181
647 0.04533087872822272
775 0.539322605170505
1893 0.10700995118358425
321 0.8533239608173643
96 0.34155870390833476
992 0.3461100814190423
1532 0.6467390921301278
938 0.8272653593322723
1766 0.8352501866445384
1847 0.8605120278512144
344 0.024920730981376593
1584 0.2303575978272575
782 0.49948199734211374
933 0.23047829468569092
1143 0.8947288604229197
492 0.5881286807065657
98 0.5584751135635065
65 0.8636250743720003
24 0.7484275888802465
12 0.31118955729754005
15 0.6034260990532377
46 0.40552331783936635
578 0.6364091303354713
1328 0.28160453026581367
163 0.7718998718694998
562 0.39360555044360424
668 0.1396196133788814
1350 0.2958337199876844
680 0.3959747379707981
1291 0.20183361185501025
1559 0.721684607280062
1600 0.14126076170400859
1426 0.7071011165125147
1273 0.5984422894327309
620 0.30343772692522863
964 0.26192451114735826
1390 0.07074192247896705
19 0.4869213407568713
420 0.9233588205915251
915 0.6649312700307295
1127 0.9994632204733387
809 0.729855387359388
834 0.29883967380519316
982 0.9099062576394359
1585 0.6599177196829062
240 0.23111181992994012
1456 0.9073194534774985
1788 0.5262270594574431
664 0.1822738820819828
708 0.650915602561474
1973 0.1713657792334069
1837 0.3380803480812792
458 0.856693870378063
1731 0.18715815265112357
898 0.29477463190477327
1330 0.7763128335927615
507 0.6196474673436612
133 0.5678623633201708
150 0.03711818424819169
165 0.6258162146541205
1583 0.9959456503540225
1976 0.666714667151766
1978 0.7667790126379284
1898 0.635975331268075
1280 0.5779760594340705
303 0.3680430762001722
1271 0.523854826280874
1115 0.5899047897947305
1983 0.6204870093672101
1934 0.9628078600752034
1951 0.49165494078298755
1667 0.38600817316436464
1833 0.8679630196014848
785 0.8966929665594725
198 0.4466723478221847
320 0.46358163992011614
1675 0.7402784228084837
1269 0.9468962582605724
966 0.7314387571390394
1029 0.9676128515938822
1789 0.0021807414143470982
1094 0.06934977065602399
527 0.5052381587264804
713 0.298442410405374
1051 0.16287150083968183
1216 0.9606542483123738
1408 0.59528707887789
1442 0.9669069965701345
1861 0.14824990607084
1253 0.36891668024083335
234 0.47776094267534586
754 0.8417710431194286
814 0.572103932869846
1135 0.3092499702557099
199 0.8883175816628192
157 0.6735826149507558
501 0.5964334058274792
1998 0.2821581795726338
914 0.8082416434434115
551 0.29372013555142806
749 0.3122030195340124
1161 0.4841217598267087
1869 0.9500680053019146
1445 0.8807111145983801
1577 0.7431514008758489
880 0.7473109562915944
1919 0.8040147107157042
1855 0.5010768297017476
230 0.014119830979409609
1023 0.9384808804605143
503 0.00923503953798388
1727 0.8269114497532314
1941 0.10611858611625369
1895 0.883862704048831
1036 0.11028750874522175
1343 0.9818636123023653
52 0.5759026854018264
77 0.06121925463634592
125 0.832597286784435
203 0.11394397075062745
281 0.512394911114119
1453 0.35337407466393056
1751 0.5182194535712618
1529 0.8272477615583708
1549 0.9441885088342126
297 0.3576184744821914
1879 0.035903147605120256
208 0.38306363937908783
396 0.5004622033337612
515 0.7236431254280954
979 0.1951007254309457
1325 0.2974243629746036
1661 0.22393604212181173
1958 0.18813504303011586
911 0.003981892504037909
1943 0.030846361295867042
1704 0.6911690546404433
1840 0.9384543218827693
955 0.33795845404569147
480 0.9199153604846716
996 0.5188029052389069
1708 0.4125113105165512
1771 0.22561241125200193
1098 0.6597636832439502
307 0.1391973514381557
1539 0.09065365727341701
813 0.8801174253280273
1780 0.34857630548320473
128 0.624327295165861
391 0.8273249288095773
1100 0.40728419020798223
1404 0.9800630825317339
1968 0.5355891134910636
1721 0.8386246114523789
1299 0.7041995792499509
823 0.10050066079456488
1008 0.7505989165591997
727 0.750174240828776
783 0.21225606137475916
763 0.6378865036214301
233 0.8065589199174735
696 0.38094940252680043
1804 0.9797632909135303
1654 0.8124001673055172
894 0.371981618359867
1924 0.1911317572718596
1118 0.6967763217026914
723 0.010858190835684178
530 0.9187988285343232
720 0.5558045611388138
582 0.2161891084863874
83 0.6111743583833094
239 0.9896117078936943
518 0.020107735384736425
1685 0.01280953427636311
271 0.6083174716107329
766 0.7158787932770446
1324 0.8796112028228729
1948 0.19084259290218297
707 0.3508197861573663
542 0.07903420013835794
1886 0.7307738348609906
1221 0.14251122596266408
1763 0.007490940160355231
1694 0.3628125821144599
1812 0.6264969860907824
1318 0.6080165485939194
580 0.27131040616097635
283 0.03438022629177473
143 0.48424248692004856
377 0.7103175479187213
525 0.15793385723335507
770 0.2063230156587681
1257 0.6498808327218586
1974 0.9542119320963606
1949 0.46545247216045293
590 0.4618017315623131
738 0.43495615860541326
1236 0.748039446494492
389 0.01816280303694562
859 0.8295315520934694
1980 0.07621114060017198
746 0.035596999541728236
1933 0.3488158496179351
1409 0.04011887782433188
1782 0.9904259129212464
253 0.6605044848875298
610 0.7595950672380158
1346 0.3735592366113999
1759 0.3251645806810134
1220 0.5572602487098606
8 0.618723511645768
9 0.6950263970268502
82 0.941667502034678
107 0.8446682085443656
231 0.8077422414018737
1206 0.2707651739374036
592 0.18074738091004117
1388 0.8311407516851926
927 0.4235547328490087
1237 0.07322265093717817
1663 0.39858245827690664
733 0.4067418890747415
328 0.3781395487913042
164 0.6913912114085792
75 0.4196840485428375
1176 0.7523311580366346
1920 0.37290433498938247
1940 0.6548227178772253
692 0.5067739726816646
1231 0.6334690656506649
1208 0.6210401864332763
34 0.32298846857956054
105 0.6995558327668039
954 0.265084280539465
324 0.7080672281599985
1218 0.34626390278630736
152 0.7678631415617043
1831 0.2541204115113087
1492 0.9971337147930354
1523 0.18351794327758753
1186 0.5656120616801562
1207 0.9795849368674705
250 0.2849236349127692
145 0.4327240805508482
792 0.15102762766671574
595 0.9036415002091011
1673 0.6672405649028351
1443 0.2536621758818012
1555 0.7276155045899129
797 0.24012747606712448
1851 0.2444652800370024
1864 0.1697919773607962
1335 0.6063135892880808
623 0.02914478699656753
247 0.31920420790236337
1765 0.9311333663117005
1147 0.6684961107456681
433 0.5490189165180568
173 0.20876641703743715
181 0.9590352335301463
186 0.5298782844582035
1558 0.9158466885491663
1102 0.1008011837888011
1946 0.3115672329094764
413 0.9903993322852012
855 0.7041147966097067
185 0.3621850197405795
207 0.22838865698257005
1927 0.4851406765801253
1032 0.47876966312205926
1290 0.831866912835141
191 0.16707441757508545
407 0.32431914291970876
973 0.22832347275418607
1365 0.9177277047693275
1652 0.8370780017987027
1296 0.9778855535282373
1758 0.032260572124842235
1310 0.10423752737393899
941 0.07550078729722987
1410 0.30158918450705097
1589 0.2830033728546102
485 0.47907204629030975
1653 0.6605517515098319
1080 0.5270914371608176
564 0.6373860070218004
221 0.2288984453505155
560 0.30523490593584557
1665 0.7786855239705606
1899 0.2903627594768007
1286 0.7356517763010219
1588 0.5680252762292031
1240 0.7963422660506665
148 0.306224424015193
94 0.45150724069061055
550 0.7625967168037958
223 0.25411950890499413
393 0.3404863722062256
1743 0.6753715391575046
1538 0.4147193340633264
653 0.2813627107720196
1745 0.8268479332771014
1030 0.6226096653147714
455 0.14369543738841384
1052 0.36904541699873494
1881 0.23219596551144872
1041 0.3728625119181467
511 0.7039619661573249
988 0.4445728687281002
498 0.4184676576601374
81 0.8412354191195266
215 0.4238705168942398
649 0.7443645395478947
968 0.3864382902363479
1058 0.19052949804430186
686 0.8699941718285192
1230 0.15371552435900138
473 0.7355952554715636
1195 0.9414342938067808
1288 0.08016070062154668
1868 0.18474250810281134
1136 0.4595933630422707
1849 0.9490394872931175
108 0.9044326095143007
292 0.7460375832446106
734 0.17166329107522682
1259 0.1529015006060236
471 0.22169941237987367
243 0.5551100603932416
1351 0.2659250768035366
1794 0.917370076029045
1120 0.7961075569838029
1612 0.4742278284323064
308 0.4811244965014758
497 0.9914504598013733
85 0.29304109505907294
58 0.20320070724668626
14 0.5198521366489371
23 0.9877754181016211
488 0.215927247006921
1192 0.3645628284670629
1603 0.12568218260639952
1867 0.5574584046060929
1392 0.6932681474816035
535 0.5537678761486508
607 0.1384718048879201
1248 0.6940470565850585
1966 0.058963151839311334
1994 0.6100335033254254
1087 0.1083215487692103
1363 0.06398955459204758
1506 0.02987640800051028
241 0.7459068689601246
747 0.6271720313936328
1275 0.6044937834891025
1470 0.36192366023070577
1073 0.7791651586157039
194 0.7300156764909792
463 0.1806130404511489
1729 0.4111227190584188
1872 0.24141941442194192
838 0.12663589661571029
263 0.057997846787955165
1996 0.19350727682627467
1169 0.13072643163455944
502 0.4875889313655484
1676 0.5262914461090163
807 0.3973162420285494
1079 0.05116829368199116
1702 0.7878227544589996
1530 0.48177554061436556
772 0.08577529890355662
217 0.9942564059855441
987 0.3431070047298125
1357 0.8854963322240275
532 0.7954493049944799
704 0.9510202070509144
1490 0.8003767449959717
1245 0.8751382863041128
1858 0.8952845161746312
1905 0.21807099648188277
1582 0.7055316431556046
360 0.3024482704502527
363 0.7278440293670287
1256 0.9575681791364522
844 0.48168713105109806
1570 0.5322524906972408
1069 0.9544443448506374
256 0.9548177030229489
200 0.43237577228752355
66 0.1283544442322313
100 0.8722753204568839
624 0.7042099573852245
780 0.10515042817809506
1547 0.9742567041685205
322 0.3407425272648896
1922 0.3377229779526698
1306 0.07614186423984526
1909 0.15063186931868489
138 0.7693151793741141
1047 0.2187127170518992
1382 0.45653690092236165
1658 0.6495489428129624
227 0.7071519259720139
11 0.20041065024349802
10 0.47438691999317983
67 0.8436656805835208
272 0.4794822505119306
901 0.9042724991893998
1736 0.6051069995317035
1018 0.9779445262951556
1308 0.8105924556326342
921 0.1672496176796472
1210 0.3361695717239722
1655 0.2820386252461978
1493 0.38799651419430103
1744 0.743799116103396
1402 0.8605854594923823
950 0.8873887520800302
879 0.24400000660934462
1632 0.35928734865712786
204 0.11741194777547237
547 0.6607794428789465
1178 0.8635838150262938
1074 0.5200218415135385
1126 0.6101406941929549
1227 0.7854035020106771
1710 0.47535114023222613
553 0.309258173807052
1462 0.6801768897065056
1228 0.5335112223532046
1913 0.9218434430439276
1890 0.07920469786418605
1385 0.002292016807480035
728 0.9803596644543694
521 0.6342913971684032
594 0.04476218967488199
1856 0.2648246796614344
1474 0.0301107970732305
972 0.18555857130913866
1107 0.280269052876029
786 0.6339854256689783
967 0.3782077673436033
952 0.03235217816969571
567 0.08184822891206667
1042 0.4405610780855219
1830 0.7798941496443129
999 0.2430795465383946
1553 0.2554951742712115
882 0.339646408794794
925 0.8955992897875477
386 0.5806460154637639
421 0.8034355995265771
976 0.7865554179402645
1844 0.9157262985896693
338 0.5037976006035364
362 0.5302069113079029
1072 0.6970153966183276
88 0.27103976312419964
111 0.5017843650308607
538 0.9306554388191121
1099 0.6924526181935968
1786 0.15343069875919546
1928 0.6776924372082241
1034 0.17710692470520017
569 0.6344299611759705
806 0.7273586002187198
520 0.4899634409078599
1149 0.6436007754102726
591 0.12205624067357701
1251 0.4180667990985041
1979 0.7367394538147483
1428 0.5086292458444039
841 0.22926779714853196
127 0.5853950860794408
170 0.9363794434851657
777 0.7973203642538329
1015 0.1851916492953205
1859 0.9831797766754965
1902 0.5095288938444478
1575 0.0883971138627242
1594 0.3372075834561118
1809 0.7473617316168308
1656 0.13987202942592303
887 0.665677556138332
1628 0.5260962547667805
472 0.3355879319791938
1319 0.9161375900176715
1028 0.1402431740067127
1119 0.5219757484969394
31 0.6938316663880909
1057 0.9258774330817757
1332 0.6271943258387154
1806 0.19193933818231546
1936 0.9119337662988256
1450 0.04449484351638455
1800 0.3375634022202122
956 0.47147801281833013
1038 0.6054627954426487
1367 0.07452677395209029
1214 0.17973460268229668
1645 0.40487614407395345
252 0.43245178309275867
798 0.31633853650704136
97 0.13847296821629462
219 0.7596470858792417
943 0.7834664937298267
349 0.8517312944627767
510 0.1851028639495793
18 0.29661986581363575
655 0.5076008363951133
767 0.2928810709764976
940 0.5486278596073583
1056 0.4747616450858714
1441 0.3381543946387091
1593 0.5606291308365682
1164 0.4978348107952143
224 0.6001262323030033
1141 0.7654300539757268
1875 0.6960309770352028
1962 0.6837065936224
400 0.5472758494400057
1249 0.5678728913764467
262 0.8323294780763572
95 0.9355442553830018
778 0.8139682452852564
246 0.5161127720774328
255 0.8210384379620597
1748 0.8695601551337636
627 0.8665033998543058
1682 0.41635802052242243
1303 0.3016749775590214
422 0.043225383576481535
1341 0.4957817800406217
678 0.20534088749601842
454 0.14845067288330271
211 0.37216897914991953
443 0.617024799399746
1174 0.36050969359949303
1790 0.21128974298537173
1407 0.23621319682988495
1531 0.17366588388852233
1883 0.7388303066771087
1068 0.6074570185725131
1217 0.01852901219285863
1597 0.9699286296163693
689 0.7146955098083155
756 0.48646851150051185
1438 0.5643645394467146
1642 0.7048531938940799
869 0.9017430425672446
1677 0.6248153415879546
414 0.4696804565632291
1193 0.32250071068504405
1972 0.36602822448562067
305 0.9762002115319052
1772 0.7176861529811581
1460 0.19799091384970013
1105 0.2790727192220135
1338 0.25218248805891796
405 0.7876754184818597
237 0.4537739422912125
102 0.40677140867184725
27 0.44484657823858553
273 0.9970763110930958
993 0.2233810205694401
379 0.17046104207189794
836 0.08004144439463534
1599 0.5570849058738593
226 0.3576051365196875
863 0.7993013595091308
1272 0.11338173296717413
1006 0.7222143265387181
631 0.6309953424139438
699 0.36295514776809235
1380 0.5440012874995004
1614 0.04441085427400382
714 0.04071568817322335
1680 0.6309673508100991
916 0.12147347329183711
1626 0.4750883937219412
989 0.2630797016252344
857 0.7231190265982822
276 0.9879307276043496
341 0.5031372255410846
815 0.5187763129176677
1818 0.3109184681802273
1372 0.6511755016861042
172 0.10951127473539934
179 0.2342711541926028
409 0.6139874140876874
1495 0.07300508009043583
570 0.27799070126920433
609 0.9646713707920944
1413 0.3334079946482781
1977 0.872858461895845
652 0.8334068201472438
1701 0.8802869267750176
1254 0.18077928900952867
702 0.48398110349057977
494 0.46393422937815043
506 0.850000859770099
290 0.8741382020134456
1322 0.48431472075961823
946 0.25349345222943664
1002 0.6283741786249162
1633 0.6119907805066569
1333 0.6256624429630908
1813 0.3240713043173945
761 0.5176416860355838
791 0.7632259585732495
843 0.1437418043628782
1522 0.16825715731562108
1342 0.04299428344189726
72 0.911024090358803
213 0.64482574377142
429 0.3322466728152361
691 0.6636928350589527
1580 0.4061112159048913
1481 0.38980972759396626
845 0.08757277319115575
1469 0.19800393076677292
206 0.9067563053597306
285 0.19834870022210882
1826 0.7572619837632143
1168 0.9441925196917601
1563 0.16938722989322563
1624 0.5547139013575341
1561 0.21411430143013221
460 0.87928047349518
661 0.4703596730376203
1315 0.8577497963934219
1699 0.7262635103057102
1990 0.23534927566033959
1741 0.07327399468299
736 0.03717559317556096
810 0.22366834053356388
1616 0.8704727594125342
278 0.9634563357262271
378 0.9520137054467321
346 0.3524526523141478
1910 0.7598513170155502
1222 0.7094044760022568
1500 0.9164461339051051
1917 0.5179370246182744
816 0.5345354354219717
939 0.5376134143614499
1000 0.8905548216512406
1140 0.2885369809666646
1321 0.9749010540301024
1975 0.04386693660099683
442 0.2172013723141446
586 0.6486877513007344
1737 0.38260153598413305
735 0.09220464690634056
868 0.06604859738613233
236 0.5875292034779442
257 0.8937406804321913
683 0.6176429122569695
856 0.9368187267734324
1479 0.9735723942414672
1602 0.8684440996971167
1693 0.9285541838814158
1483 0.11707266370592129
1117 0.7870537714450053
1554 0.012602421128365293
176 0.9675114960702001
177 0.4485172045879864
370 0.4419436664150741
1985 0.6813608033074984
1091 0.8835558908401797
259 0.06519253186867568
1579 0.9846465829114486
1930 0.060335963914295854
130 0.3668129032390357
44 0.5815550786417586
22 0.0884561859750802
13 0.3567838702862435
