11 0.7177941874226287
3 0.7610993134781399
0 0.7510507613958751
312 0.8914546724286364
346 0.82277926327741
407 0.35170090564363254
780 0.0022096065470537107
360 0.14121482886541348
847 0.4517390205484829
760 0.7629896763774254
805 0.2599927689985293
426 0.0900125151601966
682 0.6370315747700269
650 0.7784906909156202
427 0.8145333618713699
387 0.24276518094727628
288 0.6516876172220012
300 0.5030311311357238
81 0.8663024564455316
156 0.858070800906837
297 0.36918749986157184
527 0.47001655119935437
857 0.1285698433217265
418 0.20452931760042525
144 0.9523519480387015
861 0.2619694246637544
187 0.978503284589251
190 0.8161919456826401
340 0.6140317812385162
377 0.9640655966834785
799 0.3700809440260415
557 0.524043325157017
567 0.8442108224523441
795 0.6053137536107911
403 0.1777366636401344
484 0.796901773736166
492 0.3326196109879104
602 0.06883189745325058
135 0.42914831736892955
1 0.6193905796571793
275 0.13576663165329528
897 0.30912088513313873
262 0.36236224229320857
455 0.3784518986048624
851 0.5059624870068328
439 0.01090392526148709
804 0.7430644915225488
64 0.8390548488103161
129 0.4386592093160796
221 0.11134130541264953
411 0.172315178820188
894 0.39822863754919713
899 0.44634877981046805
453 0.09014833240764342
845 0.2888991262820224
561 0.5350779766606314
45 0.41973389233282465
73 0.5048410099992496
191 0.3459026433007223
623 0.8043526618310527
85 0.6063461589152269
327 0.9284499199813111
389 0.5576808105923138
350 0.5027218303319831
304 0.6391003371386872
578 0.4725682821455225
622 0.5372438886436819
310 0.331914750468692
72 0.11278402336311955
586 0.3931981330752592
367 0.1330689559526288
433 0.6960826275682169
168 0.4706931720385532
646 0.23296332765033212
826 0.49081671746645217
518 0.716803121901294
733 0.4361480940962661
201 0.9503640249863105
113 0.2927335003697469
162 0.0358849496430963
344 0.7739017318948999
637 0.5517320453036819
479 0.3869260416529804
621 0.780717304286439
890 0.37665079980008453
746 0.7081464902792625
603 0.9491105351893258
723 0.2722964279813186
822 0.7248524229554367
711 0.22425472886830145
731 0.1638173085881971
754 0.9973164311689108
751 0.22666787341066796
550 0.9792303912472251
402 0.14252945007564355
214 0.2175829745820942
227 0.9958770710578053
247 0.629939309100284
46 0.39192213224106975
29 0.10096830202670914
615 0.4210847962415508
882 0.3430452886926163
779 0.02028060251872621
829 0.9558405071798418
757 0.40482358907071525
76 0.977640297725977
515 0.0755138806783634
772 0.02693699535517924
51 0.05829761797678601
66 0.29435470453435475
164 0.4245343889487242
660 0.7063673999432377
99 0.00652629565242302
491 0.35261461052277954
673 0.414644675661763
534 0.9640930767648186
395 0.39482388187223627
788 0.8702804795829779
70 0.5510827935788439
348 0.7940724289489984
551 0.8139188596152229
94 0.34226850761637806
512 0.9143888491007036
90 0.40504689463445687
40 0.7015231279965874
2 0.2423396577496868
4 0.4848006012997713
444 0.5466526585353555
740 0.01658395368250265
421 0.5602335809244825
499 0.13527114006221963
597 0.7992392499282612
434 0.9451208637339963
266 0.23247160064146777
349 0.5444349441320765
559 0.7948870042948426
535 0.5767000490132823
783 0.9598287573807224
155 0.18591388961568667
823 0.5204721300193313
260 0.3122344364175512
71 0.45382770216587276
91 0.6471441474751045
108 0.2308726867010017
362 0.019344036175961143
414 0.5188517687099258
580 0.5878511430243412
397 0.4521625031973847
889 0.5604478917539387
253 0.1619164484861907
738 0.45512271692781403
888 0.6031549148427813
502 0.7125554132263774
761 0.43987164261356415
831 0.2939105573459114
872 0.9765869637793908
582 0.17436055709655995
416 0.5148545349180113
719 0.35217524654480037
477 0.4447791263757429
137 0.12671950418008582
234 0.5965856753748121
107 0.3725267035118899
199 0.04601707902638019
315 0.19940575246506342
396 0.5604388828294302
866 0.8064845483820291
482 0.47023399445217917
293 0.5236765243868743
652 0.38813125524716896
688 0.8713653867360978
370 0.8499258182205793
507 0.5997567466422694
125 0.5990732679817657
264 0.8089295130346986
305 0.08211937021591476
592 0.4623879656133112
39 0.8979617764748696
638 0.5140800719431655
708 0.7268442257889749
466 0.8853790280375081
569 0.7228404501915219
698 0.7661874194295561
481 0.17232452358453
235 0.01918690873662776
240 0.4299188968069727
873 0.8842752510921044
737 0.1040345565075772
379 0.23863904000242686
588 0.4466560420691301
528 0.03631537791353889
67 0.07087150562566402
21 0.47766574183867905
32 0.4161180800330472
15 0.7758725837290151
16 0.034781676207086054
778 0.724298102119155
48 0.8574206767939062
223 0.03504597535260967
859 0.2850161980749354
58 0.2780602813026942
331 0.6863363313451641
136 0.3970531504747412
53 0.35959453889593485
23 0.4405058462237572
307 0.1889251769408612
793 0.647967856236081
575 0.9181865778546232
798 0.029442750846578658
768 0.4891549505982513
326 0.9398760199879991
701 0.3989948055550375
524 0.8031979149366605
415 0.7826400999171994
150 0.17145010270893246
794 0.3656516630679538
865 0.47410602257139467
452 0.11055825894435023
43 0.9706016738955907
17 0.8585919991741907
20 0.6128200747576371
34 0.7770818579837327
148 0.08345925173288371
581 0.09273843737393017
590 0.38317072503925
710 0.6177058832992286
391 0.06022044537918725
824 0.9311628700735273
694 0.20256297605121398
171 0.4751826490768163
697 0.17539697234534501
583 0.10010641181164603
748 0.215801961939605
284 0.5575034977349558
412 0.9249701739206736
289 0.9821558380729354
250 0.06602401687847459
104 0.542021780345005
291 0.4907860345231896
647 0.8331147981898095
626 0.7894327097539253
93 0.11843197408080042
231 0.3099718309071585
726 0.08485039595778165
101 0.34231920123413984
540 0.7505909415559315
693 0.882705548333687
322 0.6154327613551557
576 0.23851801108064563
545 0.9897896829565096
95 0.47888138973177763
41 0.38177347670991013
563 0.6792818271127526
311 0.4248149164881163
648 0.7947699580619477
612 0.49004431619471145
675 0.4671098529440908
522 0.2949092528742051
78 0.5742044797047371
31 0.16778168160801799
133 0.7899615339912125
680 0.2734061299824647
443 0.18525006226086982
802 0.569476764414795
532 0.38866868242003416
298 8.901578131328414E-4
365 0.48490381029279694
130 0.8403964543591017
775 0.5831248118418387
712 0.334695206260642
413 0.9409101167267577
422 0.6928797387672039
734 0.5412708256365849
169 0.24669086422649633
233 0.13772240261595736
5 0.5876811706307067
79 0.2676514879864602
106 0.3977565021677687
364 0.7715790720237568
393 0.6430446057109088
428 0.2608381454898512
83 0.7400344449451675
459 0.13666043090082047
556 0.9559735333817437
194 0.8383588961015586
206 0.49191031796242435
696 0.5383110569265042
317 0.8299446474434655
692 0.7789298535550393
782 0.2660309720719677
549 0.7102569287223818
54 0.2559957466350846
177 0.7805933824893817
277 0.53718273721885
825 0.2301254427260665
562 0.9363962404655335
727 0.6318133798980026
224 0.5492318496502514
351 0.850774742711828
728 0.7197490312456962
678 0.0018306635609421917
843 0.12061453035243319
334 0.8985995253400192
721 0.2806054408944719
830 0.6920896984703467
625 0.37382353989566863
670 0.9166779115451197
145 0.41851600678612433
570 0.20284442323977836
609 0.9990045469606421
893 0.9795020048261407
679 0.09431952558903556
587 0.6251717993118193
222 0.7216223485844107
242 0.5876534634463048
286 0.5449991661829251
644 0.10397655306345022
530 0.5865878020840145
123 0.3345506930551847
143 0.40455344511390723
249 0.8940342952858197
497 0.2855944790626296
100 0.9415334571192757
810 0.14840462578224944
814 0.46636292003844637
853 0.8052234838185949
777 0.7177783212176126
225 0.6191626253808611
385 0.029951546831301745
685 0.9233531308701326
695 0.7912946098721261
895 0.7699173603085372
523 0.14065304138884493
729 0.8008375224384013
668 0.9153062311844037
462 0.553096450875686
487 0.022762950216060673
493 0.08355693261572439
138 0.19437735653101074
263 0.5256535937643476
863 0.8903658818755177
800 0.559390703126103
806 0.5301859985360909
243 0.016243388153789673
323 0.614994293443658
787 0.622428998580787
850 0.242523483126305
681 0.5954788561205911
380 0.9242522917467517
871 0.8954846104377606
747 0.5958838320020503
645 0.04937915256080205
278 0.9019672577778736
401 0.5176454346129921
386 0.8728931517764749
560 0.8539929205928719
153 0.8885079659426182
114 0.4019278754689223
18 0.8583663849952081
49 0.44629270461458437
132 0.9305259567217055
369 0.7789634524949747
628 0.3567210649430681
179 0.96509556390006
600 0.5138691839098064
832 0.763346437324915
207 0.3153680012310346
84 0.7011219985426169
373 0.10408181269652184
651 0.7043997806008829
239 0.20042089475211822
756 0.4802059918143733
816 0.038147316136650344
657 0.7401726575987726
844 0.8848854918292851
703 0.5988361529457712
432 0.235918321689099
819 0.6676503020918
516 0.7425676495810265
339 0.5608825793979143
363 0.8571499022267056
374 0.19387927046338338
404 0.28508424105287944
270 0.6101963912386908
181 0.47485393392097297
361 0.2917251760467904
470 0.1648150734405991
659 0.7009016387420913
431 0.9472876267317089
211 0.33638539430478687
627 0.6453941955712326
182 0.7223441758428784
59 0.8609091097771884
394 0.7748917733552466
485 0.628285285612052
495 0.30197591633736554
584 0.9640352304909027
308 0.31078075547588846
577 0.1706719048727463
558 0.31560341157669214
732 0.7101081466054879
186 0.3691573558620621
203 0.9644947211793309
112 0.16537474904931926
165 0.684054180950846
306 0.16238796032846903
864 0.9697297005485697
252 0.005745990083377839
281 0.6309589563791123
608 0.7714162583251812
80 0.7384494544875727
6 0.4093282433161358
7 0.8317579030091372
8 0.2805379356957156
61 0.618329163681995
158 0.7519015444994932
366 0.5431136219274205
809 0.836032476245934
474 0.4430932388753369
504 0.907534047592673
765 0.34370675510624615
614 0.915400053897003
642 0.6935320262388616
457 0.5989298374494701
513 0.21236991240534053
465 0.3311264022119893
246 0.5965238247840381
815 0.4553240778935179
599 0.3610115500906841
752 0.4410704576992457
846 0.12585662081670568
856 0.19373507017891523
88 0.0544830360095917
641 0.7468708876185082
796 0.3908768216038203
833 0.27015706457507627
410 0.3828459275654431
329 0.3071063572984666
352 0.10640530126168857
57 0.09332657875951966
381 0.08238554141604804
456 0.3936740347642579
841 0.3967483800320222
425 0.8031545765420771
702 0.009709169280638141
448 0.6601454622080246
358 0.880058670403716
102 0.07746782403096453
835 0.36799406031053883
319 0.7391504371800603
553 0.35736611135103646
131 0.22308251241012245
36 0.8159554028356899
299 0.6565948661694292
672 0.1620759275666851
724 0.5618564984050325
212 0.9193192117190436
356 0.807863859300117
146 0.6934015174300613
469 0.34221552707906877
684 0.7072927252310872
283 0.9008169091685975
406 0.7637243631013904
565 0.5153742000213011
661 0.4756851763439417
210 0.7545383551444874
236 0.5443717789091274
163 0.3202288316631905
98 0.5487082528982252
336 0.4662149617682052
440 0.7405534012369142
127 0.1916442035565995
357 0.8354135625205992
371 0.30631599165274337
454 0.813724429367542
533 0.6423898805577928
126 0.6505882248469801
56 0.8166125765284438
722 0.006461216327932506
745 0.10746048057113156
838 0.5961272729081902
630 0.8772579553526413
405 0.4372716831718819
634 0.2573470703425651
860 0.9760855004639383
435 0.9038101185607506
157 0.27108131215153664
267 0.8657036532319186
372 0.38508411146891475
475 0.5219869798518457
877 0.4533364227845402
898 0.3126051476273366
292 0.05351311365896183
776 0.4139869704751331
891 0.6271700017365053
613 0.623626357414528
383 0.5315257586691547
423 0.12110564698750259
876 0.4572953685275316
368 0.6587895807600044
213 0.9702839377942625
419 0.07093034593926273
185 0.10799189040293411
82 0.9757603865653758
855 0.5005003206705809
438 0.5872451374889626
624 0.6613240915562424
896 0.30114275666270107
849 0.5064438431770588
885 0.37700413103877783
730 0.04545896659430271
741 0.3859175878970822
700 0.24427604504193023
511 0.8698025035185095
142 0.8526053232301923
417 0.5783324915764319
290 0.15100176372730612
96 0.5099369771064599
62 0.25088060256681566
52 0.19408028233775687
25 0.208766621394484
27 0.6367245152952468
320 0.003960539388662476
170 0.6035338762445471
521 0.6550702479812976
382 0.07062476240846971
619 0.05478773612564647
251 0.3637828179654713
109 0.5671395076475958
686 0.6123524573936072
654 0.8837671495105354
739 0.35933262345359873
287 0.7261359787418202
585 0.8545791983402536
541 0.7447584169780876
812 0.34947154627775157
869 0.8282725473892575
392 0.8091863131251111
141 0.5483686164044475
33 0.15508919957453593
269 0.6439148567403736
666 0.8925641652083568
717 0.46535653397630206
784 0.6155443569910531
870 0.4879734370427785
197 0.2334350211883358
332 0.7339753554612156
160 0.9317602635897078
338 0.7944169701725591
591 0.7537893937773814
867 0.3250260435217862
801 0.9933975489149673
167 0.45339219166583633
44 0.9030817751083684
9 0.32469627585872873
875 0.6911253015846816
238 0.6683249629572764
509 0.30282999558269397
766 0.16002222598669003
629 0.20350769805817437
764 0.45056591853774286
525 0.9277900805397853
531 0.9836442303772194
791 0.7651802604303442
821 0.3388198006603229
189 0.3522614035602315
232 0.1493478540553509
173 0.19929526417694576
174 0.8169118815987378
116 0.2970257487277391
117 0.7962786702322924
564 0.9726408513837621
811 0.8895737579826759
879 0.644648101611249
220 0.1115239964456417
496 0.04692261173999501
258 0.6336482101373461
69 0.1580650862955879
10 0.7000329810409205
13 0.6219780298929832
86 0.10193553366641706
209 0.33511754139151295
430 0.3214418588553888
676 0.5393665270452014
285 0.006395300106838309
483 0.09282949738234902
839 0.3084959466900118
669 0.12420563015794672
268 0.43870374292614556
279 0.2591170364196843
294 0.9797184804635457
296 0.5560194576371433
878 0.9605446624889742
241 0.28264425347433464
261 0.6509645751733969
446 0.8820408560497895
473 0.8048099286374211
442 0.19580247353424218
604 0.5874240790731826
713 0.10768194114847918
636 0.0867667416263751
161 0.9455252747716069
781 0.7555632574972796
63 0.1773572519408524
110 0.29232464942917313
205 0.8045678329807853
341 0.26134087315833365
447 0.3831445262774479
204 0.05570212007748199
589 0.30709626052190053
128 0.5555476761444392
840 0.5071693824693798
359 0.5997329212735287
476 0.715862376607232
714 0.8182038562789214
501 0.2773012496692977
200 0.19563803148538095
216 0.009976689058280641
390 0.4408357210205345
836 0.8655702440502763
517 0.495733610155762
543 0.9265926400892607
789 0.48393812384146584
655 0.7567027985929606
763 0.8833652911679971
554 0.2535961546453378
633 0.4149046206757998
420 0.4488833144333829
248 0.8636513603120436
862 0.18385615627126528
762 0.231166603146861
887 0.6493944541528403
790 0.11737881285192564
635 0.7957811627886479
743 0.31347918413179054
767 0.9951809743287944
303 0.13589534923850266
151 0.6533366672800017
105 0.48638410491508965
321 0.948017274185935
568 0.8295684266181346
464 0.4433900542807455
478 0.8170719668492459
735 0.7852187337137725
758 0.1441379001112313
265 0.26736211772540397
704 0.1401907123427315
355 0.3416776169869684
744 0.5363829875115494
818 0.18106805393991687
868 0.4091334949410863
573 0.99982911226067
514 0.009124808354961988
115 0.01827584112535574
544 0.2072856327256687
318 0.28848911926103704
343 0.06479587759222005
715 0.2945830329820146
449 0.5812701032494771
566 0.2223184464305934
595 0.7564257949465744
542 0.5769370207563145
218 0.5001215259049632
272 0.19003056306696298
689 0.07908301254084382
611 0.5687421182704272
480 0.36894683509613335
606 0.5901231001241386
152 0.8650169860088307
12 0.002805162987652432
230 0.2771711964927607
337 0.48395629617609626
498 0.09127659623520357
274 0.9539941744662176
725 0.942376254883675
858 0.3561335461172568
120 0.23009097906741838
649 0.20962518951554476
354 0.7213411239989591
461 0.9566077624409884
555 0.8317009413901394
77 0.8436593483475952
111 0.8960786567645241
330 0.934796541143176
854 0.9719217870667033
180 0.824310237984537
671 0.29023862957273894
65 0.6520207821559258
75 0.4944386229749739
663 0.13148404774951694
579 0.9319382904798863
184 0.5870312908033606
309 0.9849379817056332
37 0.9734677998733997
38 0.6529499852590979
314 0.5277716536580703
526 0.07300764224406953
198 0.8133390995317715
605 0.37557288496237895
325 0.023693791942954068
519 0.8985533906940467
121 0.6312935777010845
217 0.14955805107753195
503 0.6151926371843861
837 0.03924840746151703
451 0.662910894824804
607 0.9686160599127069
538 0.7447327239869573
571 0.8056774736004751
375 0.3465172061437083
384 0.10524477747872729
662 0.6918904360740254
803 0.7129794441710555
176 0.057568012483842024
313 0.6962761663715992
437 0.8528870123219059
237 0.19047977126964022
424 0.9841638950165925
458 0.30450047676900616
834 0.07527208253737094
658 0.4389450223683923
709 0.7900366731696994
572 0.9251104417370005
631 0.7766457414322256
429 0.49330464102541594
398 0.27756482501209256
124 0.5172467894834067
22 0.3462464551169895
122 0.9174872682052473
773 0.40150641039259516
643 0.8410799942126461
753 0.6823196518987066
828 0.7798652658591794
103 0.9882145723793433
245 0.13535988206818939
271 0.4250883120871498
183 0.021142530699724715
537 0.928245893393226
259 0.9245475559459098
494 0.24900127943754002
228 0.2969583582076456
140 0.6826624405200458
147 0.8558296454088172
399 0.859736819801621
593 0.7123183473728547
154 0.5481371625719145
280 0.3736915748437212
529 0.3434662362797932
506 0.7813592859835461
639 0.7121247574371565
256 0.07913342855704264
489 0.7547250656028288
736 0.9954437417413059
594 0.142602636826897
699 0.13833713568917905
282 0.4052876543847269
208 0.6506241827595475
219 0.8448931444693432
759 0.4733144466301309
188 0.2130987650746422
47 0.7006620700301875
60 0.4106725963768164
601 0.92731193640483
376 0.5134804381203323
508 0.5714307665337458
716 0.1733642694126215
808 0.4856792802057174
813 0.10221142016720419
820 0.7032582948827207
255 0.8748639106037758
445 0.9756619420767288
408 0.11800787824887138
674 0.7061814831467693
691 0.48037953274251666
490 0.5423791951512992
874 0.41705031575198825
770 0.7774989839829687
842 0.20952727356297862
328 0.9316665595117137
118 0.9272287196016387
193 0.4983332786370157
333 0.4675132761739983
388 0.056337689160959936
690 0.2765386586366506
786 0.6775721474502581
683 0.17380826784976555
295 0.46047809537480644
750 0.5780428219692952
510 0.967324898986705
302 0.2941391234014332
178 0.5230682403074134
301 0.08129253736934339
472 0.55932137681682
196 0.055543770033089634
749 0.5317958749965096
785 0.14452946132760625
166 0.2831317568609334
30 0.53002655553102
14 0.45543993687865025
19 0.48152903376847267
35 0.7706110665191734
880 0.19730842373605995
886 0.7007915815629614
50 0.037227721703645744
486 0.014522442637236899
552 0.8413586024911434
460 0.40987992077849145
244 0.6277123510414814
378 0.017065695725894447
400 0.06995057151498618
771 0.4782576319271279
881 0.9171346421626038
539 0.349297980676615
159 0.9890929872839324
353 0.07968583925794304
653 0.4366089456042056
488 0.9490697246323666
546 0.7287600092440321
883 0.7558244877611122
640 0.2841429879487386
324 0.6102531598453235
598 0.6611431555875169
618 0.3047339581652322
520 0.5004131640695093
548 0.7599570034185397
617 0.5879374240766879
616 0.5639298959632629
687 0.39553329331843223
852 0.5588268992945015
226 0.30823078371808665
68 0.06835827731717903
74 0.9465890307087733
632 0.9583383157384942
892 0.4839542539027505
215 0.3946428538328567
441 0.295493387535801
755 0.8744783196120015
347 0.22154560805374435
192 0.8659209867749736
195 0.7551560347773822
55 0.5368434325578318
28 0.1273722450926259
463 0.6719194214758805
884 0.8488155891520239
536 0.6533142656520431
345 0.3600311722966023
172 0.2795172908070873
342 0.5413264691670242
742 0.9239743291123228
468 0.34655903465075355
24 0.47120602304960735
26 0.6851689409286922
87 0.03289663850696267
436 0.4264611020735406
547 0.6198171819779978
610 0.18729941445021248
827 0.4688859681044867
505 0.8436429782191945
705 0.6811856226991565
229 0.02916325774089179
797 0.8216500194984252
817 0.37545816279452726
807 0.6944672611632621
792 0.49114247185256643
467 0.7176765709843801
665 0.6199169719976919
620 0.863438708904923
92 0.5485070759396686
119 0.4265366251795225
202 0.679467290749105
175 0.6331282374333359
471 0.28808855605237815
257 0.9558442290630365
656 0.655398636792913
450 0.8514721688671846
677 0.7389109137503516
718 0.4855373640403259
574 0.3550610938598905
335 0.361161124900399
42 0.2779437860390326
596 0.9565206393776271
706 0.1050076490408518
316 0.17400717550150058
848 0.2571579853872892
769 0.5696088165507287
134 0.7951291654611964
139 0.28509144163070066
254 0.41879298961805633
149 0.8426081404936955
664 0.9695294617199728
774 0.38846050893341266
273 0.14332839315919643
500 0.231270448581393
89 0.3598558678263546
707 0.4756166511174348
276 0.5418342477970514
409 0.309712880573747
720 0.025517562840278396
667 0.7386625125025627
97 0.13121183657802593
