
 0.456
 0.495
 0.513
 0.532
 0.549
 0.494
 0.568
 0.522
 0.504
 0.507
 0.554
 0.497
 0.536
 0.511
 0.498
 0.482
 0.525
 0.510
 0.528
 0.509
 0.542
 0.534
 0.478
 0.516
 0.520
 0.531
 0.578
 0.486
 0.536
 0.473
 0.534
 0.531
 0.510
 0.563
 0.462
 0.539
 0.505
 0.551
 0.545
 0.559
 0.506
 0.478
 0.536
 0.552
 0.518
 0.527
 0.485
 0.553
 0.479
 0.498
 0.494
 0.497
 0.491
 0.535
 0.543
 0.509
 0.478
 0.497
 0.498
 0.580
 0.510
 0.482
 0.498
 0.482
 0.519
 0.527
 0.524
 0.524
 0.507
 0.511
 0.568
 0.530
 0.547
 0.488
 0.516
 0.526
 0.523
 0.502
 0.527
 0.519
 0.498
 0.532
 0.493
 0.496
 0.531
 0.484
 0.518
 0.520
 0.500
 0.523
 0.539
 0.494
 0.499
 0.488
 0.487
 0.500
 0.454
 0.534
 0.501
 0.537
 0.516
 0.499
 0.531
 0.534
 0.480
 0.550
 0.539
 0.494
 0.537
 0.514
 0.448
 0.498
 0.498
 0.475
 0.513
 0.524
 0.570
 0.498
 0.471
 0.506
 0.520
 0.475
 0.512
 0.511
 0.546
 0.465
 0.527
 0.498
 0.510
 0.530
 0.534
 0.552
 0.544
 0.532
 0.521
 0.498
 0.506
 0.480
 0.510
 0.573
 0.509
 0.563
 0.534
 0.551
 0.513
 0.524
 0.551
 0.563
 0.536
 0.491
 0.494
 0.542
 0.503
 0.546
 0.471
 0.509
 0.498
 0.481
 0.533
 0.532
 0.492
 0.512
 0.476
 0.511
 0.467
 0.509
 0.514
 0.520
 0.467
 0.481
 0.480
 0.514
 0.540
 0.521
 0.490
 0.512
 0.522
 0.475
 0.430
 0.481
 0.554
 0.471
 0.523
 0.495
 0.524
 0.493
 0.506
 0.485
 0.501
 0.517
 0.518
 0.492
 0.516
 0.487
 0.541
 0.463
 0.541
 0.552
 0.493
 0.515

