
 0.518
 0.463
 0.499
 0.515
 0.463
 0.515
 0.509
 0.497
 0.480
 0.472
 0.466
 0.501
 0.455
 0.487
 0.452
 0.485
 0.510
 0.478
 0.495
 0.525
 0.528
 0.547
 0.555
 0.480
 0.500
 0.524
 0.499
 0.472
 0.533
 0.480
 0.484
 0.480
 0.498
 0.544
 0.474
 0.467
 0.467
 0.497
 0.540
 0.480
 0.510
 0.474
 0.499
 0.540
 0.497
 0.506
 0.479
 0.547
 0.429
 0.524
 0.486
 0.525
 0.476
 0.488
 0.480
 0.506
 0.592
 0.539
 0.453
 0.488
 0.502
 0.517
 0.535
 0.443
 0.501
 0.505
 0.476
 0.498
 0.506
 0.499
 0.482
 0.508
 0.486
 0.523
 0.561
 0.480
 0.488
 0.525
 0.434
 0.521
 0.478
 0.477
 0.494
 0.490
 0.515
 0.534
 0.489
 0.477
 0.443
 0.480
 0.493
 0.523
 0.517
 0.520
 0.450
 0.478
 0.486
 0.485
 0.512
 0.527
 0.493
 0.497
 0.474
 0.510
 0.526
 0.479
 0.509
 0.492
 0.495
 0.464
 0.555
 0.527
 0.465
 0.460
 0.510
 0.508
 0.529
 0.500
 0.495
 0.517
 0.523
 0.526
 0.550
 0.515
 0.514
 0.511
 0.521
 0.490
 0.399
 0.524
 0.496
 0.511
 0.478
 0.548
 0.507
 0.520
 0.523
 0.501
 0.488
 0.476
 0.479
 0.525
 0.511
 0.482
 0.581
 0.502
 0.502
 0.506
 0.487
 0.491
 0.494
 0.504
 0.488
 0.469
 0.510
 0.549
 0.513
 0.499
 0.469
 0.452
 0.506
 0.496
 0.512
 0.526
 0.421
 0.521
 0.496
 0.472
 0.530
 0.500
 0.503
 0.543
 0.479
 0.546
 0.486
 0.486
 0.493
 0.517
 0.501
 0.521
 0.489
 0.504
 0.540
 0.457
 0.474
 0.516
 0.469
 0.511
 0.514
 0.467
 0.521
 0.442
 0.492
 0.532
 0.541
 0.481
 0.497
 0.511
 0.487
 0.500

