
 2.660
 2.740
 2.340
 2.430
 2.380
 2.450
 2.380
 2.510
 2.700
 2.430
 2.780
 2.680
 2.490
 2.450
 2.800
 2.440
 2.580
 2.310
 2.550
 2.520
 2.660
 2.530
 2.610
 2.730
 2.600
 2.290
 2.380
 2.630
 2.490
 2.500
 2.430
 2.590
 2.460
 2.290
 2.660
 2.340
 2.490
 2.260
 2.590
 2.410
 2.530
 2.700
 2.460
 2.520
 2.320
 2.510
 2.750
 2.520
 2.630
 2.830
 2.410
 2.640
 2.550
 2.410
 2.440
 2.470
 2.630
 2.470
 2.550
 2.430
 2.390
 2.420
 2.430
 2.500
 2.360
 2.420
 2.450
 2.550
 2.550
 2.310
 2.260
 2.540
 2.350
 2.350
 2.550
 2.240
 2.400
 2.600
 2.630
 2.370

