0 44
3 49
0 45
2 42
2 52
0 51
3 44
1 42
0 40
1 36
0 40
2 37
4 44
2 39
2 43
4 46
1 42
1 37
0 39
0 48
2 47
4 47
3 33
3 40
4 51
3 47
1 39
1 37
1 41
0 33
0 41
1 47
0 39
4 46
1 35
0 44
2 34
2 44
1 45
0 39
1 46
1 35
4 45
2 41
3 43
4 31
3 43
3 46
2 38
1 42
1 44
2 38
2 40
1 50
4 43
2 46
4 34
0 47
1 48
1 43
1 48
0 57
4 30
0 38
4 55
3 44
2 44
1 51
4 55
0 38
2 42
2 44
1 44
4 48
4 44
1 45
4 37
0 42
4 47
1 44
0 41
0 41
1 39
1 46
0 34
1 41
2 36
1 28
3 42
1 43
0 51
2 44
2 57
1 34
1 31
2 43
3 36
0 38
1 39
3 55
1 47
3 44
3 34
3 29
3 39
0 38
3 54
1 30
1 50
3 44
0 57
4 52
1 46
1 52
4 42
0 45
2 45
1 44
4 37
3 36
1 40
2 51
3 48
3 41
4 39
4 42
1 37
4 30
4 43
1 41
1 45
0 48
2 40
3 43
2 36
2 51
2 33
1 37
3 46
3 40
4 50
3 47
1 44
2 35
1 37
0 41
0 48
0 44
3 47
3 34
0 35
4 36
1 43
0 42
1 44
3 44
0 31
1 40
0 40
1 49
1 37
2 42
1 43
3 53
4 31
1 43
2 42
3 41
2 34
2 45
2 52
2 33
1 38
0 38
0 52
1 40
0 34
3 51
2 41
2 43
4 45
4 40
2 35
2 38
2 40
2 35
4 37
1 35
3 53
2 46
3 48
1 36
2 48
4 29
4 44
1 28
3 37
3 46
0 42
2 39
