0.5289397104208307 1
0.5323926707665835 1
0.5417581276099872 1
0.5434845225239502 1
0.5469374828697029 1
0.5482665763132547 1
0.5517193661411807 1
0.5540607303520314 1
0.5545573571900453 1
0.5567992255154666 1
0.5584266360974804 1
0.5596564041734297 1
0.5620969232340566 1
0.5642394661918751 1
0.5647551101211603 1
0.5662640077264731 1
0.5677917519052305 1
0.5686053719373241 1
0.5689223651314037 1
0.5699156188074315 1
0.5704310922188897 1
0.5708474107805723 1
0.5711644039746523 1
0.5714433629861887 1
0.5721576576506795 1
0.5723563083858851 1
0.5727726269475675 1
0.5728717817973434 2
0.5734867510942314 1
0.5749149993875592 1
0.5749151699053862 1
0.575312471375797 1
0.5779519822072832 1
0.5783679597333119 1
0.5789829290302 1
0.5793804010184378 1
0.579380401018438 1
0.5800945251651018 1
0.5804916561176859 1
0.5808088198295925 1
0.5811067959324008 1
0.5817219357471157 1
0.5834479896254249 1
0.5837649828195047 1
0.5841622842899156 1
0.5848765789544064 1
0.5849757338041822 1
0.5857893538362758 1
0.5861061765125287 1
0.5861868258245138 1
0.5866029738683693 2
0.587099600706383 1
0.5871184472798278 1
0.587416423382636 1
0.5874165939004627 1
0.587634091209113 1
0.5883293687823321 1
0.5884286941499348 1
0.5891429888144257 1
0.5897579581113137 1
0.5900559342141221 1
0.5904720822579776 1
0.5910870515548657 1
0.5913848571398471 1
0.5913848571398472 1
0.5917823291280849 1
0.5926147957336232 1
0.5928134464688286 1
0.5936268959830954 1
0.5937262213506981 1
0.5939250426037304 1
0.5939438891771751 1
0.5940243679713333 1
0.5944406865330157 1
0.5945398413827916 1
0.5946391667503943 1
0.5960677560793759 1
0.5962662362967546 1
0.5963845787556289 1
0.5967818802260397 1
0.5971980282698955 1
0.5974771577992588 1
0.5975955002581332 1
0.5978934763609415 1
0.5981912819459229 1
0.5986076005076055 1
0.5992038937488755 1
0.5996198712749045 1
0.6004334913069979 1
0.6006319715243766 1
0.6015450874418996 1
0.6016630888651203 1
0.602060731371185 1
0.6021600567387878 1
0.6026753596324194 2
0.6029735062530545 1
0.6032903289293075 1
0.6034701330910683 1
0.6036876303997183 1
0.6038058023407658 1
0.6046999011670173 1
0.6049173984756675 1
0.6049175689934944 1
0.6050167238432703 1
0.6058303438753638 1
0.6059296692429665 1
0.6061473370694437 1
0.6065256214485831 1
0.6073392414806766 1
0.6077553895245322 1
0.6078737319834066 1
0.6083701883035932 1
0.6091838083356869 1
0.6094817844384951 1
0.6100965832175562 1
0.6106123976646683 1
0.6109103737674765 1
0.6116246684319673 1
0.611742669855188 1
0.6118231486493462 1
0.6120408164758231 1
0.6123387925786313 1
0.6132517379783278 1
0.6145619848484348 1
0.6145806609040527 1
0.6146801567894823 1
0.6147794821570851 1
0.6151956302009409 1
0.6153944514539732 1
0.6162079009682396 1
0.6163072263358425 1
0.6166052024386507 1
0.6173193265853147 1
0.6179342958822026 1
0.6183315973526138 1
0.6186484200288666 1
0.6190458920171044 1
0.6190458920171045 1
0.6206918081369093 1
0.6208904588721148 1
0.6219029001572405 1
0.6223000311098247 1
0.6225980072126329 1
0.6229150004067128 1
0.6233311484505685 1
0.623529799185774 1
0.6236292950712036 1
0.6249582179969287 1
0.6259706592820544 1
0.62638680732591 1
0.6264671156022412 2
0.626486132693513 1
0.6265854580611155 1
0.6278955344133961 1
0.6280941851486016 1
0.6289268222719666 1
0.6300382478890415 1
0.6301375732566442 1
0.6303552410831214 1
0.6309510227709108 1
0.6319823106294815 1
0.6330937362465565 1
0.6333918828671914 1
0.6334912082347942 1
0.6355155792515654 1
0.6368448432129441 1
0.636944168580547 1
0.6376582927272108 1
0.6382730915062722 1
0.6387887354355574 1
0.6410117571875341 1
0.6410307742788056 1
0.6420430450461044 1
0.6424591930899602 1
0.6437694399600674 1
0.6464087802737265 1
0.6468060817441375 1
0.6472222297879933 1
0.6472224003058201 1
0.6483528430141667 1
0.6494644391490684 1
0.6501785632957321 1
0.651606982106887 1
0.6520042835772979 1
0.6531158797121996 1
0.6549415999937654 1
0.6560718721842851 1
0.6563888653783648 1
0.6583142520631867 1
0.6586120576481684 1
0.6592270269450562 1
0.660655445756211 1
0.6625804914053794 1
0.6634131285287442 1
0.6741879870920314 1
0.6757157312707888 1
