
 0.642
 0.619
 0.621
 0.570
 0.603
 0.569
 0.602
 0.594
 0.599
 0.598
 0.656
 0.659
 0.597
 0.618
 0.616
 0.591
 0.602
 0.588
 0.602
 0.585
 0.579
 0.615
 0.595
 0.646
 0.617
 0.626
 0.590
 0.611
 0.588
 0.566
 0.608
 0.587
 0.604
 0.641
 0.605
 0.648
 0.604
 0.623
 0.588
 0.653
 0.586
 0.596
 0.609
 0.603
 0.659
 0.584
 0.573
 0.623
 0.633
 0.625
 0.623
 0.652
 0.637
 0.613
 0.612
 0.580
 0.617
 0.600
 0.573
 0.636
 0.587
 0.658
 0.608
 0.650
 0.637
 0.596
 0.586
 0.616
 0.626
 0.619
 0.597
 0.626
 0.609
 0.579
 0.586
 0.557
 0.572
 0.564
 0.610
 0.594
 0.615
 0.597
 0.649
 0.583
 0.624
 0.644
 0.607
 0.612
 0.573
 0.615
 0.552
 0.594
 0.647
 0.627
 0.595
 0.612
 0.630
 0.572
 0.593
 0.618
 0.607
 0.622
 0.606
 0.570
 0.632
 0.655
 0.575
 0.615
 0.652
 0.612
 0.633
 0.628
 0.596
 0.603
 0.578
 0.663
 0.587
 0.663
 0.590
 0.587
 0.573
 0.558
 0.560
 0.638
 0.638
 0.543
 0.587
 0.608
 0.605
 0.571
 0.584
 0.582
 0.647
 0.562
 0.580
 0.579
 0.594
 0.554
 0.585
 0.611
 0.633
 0.674
 0.661
 0.593
 0.591
 0.624
 0.568
 0.594
 0.542
 0.548
 0.555
 0.571
 0.603
 0.676
 0.565
 0.621
 0.532
 0.622
 0.591
 0.598
 0.629
 0.547
 0.571
 0.612
 0.569
 0.578
 0.626
 0.606
 0.599
 0.581
 0.641
 0.615
 0.598
 0.615
 0.605
 0.606
 0.590
 0.626
 0.587
 0.631
 0.589
 0.594
 0.529
 0.656
 0.630
 0.630
 0.601
 0.575
 0.628
 0.600
 0.639
 0.581
 0.605
 0.575
 0.647
 0.592
 0.642
 0.603
 0.602
 0.619

