0.40186599952837765 1
0.42486170665675105 1
0.4426030977284401 1
0.4427090362495344 1
0.4489951222998536 1
0.4504759856130942 1
0.45138076194844584 1
0.4518064467765655 1
0.45254860727415264 1
0.4556118583503318 1
0.45678049116908115 1
0.45787260667854895 1
0.4581373784858163 1
0.4587913342839147 1
0.45937354646293954 1
0.45967614615450203 1
0.4599258182053084 1
0.4607528039604276 1
0.46116160708660864 1
0.4624337495016785 1
0.4624393312716038 1
0.46285697855196317 1
0.4630932667608619 1
0.4632558305465043 1
0.4643449318070504 1
0.4645339018072398 1
0.464897275409773 1
0.46580532221008325 1
0.4665774609932373 1
0.46682076072036904 1
0.46741080081135195 1
0.46838637557115315 1
0.46850001967113003 1
0.46861199386192576 1
0.46879375034789605 1
0.46982400066422314 1
0.4699642371346278 1
0.4708828298567489 1
0.47256301966669834 1
0.4731363187095414 1
0.47488989601617876 1
0.47641636361740836 1
0.47699005762813895 1
0.4771443599600924 1
0.47755871864661004 1
0.47775846008729966 1
0.4782612941120938 1
0.47854848589365095 1
0.4785852599794829 1
0.47920368976709216 1
0.47970992274710234 1
0.48013316737180217 1
0.4802500869908489 1
0.4805029248226903 1
0.4809830080988439 1
0.4811744858207961 1
0.48124839779493245 1
0.4812715397599473 1
0.4816970202836852 1
0.48222908410815696 1
0.4822552293589015 1
0.4827813657450054 1
0.48293270814759226 1
0.4839732195098132 1
0.48402356043913286 1
0.4842615155123701 1
0.4843302077682266 1
0.48461617976621973 1
0.48478721983163886 1
0.48486228135076004 1
0.48556048158417986 1
0.48623508040386754 1
0.48674929550912155 1
0.48822572360531724 1
0.488386798779624 1
0.4884989814686113 1
0.488630283419565 1
0.4886665596095721 1
0.4891077124647728 1
0.48964549199995316 1
0.4902250544816551 1
0.4905468432251634 1
0.490684203510801 1
0.4907829127168872 1
0.4920755702173497 1
0.492599502044355 1
0.4926593560941462 1
0.49329443081343194 1
0.49378802748838774 1
0.4942885445238019 1
0.4942962113175933 1
0.4966016869636713 1
0.4973126389870604 1
0.49773255639499653 1
0.4979280530407921 1
0.4983267646279386 1
0.4984315191037317 1
0.49860273195630567 1
0.4986947684836626 1
0.4993146279442177 1
0.499418724278992 1
0.499507011669467 1
0.4999873598852605 1
0.5003689792778754 1
0.5006679472817999 1
0.5010850705958538 1
0.501465991286642 1
0.5014946291297075 1
0.501700770718114 1
0.5038406018014401 1
0.5043016042176106 1
0.5047646639197684 1
0.5048955349107908 1
0.5050336888506061 1
0.5053746045289329 1
0.5056026214575093 1
0.5058781482213527 1
0.5064611663826044 1
0.5065235221524469 1
0.5069956004289862 1
0.5071343859662121 1
0.5074130567676943 1
0.5082490759362226 1
0.5088446607882342 1
0.5090059909312651 1
0.5090717975516355 1
0.509211752466266 1
0.5094540212662259 1
0.509566320860162 1
0.5101162562596561 1
0.5107311952845116 1
0.510837265521097 1
0.5112027620410339 1
0.5123372313727153 1
0.5127928674774265 1
0.5128916697214322 1
0.5129012233196172 1
0.5131279145530675 1
0.5134895844720471 1
0.5135137429591381 1
0.5136216491200546 1
0.5137937566098183 1
0.514389207671485 1
0.5146425573645171 1
0.5148111650927931 1
0.5153637264591165 1
0.5172220826040997 1
0.517531631137408 1
0.5176482414540446 1
0.5179939116900116 1
0.5185885253784193 1
0.5188782523059844 1
0.5206568538317234 1
0.5209840251590673 1
0.521882448721589 1
0.5223569587976633 1
0.5225705645613812 1
0.5227441084702351 1
0.5229079155170318 1
0.5260296997151057 1
0.5265804439885661 1
0.5277277688622117 1
0.5281748796833733 1
0.5288316787209453 1
0.5289736992039087 1
0.5296001716950152 1
0.5299083194402631 1
0.5310304231751638 1
0.5324996936835291 1
0.5336108651948542 1
0.5348281270158438 1
0.5349897127077012 1
0.5352676385273661 1
0.5360402281982043 1
0.5361046792484568 1
0.5366878492881403 1
0.5369709198481142 1
0.5380300792148311 1
0.5383230133482427 1
0.5393183329547295 1
0.539401314053022 1
0.5397554975721106 1
0.5406824424153105 1
0.5407137269645351 1
0.5418121751443645 1
0.542787087947143 1
0.5429027737023808 1
0.5436155335608356 1
0.5456156352744856 1
0.546337274742907 1
0.546390694602116 1
0.5465579395301756 1
0.5508611625910994 1
0.5524721630246329 1
0.5536935043951787 1
0.5595733194882339 1
0.5602051779892061 1
0.5618410349097867 1
0.5772462957983682 1
0.5803610934986254 1
