0.42642467403883677 1
0.4419371633859543 1
0.45011433148782265 1
0.453318195217345 1
0.4548855510987547 1
0.4575859356219862 1
0.46143736786331646 1
0.4616152088798458 1
0.4618630980089894 1
0.46233979630357674 1
0.4633732093880238 1
0.4647276841690655 1
0.4663387976853772 1
0.46761675333329505 1
0.46804480343168714 1
0.4683255796591982 1
0.4686731843675556 1
0.46923545209489115 1
0.46963265752129124 1
0.4696936721692967 1
0.4716319129766483 1
0.4723629989180115 1
0.4724249146499524 1
0.4725014994296248 1
0.4725928534186903 1
0.473853003362969 1
0.4744507221942335 1
0.4746103732060865 1
0.47515809314541224 1
0.4754488497752976 1
0.4766824086741085 1
0.4767480043068821 1
0.47678807731793676 1
0.47681174040909274 1
0.4786288565416985 1
0.4792395884000428 1
0.4794670372172618 1
0.48003821740364133 1
0.4804562856652371 1
0.4806302167196536 1
0.4807300685461051 1
0.4815380941374404 1
0.48171581306855615 1
0.48199809426176254 1
0.4823514495287256 1
0.4824682172486996 1
0.4839354611146802 1
0.48395929582183533 1
0.4839895480277893 1
0.4842116982700184 1
0.48428896850888437 1
0.4855721771280305 1
0.4860227022208924 1
0.48611005711158034 1
0.48623577748134444 1
0.48666815860183604 1
0.48671586837824377 1
0.48679990481208385 1
0.4874834616430636 1
0.48800024491619487 1
0.48801085290096446 1
0.4884977719181407 1
0.488957108168438 1
0.48900194755725246 1
0.48908893433291406 1
0.489290614852494 1
0.48979803277098477 1
0.49019394746371003 1
0.4915100121300332 1
0.49152972147328755 1
0.49169978409326726 1
0.4918254755866008 1
0.492971641575775 1
0.4934032990191548 1
0.4934250899444861 1
0.4936803485606028 1
0.4939238037942474 1
0.494895676205698 1
0.4955114009481807 1
0.4958170113284541 1
0.49585411520543554 1
0.4978151007450425 1
0.49807072632766236 1
0.49809371115535256 1
0.49822268142458215 1
0.49840270678502774 1
0.4987266645275297 1
0.4990700394366885 1
0.4991794608084379 1
0.49920527789322916 1
0.49986583298237364 1
0.500997082268933 1
0.5013448020534236 1
0.5014824005134325 1
0.5016364835784602 1
0.5018764512731352 1
0.5028426494426994 1
0.502881450380368 1
0.5032379238209499 1
0.5034495147785962 1
0.5046125256262615 1
0.5049617389071541 1
0.505321425292403 1
0.5057682116486921 1
0.5064297730805671 1
0.5065539961380745 1
0.5066481608421036 1
0.5067523352307084 1
0.5070449578086592 1
0.5078848666842645 1
0.5081782136203228 1
0.5086437402614318 1
0.5088156306200734 1
0.5090399009052914 1
0.5100360225886481 1
0.5101759788508842 1
0.5104587081633233 1
0.5107215147601551 1
0.5121119745761606 1
0.512805359985978 1
0.5129324909824232 1
0.5131494072957493 1
0.5132850702825817 1
0.5133134159566518 1
0.5137559663312012 1
0.5140850855598332 1
0.5149805248274337 1
0.5163913347430554 1
0.5164503226215035 1
0.5173029906517976 1
0.5175129955062454 1
0.5176726224430642 1
0.5177821272786848 1
0.5178555692319 1
0.5187406114101365 1
0.5188098232717722 1
0.5190602254184171 1
0.5198914808048268 1
0.5200099417732941 1
0.520206808832176 1
0.5202131560787168 1
0.5210873724329523 1
0.5216982568669364 1
0.5217479437289136 1
0.5224499550212174 1
0.5226624252978566 1
0.5228866093888163 1
0.5230997958672643 1
0.5236342405989448 1
0.5241224485448858 1
0.5243877625533395 1
0.5249138771505241 1
0.5251180109033645 1
0.5252553059080454 1
0.5265646171329386 1
0.5267260506686892 1
0.5271493249773741 1
0.5277733648342184 1
0.5279841442889106 1
0.5283701500956193 1
0.5293531604478355 1
0.5296177755047361 1
0.529929113087752 1
0.5307185470747133 1
0.5307484293112023 1
0.5311371953297417 1
0.5313164159347145 1
0.53144093670893 1
0.5322709263858092 1
0.5323702605470385 1
0.5324001742731449 1
0.5326078912022846 1
0.5332200266535836 1
0.5335363463753173 1
0.5346373861787539 1
0.5353963215668213 1
0.5358261813293982 1
0.5358656109575157 1
0.537104167217833 1
0.5375883586005162 1
0.5382372250379792 1
0.5388364774253437 1
0.5391906448870355 1
0.539415996994624 1
0.5401740496766295 1
0.5412588937417825 1
0.5420361487184355 1
0.5428847594310355 1
0.5439646492174812 1
0.5446561766818715 1
0.5455157546000696 1
0.5464562644330532 1
0.5481861405427474 1
0.5510901926481837 1
0.5525135966544891 1
0.5538271584505562 1
0.5540555398893288 1
0.5671629276139797 1
0.5674287902174617 1
0.5875686506931282 1
