
 0.503
 0.503
 0.487
 0.508
 0.503
 0.498
 0.499
 0.517
 0.535
 0.493
 0.472
 0.521
 0.480
 0.493
 0.520
 0.481
 0.462
 0.469
 0.528
 0.479
 0.473
 0.462
 0.450
 0.548
 0.533
 0.522
 0.486
 0.519
 0.516
 0.545
 0.507
 0.518
 0.482
 0.474
 0.527
 0.510
 0.499
 0.534
 0.523
 0.484
 0.458
 0.527
 0.477
 0.482
 0.494
 0.426
 0.453
 0.498
 0.520
 0.486
 0.442
 0.518
 0.477
 0.530
 0.533
 0.525
 0.567
 0.461
 0.507
 0.501
 0.482
 0.488
 0.498
 0.501
 0.479
 0.508
 0.502
 0.538
 0.463
 0.537
 0.529
 0.518
 0.528
 0.527
 0.553
 0.468
 0.490
 0.475
 0.482
 0.455
 0.472
 0.484
 0.503
 0.477
 0.546
 0.496
 0.516
 0.484
 0.481
 0.492
 0.554
 0.479
 0.466
 0.514
 0.469
 0.528
 0.507
 0.539
 0.531
 0.524
 0.512
 0.511
 0.498
 0.539
 0.510
 0.475
 0.493
 0.477
 0.524
 0.486
 0.506
 0.495
 0.480
 0.499
 0.496
 0.487
 0.523
 0.524
 0.474
 0.519
 0.525
 0.523
 0.588
 0.536
 0.509
 0.505
 0.514
 0.535
 0.518
 0.492
 0.507
 0.544
 0.542
 0.531
 0.539
 0.488
 0.501
 0.531
 0.468
 0.522
 0.462
 0.520
 0.489
 0.484
 0.492
 0.554
 0.531
 0.505
 0.532
 0.509
 0.510
 0.538
 0.487
 0.532
 0.525
 0.473
 0.513
 0.489
 0.546
 0.475
 0.489
 0.513
 0.490
 0.519
 0.498
 0.488
 0.513
 0.520
 0.540
 0.567
 0.515
 0.513
 0.513
 0.531
 0.470
 0.496
 0.505
 0.484
 0.470
 0.492
 0.536
 0.487
 0.499
 0.500
 0.486
 0.494
 0.532
 0.509
 0.551
 0.472
 0.522
 0.541
 0.502
 0.489
 0.482
 0.530
 0.543
 0.465
 0.468
 0.506

