
 0.531
 0.508
 0.502
 0.486
 0.536
 0.454
 0.510
 0.504
 0.493
 0.491
 0.523
 0.512
 0.537
 0.491
 0.498
 0.468
 0.550
 0.537
 0.488
 0.477
 0.480
 0.505
 0.501
 0.491
 0.491
 0.454
 0.529
 0.460
 0.467
 0.515
 0.450
 0.501
 0.467
 0.511
 0.521
 0.492
 0.493
 0.501
 0.503
 0.532
 0.540
 0.530
 0.487
 0.523
 0.502
 0.541
 0.524
 0.500
 0.497
 0.472
 0.521
 0.486
 0.547
 0.510
 0.492
 0.530
 0.496
 0.525
 0.523
 0.534
 0.554
 0.539
 0.512
 0.484
 0.448
 0.473
 0.526
 0.536
 0.463
 0.505
 0.519
 0.520
 0.509
 0.471
 0.482
 0.528
 0.486
 0.546
 0.532
 0.520
 0.493
 0.493
 0.497
 0.532
 0.518
 0.529
 0.460
 0.519
 0.483
 0.489
 0.470
 0.456
 0.462
 0.522
 0.498
 0.520
 0.500
 0.555
 0.573
 0.467
 0.500
 0.547
 0.568
 0.515
 0.540
 0.475
 0.531
 0.519
 0.502
 0.536
 0.545
 0.513
 0.463
 0.563
 0.500
 0.586
 0.469
 0.497
 0.509
 0.494
 0.475
 0.531
 0.528
 0.518
 0.528
 0.480
 0.474
 0.443
 0.469
 0.528
 0.522
 0.450
 0.512
 0.497
 0.464
 0.460
 0.527
 0.456
 0.444
 0.527
 0.528
 0.485
 0.550
 0.571
 0.477
 0.493
 0.516
 0.553
 0.514
 0.483
 0.505
 0.523
 0.467
 0.542
 0.497
 0.513
 0.482
 0.489
 0.462
 0.483
 0.521
 0.482
 0.485
 0.499
 0.537
 0.461
 0.530
 0.518
 0.483
 0.489
 0.483
 0.543
 0.588
 0.507
 0.505
 0.549
 0.525
 0.523
 0.518
 0.513
 0.521
 0.505
 0.529
 0.484
 0.513
 0.504
 0.525
 0.514
 0.516
 0.523
 0.505
 0.529
 0.479
 0.534
 0.501
 0.480
 0.499
 0.473
 0.522
 0.554

