0 41
0 36
0 35
0 34
0 46
0 31
0 34
0 33
0 45
0 45
0 45
0 35
0 37
0 49
0 34
0 43
0 38
0 39
0 50
0 42
0 47
0 32
0 41
0 45
0 47
0 51
0 37
0 39
0 42
0 30
0 50
0 37
0 44
0 38
0 43
0 47
0 48
0 43
0 34
0 44
0 33
0 41
0 47
0 36
0 26
0 43
0 28
0 33
0 36
0 44
0 37
0 42
0 48
0 39
0 38
0 45
0 42
0 41
0 42
0 42
0 49
0 43
0 40
0 35
0 25
0 43
0 49
0 45
0 46
0 44
0 40
0 52
0 36
0 41
0 46
0 38
0 51
0 41
0 43
0 37
0 52
0 63
0 35
0 44
0 50
0 34
0 40
0 35
0 40
0 45
0 33
0 39
0 32
0 43
0 47
0 36
0 43
0 48
0 53
0 39
0 49
0 39
0 30
0 49
0 39
0 48
0 41
0 37
0 50
0 42
0 43
0 36
0 44
0 50
0 50
0 37
0 46
0 50
0 42
0 38
0 37
0 46
0 35
0 49
0 48
0 40
0 37
0 51
0 41
0 43
0 41
0 37
0 60
0 34
0 44
0 53
0 46
0 38
0 40
0 36
0 25
0 27
0 41
0 44
0 42
0 43
0 39
0 48
0 40
0 43
0 43
0 34
0 36
0 45
0 51
0 35
0 40
0 49
0 29
0 34
0 39
0 51
0 38
0 47
0 36
0 31
0 37
0 43
0 42
0 46
0 41
0 37
0 47
0 49
0 39
0 33
0 42
0 42
0 36
0 40
0 40
0 34
0 46
0 35
0 45
0 43
0 45
0 47
0 36
0 50
0 48
0 42
0 33
0 40
0 42
0 44
0 53
0 43
0 39
0 49
