
 0.478
 0.517
 0.558
 0.483
 0.472
 0.506
 0.515
 0.532
 0.505
 0.511
 0.545
 0.487
 0.505
 0.522
 0.547
 0.487
 0.490
 0.543
 0.533
 0.510
 0.515
 0.500
 0.514
 0.542
 0.539
 0.489
 0.456
 0.517
 0.520
 0.501
 0.566
 0.564
 0.517
 0.535
 0.481
 0.467
 0.492
 0.506
 0.520
 0.498
 0.487
 0.516
 0.505
 0.520
 0.546
 0.527
 0.427
 0.497
 0.542
 0.536
 0.461
 0.474
 0.517
 0.460
 0.474
 0.502
 0.494
 0.503
 0.521
 0.531
 0.492
 0.514
 0.495
 0.501
 0.509
 0.465
 0.487
 0.578
 0.488
 0.508
 0.499
 0.510
 0.533
 0.500
 0.550
 0.497
 0.518
 0.521
 0.537
 0.509
 0.442
 0.473
 0.503
 0.505
 0.572
 0.544
 0.497
 0.492
 0.522
 0.494
 0.574
 0.514
 0.487
 0.483
 0.545
 0.508
 0.487
 0.470
 0.504
 0.518
 0.491
 0.518
 0.483
 0.537
 0.540
 0.504
 0.521
 0.528
 0.479
 0.537
 0.516
 0.529
 0.527
 0.568
 0.483
 0.522
 0.545
 0.487
 0.496
 0.522
 0.519
 0.501
 0.458
 0.498
 0.503
 0.517
 0.506
 0.514
 0.501
 0.457
 0.525
 0.481
 0.476
 0.465
 0.497
 0.506
 0.493
 0.504
 0.491
 0.590
 0.530
 0.523
 0.498
 0.533
 0.517
 0.509
 0.547
 0.530
 0.489
 0.478
 0.463
 0.532
 0.515
 0.476
 0.507
 0.453
 0.516
 0.496
 0.485
 0.479
 0.529
 0.512
 0.493
 0.495
 0.452
 0.536
 0.492
 0.479
 0.488
 0.545
 0.526
 0.505
 0.491
 0.505
 0.471
 0.532
 0.492
 0.529
 0.551
 0.525
 0.494
 0.485
 0.549
 0.500
 0.538
 0.474
 0.494
 0.497
 0.489
 0.451
 0.517
 0.525
 0.514
 0.569
 0.545
 0.528
 0.563
 0.540
 0.519
 0.574

