0.5118992418759983 51
0.5118992418759983 43
0.5118992418759983 36
0.5118992418759983 35
0.5118992418759983 47
0.5118992418759983 39
0.5118992418759983 43
0.5118992418759983 52
0.5118992418759983 35
0.5118992418759983 42
0.5118992418759983 38
0.5118992418759983 60
0.5118992418759983 49
0.5118992418759983 54
0.5118992418759983 46
0.5118992418759983 47
0.5118992418759983 40
0.5118992418759983 50
0.5118992418759983 62
0.5118992418759983 34
0.5118992418759983 47
0.5118992418759983 44
0.5118992418759983 50
0.5118992418759983 43
0.5118992418759983 29
0.5118992418759983 53
0.5118992418759983 43
0.5118992418759983 38
0.5118992418759983 37
0.5118992418759983 37
0.5118992418759983 28
0.5118992418759983 42
0.5118992418759983 49
0.5118992418759983 40
0.5118992418759983 51
0.5118992418759983 45
0.5118992418759983 49
0.5118992418759983 42
0.5118992418759983 49
0.5118992418759983 47
0.5118992418759983 48
0.5118992418759983 38
0.5118992418759983 32
0.5118992418759983 39
0.5118992418759983 37
0.5118992418759983 40
0.5118992418759983 36
0.5118992418759983 45
0.5118992418759983 48
0.5118992418759983 39
