
 0.00000 1.00000 2.00000 3.00000 4.00000 5.00000 6.00000 7.00000 8.00000 9.00000
 -0.02160 0.03720 -0.02100 0.04160 0.04680 -0.01740 -0.01780 0.04160 -0.02100 -0.01760
 0.01752 0.06536 0.01652 0.07192 0.07688 0.01180 0.01364 0.07136 0.01364 0.00928
 0.00031 0.09502 0.00148 0.05892 0.06194 -0.00178 -0.00110 0.05914 -0.00473 -0.00494
 -0.01691 0.12109 -0.01197 0.04079 0.04720 -0.01588 -0.01788 0.04512 -0.02198 -0.01673
 -0.03144 0.14554 -0.02060 0.07687 0.08676 -0.02939 0.01598 0.07288 -0.03778 -0.02721
 -0.04304 0.13290 -0.02890 0.05838 0.06894 -0.04061 -0.00013 0.06145 -0.04960 -0.03427
 -0.05255 0.16640 -0.03514 0.09475 0.11164 -0.05073 0.03174 0.08776 -0.05895 -0.04293
 -0.06115 0.20094 -0.04134 0.07949 0.09547 -0.05910 0.01332 0.07447 -0.06752 -0.04855
 -0.04502 0.23045 -0.04432 0.11658 0.13499 -0.04455 0.04071 0.09909 -0.05056 -0.05442
 -0.05330 0.25914 -0.05066 0.14763 0.16569 -0.05100 0.02971 0.12378 -0.05890 -0.05817
 -0.06427 0.28207 -0.05647 0.13590 0.15314 -0.05805 0.01662 0.11290 -0.06627 -0.06405
 -0.07148 0.30248 -0.06309 0.16545 0.18111 -0.06685 0.00611 0.10234 -0.07334 -0.07169
 -0.05551 0.31669 -0.06755 0.18925 0.20379 -0.05520 0.03144 0.12606 -0.05598 -0.07711
 -0.06160 0.33149 -0.07147 0.21128 0.22129 -0.06092 0.02007 0.11554 -0.06203 -0.08319
 -0.04411 0.34317 -0.07604 0.22634 0.23793 -0.04852 0.04626 0.13592 -0.04673 -0.08825
 -0.02836 0.35573 -0.08112 0.24149 0.25453 -0.03555 0.06477 0.15132 -0.03140 -0.07647
 -0.03619 0.35133 -0.08669 0.23480 0.24908 -0.04455 0.05509 0.14281 -0.03966 -0.08145
 -0.04288 0.36250 -0.09112 0.24699 0.26162 -0.05106 0.07285 0.16031 -0.04620 -0.08634
 -0.05045 0.35843 -0.09711 0.24231 0.25645 -0.05686 0.06478 0.15377 -0.05583 -0.08974
 -0.03661 0.36930 -0.10244 0.25251 0.26611 -0.06241 0.08059 0.17010 -0.04578 -0.09439
 -0.04098 0.37992 -0.10936 0.24844 0.26137 -0.06854 0.07268 0.16318 -0.05354 -0.09935
 -0.02936 0.38950 -0.11380 0.26104 0.27316 -0.05914 0.08708 0.17642 -0.04351 -0.10487
 -0.03731 0.39787 -0.11758 0.27267 0.28067 -0.06630 0.10320 0.18791 -0.04913 -0.11039
 -0.02540 0.40543 -0.12081 0.28455 0.28991 -0.05640 0.11403 0.20130 -0.03392 -0.10172
 -0.03201 0.40966 -0.12562 0.29600 0.29749 -0.06142 0.12418 0.21554 -0.04179 -0.10579
 -0.03979 0.40596 -0.12892 0.29220 0.29469 -0.06740 0.11801 0.20966 -0.04862 -0.11200
 -0.02873 0.40984 -0.13365 0.29875 0.30394 -0.05660 0.12955 0.21940 -0.03357 -0.11813
 -0.03451 0.40623 -0.13913 0.29555 0.29864 -0.06070 0.12285 0.21451 -0.04023 -0.12339
 -0.02146 0.41470 -0.14476 0.30361 0.30617 -0.05018 0.13546 0.22511 -0.02562 -0.12819
 -0.02916 0.42055 -0.15051 0.29957 0.30079 -0.05741 0.13003 0.21948 -0.03044 -0.13321
 -0.03466 0.42671 -0.15586 0.29432 0.29736 -0.06187 0.12550 0.21467 -0.03783 -0.13736
 -0.04015 0.43495 -0.15952 0.30464 0.30593 -0.06534 0.12152 0.21072 -0.04435 -0.14399
 -0.04674 0.44225 -0.16467 0.31277 0.31476 -0.07084 0.11665 0.21953 -0.04878 -0.14847
 -0.05103 0.44813 -0.16964 0.30788 0.31138 -0.07499 0.11166 0.21422 -0.05521 -0.15306
 -0.05598 0.45463 -0.17357 0.30314 0.30795 -0.08032 0.10630 0.20868 -0.06069 -0.15748
 -0.06148 0.45110 -0.17903 0.29923 0.30317 -0.08622 0.09932 0.20327 -0.06703 -0.16158
 -0.04359 0.45896 -0.18375 0.30554 0.31100 -0.07730 0.11038 0.20941 -0.05950 -0.16670
 -0.04847 0.45596 -0.18936 0.30070 0.30773 -0.08142 0.10436 0.20427 -0.06401 -0.17080
 -0.05426 0.45265 -0.19435 0.29636 0.30437 -0.08724 0.09803 0.20050 -0.06909 -0.17539
 -0.04502 0.45860 -0.19736 0.30651 0.31273 -0.07820 0.11225 0.21109 -0.05590 -0.17880
 -0.03462 0.46788 -0.20255 0.31223 0.32046 -0.06812 0.12756 0.22392 -0.04537 -0.18309
 -0.04158 0.47439 -0.20680 0.30807 0.31528 -0.07229 0.12148 0.21812 -0.05061 -0.18759
 -0.04566 0.48325 -0.21123 0.31535 0.32258 -0.07707 0.11706 0.22526 -0.05732 -0.19417
 -0.03780 0.49064 -0.21628 0.32628 0.32856 -0.06752 0.12683 0.23039 -0.04615 -0.19885
 -0.04238 0.49872 -0.22105 0.33639 0.33799 -0.07249 0.12187 0.22714 -0.05156 -0.20411
 -0.04894 0.50632 -0.22700 0.33227 0.33435 -0.07687 0.11623 0.22366 -0.05658 -0.20767
 -0.03855 0.51512 -0.23095 0.33851 0.34478 -0.06725 0.12680 0.23241 -0.04899 -0.20022
 -0.02936 0.52105 -0.23549 0.34640 0.35031 -0.05982 0.13777 0.24252 -0.03980 -0.19111
 -0.03549 0.52811 -0.23987 0.35382 0.35926 -0.06387 0.13172 0.23928 -0.04383 -0.19563
 -0.03960 0.53340 -0.24534 0.36016 0.36816 -0.06711 0.14059 0.24929 -0.04803 -0.19887
 -0.04457 0.53073 -0.25020 0.36546 0.37520 -0.07109 0.14906 0.25684 -0.03681 -0.20306
 -0.03454 0.52759 -0.25697 0.37088 0.38293 -0.06198 0.15623 0.26661 -0.02762 -0.20757
 -0.03971 0.52390 -0.26187 0.36671 0.37808 -0.06621 0.15274 0.26184 -0.03281 -0.21201
 -0.03045 0.52136 -0.26625 0.37541 0.39030 -0.05729 0.16270 0.27366 -0.02457 -0.20503
 -0.03425 0.51859 -0.26842 0.36904 0.38282 -0.06150 0.15701 0.26810 -0.03111 -0.20931
 -0.03832 0.51612 -0.27179 0.38294 0.39855 -0.06557 0.14895 0.26223 -0.03695 -0.21411
 -0.04369 0.51403 -0.27689 0.37690 0.39188 -0.06964 0.14072 0.25463 -0.04463 -0.21855
 -0.04935 0.51146 -0.28225 0.37041 0.38552 -0.07246 0.13246 0.24642 -0.05047 -0.22547
 -0.05538 0.50768 -0.28632 0.36235 0.37680 -0.07788 0.12135 0.23875 -0.05570 -0.22875
 -0.06009 0.50518 -0.29023 0.35097 0.36803 -0.08319 0.11190 0.22947 -0.06086 -0.23197
 -0.06540 0.50085 -0.29573 0.33985 0.35836 -0.08749 0.10249 0.22197 -0.06633 -0.23506
 -0.07102 0.49833 -0.30020 0.32858 0.34883 -0.09287 0.09348 0.21349 -0.07119 -0.23686
 -0.07761 0.49630 -0.30418 0.31805 0.34057 -0.09861 0.08530 0.20582 -0.07621 -0.24292
 -0.08124 0.49439 -0.30856 0.30831 0.36019 -0.10224 0.07507 0.19787 -0.08278 -0.24685
 -0.08541 0.49209 -0.31180 0.32798 0.37637 -0.10633 0.09067 0.21762 -0.07228 -0.25034
 -0.08966 0.49652 -0.31520 0.31656 0.36783 -0.11081 0.08118 0.20951 -0.07735 -0.25440
 -0.08059 0.50103 -0.31805 0.33818 0.38784 -0.10147 0.09754 0.22500 -0.06795 -0.25982
 -0.08609 0.50668 -0.32226 0.32920 0.38045 -0.10718 0.08845 0.21750 -0.07230 -0.26460
 -0.09000 0.51201 -0.32545 0.35087 0.39884 -0.11127 0.10369 0.23169 -0.07868 -0.26792
 -0.09440 0.50828 -0.32944 0.33949 0.39128 -0.11478 0.09394 0.22464 -0.08330 -0.27092
 -0.09918 0.51431 -0.33262 0.33126 0.38287 -0.11782 0.08543 0.21640 -0.08827 -0.27468
 -0.09056 0.51833 -0.33760 0.34781 0.39970 -0.11122 0.09958 0.23280 -0.08195 -0.26908
 -0.09541 0.52254 -0.34151 0.33901 0.39280 -0.11484 0.09084 0.22659 -0.08742 -0.27462
 -0.08620 0.52696 -0.34560 0.35687 0.40797 -0.10747 0.10306 0.24148 -0.07743 -0.26857
 -0.07763 0.53427 -0.34883 0.37447 0.42152 -0.10110 0.11858 0.25801 -0.06832 -0.27126
 -0.06945 0.54033 -0.35357 0.39249 0.43350 -0.09143 0.13448 0.27354 -0.05802 -0.26467
 -0.07350 0.54550 -0.35710 0.38538 0.42769 -0.09564 0.12511 0.26666 -0.06295 -0.26866
 -0.07693 0.55123 -0.36097 0.37858 0.42074 -0.09993 0.11748 0.26031 -0.06697 -0.27249
 -0.07979 0.55775 -0.36388 0.39431 0.43347 -0.10518 0.13485 0.27393 -0.07032 -0.27612
 -0.08267 0.56262 -0.36625 0.40816 0.44177 -0.10898 0.12767 0.26649 -0.07451 -0.27975
 -0.07105 0.56672 -0.37072 0.42136 0.45285 -0.10013 0.13886 0.27795 -0.06596 -0.27131
 -0.07632 0.57099 -0.37345 0.41635 0.44688 -0.10576 0.13340 0.26974 -0.06938 -0.27443
 -0.07901 0.57654 -0.37560 0.41032 0.44121 -0.10881 0.12771 0.26371 -0.07506 -0.27785
 -0.08250 0.57950 -0.37824 0.42234 0.44973 -0.11366 0.12034 0.27414 -0.07972 -0.28161
 -0.08600 0.58369 -0.38168 0.41581 0.45882 -0.11824 0.11437 0.26787 -0.08399 -0.28493
 -0.08980 0.58699 -0.38511 0.41090 0.45336 -0.12172 0.10833 0.26151 -0.08880 -0.28854
 -0.09271 0.58476 -0.38825 0.40424 0.44827 -0.12581 0.10248 0.25508 -0.09235 -0.29130
 -0.09733 0.59064 -0.39197 0.39789 0.45589 -0.12889 0.09716 0.24871 -0.09666 -0.29455
 -0.10116 0.59477 -0.39666 0.39121 0.45127 -0.13253 0.09170 0.24380 -0.10143 -0.29732
 -0.09477 0.60070 -0.39994 0.40480 0.46044 -0.12472 0.10240 0.25742 -0.09174 -0.30154
 -0.09831 0.60538 -0.40241 0.39910 0.45657 -0.12820 0.09740 0.25172 -0.09437 -0.30579
 -0.10169 0.60882 -0.40565 0.41297 0.46456 -0.13265 0.09265 0.24617 -0.09755 -0.31010
 -0.10570 0.61379 -0.40877 0.42447 0.47362 -0.13726 0.08673 0.24194 -0.10057 -0.31430
 -0.10919 0.61091 -0.41270 0.41867 0.47017 -0.13995 0.08225 0.23708 -0.10324 -0.31637
 -0.11373 0.61727 -0.41706 0.41466 0.46652 -0.14249 0.07718 0.23183 -0.10806 -0.31925
 -0.10747 0.62160 -0.42108 0.42502 0.47460 -0.13448 0.08781 0.24674 -0.10125 -0.30999
 -0.11224 0.62415 -0.42433 0.41991 0.47089 -0.13853 0.08282 0.24199 -0.10490 -0.31433
 -0.10544 0.62973 -0.42725 0.42892 0.47841 -0.13142 0.09326 0.25501 -0.09774 -0.31838
 -0.10833 0.63458 -0.43007 0.43923 0.48479 -0.13409 0.08844 0.24947 -0.10123 -0.32103
 -0.11131 0.63810 -0.43335 0.44748 0.49280 -0.13711 0.09922 0.26184 -0.10529 -0.32522
 -0.11578 0.64244 -0.43723 0.44373 0.48961 -0.14043 0.09448 0.25729 -0.10817 -0.32931
 -0.10821 0.64704 -0.44144 0.45130 0.49425 -0.14378 0.10357 0.26897 -0.10101 -0.33390
 -0.11143 0.65153 -0.44403 0.45880 0.50099 -0.14623 0.09810 0.27542 -0.10467 -0.33817
 -0.11527 0.65579 -0.44727 0.46638 0.50730 -0.14998 0.09376 0.28440 -0.10767 -0.34113
 -0.10829 0.66097 -0.45024 0.47388 0.51314 -0.14301 0.10395 0.29448 -0.10162 -0.34446
 -0.10041 0.66428 -0.45312 0.47936 0.51916 -0.13794 0.11278 0.30523 -0.09557 -0.34658
 -0.10505 0.67040 -0.45585 0.47632 0.51669 -0.14127 0.10950 0.30073 -0.09829 -0.35072
 -0.09934 0.67416 -0.45819 0.48144 0.52291 -0.13236 0.11750 0.30958 -0.08855 -0.34335
 -0.10315 0.67666 -0.46158 0.47910 0.52031 -0.13718 0.11187 0.30552 -0.09260 -0.34645
 -0.09378 0.68074 -0.46464 0.48405 0.52605 -0.13035 0.12120 0.31336 -0.08696 -0.33952
 -0.09899 0.68403 -0.46812 0.48201 0.52267 -0.13364 0.11650 0.30957 -0.09020 -0.34227
 -0.10203 0.68930 -0.47086 0.47848 0.51989 -0.13749 0.11192 0.30563 -0.09294 -0.34486
 -0.10587 0.69206 -0.47323 0.47579 0.51674 -0.14180 0.10807 0.30150 -0.09648 -0.34830
 -0.10985 0.69688 -0.47566 0.47266 0.51373 -0.14609 0.10462 0.29738 -0.09980 -0.35248
 -0.10243 0.69912 -0.47830 0.47945 0.51925 -0.13819 0.11117 0.30562 -0.09015 -0.35546
 -0.10657 0.70395 -0.48205 0.47654 0.52511 -0.14118 0.10732 0.30033 -0.09209 -0.35855
 -0.10933 0.70901 -0.48532 0.48214 0.53152 -0.14508 0.11515 0.30602 -0.09487 -0.36308
 -0.11317 0.71361 -0.48869 0.48708 0.53594 -0.14921 0.11154 0.30212 -0.09819 -0.36668
 -0.11739 0.71538 -0.49099 0.49202 0.54420 -0.15334 0.11973 0.31056 -0.10177 -0.37035
 -0.10637 0.71827 -0.49397 0.49684 0.54897 -0.14805 0.12576 0.31741 -0.09425 -0.37325
 -0.10164 0.72123 -0.49737 0.50342 0.55314 -0.14048 0.13570 0.32561 -0.08453 -0.36850
 -0.10425 0.72387 -0.49964 0.50959 0.55748 -0.14491 0.14604 0.33442 -0.08767 -0.37215
 -0.10742 0.72633 -0.50221 0.51440 0.56232 -0.14724 0.15269 0.34360 -0.09171 -0.37505
 -0.11089 0.72945 -0.50469 0.51277 0.56016 -0.14898 0.14812 0.34005 -0.09501 -0.37751
 -0.10391 0.73263 -0.50750 0.51626 0.56278 -0.14345 0.15852 0.34797 -0.08773 -0.37072
 -0.10709 0.73499 -0.51193 0.52177 0.56604 -0.14747 0.15442 0.34431 -0.09142 -0.37493
 -0.11066 0.73808 -0.51461 0.51946 0.56485 -0.15014 0.15038 0.34094 -0.09524 -0.37813
 -0.11308 0.73673 -0.51734 0.51689 0.56239 -0.15302 0.14657 0.33842 -0.09903 -0.38224
 -0.11510 0.73938 -0.51973 0.52188 0.56726 -0.15676 0.15413 0.34629 -0.10244 -0.38608
 -0.10974 0.74396 -0.52334 0.52748 0.57078 -0.14718 0.16342 0.35244 -0.09488 -0.38866
 -0.10495 0.74807 -0.52668 0.52962 0.57441 -0.14021 0.17029 0.35926 -0.08793 -0.38215
 -0.09700 0.75098 -0.52929 0.53394 0.57689 -0.13319 0.17828 0.36679 -0.08306 -0.38540
 -0.09994 0.75399 -0.53136 0.53206 0.57351 -0.13798 0.17491 0.36445 -0.08689 -0.38844
 -0.08973 0.75630 -0.53384 0.53653 0.58004 -0.12921 0.18269 0.37061 -0.08163 -0.38048
 -0.09274 0.75956 -0.53686 0.54106 0.58529 -0.13253 0.18857 0.37568 -0.08538 -0.38440
 -0.09619 0.76281 -0.53939 0.54522 0.58996 -0.13594 0.19643 0.38286 -0.08981 -0.38685
 -0.09946 0.76627 -0.54220 0.54942 0.59361 -0.13961 0.20405 0.38581 -0.09328 -0.39065
 -0.10360 0.76826 -0.54405 0.55502 0.59684 -0.14339 0.21115 0.39035 -0.09695 -0.39305
 -0.09711 0.77126 -0.54647 0.56049 0.60212 -0.13736 0.21899 0.39568 -0.09038 -0.38752
 -0.10007 0.77420 -0.55008 0.55810 0.59996 -0.14140 0.21637 0.39349 -0.09471 -0.39028
 -0.10434 0.77630 -0.55250 0.55635 0.59791 -0.14505 0.21302 0.38970 -0.09730 -0.39237
 -0.10695 0.77841 -0.55557 0.56158 0.60046 -0.14765 0.21021 0.39622 -0.10101 -0.39505
 -0.10852 0.78199 -0.55746 0.56567 0.60240 -0.15008 0.20701 0.39344 -0.10367 -0.39967
 -0.11194 0.78526 -0.55969 0.56379 0.60121 -0.15435 0.20461 0.39158 -0.10799 -0.40214
 -0.11621 0.78724 -0.56277 0.56842 0.60474 -0.15792 0.20181 0.38936 -0.11203 -0.40641
 -0.11975 0.79008 -0.56511 0.56658 0.60310 -0.16070 0.19880 0.38735 -0.11568 -0.40948
 -0.11553 0.79366 -0.56765 0.57077 0.60672 -0.15403 0.20745 0.39261 -0.10925 -0.40151
 -0.11981 0.79628 -0.57063 0.56860 0.61090 -0.15757 0.20420 0.38956 -0.11096 -0.40430
 -0.12375 0.79834 -0.57267 0.56611 0.60802 -0.15994 0.20181 0.38610 -0.11487 -0.40735
 -0.11619 0.80133 -0.57484 0.56999 0.61277 -0.15169 0.20984 0.39061 -0.10994 -0.41125
 -0.11865 0.80483 -0.57729 0.57451 0.61812 -0.15493 0.21508 0.39592 -0.11396 -0.41335
 -0.12182 0.80658 -0.57915 0.57789 0.62165 -0.15790 0.21266 0.39973 -0.11918 -0.41615
 -0.12486 0.80851 -0.58204 0.57635 0.61970 -0.16120 0.20938 0.39724 -0.12226 -0.41824
 -0.12923 0.81236 -0.58427 0.57370 0.61704 -0.16573 0.20603 0.39459 -0.12716 -0.42247
 -0.13280 0.81426 -0.58679 0.57163 0.62027 -0.16874 0.20255 0.39113 -0.13033 -0.42581
 -0.13624 0.81720 -0.58861 0.56893 0.61897 -0.17102 0.19915 0.38805 -0.13405 -0.42886
 -0.14011 0.82057 -0.59016 0.56737 0.61708 -0.17433 0.19479 0.38546 -0.13679 -0.43153
 -0.14350 0.82471 -0.59222 0.57112 0.61921 -0.17729 0.20165 0.38972 -0.13876 -0.43444
 -0.14657 0.82644 -0.59463 0.57579 0.62265 -0.18125 0.20603 0.39401 -0.14227 -0.43831
 -0.15040 0.82923 -0.59692 0.57314 0.62854 -0.18451 0.20418 0.39127 -0.14508 -0.44186
 -0.14413 0.83156 -0.59901 0.57591 0.63068 -0.17979 0.20929 0.39709 -0.13858 -0.44503
 -0.14789 0.83069 -0.60097 0.57386 0.62943 -0.18345 0.20667 0.39401 -0.14190 -0.44954
 -0.14969 0.83269 -0.60353 0.57820 0.63171 -0.18768 0.20352 0.39250 -0.14494 -0.45278
 -0.15351 0.83166 -0.60513 0.57635 0.62989 -0.19135 0.20058 0.38913 -0.14950 -0.45545
 -0.14865 0.83393 -0.60718 0.58057 0.63295 -0.18566 0.20596 0.39567 -0.14226 -0.44941
 -0.14242 0.83689 -0.60963 0.58502 0.63649 -0.17991 0.20984 0.39905 -0.13630 -0.44394
 -0.14522 0.83967 -0.61234 0.58694 0.64057 -0.18435 0.20748 0.39711 -0.13835 -0.44621
 -0.13484 0.84170 -0.61381 0.59041 0.64341 -0.17877 0.21192 0.40240 -0.13141 -0.43885
 -0.12971 0.84445 -0.61624 0.59535 0.64622 -0.17098 0.21672 0.40868 -0.12480 -0.44127
 -0.13365 0.84690 -0.61860 0.59875 0.64909 -0.17415 0.21380 0.41367 -0.12882 -0.44402
 -0.13675 0.84787 -0.62031 0.59664 0.64740 -0.17700 0.21131 0.41117 -0.13143 -0.44726
 -0.13904 0.84987 -0.62168 0.60040 0.65071 -0.17973 0.20785 0.40806 -0.13450 -0.45071
 -0.14252 0.85326 -0.62397 0.60557 0.65422 -0.18313 0.20493 0.40555 -0.13745 -0.45413
 -0.14677 0.85227 -0.62534 0.60344 0.65232 -0.18705 0.20199 0.40339 -0.14020 -0.45762
 -0.14971 0.85530 -0.62750 0.60801 0.65416 -0.18939 0.20741 0.40942 -0.14428 -0.46025
 -0.14138 0.85769 -0.63042 0.61333 0.65688 -0.18403 0.21332 0.41295 -0.13783 -0.45433
 -0.14398 0.86089 -0.63257 0.61184 0.65535 -0.18645 0.20942 0.41057 -0.14065 -0.45676
 -0.14701 0.86350 -0.63491 0.61549 0.65804 -0.18959 0.20698 0.40765 -0.14364 -0.45938
 -0.13989 0.86674 -0.63682 0.61965 0.66204 -0.19340 0.21227 0.41239 -0.13525 -0.46190
 -0.14187 0.86902 -0.63855 0.62317 0.66683 -0.19646 0.21881 0.41737 -0.13947 -0.46530
 -0.14433 0.87058 -0.64094 0.62610 0.66972 -0.19948 0.22568 0.42083 -0.14321 -0.46833
 -0.14784 0.87228 -0.64259 0.62386 0.66804 -0.20168 0.22325 0.41887 -0.14607 -0.47180
 -0.15196 0.87430 -0.64412 0.62729 0.67019 -0.20576 0.23200 0.42424 -0.13802 -0.47450
 -0.15534 0.87583 -0.64588 0.63155 0.67249 -0.20855 0.22849 0.43038 -0.14064 -0.47676
 -0.15856 0.87503 -0.64799 0.62980 0.67076 -0.21218 0.22470 0.42844 -0.14447 -0.47958
 -0.16213 0.87788 -0.64987 0.62800 0.66994 -0.21429 0.22183 0.42530 -0.14783 -0.48181
 -0.15685 0.87965 -0.65172 0.63381 0.67398 -0.20950 0.22638 0.43218 -0.14117 -0.48448
 -0.16075 0.88104 -0.65360 0.63245 0.67167 -0.21233 0.22282 0.42989 -0.14384 -0.48756
 -0.15519 0.88304 -0.65531 0.63600 0.67411 -0.20601 0.22739 0.43404 -0.13798 -0.49006
 -0.15863 0.88500 -0.65761 0.63423 0.67659 -0.20886 0.22542 0.43139 -0.14225 -0.49320
 -0.16122 0.88706 -0.65975 0.63277 0.67547 -0.21271 0.22230 0.42908 -0.14528 -0.49599
 -0.16356 0.88619 -0.66183 0.63000 0.67342 -0.21590 0.21933 0.42654 -0.14810 -0.49889
 -0.16731 0.88815 -0.66368 0.63369 0.67645 -0.21758 0.21741 0.42413 -0.15157 -0.50129
 -0.16991 0.89017 -0.66598 0.63766 0.68096 -0.22035 0.22215 0.42925 -0.15461 -0.50373
 -0.17252 0.89210 -0.66766 0.64153 0.68391 -0.22278 0.21963 0.42646 -0.15706 -0.50701
 -0.17564 0.89333 -0.66925 0.64027 0.68241 -0.22545 0.21742 0.42400 -0.15963 -0.50887
 -0.17892 0.89460 -0.67106 0.63891 0.68028 -0.22875 0.21438 0.42116 -0.16206 -0.51112
 -0.18275 0.89506 -0.67386 0.64183 0.68292 -0.23115 0.22153 0.42573 -0.16388 -0.51290
 -0.18657 0.89639 -0.67531 0.64012 0.68143 -0.23364 0.21919 0.42311 -0.16589 -0.51519
 -0.18912 0.89558 -0.67720 0.63832 0.68005 -0.23645 0.21674 0.42180 -0.16831 -0.51764
 -0.19178 0.89719 -0.67975 0.63577 0.67851 -0.23921 0.21365 0.41980 -0.17193 -0.52051
 -0.19490 0.89924 -0.68174 0.63874 0.68207 -0.24230 0.21755 0.42325 -0.17524 -0.52243
 -0.19808 0.89846 -0.68322 0.63763 0.68124 -0.24548 0.21433 0.42115 -0.17758 -0.52488
 -0.19377 0.90022 -0.68454 0.64052 0.68455 -0.23878 0.21971 0.42660 -0.17156 -0.52787
 -0.18963 0.90246 -0.68618 0.64557 0.68771 -0.23022 0.22622 0.43375 -0.16459 -0.52251
 -0.19314 0.90133 -0.68783 0.64376 0.68617 -0.23155 0.22270 0.43224 -0.16802 -0.52441
 -0.19618 0.90459 -0.68907 0.64137 0.68472 -0.23386 0.22005 0.42937 -0.17067 -0.52653
 -0.19059 0.90662 -0.69084 0.64448 0.68970 -0.22851 0.22497 0.43472 -0.16446 -0.52192
 -0.18587 0.90982 -0.69246 0.64776 0.69260 -0.22165 0.23080 0.43828 -0.15984 -0.52405
 -0.18805 0.91132 -0.69421 0.65146 0.69452 -0.22419 0.22848 0.43651 -0.16268 -0.52689
 -0.19089 0.91236 -0.69580 0.65033 0.69270 -0.22773 0.22424 0.43438 -0.16580 -0.53033
 -0.18301 0.91291 -0.69700 0.65338 0.69487 -0.22237 0.22943 0.43947 -0.16247 -0.53309
 -0.18622 0.91431 -0.69885 0.65201 0.69354 -0.22639 0.22727 0.43733 -0.16510 -0.53551
 -0.18904 0.91510 -0.70033 0.65510 0.69599 -0.22942 0.23228 0.44312 -0.16848 -0.53827
 -0.19067 0.91662 -0.70179 0.65938 0.69827 -0.23254 0.24023 0.44764 -0.17163 -0.54129
 -0.19369 0.91812 -0.70337 0.66239 0.70066 -0.23510 0.24655 0.45063 -0.17368 -0.54317
 -0.19577 0.91907 -0.70501 0.66058 0.69808 -0.23808 0.24437 0.44879 -0.17755 -0.54542
 -0.19881 0.92004 -0.70690 0.65919 0.69734 -0.24192 0.24164 0.44618 -0.18010 -0.54784
 -0.19211 0.92120 -0.70868 0.66255 0.69992 -0.23747 0.24946 0.44950 -0.17404 -0.54980
 -0.19526 0.92192 -0.71038 0.66482 0.70323 -0.24006 0.25606 0.45526 -0.16702 -0.55300
 -0.18924 0.92270 -0.71233 0.66821 0.70611 -0.23518 0.26136 0.45882 -0.15954 -0.55500
 -0.18306 0.92291 -0.71411 0.67063 0.70901 -0.23017 0.26446 0.46276 -0.15549 -0.55654
 -0.18543 0.92397 -0.71556 0.66920 0.70758 -0.23305 0.26142 0.45999 -0.15936 -0.55878
 -0.17929 0.92505 -0.71731 0.67199 0.71102 -0.22651 0.26567 0.46565 -0.15398 -0.56164
 -0.18191 0.92648 -0.71915 0.67533 0.71459 -0.22995 0.26937 0.46859 -0.15794 -0.56410
 -0.18398 0.92738 -0.72086 0.67410 0.71776 -0.23198 0.26609 0.46624 -0.16077 -0.56670
 -0.18742 0.92711 -0.72225 0.67181 0.71621 -0.23399 0.26408 0.46385 -0.16454 -0.56882
 -0.18122 0.92803 -0.72341 0.67588 0.71953 -0.22851 0.26963 0.46873 -0.15831 -0.57128
 -0.18332 0.92885 -0.72479 0.67413 0.71829 -0.23129 0.26699 0.46618 -0.16116 -0.57396
 -0.18524 0.92970 -0.72625 0.67196 0.71704 -0.23411 0.26460 0.46374 -0.16405 -0.57779
 -0.17879 0.93037 -0.72721 0.67513 0.72156 -0.22812 0.26848 0.46671 -0.15855 -0.58066
 -0.18081 0.93109 -0.72896 0.67412 0.72076 -0.23159 0.26552 0.46405 -0.16146 -0.58374
 -0.17569 0.93153 -0.73053 0.67784 0.72403 -0.22523 0.27022 0.46925 -0.15510 -0.58638
 -0.17810 0.93270 -0.73136 0.67971 0.72727 -0.22751 0.26780 0.46798 -0.15698 -0.58896
 -0.17374 0.93390 -0.73356 0.68177 0.72981 -0.22290 0.27248 0.47298 -0.15179 -0.58580
 -0.16840 0.93426 -0.73538 0.68483 0.73302 -0.21915 0.27818 0.47754 -0.14545 -0.58306
 -0.17165 0.93522 -0.73701 0.68807 0.73517 -0.22198 0.28486 0.48172 -0.14751 -0.58522
 -0.17429 0.93614 -0.73867 0.68704 0.73352 -0.22537 0.28253 0.47960 -0.15018 -0.58755
 -0.17606 0.93677 -0.74097 0.69107 0.73485 -0.22795 0.28942 0.48318 -0.15358 -0.58921
 -0.17046 0.93774 -0.74240 0.69541 0.73874 -0.23012 0.29482 0.48838 -0.14738 -0.59173
 -0.17251 0.93798 -0.74387 0.69391 0.73688 -0.23275 0.29254 0.48602 -0.14963 -0.59388
 -0.16655 0.93839 -0.74517 0.69813 0.73912 -0.22816 0.29635 0.49062 -0.14600 -0.58985
 -0.16167 0.93908 -0.74676 0.70102 0.74183 -0.22305 0.30173 0.49552 -0.14178 -0.58625
 -0.16525 0.93988 -0.74814 0.70462 0.74397 -0.22537 0.30918 0.49940 -0.14583 -0.58802
 -0.16785 0.94088 -0.74918 0.70705 0.74653 -0.22752 0.30686 0.49567 -0.14737 -0.59042
 -0.16963 0.94057 -0.75089 0.70635 0.74549 -0.23094 0.30347 0.49395 -0.15004 -0.59352
 -0.17356 0.94141 -0.75239 0.70461 0.74426 -0.23307 0.30112 0.49206 -0.15281 -0.59557
 -0.16949 0.94236 -0.75339 0.70587 0.74623 -0.22819 0.30600 0.49616 -0.14765 -0.59104
 -0.17196 0.94308 -0.75486 0.70780 0.74972 -0.23040 0.30302 0.50079 -0.15048 -0.59326
 -0.17458 0.94362 -0.75633 0.70683 0.74757 -0.23314 0.30018 0.49992 -0.15225 -0.59567
 -0.17758 0.94477 -0.75824 0.70616 0.74695 -0.23578 0.29778 0.49800 -0.15529 -0.59785
 -0.18009 0.94564 -0.75999 0.71013 0.75024 -0.23922 0.30296 0.50184 -0.15883 -0.59941
 -0.18321 0.94663 -0.76118 0.71404 0.75251 -0.24128 0.30046 0.49972 -0.16186 -0.60150
 -0.17652 0.94778 -0.76243 0.71714 0.75307 -0.23582 0.30379 0.50574 -0.15397 -0.59726
 -0.17925 0.94839 -0.76401 0.71972 0.75603 -0.23896 0.30716 0.50841 -0.14801 -0.59887
 -0.18183 0.94814 -0.76559 0.71795 0.75491 -0.24217 0.30469 0.50627 -0.15034 -0.60080
 -0.18514 0.94772 -0.76725 0.71756 0.75360 -0.24493 0.30162 0.50446 -0.15323 -0.60226
 -0.18855 0.94848 -0.76881 0.71589 0.75277 -0.24866 0.29904 0.50248 -0.15559 -0.60434
 -0.19134 0.94924 -0.76978 0.71909 0.75521 -0.25126 0.30443 0.50666 -0.15805 -0.60793
 -0.19522 0.95019 -0.77077 0.71769 0.75414 -0.25410 0.30231 0.50429 -0.16119 -0.60976
 -0.18865 0.95078 -0.77199 0.72130 0.75624 -0.24819 0.30682 0.50881 -0.15604 -0.61227
 -0.19158 0.95146 -0.77345 0.72526 0.76004 -0.25098 0.30940 0.51121 -0.15974 -0.61357
 -0.19498 0.95211 -0.77457 0.72387 0.76202 -0.25357 0.30694 0.50911 -0.16291 -0.61532
 -0.19743 0.95297 -0.77570 0.72657 0.76342 -0.25594 0.31344 0.51397 -0.16557 -0.61785
 -0.19309 0.95376 -0.77669 0.72976 0.76579 -0.25041 0.31760 0.51821 -0.16030 -0.61972
 -0.19685 0.95392 -0.77819 0.72815 0.76798 -0.25353 0.31605 0.51614 -0.16352 -0.62200
 -0.19212 0.95463 -0.77936 0.73173 0.76997 -0.24991 0.32000 0.52031 -0.15788 -0.62320
 -0.18715 0.95517 -0.78052 0.73361 0.77221 -0.24262 0.32344 0.52467 -0.14929 -0.62599
 -0.18245 0.95552 -0.78150 0.73671 0.77469 -0.23628 0.32699 0.52802 -0.14398 -0.62743
 -0.18567 0.95636 -0.78280 0.73508 0.77392 -0.23870 0.32381 0.52649 -0.14686 -0.62925
 -0.18017 0.95662 -0.78378 0.73766 0.77596 -0.23307 0.32959 0.53113 -0.14242 -0.63099
 -0.18298 0.95729 -0.78528 0.74104 0.77805 -0.23571 0.32739 0.53514 -0.14554 -0.63253
 -0.18550 0.95717 -0.78602 0.73939 0.77733 -0.23849 0.32533 0.53306 -0.14879 -0.63503
 -0.18715 0.95772 -0.78688 0.74216 0.77915 -0.24164 0.32259 0.53718 -0.15215 -0.63673
 -0.19055 0.95866 -0.78749 0.74489 0.78040 -0.24246 0.32619 0.53843 -0.15564 -0.63870
 -0.19365 0.95908 -0.78825 0.74338 0.77987 -0.24565 0.32378 0.53617 -0.15817 -0.64056
 -0.19753 0.95955 -0.78929 0.74549 0.78160 -0.24774 0.32866 0.53891 -0.16133 -0.64282
 -0.20055 0.96022 -0.79011 0.74366 0.78035 -0.25290 0.32582 0.53744 -0.16415 -0.64496
 -0.20263 0.95991 -0.79146 0.74163 0.77963 -0.25493 0.32411 0.53562 -0.16778 -0.64743
 -0.20467 0.96024 -0.79281 0.74035 0.77848 -0.25798 0.32172 0.53420 -0.17041 -0.64958
 -0.20729 0.96094 -0.79395 0.73981 0.77748 -0.26026 0.31830 0.53161 -0.17430 -0.65126
 -0.20026 0.96180 -0.79492 0.74209 0.77840 -0.25434 0.32466 0.53538 -0.16772 -0.65225
 -0.19541 0.96220 -0.79628 0.74407 0.78050 -0.24874 0.32885 0.53871 -0.16073 -0.64859
 -0.19880 0.96264 -0.79726 0.74553 0.78288 -0.25136 0.33250 0.54171 -0.15634 -0.65096
 -0.20219 0.96238 -0.79839 0.74385 0.78204 -0.25389 0.32976 0.54026 -0.15844 -0.65309
 -0.20437 0.96288 -0.79933 0.74559 0.78449 -0.25625 0.33560 0.54401 -0.15415 -0.65519
 -0.20748 0.96320 -0.80023 0.74732 0.78795 -0.25887 0.33331 0.54207 -0.15666 -0.65706
 -0.20971 0.96377 -0.80110 0.74630 0.78723 -0.26103 0.33073 0.53966 -0.15971 -0.65909
 -0.20557 0.96452 -0.80210 0.74819 0.78891 -0.25595 0.33518 0.54289 -0.15331 -0.65674
 -0.20802 0.96435 -0.80359 0.74648 0.78795 -0.25900 0.33136 0.54092 -0.15610 -0.65781
 -0.21201 0.96396 -0.80516 0.74538 0.78760 -0.26115 0.32968 0.53916 -0.15822 -0.65971
 -0.21432 0.96511 -0.80663 0.74706 0.78961 -0.26384 0.33411 0.54144 -0.16136 -0.66081
 -0.21172 0.96570 -0.80804 0.74827 0.79071 -0.25842 0.33953 0.54486 -0.15625 -0.66283
 -0.20377 0.96667 -0.80927 0.74972 0.79156 -0.25412 0.34482 0.54905 -0.15068 -0.66430
 -0.20613 0.96755 -0.81008 0.74889 0.79019 -0.25667 0.34223 0.54781 -0.15394 -0.66581
 -0.20214 0.96789 -0.81143 0.75157 0.79174 -0.25214 0.34571 0.55218 -0.14837 -0.66769
 -0.19814 0.96832 -0.81259 0.75423 0.79408 -0.24642 0.35091 0.55606 -0.14172 -0.66452
 -0.20097 0.96904 -0.81364 0.75620 0.79608 -0.24839 0.34765 0.55431 -0.14524 -0.66654
 -0.19706 0.96992 -0.81489 0.75787 0.79711 -0.24324 0.35247 0.55731 -0.14072 -0.66779
 -0.20043 0.97030 -0.81574 0.75696 0.79580 -0.24526 0.35012 0.55608 -0.14328 -0.66951

