0.420114652958442 1
0.4250846481733688 1
0.4412252479993793 1
0.4449459192426748 1
0.44562612233849547 1
0.44687677930594666 1
0.4484820018244697 1
0.4510586209207216 1
0.45130801242010127 1
0.4555247228944171 1
0.4556320849795565 1
0.455807769274697 1
0.45629855134471514 1
0.4582083679944733 1
0.4587945295714541 1
0.4602434703940324 1
0.461684848844077 1
0.46222057816985 1
0.46518648223347603 1
0.46601268604644097 1
0.4665399102202982 1
0.4676765441562025 1
0.46772787231486324 1
0.46852331861420526 1
0.46857999797103483 1
0.4692088299298471 1
0.47015436874585076 1
0.4712250306385796 1
0.4737170614154526 1
0.47460270269270555 1
0.47482329907557047 1
0.4748358499528347 1
0.4748627185935436 1
0.4749356177362612 1
0.47541417131021874 1
0.4758392623096409 1
0.4764480733159751 1
0.4772752939445908 1
0.47735500412252124 1
0.4785525259952709 1
0.47862654048692865 1
0.47912234236075585 1
0.4806003561403705 1
0.4806684410618462 1
0.48084405124303964 1
0.48100249586182076 1
0.48185494379282384 1
0.4823769177817184 1
0.4824764865970493 1
0.48248776245262026 1
0.4827237477632035 1
0.4833063520877286 1
0.484671615935256 1
0.4855708604434648 1
0.48581996332384086 1
0.48604892059369303 1
0.48756337641674086 1
0.48786996352949275 1
0.4883281173522818 1
0.48849871910862547 1
0.48879435859767023 1
0.4893398022689449 1
0.48955593189663665 1
0.48989799129993616 1
0.49027781978921925 1
0.4914444873106246 1
0.49144718020440975 1
0.4920467288187496 1
0.49276179747535953 1
0.49334027371064515 1
0.4935917952741077 1
0.4938978354683343 1
0.49464865808293745 1
0.4951620593335067 1
0.4953795650447741 1
0.4957166548876205 1
0.49616540985911933 1
0.49624240386011176 1
0.49630650578858343 1
0.49631700020060143 1
0.4968568376988802 1
0.49699370391463915 1
0.4970268439549271 1
0.4971266055552805 1
0.4974721883914537 1
0.4974818651844676 1
0.49750250079099134 1
0.49756761773086466 1
0.49841228054338826 1
0.4988813428995193 1
0.49916856458951275 1
0.49919097359505216 1
0.4992966792232838 1
0.4996990284989674 1
0.5001225247674097 1
0.5008461394224681 1
0.5015754610015891 1
0.5019265497320975 1
0.5024429096958503 1
0.5030363002094895 1
0.5031249947959457 1
0.5034202799592796 1
0.5034642873422165 1
0.5044063609737744 1
0.5049692051113007 1
0.5053260463242383 1
0.5060696667053309 1
0.50649679527083 1
0.5065583470486017 1
0.5066616863286437 1
0.5071296754710716 1
0.5072320358567041 1
0.5076298821727216 1
0.5077399425551085 1
0.5077780727705273 1
0.5078497076456215 1
0.5080809369820662 1
0.5081298777491714 1
0.5081799440075816 1
0.5081830177880131 1
0.5085399560820429 1
0.5087226795779543 1
0.5092529360716264 1
0.5094951450842733 1
0.5104932229877724 1
0.5111165575818726 1
0.5127010735748573 1
0.5129748096859926 1
0.5133662277865544 1
0.5134874628262573 1
0.5137926178522423 1
0.513829067816634 1
0.5150214304796722 1
0.5151003769589553 1
0.5154191556350962 1
0.5154349209076674 1
0.5156749536839272 1
0.5159211731109451 1
0.5160113661003606 1
0.5163117432574185 1
0.5170435431859689 1
0.5172130414610998 1
0.5185530929472906 1
0.5190369674846695 1
0.5191813192592104 1
0.5194720846000878 1
0.5203223015311823 1
0.5207723564533733 1
0.5208983052682011 1
0.5211124485590688 1
0.522094041892425 1
0.5221000294051472 1
0.5222317913983585 1
0.5226783449797006 1
0.5228168625248623 1
0.5230290608309647 1
0.5230480347540322 1
0.5234989891482603 1
0.523927819752949 1
0.5246353199873665 1
0.5246539364792927 1
0.5250755746080764 1
0.5252237122761642 1
0.525246642479244 1
0.5260014795949077 1
0.5260334433019512 1
0.5260890202312958 1
0.5268304349341992 1
0.5269154742413178 1
0.5283296129173012 1
0.5293023384854594 1
0.5296542135737238 1
0.5309283998605181 1
0.5310217875179915 1
0.5311599103885707 1
0.531449850243543 1
0.5318044509549577 1
0.531857028095018 1
0.5333360246017853 1
0.5333967407337898 1
0.534300244941496 1
0.5353252537941033 1
0.5357305487226575 1
0.5364028392311974 1
0.5379856496796086 1
0.5407801058107646 1
0.5466087272767391 1
0.5486577532147241 1
0.5523274913502373 1
0.5529145346140674 1
0.5540249859152325 1
0.554106384688745 1
0.5554591665342051 1
0.5564027360480069 1
0.5606289546718438 1
0.5676081518166569 1
0.5686201219292537 1
0.5724239605914958 1
0.5731977532935689 1
0.5814087736673638 1
