
 0.525
 0.508
 0.515
 0.532
 0.572
 0.486
 0.497
 0.475
 0.507
 0.481
 0.525
 0.508
 0.534
 0.488
 0.477
 0.531
 0.498
 0.516
 0.489
 0.481
 0.497
 0.507
 0.495
 0.536
 0.530
 0.555
 0.498
 0.506
 0.506
 0.496
 0.494
 0.483
 0.475
 0.516
 0.522
 0.420
 0.497
 0.471
 0.456
 0.488
 0.508
 0.529
 0.509
 0.523
 0.531
 0.507
 0.503
 0.517
 0.502
 0.519
 0.521
 0.499
 0.547
 0.516
 0.479
 0.479
 0.482
 0.490
 0.509
 0.526
 0.462
 0.581
 0.507
 0.528
 0.509
 0.456
 0.504
 0.561
 0.535
 0.498
 0.509
 0.488
 0.489
 0.503
 0.483
 0.541
 0.486
 0.513
 0.522
 0.468
 0.475
 0.531
 0.521
 0.499
 0.510
 0.497
 0.499
 0.519
 0.441
 0.469
 0.514
 0.486
 0.523
 0.462
 0.523
 0.523
 0.515
 0.451
 0.459
 0.554
 0.517
 0.532
 0.556
 0.514
 0.513
 0.549
 0.513
 0.495
 0.527
 0.445
 0.460
 0.475
 0.474
 0.448
 0.569
 0.505
 0.456
 0.522
 0.523
 0.456
 0.525
 0.519
 0.482
 0.505
 0.491
 0.495
 0.516
 0.508
 0.508
 0.475
 0.469
 0.479
 0.482
 0.469
 0.493
 0.468
 0.467
 0.458
 0.476
 0.568
 0.533
 0.508
 0.482
 0.485
 0.491
 0.502
 0.524
 0.501
 0.508
 0.477
 0.496
 0.500
 0.451
 0.526
 0.466
 0.490
 0.521
 0.515
 0.481
 0.525
 0.497
 0.511
 0.475
 0.496
 0.465
 0.503
 0.553
 0.490
 0.446
 0.538
 0.503
 0.519
 0.573
 0.527
 0.500
 0.533
 0.515
 0.470
 0.481
 0.526
 0.499
 0.494
 0.497
 0.520
 0.488
 0.447
 0.508
 0.492
 0.493
 0.476
 0.554
 0.513
 0.425
 0.525
 0.531
 0.496
 0.536
 0.496
 0.502
 0.552

