
 2.230
 1.980
 2.250
 2.180
 2.360
 2.260
 2.090
 2.480
 2.250
 2.340
 2.350
 2.320
 2.140
 2.310
 2.240
 2.040
 2.450
 1.970
 2.290
 2.160
 2.260
 2.030
 2.070
 2.230
 2.170
 2.330
 2.090
 2.030
 2.050
 2.370
 2.130
 2.480
 2.120
 2.270
 1.840
 2.270
 2.090
 2.300
 2.230
 2.360
 2.150
 2.540
 2.110
 2.020
 2.500
 2.320
 2.270
 2.170
 2.230
 2.390
 2.010
 2.150
 2.060
 2.210
 2.110
 2.010
 2.400
 2.410
 2.160
 2.340
 2.310
 2.300
 2.190
 2.690
 2.280
 2.170
 2.350
 1.930
 2.040
 2.660
 2.110
 2.150
 2.170
 2.070
 2.170
 2.320
 2.170
 2.010
 2.230
 2.040
 2.370
 2.290
 2.340
 1.990
 2.290
 2.320
 2.440
 2.440
 2.160
 2.030

