
 0.514
 0.483
 0.532
 0.580
 0.537
 0.532
 0.497
 0.563
 0.556
 0.529
 0.522
 0.496
 0.513
 0.490
 0.518
 0.517
 0.509
 0.537
 0.509
 0.505
 0.536
 0.510
 0.500
 0.527
 0.503
 0.508
 0.544
 0.473
 0.539
 0.488
 0.512
 0.537
 0.496
 0.545
 0.484
 0.504
 0.549
 0.509
 0.507
 0.454
 0.496
 0.489
 0.517
 0.535
 0.540
 0.494
 0.492
 0.536
 0.526
 0.502
 0.505
 0.551
 0.517
 0.512
 0.493
 0.514
 0.540
 0.546
 0.516
 0.440
 0.499
 0.569
 0.496
 0.529
 0.514
 0.478
 0.511
 0.578
 0.517
 0.529
 0.506
 0.532
 0.522
 0.544
 0.548
 0.521
 0.506
 0.525
 0.534
 0.463
 0.536
 0.511
 0.463
 0.529
 0.494
 0.491
 0.506
 0.525
 0.500
 0.542
 0.447
 0.479
 0.572
 0.538
 0.510
 0.496
 0.528
 0.498
 0.526
 0.547
 0.531
 0.526
 0.527
 0.497
 0.543
 0.556
 0.547
 0.536
 0.554
 0.498
 0.527
 0.505
 0.512
 0.512
 0.536
 0.492
 0.457
 0.507
 0.521
 0.511
 0.476
 0.535
 0.532
 0.524
 0.498
 0.547
 0.561
 0.514
 0.477
 0.541
 0.469
 0.506
 0.501
 0.529
 0.513
 0.503
 0.531
 0.524
 0.496
 0.491
 0.565
 0.515
 0.491
 0.512
 0.519
 0.524
 0.477
 0.536
 0.521
 0.526
 0.530
 0.507
 0.487
 0.501
 0.505
 0.542
 0.523
 0.506
 0.470
 0.530
 0.485
 0.495
 0.561
 0.540
 0.472
 0.498
 0.615
 0.494
 0.496
 0.518
 0.548
 0.486
 0.504
 0.510
 0.533
 0.540
 0.518
 0.553
 0.545
 0.503
 0.540
 0.521
 0.480
 0.506
 0.544
 0.511
 0.509
 0.484
 0.605
 0.522
 0.491
 0.520
 0.474
 0.475
 0.523
 0.493
 0.538
 0.545
 0.525
 0.543

