0 38
0 29
0 41
0 49
0 48
0 43
0 36
0 51
0 38
0 53
0 46
0 37
0 45
0 54
0 41
0 53
0 42
0 43
0 41
0 47
0 49
0 42
0 42
0 38
0 47
0 56
0 50
0 48
0 56
0 43
0 40
0 46
0 42
0 38
0 49
0 42
0 34
0 35
0 46
0 44
0 47
0 42
0 32
0 43
0 46
0 36
0 37
0 43
0 39
0 42
0 41
0 38
0 43
0 51
0 41
0 48
0 38
0 44
0 49
0 42
0 47
0 41
0 36
0 38
0 41
0 43
0 49
0 52
0 41
0 37
0 48
0 44
0 49
0 40
0 46
0 41
0 43
0 41
0 51
0 33
0 46
0 45
0 36
0 46
0 43
0 44
0 43
0 45
0 33
0 32
0 25
0 35
0 67
0 48
0 28
0 43
0 48
0 48
0 44
0 30
0 32
0 46
0 58
0 50
0 47
0 31
0 32
0 44
0 40
0 40
0 43
0 57
0 39
0 48
0 33
0 61
0 45
0 36
0 34
0 49
0 49
0 39
0 38
0 36
0 37
0 48
0 36
0 40
0 44
0 38
0 38
0 44
0 48
0 47
0 35
0 50
0 43
0 41
0 42
0 33
0 38
0 39
0 52
0 39
0 40
0 40
0 52
0 38
0 41
0 39
0 46
0 38
0 44
0 50
0 49
0 40
0 49
0 42
0 40
0 44
0 49
0 41
0 39
0 44
0 46
0 47
0 37
0 55
0 35
0 47
0 42
0 48
0 39
0 38
0 38
0 47
0 43
0 38
0 38
0 43
0 49
0 46
0 36
0 54
0 37
0 51
0 41
0 44
0 37
0 41
0 33
0 51
0 39
0 39
0 42
0 53
0 42
0 37
0 42
0 52
