0.42774100181918273 1
0.42954613497911004 1
0.4341356708875244 1
0.4402785273876013 1
0.4426475645929495 1
0.44508268960065506 1
0.44967054553361785 1
0.4547356826780014 1
0.4573367974750299 1
0.4611171086953062 1
0.46649316919108247 1
0.4707067989137244 1
0.4721074965525499 1
0.47234938901353907 1
0.47321912054223864 1
0.47329495558859735 1
0.47491290276747455 1
0.47587738861361667 1
0.47591453454479216 1
0.47677561176310673 1
0.479593408804394 1
0.47967472490172114 1
0.48061501910714377 1
0.48115290767076624 1
0.4819097463780328 1
0.4828812091319351 1
0.48328293007715956 1
0.48331736447146023 1
0.4838453962223135 1
0.4845029842250445 1
0.4846068612238286 1
0.4846101225242576 1
0.4856541755753874 1
0.4870733310874076 1
0.4874021102495177 1
0.4877249408590455 1
0.48775980119229884 1
0.48783027782406 1
0.48824242263977397 1
0.4889116758962249 1
0.4904904730699913 1
0.49056651777016236 1
0.4906227073859234 1
0.49094033396722947 1
0.49124340552639834 1
0.49127486485627064 1
0.49195829997001733 1
0.4925536930110988 1
0.4926490110715904 1
0.4930210198873594 1
0.4931210901820233 1
0.49361240768841874 1
0.49371030553989115 1
0.4937162541427992 1
0.49375453049470996 1
0.4938963150748589 1
0.4939275254353944 1
0.4943561777208728 1
0.49453136530229097 1
0.49537532754749974 1
0.49572030450041327 1
0.4958886202617464 1
0.49608156323374913 1
0.4961984530614753 1
0.49633657544563287 1
0.4966610057101923 1
0.49708295497835336 1
0.4974146520027818 1
0.49861185939393415 1
0.4986586327533478 1
0.49930217808511 1
0.4995112292329278 1
0.49977908636308854 1
0.5004121921447315 1
0.5005272783608653 1
0.5006595003918785 1
0.5007639092431028 1
0.5014732115854703 1
0.5014911668381123 1
0.502215802672958 1
0.502486660823757 1
0.5026174179597518 1
0.5026245750218721 1
0.502778861063078 1
0.5028683195717834 1
0.5032599547163529 1
0.5037090137751011 1
0.5038181280945825 1
0.504172586320321 1
0.5044633776721923 1
0.5053169788295313 1
0.5055323994043338 1
0.5057729892869104 1
0.5061654115557688 1
0.5061999552073977 1
0.5065752732740331 1
0.507404882406917 1
0.5080729529644534 1
0.508370000245042 1
0.5084039843154488 1
0.5085593989416107 1
0.508730639161715 1
0.5089286637773227 1
0.5090498699434339 1
0.5094868079649703 1
0.5096919667376711 1
0.5098203178313719 1
0.5101284301254211 1
0.5104436540001535 1
0.5117061428458114 1
0.5120050889445015 1
0.5122194160433182 1
0.5122736710663793 1
0.5131801272469818 1
0.5133260975054474 1
0.5136336774717288 1
0.5139383604210328 1
0.5141537416989738 1
0.5148492466815561 1
0.514864481883485 1
0.5150484435661792 1
0.5153125766984249 1
0.5161093752031919 1
0.5161177902967872 1
0.5169055163295931 1
0.5174449488227475 1
0.5181650192555761 1
0.5184326272356794 1
0.5190038946100245 1
0.5191351131134185 1
0.519767257312284 1
0.5197921115070264 1
0.5201505954628944 1
0.5202367467822194 1
0.5202715648431071 1
0.5203395345240253 1
0.5204983238290266 1
0.5209267666350911 1
0.5218122330197112 1
0.521829232304604 1
0.5220284553936547 1
0.5226438159076147 1
0.522838597970643 1
0.5228547681242717 1
0.5231139482750465 1
0.523168910553742 1
0.5234117578370308 1
0.5234603118923631 1
0.5235360663184035 1
0.5237188213424032 1
0.5238629197544161 1
0.5241051352904896 1
0.5244480304070972 1
0.5247764099641532 1
0.5254950454517711 1
0.5258257455481852 1
0.5264029181950807 1
0.5266405038682733 1
0.5266573095576189 1
0.5274510037347674 1
0.5280631940907113 1
0.5296547521377015 1
0.5299880364987001 1
0.5301371710947995 1
0.5307535475137142 1
0.5308545858968432 1
0.5312903318773436 1
0.5318716491132852 1
0.5323636005777375 1
0.5324902309832021 1
0.5334153796004696 1
0.5341839548089169 1
0.5347460313570245 1
0.5358518883707191 1
0.5362065838273724 1
0.5366541259866416 1
0.5396495278397428 1
0.5397493957520632 1
0.5409255988605344 1
0.5421019563479367 1
0.5423630693156766 1
0.5434329694193104 1
0.5440544786784642 1
0.5441140699030798 1
0.545230325057512 1
0.5465585880540007 1
0.5469150423667322 1
0.5489966515355356 1
0.5496530710727345 1
0.5497872866406656 1
0.5507392826928366 1
0.5514849380873038 1
0.5529099013061695 1
0.55407325495996 1
0.5554147709434087 1
0.5587053251083358 1
0.5620390268927562 1
0.5625678836638808 1
0.5639019451290312 1
0.5641224386705286 1
