
 0.514
 0.492
 0.508
 0.504
 0.509
 0.564
 0.497
 0.547
 0.483
 0.564
 0.494
 0.512
 0.523
 0.507
 0.524
 0.534
 0.494
 0.531
 0.519
 0.503
 0.545
 0.525
 0.547
 0.488
 0.509
 0.504
 0.509
 0.490
 0.476
 0.509
 0.525
 0.491
 0.495
 0.533
 0.499
 0.506
 0.480
 0.502
 0.520
 0.520
 0.477
 0.512
 0.488
 0.480
 0.494
 0.524
 0.537
 0.497
 0.483
 0.497
 0.536
 0.489
 0.522
 0.549
 0.524
 0.502
 0.496
 0.506
 0.505
 0.520
 0.527
 0.510
 0.508
 0.457
 0.524
 0.434
 0.516
 0.485
 0.527
 0.499
 0.476
 0.494
 0.491
 0.515
 0.518
 0.507
 0.522
 0.519
 0.445
 0.466
 0.563
 0.512
 0.500
 0.506
 0.518
 0.494
 0.513
 0.553
 0.550
 0.499
 0.540
 0.524
 0.501
 0.484
 0.551
 0.512
 0.520
 0.493
 0.496
 0.473
 0.485
 0.481
 0.526
 0.506
 0.510
 0.516
 0.554
 0.531
 0.491
 0.517
 0.520
 0.541
 0.520
 0.473
 0.510
 0.532
 0.487
 0.509
 0.530
 0.528
 0.517
 0.543
 0.540
 0.475
 0.508
 0.530
 0.496
 0.501
 0.515
 0.430
 0.471
 0.515
 0.559
 0.503
 0.482
 0.550
 0.472
 0.523
 0.491
 0.495
 0.488
 0.503
 0.532
 0.526
 0.555
 0.503
 0.527
 0.501
 0.461
 0.510
 0.455
 0.542
 0.428
 0.487
 0.532
 0.513
 0.491
 0.523
 0.523
 0.494
 0.486
 0.500
 0.521
 0.481
 0.531
 0.544
 0.523
 0.485
 0.501
 0.488
 0.562
 0.503
 0.501
 0.493
 0.523
 0.504
 0.493
 0.440
 0.500
 0.450
 0.514
 0.493
 0.514
 0.494
 0.551
 0.522
 0.535
 0.520
 0.496
 0.496
 0.443
 0.515
 0.544
 0.542
 0.472
 0.536
 0.530
 0.483
 0.504
 0.523

