0.41865977810165 1
0.4435871291695391 1
0.44528445034112857 1
0.45273674597497815 1
0.4529030639591818 1
0.4591399546762391 1
0.4620212686999745 1
0.4642641879925862 1
0.4644759701138399 1
0.46476704564149535 1
0.4658794228549953 1
0.46942133574701345 1
0.4699000199390808 1
0.4704403072657172 1
0.47204697499414244 1
0.47328395970927994 1
0.474513369607422 1
0.47569727095766257 1
0.4759595758807088 1
0.47607669916375406 1
0.47697540290986923 1
0.4770254028866476 1
0.4775761712962588 1
0.47792843433860077 1
0.4779597094127753 1
0.47821798174506364 1
0.4797021969445839 1
0.4809712774526755 1
0.48161437922404254 1
0.4825416748340099 1
0.48312266103288637 1
0.4837275196933918 1
0.4839706760135583 1
0.4843123737253093 1
0.48474606201188153 1
0.48553159876363916 1
0.48564856343296436 1
0.48611013020348387 1
0.48744443616821376 1
0.4876469552600737 1
0.48803671135794735 1
0.48863900163018287 1
0.4889101451256813 1
0.4894223634449429 1
0.4894527374383446 1
0.4902724675989561 1
0.4903113109400293 1
0.4907910436004845 1
0.4914005123314682 1
0.49147277886812546 1
0.4915725590658849 1
0.49160786046246463 1
0.49186721206429235 1
0.49239177256395616 1
0.49247668319445076 1
0.4927713538357609 1
0.4928044173185419 1
0.4938418833064315 1
0.4941587737672423 1
0.4946268769787991 1
0.494664068892971 1
0.49558039794098696 1
0.49604249451736715 1
0.4961501167105187 1
0.49626094986230607 1
0.4962689280242133 1
0.49639854685192014 1
0.49656211537005907 1
0.4969395553820857 1
0.49886176868151094 1
0.49923449343933174 1
0.4994207269981144 1
0.4994288758674062 1
0.49968734378492546 1
0.49999218818300134 1
0.5005506362110355 1
0.5009462126572573 1
0.5010462221403555 1
0.5011156206168634 1
0.5012317671912754 1
0.5012455944875709 1
0.5015522762563421 1
0.5020559469052016 1
0.5024378723439726 1
0.5025700822652088 1
0.503047823491432 1
0.5031958936244738 1
0.5035400609466012 1
0.5040099533826552 1
0.5040275045388123 1
0.5042811406598415 1
0.5048812903260108 1
0.5049970106132071 1
0.50603240904189 1
0.5061009286008082 1
0.5073970075563299 1
0.5077520931473424 1
0.5078200591493477 1
0.5080944470071438 1
0.5082900575906467 1
0.5088260098120118 1
0.509241880216597 1
0.5098563970919481 1
0.5099846489664938 1
0.51017837782843 1
0.5102505011733676 1
0.5111807464228193 1
0.5112934888763766 1
0.5114282575294048 1
0.5121353676198818 1
0.5121857437700933 1
0.512817001880836 1
0.5129263020431978 1
0.5130443907182138 1
0.513095261481899 1
0.5132348417877706 1
0.5132575797237895 1
0.5134280926367907 1
0.5140230318844105 1
0.5141335930036732 1
0.514385079809645 1
0.5144457629567072 1
0.514523823874908 1
0.5146008240300807 1
0.5150106731285495 1
0.5154310230746842 1
0.5156948477730113 1
0.516400878777913 1
0.5167990506310486 1
0.5172129678677496 1
0.5173934092749316 1
0.5178699117763387 1
0.5182998893074665 1
0.5187509065814622 1
0.5191325751525916 1
0.5197440835213175 1
0.5197798590113579 1
0.5203489145474458 1
0.5206527292694656 1
0.5212125385661629 1
0.5217722395010546 1
0.5218831451973568 1
0.5220315923944809 1
0.52439460668143 1
0.5246253446776445 1
0.5248880000314744 1
0.5256689006289069 1
0.5257783721905498 1
0.5268125380181067 1
0.5271214868964366 1
0.527532933507264 1
0.527658534899245 1
0.5277704158521729 1
0.5280452111163544 1
0.5289523013095111 1
0.5290170652338122 1
0.5293105577191137 1
0.5296597309392687 1
0.5306939573669931 1
0.5312969537355589 1
0.5315461033642973 1
0.5318370523836495 1
0.5327838695270828 1
0.5331840984008417 1
0.53408048719175 1
0.5348254086538042 1
0.5359305516177237 1
0.5368675285104678 1
0.5368843560933598 1
0.5374205735099695 1
0.5378743497237841 1
0.5379427049101503 1
0.539482808656658 1
0.5395637292031534 1
0.53989798603832 1
0.5403096370710738 1
0.5403115242159198 1
0.5408097446373229 1
0.5412550714828048 1
0.542312217752725 1
0.542674236748067 1
0.5434269349436198 1
0.5434432222238886 1
0.543558934873625 1
0.5443566724800964 1
0.5445257394087729 1
0.5445979323589861 1
0.5468768010495095 1
0.547179236950651 1
0.5489532441620115 1
0.5494840174391956 1
0.5506774741645324 1
0.5518265735338802 1
0.5526777366812978 1
0.56368708040288 1
0.5652213728928794 1
0.5694069027070306 1
0.5778730099874503 1
0.5789494792257454 1
0.5978434226688591 1
