
 0.489
 0.508
 0.478
 0.545
 0.492
 0.497
 0.499
 0.482
 0.537
 0.502
 0.526
 0.495
 0.499
 0.579
 0.480
 0.478
 0.525
 0.522
 0.518
 0.564
 0.517
 0.489
 0.513
 0.514
 0.525
 0.486
 0.516
 0.578
 0.513
 0.544
 0.501
 0.521
 0.540
 0.527
 0.520
 0.524
 0.543
 0.478
 0.508
 0.489
 0.537
 0.462
 0.513
 0.496
 0.483
 0.488
 0.510
 0.526
 0.518
 0.539
 0.488
 0.516
 0.547
 0.494
 0.492
 0.487
 0.469
 0.484
 0.529
 0.490
 0.527
 0.492
 0.522
 0.501
 0.491
 0.503
 0.491
 0.464
 0.502
 0.531
 0.490
 0.506
 0.513
 0.532
 0.541
 0.551
 0.535
 0.481
 0.475
 0.502
 0.501
 0.445
 0.508
 0.545
 0.529
 0.540
 0.459
 0.531
 0.484
 0.542
 0.453
 0.515
 0.476
 0.500
 0.540
 0.484
 0.533
 0.477
 0.515
 0.513
 0.532
 0.514
 0.464
 0.522
 0.534
 0.505
 0.470
 0.496
 0.541
 0.553
 0.470
 0.478
 0.496
 0.491
 0.549
 0.419
 0.496
 0.472
 0.530
 0.514
 0.486
 0.503
 0.538
 0.492
 0.507
 0.514
 0.569
 0.520
 0.508
 0.513
 0.540
 0.476
 0.504
 0.466
 0.504
 0.493
 0.476
 0.503
 0.499
 0.512
 0.538
 0.547
 0.520
 0.528
 0.496
 0.495
 0.510
 0.506
 0.543
 0.509
 0.473
 0.512
 0.536
 0.505
 0.528
 0.444
 0.544
 0.501
 0.486
 0.510
 0.549
 0.552
 0.528
 0.519
 0.529
 0.509
 0.598
 0.517
 0.465
 0.515
 0.543
 0.493
 0.504
 0.501
 0.511
 0.497
 0.537
 0.499
 0.485
 0.453
 0.521
 0.496
 0.477
 0.492
 0.483
 0.500
 0.519
 0.504
 0.528
 0.513
 0.533
 0.517
 0.501
 0.510
 0.494
 0.511
 0.511
 0.489
 0.565
 0.515

