0 47
0 53
0 45
0 37
0 38
0 53
0 46
0 41
0 46
0 51
0 36
0 45
0 46
0 44
0 48
0 55
0 42
0 53
0 32
0 28
0 45
0 46
0 33
0 36
0 31
0 37
0 50
0 39
0 43
0 51
0 44
0 43
0 42
0 52
0 44
0 32
0 44
0 38
0 37
0 52
0 39
0 34
0 40
0 48
0 41
0 31
0 44
0 46
0 38
0 45
0 38
0 52
0 31
0 46
0 42
0 39
0 43
0 38
0 41
0 53
0 42
0 50
0 32
0 51
0 41
0 48
0 43
0 38
0 50
0 44
0 54
0 39
0 37
0 45
0 53
0 39
0 38
0 47
0 41
0 36
0 41
0 34
0 33
0 52
0 44
0 39
0 35
0 46
0 36
0 37
0 54
0 40
0 45
0 29
0 55
0 42
0 44
0 33
0 42
0 43
0 37
0 44
0 45
0 44
0 50
0 41
0 40
0 48
0 39
0 44
0 57
0 42
0 43
0 42
0 33
0 47
0 42
0 40
0 46
0 58
0 32
0 43
0 42
0 46
0 46
0 47
0 42
0 45
0 47
0 31
0 44
0 36
0 49
0 54
0 44
0 27
0 37
0 41
0 38
0 44
0 43
0 41
0 41
0 42
0 49
0 36
0 50
0 39
0 53
0 38
0 34
0 49
0 46
0 38
0 48
0 36
0 34
0 42
0 35
0 49
0 38
0 38
0 39
0 37
0 40
0 51
0 41
0 48
0 35
0 44
0 43
0 31
0 44
0 36
0 40
0 45
0 48
0 43
0 42
0 33
0 47
0 39
0 66
0 42
0 46
0 44
0 35
0 45
0 32
0 37
0 46
0 47
0 44
0 38
0 47
0 47
0 41
0 41
0 47
0 40
