0.2825197444616232 1
0.29200825329595126 1
0.29511396089883357 1
0.296134233343178 1
0.2970700758099341 1
0.2982117598354266 1
0.29989849200472624 1
0.3032220581556089 1
0.30438905559995605 1
0.3065014947460185 1
0.30869333569181007 1
0.3105748198306883 1
0.31120016613548607 1
0.3116802589988465 1
0.31183282517975 1
0.31236821762224487 1
0.31260926563735864 1
0.3149493031417181 1
0.31642956015473883 1
0.3169587518308901 1
0.31722350704923796 1
0.3188233066640671 1
0.3188922558704249 1
0.32118046752625234 1
0.321818928146812 1
0.32236310535686585 1
0.32295661824639377 1
0.3232811240905454 1
0.32355289307827884 1
0.3236383761034489 1
0.3239724213179629 1
0.32405081014424375 1
0.32425549597624337 1
0.3249239808973302 1
0.32527129904781255 1
0.32634937464300356 1
0.32710791317683285 1
0.3272010464976467 1
0.3284303399592381 1
0.3284563901243184 1
0.3285392483233742 1
0.3286048819498076 1
0.32861066519999776 1
0.329357956463519 1
0.3295091508362967 1
0.3296348523847207 1
0.3302129673917091 1
0.3302678489851623 1
0.33035683022938733 1
0.33100611960927173 1
0.33148132411934556 1
0.3319393597487064 1
0.33257440357454493 1
0.33263602124580266 1
0.33320958352179664 1
0.3335496703571462 1
0.3344176958506588 1
0.3349388192454852 1
0.33551035632534715 1
0.33591595307354033 1
0.3368052415936439 1
0.3375144407448402 1
0.3385378926476955 1
0.34031956725255197 1
0.3405569809271971 1
0.34060745254294417 1
0.3421868011393947 1
0.3422739930593404 1
0.34270174872585785 1
0.343783161930238 1
0.34444570545045694 1
0.3444576894669904 1
0.34460326020461407 1
0.34566619581838337 1
0.34568036318172723 1
0.3456989236610292 1
0.3458722534585088 1
0.3459935633553319 1
0.3459979564712905 1
0.34617372898105536 1
0.3463624397993261 1
0.34644860117048276 1
0.3465922046426855 1
0.34788237902930974 1
0.3483862558222484 1
0.34853214532041626 1
0.34857039704777704 1
0.3486163159325294 1
0.34883817210959955 1
0.3489402681391142 1
0.34976060228534317 1
0.3502565704119928 1
0.35047322193442015 1
0.3505484298378324 1
0.35085839115785744 1
0.3511115813401831 1
0.3511610803378515 1
0.35162489775304473 1
0.35219144625965304 1
0.3528725685852798 1
0.3534408484854565 1
0.354475707273656 1
0.35470984173935116 1
0.355212406119233 1
0.3552890276504992 1
0.35552634157470536 1
0.355916399151429 1
0.3567814268307316 1
0.3572121209163903 1
0.35743437258034916 1
0.35758115551106306 1
0.3576793353358412 1
0.35800549067969994 1
0.3593080247792827 1
0.35963873138977787 1
0.35992842433055516 1
0.35993859923234595 1
0.36052754252913116 1
0.3607840703206458 1
0.36099730134519264 1
0.3610282398635592 1
0.3614196692484086 1
0.3620352398414636 1
0.3620889906661604 1
0.362194819791753 1
0.36223259413836345 1
0.3623949360310101 1
0.3625190078701903 1
0.362566557928544 1
0.3629786732087949 1
0.36298429684394895 1
0.3632665584991871 1
0.36360231161364703 1
0.36399692045700727 1
0.3645285563098021 1
0.3645937724200818 1
0.36473624512352837 1
0.36589843193576355 1
0.3662262184532231 1
0.3665634196326257 1
0.3667584893679184 1
0.3669350815125999 1
0.36759062958953914 1
0.36792256671922985 1
0.37052789475339837 1
0.37059700310526394 1
0.37081796485495866 1
0.3709981304806819 1
0.3728991477169404 1
0.3738074090649824 1
0.3738273596785161 1
0.37383298331367015 1
0.3738335369512369 1
0.37472584531481523 1
0.37477560367795926 1
0.3757744539502049 1
0.3774573715990931 1
0.37870601875256554 1
0.3808007104223679 1
0.3809218621685128 1
0.38107744819289147 1
0.38142387191599797 1
0.3815755431999978 1
0.38163936917604635 1
0.3822107466408724 1
0.3840355363683953 1
0.3842405634597315 1
0.38471674058788347 1
0.38497565462532995 1
0.3859109199608969 1
0.38596441142011834 1
0.38623292322816655 1
0.38772671254263036 1
0.3882111156332577 1
0.3887419384830103 1
0.38900824198626766 1
0.3892783849679168 1
0.38954713264781743 1
0.3897790823023449 1
0.3901750812799367 1
0.3904596274967821 1
0.3912158814690044 1
0.3917633158587436 1
0.3917834260873132 1
0.3934436076866878 1
0.39397288078717296 1
0.3945779587127229 1
0.3951475285271638 1
0.3962311500363346 1
0.3964438039296918 1
0.39714885100429975 1
0.39736647368044736 1
0.39940191413446074 1
0.39947249451441913 1
0.39956572758567255 1
0.40107904853315884 1
0.40291240548249413 1
0.4040744341440511 1
0.4078921842648209 1
0.41033101462659466 1
