0.4360247663769302 1
0.4378870584650086 1
0.44417032996680705 1
0.44478581643855747 1
0.44739281724002034 1
0.4475998575257957 1
0.4497191659879079 1
0.4498595889820561 1
0.4531845900552327 1
0.45318865371090167 1
0.45323519577596566 1
0.4532964637083752 1
0.45427441291533144 1
0.45456665129773954 1
0.4571387972043584 1
0.4577625808561202 1
0.4594696785339765 1
0.46019545469886564 1
0.4623629912837038 1
0.4625919006605014 1
0.46266443264212187 1
0.46351719305804956 1
0.4648441308289374 1
0.4653343962949313 1
0.4682526648768276 1
0.46835028597584716 1
0.4684234916801963 1
0.46887751640051384 1
0.47023903724129285 1
0.4705512557888211 1
0.4713725817914176 1
0.4728802580601381 1
0.47442388685645814 1
0.4752361631501983 1
0.47565208510226853 1
0.47570219592929147 1
0.4762288710906153 1
0.4765204762247503 1
0.4767310242340177 1
0.47792090607316956 1
0.47832980147622595 1
0.47838435214892105 1
0.47895355088453145 1
0.47919060631943056 1
0.47937451615503107 1
0.4794163162898893 1
0.4797236389430421 1
0.4797839834881097 1
0.4802835580699762 1
0.48031946642182954 1
0.4804525672563462 1
0.4814709282559131 1
0.4821449090068263 1
0.48272608647614845 1
0.4830507312600368 1
0.48308657973379604 1
0.48334270665428425 1
0.48337092476230104 1
0.48381118454038224 1
0.48407410868708695 1
0.4857209064255315 1
0.4861558967433936 1
0.48775893337909537 1
0.4879034639924614 1
0.48794002629744293 1
0.48879591162974123 1
0.48888927198136917 1
0.48891731617326833 1
0.48979403646583053 1
0.49022571358464245 1
0.4919542736175969 1
0.49260718259166064 1
0.4926548865709397 1
0.4930668493276844 1
0.49320785679412876 1
0.49324095301403686 1
0.4934023374616402 1
0.4934743851332278 1
0.49406342896607364 1
0.4941561131956979 1
0.4946547660205738 1
0.49465572672894154 1
0.49525712720562226 1
0.4954184232648424 1
0.4959940676585184 1
0.49686089665721467 1
0.49687812284519706 1
0.49707065694215985 1
0.49732058377757826 1
0.4976848625079625 1
0.49769369273479336 1
0.4977772456908713 1
0.49809635800885105 1
0.49843885329141796 1
0.4984794461620655 1
0.49870289451111577 1
0.49930077598921235 1
0.5003852172854836 1
0.5006914056324114 1
0.5006978269119661 1
0.5010581938275216 1
0.5011967916870202 1
0.5012150916815046 1
0.5026030491267032 1
0.5029317352616614 1
0.5036747527817836 1
0.504808223038138 1
0.5057046254493642 1
0.5066489906487043 1
0.5069200742607826 1
0.5071569929715288 1
0.5074428400954143 1
0.5075736232349841 1
0.5083190561144064 1
0.5084521462047052 1
0.5084684865115175 1
0.5085238192429716 1
0.5086087963319398 1
0.5086474188346778 1
0.5093082166946755 1
0.509453638330897 1
0.5094721023420978 1
0.5099220768137723 1
0.5099287611355774 1
0.5103753154416734 1
0.5108593126438693 1
0.5108772768903834 1
0.511447926534305 1
0.5119381467400677 1
0.5125488339377309 1
0.5127779419874006 1
0.5128311609322558 1
0.512854144454125 1
0.5128891368179976 1
0.5134047338728138 1
0.5138120295575159 1
0.513964821372404 1
0.5140368575590707 1
0.5141363550333797 1
0.5143465235892938 1
0.5145010784580463 1
0.5152999620691333 1
0.5156285185179921 1
0.5157961354924021 1
0.516807023763905 1
0.516974373349254 1
0.5170315703228578 1
0.5173024850567824 1
0.5183042140467776 1
0.5187886828205397 1
0.5187910634194904 1
0.5190065091673256 1
0.5191369733605344 1
0.5197486918459961 1
0.519782126312151 1
0.520155626178715 1
0.5202926850680736 1
0.5212883476648306 1
0.5215971322851933 1
0.5220806071702612 1
0.5222215605090568 1
0.5233498545113101 1
0.5237754851104995 1
0.5250955028755172 1
0.5252818231187508 1
0.5271429278493326 1
0.5271855370420022 1
0.5277894302001047 1
0.5288484245369276 1
0.5291294897880011 1
0.5300261113644591 1
0.5307677178916385 1
0.5318477608194975 1
0.5322386434009148 1
0.5337752201060028 1
0.5346838346646279 1
0.5352235663061028 1
0.5361764669316024 1
0.5370025465358764 1
0.5376562516054642 1
0.5378961307819461 1
0.5384186257238559 1
0.5384641176452624 1
0.538603234948461 1
0.5393580148926869 1
0.5413842634175067 1
0.5416110150499938 1
0.5428869713244651 1
0.5431849559334316 1
0.543871089361931 1
0.5444212879843365 1
0.5489858160604454 1
0.5524884364217684 1
0.5530216596031644 1
0.5538886675805703 1
0.5540330440551157 1
0.5546175133993896 1
0.5644478025431947 1
0.5653169911177224 1
0.5731449827259449 1
