
 0.525
 0.498
 0.523
 0.538
 0.511
 0.478
 0.525
 0.538
 0.453
 0.555
 0.492
 0.486
 0.480
 0.477
 0.535
 0.554
 0.494
 0.482
 0.529
 0.509
 0.493
 0.478
 0.454
 0.488
 0.505
 0.493
 0.539
 0.554
 0.507
 0.508
 0.457
 0.532
 0.476
 0.517
 0.501
 0.481
 0.464
 0.511
 0.499
 0.460
 0.504
 0.453
 0.476
 0.543
 0.455
 0.537
 0.493
 0.517
 0.529
 0.489
 0.479
 0.536
 0.483
 0.497
 0.495
 0.503
 0.514
 0.494
 0.480
 0.513
 0.465
 0.544
 0.513
 0.514
 0.463
 0.508
 0.513
 0.453
 0.493
 0.522
 0.493
 0.514
 0.532
 0.483
 0.538
 0.498
 0.531
 0.444
 0.524
 0.471
 0.497
 0.508
 0.450
 0.510
 0.480
 0.484
 0.479
 0.509
 0.519
 0.521
 0.493
 0.512
 0.541
 0.509
 0.552
 0.511
 0.495
 0.509
 0.497
 0.553
 0.527
 0.486
 0.474
 0.479
 0.573
 0.520
 0.514
 0.497
 0.489
 0.503
 0.476
 0.516
 0.458
 0.462
 0.520
 0.565
 0.436
 0.507
 0.489
 0.475
 0.535
 0.509
 0.538
 0.506
 0.498
 0.495
 0.453
 0.501
 0.543
 0.500
 0.477
 0.513
 0.468
 0.518
 0.513
 0.448
 0.516
 0.544
 0.478
 0.522
 0.564
 0.539
 0.480
 0.520
 0.501
 0.501
 0.488
 0.488
 0.473
 0.490
 0.470
 0.530
 0.517
 0.519
 0.484
 0.447
 0.520
 0.450
 0.507
 0.510
 0.508
 0.490
 0.507
 0.465
 0.510
 0.509
 0.483
 0.498
 0.483
 0.445
 0.542
 0.501
 0.469
 0.498
 0.468
 0.517
 0.496
 0.549
 0.438
 0.459
 0.479
 0.534
 0.471
 0.468
 0.483
 0.515
 0.528
 0.515
 0.514
 0.522
 0.498
 0.495
 0.519
 0.480
 0.463
 0.499
 0.493
 0.527
 0.513
 0.519

