
 0.450
 0.479
 0.478
 0.460
 0.479
 0.437
 0.453
 0.462
 0.396
 0.448
 0.494
 0.437
 0.460
 0.450
 0.417
 0.449
 0.506
 0.373
 0.504
 0.501
 0.440
 0.406
 0.518
 0.493
 0.480
 0.482
 0.409
 0.511
 0.461
 0.471
 0.514
 0.444
 0.509
 0.445
 0.478
 0.415
 0.505
 0.517
 0.496
 0.535
 0.462
 0.450
 0.456
 0.435
 0.461
 0.467
 0.424
 0.423
 0.445
 0.459
 0.480
 0.480
 0.498
 0.445
 0.496
 0.463
 0.430
 0.484
 0.486
 0.427
 0.452
 0.459
 0.472
 0.455
 0.425
 0.458
 0.440
 0.468
 0.520
 0.442
 0.455
 0.485
 0.458
 0.475
 0.521
 0.455
 0.440
 0.472
 0.506
 0.487
 0.489
 0.460
 0.462
 0.472
 0.407
 0.443
 0.467
 0.431
 0.469
 0.412
 0.475
 0.447
 0.482
 0.467
 0.463
 0.485
 0.455
 0.459
 0.459
 0.477
 0.483
 0.461
 0.468
 0.475
 0.509
 0.456
 0.452
 0.415
 0.415
 0.497
 0.427
 0.517
 0.500
 0.448
 0.441
 0.409
 0.519
 0.465
 0.446
 0.494
 0.446
 0.506
 0.476
 0.452
 0.464
 0.465
 0.497
 0.464
 0.510
 0.446
 0.420
 0.509
 0.459
 0.489
 0.485
 0.431
 0.532
 0.432
 0.450
 0.424
 0.472
 0.460
 0.463
 0.450
 0.451
 0.475
 0.452
 0.429
 0.406
 0.448
 0.471
 0.517
 0.433
 0.442
 0.433
 0.471
 0.455
 0.534
 0.487
 0.511
 0.495
 0.421
 0.447
 0.433
 0.495
 0.440
 0.457
 0.413
 0.480
 0.506
 0.446
 0.474
 0.450
 0.448
 0.450
 0.469
 0.497
 0.482
 0.495
 0.450
 0.442
 0.440
 0.464
 0.420
 0.492
 0.450
 0.466
 0.453
 0.432
 0.477
 0.440
 0.490
 0.518
 0.483
 0.493
 0.393
 0.513
 0.477
 0.442
 0.495

