0.42453553429513247 1
0.4265258904365553 1
0.4321498399716721 1
0.43594969707684844 1
0.43766340331995707 1
0.4439045663463867 1
0.44621667437526846 1
0.44706443130631746 1
0.44809103038445264 1
0.4486196011980222 1
0.448748930338676 1
0.4495608130443643 1
0.45499045635143864 1
0.4556339906080378 1
0.456653917988296 1
0.4575285988448078 1
0.45782333325586566 1
0.4589523239176658 1
0.460503971528847 1
0.46147768575204223 1
0.46347790406119427 1
0.4640404266554784 1
0.46452075783922525 1
0.46482225194009985 1
0.4653473238106296 1
0.46559835374844616 1
0.4657285272079759 1
0.4658401189758477 1
0.46696823761530426 1
0.4671285399646558 1
0.4673251846670768 1
0.4690025567375834 1
0.4698958117385264 1
0.47024524702820136 1
0.4714064336491947 1
0.47253775525825426 1
0.4728331047696479 1
0.47299973339228835 1
0.47306575293540043 1
0.4737294356873475 1
0.47395283857946147 1
0.47505482361603063 1
0.47528297641871964 1
0.4760273849571886 1
0.4772611115653474 1
0.4773809664164841 1
0.4785582451643286 1
0.4804393973065363 1
0.48351319018154854 1
0.48369002540358713 1
0.48516732920255184 1
0.4859167683774049 1
0.48668995203132925 1
0.4869651978003791 1
0.4870771491159772 1
0.48729297411354466 1
0.4875859974843903 1
0.48771520592722956 1
0.48773801289956964 1
0.48838746775155273 1
0.48886825857906296 1
0.4889859599712214 1
0.48900301476757213 1
0.48912986758848837 1
0.48962166844279387 1
0.4897797662226379 1
0.49005478315933604 1
0.4914252164676896 1
0.49145467469821624 1
0.49279611483669306 1
0.49338103542287115 1
0.4935293207679963 1
0.49353236631216363 1
0.4936704169014037 1
0.49377333542210194 1
0.49468419578791056 1
0.4957011827062663 1
0.4962696617729542 1
0.4968754230547798 1
0.49718191186270877 1
0.4971827018585026 1
0.49796550973988196 1
0.49825023083152714 1
0.4996973420460952 1
0.5010625176140409 1
0.5013695606308209 1
0.5015080954927472 1
0.5017723754043822 1
0.5021623038797592 1
0.5033313377823296 1
0.504335633478443 1
0.5045706032960949 1
0.5047895166893873 1
0.5055744879026931 1
0.5056825822845784 1
0.5059428259859436 1
0.5063105652394493 1
0.5064540194336539 1
0.5069138025205259 1
0.5069358354619314 1
0.5081022717203229 1
0.5081318944108939 1
0.5082042211570699 1
0.5089621753073555 1
0.50922670729563 1
0.5094592579281274 1
0.5095027761677284 1
0.5097376362621792 1
0.5104076650772719 1
0.510678003638816 1
0.510987240287447 1
0.5110572608052879 1
0.511883406493634 1
0.5119581246235112 1
0.511970966836522 1
0.5124844021538928 1
0.5128969724438311 1
0.51311547478811 1
0.513279204957009 1
0.513502571168303 1
0.5136205937233758 1
0.5137121141127057 1
0.5138713984763689 1
0.5143351610887471 1
0.5148703148708953 1
0.5148743962849156 1
0.5151762568735965 1
0.5151776609788155 1
0.5153467967787555 1
0.5165315382312192 1
0.5170090828714037 1
0.5174528589332048 1
0.5176342158822395 1
0.517897195568664 1
0.5179607424029457 1
0.5184117027312951 1
0.5186430588977953 1
0.5188137178347803 1
0.5189556209350638 1
0.5194028857700389 1
0.5199755573694156 1
0.5219123695800013 1
0.5220799620371476 1
0.5230465979600214 1
0.5231606110516784 1
0.5233081754854232 1
0.5237455506603199 1
0.5244593226771761 1
0.5252752250993855 1
0.5259847149055342 1
0.5264666646596803 1
0.527861839459479 1
0.5281215010958766 1
0.529198246359914 1
0.5296937211292451 1
0.5300477721480521 1
0.5300546710264523 1
0.5311150504437496 1
0.5323449358642831 1
0.5336914913788086 1
0.5342877183408298 1
0.5349942867800759 1
0.5363632724168257 1
0.5367937657422973 1
0.5379208456216719 1
0.5400936813494078 1
0.540157974972635 1
0.54016237395735 1
0.5406394937506414 1
0.5407533576067121 1
0.5408755003179795 1
0.5424187209595276 1
0.5428250900127057 1
0.5434036925616199 1
0.5446464782323016 1
0.5465040010737434 1
0.5469253854295301 1
0.547233929353398 1
0.5473504693591122 1
0.5477406453579037 1
0.5478589600447614 1
0.5486954602337127 1
0.5490451234244286 1
0.5492477698262667 1
0.550329285578564 1
0.5511767904886079 1
0.5521401963166239 1
0.5523732150922875 1
0.5541881140823791 1
0.5561362960872335 1
0.5595444634627376 1
0.5620839011645498 1
0.5631497273151731 1
0.5644402523065836 1
0.5694060380815911 1
0.5696213350312586 1
0.5702586450058443 1
0.5816444292845769 1
0.5892525788899221 1
0.5999956125081211 1
