0.3730008495272407 1
0.38089790576360416 1
0.38756846299899506 1
0.39189158042974176 1
0.39341941010078785 1
0.3977627405608361 1
0.4024739170710645 1
0.40936124961888937 1
0.40957520873596776 1
0.41232780063580843 1
0.4126318370066728 1
0.4132575755223498 1
0.4171001217465882 1
0.4187417982338879 1
0.42056677057174613 1
0.42266417564900394 1
0.4239541621165575 1
0.42417463977446557 1
0.42483505814851696 1
0.4252778607888888 1
0.42538260203945427 1
0.42660883446992365 1
0.4266503333251579 1
0.42778560635143215 1
0.42951607924458607 1
0.4296618403191449 1
0.42997416588854415 1
0.43099921892948573 1
0.43107414137669786 1
0.4310755563459832 1
0.4322331017017351 1
0.432597342735511 1
0.4340049107476391 1
0.4342402486102824 1
0.43460321516522155 1
0.43469041191493607 1
0.435502631908162 1
0.43557293707912526 1
0.43586932964715813 1
0.4359014954981993 1
0.4360420512627066 1
0.43687916273577726 1
0.4370099211851658 1
0.43722716458045496 1
0.4376580738132481 1
0.4380083309087199 1
0.43896064936213075 1
0.4401307941976878 1
0.4408595318873565 1
0.44137839433773857 1
0.4421636658906579 1
0.4429256693643746 1
0.44353371522717855 1
0.4443063320679026 1
0.4445455737304463 1
0.44465140454521435 1
0.4447111028584471 1
0.44639270326611374 1
0.4477020694583913 1
0.448343295619519 1
0.4490926875424194 1
0.4494746692850021 1
0.4501062287081003 1
0.4501108677988663 1
0.4502716052746415 1
0.4514492630784888 1
0.4517316118089393 1
0.45201950776464406 1
0.4532515456571133 1
0.45381545674674423 1
0.4539326034564833 1
0.4544154614016726 1
0.4556765482363459 1
0.4560308792384384 1
0.45615643301528314 1
0.4564147118498401 1
0.4564779275939127 1
0.456949132138366 1
0.4569916111280504 1
0.45710964971949564 1
0.4571940317483951 1
0.4574356805856848 1
0.45789623955013803 1
0.4591131916116384 1
0.45985468900414533 1
0.46019207892668396 1
0.4604503577612409 1
0.4611463576489947 1
0.4612365874642402 1
0.46130513993248684 1
0.4614389970486008 1
0.4614720355639977 1
0.46150070982809605 1
0.46202517032668494 1
0.4624055403421169 1
0.4629702679687543 1
0.4630834613777906 1
0.4631982176506835 1
0.46323669447637095 1
0.4632898577683254 1
0.4636308351323358 1
0.4644229360805916 1
0.46640368892477285 1
0.46745425869883594 1
0.4677510968802365 1
0.4678607940354416 1
0.4683314590118679 1
0.4688272812016088 1
0.4689793816042792 1
0.46912484962693 1
0.47036102444225747 1
0.4711445481870149 1
0.4722607021576274 1
0.47251135199726635 1
0.47417373158109277 1
0.4754294444141909 1
0.4755282740548124 1
0.47574536292898373 1
0.4761265494814218 1
0.47621515717104074 1
0.4762639054485331 1
0.4764301408764262 1
0.4766800069419612 1
0.4768083317931246 1
0.4770478741691504 1
0.477093806251287 1
0.47756822880557726 1
0.4775842153371268 1
0.47877508525358065 1
0.47954507721235073 1
0.4798278715561687 1
0.4798907491569684 1
0.48004801743989917 1
0.48028729782471224 1
0.48138518358950155 1
0.4825021695425417 1
0.48304732235912495 1
0.48332239478839234 1
0.4835683196242364 1
0.4852574950869098 1
0.48609196053068915 1
0.4867710354392814 1
0.48708949695237996 1
0.48730195310488084 1
0.488106071183592 1
0.4889990950682378 1
0.4892796085748154 1
0.48966510330912905 1
0.4906955300941942 1
0.49102062968922816 1
0.4912605095710191 1
0.49150209850903004 1
0.4920877643148098 1
0.4925189503467287 1
0.4925509141058361 1
0.49488372708604117 1
0.4951683420453436 1
0.495272571244314 1
0.4960458950224387 1
0.4966042364173283 1
0.4970105592931959 1
0.49728134091599563 1
0.4979672722512394 1
0.49809468323632655 1
0.4985570499082202 1
0.49883376708499233 1
0.49916943166885686 1
0.4999585194064401 1
0.5020590870036933 1
0.5027025886976643 1
0.5041437715854998 1
0.5043817491380108 1
0.5047057823055094 1
0.5054869587747995 1
0.505535388763877 1
0.5062386979731673 1
0.5079363300037495 1
0.5082470806382815 1
0.5086665378950925 1
0.5091150784366117 1
0.5095844425107227 1
0.5100430128528105 1
0.5106757434663083 1
0.512863905855828 1
0.5152337042830363 1
0.5154153780079678 1
0.5173403272328186 1
0.5202681231800557 1
0.5215996956908887 1
0.5256721912554055 1
0.5266606224914642 1
0.5270177952753583 1
0.527665283290386 1
0.5283488840880621 1
0.5287070370064059 1
0.5325661662946032 1
0.5374606005706276 1
0.553485607538071 1
0.5550108722264411 1
0.5563486854141655 1
