
 0.431
 0.511
 0.480
 0.448
 0.456
 0.506
 0.436
 0.489
 0.490
 0.505
 0.373
 0.504
 0.485
 0.492
 0.457
 0.460
 0.437
 0.424
 0.454
 0.463
 0.513
 0.430
 0.483
 0.499
 0.458
 0.461
 0.437
 0.388
 0.392
 0.469
 0.462
 0.454
 0.475
 0.463
 0.450
 0.463
 0.489
 0.413
 0.457
 0.457
 0.491
 0.471
 0.497
 0.503
 0.463
 0.461
 0.492
 0.486
 0.510
 0.474
 0.553
 0.556
 0.466
 0.528
 0.499
 0.505
 0.495
 0.457
 0.479
 0.476
 0.476
 0.437
 0.462
 0.464
 0.412
 0.460
 0.555
 0.381
 0.487
 0.480
 0.436
 0.454
 0.527
 0.442
 0.477
 0.441
 0.419
 0.469
 0.440
 0.527
 0.435
 0.529
 0.528
 0.430
 0.444
 0.498
 0.434
 0.500
 0.439
 0.410
 0.467
 0.425
 0.476
 0.459
 0.498
 0.436
 0.487
 0.441
 0.477
 0.493
 0.444
 0.508
 0.462
 0.484
 0.469
 0.398
 0.478
 0.431
 0.456
 0.456
 0.480
 0.506
 0.461
 0.445
 0.537
 0.481
 0.438
 0.491
 0.449
 0.463
 0.476
 0.480
 0.468
 0.423
 0.446
 0.477
 0.435
 0.409
 0.522
 0.417
 0.504
 0.491
 0.443
 0.438
 0.425
 0.425
 0.515
 0.432
 0.460
 0.452
 0.424
 0.436
 0.478
 0.456
 0.457
 0.433
 0.393
 0.526
 0.496
 0.428
 0.464
 0.430
 0.487
 0.476
 0.510
 0.508
 0.493
 0.453
 0.427
 0.520
 0.509
 0.495
 0.509
 0.452
 0.473
 0.413
 0.497
 0.517
 0.456
 0.533
 0.421
 0.502
 0.495
 0.477
 0.483
 0.450
 0.436
 0.483
 0.451
 0.480
 0.472
 0.515
 0.445
 0.431
 0.450
 0.448
 0.449
 0.476
 0.402
 0.488
 0.461
 0.470
 0.461
 0.497
 0.427
 0.445
 0.434
 0.468
 0.468
 0.499

