
 0.539
 0.547
 0.549
 0.568
 0.588
 0.595
 0.597
 0.597
 0.597
 0.600
 0.612
 0.612
 0.612
 0.612
 0.612
 0.612
 0.612
 0.612
 0.612
 0.612
 0.612
 0.612
 0.612
 0.612
 0.612
 0.612
 0.612
 0.612
 0.612
 0.612
 0.612
 0.612
 0.612
 0.612
 0.612
 0.612
 0.612
 0.612
 0.612
 0.612
 0.612
 0.612
 0.612
 0.612
 0.612
 0.612
 0.612
 0.612
 0.612
 0.612
 0.612
 0.612
 0.612
 0.612
 0.612
 0.612
 0.612
 0.612
 0.612
 0.612
 0.612
 0.612
 0.612
 0.612
 0.612
 0.612
 0.612
 0.612
 0.612
 0.612
 0.612
 0.612
 0.612
 0.612
 0.612
 0.612
 0.612
 0.612
 0.612
 0.612
 0.612
 0.612
 0.612
 0.612
 0.612
 0.612
 0.612
 0.612
 0.612
 0.612
 0.612
 0.612
 0.612
 0.612
 0.612
 0.612
 0.612
 0.612
 0.612
 0.612
 0.612
 0.612
 0.612
 0.612
 0.612
 0.612
 0.612
 0.612
 0.612
 0.612
 0.612
 0.612
 0.612
 0.612
 0.612
 0.612
 0.612
 0.612
 0.612
 0.612
 0.612
 0.612
 0.612
 0.612
 0.612
 0.612
 0.612
 0.612
 0.612
 0.612
 0.612
 0.612
 0.612
 0.612
 0.612
 0.612
 0.612
 0.612
 0.612
 0.612
 0.612
 0.612
 0.612
 0.612
 0.612
 0.612
 0.612
 0.612
 0.612
 0.612
 0.612
 0.612
 0.612
 0.612
 0.612
 0.612
 0.612
 0.612
 0.612
 0.612
 0.612
 0.612
 0.612
 0.612
 0.612
 0.612
 0.612
 0.612
 0.612
 0.612
 0.612
 0.612
 0.612
 0.612
 0.612
 0.612
 0.612
 0.612
 0.612
 0.612
 0.612
 0.612
 0.612
 0.612
 0.612
 0.612
 0.612
 0.612
 0.612
 0.612
 0.612
 0.612
 0.612
 0.612
 0.612
 0.612
 0.612
 0.612
 0.612
 0.612

