
 0.000
 0.010
 1.960
 0.000
 0.000
 0.000
 0.000
 0.000
 0.000
 0.040
 0.000
 0.000
 0.000
 1.950
 0.000
 0.000
 0.010
 0.000
 0.000
 0.010
 0.000
 1.950
 0.000
 2.000
 0.040
 0.000
 0.040
 0.000
 0.000
 0.000
 0.040
 0.000
 0.000
 1.980
 0.000
 3.920
 0.050
 0.000
 1.950
 0.000
 0.000
 0.040
 0.000
 0.000
 0.000
 0.000
 0.000
 1.940
 0.000
 0.040
 0.000
 0.000
 0.010
 0.000
 1.960
 1.950
 0.000
 0.000
 0.050
 0.000
 0.000
 0.040
 0.010
 0.000
 0.000
 0.000
 1.950
 0.000
 0.020
 0.000
 1.950
 0.000
 0.000
 0.010
 0.000
 0.000
 0.000
 0.000
 0.000
 3.890
 0.000
 0.000
 0.040
 0.000
 0.000
 0.040
 0.000
 0.000
 0.000
 0.000
 0.010
 0.000
 0.000
 0.000
 0.000
 0.000
 0.000
 0.000
 0.050
 0.010
 0.000
 0.020
 1.990
 1.990
 0.000
 1.950
 1.940
 0.000
 0.000
 0.000
 0.040
 0.000
 0.000
 0.000
 0.040
 0.000
 0.040
 2.000
 0.000
 0.000
 0.000
 0.000
 0.000
 0.000
 0.000
 0.000
 2.000
 0.000
 0.000
 0.000
 0.000
 0.000
 0.040
 0.000
 0.010
 0.000
 0.000
 0.010
 0.020
 0.010
 0.000
 1.950
 0.000
 0.000
 1.950
 0.000
 0.000
 0.000
 0.000
 0.050
 0.000
 0.000
 0.020
 0.000
 2.000
 0.000
 0.000
 0.000
 0.000
 0.000
 0.000
 0.010
 0.010
 1.950
 1.940
 1.990
 0.000
 0.000
 0.000
 0.040
 0.000
 0.010
 0.000
 0.010
 0.000
 0.000
 0.000
 0.000
 0.000
 0.000
 1.950
 0.000
 0.040
 0.000
 1.960
 1.950
 0.000
 0.000
 0.000
 0.000
 0.000
 0.010
 0.000
 0.000
 1.990
 0.000
 0.000
 0.000
 1.990
 0.000
 0.000
 0.000
 0.000
 0.000
 0.050
 0.000
 0.010
 0.040
 0.040
 0.000
 0.010
 0.000
 0.010
 0.000
 0.000
 0.000
 0.040
 0.000
 0.000
 0.040
 0.000
 0.010
 0.000
 0.000
 0.000
 0.000
 0.000
 0.010
 1.950
 0.000
 0.000
 0.000
 0.010
 0.010
 0.000
 2.000
 0.000
 0.010
 0.000
 0.000
 0.000
 0.010
 0.000
 0.010
 0.010
 0.000
 0.000
 0.000
 1.960
 0.020
 0.050
 0.000
 0.000
 0.040
 0.000
 0.000
 0.010
 0.010
 1.950
 0.000
 0.000
 1.990
 0.000
 1.960
 0.000
 0.000
 0.010
 1.950
 0.010
 0.010
 0.000
 0.000
 0.000
 0.000
 1.950
 0.040
 0.000
 0.040
 0.010
 0.000
 0.000
 0.000
 0.000
 0.000
 0.000
 0.010
 0.000
 0.000
 0.000
 1.950
 0.000
 0.010
 0.000
 0.000
 1.950
 0.000
 0.000
 0.000
 0.040
 0.000
 1.950
 0.000
 0.000
 0.000
 0.010
 0.010
 0.000
 1.970
 0.000
 0.000
 0.000
 3.950
 0.000
 0.000
 0.000
 0.000
 0.000
 0.000
 0.000
 0.000
 0.000
 0.010
 0.010
 0.000
 0.000
 0.010
 0.010
 0.000
 0.040
 1.950
 0.010
 0.000
 0.000
 1.970
 1.950
 0.000
 0.010
 0.000
 0.050
 0.000
 0.000
 0.000
 0.000
 0.000
 0.000
 0.000
 0.000
 1.990
 0.010
 0.010
 1.970
 2.000
 0.000
 0.000
 0.000
 0.010
 0.000
 0.000
 0.000
 0.000
 0.000
 0.000
 0.000
 0.000
 0.000
 0.000
 0.000
 0.010
 0.000
 0.000
 0.000
 0.040
 0.000
 0.000
 0.010
 0.010
 0.000
 0.000
 0.000
 1.950
 0.000
 0.000
 1.950
 1.960
 1.950
 0.000
 0.000
 0.000
 0.000
 0.000
 2.000
 0.000
 0.000
 0.000
 0.000
 0.000
 0.020
 0.000
 1.990
 0.040
 0.010
 0.000
 0.000
 0.040
 0.040
 0.000
 0.000
 0.000
 0.040
 0.000
 0.010
 0.000
 0.000
 0.010
 0.000
 0.000
 0.000
 0.000
 0.000
 3.950
 0.080
 0.000
 0.000
 0.000
 1.950
 1.950
 0.000
 0.000
 2.000
 1.950
 0.010
 0.010
 0.000
 0.000
 0.000
 0.000
 0.000
 0.000
 0.000
 0.000
 1.990
 0.000
 0.010
 0.000
 0.000
 0.000
 0.000
 0.000
 0.000
 0.000
 0.010
 0.000
 2.000
 1.950
 0.020
 0.000
 0.010
 0.000
 0.010
 0.000
 0.000
 0.000
 0.000
 0.000
 0.000
 0.000
 0.010
 0.000
 0.010
 0.000
 0.010
 0.000
 0.000
 0.000
 0.010
 0.040
 0.000
 1.950
 0.000
 0.000
 0.000
 0.000
 0.000
 0.000
 0.000
 1.990
 3.930
 0.020
 0.010
 0.040
 1.950
 0.000
 1.990
 0.000
 0.000
 0.000
 1.930
 1.990
 0.000
 0.000
 0.040
 4.000
 0.000
 0.000
 0.020
 0.000
 0.000
 0.000
 1.960
 0.000
 0.010
 0.000
 0.000
 0.000
 0.010
 0.010
 0.000
 3.920
 0.000
 0.000
 0.000
 0.010
 0.000
 0.000
 0.010
 0.040
 0.000
 0.000
 0.000
 0.040
 0.010
 0.000
 0.010
 0.010
 0.000
 3.900
 0.000
 0.000
 0.000
 0.040
 1.950
 0.000
 1.930
 0.000
 0.000
 0.000
 0.000
 1.950
 0.000
 0.000
 0.040
 0.010
 0.010
 0.000
 0.000
 0.000
 0.000
 0.000
 0.000
 0.000
 0.010
 0.000
 2.000
 0.000
 0.000
 1.950
 0.000
 0.000
 0.000
 0.000
 0.040
 0.000
 0.000
 0.000
 0.000
 0.000
 0.000
 0.000
 2.000
 0.000
 0.000
 0.010
 0.000
 0.000
 0.000
 0.000
 0.000
 0.050
 0.000
 0.000
 0.000
 0.000
 0.000
 0.010
 0.010
 0.010
 0.000
 0.000
 1.960
 0.000
 0.040
 0.000
 0.000
 0.000
 0.040
 0.010
 0.000
 2.000
 0.010
 0.000
 0.000
 0.000
 0.000
 0.000
 0.000
 1.950
 0.000
 0.010
 3.980
 0.000
 0.000
 0.000
 0.010
 0.040
 0.000
 0.000
 0.000
 0.000
 0.010
 0.000
 0.010
 0.000
 0.000
 0.000
 0.000
 0.010
 0.010
 0.000
 0.000
 0.010
 0.000
 0.000
 0.000
 0.000
 0.000
 2.000
 0.000
 0.000
 1.950
 0.010
 0.000
 0.000
 0.010
 0.000
 0.000
 0.000
 0.000
 0.000
 0.000
 2.000
 0.020
 0.000
 0.000
 0.010
 1.960
 0.000
 0.000
 0.000
 0.000
 0.010
 0.000
 0.000
 0.000
 0.000
 1.950
 0.000
 0.010
 0.000
 0.040
 0.000
 0.000
 0.000
 0.000
 2.000
 0.010
 1.950
 0.000
 0.000
 0.000
 0.000
 0.040
 0.000
 0.010
 0.000
 0.010
 0.000
 0.010
 0.000
 0.000
 0.000

