
 0.588
 0.605
 0.664
 0.657
 0.675
 0.642
 0.677
 0.689
 0.689
 0.689
 0.689
 0.689
 0.689
 0.689
 0.689
 0.689
 0.689
 0.689
 0.689
 0.689
 0.689
 0.689
 0.689
 0.689
 0.689
 0.689
 0.689
 0.689
 0.689
 0.689
 0.689
 0.689
 0.689
 0.689
 0.689
 0.689
 0.689
 0.689
 0.689
 0.689
 0.689
 0.689
 0.689
 0.689
 0.689
 0.689
 0.689
 0.689
 0.689
 0.689
 0.689
 0.689
 0.689
 0.689
 0.689
 0.689
 0.689
 0.689
 0.689
 0.689
 0.689
 0.689
 0.689
 0.689
 0.689
 0.689
 0.689
 0.689
 0.689
 0.689
 0.689
 0.689
 0.689
 0.689
 0.689
 0.689
 0.689
 0.689
 0.689
 0.689
 0.689
 0.689
 0.689
 0.689
 0.689
 0.689
 0.689
 0.689
 0.689
 0.689
 0.689
 0.689
 0.689
 0.689
 0.689
 0.689
 0.689
 0.689
 0.689
 0.689
 0.689
 0.689
 0.689
 0.689
 0.689
 0.689
 0.689
 0.689
 0.689
 0.689
 0.689
 0.689
 0.689
 0.689
 0.689
 0.689
 0.689
 0.689
 0.689
 0.689
 0.689
 0.689
 0.689
 0.689
 0.689
 0.689
 0.689
 0.689
 0.689
 0.689
 0.689
 0.689
 0.689
 0.689
 0.689
 0.689
 0.689
 0.689
 0.689
 0.689
 0.689
 0.689
 0.689
 0.689
 0.689
 0.689
 0.689
 0.689
 0.689
 0.689
 0.689
 0.689
 0.689
 0.689
 0.689
 0.689
 0.689
 0.689
 0.689
 0.689
 0.689
 0.689
 0.689
 0.689
 0.689
 0.689
 0.689
 0.689
 0.689
 0.689
 0.689
 0.689
 0.689
 0.689
 0.689
 0.689
 0.689
 0.689
 0.689
 0.689
 0.689
 0.689
 0.689
 0.689
 0.689
 0.689
 0.689
 0.689
 0.689
 0.689
 0.689
 0.689
 0.689
 0.689
 0.689
 0.689
 0.689
 0.689
 0.689
 0.689

