0.41701840573594884 1
0.4328517970608728 1
0.43393666453223806 1
0.4367546183743752 1
0.4373643733662561 1
0.4378575234187829 1
0.43818801801848134 1
0.4384016379440398 1
0.4409245819847096 1
0.44324442430689426 1
0.4479245846311953 1
0.4484378608873776 1
0.44964288823490656 1
0.4505075917094185 1
0.450738520491821 1
0.4520900481240212 1
0.4522094383260151 1
0.4524506481483613 1
0.4547846854295228 1
0.45498426261227437 1
0.45601759409782183 1
0.45774867062984165 1
0.4577776150250001 1
0.45908354343977004 1
0.45925017285465325 1
0.45934299269404266 1
0.45942992143617933 1
0.46057711757809694 1
0.4607198062411626 1
0.4612409694048109 1
0.461946379766692 1
0.46514483231595144 1
0.46678191196561797 1
0.4670053213393871 1
0.46703742222054406 1
0.4681754405462197 1
0.46881163027935047 1
0.46942830933020985 1
0.4702949770639419 1
0.47062407032953785 1
0.4707255452792436 1
0.47087338537690565 1
0.47212986841407684 1
0.4721371561052509 1
0.4723566967728352 1
0.4734931988249398 1
0.4736991614448776 1
0.4741000956275551 1
0.47412804313934387 1
0.4742822917404645 1
0.4756423913379767 1
0.4760830353670519 1
0.47660416586135407 1
0.47670851661168967 1
0.4768289364970431 1
0.4770861535895615 1
0.4772240539050442 1
0.4772721226312433 1
0.4774082987986704 1
0.47754024513082954 1
0.4783971178132323 1
0.4785442092842959 1
0.47904717247179923 1
0.47928335361010566 1
0.4800419570345012 1
0.4803851737357722 1
0.4806161883832693 1
0.4815301966472065 1
0.4817230167945075 1
0.4824929639057687 1
0.48343366156094353 1
0.4842657949388273 1
0.4843356810423369 1
0.4847334284510141 1
0.48485083809029383 1
0.4854500907153588 1
0.4858593065469969 1
0.48606264088825796 1
0.4877422223383418 1
0.48946882541783104 1
0.4895092513258386 1
0.48951737645702464 1
0.4902248267352374 1
0.49047542069508665 1
0.4909330929869845 1
0.4910005699082957 1
0.4910010731001806 1
0.4911748302079691 1
0.4911750456398938 1
0.4914097900389623 1
0.4915969062965452 1
0.4916919096972648 1
0.4917825573027955 1
0.4924071305347355 1
0.4925714554232764 1
0.4928031630597395 1
0.49377892239473486 1
0.4942386567866401 1
0.494337526932618 1
0.49438422693164824 1
0.4944694596440142 1
0.49474134028090916 1
0.494947722762971 1
0.49577036399929186 1
0.49581330985110883 1
0.4966249227042446 1
0.4966578549709086 1
0.4969402087629922 1
0.4972585840992164 1
0.4977079300919373 1
0.4984151260062922 1
0.49856377654988143 1
0.4989295209129396 1
0.49937263047786884 1
0.49973106495543446 1
0.49992758864326786 1
0.501176958293943 1
0.5014185999518131 1
0.501440446288374 1
0.501523475517909 1
0.5016190576463777 1
0.5019776642812512 1
0.5021996726118835 1
0.5022867418846126 1
0.5024316972218489 1
0.5028542516396933 1
0.5030621519322149 1
0.5037297908840084 1
0.5038486836846723 1
0.5041564093208015 1
0.5042996430708148 1
0.5045893260165428 1
0.5048235853309625 1
0.5050161716104937 1
0.5051444135901123 1
0.505937835066556 1
0.5063785291693115 1
0.5071397518500639 1
0.5071923095378579 1
0.5086794470049434 1
0.5091273755531871 1
0.5108272552204178 1
0.510946066353815 1
0.511409967154684 1
0.5135063829882256 1
0.5140938780284323 1
0.5147567729685759 1
0.5150834587167272 1
0.5151694231359364 1
0.5152673599174062 1
0.5167312076226369 1
0.5168446339818051 1
0.5174304017457881 1
0.5178425231072464 1
0.5179285646404561 1
0.5180319559902316 1
0.5181979209563246 1
0.5185802952523035 1
0.5188487606863444 1
0.5191033798197817 1
0.5202498368338775 1
0.5203348352318554 1
0.52110437804015 1
0.5218501382926845 1
0.52213001540819 1
0.5232157012031791 1
0.5247432144373794 1
0.5264344758214886 1
0.5272257707220197 1
0.528631124418143 1
0.5293950495343096 1
0.5310931343383196 1
0.5329179717215176 1
0.5336340394640327 1
0.5336441186789519 1
0.5340357016708613 1
0.5340640689623054 1
0.5353617864374243 1
0.5358511863615574 1
0.5370917827240344 1
0.5371108710225848 1
0.5373658883018069 1
0.5386432220020196 1
0.5387822816612051 1
0.5388189124822929 1
0.539761486901211 1
0.5416538019701034 1
0.5420231193629631 1
0.5423207027798892 1
0.5426929266594968 1
0.5439074353679377 1
0.5445321751799151 1
0.5447952990705841 1
0.5524385502615344 1
0.5524843671589474 1
0.553987550523892 1
0.5559014438876301 1
0.557634634287101 1
0.5629729713007857 1
0.567826002671796 1
