2 0.7391570170935787
6 0.25540217656411834
0 0.42219349928184013
16 0.9151720960420081
34 0.3538136533428726
83 0.1763955850932737
456 0.8422884004272235
2607 0.08906124330352605
1235 0.48664193594915206
2763 0.4073588978400007
447 0.08923623942853431
2262 0.659515916281343
2559 0.4659484342958524
1033 0.03939954515020705
195 0.8965576617889518
432 0.6120384740313645
1939 0.2803403702383489
2081 0.9517225329024419
3693 0.17245099619289384
2562 0.10267672918995774
3533 0.9452133562996579
1214 0.751176353347871
1277 0.5194109908363352
3194 0.5438709627915064
778 0.5485216211532162
1926 0.303709596958175
918 0.7553779518805234
89 0.61220171780659
139 0.059162072291538914
3571 0.4022292372590297
3608 0.494795820717262
3315 0.5843702342363606
3429 0.26439475234745524
1436 0.4674673878487988
3569 0.19558948386155006
3120 0.8351319097660149
2795 0.05725718879472108
902 0.16758063198218198
1198 0.4169713856871857
1721 0.891141625443887
2501 0.7770977049949493
3428 0.25686667287666654
1750 0.908662999750598
1430 0.8460054387113359
1526 0.18978413669198224
2293 0.446807283705403
2956 0.6538358109768226
1737 0.4220170168433045
3131 0.08602090184486888
2527 0.8072879843958127
2898 0.08369555482974389
1638 0.09084587672810085
1717 0.09886594886361522
2111 0.29453789460824376
238 0.8967269679730059
780 0.19185739847930905
3948 0.3178946348280327
1133 0.9972115481325696
2601 0.6417151880428601
152 0.7124513388147347
193 0.41410590351854926
243 0.8937353392344961
2224 0.42901570760476593
1713 0.10936754996317766
2147 0.4930203358340739
1298 0.7736127194697687
1566 0.36858602878447455
777 0.4857390960792901
2232 0.8848303203586997
3107 0.12487167648316266
2951 0.71577810123765
1432 0.2927781846516748
829 0.22786625878929
291 0.9722257618160448
3560 0.9293844644627496
3595 0.40521699370487074
3065 0.4917739027300083
3893 0.8707899226957927
1274 0.040465271788444945
1646 0.34803041521092426
1983 0.6106156660454873
3984 0.18699520083271515
1679 0.5691479432379444
1716 0.48063302180653344
467 0.8076255270232462
536 0.10560121031722769
987 0.20146239204428618
3036 0.6370468705451356
929 0.4888401229438277
3730 0.864950807510339
1137 0.22782664914449502
3039 0.7828042098133964
2202 0.23470674301749517
433 0.7750058532300008
197 0.6282027603004919
2426 0.36135907714225546
672 0.23460277001367702
752 0.9973037265882907
1156 0.47992684240472794
1774 0.025836322171801318
3994 0.5519101848787632
3473 0.18368730035037972
1513 0.008317479595591593
2532 0.4818095428289362
3739 0.014012283557209959
794 0.8543601746121109
2185 0.4856023356199579
1278 0.2988769100477613
3663 0.293614451977819
3179 0.9327493745866987
79 0.1017409809661789
313 0.992605495122096
2769 0.07254126038539077
1670 0.5392352087731508
122 0.8186706007804191
3815 0.17153341416891799
1046 0.04852788208368952
1665 0.8023345354230215
3945 0.5114125725740866
2236 0.4589549075839281
3889 0.42963524795256924
3733 0.7613467975756406
1569 0.9762866805115531
1309 0.6858118504102478
426 0.11044174317481059
493 0.996727841230059
1648 0.5135303530110445
2578 0.2425864728126057
1921 0.84567838077326
1125 0.24356091232450494
2116 0.5910113682149902
3591 0.7545961187526905
3009 0.20533233761134795
523 0.7743517052511669
1025 0.4279102478544594
1986 0.9301545470187027
1169 0.16393987647875352
1861 0.07207517467244684
1968 0.7959843377107927
1788 0.43901809804158176
20 0.8844935758958149
967 0.35009978376311
2757 0.06548309385184936
1037 0.44467893585988505
1053 0.26230988630608354
2286 0.624783448763146
3048 0.6249788445423463
334 0.9251745358367367
1932 0.277949409426527
3717 0.9124547974499886
80 0.25767672387890905
295 0.40225063385718174
469 0.06392991949888471
1085 0.9591694518920967
1216 0.4772854846289093
1935 0.25798277711364337
3206 0.6412040562731134
3153 0.7161548074499879
2870 0.0668625944763902
3049 0.5278125264411009
796 0.5548975576783387
408 0.3358545747752497
815 0.8236793891021078
1326 0.7936544252906791
1604 0.48467325239772696
1830 0.9664927001941761
2462 0.031015336661725956
1271 0.4428180982842248
15 0.27176534778262584
140 0.23789817281118142
877 0.33302586627883035
2123 0.2196747140381068
2859 0.03386630655141254
3887 0.6483003057857162
1851 0.13011693196313479
2885 0.7550806595302364
859 0.549830177335421
2759 0.46327656362366465
3557 0.7609611137647382
2506 0.3540733628525723
3322 0.8743565641508017
3474 0.4755872219137194
1570 0.046964963372098545
1760 0.42186875857965633
2827 0.1426275421852271
2052 0.6451901764784291
3596 0.6829167741993889
2896 0.8163121351271249
159 0.05733425490322097
212 0.15704774129245247
462 0.39255807419637945
3765 0.8861029465778527
1591 0.4580731712020747
2024 0.22030600149174517
3222 0.1612532892339439
782 0.3756185222428158
1507 0.8611311752392369
379 0.5122796275231958
678 0.33086771348492117
3294 0.124441563417788
3492 0.09667435482389286
2862 0.07746854448188312
808 0.9115002970207581
2737 0.8574937739945903
2826 0.49366305811730793
1953 0.7558706160854674
3374 0.27973664249627495
3559 0.7459231050087543
3679 0.1458601854341648
1654 0.4625092166780771
591 0.8903066575221602
1376 0.5890569264589886
2723 0.29302980598255
1701 0.7813033138597245
2350 0.9214230950288865
741 0.1931682052975583
2257 0.9958451908494904
3282 0.09697761459372234
3626 0.36659954838131903
2916 0.39662077342226487
3113 0.09623295408521082
1382 0.8736797068831681
3134 0.639280852080783
138 0.25046448410751165
2360 0.07488622888652463
3981 0.9175220198397136
1023 0.8206989802112518
3221 0.8694022370920091
480 0.8598312115899356
491 0.3133819462602856
1032 0.46092816433939565
2239 0.9716118566735695
545 0.20111895012649106
1628 0.9982188799654974
3271 0.9216661963695196
2962 0.7548699987290202
3003 0.3939811036916242
1272 0.2254924365958484
3965 0.44061195774797
2031 0.5152626845294387
2201 0.2798009660804145
400 0.998797707006989
732 0.8203876516807725
3347 0.3994471786969036
1014 0.7071950138717824
2756 0.8429510858509873
3380 0.6747663998802106
3729 0.093716643972384
800 0.37604936685310353
844 0.5267444914393346
3650 0.8596113743100399
1957 0.8915462013391974
1252 0.1335087322442129
1685 0.696293195884424
2016 0.9512687349299167
2157 0.6821435549508928
503 0.8037609046696585
1413 0.6628643730596132
781 0.9145314452130825
1669 0.9870965912761065
1918 0.4016955028610395
1640 0.6049390131792503
3610 0.7225437108037116
1734 0.7034427108241207
2176 0.8877726574129848
1353 0.8645959739099823
401 0.5999730397873493
57 0.309885749419316
86 0.7959947728483647
3767 0.28406969569615836
3823 0.4363162178465908
3158 0.5326889525883892
802 0.48344841799086946
1338 0.9295047771550033
51 0.4826021555840394
412 0.5135564784169804
1343 0.9566819918969889
974 0.3021893830511815
2037 0.25740576296359186
1200 0.49327122976984905
421 0.04828338360571349
2794 0.5275360982712849
3156 0.27347333314571975
2448 0.9970874799228716
2484 0.7854915703250445
3577 0.9920253986385469
2556 0.1925818745555251
3291 0.023846826280698563
3944 0.39605282529056596
799 0.5379750985376436
2721 0.45911429057652653
1927 0.17290272213942737
566 0.4727481561120832
387 0.11466825987219464
3654 0.21730558419578916
3829 0.5184570163969088
3225 0.3838645029210812
856 0.11174560815028722
884 0.8463552267132973
1718 0.633085037336113
3713 0.9558443844049009
344 0.10455495674351212
362 0.42809861168236263
2170 0.5684105520339896
3230 0.413804505061933
2389 0.048349166370924124
836 0.6908734416743291
896 0.10761321352961051
1175 0.9320038559346842
2303 0.38620169601284304
2988 0.10476878911971421
2295 0.17830920421260765
901 0.8520098208521227
446 0.05716877283035382
2837 0.407713480955754
2604 0.8485931502835878
2842 0.044318704214522775
3255 0.620352029403425
486 0.839037844642395
365 0.6345605329712525
437 0.9120662559313005
1902 0.7762843498068949
663 0.056644894954877456
2587 0.6770302621377229
2989 0.8119919157460018
3961 0.857498577816398
2544 0.429308395067991
3333 0.8490726872085771
234 0.9622498593021017
948 0.3672759473246313
1077 0.5546895711285458
652 0.7301523438312484
2846 0.3947152314607606
1145 0.6202296606428618
470 0.2850770714263492
1074 0.4144453174146979
1870 0.4618724861722763
1967 0.8864228560860434
939 0.46506301954653684
2096 0.1473949918177715
2549 0.7509784562023262
3762 0.896132145049527
3513 0.7679210621495328
583 0.8030754358373478
278 0.7838238702133641
96 0.13604511159554322
149 0.06627254870352672
1114 0.8645060270636645
1975 0.31901743824639495
2250 0.42427818910467285
3707 0.4529468595881996
2182 0.8540371245333617
823 0.2766622821207433
1871 0.5441210315892115
2422 0.6224081620431293
3296 0.7428242466491553
2171 0.41675738100242266
355 0.5815165294578255
609 0.07296515716098517
2270 0.44804941709015433
2051 0.9271368616634427
2153 0.9897986464705182
3200 0.1505757150169591
1392 0.30761756901854487
2240 0.9088245253553464
3719 0.913507705612954
2339 0.42444431598164334
1510 0.24110981051820046
958 0.8402259600566577
979 0.41324223945368
2419 0.15662448757768355
2482 0.4097042600878539
1550 0.8097220471249044
1583 0.4221553732133547
1315 0.6103612872070665
2920 0.6325736610185212
2957 0.40437844477276375
3797 0.6896227342591729
3043 0.5276424675202296
2470 0.36589847804579656
1475 0.9914777116371187
748 0.16850000581336622
3468 0.7113364390695578
3378 0.5297718859797628
2263 0.036624120625868284
2404 0.19825508062437747
2499 0.4563904938206095
3430 0.45616350345234413
882 0.19723905132482233
3146 1.1615363164352299E-4
3267 0.7689889073271496
1286 0.26020191536622717
825 0.5917228541888783
65 0.5998317112676003
3254 0.30133071364747743
3790 0.3727848950312327
2820 0.957172215260898
2875 0.34388826248392634
1855 0.8705774020298124
2785 0.996378958653011
2300 0.03872245373989436
1307 0.03945304450187481
1437 0.1814586720730853
3775 0.6139661355814351
1681 0.40218341576021777
1474 0.8392013739312302
1557 0.02400504560742367
2829 0.2442016957157097
1064 0.9675700131029137
1259 0.6878484676028505
3306 0.3228271220494533
1948 0.6074363538738247
2662 0.2152110200866395
1762 0.8072629680897094
1815 0.7708454103942394
3317 0.6829357358348208
2291 0.0028088034819969687
2343 0.8375318914514631
3345 0.36949698457051816
1424 0.3713037892623269
2217 0.6537758256565294
1527 0.5879235262716944
499 0.4946670723355665
1391 0.4968256122875989
1969 0.261802065301735
883 0.13538864846567444
85 0.5110297473828862
1910 0.623957842950166
3091 0.5431266279112485
3537 0.6650687475766985
1091 0.6336585290074043
2853 0.7992670231955208
1546 0.7781573524106191
1340 0.3047958182181836
384 0.26476759158289664
82 0.8512612822259767
56 0.3442373469944463
21 0.32199260366970306
32 0.27582758466138646
104 0.009503058189905933
328 0.4382993251028041
1528 0.9581085704565991
922 0.14729780119745328
2498 0.5856756955859989
2641 0.20295413958478292
2644 0.4108534310009233
2928 0.11763631423411802
3508 0.6146335824403828
2304 0.46754737266155044
1585 0.3754153393971953
3136 0.08006532349150486
1908 0.20136313146800566
1689 0.5040638833050534
1389 0.7320124826782574
236 0.859547525211781
1209 0.7513745573647149
3603 0.3351633912171953
576 0.8449052668278049
3675 0.7618585429917704
2731 0.6159514315113951
3001 0.41071945277048494
1590 0.4133294891114824
1832 0.5195218154901303
60 0.6091412201258676
293 0.1702269322644282
2927 0.017146883242726285
1337 0.1633909314943932
2579 0.8583148933853806
839 0.9111682465190525
1244 0.41349952051286254
386 0.5161966308216054
1168 0.1820791286249429
1988 0.14070161868616593
1448 0.4715233061498225
554 0.2259315359999975
729 0.15016795542514416
3511 0.45151038090640594
1753 0.545537385574508
3925 0.3579935219533287
1096 0.26832483698786536
1673 0.7982942610521147
3313 0.1649897142078448
2729 3.3051655884464015E-4
3536 0.8999436446512478
3269 0.13802683960338635
2764 0.6146346910135146
535 0.6309298348805408
248 0.8883492420150539
3780 0.13474065911230815
944 0.8243504081396533
3371 0.9901302674136288
527 0.7840640628173564
638 0.5060485192380074
2938 0.7472445065138443
2979 0.5809112316736333
1804 0.24662719213604867
3586 0.8562358370528219
3373 0.2223045513590861
2893 0.8327923008063911
3943 0.6443661491897628
3133 0.1311038538536069
2278 0.46978996753356506
744 0.09938737634004446
842 0.39826786448637463
2127 0.5358522091369233
3334 0.1519253761521373
2677 0.8786821894031822
2061 0.5745010284250573
2122 0.6018264232456787
3069 0.4678798451677384
1194 0.8933519187869617
3166 0.5944570837690544
2892 0.6774839157418491
1265 0.44422309412828165
124 0.029100168919686142
190 0.13127474961068275
1122 0.5530156819836594
1934 0.5497530255241283
196 0.904794908606971
489 0.7765625058387705
2736 0.5313396232677192
2065 0.46643013778782483
1846 0.46293899883499445
1920 0.5124393512516541
2653 0.928738716057801
3086 0.33132538523372657
1182 0.08370890328216352
1568 0.9412443209354127
2784 0.896650051234568
3071 0.5139753428845281
108 0.4708524534220111
211 0.9046047027075422
530 0.16780769040500276
3207 0.06848817411645514
2327 0.10954721082702557
2701 0.23231712697455376
3599 0.14829286677948428
639 0.5885288620699911
2124 0.22459115730044565
504 0.2611057117695357
2308 0.3875995924172565
2087 0.794317094295165
3304 0.248929741290829
1330 0.5825682124129657
1336 0.9600780184063841
1705 0.7655411180423031
2149 0.4648939687427419
3123 0.102661754980367
1461 0.959848323255306
2181 0.662997857937698
3062 0.045424351356672554
3582 0.40448253621670505
2421 0.12425147276908333
2571 0.7501275693004711
3325 0.14845841421942108
2025 0.7419537226836719
3959 0.34422164176076997
1639 0.7326446462083461
631 0.7098250628096813
736 0.10363196335912028
1537 0.863890352028503
2564 0.5640499671185347
2000 0.9223809666378202
2493 0.6330966210657344
2966 0.007839347300431565
1456 0.684717610750689
3836 0.8345321623852728
2887 0.3744353880957325
3798 0.7327359624141747
1552 0.7264199517141401
2691 0.7206823296473654
3496 0.9415677706285321
3119 0.6096199388578418
179 0.27014256640635037
525 0.6466810672186397
1917 0.42303842863090624
2503 0.8075273194158423
2904 0.39516404964318375
1900 0.6673647364674334
1417 0.20773320078994462
2468 0.41123847644765643
3805 0.9999446633038023
3550 0.35917643293340284
1892 0.7288472437591479
380 0.4421813960537302
1295 0.6542327566259294
1318 0.1290599910836513
1872 0.5131406259888116
3004 0.89901642066196
2041 0.9172008812785509
121 0.13899653241585364
131 0.7815325882672822
160 0.1886883347484074
837 0.42131466953179275
3686 0.3505279994218701
3558 0.1973108743956261
1844 0.3156872292432924
3157 0.3247813286506799
3192 0.9016718792383471
3319 0.9716466761402592
3238 0.6220600021405617
2905 0.05081238472132976
600 0.9152171664423068
3026 0.8856739235692994
1973 0.25175258322935
2285 0.47365514284187293
3803 0.6139474285681156
1296 0.6370884736824302
2521 0.582924433476034
1909 0.16647466734681227
2374 0.2658363616369428
3041 0.781542407925015
2744 0.9618221708544284
1751 0.41055688449379
855 0.28363292602931756
2235 0.339534359563054
1052 0.46908692133290486
284 0.7436296904232524
564 0.06540006014347277
1261 0.36585734049686525
947 0.5990659585181857
1446 0.1593306354803753
2279 0.13196293620764288
3229 0.2879070063646173
1519 0.3205921903649527
1427 0.6374116556319203
1878 0.40872343978326187
1600 0.19814095330247128
3342 0.6513169036404135
655 0.1880910841750042
930 0.8492333329430397
3588 0.5597543971794304
2602 0.9743575799978534
1643 0.24539773313297464
2055 0.8626504804061996
2523 0.06741670330583871
181 0.3031861961118445
1702 0.6151515968673135
2629 0.564052449346546
759 0.0127500499828882
323 0.7448141663787228
1373 0.5282662365195379
1429 0.9000943440304042
3386 0.7745118354582063
558 0.5935039290690804
183 0.23915611129061265
146 0.662801875642273
216 0.9035965089547682
674 0.34355583243008203
3573 0.16763634577565645
3882 0.8646157127716813
2934 0.26273559961325965
3066 0.2236800063066816
3340 0.7743855102703752
3863 0.24128416123934215
3820 0.5455177783278916
1813 0.09194374075693612
2032 0.7959053801481796
3017 0.09714256802674237
3127 0.7324278516032641
1264 0.11309619613508692
1445 0.17778975925600982
3165 0.31804518406795046
3891 0.21070949789067306
3228 0.7010300210974685
1874 0.7172437422190822
3900 0.5869261674345462
594 0.7981725983155583
1094 0.5629504155744556
2570 0.8056801708569243
3695 0.5517567577472381
2932 0.7775384207172998
3822 0.11706670452630297
1623 0.1294899939174775
2686 0.5951431879529052
3151 0.6422534545626017
1011 0.893634221915796
324 0.5937947958072475
3975 0.8552342735137517
468 0.9775757736432498
167 0.6682411571129244
261 0.512437166640267
306 0.15601561475865255
338 0.12526329907082379
2376 0.4137465648931691
2765 0.02170940979546665
3180 0.9434214624811476
3354 0.7540766008797507
1812 0.3060779072291474
448 0.3078538483574883
1786 0.07728322005251043
1425 0.9300209090216793
1613 0.7106433630347252
738 0.9788003480400471
392 0.006201723681813376
428 0.40704997172641466
1960 0.9761887123523868
1803 0.10408259428669342
3616 0.5149476837400355
686 0.41575576817691506
2881 0.3748907639407012
3216 0.35902188897221454
2272 0.09217547487457989
1772 0.9620623655126919
2725 0.9118359639810416
3530 0.564809856197402
1890 0.24311334771919513
1111 0.7632418896623607
223 0.4867100876716838
1653 0.33133840744480547
2790 0.1344307398315251
3277 0.6590698970655988
1231 0.35681541233751535
3874 0.9238588541284034
3886 0.0793137856048719
3824 0.12729646477342593
2292 0.4918054086431961
2550 0.7882811271784422
2970 0.4302657574933978
3960 0.8097623325622252
3772 0.10117346091440049
2053 0.5606379357099358
2059 0.45678436068839
292 0.4301990323438767
411 0.49649714660259525
110 0.9111769803211932
1 0.40179332438105175
38 0.81891923895893
62 0.24013350289659452
119 0.8345294740551366
424 0.6255059971282058
2209 0.7709299834116053
3617 0.21942832590328232
3181 0.12045474194734596
2621 0.32782462347870656
3771 0.6805882200338543
2949 0.658672797705133
3109 0.6376897645515415
2632 0.825474270324739
2403 0.1657996943197565
685 0.988495656032407
2307 0.613419293714091
2628 0.29069866061046346
2739 0.08980722855718515
1759 0.37228388921471767
2356 0.406778607825357
2663 0.026111669104911917
1808 0.6827356066224389
1467 0.6154001765721621
407 0.15950041910769708
997 0.492428814008953
2438 0.7742403269501922
3914 0.9192551461156491
175 0.08938662627140148
280 0.4319231108676793
660 0.7299495914909979
2001 0.1796738063520441
2146 0.22753874250094752
2452 0.42997529341587704
2879 0.1641763570196374
3531 0.051616344555991844
3718 0.5829293954698423
3999 0.23222690337825447
3711 0.396763117398407
1291 0.06790992539080476
507 0.23685312559275562
1748 0.26531398487027913
1829 0.7264236400991425
2302 0.533006084115218
3935 0.04350760295979328
684 0.24530266001200196
1395 0.6449058898037622
3128 0.9856469693079472
914 0.9673461880511807
403 0.572414479038111
2654 0.47423807502901205
3980 0.26431351466688835
2330 0.1798513831988855
3950 0.9430342437029098
2796 0.13119199485499677
3076 0.3027222498931663
3022 0.44503241303278473
646 0.7687935632583154
2743 0.30168523238295564
3193 0.19284901701554313
1048 0.5235599625037197
404 0.32728127191907386
68 0.9277803365703569
1124 0.7550606546477829
3969 0.17821638873556234
1879 0.09249937385761775
3735 0.5145798316970744
2780 0.40682464188451006
2854 0.3690925426213686
2480 0.010994803888092153
694 0.7889388016491655
2406 0.3785008755635283
270 0.43960713703551235
668 0.4205436845076298
733 0.49394428132999135
39 0.2251134140919796
118 0.01032460664133883
1763 0.27832081528213093
3285 0.07823835150714942
2011 0.36264673463770525
3301 0.3315753663326194
3987 0.1341136780921297
2314 0.8187407454106158
931 0.3742963659852796
2531 0.4497252222525191
1795 0.49826058164933906
3665 0.8037957906751262
1891 0.9804247744078444
363 0.5058973349075738
980 0.3376415041452471
1576 0.3431979006304142
2320 0.8493040499626698
2145 0.26068475716144246
1441 0.7098595979743564
465 0.7190238189091085
484 0.3799107169587179
3821 0.42116011203652437
2658 0.5357272099856607
3209 0.4009232327871929
3835 0.27317217254159154
1765 0.3681286089437541
1954 0.9563045952598188
3281 0.9411001386047352
430 0.9138256814568569
156 0.38466898306266806
526 0.08252052184277703
1170 0.796687279821896
3085 0.8211208608769939
3163 0.41340722241065864
1782 0.8778620863717469
2670 0.3159536789825904
3841 0.4521839742676015
1933 0.9520633777278134
814 0.9697583411593329
445 0.9449260564524496
2792 0.09399264756246484
1243 0.29165045441088544
1443 0.4152752539171439
3622 0.0023710571019719406
331 0.2465378317628636
94 0.7601796533657506
1433 0.9005590902983953
2838 0.8140645143980355
3525 0.6965534708712967
2497 0.762687283818416
2834 0.5823283331943917
2490 0.6272502502364169
820 0.45313519269822167
3973 0.9124805217552635
1396 0.3572056795863191
24 0.21190412895333444
54 0.40859059333753467
857 0.19624348076350906
1864 0.951442509607493
2158 0.159432330851633
889 0.11881261949171718
1002 0.20754276549011597
3044 0.6624806878069505
809 0.7504419026894815
2148 0.21003595965831356
2119 0.0973162676581023
2584 0.6780110967561258
3453 0.7095723931010746
1322 0.1279142020454226
1768 0.4882873640462554
2222 0.7595018293238319
2622 0.02974156385401694
1901 0.46414982401724514
2551 0.1282967390400962
3875 0.7559574255952424
2589 0.5619604359632828
199 0.974111526456377
315 0.008628464906213607
1071 0.9851587828523982
1880 0.16402267869238607
841 0.12159416888358154
2068 0.35406885015429135
2912 0.3860945540638938
2508 0.8067530976816513
3715 0.5122314301972756
1317 0.7824637700233994
623 0.3504849529105061
2208 0.5373538774863054
3409 0.3755596376950664
3736 0.12486572344541613
626 0.6919093828126631
109 0.004623559239711361
114 0.23868878091626922
274 0.5739760243019755
521 0.0018960276908627227
405 0.7635329346694736
613 0.8368178377001988
1535 0.2724474735610347
2231 0.2882133764663143
3007 0.9832213261396996
245 0.4537087310102955
2636 0.5548563406436413
141 0.19458735318884057
367 0.14885192939734293
890 0.8110681659112852
2515 0.5068805685922139
2042 0.5265720640254956
2234 0.23183802420501598
826 0.48924209098333005
3870 0.7782314991235073
1393 0.4632344837167027
2799 0.40478382479658526
3397 0.9148581350890479
695 0.4304078123018439
2390 0.9242412365910734
3406 0.44807105494053834
2526 0.28545882836518355
3176 0.43042012432671106
2592 0.14956436461177525
1270 0.8832333396120755
786 0.9929117029493716
1327 0.18640808632137296
3138 0.23890979234090115
870 0.5384467323134764
771 0.6839347135143451
550 0.6139960429118808
1319 0.2846669568017163
2967 0.9931515699998454
2880 0.36249799406886607
598 0.3681938691469865
423 0.35928319056155567
1210 0.8288396408015838
3006 0.13585680459299954
3115 0.12925913940417377
1923 0.5908532571374561
2088 0.6812378582227459
3855 0.2835491174172343
1745 0.4279918945523553
2026 0.49493961543955434
1756 0.9958489139454592
986 0.26486213085281374
3399 0.8472116962517331
540 0.6349906045865569
169 0.24711915515046123
642 0.22644258635854142
2465 0.16770569933407742
551 0.6794879140327337
1565 0.7859619140251028
3688 0.39549558143771124
2679 0.3963642961791055
3366 0.9348700275605628
977 0.549857741952067
168 0.21149499850697806
46 0.34139086037073774
161 0.6597707800098439
858 0.8173907549537465
2536 0.1455570295171139
496 0.4300087629404826
982 0.5548810613512042
1221 0.3579198065628776
3018 0.49142524161159173
3904 0.5089492713952665
1970 0.5527304617544612
1187 0.39584298517624383
3997 0.8078619654779744
3764 0.18282860824197567
2159 0.121962209465871
2924 0.36255480120648653
3419 0.10259333839554152
3708 0.197138870868531
3633 0.14900104153360705
3349 0.37156973164357165
2394 0.6424941054310038
1233 0.33596136957691936
2254 0.8365223206522419
2215 0.23288442841304247
3028 0.7625474133685944
2332 0.4737935511204532
1990 0.33948668624118106
2095 0.6166812789294612
3570 0.3089988768248014
1650 0.802195993452533
915 0.09375814141227667
1186 0.30476390618198856
1564 0.9088834332243519
1047 0.9168055318868399
1666 0.9890659858879894
2310 0.2703432865951767
2459 0.8923661811459763
1260 0.29143708922305167
1841 0.10281863107551192
1049 0.9119934584316518
246 0.4988827258904097
474 0.39791289352520365
1352 0.5965585948861482
3077 0.2637474742402185
3217 0.10650943610068342
1489 0.6507343957225612
563 0.22206594770807342
906 0.2816089001280002
3370 0.007558888904454442
2365 0.3925688883711588
3171 0.719962921046922
1675 0.6771603971355781
3710 0.9078520341876543
1794 0.021357118089115446
1714 0.8811151899568554
963 0.128565677150975
2640 0.5242648348481372
2685 0.08657881426813474
2819 0.9177789294055574
3114 0.25693799506247605
3534 0.8153797492146312
2190 0.4307177648375434
3250 0.4783862839890596
3788 0.16542235572173203
3732 0.041258487263423294
1082 0.6423411531935436
200 0.06715085445151436
241 0.29039225028806237
806 0.283798543403468
2463 0.04461667885745091
779 0.02722501881320727
1191 0.19386021420773414
1434 0.6739579385031198
2323 0.994957365757752
129 0.611986297312395
1201 0.14970882735898206
1375 0.9262569463841885
3191 0.6573680948709503
3023 0.9783071593917004
1281 0.0435779189546297
1881 0.34934785142424785
2432 0.17073335008145685
3343 0.16053640979598038
2651 0.740773948127609
1662 0.6182724955328271
3038 0.5713706578994854
2434 0.5018935107689904
2930 0.6597620018737189
302 0.48773919279827216
3543 0.29231281005927656
3903 0.3914342130765682
1589 0.35071167754286736
93 0.18496647772556385
128 0.7305274519712419
191 0.5509042141454787
309 0.019481611082893036
2140 0.5088233675216081
3644 0.5340965762837366
247 0.19632570576491737
1057 0.5938629827397784
2539 0.7934429953142336
3013 0.7364189226392976
3073 0.9160075185407682
3493 0.11100628171348781
768 0.10425529595724248
1242 0.4437503209569231
2630 0.2814034593876573
3895 0.2975243650465048
3328 0.6469121333691861
2648 0.35007870916971917
1105 0.15479381340036458
2325 0.8287666908025129
3064 0.10889420647355808
3264 0.6130427021011403
3098 0.05999674904830832
1390 0.7471909754598517
2101 0.9610446415866295
189 0.8783547566166076
3090 0.866332325625166
2012 0.7207661383646543
2167 0.17971402766282418
3488 0.21460736280543224
2247 0.8802970662951712
2476 0.45138244587915954
3930 0.9832101382885194
3763 0.18556007070038538
723 0.05339156441760795
1359 0.8632331060223163
2529 0.15373241874653598
258 0.9700565410496994
747 0.9789284165933002
3034 0.8606597861970405
3011 0.44669693184848247
2090 0.336912535176205
3957 0.07331220602315203
2139 0.6162121583303481
688 0.954162178256985
2294 0.41828338766546247
1414 0.1797164266222835
3483 0.07640706571486477
3787 0.24964356340339278
669 0.8449188607985929
19 0.9113448008947843
3117 0.111146962160808
3983 0.4514730583105532
1117 0.6661909296501376
2164 0.40569286433905327
2761 0.71866569752323
3431 0.446441073903071
522 0.1992637332647349
946 0.27904030105686517
1580 0.853721316388167
2407 0.4589373438979314
3631 0.19868208654347475
1409 0.7437525066843415
2296 0.6192007326721445
2416 0.6159134059562034
1893 0.7119085629436231
2692 0.22550624193335478
1089 0.9558117770719075
1593 0.9797677997916718
3323 0.5536932212720105
3143 0.4910689841780871
2151 0.8877008342304799
1183 0.540859457289044
148 0.20180739759147504
225 0.14490862419667572
2777 0.905465711018119
1850 0.8446548129633563
726 0.7373317226060935
978 0.8937822398617682
3888 0.653464779449336
1806 0.3728853206964241
1887 0.676845841114217
3703 0.34633141849635796
3849 0.05577271012171592
2022 0.35132016683115286
2175 0.43766776180139455
2552 0.831427492156803
657 0.17101219111169152
2815 0.43705477391588266
2921 0.7410474954737035
2070 0.4690744701903917
2337 0.8171583249261337
2368 0.35746179451917204
2378 0.9446687318112622
3263 0.07137613417836974
2606 0.9636577742660322
3942 0.9449483122771537
2033 0.8033175690352681
2049 0.8654282419591675
661 0.9886345814185556
308 0.925204832123349
608 0.10865044814680125
761 0.1246137555701139
1504 0.648346553249119
3446 0.6780578385731549
2242 0.184029140569125
3190 0.23824938929042205
1634 0.07910642941146517
2109 0.9167037522949386
3214 0.5193424882401728
3416 0.3134350644536388
1287 0.1105429613528498
1827 0.8123954449304847
439 0.4889734393176852
22 0.4304904445623462
3 0.6492686362333585
14 0.2861956968923993
50 0.830924085342568
1419 0.31426833785122865
635 0.13232190264597365
1215 0.7898204256555467
3424 0.07785485328379527
1773 0.7307886226745937
2023 0.694888626974329
1378 0.1449036426820598
1826 0.008429085928954638
3748 0.13817227993526815
1553 0.7012412424642007
1164 0.1903255731877873
3477 0.5662396341363397
1712 0.5756076437153465
1818 0.4552914137101689
2809 0.48150056553153076
3033 0.9044113222210476
2977 0.7361973437000713
910 0.16080459596620877
203 0.15313737433893804
894 0.14873403364241666
1248 0.22819816198671372
3099 0.7802719761712995
1554 0.7053602531670777
3684 0.14665480350214966
2097 0.5909842110538709
1148 0.49037555732525706
722 0.2352029169109947
2126 0.7566663099895236
3297 0.07292055126064056
1444 0.022157639538395002
2805 0.5639393885958512
2246 0.9508464436130818
3634 0.09731315480821234
2598 0.02698978628584836
3860 0.8875304772337353
3624 0.49046004815105715
2269 0.6772220851824818
1733 0.8979027362919785
961 0.7256971695058592
1386 0.4091984948869912
2487 0.3042128234498095
2509 0.8599912585499878
1805 0.10672208858484711
2282 0.37725073533054887
391 0.23673068121859142
776 0.06814895425064094
3248 0.6104236558637535
938 0.8784631904963602
767 0.9605620936001082
1473 0.7668272239180641
1636 0.02088614805037803
619 0.4332435475465436
2165 0.671834813648673
2913 0.10102727557333335
1847 0.9542957314785658
1916 0.17113146961573766
1468 0.35649706391846847
2219 0.5901576696519878
3722 0.7194258728194584
3683 0.43616913174062544
2460 0.7406024790438148
1766 0.7607832670162257
756 0.37788667394938324
769 0.30279889337770705
2098 0.5682731568278742
3403 0.3766370254090534
3404 0.4349656570288096
2492 0.6789195491528535
1904 0.41143856483536134
2627 0.764898355134641
2703 0.020956278125493055
3709 0.26879679649445365
3234 0.6424365507679718
724 0.8312586986069801
610 0.3618519897150717
231 0.94940827319727
100 0.011693096628608068
3619 0.5273915617455285
3314 0.6883013713983483
904 0.32184942444347175
1480 0.9908002620019719
444 0.2476621280465069
494 0.9679715608324271
1460 0.9342613214276888
605 0.9852425735559736
1258 0.6589137839432925
1009 0.9768593113374188
1220 0.7594611582048295
1406 0.5724836646563246
2359 0.7943237481650702
876 0.8626955337715206
217 0.08906464539054004
692 0.08022857777057202
1398 0.3842669929493844
3139 0.573211199883177
637 0.31985814130114143
1727 0.6706631291236455
3275 0.37084599989157807
3666 0.6159963844889019
2355 0.022694504392748116
1293 0.24784285815612306
2418 0.2179196452636305
1919 0.7606313794336468
255 0.3838647335077725
166 0.26640678293787334
177 0.034725051969596854
766 0.43408676741823105
962 0.2910266502214699
1190 0.9261809246387759
2806 0.5751148844963045
937 0.3226026309436473
1075 0.3669610814647144
500 0.20795821480990018
1041 0.7842582288026411
2069 0.5276857100347842
1749 0.5093677603275906
2918 0.8611994222280459
1227 0.9969195181080488
1371 0.409979627526848
1723 0.8807619032271826
969 0.9616915066115191
2971 0.25929728114515493
3290 0.950481380237544
390 0.2826220179016635
3524 0.06365065858469976
845 0.16646078535816466
2520 0.690225318498823
2132 0.22194504017585936
582 0.24251874471916623
699 0.3978556619194109
866 0.11907823641383963
689 0.10979300270644754
634 0.23660372673156493
425 0.816076375053514
206 0.7463371047454492
1300 0.046970269351394145
2518 0.23506413031069529
611 0.26961356026356653
853 0.9382186642360099
2560 0.8667353685901601
3302 0.47376077974480446
1165 0.597474628549612
1185 0.5436998204004445
588 0.8722578896560618
3390 0.8522643331435996
3759 0.3823485365349837
589 0.5875811124972397
336 0.10538045356278991
151 0.21763243950711564
165 0.32495117376413196
1711 0.6410399663990562
2152 0.493454819908562
2554 0.7492584669169514
3801 0.6503631114709402
3512 0.761464354857609
1226 0.06513783471690593
1269 0.6094933388201969
650 0.06832620247138943
1031 0.07974030680757149
2106 0.6997682850900762
3998 0.9569963542121223
1977 0.32128946882196685
3592 0.7372017604433744
3800 0.8899851710994451
995 0.3058987050492198
3365 0.8418467959292619
954 0.6971224856653996
567 0.45825426889595566
1869 0.6891372255372644
3211 0.1187911336345604
3505 0.5111171345296769
970 0.08250608097852308
709 0.633844210199069
757 0.7099901802061801
2318 0.38006357124617096
879 0.1406645318687022
2056 0.22448077715250236
2793 0.7843796156910502
3415 0.8743001113109139
606 0.27063286400288766
250 0.9215893252262635
1615 0.6339125746380223
3402 0.891143286311548
3520 0.04481906945270597
1877 0.5604071926092538
2953 0.0690396587315435
1609 0.7453286717352589
2740 0.3395400727961042
3657 0.7040683067576661
2833 0.4057370427109137
2845 0.4356326643322015
2813 0.4185039255116927
2491 0.3109755180558216
2708 0.8381934107077842
3172 0.8399979217591815
3974 0.3618594872236488
289 0.2791322729345652
173 0.19944050319272655
221 0.4021939136541466
3500 0.7449836666461833
1517 0.9410110301072586
2444 0.5924830037624171
1532 0.565606638982018
1062 0.05703630779103641
1477 0.22100265915528383
2909 0.06028591897625446
3551 0.02445382328041279
1776 0.029112211899934515
301 0.01158647966277837
790 0.2773747525331193
830 0.3481399838947328
2456 0.2815018834099312
3968 0.7970199386957965
2572 0.3590001238639118
3913 0.36174946758663695
2461 0.0652243750527377
1054 0.11977509261807295
1998 0.4643244882287524
3396 0.8988003792191431
2914 0.5563439159021714
3240 0.8044135746674754
827 0.03873093189878263
1289 0.11378221254133591
1556 0.42715379560686606
2540 0.3791891954036898
3144 0.5055110729500996
3584 0.3504073072914047
2664 0.49084419270784985
1482 0.8471845759258245
120 0.31009159855599033
61 0.13496579318638402
81 0.2853547995274446
1080 0.1738082251131865
1605 0.7590880602447071
1160 0.3829271566938829
2317 0.13942358882434547
2831 0.3282981428596329
1852 0.587246701050016
2735 0.26454939393921917
1059 0.23035665771288205
2066 0.8654631332240904
2878 0.15011279688400547
2727 0.29065710987703874
2863 0.9025948329706515
1578 0.41265705160809096
153 0.27641622905834906
2911 0.03729105216451356
2705 0.37169819970771334
1976 0.9411807063325622
2301 0.2681391372117624
1155 0.16846840991292567
1341 0.22614956074125825
471 0.441076062070793
1345 0.4002993283821098
2974 0.5221257006642641
3392 0.5740249029026305
1349 0.47890087539237935
998 0.6017007652957721
2771 0.8253272419144714
1840 0.6344072755266494
1944 0.12041476798924922
620 0.4038406206092652
230 0.9270157979884275
307 0.9070514023934236
2446 0.5824763900931943
2502 0.6723257838163341
3529 0.7154515978110154
3324 0.651213353813954
3702 0.3566131593389321
2105 0.8138736763559515
2405 0.2586262950497966
481 0.4806799217405544
3995 0.7526921362485888
1502 0.7962213325855264
2134 0.5362203269626867
1020 0.2511864028314871
219 0.6640237445851773
40 0.645298527535435
99 0.7372352040384395
1055 0.4861176296799059
3135 0.2145111776906854
1853 0.3592364691866935
3848 0.2030067403585073
3047 0.9892245736034172
735 0.8804021737924567
1180 0.47863774686730465
2477 0.9942824575501841
3753 0.059854880808885014
1083 0.3823601280357519
3817 0.49693326816978045
1203 0.3122228137434181
2997 0.5386407829661358
180 0.9813776622545233
3055 0.5457906505324573
2588 0.009141553138558023
1090 0.6272778229003809
3080 0.4020585016504674
3740 0.1335876727556038
3919 0.7943286601262644
2326 0.048033791752045474
581 0.041422355290978485
745 0.8083002333071839
2941 0.7024248858858666
2513 0.5446959887960979
3926 0.3895699319751029
1043 0.3025764385424651
1084 0.05788276201886122
3276 0.50446911053038
3215 0.06639153869189163
519 0.2262959430362631
568 0.6202649845201582
1680 0.44745206736346566
3437 0.7357599567723097
3579 0.6257346110905537
1633 0.4658196947341894
3024 0.6872048408801001
3497 0.14241762022695303
934 0.4156643359925588
1110 0.7706360577264024
182 0.6041679209513736
59 0.6534998087780274
296 0.8193724159324867
557 0.7824596905822756
932 0.4970694636366496
1324 0.3110942275008922
1334 0.5897391090260168
2817 0.49696929724178995
1529 0.08152685504471346
1022 0.6660473910451402
1486 0.4705410520585761
1836 0.43941555815787303
2874 0.9836500358030705
2994 0.5570665891099256
3918 0.31301293892745186
2183 0.13096895484105808
3952 0.049203342607934464
1940 0.6048131919529907
2103 0.08555192027328817
3284 0.28837833343045527
2035 0.9602993775092225
867 0.6480610289930693
1157 0.7377822454108436
1816 0.1326303979802006
2768 0.04695828081109599
3988 0.6799540592328434
2766 0.24041235601383126
1635 0.812728298458419
968 0.9259674882610809
2631 0.596821100976603
1780 0.2754276660213042
2299 0.42668573747280325
3359 0.11510270658986399
3802 0.744372463256246
1355 0.25368273370093974
3859 0.9380209547617147
1687 0.5554402839097533
434 0.7718698103528188
893 0.22891743770026252
3435 0.8202792948777081
3778 0.6636294088271484
2267 0.2376005930222126
2818 0.4073459426402273
1174 0.6781916411205043
3738 0.8913036446042566
1577 0.237781802223464
2226 0.14110485757412927
3436 0.6908541869698595
2364 0.8151690612153987
3933 0.8405541291981287
2774 0.9271505950241059
1184 0.43216402409022103
989 0.8974096096145672
559 0.03536682787371881
3927 0.4917578104461584
1831 0.4143966215302345
2638 0.030349298695461102
739 0.5060364307820409
298 0.24500018398388224
361 0.1918325716954702
3389 0.47173780515891484
861 0.49689415506050216
466 0.09826876363935133
517 0.11154175703592017
3303 0.37138447997637636
3452 0.8470461324347915
1238 0.8070991618207815
1402 0.33302922106910504
3779 0.009508368359343766
2926 0.3599111448527662
1911 0.841191512252456
1946 0.6764171050265316
2889 0.6525040944658053
2595 0.42243608335200555
3785 0.552405944125168
755 0.03634836601965186
787 0.35288694036291224
2987 0.6708969592296943
3845 0.5581882338808987
2832 0.9740130676985167
1026 0.049840715624554166
3288 0.9990119645118505
1696 0.03265381824901015
919 0.13084474433289373
2933 0.36820956063300425
2751 0.18955378373799447
3169 0.09520302696210892
3504 0.41362390649904757
2882 0.33677659786328296
1549 0.4128674642764777
2558 0.7181154789084438
2720 0.6975459901283024
1163 0.17844723516784422
2453 0.8869015272927562
2197 0.6921610874069577
2361 0.6220842328902326
1451 0.1950370641020085
1003 0.37284187503667754
577 0.2872295779723252
1476 0.4143730857372978
2684 0.7878472824219012
3865 0.08116794428767471
2824 0.28923571218706223
791 0.13087184138337193
2469 0.8137689935203958
1618 0.14663786854306493
2392 0.42261007750613877
624 0.9398589913488167
137 0.2809141776918983
3148 0.8133295910585399
2634 0.6375127217135184
3587 0.7904982698286674
3816 0.08300711673138861
571 0.33028378317796847
976 0.2486337571142898
1810 0.8206811331436449
1783 0.18263583145708828
1906 0.4612030653082059
3015 0.755847088833652
2206 0.9285778131973064
630 0.13863165620033846
3042 0.03960145200555232
3093 0.07127568427212361
3050 0.5831842929863097
1661 0.8947776502650265
2082 0.5454901174494338
1193 0.6502626104251702
2348 0.5443572758227326
1814 0.5107370459895151
3915 0.35358782571276615
1304 0.25546573758405167
607 0.9955845909237927
369 0.8062506411539866
402 0.8337912290523444
512 0.5449130667827637
3450 0.05062130235045359
916 0.7910760350716594
3993 0.7851610055434871
546 0.20729128792174356
2612 0.25736526077516675
891 0.3423668344909466
2212 0.569910706788715
625 0.6241653707105878
487 0.44538565621221404
1907 0.4857044016394342
4 0.9469286479086193
5 0.5584352953397285
35 0.28804820549466836
1138 0.7500861115076319
2196 0.03656146778478475
1007 0.4375510453016841
3203 0.3988476802191726
3241 0.7405689479632119
643 0.3521483813336379
2975 0.28437686184130395
3990 0.011448233291717402
3503 0.44805766112129364
1028 0.7227186007198213
2623 0.13703897482482585
3167 0.8005659402602011
1150 0.8272791276030742
1408 0.38245154608041854
3257 0.22805300474757007
1787 0.7324140603638726
1136 0.7769384366396306
1004 0.8147858740391702
263 0.8448621107901212
1720 0.6549494077481921
3627 0.7193620449737326
3880 0.6383915460664065
3061 0.357835107303912
2776 0.48538121372829823
560 0.7006838088996921
84 0.326229115988105
101 0.33189287555989055
2754 0.7706304006201969
3976 0.247689766343283
3220 0.6772224646698769
1700 0.8708918459697821
3724 0.3614792643038991
3082 0.46597953261714464
3219 0.7001229317049091
3375 0.5017396698268473
3173 0.9006772066016051
1018 0.5773716119905662
2923 0.9150315830738788
3259 0.2523259535929795
1323 0.11888940367233847
872 0.12022793173818369
874 0.9997941040109505
3137 0.8211341345975035
3084 0.05031219600332537
1522 0.876741464921329
2133 0.9909132024568824
1024 0.04007028979009186
3842 0.4198013599056415
2319 0.4696345754008593
3174 0.48447294258436735
3210 0.5895517517232969
3195 0.9586806157561147
3243 0.6254264460017471
3522 0.9275802359100541
1142 0.036653974554944346
629 0.8907558962527994
1405 0.5574157026963182
2248 0.9957019293100116
2333 0.7554468487135325
1884 0.8719147013379304
2075 0.41253231201396456
2897 0.05582879853610467
1196 0.21098637817767618
1775 0.8855159603623398
1819 0.44551643690889164
714 0.7105304542446663
254 0.6589476839267908
479 0.31631272347807315
1896 0.42946665233138503
3894 0.2432690655128329
3677 0.9308584365964673
2288 0.8794460134310096
2674 0.6941234160298184
2950 0.0759887446793166
1584 0.18584961873639583
2388 0.11031718541572744
2207 0.1028036963839184
3978 0.05668659131175069
2233 0.32589288385961934
831 0.035539683875367434
3273 0.5929049986888569
1403 0.18227555903326287
31 0.4526223073139769
414 0.5448487631050201
2252 0.7153404905683057
3459 0.9749402079311283
2728 0.3430130367317802
2888 0.7386587756116851
3101 0.6889406860538438
2575 0.15451637525321427
878 0.5334624143566248
1423 0.34957881234040644
3102 0.7678467337506297
3261 0.6107062322773008
3600 0.9433041174534317
3482 0.9674218537323204
3514 0.07570575297325455
2100 0.4081248877140613
2586 0.8141820546319111
3300 0.4647454759787141
3521 0.6863974159091355
1560 0.41628085998520237
1649 0.2510095946735813
2496 0.4544226672411119
2581 0.5708473834015951
383 0.7283542129118818
3696 0.6369076171237726
862 0.19775998165861397
1464 0.03818320324736402
78 0.6611557270911163
147 0.4816040650533481
454 0.6535778562585567
1246 0.3945895466714231
2007 0.7831178904699937
1015 0.7931188572889131
1991 0.10140849595301693
2383 0.8792248509508986
1937 0.6978361465265488
2479 0.8909494803193182
184 0.1367174291038351
2661 0.7556802596098751
2919 0.9994792800928168
3118 0.4020537412153752
2424 0.6497393436868708
2078 0.8015189832234922
2423 0.16389221225963335
1130 0.3501298242433223
3814 0.45683522722874736
1158 0.04738073414620447
935 0.34074355177832893
1127 0.8413996308860232
2108 0.2144135650143394
2382 0.15171226258149406
2821 0.5708317799907178
1218 0.24667542031923273
3027 0.2410738683577951
632 0.08872563636128805
728 0.5692725173648077
2608 0.05870767983587066
3811 0.5831844294059809
2858 0.28730612222166774
1195 0.9473776654244783
731 0.18941995832522374
940 0.6376583830843405
2335 0.1441171857707214
3604 0.8244371595985821
2902 0.43122646802707454
3040 0.5371008422984377
1247 0.7339226996087079
965 0.42928253166565133
3752 0.9364934240053547
1742 0.20188120348124938
1056 0.45527872328294394
12 0.6078254640068068
13 0.2456194414179087
720 0.125940876219375
1767 0.878603409991443
2387 0.8998150343750659
3614 0.7002893878641191
1555 0.5025051314098123
676 0.5484224138194924
3178 0.030757780629781295
3720 0.664707023252922
3168 0.1973452128564941
1744 0.6593804901278191
2366 0.12627352158472083
3575 0.9937282402685408
3786 0.051364664745985666
413 0.9051294610862625
2391 0.2301518540141999
3100 0.9963853662179053
3638 0.14585193323823353
1465 0.14020857959173938
2901 0.5029037731309609
2917 0.6967556474561208
2256 0.4371674932492694
888 0.602903970231651
2814 0.1451429731128525
3002 0.07130209946056809
1801 0.5189586285050775
2083 0.3665569271750765
2485 0.5502131748259599
1251 0.11864787239071539
649 0.42818894465715285
3545 0.6296661089656297
1823 0.5099538738190575
792 0.5470634573907828
427 0.3693134538280921
135 0.6812930367801362
508 0.40578958203334703
2696 0.18970927387536662
2709 0.3397688996113434
3751 0.6116909014862032
658 0.9080309154489442
807 0.010049447793468835
2380 0.9259995289955226
875 0.1781405685377615
2836 0.5125800569567279
2946 0.9273425493590678
440 0.3660808476998424
1483 0.8137132326216034
2321 0.5446080504031434
2619 0.03655923584387166
1809 0.34683995683570623
785 0.43430641541272785
838 0.08654922362055995
2241 0.7510199101279315
539 0.6865351894916102
1708 0.17366099110479805
3338 0.009044684624386012
2427 0.465043775494394
2315 0.06817709790694082
1539 0.07205257386994313
2546 0.3250050724402611
2937 0.9420245358101209
3646 0.3472068607683423
1779 0.5295447451783127
3538 0.5778665571976996
3388 0.823492680470668
3799 0.2896278836973757
3205 0.30945382860694903
3360 0.23839453489342943
1572 0.2809952529974239
603 0.0034896418716005018
228 0.15075001112653752
77 0.003652685192384042
95 0.03130083108003823
2758 0.8418534502182808
3092 0.0026006773517565085
3408 0.007705027574988144
3335 0.672674933510506
1512 0.8284128059008683
2986 0.8862470304741562
3852 0.16644702909857745
774 0.05772105691904583
2698 0.07331504505779662
2244 0.535192547522653
2633 0.9472721006085062
1698 0.3965914804542825
1876 0.9308795775181548
1952 0.6074443254886317
1166 0.7372954819376223
592 0.39572334083971017
716 0.904913074304378
3184 0.5863233781073582
1176 0.8964255509933288
2017 0.931823690983377
2306 0.6938129895827052
2437 0.12497270485404133
3928 0.6591736248152343
2238 0.6311409361014211
3106 0.35573981710866087
117 0.7363485117609503
3910 0.9062084088766994
2092 0.5309836321858412
2952 0.2734032413380356
510 0.1737576543266851
1581 0.334598160563083
2801 0.3115473930254993
942 0.5448840853311441
283 0.017086562507272918
417 0.8019796726622549
1129 0.25231175341079515
2687 0.8187436723204591
3413 0.6231066784854209
973 0.3610545414386519
2718 0.1788844746735596
3295 0.9965334544713904
1205 0.6945858732340192
2963 0.42188464949046944
3540 0.08423396874657363
142 0.15538428287606065
64 0.5129813677560945
73 0.6217090442343154
2567 0.012453181262156554
1541 0.8589199345587855
3418 0.7374034423285667
92 0.5772759778629493
299 0.65649309287248
1596 0.20816646055182408
3868 0.42654145467273674
3656 0.2746879820648861
1601 0.5370357945345143
2430 0.9452684686545121
2543 0.8856372780828696
1012 0.25122475397332944
1981 0.5461181698480365
3081 0.4969404209872369
2614 0.03271695313030332
450 0.5138408386114399
1331 0.18873926850894163
1930 0.2634377208721467
1500 0.6567450835609865
498 0.3523916414914712
282 0.81722234127343
994 0.9956726104339072
3847 0.5351843900561475
1632 0.9138995439316314
789 0.22352668929132335
1621 0.239764207150285
2985 0.5889508898257187
3014 4.8323298522390257E-4
2200 0.7111988658560673
1030 0.61326963538497
1797 0.5420814064016897
3574 0.11865432524324848
3639 0.9565369442156073
3898 0.17429418019524845
2172 0.19426074156648399
3348 0.3101943044803729
3506 0.16504450740266252
1626 0.6175439080125595
3884 0.368440905834195
176 0.9804362947977231
43 0.034873806596659174
45 0.5919204912144672
2869 0.4393533960381526
2767 0.6707412686671823
3858 0.51466970283963
1579 0.4069426845810242
3885 0.5061835596593676
2409 0.6892380151880415
285 0.005046434033463609
864 0.1826863462283742
1835 0.23380494918231076
2273 0.268029914333361
1523 0.19506488506961916
105 0.9990752539243496
1344 0.14923455530040375
1368 0.6376513428736147
3796 0.2540342744494323
240 0.7976405823378212
186 0.6981322755928383
49 0.6464885866693901
66 0.4891127786130893
419 0.3137209654269517
1065 0.2926386438041052
1743 0.8016414999796895
3606 0.11384577568451093
3773 0.5841016740030114
1045 0.39201974547821505
2942 0.7621015457646285
3177 0.4444460317934179
1013 0.5014696314626115
3754 0.7876101338810553
3989 0.46007191040550166
3843 0.7457124175222658
3659 0.38984541905011383
1225 0.22263008145722485
3457 0.1809416812569814
1728 0.6674234863144636
1524 0.8284971301500786
1044 0.4483261256003477
727 0.7629377518130277
3486 0.41011139529129703
3832 0.11364376899134687
1197 0.8131016949265999
2396 0.12858754002308537
2637 0.2206754902297
900 0.061308132807428195
316 0.36024403998305754
2044 0.18431644120917723
3346 0.35611122695634745
707 0.44478829059197755
1898 0.8695076030788114
1239 0.8586550908914802
233 0.529664226598138
271 0.176733306934594
775 0.26614416885781245
1612 0.10445543163215454
3469 0.8292194687179755
3911 0.5206087386275093
3892 0.10813255321776916
1610 0.2579864545937899
721 0.936733573027923
3376 0.3787277842968727
3678 0.3289510230558511
988 0.9292820964728996
1149 0.8348036370678417
2034 0.6033955277873693
2804 0.26590115775426504
2431 0.5496161533139576
3116 0.5715034817080192
2565 0.9026727266448716
2038 0.4016069465128954
516 0.5720121043747188
2073 0.18813801101945127
971 0.05073808671639113
2961 0.697899314662462
1678 0.958587024856637
713 0.554549738202912
126 0.2206817705287727
134 0.34379348793476094
892 0.7012233266546755
602 0.16398073371296218
1450 0.8956086359465396
2445 0.9322445431764391
3562 0.39811406280675643
992 0.21204461876045422
1485 0.4495197976768005
3440 0.36320154504976543
2243 0.8960878204457491
1455 0.03748157639610172
67 0.7660526474756454
125 0.3032492936439597
1885 0.8619109764037728
490 0.3311727866855735
1224 0.6889310405884451
3058 0.36804717282881294
2563 0.6399706870554362
2573 0.2028340377898764
210 0.9753733005182482
394 0.5935205934603541
418 0.0838358045669354
656 0.43641599910557316
3129 0.4948608339075393
3602 0.01630276398076569
1548 0.8029389614476489
1839 0.015253743542529175
640 0.5004354938946547
1303 0.20269727098591128
3008 0.17160590378450147
399 0.16783516458373504
1229 0.4422494598222678
1544 0.184170312444072
3470 0.6267285148641117
2089 0.22985272284982472
2710 0.3389503450554596
3204 0.8388265465032233
2699 0.6523982544050946
3466 0.24512347426844527
2481 0.12587831304995212
1421 0.25308053614866655
928 0.28114430964727843
492 0.7374290312464604
565 0.07706765884308353
701 0.19273932340743105
1228 0.01605830930566443
1454 0.35090351351512483
1811 0.8501106522898934
3364 0.6509468824936432
1266 0.9856705451676627
3226 0.12959186175016957
3489 0.5021780935921075
3873 0.322503990651157
2370 0.882201906897106
2528 0.153342932105608
1531 0.8425955407880231
1947 0.8166171978514591
909 0.8745416545895522
3947 0.27255512610029253
2742 0.7891550795044995
2413 0.4120672464618288
2473 0.8655998097328244
691 0.7136119878272147
1514 0.9202331241933016
18 0.9811539189413069
2400 0.8457293058461487
2486 0.3892182408480829
1479 0.3085721231050995
1942 0.8191297170492412
352 0.5475838741740343
725 0.4441664166216126
584 0.1429686953400231
966 0.3460428863991929
2693 0.20670922437943706
1171 0.4810327111045225
2597 0.9491600457338284
3808 0.7882297642285223
3676 0.37648300775974397
1984 0.8138625749888008
2120 0.6043896282381661
1543 0.13013567386385272
911 0.862762835675107
3012 0.7980430387863571
3547 0.5515451850760285
2822 0.17236415425910057
2866 0.5431410346338914
1463 0.42298306417559073
1739 0.37157974937773885
2218 0.8821438861825368
2074 0.6547163270633984
2659 0.6421725952079845
3902 0.8853770428452125
1087 0.8269002588311781
1365 0.5900422495798282
2163 0.8561435967399862
1470 0.04947443113958472
457 0.6948311551242761
98 0.4682007862238897
157 0.9057401365664505
1070 0.13070074784415853
2372 0.7019334017356457
2576 0.018861654393450333
2635 0.08561074258445789
3907 0.8280648360106716
2605 0.707346018101473
3929 0.22104723801797654
1029 0.6687955898424082
3059 0.37754122112793487
1256 0.9958932055230214
2849 0.922735907776602
37 0.6327592742074549
48 0.5963749219190113
69 0.1591436659854062
277 0.2563613209404314
587 0.9523829666071824
2253 0.39278876623031544
2289 0.10603551676383971
1642 0.5552120961983812
2015 0.3978929098948657
621 0.8244392495519103
804 0.03327140433039888
868 0.4952156492495583
1867 0.29406213680704096
1545 0.7379169659255519
3518 0.2013596718926045
3784 0.8935056252074894
926 0.068697022093265
1097 0.3812048393276338
2574 0.7860689024216673
3266 0.5482339583662108
3251 0.6098871117673511
1534 0.964937666658435
3478 0.6459100357022516
2973 0.8906881347501251
3507 0.7306906851738529
847 0.6131113661048321
3844 0.7083733426831545
575 0.08298931328979531
2697 0.5673990738712732
1710 0.8686912704770385
2541 0.8817764325335596
312 0.5020851857734893
333 0.40797859141686443
3789 0.5468746463725287
2969 0.8817276672039751
389 0.1496575099065386
1016 0.11750537734112487
3934 0.949839820751315
580 0.8828551075555329
145 0.04663035075704636
3412 0.23089692139070506
1525 0.03745637200336982
2925 0.7083941695079785
960 0.6949849112651771
1072 0.5087272926382292
1943 0.11815036020661063
1542 0.8716028802766499
2786 0.6937564902767123
2143 0.3818120388284738
3890 0.987501135084704
2610 0.9721196700086748
461 0.777763790938334
3183 0.40216547988323936
773 0.4421519271124238
2791 0.8688754765336946
3629 0.7117384366259816
762 0.405986737782266
71 0.9683581895140794
76 0.574038858279954
614 0.7249911144273734
1135 0.9398999662857365
1769 0.46580531605111875
2958 0.6379810769077657
1159 0.12901979605298386
3329 0.7258095810812184
3635 0.7885685891622106
3491 0.9537824327422896
1439 0.8146149168820241
2040 0.5302907783940359
3879 3.059127774827086E-4
1339 0.437686547810609
1095 0.9668619034201963
3088 0.3272231751763054
3921 0.34874078292794586
1400 0.4418429563041679
3110 0.06493574238942368
3690 0.27002528759270217
368 0.865560140203123
3495 0.33948281822602644
3532 0.5315665771902185
3239 0.7916614476624296
87 0.09126990966051951
262 0.744059842936666
1173 0.3718795794711207
1431 0.3381510702572439
3019 0.7118720233279837
2117 0.4144213472475017
3985 0.5790062335626821
3498 0.5943465117671226
1284 0.4927734205961237
2995 0.04595055630203615
3757 0.9551744001725444
1785 0.23120099109826997
2738 0.8251195317113632
3461 0.06576768384063292
2778 0.8476069237786625
3645 0.21698331227494472
801 0.8876611832918679
1595 0.10935041610669127
3671 0.1741187864394408
321 0.5802705698667743
627 0.03451977280244356
1800 0.5081177573203345
920 0.16059161515265508
1367 0.7538200409735198
3393 0.4074642125188277
812 0.2694396784131132
899 0.19402332558494517
2322 0.28871899207560714
2204 0.3150484538509378
1068 0.3018525806880813
1674 0.9664706176406023
2566 0.5329693143049389
3878 0.49403944737282945
3182 0.8999308845419449
927 0.48684895023785746
3053 0.9949134147786779
3564 0.24443823754549776
3750 0.3137122190384649
1644 0.731134110518203
2142 0.7375200692200236
1357 0.40867887684546644
1533 0.6697621852887654
1066 0.5196453091282007
208 0.2583498166040127
435 0.15991211727054822
764 0.10136107688358964
1358 0.6553105653618483
1232 0.7826280339940447
3742 0.27036185107024013
2516 0.8709047562181907
553 0.27155945405620463
1179 0.8210770599433135
2840 0.9452488876558672
895 0.44063761772723586
3963 0.6096468385967332
2178 0.22399314392488823
2287 0.10690417696630805
3016 0.9991005623672246
2548 0.7229988453333982
2726 0.7752859458371045
3523 0.617773852695114
3871 0.1644493012472903
945 0.7912608631530269
310 0.5665246996692054
3774 0.4225621316069105
1034 0.20329228566189672
2131 0.7429709410990083
2639 0.17248262270261294
3862 0.3772985707680452
1422 0.879349587831911
2599 0.7941402115290667
1828 0.5798617995683002
3355 0.15118628747898621
3594 0.11239859905187821
3996 0.10819493715199657
1491 0.7011800863833186
1288 0.07620870271413704
529 0.40121105530487056
1754 0.7683746867132314
3432 0.12136023617919567
3020 0.6818700857954555
3160 0.8133974030550996
1103 0.6182139495932392
2673 5.204807157164204E-4
2972 0.3428568817195473
2779 0.711813416914424
2891 0.3918551893002723
2436 0.5981191016565645
2752 0.40589535119503606
816 0.9263266019767437
90 0.7793347381795409
52 0.7587076856358063
886 0.27021792167760594
3680 0.37543993287946487
3837 0.8171944586860753
1886 0.3920289816530551
1134 0.049411495946444894
1297 0.6231627596258745
3456 0.014866906001581692
2076 0.7427712744541598
3643 0.5088828542343403
3025 0.40382096173559523
822 0.6165569084201197
1230 0.8947775770015681
107 0.9455632830950201
162 0.06930268862579869
2877 0.3415886964631847
3806 0.3356720227651149
1894 0.4765126890445117
2511 0.325660471696802
2517 0.8388616001559516
3045 0.7897573426039355
2371 0.24641148440893101
2002 0.5060564064596825
578 0.14571567881131686
1348 0.2130578334096851
509 0.6964699497850281
524 0.5201043409956996
710 0.32572439977143974
2079 0.9605197637292833
3857 0.1251578560129426
3246 0.06274068942993016
784 0.12514343557602392
2843 0.7798864709738033
2168 0.5030362177347516
562 0.9490099056833178
3792 0.7364281627919695
2084 0.9299310334106593
3149 0.9758162326227724
72 0.4558127441639013
1982 0.15006310694274694
2036 0.911760212806871
3883 0.2479618602388839
2976 0.6781489652578847
1410 0.7219043137517417
3572 0.667342271390163
2978 0.8728410912422824
2408 0.22138013127333178
2722 0.9967632377624454
192 0.6831717035832907
2428 0.6775299256823297
3499 0.6683597814953512
3387 0.964472376714561
3834 0.04311517202931836
2745 0.5300545862170005
3321 0.5184831508703684
2266 0.886615795716787
2939 0.8196464585586424
3212 0.9467814761188189
3954 0.9047322812484759
3776 0.23467333496771803
3864 0.588922856307369
2435 0.48413380492583924
2547 6.78048474405335E-4
3089 0.04850563883153092
585 0.49032789350834727
770 0.8375184352915462
2189 0.48562889149439636
3612 0.2428938739624954
3826 0.9350117713141245
3726 0.9567593294544346
3869 0.023325463468415353
2964 0.2674795598922086
1562 0.5012162546757785
834 0.21365562664703075
3825 0.777507504812515
2342 0.4214018186066286
2689 0.3689150385625172
1241 0.7848084434232465
1363 0.25157073518645756
2656 0.7494113953907701
2440 0.0592943580130455
2471 0.8685257814512878
1789 0.5881721082868256
1905 0.2612951105434972
1086 0.7649547555603561
272 0.8096812655607294
102 0.09136721947465143
25 0.725438310151058
7 0.3346341053706413
11 0.5879595552254763
132 0.9093848925241025
198 0.41354946755688693
288 0.7630465058326921
617 0.8609691056624668
654 0.9813817164974554
3553 0.012336188491972377
835 0.2715355130240612
2341 0.7880753286236654
636 0.8345446963100044
2894 0.9790413155695292
3311 0.5182296001241896
2781 0.4778798871950505
347 0.13438914051303674
1929 0.06613650415950079
3598 0.7952524965514787
1619 0.8308132284077807
3982 0.7091801216826309
2214 0.21058486966021706
3060 0.7341979195481252
2280 0.7223828455906663
1862 0.009415881772852464
276 0.4664925637736742
1958 0.996806954146184
2399 0.0013531421497049445
2375 0.5858613272013343
1498 0.9454781115637233
1625 0.5358508909532949
3782 0.8683980039549304
3030 0.22702444395248889
3899 0.07701756510831048
1659 0.7073572175618338
3159 0.7650542025380321
3828 0.12518607507973112
2868 0.8587267012305025
1790 0.49971703500730025
943 0.13630097338381342
2660 0.3804324197063498
2714 0.6250206393436553
3112 0.20280592666061514
1144 0.7988441026664733
350 0.5328258394294516
1356 0.31870842251577325
2112 0.2532662265538682
2860 0.7658729896594387
3189 0.10404117632283338
3070 0.6652008917313175
3407 0.6558789477608183
917 0.8094257287570398
2646 0.7593477543526383
488 0.8114478739689749
155 0.46896365841140486
294 0.05540313850152445
659 0.755029794867741
949 0.24108975841160152
3647 0.21134170005891728
3896 0.13582333675163516
2331 0.8268287246631154
2787 0.5779625902308504
3384 0.07551367446033652
3480 0.40602957858786337
2447 0.4676745056610857
1799 0.23822698221832572
2439 0.48735204926830167
2129 0.04367374884086439
1257 0.006476009323205911
1321 0.6713200972260635
734 0.8995243828501277
2959 0.10835365816500164
3593 0.7869012166903603
1617 0.2677936454083598
1820 0.1315883761854192
3956 0.8507600129420646
604 0.10208630675657493
3256 0.8520504590863103
3623 0.24086728629314402
2340 0.32672452706136024
871 0.580395857524224
933 0.7781515271697318
3379 0.14963977357807667
2271 0.3704979406277338
2704 0.8862042049621269
2624 0.333272086786763
2534 0.7763870244813925
497 0.8357120097966028
601 0.3760224822455418
2213 0.5343744132464492
2347 0.8686108901121758
936 0.8928167327677301
2223 0.5886708253313981
2229 0.6367470523051638
3660 0.9680894918649072
1955 0.42768547229233167
1147 0.3478359245423531
275 0.2215792876620135
1735 0.218809281687124
3054 0.5090424328034867
2369 0.858810490610715
1377 0.07721521039847412
3728 0.9504263376001919
3104 0.9994822401390943
2237 0.8125430963685956
2802 0.34648910414817113
113 0.6413806910980597
144 0.6857433859389629
1684 0.03471675223148574
3601 0.7439323014711319
505 0.2850223764098483
852 0.8019096055825706
2694 0.8514666821509791
2046 0.9418273913199718
3232 0.5145118439183594
3213 0.5450852912373427
3405 0.05499782493180527
3445 0.6755095893168818
3936 0.8910419298990979
1361 0.812138077842969
1594 0.409608986139119
1121 0.9897740162114016
1290 0.8249908300972435
2753 0.4846890199659538
1181 0.21748134549058618
136 0.023772232710572272
318 0.5110604637068237
1457 0.09356127344522536
3218 0.3776270568273614
595 0.4682408612276564
2835 0.006581098232244287
287 0.9876351972638815
552 0.12729122198275955
1469 0.7460581948369651
1106 0.668014116485767
1703 0.9925499472787433
3912 0.2470596073372725
3701 0.7500724048462561
2094 0.014691232931631215
3462 0.9436350862599481
1629 0.19637848215141718
3490 0.33757018312091147
3005 0.3349354573922344
3420 0.1884268106434851
330 0.9587339491190426
2305 0.3654556055818431
3481 0.24431139548453928
990 0.5063478092461244
1115 0.750316565151972
2483 0.6205083571713572
3819 0.00716095606063305
1961 0.4120005761681781
2161 0.7423592047911304
1598 0.24522743552609305
1866 0.25616445219814943
44 0.764481409199516
63 0.3365006359300855
178 0.9430257596142244
1407 0.46285092775638936
2150 0.38618705565176215
3487 0.9156595406021182
3992 0.8954711538560262
3105 0.3449608270221317
811 0.7633051325145868
279 0.5311381591920811
1207 0.2674306299844519
1497 0.6910492862042626
1487 0.6834389321339248
2297 0.6792985982061779
3455 0.7137475575416026
3922 0.1122050779674223
2166 0.4243151008725925
3966 0.7011435702402743
3087 0.16344233248326945
1213 0.4429376551510701
586 0.3555622959258151
2772 0.3559462070952102
2798 0.03474659603490149
3664 0.7179179181639987
1217 0.27592548683340656
993 0.16737994823915803
320 0.8140893014572068
116 0.46357886288201244
3454 0.6610935875341142
3549 0.18017328071612726
2199 0.8886851440685931
2999 0.5434251423663348
506 0.8463408952752861
1302 0.9284315893084031
3641 0.415594646319411
1042 0.9826757826743154
2099 0.9934067317194661
3861 0.5131210968204902
2775 0.6048377165131104
1781 0.8668788233211365
991 0.7274174923544051
2102 0.24348862423020645
1093 0.3130794545234884
2895 0.3419942461757267
2982 0.9544104118614762
2922 0.04562313099909787
1039 0.31128882955816395
818 0.9030603457944169
28 0.8682033972208202
29 0.6321157493648477
143 0.4185951823592051
495 0.2520645772830017
828 0.6013003080961314
3749 0.867322931469461
3905 0.5129883241759066
3937 0.15855940661733492
1069 0.4128924388257328
3458 0.7804806355812082
544 0.37973370058679645
3463 0.7808493542954357
2530 0.8975894704795822
1501 0.8998748436004977
2048 0.3403246982352309
984 0.6043629931127232
3242 0.6868898838329636
1040 0.06790125672805858
458 0.4635771035953826
1123 0.39151864233953926
1771 0.9926705546357901
2187 0.8784993735142628
3299 0.012487079556728786
2712 0.04388639439538977
3766 0.5720903355757543
972 0.7230931689540737
1875 0.4953126396529912
3761 0.993331837286181
1571 0.15370640120416867
3037 0.6573992637542078
3970 0.4268472876212809
2960 0.060506527857613346
3188 0.6115160928318256
3554 0.10215755359997003
1928 0.061957765390466046
3661 0.5537126246698618
3901 0.29845808517629946
2856 0.9563175857481833
366 0.1777622061688079
376 0.9441371544354151
2179 0.939832556133994
112 0.9306978194999427
1397 0.9677184897131745
3353 0.7177411858266685
3877 0.2476628716763446
3955 0.8885176544662112
2177 0.5331849439639352
2603 0.4291943588148659
3381 0.9581975994613887
548 0.04650023631076583
207 0.8918622645836971
222 0.6178705237854071
346 0.6637592733641131
1151 0.038197574484013286
1924 0.4059237758006363
2616 0.7857864464588472
2983 0.7415650995309628
3691 0.13753500520974693
2671 0.817758863477779
2839 0.7430336272282296
3692 0.7746909348403057
3931 0.47748365328266573
2258 0.996334209155062
758 0.613779450504012
880 0.35785615567451357
2352 0.03454326303614108
3670 0.41123660434970666
1597 0.2572993304688047
1627 0.16197520552492595
2411 0.3900029548371482
3074 0.8722630766916669
264 0.13500050125228913
2216 0.562728787180688
2006 0.9123818960064165
2115 0.21830383988955737
2724 0.8296821584332296
1521 0.7206794790281051
1903 0.5189099013839864
453 0.2484831659773612
455 0.3970729751363916
3236 0.8643785614060693
1472 0.42051889062260583
955 0.7785872435487106
1141 0.9550323180012079
1299 0.30757561766926433
2045 0.3898522646832252
2643 0.11999681016735808
3223 0.7815239509111006
2136 0.8103518414434803
1520 0.8826172609897966
2733 0.38901925304676055
3640 0.9811505637453792
3756 0.2933404172449191
3260 0.06890268816678524
3140 0.9385324651740116
1078 0.6903718895415815
201 0.6542871812047982
204 0.1619936245128456
1154 0.9867289882832065
2931 0.40650651455343856
2652 0.9039748191144578
1416 0.6199554369602562
329 0.47009486985947724
572 0.02204639645664841
1172 0.8450493990049459
2940 0.6452461153174942
1951 0.1526167624340049
3655 0.6714783576545991
2062 0.43652159593596684
1652 0.9444500963326541
220 0.9593721569577822
375 0.9648332956609806
1447 0.5439084598413781
2600 0.6587528632626837
1792 0.8696727454025468
3447 0.5318013418604354
422 0.5780029180556969
2760 0.04392884794285368
3330 0.46499555784616364
3804 0.11044372650479384
2349 0.951857818261726
3964 0.30569611937655605
353 0.36620186702210156
1996 0.7506370379109429
2884 0.8782192867588828
647 0.14096282805844518
1283 0.22190000718502212
3287 0.2331786676120079
1101 0.8467431993111887
1312 0.7738319496449315
2338 0.02610616371406682
3565 0.3800591586075628
2110 0.49094005566665766
2569 0.5469486347557407
1536 0.8933219200756096
682 7.419817553122598E-5
514 0.35740451546432306
579 0.08230209333122795
249 0.9547715854807539
215 0.755423897878973
2441 0.10915907176720452
3358 0.8171204671122811
1538 0.7445050957132705
3712 0.5278209589386467
3401 0.02140359668952385
482 0.7866915068308905
679 0.7110217657577368
3908 0.9934740649977105
760 0.14228795224247137
2261 0.4996464863652541
3485 0.5549617052695298
3441 0.36749215937935276
1732 0.4797950332905875
218 0.22881854085311215
30 0.12642365963521696
172 0.4491561687704857
381 0.7658517624591278
2104 0.9779434553002764
3046 0.6103655327374894
3494 0.7001479043961315
3941 0.44964177543627193
3590 0.28513680105429795
2568 0.8057975002243732
3278 0.10526274079059317
3368 0.2719132955421443
2047 0.3114848828593163
2230 0.8711957441806257
1294 0.5707241236177287
1458 0.06591815415421298
698 0.6837037331474963
783 0.31309508622504323
1857 0.5527658488187026
3434 0.4378211770883468
2367 0.33661311671486793
2990 0.7045923693266803
2748 0.6228352061958737
1682 0.4208730196597035
3589 0.2725853043944082
2711 0.14346939042384055
3515 0.5332940952163429
1202 0.7499234907666524
1530 0.17836255511602306
2591 0.15996641440448978
2281 0.7779019186211276
1715 0.3460654245940663
3126 0.8828821526707744
3465 0.9280170685997788
2474 0.4050547571905462
1729 0.5960845837353207
360 0.9362766896865731
532 0.49247600210014975
2823 0.03412450974431913
1204 0.09973541726744717
3581 0.04420110911411146
416 0.36269167617712206
3279 0.6669143604153276
3094 0.882071577188334
2542 0.18613261851727259
2649 0.38893692854452133
1672 0.02967657082682651
1936 0.9839263145827676
2514 0.8195212293659745
3337 0.3446754052679306
1481 0.22186405427766454
1567 0.021324238086466996
1540 0.09759550932103334
673 0.9229889353415325
2225 0.1936641982803019
908 0.14202541621516496
1888 0.7367273412591221
681 0.872576538140587
194 0.5618563950845483
252 0.6928761546789189
2965 0.7436113864269865
2363 0.2906436328972867
511 0.6781022250489854
907 0.8562678172289809
2747 0.342681857998258
2080 0.5264122995655275
1152 0.2095078705362693
1384 0.04852026310805091
708 0.7068935708430305
2058 0.6526797106025436
2609 0.15517478168914745
703 0.08219651495724323
314 0.8653584127461914
502 0.7582219128348267
750 0.9316445206847184
3628 0.7146682412110386
3809 0.31973717928857015
2929 0.16477893598037707
3958 0.25149256556070343
810 0.3854196598876768
2945 0.7265654480981389
1889 0.039597767537232764
737 0.7013127639201225
1411 0.6317840300683156
751 0.9659150096722254
1495 0.7245060049243046
3846 0.3812071092262681
2029 0.34551875791730247
3132 0.010862510805945136
2749 0.08783400129509189
1899 0.3283843035353441
1962 0.7813238875834657
3224 0.2607751909407947
1462 0.49690489560428286
3227 0.8965644258245735
3721 0.5934135730741401
3760 0.6441120295742222
2475 0.09989494733485038
1586 0.20995738750059767
2596 0.7188888067239637
3509 0.15044602179036237
2125 0.3587859949913115
3233 0.6681214156963383
3705 0.14206399380339851
1637 0.41522023348031356
115 0.1959737848308304
303 0.28174298867566683
385 0.403398483434277
983 0.27481903763744475
1863 0.21507110484146186
3795 0.45738259632785794
3618 0.6797934684458233
3669 0.305571760927671
463 0.268981823290637
742 0.583451346413388
1362 0.28640932846169553
3897 0.4024112425212082
2812 0.7893654856515308
1381 0.06850427797454783
1746 0.62233131427723
3145 0.9370692361821032
1647 0.8882008076066586
1063 0.6752844099205992
3685 0.7629830182712425
1630 0.40352915735283934
442 0.7843948444932265
452 0.7049135778147255
1854 0.37809756868700484
2620 0.06814021169514461
1459 0.1771563865644733
3544 0.13479948466807767
2211 0.9809203948012597
2582 0.38339536818656605
3716 0.7779560508791744
3951 0.04797311466829268
1211 0.8542428482487826
1254 0.5383554461700986
590 0.2935730127122619
2872 0.7314097992239008
3548 0.5035887669483758
921 0.5380262101224673
342 0.26104784523245395
3872 0.5168019097540256
3467 0.20969910343135356
2091 0.7336085728249111
3357 0.7124865865393698
3580 0.9688441369198989
2255 0.8526335484431289
1364 0.6468636631196367
3770 0.3082764754595527
2996 0.951206171945596
3484 0.14009065418476807
2618 0.04632735263301191
2695 0.9901980683281981
3394 0.21436347468560313
2028 0.15196233996889807
898 0.8862850630734771
2336 0.42886333699007306
2857 0.6508850559952675
1005 0.47312387710490933
531 0.15201144361990226
3249 0.8057513123178909
3283 0.9785848485036811
3196 0.32288462196346135
3830 0.2704792113209207
3909 0.750116298930681
3917 0.03346118645672558
1076 0.3153771405667928
2828 0.07328077355905283
3546 0.0372758822567788
541 0.1484667950774039
273 0.09100092926411918
2783 0.5535770555902948
2357 0.4433466507881486
3029 0.37671556509775106
2807 0.625944160086041
1860 0.39014538669692156
2054 0.4957760623374414
2284 0.1640794582817543
1428 0.1793834034991243
1506 0.725539594655153
513 0.5322804104069183
597 0.44885812658289226
3876 0.5316512221251278
1107 0.08780831097951325
1285 0.034125636079592625
1508 0.2225477021398563
3812 0.6074599608064064
1310 0.11449493430649049
3939 0.5660306311885226
1987 0.07770169530887694
3714 0.9797110307078751
1490 0.32192742024999355
612 0.6046370784352528
1706 0.43922654481570944
2706 0.4942408628517968
2203 0.8729530950356198
2707 0.1441579296518215
2433 0.10238018606140031
1017 0.12269276461569689
2395 0.7253901605522448
700 0.3702759445922532
213 0.8461725329537647
1292 0.4974211221115127
2050 0.6194372568040508
3075 0.1859568677371709
1236 0.06939414678751732
3309 0.6237114857219972
3067 0.6563141016024847
3737 0.25479351961025654
1551 0.5456393277450909
3274 0.21712464264185194
3383 0.7385820930084431
1971 0.799273739007678
1858 0.14134989151744448
395 0.13974199775196983
436 0.5350639284433022
3423 0.17217180736011617
2797 0.4145863046621894
2810 0.6169705790139143
1399 0.3311854168734064
2886 0.740155145707702
2457 0.676108558016311
633 0.06725359482704873
3426 0.3461938745587346
1693 0.14824452725145287
3312 0.1694438910063535
3777 0.9140585711038044
3953 0.5523796126334295
846 0.7278150530931508
242 0.9092028346372886
41 0.3016805176753149
17 0.4878297587037097
27 0.062046458023587214
58 0.7924467383020845
3035 0.8586339998249629
2334 0.06149183707922912
2816 0.6064082619481578
749 0.8087319261728141
2005 0.5751916991634479
3400 0.9313671305545177
1449 0.9177894486816228
2277 0.5202118927608941
1268 0.7697830250316078
357 0.7892435989393497
1006 0.5011629269570111
2290 0.7080979198291713
1561 0.6532164110806028
662 0.8558465527112669
257 0.5585163540574697
281 0.8999505118513966
1267 0.26950472011696947
3427 0.748824796869776
1440 0.07063461837324303
1602 0.2680887677160376
2900 0.8915363271752478
3674 0.637487516915521
2948 0.5683025762034961
1660 0.39435886264281095
3141 0.7429545189829656
3949 0.126794035201373
2903 0.3472584443034681
2039 0.5092808197630029
415 0.8755566146584991
332 0.8684634624151765
335 0.8203060925155069
543 0.748637719537594
2825 0.5896664539174036
1575 0.7757963158377578
1883 0.46758411436688097
349 0.1742277940206597
2851 0.6250357052461042
715 0.9328334232840677
2401 0.16934096239116503
3161 0.706829739332363
616 0.07127611575629389
705 0.2965850840939255
2221 0.47448410699975796
185 0.7090878474105387
232 0.9029568716405336
1199 0.5888321176115464
2351 0.20554108730457832
2500 0.7544924790653705
2358 0.46302427892044107
3746 0.6933875497273947
3298 0.18980120626615138
3552 0.6350742412617472
1842 0.80226623873735
555 0.5681344113586995
239 0.03955285696701083
2773 0.22709146683724935
3597 0.20261592952240415
2847 0.4354127205992464
1162 0.5432213147659478
2384 0.31594707451758974
3186 0.5618950430925298
2008 0.378388497174715
3125 0.8582857704877669
2443 0.684429824309768
2449 0.11987228063545963
1657 0.6161009457498169
697 0.6821653701376605
1614 0.08711686828027687
2936 0.6384477437675984
1442 0.11716808726335892
3972 0.636823416175312
1631 0.5333279697724078
2883 0.8917835535213935
3472 0.0739026897860966
2908 0.9608778779438121
2650 0.4776907147631537
3541 0.20028924561506456
2245 0.6012661304070777
712 0.7950111059552837
311 0.48434492791997374
226 0.49279424761509005
501 0.3097849081087194
3244 0.06816618764904114
260 0.016723577361061448
1262 0.59306883136959
2114 0.652438044017011
2688 0.20327853952668817
1691 0.6487964415440789
3652 0.13931019572659542
3682 0.03103075818403067
2645 0.3279070366137047
873 0.7679365960243891
3924 0.3347588009744117
675 0.6408193378458469
772 0.7704251417655806
1558 0.24036619353512412
1817 0.8767741797425106
981 0.07426150114790686
2675 0.1448146164105174
3649 0.367500702426392
1651 0.11576434907499633
854 0.8821194156078486
941 0.1029092359577013
3700 0.17506628293841997
3839 0.4460439814367546
1010 0.0685658583221056
1073 0.3660731063615632
187 0.8994787407501091
33 0.4447220522328712
1079 0.24142593603081874
2719 0.24133846766832923
3199 0.35822971266224357
2195 0.3486314485817069
1667 0.7683955410564888
2154 0.13654698507449603
833 0.5949534079425118
2020 0.8336393327333946
2275 0.2573331123049619
2717 0.43364046392028444
3853 0.5130054083692387
1509 0.22983426921596362
1950 0.9247564031419977
1697 0.18773601126020611
340 0.1896574974888381
472 0.30367328413028194
813 0.8937750181733807
2538 0.20735807010439433
103 0.22216932976427695
2782 0.8429920068586692
1100 0.7263705579672602
1325 0.4852968323042538
2488 0.9269764024997897
3556 0.12107512677319732
1275 0.5098016298682416
1253 0.06764674445618679
869 0.590315345210614
881 0.45276799246374544
1219 0.45635161433690086
1426 0.8841294928746336
1250 0.4669850682440687
3361 0.09840695225112128
3231 0.09326462710634353
1724 0.5232456886385012
2943 0.29544247838104576
3111 0.08855910769867681
3851 0.6023325460654775
996 0.4031122844919808
2138 0.4097277147693327
3668 0.39116457765991597
1494 0.766485100269401
3307 0.7756398839924764
2625 0.41323945566417775
534 0.4948168685231429
3341 0.5693108541334501
3417 0.9260578981760385
2732 0.6497972782946099
3687 0.3811711201412681
851 0.49787399152627043
266 0.19722849843371937
372 0.5093268819617977
3292 0.999733206593262
3351 0.4455356182671013
171 0.11261377025164643
75 0.7611775487991546
91 0.7937478291680545
1276 0.2799863516513873
3475 0.324430900042905
1994 0.08018340604146046
3747 0.5365291688873092
2615 0.3512181775367974
1611 0.8429474726296393
1796 0.5073157880924425
1913 0.8775992744109032
2495 0.7298250943281016
1306 0.4152554412405426
3377 0.7927872659537075
1369 0.5430262736146176
1222 0.8337120916397874
3535 0.4832440847905748
1845 0.34926676540337576
3032 0.5942788217526036
3421 0.3621499119948369
696 0.12201844520788563
704 0.38400380438281756
3725 0.5096877872477578
3052 0.7071132836249919
849 0.15100835253940526
1146 0.49936590616964927
2313 0.8710071242347117
2830 0.4402202920560454
1120 0.5862580273494049
370 0.4120374973389237
1559 0.5306384346842545
1656 0.750322474505075
1435 0.12305375221986226
3734 0.5116524089436016
3793 0.13454183487517046
2899 0.3857932227248442
464 0.5872407944861275
133 0.004021812475575537
459 0.42899501660663664
740 0.6334930384999846
1374 0.5322363759729257
1641 0.2022170172475719
2861 0.5296557648190076
2984 0.47164796255235386
2522 0.6942436410730219
3940 0.9619151483378908
1001 0.6753916716705853
2642 0.9236403393805176
1563 0.7652815309258
2113 0.212359194559409
3856 0.6967297519534728
2345 0.24867789896986425
3382 0.001321624224488227
1088 0.7759895408721581
473 0.5336304874353522
3103 0.7259263867323507
2590 0.743097916612778
3142 0.28470771181111687
3339 0.7598679920770395
286 0.379938326692588
2043 0.7831161517793878
2274 0.0995485813624919
2425 0.18126893550132706
1418 0.8661410097612442
256 0.4653990074802752
97 0.20581061648078136
537 0.6306678298511476
2192 0.007253992703535661
3920 0.13359497534404152
1726 0.269826305862198
2414 0.8280789120444837
3818 0.16381960215031643
798 0.8516735492634626
1655 0.8738113876963638
3745 0.06378391994350563
1492 0.5523116559392488
393 0.3658293104119712
2668 0.7315412413483786
3198 0.8988183755908737
832 0.16223004840934008
1388 0.9580668270566247
2666 0.18233027052444517
2871 0.3549672119823788
1915 0.6128773538820225
3727 0.5811137875283111
569 0.5147001132115068
1314 0.9962646833467135
3854 0.36131484514009293
1995 0.3691045467517763
1102 0.3924895842526611
2626 0.6146152011884769
2249 0.16619930925852533
1234 0.28473823646747976
719 0.6072055634013869
348 0.10919014703105023
2682 0.004209643191213752
3344 0.14408189774834124
3648 0.3855526106744437
3850 0.4687063852596852
1738 0.3205301597161835
3791 0.502102542077494
2478 0.19217124501024452
518 0.9235961241442919
1118 0.7414914043611781
2093 0.6489562096320548
2594 0.5213602208401514
1263 0.25154448243895267
1999 0.48935429027743393
359 0.22009865124412942
406 0.9610045827246007
449 0.7471570727912619
702 0.9850421260298604
913 0.5646565536309305
3460 0.20252154853547333
1347 0.3179402934930441
651 0.762425816136316
1616 0.7327846114307688
1834 0.27942958033101095
793 0.06087792873808473
1807 0.5173460146411013
3741 0.6996418209505592
2398 0.8829116871991547
460 0.6905081838151549
641 0.5544427450972084
2580 0.4041812055083066
3367 0.5671930782894219
1249 0.8175793320389143
1848 0.3273174552153728
2071 0.12165953733229251
2402 0.3261219234949936
3443 0.2341907787211115
2067 0.14126284189225158
3576 0.8600664048970884
443 0.5495953918653083
1699 0.9705340856528931
1966 0.6954704305281573
1027 0.3493149948078197
1868 0.8374339004315483
2734 0.32798950253253656
2890 0.7363047314159609
803 0.8898140118487952
817 0.11103542319792259
2906 0.07770921015840826
3813 0.09205183722072985
2160 0.47122898653049294
2553 0.6353911402287972
3769 0.39431441540815826
2472 0.2713759352774562
622 0.6812391704717882
644 0.5593696859312854
717 0.886622023645673
3510 0.45466142765029716
3807 0.02437934646413953
3620 0.5735598038640768
1668 0.18210374270343954
3967 0.7701685974276098
2169 0.1230437591666953
3946 0.233707103807973
1683 0.11157816044235491
666 0.07047573925167294
2004 0.6404461150229539
3187 0.35561771727951863
3517 0.22957656165268014
2741 0.3666398368146977
356 0.11514716408045289
290 0.213815710906755
322 0.8582343007376689
3352 0.2817036882319106
3526 0.46488924425087963
2265 0.23490606179387963
3866 0.2645084500541418
123 0.10494357120114017
8 0.31989678640694763
42 0.3495699046075903
2173 0.7964720688401141
2205 0.012025257008538404
2991 0.5088861802915408
2010 0.6138941952880372
2647 0.4499151874951117
1116 0.4275202366883639
3439 0.3464489964867923
1223 0.7748947312232527
325 0.48934341396278747
670 0.4650988247575817
2060 0.5471519115971082
3410 0.8910170694500074
3568 0.14283609646163598
3095 0.08219011352730321
1329 0.5550374573159319
1383 0.9689390695132197
3783 0.45938446546074796
1849 0.99453595922331
2156 0.21784667485088616
2162 0.48721605882401386
2657 0.3839516822435779
743 0.9443695330809703
3637 0.38701520646694976
2865 0.8292985160150353
1503 0.10460682740885541
2155 0.9034898153781623
1132 0.8501999592097971
163 0.3394352428499152
1311 0.0516605750854745
667 0.35579833207603473
3609 0.6431072227100224
3202 0.603776114621349
2397 0.34139524193869764
2811 0.3609882800508145
3585 0.26546391717490925
251 0.656068215832979
26 0.022677027016997697
154 0.7083579840108807
964 0.28320954183493374
3932 0.8808755118965756
596 0.6338901743622638
797 0.6717289006783609
2057 0.6421870684184491
3444 0.07852601378216073
999 0.8956778033808338
1452 0.5452808510941176
3681 0.9040212775180334
2545 0.21091858164615895
1912 0.3958295766479789
2144 0.6866067559516931
351 0.8467856135738411
2086 0.13822800180411177
3316 0.6946997623321376
3258 0.6751938092430076
3308 0.3471035615789835
3781 0.9163704651547822
3464 0.6157223710949613
3479 0.011615420220729589
1856 0.2920095576040377
2467 0.6525548530047593
420 0.21605297497532006
3451 0.007556937180194012
3471 0.5597199283352725
3986 0.06504304727855448
1484 0.607943260764952
2174 0.5629275415625722
2667 0.03533733754033541
680 0.16294393726527912
410 0.328553427077346
88 0.5023526379052636
244 0.7527537302693909
371 0.7083123181408233
1301 0.9044589545127576
3152 0.41783515308637387
1802 0.1304569451982811
3881 0.9216746730795087
2283 0.9977037610412273
1980 0.30775179751495696
1282 0.3369387811025887
3175 0.11742061380825941
3706 0.6271528399641579
2030 0.21540703738054345
1305 0.48355205418296165
1897 0.23752554612121168
2844 0.9864267003387247
3265 0.7910493964235871
374 0.8986929424969424
1949 0.5787535063321514
2227 0.34523011513658775
2228 0.913656295779151
1755 0.4109617955857585
1177 0.3007882568552873
253 0.028738834260893742
388 0.38679309140503204
570 0.11445651719436534
1404 0.6032846569294482
3578 0.5770950178432345
3625 0.4662697958859692
3923 0.5350383465330634
3320 0.048478028468561196
2762 0.5739527609756442
3108 0.04954093995933884
1707 0.5999861073424009
1925 0.1484442803202486
2021 0.9497920664842462
2944 0.2804902822344184
2998 0.28686475351769414
574 0.7724730865239317
3130 0.23279450998097473
1931 0.5086776441319738
2702 0.1891491102875139
477 0.1348543376506659
1387 0.06336652626158457
2665 0.14417037920148457
2915 0.3936737579976487
2583 0.5890997780111071
3694 0.24370037619313523
2593 0.3735030778018452
1279 0.1760925522423893
2577 0.644094930194757
1938 0.30124319628392293
1770 0.721275226566112
1778 0.8216507575310563
2800 0.04819182910061737
3185 0.5741384720946875
3566 0.7039729452242052
2993 0.7656850053355962
3642 0.292678052269981
2850 0.8054604286014923
2014 0.08316703999786079
2377 0.17906216900975203
671 0.029925575748955713
1945 0.8561527940601928
1126 0.6726322846869891
2611 0.1601378991997241
2344 0.8895414150873617
3121 0.46038205578122837
821 0.6332448866995872
377 0.527343082131198
3840 0.19971575546022657
1488 0.00835738400838415
1777 0.6873090944488401
2450 0.18578933986439794
3272 0.5289674383986067
3164 0.37831432842477597
2678 0.18018925975966948
2876 0.6050790219645529
2107 0.06087626857487394
3010 0.07755440906516498
1019 0.9582983981813739
2386 0.3793884557340411
2617 0.1815959256607812
1471 0.5037058490953749
3356 0.5828789673467212
3270 0.8923939094777797
1438 0.44132494408404
957 0.1549747759544733
3332 0.2895810122366672
2715 0.7775435528935486
2746 0.9317170883637482
985 0.015558475298183438
202 0.5591371876567751
863 0.8620742739122105
956 0.6461392055553923
903 0.84526050504931
2210 0.31270306994037356
2466 0.6853074181919578
3636 0.45275335925953397
2019 0.9433140577695098
2064 0.30600033022502116
2385 0.5440282700532527
1606 0.4989549724122594
1764 0.021219468228788507
3310 0.1505621973071194
2309 0.4697424142685658
3327 0.23928979552324636
819 0.6814070848919253
3072 0.20821064938456924
3155 0.5076061557487989
1722 0.9795483169741815
3057 0.17962756557680337
1008 0.930349796182021
1354 0.660721090804933
3673 0.8556907523824425
9 0.3306676686735798
10 0.2872508622481377
36 0.9075962697186302
3391 0.4126543179345705
1167 0.9033754293429678
2135 0.17322077286254245
1922 0.3885939457457521
451 0.6698128044271825
1709 0.8371380603260331
3083 0.713793758033254
3979 0.29908435277521583
1859 0.3906813389810958
3613 0.9749974737845124
3651 0.5248952481714283
2464 0.017855202555833838
1761 0.31579089019117734
1035 0.9013305010698055
3561 0.7632626322720211
1466 0.7861687319555911
952 0.12685841388235952
130 0.9676672488896086
224 0.890638399982051
1161 0.3982360373072561
2415 0.758492088909625
2655 0.2167206374130103
1131 0.019252004661696853
1511 0.5931642988358601
533 0.21394412402766594
542 0.9805622922777314
840 0.8439068542894
3051 0.7787474257950019
2180 0.42694775641055926
2992 0.4325932278760056
1499 0.17907747706025734
1725 0.831891606732991
1963 0.38229467596588884
3615 0.014661895959581672
3906 0.47425214076595135
795 0.2621419283534533
1974 0.22235417273559133
2803 0.12563718652582168
2027 0.5085633311157048
1747 0.31257111229243373
2672 0.2216285869907001
905 0.051710395364177875
1493 0.8241702142193121
1758 0.14633992144457464
1351 0.24564621170619994
235 0.011601321983321977
1206 0.41045527745534705
1608 0.46206914486038864
1865 0.7750890470420865
297 0.6609458187064728
3289 0.8597676504150801
1280 0.7021276339872972
3723 0.6476120938532762
2683 0.9319079880850947
1664 0.6559013569509348
478 0.5452725321194057
265 0.7150905025800334
70 0.5842297707637812
111 0.44338108331714254
573 0.8818722439842194
2676 0.5332199113398155
1350 0.8924635673242399
3658 0.5747074965573572
645 0.7238317046880256
848 0.27632654085691855
2316 0.37630420072024773
2968 0.6640399932789193
1979 0.2971557366826214
3744 0.23953320483093044
547 0.29297986760126804
1109 0.25042439068579125
2220 0.21078009585014157
2311 0.7593646844191394
2855 0.24236623466429297
2954 0.41160814530046086
2935 0.8078935060650029
1113 0.2705551099079436
2680 0.8668608764442572
1895 0.23027175577566927
1036 0.5645326346820744
1798 0.5236826050325136
3031 0.9490403497350521
1914 0.07820676147484773
1139 0.7998365083432647
2557 0.49449418648732424
3197 0.5617897521447646
1245 0.8413211802090879
237 0.7392829536872122
520 0.08081630539710993
556 0.6104238066083912
3810 0.4375973189956862
3350 0.332571890553656
1128 0.24198378349560734
127 0.43472148275308387
209 0.6972885104388811
317 0.8489446777116774
475 0.36455485537890575
1255 0.07675340790012353
1051 0.7637813575266169
3555 0.5743436557345412
2841 0.660067481947558
1153 0.588656319055367
397 0.10569231332166995
1645 0.5305698651644338
2194 0.12269020448739265
2193 0.5125128513856824
3867 0.03722474483850202
2510 0.10025113209951164
3605 0.19675627963941
3154 0.8437231404000478
1624 0.5874662727842652
304 0.7876934321833645
1752 0.16314495630368986
2716 0.5451473277458714
1401 0.08783925283329397
1547 0.026330024400685326
3563 0.693785685418021
3731 0.4684917716173097
1833 0.921444179087956
3516 0.6470585324985304
887 0.3752680002823555
1060 0.6204091170887072
3916 0.7915234125446217
3567 0.8597975000118652
1676 0.4927465154467414
2381 0.8123402395208271
1308 0.2964200804559092
1599 0.2526207290119733
1989 0.34611666270315855
1793 0.18106097775803343
2442 0.6398198356980589
1622 0.5583139765628963
1592 0.4084925490666894
515 0.2835212993352447
2121 0.28368818449959676
2770 0.40509895383876027
765 0.4526638661792284
2072 0.9842644107616801
1372 0.6212182700702624
3369 0.37592937850712904
3833 0.9209226455463434
1320 0.5441957630075853
665 0.02367279238066522
268 0.6431073880939142
300 0.6744982793788266
2864 0.43586870458138793
953 0.985648740391351
3305 0.5768521351381888
2455 0.05757353652866337
398 0.23365666200894553
2003 0.4046544391708724
3449 0.35304233406464736
2141 0.7943721262249801
2512 0.2966737107903308
3672 0.057058364510061854
3827 0.3153482902654774
1993 0.8638375611574415
2429 0.7474775202152509
3527 0.5252862138648455
885 0.2508223187427663
1112 0.324671554331053
2980 0.20357583610891816
1515 0.9447993144600502
2867 0.2844982262681369
693 0.6154961609844721
106 0.9659398821000971
653 0.5344998137814477
3000 0.33669580463849447
1237 0.11971961288365385
2910 0.36065845934247365
843 0.3507359958522741
1081 0.5173520432941766
3542 0.6307555559331451
1240 0.7660385016491725
1997 0.9101638904402747
2312 0.9628141026697582
2329 0.19934557089618266
1719 0.7900804925068722
1516 0.16672910303437538
483 0.6303388409169128
3699 0.11239325696869207
3962 0.33624781054518005
1757 0.7253914877614749
3758 0.7023418675738867
897 0.8338950419705587
1688 0.7497120665891777
3363 0.8426974660382027
1791 0.6835933598387585
170 0.7649475916871072
214 0.3318680357483471
382 0.07154772294897749
1328 0.9451164573355918
1478 0.11103579308667066
1335 0.9825272402736879
2417 0.5205949319047025
3991 0.44969603561601734
2700 0.37164584773657205
3583 0.48370279756219625
2324 0.19457788358969763
2681 0.4592343689340854
1704 0.7239978514253913
2852 0.008195441675699744
3162 0.30806622385196636
3097 0.22428213645354877
2561 0.7077314702041841
2137 0.6619610745629017
1518 0.3270292877382154
1603 0.30177485834275963
1824 0.02017604346569446
1692 0.9098423089915674
1607 0.35113601775350833
1658 0.046715408619317667
2184 0.6197912782722967
1313 0.15295346332026427
3395 0.5834504035909397
664 0.138338817587774
865 0.8976107544824725
1415 0.09976170693299868
2328 0.00405796334304076
1784 0.26033819539177816
2690 0.9320500010688689
959 0.5372084401054114
1695 0.2588981008003629
1690 0.06576682292047187
485 0.9369776087252258
648 0.8931050447536827
2533 0.702900391084047
3438 0.07911744523021369
1873 0.24463804567283154
2848 0.563675597123844
3433 0.7970677604903061
3063 0.26607722950087764
2346 0.8969116279482686
1143 0.5950503740711443
1332 0.8322177085904401
2264 0.6798423646483162
3326 0.3325266363679934
718 0.723500017439203
1119 0.1587562294335968
1587 0.8848779065594229
1663 0.12436479496216457
3971 0.6482717376460764
364 0.8350472432572021
2525 0.4988027782991179
1000 0.1990644322997569
3630 0.2559655582521474
3201 0.14723234663078877
3621 0.8672816660406262
1342 0.7529360331597289
1978 0.5225418887443656
2354 0.4198814973193944
3607 1.6150441277595906E-4
3528 0.16542794716191844
2713 0.5243007436524669
1104 0.34793621458242996
3122 0.1542239902815986
2298 0.01869889400862368
1453 0.8036205134032781
2489 0.3783176598244764
1882 0.32012487003040935
1620 0.3753882737415062
1108 0.7898232782964547
1061 0.31146260851229357
730 0.1136093667574345
925 0.8735229449797429
2420 0.7883124322673064
3448 0.046830237159884325
3697 0.2618581726960372
549 0.21870020260524814
1686 0.6836621799297815
2873 0.8329620219327333
2393 0.730259465236351
711 0.09463495495373897
1394 0.8756352113417007
3611 0.19375402291188704
3653 0.7361006825208538
687 0.8492225682623503
150 0.255384212930189
158 0.783006395369091
1822 0.6179263773067437
924 0.0948044663332499
1140 0.1150067555490234
538 0.14057990700634448
923 0.15267926893473527
1178 0.4753175776301415
441 0.258183658500165
690 0.7023026958335988
1370 0.2489681899613263
3519 0.7426916021055371
3689 0.9197393647199102
476 0.6562360396475031
174 0.12645799999299767
267 0.2995938058731237
2808 0.9244554965994767
2373 0.8608107142251854
3318 0.6689742513949677
3331 0.011742367882275229
3056 0.7919205657865037
561 0.670562529820513
628 0.13287796413953457
1941 0.14082439067193053
3794 0.5703222316083133
2198 0.08350085973510757
3079 0.5647122498857193
951 0.7012537078763811
438 0.46277999939862935
528 0.36822506136512423
1099 0.7417449063717785
1208 0.5560539368972638
754 0.7486802590816011
1333 0.7862030558941566
2981 0.08880630942831902
1050 0.5232985444285105
74 0.7768364874651886
23 0.27378042783694556
409 0.7472528610446029
3245 0.4946228904889949
2410 0.8439172063765445
3262 0.49235992438487486
1573 0.6178946106092735
2353 0.271773973169253
3502 0.3463202642715324
2118 0.2539625931393168
396 0.07197779016419359
1380 0.3054748860256872
2276 0.9170475962462455
1677 0.4692662004583279
1346 0.6549309855753167
3662 0.15696164199571194
3442 0.5507072044306666
2505 0.5261008089120307
3096 0.19802140361680198
326 0.013242689518879636
341 0.6559007970587741
1505 0.1687337132888308
3124 0.06282979712972292
3280 0.6697220939912895
788 0.8671451151580447
3422 0.431043194033745
3632 0.6420119123088157
164 0.7466271252079387
615 0.7444223327374746
1316 0.9909348791360018
3068 0.9256690673935575
1496 0.864517883773549
618 0.6831043634795084
1038 0.6827088410620491
2458 0.17255861522864835
2755 0.4625663447114262
3425 0.7192392361255737
1985 0.7395047396911728
3476 0.9799358620128621
358 0.6892586020970278
1420 0.7109064236946283
3150 0.7873772572407621
1273 0.5065314752358963
1992 0.10447472254856649
2251 0.3329981666818026
2613 0.13159913048570326
3293 0.1584317824450906
3831 0.9115226884599398
1825 0.05334167512354193
188 0.2949832456341501
47 0.55245478732625
205 0.8714168398031781
373 0.9886254923319904
912 0.7595006651118653
2362 0.1432004544288572
2907 0.4361443670107611
2013 0.048316933842302845
2451 0.34950959279467686
2504 0.584678800019019
3362 0.35265648562293017
2507 0.6180961252617031
3698 0.4795080707716337
2085 0.09484437600564388
746 0.5394705933503765
2524 0.2534863573586007
3411 0.12396254160210118
1058 0.8946202038678651
1843 0.021638289911417252
269 0.7085335054640532
2585 0.10055949578797108
1092 0.8668869663929378
2519 0.6936356990442293
3268 0.5703679922473583
1412 0.35566923836579845
3252 0.9490192348969712
3372 0.49391634235957127
2259 0.889394436866486
2947 0.9745285050945509
2535 0.6078942312150832
1574 0.8983452354846924
1192 0.33725722880005105
227 0.4182087009373683
229 0.5690947819832354
1837 0.26253130383280354
3078 0.2803628322466716
2077 0.7817398027362907
2188 0.7617437096900543
1740 0.27600789141605186
2379 0.06055825569056483
850 0.5260332068698064
3743 0.32734436107367704
1731 0.12540052289246817
3838 0.3415559821713978
2750 0.1752691705170878
3147 0.9044396143766151
2494 0.857140926956208
1021 0.1000320426613982
343 0.0014570438130673269
1736 0.19159865738702342
2186 0.8793949263712197
3768 0.7716406588282453
2730 0.7165497267311739
3021 0.666006270046338
3253 0.5969549146700562
2009 0.7376541684035733
1067 0.0636376605598552
1956 0.8804898538700742
345 0.44394818084877785
305 0.5034175484576678
327 0.6952186925195238
354 0.5032226053735604
683 0.18427325356419277
805 0.3743475941278186
3755 0.8166418444352641
378 0.4475653097129362
1838 0.5105138715274432
2130 0.16989591982152685
1972 0.3017548936765049
3539 0.09044961669406892
2669 0.9595620500264326
1964 0.5823710007521972
1588 0.13687378938757044
2788 0.6914154847155696
2454 0.5109934644517323
1671 0.193132329467394
824 0.6945424325784647
2128 0.4187377269279109
1188 0.7684532042978159
337 0.41572884456201
2063 0.42931527064579256
3237 0.6830360819502161
1212 0.011691404688952134
3336 0.5863206077256745
1730 0.8916406763252707
950 0.17350272980118842
1189 0.13327450895595994
3667 0.7015143017045897
429 0.8634385568757589
763 0.24047687555890307
2268 0.07457691168945335
2555 0.9232318034451199
3704 0.9173447478540339
2412 0.7867928492818337
2789 0.19949476813933698
2537 0.09291413812535398
2018 0.4512070212198276
599 0.768995517726087
1582 0.8790676964649755
3170 0.7910863647198046
3398 0.7608024361062562
1959 0.4695713912314975
3385 0.6640955995136743
860 0.05685712832496492
3414 0.8596718149083877
2191 0.44010832515775045
3247 0.7515004052807792
593 0.23415419595178044
55 0.3812022127580499
319 0.7977632643480468
1098 0.22092200094764602
1741 0.7803035815659408
1821 0.4846122058683082
339 0.813507038245042
1379 0.002771155657786295
677 0.3209398304943769
3501 0.7464595701955931
975 0.37196468818957107
431 0.2250563084029833
259 0.03396187735812528
1366 0.20468037070948586
3208 0.025868526404077552
706 0.8523438483115451
753 0.015632487575235277
1694 0.27586060745297236
1965 0.7544517868223791
3286 0.8290597233152671
2260 0.06287805601212637
3235 0.02289011197513202
3977 0.9183300341386564
3938 0.35808633790681876
1360 0.6644235288050255
1385 0.23179633338755712
2955 0.3364589405461301
53 0.6719353405158348
