
 0.494
 0.417
 0.473
 0.452
 0.459
 0.458
 0.518
 0.477
 0.486
 0.490
 0.496
 0.504
 0.502
 0.505
 0.491
 0.482
 0.437
 0.507
 0.501
 0.529
 0.458
 0.502
 0.501
 0.474
 0.534
 0.448
 0.523
 0.477
 0.478
 0.471
 0.499
 0.451
 0.477
 0.470
 0.474
 0.517
 0.459
 0.504
 0.438
 0.461
 0.472
 0.542
 0.502
 0.474
 0.511
 0.472
 0.537
 0.525
 0.507
 0.544
 0.497
 0.490
 0.519
 0.505
 0.506
 0.539
 0.492
 0.539
 0.519
 0.491
 0.441
 0.502
 0.511
 0.492
 0.514
 0.543
 0.518
 0.434
 0.511
 0.482
 0.484
 0.499
 0.496
 0.492
 0.495
 0.518
 0.478
 0.459
 0.554
 0.539
 0.515
 0.540
 0.503
 0.461
 0.514
 0.534
 0.471
 0.503
 0.497
 0.438
 0.520
 0.529
 0.472
 0.479
 0.542
 0.504
 0.455
 0.433
 0.534
 0.534
 0.494
 0.492
 0.477
 0.552
 0.443
 0.495
 0.468
 0.484
 0.493
 0.536
 0.488
 0.498
 0.474
 0.489
 0.500
 0.467
 0.450
 0.522
 0.462
 0.527
 0.519
 0.471
 0.479
 0.502
 0.477
 0.545
 0.515
 0.469
 0.494
 0.502
 0.537
 0.497
 0.476
 0.476
 0.485
 0.501
 0.542
 0.526
 0.482
 0.452
 0.491
 0.480
 0.490
 0.459
 0.491
 0.531
 0.552
 0.499
 0.438
 0.556
 0.479
 0.465
 0.500
 0.455
 0.563
 0.498
 0.456
 0.491
 0.493
 0.533
 0.485
 0.452
 0.467
 0.448
 0.451
 0.485
 0.520
 0.545
 0.469
 0.509
 0.517
 0.461
 0.568
 0.481
 0.517
 0.497
 0.535
 0.477
 0.518
 0.480
 0.477
 0.509
 0.486
 0.491
 0.515
 0.490
 0.521
 0.494
 0.537
 0.494
 0.506
 0.505
 0.437
 0.558
 0.504
 0.483
 0.515
 0.467
 0.522
 0.505

