
 0.482
 0.575
 0.617
 0.624
 0.624
 0.624
 0.624
 0.624
 0.624
 0.624
 0.624
 0.624
 0.624
 0.624
 0.624
 0.624
 0.624
 0.624
 0.624
 0.624
 0.624
 0.624
 0.624
 0.624
 0.624
 0.624
 0.624
 0.624
 0.624
 0.624
 0.624
 0.624
 0.624
 0.624
 0.624
 0.624
 0.624
 0.624
 0.624
 0.624
 0.624
 0.624
 0.624
 0.624
 0.624
 0.624
 0.624
 0.624
 0.624
 0.624
 0.624
 0.624
 0.624
 0.624
 0.624
 0.624
 0.624
 0.624
 0.624
 0.624
 0.624
 0.624
 0.624
 0.624
 0.624
 0.624
 0.624
 0.624
 0.624
 0.624
 0.624
 0.624
 0.624
 0.624
 0.624
 0.624
 0.624
 0.624
 0.624
 0.624
 0.624
 0.624
 0.624
 0.624
 0.624
 0.624
 0.624
 0.624
 0.624
 0.624
 0.624
 0.624
 0.624
 0.624
 0.624
 0.624
 0.624
 0.624
 0.624
 0.624
 0.624
 0.624
 0.624
 0.624
 0.624
 0.624
 0.624
 0.624
 0.624
 0.624
 0.624
 0.624
 0.624
 0.624
 0.624
 0.624
 0.624
 0.624
 0.624
 0.624
 0.624
 0.624
 0.624
 0.624
 0.624
 0.624
 0.624
 0.624
 0.624
 0.624
 0.624
 0.624
 0.624
 0.624
 0.624
 0.624
 0.624
 0.624
 0.624
 0.624
 0.624
 0.624
 0.624
 0.624
 0.624
 0.624
 0.624
 0.624
 0.624
 0.624
 0.624
 0.624
 0.624
 0.624
 0.624
 0.624
 0.624
 0.624
 0.624
 0.624
 0.624
 0.624
 0.624
 0.624
 0.624
 0.624
 0.624
 0.624
 0.624
 0.624
 0.624
 0.624
 0.624
 0.624
 0.624
 0.624
 0.624
 0.624
 0.624
 0.624
 0.624
 0.624
 0.624
 0.624
 0.624
 0.624
 0.624
 0.624
 0.624
 0.624
 0.624
 0.624
 0.624
 0.624
 0.624
 0.624
 0.624
 0.624
 0.624
 0.624

