0.42411101985042976 1
0.43093271488244134 1
0.4345673225494754 1
0.43531645634928856 1
0.43884358461395784 1
0.44055730006685373 1
0.4427883105605235 1
0.4477190102191745 1
0.4486665837787033 1
0.45200164051852565 1
0.4543389643552982 1
0.45555265984694143 1
0.4557697701077189 1
0.456951112465905 1
0.45758162915644607 1
0.4595808261993833 1
0.45968774034194354 1
0.46008617633996557 1
0.4613693116757282 1
0.46253466154034895 1
0.46272970277736597 1
0.4628392182816588 1
0.46316321102589386 1
0.463210087456636 1
0.4644195426040722 1
0.4648683906109627 1
0.46558543966544647 1
0.4659064960596612 1
0.46692665738530365 1
0.4674710181159775 1
0.4684114842445935 1
0.46863908559099626 1
0.46892640589404017 1
0.46925152324960273 1
0.4695216902743916 1
0.46955817047235343 1
0.4697959792848225 1
0.4727789378466938 1
0.4733031634202936 1
0.47333106737526476 1
0.47395901172488075 1
0.47403724322205526 1
0.4743731352237394 1
0.4752581621548814 1
0.47656705790246084 1
0.4766074807139682 1
0.4766797413987332 1
0.47702397329246843 1
0.4771455788840887 1
0.47735707429181334 1
0.4774656605223198 1
0.47795681224742315 1
0.478209705746676 1
0.47882070050689934 1
0.479102349582223 1
0.4793433848468085 1
0.47935343602783886 1
0.4799010373188639 1
0.4802258075862118 1
0.48102483700113974 1
0.4811575743355118 1
0.4814264293322657 1
0.4816852584811946 1
0.4822737931429015 1
0.4823346121254838 1
0.4823714552789373 1
0.48300013040771084 1
0.4830411802517823 1
0.48311439722990374 1
0.4836013479534659 1
0.48418332689905663 1
0.4842393232437925 1
0.48444938068754245 1
0.48476318664010487 1
0.4857086339663211 1
0.4860808218453743 1
0.48716111899936365 1
0.4876234380041944 1
0.4877234866750026 1
0.48839662209701684 1
0.4889998970131551 1
0.48935980099845194 1
0.4896513163087214 1
0.48981631464990466 1
0.4906230613872562 1
0.49156891726945173 1
0.4915837122950456 1
0.4918224384809614 1
0.49183212393020403 1
0.4921101610843364 1
0.4927140710337284 1
0.4929208220346088 1
0.493304066349588 1
0.49361421605841754 1
0.4944471590634836 1
0.4945587326446905 1
0.4950892562496423 1
0.49531799190122955 1
0.4956144304783482 1
0.4959875916602663 1
0.49680308327608796 1
0.4968744395685747 1
0.4973401843723362 1
0.4977649419766251 1
0.49796059598562814 1
0.49821978189691185 1
0.49826078228058807 1
0.4986046465931818 1
0.499251266812145 1
0.49998886389745545 1
0.5005888919971 1
0.5013384836464528 1
0.5015933752926701 1
0.5017161956700393 1
0.5019289911570197 1
0.50254257707829 1
0.5025553066320145 1
0.5039363349669421 1
0.5039582753979237 1
0.504083340791449 1
0.5041777416627563 1
0.5042976945483449 1
0.5046786736932902 1
0.5047217933537881 1
0.5048961320501756 1
0.5049980597602555 1
0.5050727325591684 1
0.505715814192082 1
0.5057948074194959 1
0.5080943686812264 1
0.5082243676095658 1
0.5084914991225228 1
0.5087938574049481 1
0.5089439185037139 1
0.5089754193918984 1
0.5090431869370162 1
0.509196196094847 1
0.5093924367271976 1
0.5101533985077807 1
0.5111628781921055 1
0.5113024894147261 1
0.511751965813405 1
0.5128252629331501 1
0.5130474094288715 1
0.513420413461262 1
0.5134974212917827 1
0.5136014336240333 1
0.5140038388478199 1
0.514339983214903 1
0.5144502442752076 1
0.5146963637754203 1
0.5151200135868164 1
0.5153980908226911 1
0.5154954017000108 1
0.5158972184950062 1
0.5159352876792584 1
0.5161326168545406 1
0.5162901860902753 1
0.5173525590208502 1
0.5174380282815768 1
0.5175942191966746 1
0.5178675307808528 1
0.5182020456274128 1
0.5188471677938081 1
0.5197316430344704 1
0.5202295263319493 1
0.5203262190057196 1
0.5205628081286094 1
0.5208039140318792 1
0.5216007541162302 1
0.5220525630642309 1
0.5222051800285152 1
0.5222972162257702 1
0.523624351352828 1
0.5238898066184564 1
0.5258163564646795 1
0.5264162878597858 1
0.5268795765618417 1
0.5269493373431969 1
0.5272962271192696 1
0.5288154326377641 1
0.5299797218100112 1
0.5310823556037554 1
0.5318742213657078 1
0.5324307622252552 1
0.5333594837587472 1
0.5349525090220308 1
0.5351920512861209 1
0.5376368387986418 1
0.5382043351491186 1
0.5384721731316798 1
0.5453646401212948 1
0.5465467771934076 1
0.5496605140214682 1
0.5509581398363668 1
0.552589744572928 1
0.553186571404102 1
0.5537877400323831 1
0.5637442903220744 1
0.5785897677218977 1
