
 0.469
 0.493
 0.504
 0.479
 0.516
 0.508
 0.535
 0.520
 0.532
 0.483
 0.515
 0.454
 0.516
 0.516
 0.508
 0.515
 0.495
 0.529
 0.497
 0.518
 0.518
 0.498
 0.495
 0.492
 0.502
 0.480
 0.470
 0.474
 0.531
 0.431
 0.466
 0.479
 0.515
 0.524
 0.505
 0.514
 0.482
 0.477
 0.514
 0.498
 0.524
 0.481
 0.553
 0.469
 0.492
 0.513
 0.506
 0.464
 0.506
 0.477
 0.469
 0.486
 0.467
 0.538
 0.513
 0.535
 0.485
 0.489
 0.487
 0.484
 0.526
 0.488
 0.488
 0.477
 0.460
 0.486
 0.498
 0.551
 0.435
 0.484
 0.517
 0.481
 0.522
 0.463
 0.518
 0.481
 0.554
 0.514
 0.483
 0.457
 0.504
 0.439
 0.517
 0.522
 0.463
 0.448
 0.474
 0.513
 0.511
 0.492
 0.499
 0.504
 0.519
 0.488
 0.477
 0.538
 0.499
 0.470
 0.547
 0.479
 0.527
 0.491
 0.521
 0.497
 0.489
 0.484
 0.482
 0.502
 0.497
 0.468
 0.463
 0.511
 0.533
 0.478
 0.482
 0.482
 0.509
 0.496
 0.475
 0.509
 0.564
 0.498
 0.508
 0.474
 0.441
 0.473
 0.463
 0.515
 0.550
 0.473
 0.509
 0.545
 0.495
 0.532
 0.538
 0.505
 0.493
 0.452
 0.424
 0.527
 0.505
 0.456
 0.527
 0.435
 0.512
 0.478
 0.505
 0.480
 0.449
 0.521
 0.493
 0.477
 0.456
 0.501
 0.460
 0.467
 0.510
 0.477
 0.503
 0.496
 0.520
 0.504
 0.501
 0.504
 0.500
 0.503
 0.492
 0.553
 0.461
 0.526
 0.490
 0.494
 0.473
 0.509
 0.513
 0.522
 0.483
 0.579
 0.492
 0.490
 0.494
 0.509
 0.505
 0.522
 0.470
 0.465
 0.530
 0.458
 0.479
 0.463
 0.514
 0.520
 0.477
 0.509
 0.516
 0.460
 0.502
 0.443
 0.484
 0.466

