0 34
0 55
1 33
0 34
1 45
1 47
1 40
1 40
0 37
0 45
1 33
1 43
1 36
1 43
0 34
1 34
1 48
0 44
0 46
1 35
0 43
0 43
0 41
0 43
1 37
1 34
1 42
1 44
1 28
0 50
0 46
0 43
0 38
0 42
0 36
1 35
1 43
1 39
1 36
1 48
1 46
1 37
1 49
1 50
1 36
0 42
0 53
0 48
0 38
0 44
1 49
1 39
0 41
0 45
1 35
0 28
1 48
0 45
1 42
0 34
1 42
1 44
1 47
1 53
0 36
1 47
1 38
0 41
1 34
1 38
0 35
0 45
1 42
1 41
0 42
0 33
1 37
0 41
1 37
0 48
1 47
1 65
1 43
1 49
0 69
1 37
0 38
1 34
1 41
0 43
1 29
1 51
0 48
0 37
0 44
0 37
1 45
1 46
1 33
1 45
1 44
0 40
1 38
1 42
1 44
0 45
1 46
1 51
1 40
1 35
0 36
1 45
0 45
1 42
1 47
0 38
0 49
1 46
0 47
1 43
0 39
0 42
1 31
1 34
1 42
1 41
0 48
0 34
1 34
0 38
0 41
1 45
0 43
1 47
1 53
1 55
1 29
1 44
0 41
1 33
0 32
1 47
1 47
0 48
0 52
1 44
1 64
0 37
1 40
1 39
0 44
1 40
0 36
0 50
1 33
1 33
0 46
1 43
1 33
0 40
1 39
0 34
1 46
0 48
0 37
1 36
1 39
0 49
0 40
1 49
0 47
1 50
1 43
1 45
1 39
1 48
1 44
1 48
0 35
1 52
0 43
0 40
1 29
1 34
0 40
1 45
1 50
1 39
0 36
0 45
0 43
0 46
0 37
1 47
0 44
0 51
1 40
1 45
0 49
0 35
