0.6495652228729853 1
0.6507385142935885 1
0.6525294663370269 1
0.6532713370515194 1
0.6536252656360151 1
0.6564434579369771 1
0.6571555820163497 1
0.6573947639252374 1
0.659334290100873 1
0.664467391691839 1
0.6644825866278475 1
0.667105887114472 1
0.6679711821196846 1
0.6689717796316126 1
0.6696105136991792 1
0.6714713303689795 1
0.6715664016969016 1
0.6717698328418438 1
0.6731962161946781 1
0.679007093009904 1
0.6801186900710188 1
0.6804962526052121 1
0.6822166921544367 1
0.6833204663097575 1
0.6836530653671108 1
0.6845753493847426 1
0.6858670123879176 1
0.6895012950243695 1
0.6962375515070705 1
0.698554157351415 1
0.6988455702037417 1
0.7029493609070735 1
0.705492395265821 1
0.7091627233117265 1
0.7106381557750189 1
0.7111869580799266 1
0.7124580079807697 1
0.7130637042044714 1
0.7177046320900405 1
0.7182988836985693 1
0.7201986122962336 1
0.7203739728880548 1
0.7204937722749816 1
0.7204941240639551 1
0.7210746354918086 1
0.7219275057554881 1
0.7249672975646163 1
0.7277969125750393 1
0.7283654983699178 1
0.7308572042989486 1
0.7333328907217058 1
0.7414245621485216 1
0.7423539576892331 1
0.7434424237241647 1
0.7438994240073538 1
0.7440717319918524 1
0.7455013846508898 1
0.7461235813954977 1
0.7482781083339785 1
0.7523367051955581 1
0.7523824849998125 1
0.755882285888028 1
0.7597073407511901 1
0.7616944650937367 1
0.7630732671432754 1
0.7642037670863503 1
0.7649633675243187 1
0.7666504096359372 1
0.769194177279941 1
0.7713406208054933 1
0.7728919694441236 1
0.7730276629171119 1
0.7752684868570435 1
0.7754685144248576 1
0.7775701550781002 1
0.7819239981581698 1
0.782036560604975 1
0.7837454132615386 1
0.7840319901014274 1
0.7867610070610087 1
0.788965763688945 1
0.7906328136182748 1
0.7929560537796835 1
0.7930444045507994 1
0.7932738488704714 1
0.796326057181452 1
0.798970947702354 1
0.7993624845939213 1
0.7995800083227145 1
0.800225001168148 1
0.8010250764284281 1
0.8023654013812341 1
0.8026809002891477 1
0.8050038968038674 1
0.8053586718611705 1
0.8075217463667667 1
0.808797389866838 1
0.811214963025646 1
0.8113094483878963 1
0.8117035251090268 1
0.8130255343758556 1
0.8138667214229387 1
0.8147417676865685 1
0.8149572326036004 1
0.8155634098451041 1
0.8156746530409806 1
0.8219502057224356 1
0.8221347084678097 1
0.824129768900531 1
0.8244650551102017 1
0.8246206271667853 1
0.8247330858992007 1
0.8256914983652743 1
0.8257009060743983 1
0.8276236744164074 1
0.8292004683580206 1
0.8310914324866286 1
0.8332407444915255 1
0.8341228803725227 1
0.8359752881740268 1
0.8401990083122817 1
0.841187550146408 1
0.8440865957680588 1
0.8455275880975693 1
0.8468677912420597 1
0.8480434837934078 1
0.8485345857063514 1
0.8494904802485739 1
0.8504673439082002 1
0.8529282432280075 1
0.8533792870526759 1
0.8542121482736212 1
0.8571357746346929 1
0.8576839909770985 1
0.8593185072163877 1
0.8593568150846541 1
0.8599074456064631 1
0.8605972546028127 1
0.8607867063482847 1
0.8611828368359103 1
0.8634146004309676 1
0.8640211212217644 1
0.8643697616879336 1
0.8654390738037605 1
0.8662483131233053 1
0.86678362690079 1
0.8670082571105665 1
0.8670704671366125 1
0.8675752631505513 1
0.8675793608324663 1
0.8679357462043674 1
0.8686824176399882 1
0.8688829713711586 1
0.8691733853858277 1
0.87062316027515 1
0.8728443006277153 1
0.8730641145742982 1
0.8735694135085815 1
0.8737077941338874 1
0.8737675615772929 1
0.8740722155017373 1
0.8755164590403556 1
0.8757325099198896 1
0.8759130222026447 1
0.8759145631945507 1
0.8762674537106547 1
0.8767373536699661 1
0.8768934974842876 1
0.8770339220250137 1
0.8778427497028833 1
0.8780986646006224 1
0.8784411536152114 1
0.878522740224327 1
0.8786655401782987 1
0.8789259603324905 1
0.8790333155466584 1
0.8794848998199918 1
0.879569344090465 1
0.8797361451044579 1
0.8797831668826775 1
0.8798489776353787 1
0.880142364154275 1
0.8803993390261179 1
0.8809975486947543 1
0.8811609436571327 1
0.8813123626605498 1
0.8814191378773003 1
0.8815027477264339 1
0.8815032109307446 1
0.8815720168133129 1
0.8823177427965107 1
0.8823210473940233 1
0.8825062350846852 1
0.8826625279939739 1
0.8831544945774708 1
0.8831831742322859 1
0.8831996884192235 1
0.8832489303662725 1
0.8833797047846652 1
0.8839290198673321 1
0.8841158063630286 1
0.8841696514862868 1
0.8844492614701696 1
0.8847274017708561 1
0.8849389201405137 1
0.8853362502272201 1
0.8853714227264402 1
0.8855249372015729 1
0.8855366328538905 1
0.8856605393927226 1
0.8857064588219543 1
0.8859204636327708 1
0.8860057143293194 1
0.8860536172761957 1
0.886146804062919 1
0.8863015296466962 1
0.886457756994815 1
0.8867905749043468 1
0.8868922914415245 1
0.8869710455289755 1
0.8871116431099546 1
0.8871430602430729 1
0.8871488512849139 1
0.8871512883230751 1
0.8871948696905915 1
0.8872050201549624 1
0.8873958960960632 1
0.8873970836405068 1
0.8874503767584419 1
0.8875632805980722 1
0.8876306453945078 1
0.8876603920296275 1
0.8876888499402956 1
0.8877230988928049 1
0.8878007274449824 1
0.8878573690931525 1
0.8878908351837873 1
0.8879637305117598 1
0.888002073337567 1
0.8880130220354271 1
0.8880562839158302 1
0.8880602778833547 1
0.888116309391884 1
0.8882073278872619 1
0.8882592241855556 1
0.8883727766161352 1
0.8883874806800967 1
0.8884074918824685 1
0.888505439387513 1
0.8885199178987109 1
0.8887221929819024 1
0.888986889947814 1
0.8889994196372171 1
0.8890849738834212 1
0.8890936928354709 1
0.8891146473306277 1
0.8891547824186038 1
0.8891728518764155 1
0.8893507568326843 1
0.8894543661507412 1
0.8896322351964234 1
0.889637306001667 1
0.8897226674081101 1
0.8897523863723238 1
0.8897572185729749 1
0.8897894917558807 1
0.8897991380664274 1
0.8898461553097629 1
0.8898748337310982 1
0.889884094117468 1
0.8898890517351612 1
0.8899699050590205 1
0.8900016141819661 1
0.8901091102514215 1
0.8901352538852896 1
0.8901803668413519 1
0.8902044735691709 1
0.8902624176078239 1
0.89034820087847 1
0.8903527725719865 1
0.8903800012832547 1
0.8904036269932716 1
0.8904361933963152 1
0.8906833578593124 1
0.8908614655095873 1
0.8909181071577568 1
0.890952979645014 1
0.8909668859036654 1
0.8910824790520807 1
0.8912046878094328 1
0.8912674503827052 1
0.8912750565896183 1
0.8913704160955815 1
0.8914332938928082 1
0.8914343707305273 1
0.8914407658287965 1
0.8915528886386613 1
0.8915654925099997 1
0.8915904469409357 1
0.8917654287959749 1
0.8918484745883178 1
0.8918754427892811 1
0.8919049409216393 1
0.8919719857329828 1
0.8920050112512861 1
0.8920180537152785 1
0.8920583641181031 1
0.8920597428438193 1
0.892093014864383 1
0.8921257607184202 1
0.8921866855577073 1
0.8922779779553268 1
0.8923130712273454 1
0.8923570259651885 1
0.8924011321619314 1
0.8924958380348484 1
0.8924997247862468 1
0.8925283156337097 1
0.8925322539414035 1
0.8925640362522621 1
0.8926729502279034 1
0.8926760404043012 1
0.8926836233682025 1
0.8927207602344525 1
0.8927288990186334 1
0.8927458954536828 1
0.8927659264021288 1
0.8928157819857562 1
0.8928584579004877 1
0.8928729364116856 1
0.8929975434410405 1
0.8929982271528486 1
0.8930411950574075 1
0.8930821388460549 1
0.8930921522669252 1
0.8931514336504321 1
0.8931723168368797 1
0.8931940958991318 1
0.8932335301817359 1
0.8932437822040293 1
0.893260618034547 1
0.8932685541247217 1
0.8932791773672144 1
0.8935096985214357 1
0.8935329768703734 1
0.8935520308868736 1
0.893566010286344 1
0.893584285547676 1
0.8936640986498453 1
0.893683130760634 1
0.8937143671054584 1
0.8937509816169684 1
0.8937736303950398 1
0.8938378782501231 1
0.8938635440637737 1
0.8938650850556792 1
0.8938938349593449 1
0.8939293548164748 1
0.893980187332048 1
0.8940725445095802 1
0.8940886470516718 1
0.8940914254858275 1
0.8941389155072847 1
0.8941471121077643 1
0.894149367865992 1
0.8941585516776711 1
0.894177111010338 1
0.8942073304235792 1
0.8942085678658296 1
0.8942278522440725 1
0.894378641676624 1
0.894431771605381 1
0.8944400440462846 1
0.8944797111651174 1
0.8944855022069583 1
0.89451779348062 1
0.8945550550408146 1
0.8945986687101913 1
0.8946244964656729 1
0.894743404434129 1
0.894830539671876 1
0.8948916540371167 1
0.8948942878010293 1
0.8949198281976376 1
0.8949274124988391 1
0.8949585356561127 1
0.8949924213132543 1
0.895014786338009 1
0.8950353813464156 1
0.8950747011041688 1
0.895104700006743 1
0.8951104910485839 1
0.8951338644911467 1
0.8951951996411485 1
0.8951966493512158 1
0.8951999918453324 1
0.8952083494314275 1
0.895260404682103 1
0.8953108659774773 1
0.8953132970473839 1
0.8953723080224171 1
0.8954088411534278 1
0.8954258909768816 1
0.8954467662480073 1
0.8955580895940733 1
0.8956113172689666 1
0.8956128801665844 1
0.8956225264771313 1
0.8956631486221971 1
0.8957166901958 1
0.8957659598137555 1
0.8957726765556053 1
0.8957726984613171 1
0.895805948576169 1
0.8958107626828945 1
0.8958245079088362 1
0.895825493464717 1
0.8958303988532808 1
0.8958631761900112 1
0.8959279187289282 1
0.8959673393455005 1
0.8960105974109475 1
0.8960666292374956 1
0.8960778165399479 1
0.8961159207611625 1
0.8961371255911912 1
0.8961446487591165 1
0.8961474825613547 1
0.8961834793033111 1
0.8961982237950887 1
0.8962188368974211 1
0.896228461302256 1
0.8962818832240107 1
0.8962993247662755 1
0.8963676664946568 1
0.8963788537971092 1
0.896388916794598 1
0.8964612700185864 1
0.896480228941462 2
0.8964897279292545 1
0.8965153024610664 1
0.896532936096895 1
0.8965610822653209 1
0.8966263932920921 1
0.8966446822162848 1
0.8966614982943891 1
0.8966685783347761 1
0.8967018284496278 1
0.896701828449628 1
0.8967290352551839 1
0.8967400751846182 1
0.8968265551308311 1
0.8968410336420292 1
0.8968827326248142 1
0.8969012919574816 1
0.8969315332764347 1
0.8969632423993806 1
0.8969843196558992 1
0.897012070721907 1
0.8970821780387425 1
0.8971365273158248 1
0.8972161097350638 1
0.8972190689543438 1
0.8972571731755589 1
0.8972577372355189 1
0.8972731926786622 1
0.897317904269133 1
0.8974224192135959 1
0.8974375645729862 1
0.897439618342651 1
0.8974772316918189 1
0.8974892572273977 1
0.8975138919681607 1
0.8975290411393376 1
0.8975597733303381 1
0.8975836376449478 1
0.8975867596252268 1
0.8976073546336335 1
0.8976306367975275 1
0.8976318424327266 1
0.8976782361915784 1
0.8976787089697001 1
0.8976814874038562 1
0.8976908951098105 1
0.897694489871381 1
0.8977401647277656 1
0.8977486135956996 1
0.8978118845188368 1
0.897855267004134 1
0.8978717773792849 1
0.8978749031745202 1
0.8978812763670772 1
0.8978923723876912 1
0.8979647949375418 1
0.8979843398260898 1
0.8980583567562512 1
0.8980879806268394 1
0.8980973883327933 1
0.8980997401818387 1
0.8981072732479327 1
0.8981187623944578 1
0.8981883569335344 1
0.8982244986669228 2
0.8982325820798518 1
0.898305499313536 1
0.8983669550716016 1
0.8983889201378648 1
0.8983961096578361 1
0.8984145363748971 1
0.8984577069734617 1
0.8984623183893512 1
0.8985149345873037 1
0.8985176217396215 1
0.8985271207274141 1
0.8985476206421953 1
0.8985491616341015 1
0.8985507245317192 1
0.8985652030429169 1
0.8985980118623396 1
0.8986647630221973 1
0.8986723473233986 1
0.8986802834135734 1
0.8986924695536835 1
0.898697893485201 1
0.8987155955377706 1
0.8987295749372408 1
0.8987321147668043 1
0.8987486251419549 1
0.8987836986615589 1
0.898797403887863 1
0.8988100809000206 1
0.8988185116740287 1
0.8988210295978802 1
0.8988391247763607 1
0.898840574486428 1
0.8989045700740568 1
0.8989402257475468 1
0.8990718203051405 1
0.8990908705098548 1
0.8991266823599818 1
0.8991294108963312 1
0.8991441515731526 1
0.8991536505609453 1
0.8991597215411474 1
0.899163296871492 1
0.8991823470762063 1
0.8992023561189404 1
0.8992316700825664 1
0.899253210540226 1
0.8992592319438093 1
0.8992674285442886 1
0.8993024801581809 1
0.8993109290261151 1
0.8993421253713016 1
0.8993657510813187 1
0.8994028783705881 1
0.899430584902074 1
0.8994643341286532 1
0.8994658751205594 1
0.8994753009204388 1
0.8995049562737196 1
0.8995222087911796 1
0.8995255693760517 1
0.8995431517767731 1
0.899543624554895 1
0.8995482181541231 1
0.8995482181541233 1
0.8995603823885213 1
0.8995702809665223 1
0.8995878633672438 1
0.8995984647040242 1
0.899598486609736 1
0.8995984866097363 1
0.8996889643384298 1
0.8996995875809223 1
0.8997108244599927 1
0.8997116131165012 1
0.8997206734613757 1
0.8997232132909392 1
0.8997497173377162 1
0.8997589201963665 1
0.8997788780071635 1
0.8997994730155702 1
0.8998200861179022 1
0.899825152495252 1
0.8998281695308309 1
0.8998567381513936 1
0.8998728811213015 1
0.8998743441131457 1
0.899895177726145 1
0.8999286883513016 1
0.8999310856670892 1
0.8999316716327614 1
0.8999519192800887 1
0.9000200224038774 1
0.9000635741208104 1
0.9000830191538486 1
0.9001049842201119 1
0.9001704148987308 1
0.9001875477643431 1
0.900244309064361 1
0.9002603285674644 1
0.9002758708645527 1
0.9002839542774815 1
0.9003091209794044 1
0.9003347867930546 1
0.9003396189937058 1
0.9003648076013405 1
0.9004010966574834 1
0.9004061630348333 1
0.9004423560033288 1
0.9004483261718054 1
0.9004663994445739 1
0.9004898241190736 1
0.9005358446812192 1
0.9005398027381568 2
0.9005410497573876 1
0.9005470418347464 1
0.9005532824116972 1
0.9005738955140289 1
0.9005769081217138 1
0.9005784710193319 1
0.9006261996453813 1
0.900626833031204 1
0.9006668217904477 1
0.9007080299011863 1
0.9007371991945686 1
0.9007682701227132 1
0.9007817717019654 1
0.9007954037403565 1
0.9008508298551579 1
0.9008584223960396 1
0.9008698619659468 1
0.9008778199618332 2
0.9009016842764429 1
0.9009176124977081 1
0.9009437561315766 1
0.9009680037178525 1
0.9009740155444556 1
0.9009773580354018 1
0.900984991913221 1
0.9010512522010314 1
0.9010624395034842 1
0.9010911360187451 1
0.9011015206566445 1
0.9011041384862699 1
0.9011437836993903 2
0.9011559698395005 1
0.9011813970485584 1
0.9012609260793925 1
0.9013146980147374 1
0.9013226341049122 1
0.901339097965864 1
0.9013600365235632 1
0.9013744654581427 1
0.9013775693476667 1
0.9013783207268484 1
0.9013890308232853 1
0.9013962760030875 1
0.9013971142362145 1
0.9014083015386665 1
0.901409517072035 1
0.9014192365234011 1
0.9014301301743671 1
0.9014337662697056 1
0.9014634021949307 1
0.9014900449405269 1
0.9015049001421993 1
0.9015865659785162 1
0.9015931815874526 1
0.9015949967525246 1
0.9016092147565874 1
0.9016171508467624 1
0.9016252342596911 1
0.9016252342596913 1
0.9017589235396329 1
0.9017809586811261 1
0.9017876238666805 1
0.9018196269623013 1
0.9018317911966992 1
0.90184630119059 1
0.9018673555883506 1
0.9018854421428963 1
0.9018865008866902 1
0.9019191650358696 1
0.9019232954339568 1
0.9019494244487481 1
0.9019588321547021 1
0.9019707342234767 1
0.9020236936463638 1
0.9020302777726071 1
0.9020317274826745 2
0.9020363074158712 1
0.9020518773838654 1
0.9020637883945939 1
0.9020663282241572 1
0.9020890145713041 1
0.902111792150025 1
0.9021241809809715 1
0.9021387507740078 1
0.9021488698626763 1
0.9021749304575566 1
0.9022517859989346 1
0.9022548898884586 1
0.9022929941096733 1
0.9023196368552691 1
0.9023322919617143 1
0.9023449361727982 1
0.9023528869701208 1
0.9023765126801377 1
0.9023935091151871 1
0.9024153415658439 1
0.9024243226866868 1
0.9024664263488714 1
0.9024860625192579 1
0.9024865485791564 1
0.9024936550601397 1
0.9025050946300461 1
0.9025226770307679 1
0.9025236539627134 1
0.9025257077323784 1
0.9025281426172417 1
0.9025459553797053 1
0.9025472796727304 1
0.9025749992560458 1
0.9026026227485441 1
0.9026061956012328 1
0.9026222370100484 1
0.9026332038018334 1
0.9026761002272319 1
0.9026839450355681 1
0.9026981630396312 1
0.9027002119971475 1
0.902737317380705 1
0.9027538496615672 1
0.9027563675854189 1
0.9027739499861402 1
0.9027866365752782 1
0.9027904641730778 1
0.9027929721987601 1
0.9027977230189116 1
0.9028056591090864 1
0.9028056591090865 1
0.9028075337489458 1
0.9028102841910071 1
0.9028405216981742 1
0.9028453043222069 1
0.9028643583387078 1
0.9029278678664382 1
0.9029367808885584 1
0.902944868116444 1
0.9029514716707429 1
0.9029594296666298 1
0.9029733635961874 1
0.902981492479029 1
0.9029991025506565 1
0.9030193225270776 1
0.9030477804377458 1
0.903078021756699 1
0.9030785721035335 1
0.9030971034441057 1
0.9031092361958112 1
0.903114302573161 1
0.9031634744449805 1
0.9031730711789089 1
0.9031772381898562 1
0.9031791723045033 1
0.9031811764975499 1
0.9031821534294955 1
0.9031875496901067 1
0.9031916524172882 1
0.903211175400124 1
0.9032192588130527 1
0.9032233396345221 1
0.9032378181457197 1
0.9032614438557368 1
0.9032629848476428 1
0.9032790262564583 2
0.9032800031884043 1
0.9032826722499661 1
0.903303628898421 1
0.90331227637131 1
0.9033132533032557 1
0.9033359239870391 1
0.9033615898006895 1
0.903365950560519 1
0.9033679629932462 1
0.9034248388181151 1
0.9034370249582251 1
0.9034378495253201 1
0.9034433981507823 1
0.9034686144293231 1
0.9034815023719969 1
0.9034854683505968 1
0.9034911267768319 1
0.9035066690739199 1
0.9035214176724031 1
0.9035259616950132 1
0.9035383781968658 1
0.9035543976999691 1
0.903564044010516 1
0.9035716861280162 1
0.9035719801006907 1
0.9035719801006908 1
0.9035753858342871 1
0.9035830942152302 1
0.9036062290532001 1
0.9036319680076694 1
0.903652980747304 1
0.9036563963790697 1
0.9036766064573211 1
0.9036806872787904 1
0.9036845425474961 1
0.9036855194794414 1
0.9036951657899883 1
0.9037091451894586 1
0.9037385701809971 1
0.9037414266120447 1
0.9037744562162292 1
0.9037911310108682 1
0.9037980819262467 1
0.9038077559076995 1
0.903817402218246 1
0.9038199420478095 1
0.90382797588412 1
0.9038388596369176 1
0.9038459018341345 1
0.9038489144418197 1
0.9038755571874159 1
0.9038776109570805 1
0.9039077523702599 1
0.9039152024005364 1
0.9039962030471496 1
0.9039977659447674 1
0.9040002838686185 1
0.9040090225730825 1
0.9040277648473414 1
0.9040740752460166 1
0.9040901876391834 1
0.9041192414136927 1
0.9041263478946763 1
0.9041273248266215 1
0.9041288658185276 1
0.90413181348115 1
0.9041388775840795 1
0.9041458841592888 1
0.9041525134342564 1
0.9041644302101788 1
0.9042106960743322 1
0.9042308269285522 1
0.9043313419340663 1
0.9043616328296378 1
0.9043761667120875 1
0.9043857911169221 1
0.9044004121418956 1
0.9044012465600655 1
0.9044238734324249 1
0.9044509328649629 1
0.9044569112762898 1
0.9044690974164 1
0.9044927012207051 1
0.9044947864730628 1
0.9045011319947132 1
0.9045074139086018 1
0.9045414324993689 1
0.9045419927443724 1
0.9045475451816207 1
0.9045489932363694 1
0.9045516390549192 1
0.9045973275773354 1
0.9046052636675099 1
0.9046283985054799 1
0.9046387742894967 1
0.9046464717782485 1
0.9046504613178792 1
0.9046545551911772 1
0.9046735873019661 1
0.9047175738468606 1
0.9047607721163317 1
0.9047831371410859 1
0.904790862297574 1
0.9048067628511034 1
0.904858594204334 1
0.9048894689091103 1
0.904890281421568 1
0.9048966765198369 1
0.9049047599327656 1
0.9049395729452353 1
0.9049660683680769 1
0.9049792181583559 2
0.9049986532932249 1
0.9050198403034223 1
0.9050264740062838 1
0.9050269320772576 1
0.9050511994127776 1
0.9050585085845972 1
0.9050677135997149 1
0.9050707223956134 1
0.9050796077468278 1
0.9050882552197167 1
0.90509310932608 1
0.905105764432525 1
0.9051087770402103 1
0.9051103399378281 1
0.9051170051233823 1
0.9051512321701796 1
0.9051515261428545 1
0.9051639689783129 1
0.9051685444836157 1
0.9051992766746157 1
0.905221801985883 1
0.9052549413908403 1
0.9052745091413157 1
0.9052891903433498 1
0.9053101565719551 1
0.9053138012281629 1
0.9053278586245246 1
0.9053278586245247 1
0.9053303765483761 1
0.9053316454733192 1
0.9053409997908685 1
0.9053506956780331 1
0.9053522366699391 1
0.9053610071782842 1
0.9053675038376454 1
0.905373427495093 1
0.9053776323963042 1
0.9053806450039892 2
0.9053860313664311 1
0.9053860631703123 1
0.9053902913145356 1
0.9054002811743753 1
0.905410904416868 1
0.9054137697017989 1
0.9054218531147273 1
0.9054319902973215 1
0.9054653217926726 1
0.905471144638395 1
0.9054906676212308 1
0.9054932074507943 1
0.9055107898515158 1
0.9055268093546194 1
0.9055334386295871 1
0.9055465797959308 1
0.905551411996582 1
0.9055564548097312 1
0.9055710481669683 1
0.9055727364816281 1
0.9055846840171455 1
0.9055862250090514 1
0.9056217894007031 1
0.9056409346990424 1
0.9056549417694185 1
0.905660274740286 1
0.9056628925667412 1
0.9056629975114414 1
0.9056710809243702 1
0.9057203724480375 1
0.9057228903718891 1
0.9057265070391718 1
0.9057283085382126 1
0.9057600176611582 1
0.90577528578508 1
0.9057892002363178 1
0.9058022027038423 1
0.9058037656014603 1
0.905811827108677 1
0.9058122301327576 1
0.9058164207079052 1
0.9058379926482574 1
0.9058476389588043 1
0.905854012151361 1
0.905854503023408 1
0.9058549890833066 1
0.9058586652253768 1
0.905881874248452 1
0.9058872622662129 1
0.9058890856741354 1
0.9059053574446934 1
0.9059139269175206 1
0.9059429488881494 1
0.9059614169421476 1
0.9059640347686027 1
0.9059710632526944 1
0.9059787388325643 1
0.9059805584255304 1
0.9059968340110448 1
0.9059974712086541 1
0.9060148891898878 1
0.9060318856249374 1
0.9060390467246349 1
0.9060474279220254 1
0.9060509358296513 1
0.9060609295012774 1
0.9060667482140251 1
0.9060740706676217 1
0.9060811771486046 1
0.9060887833555181 1
0.9061073207824729 1
0.9061439533879088 1
0.9061444480717422 1
0.9061469659955935 1
0.9061490197652585 1
0.9061650611740742 1
0.9061710908173382 1
0.9061756625108544 1
0.9061942218435216 1
0.9062089345314184 1
0.9062201218338708 1
0.9062389334339923 1
0.9062456221837475 1
0.9062501207364447 1
0.9062877340856125 1
0.9063003891920576 1
0.9063214750725112 1
0.9063230379701291 1
0.9063415973027964 1
0.9063464609861401 1
0.9063467826297209 1
0.9063560758139941 1
0.9063612016661311 1
0.9063906778927767 1
0.9064012734643633 1
0.906410576228787 1
0.9064305340395842 1
0.9064379060697987 1
0.9064404326175852 1
0.9064435860837269 1
0.9064516199200378 1
0.9064589919502523 1
0.9064640446615706 1
0.906468616355087 1
0.9064686382607989 1
0.9064782626656336 1
0.9064892332692057 1
0.9065112960816047 1
0.9065125116181433 1
0.9065194707763722 1
0.9065293693543733 1
0.9065415335887714 2
0.9065593959278534 1
0.9065732427117174 1
0.9065746582865808 1
0.9065837186314556 1
0.9065887894366993 1
0.9066304703255592 1
0.9066320332231774 1
0.9066330101551229 1
0.9066451743895209 1
0.9066490296582264 1
0.9066701155386804 1
0.9066807387811723 1
0.9066886748713471 1
0.9066886748713475 1
0.9066983211818938 1
0.906701333789579 1
0.906705927388807 1
0.9067134980239772 1
0.906740533895484 1
0.9067567599043801 1
0.9067616197759378 1
0.9067737563394296 1
0.9067737563394297 1
0.9067852178150485 1
0.9067868083835723 1
0.9067958687284471 1
0.9068118605606447 1
0.9068124246206046 1
0.9068158265392444 1
0.9068360503306218 1
0.9068505288418197 1
0.9068781304286057 1
0.906884755888617 1
0.9068863187862349 1
0.9068942767821214 1
0.9069023878659566 1
0.9069259639993552 1
0.9069269409313009 1
0.9069340474122843 1
0.9069356103099021 1
0.9069419835024588 1
0.9069419835024591 1
0.9069429642493609 1
0.9069435464000768 1
0.906946636576475 1
0.9069576731223015 1
0.9069589700393393 1
0.906973692625405 1
0.9070149007361433 1
0.907015877668089 1
0.9070164636337611 1
0.9070561088468821 1
0.9070626293621928 1
0.9070731052819313 1
0.9070842193964705 1
0.90708625507221 1
0.9071022745753136 1
0.9071063773024948 1
0.9071084310721599 1
0.907120833907981 1
0.9071274631829486 1
0.9071460225156155 1
0.9071465133876626 1
0.9071566238523959 1
0.9071762600227821 1
0.9071777316385612 1
0.9072173768516819 1
0.9072173768516822 1
0.9072333963547858 2
0.9072661736915159 1
0.9072666683753495 1
0.9072691862992008 1
0.9072767969340083 1
0.9072788326097477 1
0.9072826878784531 1
0.9072842288703589 1
0.9073345469025902 1
0.9073390909252004 1
0.9073581230359891 1
0.907360176805654 1
0.9073693322441535 1
0.907377173240703 1
0.9073841836308693 1
0.9073882545541693 1
0.9073967913171641 1
0.9074074145596562 1
0.9074074145596565 1
0.9074089555515623 1
0.9074099324835078 1
0.9074235072035789 1
0.9074280276619882 1
0.9074295686538939 1
0.907435963752163 1
0.9074369406841086 1
0.9074470597727771 1
0.9074495996023403 1
0.9074495996023404 1
0.907462840674458 1
0.9074691225851762 1
0.9074732034066454 1
0.9074867049858976 1
0.9074973282283899 1
0.9075118935935323 1
0.907514433423096 1
0.9075240578279307 1
0.9075304529261997 1
0.9075503471292344 1
0.9075580593219644 1
0.9075591313475349 1
0.9075596222195821 1
0.9075786724242961 1
0.9075791584841949 1
0.9075802353219141 1
0.9075903953632654 1
0.9075908366586941 1
0.9076093959913614 1
0.9076114535728128 1
0.9076281064617394 1
0.9076320447694327 1
0.9076336076670509 1
0.9076369084527768 1
0.9076480642725363 1
0.9076510768802213 1
0.9076526397778393 1
0.9076793321000532 1
0.9077033991054995 1
0.9077046184538243 1
0.9077159602775953 1
0.9077582513092658 1
0.9077606267193414 1
0.907761603651287 1
0.9077621896169592 1
0.9077727909537395 1
0.9077954397318112 1
0.90780183483008 1
0.9078028117620256 1
0.9078360837825895 1
0.9078475096864644 1
0.9078515173200208 1
0.9078678304746106 1
0.9078723509330198 1
0.9078741660980921 1
0.9078879209010141 1
0.9079028445194274 1
0.9079028445194277 1
0.9079369461491826 1
0.9079590366324881 1
0.9079727272397149 1
0.90797378555216 1
0.9079742901373328 2
0.9079857516129516 1
0.9079917812562158 1
0.9079963529497319 1
0.9080039950672318 1
0.9080046007821484 1
0.9080245585929455 1
0.9080315590849426 1
0.9080860362567232 1
0.9080954716335835 1
0.9081054119168048 1
0.9081055592395589 1
0.908127474729204 1
0.9081350672700857 1
0.9081371210397506 1
0.9081547034404722 1
0.9081637637853467 1
0.9081668676748704 1
0.9081692134343626 1
0.9081747124832065 1
0.9081767662528715 1
0.9081873894953635 1
0.9082017302639578 1
0.9082034089984671 1
0.9082049499903729 1
0.9082065128879911 1
0.908214357696327 1
0.9082164114659919 1
0.9082188463508554 1
0.908238222010937 1
0.9082481205889379 1
0.9082555658070656 1
0.908259793951289 1
0.9082672439815653 1
0.9082778672240576 1
0.9082826994247086 1
0.9083200522667418 1
0.908323907535447 1
0.9083239075354471 1
0.9083468461500485 1
0.9083492215601241 1
0.9083507844577419 1
0.9083581345822445 1
0.9083645115897577 1
0.9083677808927909 1
0.908375716982966 1
0.9083842950797287 1
0.9083893528331434 1
0.9083899883754337 1
0.9083904296708628 1
0.9084326741883341 1
0.9084406981264753 1
0.9084470713190327 1
0.9084476572847047 1
0.9084496111485959 1
0.9084582805271972 1
0.9084631127278483 1
0.9084979038346055 1
0.9085060091532466 1
0.9085215514503348 1
0.9085375709534382 1
0.9085375709534386 1
0.9085586568338919 1
0.9085596337658376 1
0.9085611966634556 1
0.9085772161665591 1
0.9085830567850184 1
0.9085893804009573 1
0.9085911125270411 1
0.9086008418765761 1
0.9086117037236611 1
0.908621089523903 1
0.9086290256140779 1
0.9086447152339201 1
0.9086485705026255 1
0.908656181137433 1
0.9086829422196662 1
0.9086897786133639 1
0.9086974207308641 1
0.9087019428477621 1
0.9087146793347068 1
0.9087238029693252 1
0.9087512343714295 1
0.9087560665720806 1
0.9087732971838287 1
0.9087770328006864 1
0.9087924701530739 1
0.9088030438189482 1
0.908824151605114 1
0.9088305247976709 1
0.9088622339206167 1
0.9088632108525624 1
0.908874420060727 1
0.9089014063556159 1
0.908904446634207 1
0.9089268017607924 1
0.9089310617088969 1
0.9089369526533418 1
0.908953688581256 1
0.9090073395274532 1
0.9090215394375905 1
0.9090566310511204 1
0.9090573512877179 1
0.9090850708710332 1
0.9090930263892636 1
0.909113506875989 1
0.909115069773607 1
0.9091150697736071 1
0.9091231531865358 1
0.9091274032364712 1
0.9091315620548324 1
0.9091467788965529 1
0.9091495611424958 1
0.9091547149867277 1
0.9091602674239762 1
0.9091658110073415 2
0.9091672908659713 1
0.9091879870072914 1
0.9091948548836819 1
0.9091960704202203 1
0.9092024436127772 1
0.9092070191180802 1
0.9092255784507473 1
0.909235715633341 1
0.9092446286554613 1
0.9092646415131524 1
0.9092688680020566 1
0.9092753608464617 1
0.9092753608464618 1
0.9092769237440795 1
0.9092842738685819 1
0.9092863095443213 1
0.9093057347810213 1
0.9093129522899173 1
0.9093206955403313 1
0.9093234368335906 1
0.9093254819793205 1
0.9093335692072061 1
0.9093752462811093 1
0.909377786110673 1
0.9093879232932665 1
0.9094189942214115 1
0.9094275685063876 1
0.909428082237192 1
0.9094315662888683 1
0.9094430971374439 1
0.9094667228474607 1
0.9094873636206989 1
0.9094887856598602 1
0.9094915640940162 1
0.9095063680605816 1
0.909529646409519 1
0.9095391453973118 1
0.909540595107379 1
0.9095472288102406 1
0.9095485531032658 1
0.9095538580852085 1
0.9095692916226398 1
0.9095721015394885 1
0.9095832512728659 1
0.9095868740233611 1
0.9095969151151381 1
0.9095990382577592 1
0.9096104997333779 1
0.9096104997333784 1
0.909612062630996 1
0.9096265192364821 2
0.9096280821340997 1
0.909629531844167 1
0.9096361655470285 1
0.9096371424789743 1
0.9096507309121712 1
0.9096549590563946 1
0.9096582283594278 1
0.9096613541546636 1
0.9096758107601494 1
0.9096803862654522 1
0.9096831646996085 1
0.9096978735725485 1
0.9096994364701664 1
0.9097004134021119 1
0.9097326865850178 1
0.9097400586152325 1
0.9097448727251282 1
0.9097521217198868 1
0.909774788588714 1
0.9097863194372894 1
0.9097883732069545 1
0.909789936104572 1
0.9097908911308055 1
0.9097924540284233 1
0.9098386416625672 1
0.9098401826544729 1
0.9098750175726544 1
0.9098929909396495 1
0.90989710805596 1
0.9099061407299284 1
0.9099117014100273 1
0.9099443458099623 1
0.9099511822036603 1
0.9099527451012784 1
0.909976370811295 1
0.910004554548797 1
0.9100142008593436 1
0.9100245854972431 1
0.9100394390435966 1
0.9100523050805585 1
0.9100562710591585 1
0.9100581456990178 1
0.9100823039831323 1
0.9100823039831325 1
0.9100838668807504 1
0.9100919502936792 1
0.9101062277725295 1
0.9101252004085311 1
0.9101315955067997 1
0.9101427828092522 1
0.9101534060517446 1
0.9101549966202686 1
0.9101552212168168 1
0.9101712407199207 1
0.9101834049543186 1
0.9101948664299374 1
0.9102124488306588 1
0.9102236361331115 1
0.9102441579536049 1
0.9102482387750741 1
0.9102539467779274 1
0.9102659684985497 1
0.9102739045887245 1
0.9102787367893757 1
0.9102819880016532 1
0.9102838031667255 1
0.9102880313109489 1
0.9102934494772724 1
0.9102957052355001 1
0.9102959674011235 1
0.9103104459123215 1
0.9103114047535115 1
0.9103119869042273 1
0.9103211560087585 1
0.9103337280762156 1
0.9103346356822988 1
0.9103541719469116 1
0.910363818257458 1
0.9103768207249828 1
0.9103849041379116 3
0.910384904137912 1
0.9103877913285546 1
0.9104009236410151 1
0.9104070801378615 1
0.9104181761584755 1
0.910433511949771 1
0.9104341956615788 1
0.9104341956615789 1
0.9104367354911423 1
0.9104421317517537 1
0.9104451624533643 1
0.9104657574617707 1
0.9104806088484867 1
0.9104844641171919 1
0.9104903877746393 1
0.9104960483573423 1
0.9104974665847166 1
0.9105050772195239 1
0.9105150489854381 1
0.910516025917384 1
0.9105192771296616 1
0.910527213219836 1
0.9105281901517818 1
0.910538088729783 1
0.9105386746954549 1
0.9105759406835436 1
0.9106161499566242 1
0.9106270254665709 1
0.910627025466571 1
0.9106332195324924 1
0.9106682711463848 1
0.9106740840939379 1
0.9106778579821438 1
0.9106794208797622 1
0.9106803978117078 1
0.9106884812246365 1
0.9106948763229055 1
0.9106984710844763 1
0.9107136698322713 1
0.910715962203359 1
0.9107225828543918 1
0.910723687363017 1
0.9107242930747637 1
0.9107693345484956 1
0.9107698254205429 1
0.9107836021291769 1
0.9107878620772816 1
0.9107983784248361 1
0.9108020206033872 1
0.9108086543062488 1
0.9108089797616162 1
0.9108089797616166 1
0.9108211439960142 1
0.9108292493146554 1
0.9108295928639483 1
0.9108295928639484 1
0.9108402161064406 1
0.9108406888845623 1
0.9108447697060315 1
0.9108498405112754 1
0.9108802144458349 1
0.9108879762151829 1
0.9108885621808552 1
0.9108979164984043 1
0.9109085397408968 1
0.9109105935105616 1
0.910922519140367 1
0.9109227577449596 1
0.9109227577449598 1
0.9109311885189681 1
0.9109451723463324 1
0.9109472080220716 1
0.9109481849540173 1
0.9109703390482552 1
0.9109733516559402 1
0.9109829149274986 1
0.9109832584736217 1
0.9109990174695904 1
0.9110180676743046 1
0.9110185623581384 1
0.9110206075038682 1
0.9110211021877019 1
0.9110353201917648 1
0.9110416933843216 1
0.9110416933843217 1
0.9110432562819394 1
0.9110432562819395 1
0.911053879524432 1
0.9110626001349701 1
0.9110826075223853 1
0.9110829014950602 1
0.9111122352079305 1
0.9111125568483412 1
0.9111127954529341 1
0.9111146106180059 1
0.9111316070530553 1
0.911134045752875 1
0.9111343574951168 1
0.9111623392440557 1
0.9111654431335792 1
0.9111760663760718 1
0.9111761159526897 1
0.9111818793236249 1
0.9111840243719587 1
0.9112035473547939 2
0.9112042720192853 1
0.9112230836194066 1
0.9112276867956157 1
0.9112441694998604 1
0.9112472952950961 1
0.9112553568023128 1
0.9112673320087364 1
0.9112726687913902 1
0.911283323840934 1
0.9112950020154333 1
0.9112950239211456 2
0.9113110434242491 2
0.9113140560319343 1
0.91131503296388 1
0.9113152715684726 1
0.9113331062366484 1
0.9113406987775301 1
0.911344293539101 1
0.9113574566111566 1
0.9113597527972013 1
0.911362852871768 1
0.9113755613666179 1
0.9113767492322503 1
0.9113849156841672 1
0.9113904681214158 1
0.9114131213273808 1
0.9114187736704032 1
0.91142514686296 1
0.9114251468629603 1
0.9114304015157471 1
0.9114336250571189 1
0.9114357701054523 1
0.9114507213947718 1
0.9114530820976998 1
0.9114532612243353 1
0.9114552930882881 1
0.9114578329178517 1
0.9114609863839932 1
0.9114618307003327 1
0.9114690697969222 1
0.9114738524209552 2
0.911475415318573 1
0.9114892897733433 1
0.9114944474293618 1
0.9114965011990266 1
0.9114974781309723 2
0.911507124441519 1
0.911526247834146 1
0.9115483007483762 1
0.9115483325522572 1
0.9115483325522574 1
0.9115589557947498 1
0.9115668918849243 1
0.9115669195558307 1
0.9115737597613149 1
0.9115864148677602 1
0.9115864148677604 1
0.911596061178307 1
0.9115994255749652 1
0.9116366833233731 1
0.9116366833233732 1
0.9116372692890452 1
0.9116388102809515 1
0.9116478706258256 1
0.9116552426560404 1
0.9116572783317798 1
0.911659818161343 1
0.9116752319527002 1
0.9116763285364939 1
0.911676328536494 1
0.9116769145021659 1
0.9116859748470406 1
0.9116875158389464 1
0.9116969235449005 1
0.9117287239496851 1
0.9117330016705263 1
0.9117432024608827 1
0.9117764525757345 1
0.9117789924052979 1
0.9118064733840204 1
0.9118077204032514 1
0.9118145567969494 1
0.911817660686473 1
0.9118211774479821 1
0.9118397234988723 1
0.9118473160397539 1
0.9118519096389822 1
0.9118582828315392 1
0.9118899919544851 1
0.9118915548521029 1
0.911898514010332 1
0.9119281874575386 1
0.9119321769971692 1
0.9119327629628414 1
0.9119472195683272 2
0.911948196500273 1
0.9119527720055756 1
0.911970845278344 1
0.9119804915888906 1
0.9119830095127425 1
0.9119884276790658 1
0.9119974880239401 1
0.9119974880239404 1
0.9120120533890826 1
0.912012081059989 1
0.9120185739043937 1
0.9120201368020114 1
0.9120201368020118 1
0.9120371332370609 1
0.9120386961346787 1
0.9120419969235747 1
0.9120437625120288 1
0.9120559267464269 1
0.9120595990735406 1
0.9120597820151322 1
0.9120638628366016 1
0.9120678654280613 1
0.912087987658346 1
0.9120955719595476 1
0.9121032140770474 1
0.9121090735387996 1
0.9121212377731978 1
0.9121228006708155 1
0.9121237776027613 1
0.9121260699738488 1
0.9121487187519203 2
0.9121538041762411 1
0.9121608829863185 1
0.9121845086963352 1
0.9121924666922222 1
0.9121989872075333 1
0.912202091097057 1
0.9122084324857327 1
0.912221141301771 1
0.9122322373223848 1
0.9122322373223851 1
0.9122427132421232 1
0.9122604429655989 1
0.9122744223650691 1
0.9122924956378377 1
0.912307694385633 1
0.9123140675781898 1
0.9123156304758075 1
0.9123237138887365 1
0.9123257676584015 1
0.9123316499789111 1
0.9123316499789113 1
0.91233973339184 1
0.9123422732214036 1
0.9123601393754419 1
0.9123633591018572 1
0.9123824093065713 1
0.912383972204189 1
0.9124020273830322 2
0.912403004314978 1
0.9124049384327948 1
0.91240551234066 1
0.9124167591179 1
0.9124248148599224 1
0.9124348047197625 1
0.9124442124257164 1
0.9124451893576618 1
0.912446779926186 1
0.9124744499328828 1
0.9124850731753752 1
0.9124919410517659 1
0.912499322662131 1
0.9125144899240634 1
0.9125148099123257 1
0.9125155667617828 1
0.9125427954730513 1
0.9125579904090597 1
0.9125770225198484 1
0.9125818547204995 1
0.9125960727245626 1
0.9125976356221802 1
0.9125991985197982 1
0.9126136551252838 1
0.912649494646317 1
0.9126588527756533 1
0.9126639235808969 1
0.9126684771804876 2
0.9126705528558646 1
0.912673895346811 1
0.9126819787597401 1
0.9126850094613503 1
0.9126881352565861 1
0.9127065814017027 1
0.9127102356380609 1
0.9127127655694549 1
0.9127262175720889 1
0.912726217572089 1
0.9127277804697068 1
0.9127320362848365 1
0.9127384037121987 1
0.9127452496828777 1
0.9127482803844882 1
0.9127579266950347 1
0.9127658627852095 1
0.9127700909294331 1
0.9127744322580369 1
0.9127764860277019 1
0.9127876733301545 2
0.9127940684284235 1
0.9127955181384906 1
0.9127955181384907 1
0.9128051644490374 1
0.9128273185432753 1
0.9128473494917213 1
0.9128885356967479 1
0.9129066089695165 1
0.9129073237358386 1
0.9129258748256551 1
0.9129408579220258 1
0.9129426594210664 1
0.9129462760883491 1
0.9129518066198856 1
0.9129568774251294 1
0.9129568774251295 1
0.9129784493654818 1
0.9129980855358678 1
0.9130013367481457 1
0.9130020750754986 1
0.9130201483482672 1
0.9130217112458849 1
0.9130267639572034 1
0.9130524434368853 1
0.9130549832664488 1
0.9130709808638402 1
0.9130749923091828 1
0.9130840052370772 1
0.913087022272656 1
0.9130946561504756 1
0.9131106479826728 2
0.9131116249146184 1
0.9131122385511969 1
0.9131148761268961 1
0.9131148761268963 1
0.913121249319453 1
0.9131599395063403 1
0.9131774087195111 1
0.9131820023187397 1
0.9131869770331665 1
0.9131876737087329 1
0.9131916267235742 1
0.9131980218218433 1
0.9131995847194609 1
0.9132011257113669 1
0.9132117489538593 1
0.9132232104294781 1
0.9132247514213838 1
0.9132292400727419 1
0.913243458076805 1
0.9132450209744227 1
0.913249831269362 1
0.9132628556425988 1
0.9132704481834801 1
0.9132724800474334 1
0.9132750198769969 1
0.9132831032899259 1
0.9132856431194889 1
0.9132894983881947 1
0.9133105842686483 1
0.9133227485030466 1
0.91333876800615 2
0.9133544576259923 1
0.913362393716167 2
0.9133684452651433 1
0.9133715672485924 1
0.9133720400267136 1
0.9133720400267137 1
0.9133784351249828 2
0.9133840152331372 1
0.913384204261112 1
0.9134045787588511 1
0.9134302445725013 1
0.9134391257907406 1
0.9134398908830481 1
0.9134441409329835 1
0.9134477356913844 1
0.9134492947772155 1
0.9134609856173849 1
0.9134619536954474 2
0.9134644935250108 1
0.9134749561629721 1
0.9134871203973702 1
0.913503161806186 1
0.9135163029725295 1
0.9135242476866395 1
0.9135364119210375 1
0.9135373888529831 1
0.9135443699169246 1
0.9135445172396786 1
0.913563402027713 1
0.9135648698317058 1
0.9135760571341582 1
0.9135825629423215 1
0.9135866803766503 1
0.913613326937203 1
0.913615702347279 1
0.9136182421768422 1
0.9136199523972143 1
0.91362380766592 1
0.9136659708028919 1
0.9136962302157705 1
0.9137056160160124 1
0.9137071789136304 1
0.9137074906558722 1
0.9137116675681586 1
0.9137266041503302 1
0.9137368342669112 1
0.9137468241267512 1
0.9137549075396801 1
0.9137881795602436 1
0.9137909579943999 1
0.9138067388929108 1
0.9138210163717614 1
0.9138357608635388 1
0.9138463841060314 2
0.9138502393747369 1
0.9138593865735559 1
0.9138654162168202 1
0.9138674699864849 1
0.9138700098160483 1
0.913881246695119 1
0.9138834894895883 1
0.9138850523872065 1
0.9138885472430034 1
0.913889330108048 1
0.9138956756296988 1
0.913906642421484 1
0.9139066424214842 1
0.9139071151996057 2
0.9139098936337617 1
0.9139256745322727 1
0.9139368837404374 1
0.9139483233103443 1
0.9139689364126761 1
0.9139701338552888 1
0.9139713712975395 1
0.9139749660559402 1
0.9139871302903383 1
0.9139915129558801 1
0.9139985917659571 1
0.914001401682806 1
0.9140097790684095 1
0.9140267755034589 1
0.914026797409171 1
0.914026825080077 1
0.9140352243713926 1
0.9140387873259123 1
0.9140400897132253 1
0.9140423178005471 1
0.9140473886057908 1
0.9140494242815302 1
0.9140600475240226 1
0.9140628478638909 1
0.9140648797246737 1
0.9140700373838624 1
0.9140790977287366 1
0.914085965605127 1
0.9140900464265962 1
0.9140902850311892 1
0.914099692737143 1
0.9141035480058488 1
0.9141348950605673 1
0.9141393379502639 1
0.9141403148822093 1
0.914159951052596 1
0.9141799600953301 1
0.9141805460610027 1
0.9141896064058769 1
0.9141916601755418 1
0.9142026088734017 1
0.9142035858053471 1
0.9142106922863305 1
0.914247324891766 1
0.9142508235593496 1
0.9142641142080852 1
0.914268896832118 1
0.9142688968321181 1
0.9142925225421352 1
0.9143007191426148 1
0.9143121587125215 1
0.9143202421254505 1
0.9143217831173565 1
0.914323346014974 1
0.9143297411132432 1
0.9143324063598485 1
0.9143578335689061 1
0.9143640177366587 1
0.9143720515729692 1
0.9143720515729693 1
0.9143778645205225 1
0.9143842377130792 1
0.9143844483255775 1
0.9143854252575231 1
0.9143936235133212 1
0.9143990416796446 1
0.9144086879901913 1
0.9144132596837078 1
0.9144148225813256 1
0.9144168226382274 1
0.9144238829262001 1
0.9144292791868112 1
0.9144297738706448 1
0.9144322917944966 1
0.9144323137002085 1
0.9144343455641614 1
0.9144348316240597 1
0.9144489665891348 1
0.9144625512073751 1
0.9144861769173922 1
0.9145006335228778 1
0.9145031733524414 1
0.9145116041264495 1
0.9145143606548938 1
0.9145258221305126 1
0.9145288391660916 1
0.9145339055434417 1
0.9145524648761086 1
0.9145524648761088 1
0.914552464876109 1
0.9145540058680145 1
0.9145634135739684 1
0.9145735507565622 1
0.9145735507565624 1
0.914576654646086 1
0.9145834721964909 1
0.9146030269832081 1
0.9146131959696829 3
0.9146147588673008 1
0.9146238192121754 1
0.9146253602040813 1
0.9146453911525273 1
0.9146463483383989 1
0.9146559669780393 1
0.9146604337236854 1
0.9146780297904387 1
0.9146966167940117 1
0.9147026187663695 1
0.9147046725360347 1
0.9147062135279402 1
0.9147216689710836 1
0.9147343278893154 1
0.914736129391526 1
0.914737922650886 1
0.9147474216386787 1
0.914752401162084 1
0.9147775678640069 1
0.9147780539239055 1
0.9147881911064992 1
0.9147936092728226 2
0.9148057735072205 2
0.9148151812131746 1
0.9148202835011113 1
0.9148284222852919 1
0.914845418720341 1
0.9148454187203413 1
0.9148454187203414 2
0.9148469816179591 1
0.9148512316678945 1
0.9148560419628337 1
0.9148680674984127 1
0.9148690444303582 1
0.9148690444303584 1
0.9148690444303585 1
0.9148766369712402 1
0.914878690740905 1
0.9148866268310796 1
0.9148947102440087 1
0.914897250073572 1
0.9149015781203993 1
0.9149025550523446 1
0.9149102802120028 1
0.9149122013628914 1
0.914916773056408 1
0.9149183359540258 1
0.9149211143850118 1
0.9149264193669544 1
0.9149295232564784 1
0.9149297837636131 1
0.9149437631630833 1
0.9149579811671462 2
0.9149605209967098 1
0.9149749776021955 1
0.9149800439795455 1
0.9149805064784133 1
0.9149810291543417 1
0.9149846239127422 1
0.9149955726106019 1
0.914997626380267 1
0.9150001662098305 1
0.9150082496227593 1
0.9150098401912833 1
0.9150106883225793 1
0.9150161857129341 1
0.9150194369252119 1
0.9150453550063166 1
0.91504789483588 1
0.9150478948358801 1
0.9150575411464267 1
0.9150860404411267 1
0.9150923541588962 1
0.915098727351453 1
0.9151093505939454 1
0.9151126237119354 1
0.9151196521960269 1
0.91512235306147 1
0.915128748159739 1
0.9151377073748701 1
0.9151383725645736 1
0.9151383725645738 1
0.9151480188751207 1
0.9151838088195356 1
0.9151886410201867 1
0.9151892269858589 1
0.9152112897982582 1
0.9152257683094561 1
0.9152282862333072 1
0.9152282862333074 1
0.9152288721989799 1
0.9152329113152284 1
0.9152438562013017 1
0.9152485596013032 1
0.9152555880853945 1
0.9152615582538712 1
0.915263099245777 1
0.9152654135225768 1
0.9152669764201944 1
0.915271204564418 1
0.9152752853858871 1
0.9152775777569747 1
0.9152775777569748 1
0.9153012034669916 1
0.9153012034669917 1
0.9153133677013898 1
0.9153149305990078 1
0.9153230041137674 1
0.9153230140119365 1
0.9153258143518049 1
0.9153314628798702 1
0.9153344754875556 1
0.9153425589004844 1
0.915350494990659 1
0.9153711080929913 1
0.9153741207006761 1
0.9153820567908509 1
0.9153901402037797 1
0.9153911171357254 1
0.9153916811956856 1
0.9153917031013976 2
0.9153997865143266 1
0.9154007634462722 1
0.9154086995364468 1
0.9154119507487247 1
0.9154297854169005 1
0.9154297854169008 1
0.9154313483145183 1
0.9154483447495675 1
0.9154522512533799 1
0.9154571467437749 1
0.9154655753613157 1
0.9154773349163149 1
0.9154790769405676 1
0.9154815948644192 1
0.9154824925723333 1
0.9154897001830601 1
0.9155148668849828 1
0.9155148668849832 2
0.9155174343854524 1
0.915521261983252 1
0.915522802975158 1
0.9155252279618522 1
0.9155260760931476 1
0.9155454736589411 1
0.9155689906093015 1
0.9155705535069194 2
0.9155720944988253 1
0.9155801779117538 1
0.9155875814278314 1
0.9155911447035394 1
0.9155984668359473 1
0.915624416724103 2
0.9156244167241031 1
0.9156414131591524 1
0.9156434488348917 1
0.9156459886644552 1
0.9156620081675588 1
0.9156716544781055 1
0.9157079848711858 1
0.9157243021587508 1
0.9157323855716798 1
0.9157354162732904 1
0.9157500372982638 1
0.9158010024294431 1
0.9158048081215305 1
0.9158066827613902 1
0.9158222992404136 1
0.9158444752403632 1
0.9158459249504305 1
0.9158608895246968 1
0.9158635073511516 1
0.9158805037862011 1
0.9159173705683356 1
0.9159237656666046 2
0.9159267782742896 1
0.9159440133139316 1
0.9159447554562409 1
0.9159489600394334 1
0.9159511286487981 1
0.9159549620117913 1
0.9159559389437368 1
0.9159676390239485 1
0.9159716050025485 1
0.9159737418080316 1
0.9159745069003391 1
0.915986671134737 1
0.9159902878020201 1
0.9159946291306242 1
0.9160042754411708 1
0.9160072842370692 1
0.9160088471346871 1
0.916016930547616 1
0.9160184715395217 1
0.916018493445234 1
0.9160197958325468 1
0.9160278792454757 1
0.9160359626584047 1
0.916038502487968 1
0.9160469294501897 1
0.91604692945019 1
0.9160501806624676 1
0.9160565757607364 1
0.9160565757607365 1
0.9160565757607366 1
0.9160695782282611 1
0.9160751350934035 1
0.916077170769143 1
0.9160781477010886 1
0.9160962209738571 1
0.9160987608034206 1
0.91610843859666 1
0.9161152530846457 1
0.9161813024419396 1
0.9161831039409806 1
0.9161892385321144 1
0.9161931450327572 1
0.9161937309984293 1
0.9162209476550603 1
0.9162273427533292 1
0.9162425195954124 1
0.9162433622564328 1
0.916246374864118 1
0.9162702391787279 2
0.9162727790082913 1
0.9162896367445212 1
0.9162956663877856 1
0.9163002380813018 1
0.9163098843918482 1
0.9163098843918484 1
0.9163098843918486 1
0.9163108613237941 1
0.9163163902000118 1
0.9163284437245157 1
0.9163368744985239 1
0.916337021821278 1
0.9163426932112713 1
0.9163436424723109 1
0.9163457239128818 1
0.9163495296049691 1
0.9163505065369147 1
0.9163520694345324 1
0.9163731553149862 1
0.9163731553149863 1
0.9163833153563375 1
0.9163901517500354 1
0.9163917146476532 1
0.916399798060582 1
0.9164123096560597 1
0.9164265772367409 1
0.9164303829288281 1
0.9164313598607735 1
0.9164313598607738 1
0.9164394432737027 1
0.916439443273703 1
0.9164434410561839 1
0.9164490895842495 1
0.9164506305761552 1
0.9164564435237087 1
0.9164600382821092 1
0.916462092051774 2
0.9164706615246017 1
0.916475282794736 1
0.9164816283163866 1
0.9164822142820593 1
0.9164964004790709 1
0.9164996834952299 1
0.9165123605073869 1
0.916520296597562 1
0.9165283800104906 1
0.9165695881212292 1
0.9165705650531747 1
0.9165711510188471 1
0.9165932138312463 1
0.9165932138312464 1
0.916601297244175 1
0.9166038151680265 1
0.9166102102662954 1
0.9166214194744599 1
0.9166238225554421 1
0.9166424834492019 1
0.9166449402397769 1
0.9166450232787651 1
0.9166531066916938 1
0.9166531066916939 2
0.9166546695893116 1
0.9166627530022405 1
0.9166650306661804 1
0.9166805876704164 1
0.9166846684918856 1
0.9166903764947388 1
0.9166927519048145 1
0.9166927519048146 1
0.9166943148024324 1
0.9166943148024326 1
0.9167001058442737 1
0.9167064790368307 1
0.9167103343055362 1
0.9167163776148314 2
0.9167209575480284 1
0.9167246254472482 1
0.9167258766026244 1
0.9167323971179351 2
0.9167339600155527 1
0.9167339600155531 1
0.9167366471678708 1
0.9167420434284818 1
0.9167433677215071 1
0.9167751363224107 1
0.9167832515392205 1
0.9168015086595322 1
0.9168335199948332 1
0.9168480853599761 1
0.9168635188974072 1
0.9168635188974074 1
0.9168635188974075 2
0.9168757050375175 1
0.916886167675479 1
0.9168958139860253 1
0.9168965068466355 1
0.9168972451739886 1
0.9169128104210746 1
0.9169128104210749 1
0.9169239977235272 1
0.9169307876030263 1
0.9169313379498608 1
0.9169416494501113 1
0.916943101316646 1
0.9169524556341955 1
0.9169751044122668 1
0.9169811340555306 1
0.9169898084762284 1
0.91699408619707 1
0.917012370400355 1
0.9170253728678799 1
0.9170349972727145 1
0.9170429552686012 1
0.917043932200547 1
0.917066233617539 1
0.917082600481722 1
0.9170916608265963 1
0.9171086292727211 1
0.9171088914383445 1
0.917126473839066 1
0.9171274507710118 1
0.9171321818419191 1
0.9171539548177884 1
0.9171661190521866 1
0.9171661190521867 1
0.9171676819498046 1
0.9171686588817498 1
0.9171686588817503 1
0.9171755267581405 1
0.9171804184367492 1
0.9171867321545186 2
0.9171867321545187 1
0.9171881818645857 1
0.9171897447622037 1
0.9172067411972528 1
0.9172370006101315 1
0.917239036285871 1
0.9172400132178167 1
0.9172481879125841 1
0.917249659528363 1
0.9172652294963574 1
0.9172908457333899 1
0.9172972408316586 1
0.9173053242445878 1
0.9173068652364935 1
0.9173151862097287 1
0.9173208942125817 1
0.9173272079303516 1
0.9173274783388254 1
0.9173315174550741 1
0.9173389398144444 1
0.9173407925485917 1
0.9173591874617713 1
0.9173607503593891 1
0.9173647398990197 1
0.9173685951677254 1
0.917370136159631 2
0.917370158065343 1
0.9173846146708289 1
0.9173938114462661 1
0.9174098032784638 1
0.9174178866913926 1
0.917420404615244 1
0.9174339061944963 1
0.9174590948021311 1
0.9174696961389117 1
0.9174717499085762 1
0.9174903092412434 1
0.917493037777593 1
0.9174974522470158 1
0.9175083644200863 1
0.9175093413520321 1
0.9175228941663913 1
0.9175253827608478 1
0.9175329670620491 1
0.9175695996674849 1
0.9175711625651026 1
0.9175901946758913 1
0.9175922484455563 1
0.9175982780888202 2
0.9176108077782232 1
0.9176188911911521 1
0.9176219037988372 1
0.9176219037988375 1
0.9176228807307826 1
0.9176228807307827 1
0.917623466696455 1
0.9176315501093839 1
0.9176379233019409 1
0.9176394861995586 1
0.9176404631315042 1
0.9176409540035513 1
0.9176475696124875 1
0.9176506003140981 1
0.9176615490119577 1
0.9176711953225046 1
0.9176821621142898 1
0.9176918084248364 1
0.9176933494167423 1
0.9177012536998658 1
0.9177039726592346 1
0.9177039726592348 1
0.9177095527673892 1
0.917709785606788 1
0.9177124034332432 1
0.9177293998682922 1
0.9177298907403393 1
0.9177329946298631 1
0.9177514626806915 1
0.9177520486463636 1
0.917754566570215 1
0.9177626499831439 1
0.9177626499831442 1
0.9177832630854758 1
0.9177832630854759 2
0.9177896581837449 1
0.9178229082985966 1
0.9178261814165865 1
0.9178325546091431 1
0.9178325546091434 1
0.9178325546091435 1
0.9178383456509845 1
0.9178435033070032 1
0.9178455570766682 1
0.9178500457280261 1
0.9178546174215427 1
0.9178561803191605 1
0.9178642637320894 1
0.917867073648938 1
0.9178721998222639 1
0.9178721998222642 1
0.9178862386965215 1
0.9178912319330524 1
0.9178958255322809 1
0.9179118450353847 1
0.9179134079330024 1
0.9179134079330025 1
0.9179224682778769 1
0.9179334169757368 1
0.9179354707454016 1
0.9179354707454017 1
0.9179405234567198 1
0.917946093987894 1
0.9179621134909977 1
0.9179827084994039 1
0.9179831993714512 2
0.9179847622690687 1
0.9179857392010148 2
0.9179857392010149 1
0.9179982507964923 1
0.9180017587041184 1
0.9180114050146648 1
0.918011405014665 1
0.9180180342896326 1
0.9180253844141353 1
0.9180275113717131 1
0.9180365717165877 2
0.9180429668148569 1
0.9180480331922068 1
0.9180480707612821 1
0.9180665925248737 1
0.9180698437371517 1
0.9180716452361922 1
0.9180746759378028 3
0.9180762169297083 1
0.9180794900476983 1
0.9180874261378729 1
0.9180952709462091 1
0.9181061327932941 1
0.9181074847572256 1
0.9181239674614701 1
0.9181264853853215 1
0.9181314540165353 1
0.9181475712657752 1
0.9181565338645136 1
0.9181757769089888 1
0.918175776908989 1
0.9181851846149427 1
0.9181887793765133 1
0.9181994026190057 1
0.9182060678045603 1
0.9182109016637002 1
0.9182233483141152 1
0.9182270261115041 1
0.9182306208699045 1
0.9182390478321265 1
0.9182430138107265 1
0.9182444659984498 1
0.9182445767083443 1
0.9182502351345793 1
0.9182566302328479 1
0.9182566302328481 1
0.9182672534753403 2
0.9182693387276979 1
0.9182898803476996 2
0.9182972523779144 1
0.9183120245405982 1
0.9183206159223077 1
0.9183247610275431 1
0.9183279845689145 1
0.9183295255608205 1
0.9183295474665323 1
0.9183295474665324 1
0.9183629581859152 1
0.9183676297820349 1
0.9183676297820351 1
0.9183691926796529 1
0.9183691926796531 1
0.9183701696115986 1
0.9183776708738121 1
0.9183797940164331 1
0.9183797940164332 1
0.9183813569140511 1
0.918391052801216 1
0.91840489958508 1
0.9184169213057026 1
0.9184178982376484 1
0.9184194392295539 1
0.918426732035737 1
0.9184304098331256 1
0.9184340265004084 1
0.9184348984876541 1
0.9184384932460548 1
0.9184405470157195 1
0.9184481395566014 1
0.9184575434507687 1
0.9184575434507688 1
0.918457543450769 1
0.9184591063483868 1
0.9184702936508391 1
0.9184989939778867 1
0.9185068349744364 1
0.9185099388639597 1
0.9185274299828425 1
0.9185432108845234 1
0.9185480430851746 1
0.9185602073195726 1
0.9185889038348338 1
0.91859731270313 1
0.9186209384131468 1
0.9186209384131471 1
0.9186305847236936 1
0.9186369798219629 1
0.9186631234558312 2
0.918664833676203 1
0.9186684879125612 1
0.9186717928344322 1
0.9186743107582835 1
0.9186887892694812 1
0.9186887892694814 2
0.9187204983924272 1
0.9187204983924275 3
0.9187204983924276 1
0.9187262894342686 1
0.9187284344826022 1
0.9187411114947595 1
0.9187510832606737 1
0.9187520601926191 1
0.9187520601926192 1
0.9187526105394537 1
0.9187617065031658 1
0.9187629535223969 1
0.9187777260062693 1
0.9187807567078801 1
0.9187807567078802 1
0.9188038915458501 1
0.9188371416607016 1
0.9188395666473957 1
0.9188419738613528 1
0.918841973861353 1
0.9188516201718997 1
0.9188531611638056 1
0.9188646226394244 1
0.9188706522826883 1
0.9188767868738223 1
0.9188834205766842 1
0.9188895233607671 1
0.9188912653850201 1
0.918892806376926 1
0.9188928282826382 1
0.9189123512654739 1
0.9189139141630916 1
0.9189266287443242 1
0.9189309105981409 1
0.9189611481053076 1
0.9189924989718128 1
0.9190129794585384 1
0.9190134522366599 1
0.9190198473349289 1
0.9190282058772397 1
0.9190340653389919 1
0.9190378521877861 1
0.9190546603473985 1
0.9190657744619378 1
0.9190737105521126 1
0.9190827747119436 1
0.9190867724944247 1
0.9190873464022898 1
0.9190955210970573 1
0.9190955210970574 1
0.9191069825726764 1
0.9191351663101779 1
0.919136458799322 1
0.9191364906032031 1
0.91915673825053 1
0.919166750016082 1
0.919174833429011 1
0.9191832422973073 1
0.9191862729989174 1
0.9191938655397993 1
0.9191938655397996 1
0.919196405369363 1
0.9192000497075519 1
0.9192080835438624 1
0.9192219799043447 1
0.9192335107529201 1
0.9192360286767715 1
0.919245674987318 1
0.9192477287569832 1
0.9192575076831363 1
0.9192873739701038 1
0.9193064279866046 1
0.9193190830930498 1
0.9193234244216536 1
0.9193310169657056 1
0.9193392053233346 1
0.9193541566126541 1
0.9193592143660689 1
0.9193620927028288 1
0.919368227293963 1
0.9193709144462805 1
0.9193709144462807 1
0.9193772876388374 1
0.9193869339493841 1
0.9193948700395589 1
0.9193953647233924 1
0.9194007106580182 1
0.9194169328519579 1
0.9194184957495757 1
0.9194265791625047 1
0.9194375278603646 2
0.9194385047923102 1
0.9194502048725216 1
0.9194517677701396 1
0.9194613921749744 1
0.9194847837082925 1
0.9194924493899934 1
0.9194994963961892 1
0.9195058695887459 1
0.9195074324863639 2
0.919507432486364 1
0.9195114220259949 1
0.9195264645971527 1
0.9195310581963808 2
0.9195313480329105 1
0.9195391416093098 1
0.9195767330527654 1
0.9195787868224304 1
0.9195803278143364 1
0.919582151219089 1
0.9195973461550976 1
0.9196003587627826 1
0.9196115956418534 1
0.9196321591675672 1
0.9196369913682182 1
0.9196400039759034 1
0.9196608871655206 1
0.9196684482237097 1
0.9196718043806876 1
0.9196718043806879 1
0.9196862828918856 1
0.919688800815737 1
0.9196920739337269 1
0.9197051040721577 1
0.9197078548322376 1
0.9197114495938085 1
0.9197138745805025 1
0.9197210959043549 1
0.9197210959043551 1
0.9197210959043552 1
0.9197380923394043 1
0.9197431587167543 1
0.9197561694239595 1
0.9197571463559052 1
0.9197586456457604 1
0.9197617180494214 1
0.9197681408185967 1
0.9197713643599679 1
0.919771364359968 2
0.919777737552525 1
0.9197877786443017 1
0.9197950177408913 1
0.9198003863305965 1
0.9198013632625419 2
0.9198178774494795 1
0.9198300416838773 1
0.9198336583511602 1
0.9198346352831058 1
0.9198427186960346 1
0.9198427186960347 1
0.9198621538309036 1
0.9198686319681609 1
0.9198727175986086 1
0.9198839268067729 1
0.9198839268067732 1
0.9198854677986791 2
0.9198888697173185 1
0.9199108950077366 1
0.9199108950077367 1
0.919930925959353 1
0.9199315081100683 1
0.919935736254292 1
0.9199395915229972 1
0.9199421313525609 1
0.9199456943070804 1
0.919948715157616 1
0.9199601865314037 1
0.9199611634633499 1
0.9199616543353968 2
0.9199632172330144 1
0.9199728416378492 1
0.9199769443650305 1
0.919979236736118 1
0.920012508756682 1
0.9200150266805331 1
0.9200150266805334 1
0.920016295605476 1
0.92002467299108 1
0.9200421641099626 1
0.9200482987010971 1
0.9200504119455494 1
0.9200521539698027 1
0.9200643182042008 1
0.9200652951361461 1
0.9200652951361462 1
0.920103963417321 1
0.9201039634173214 3
0.9201103585155903 1
0.9201372631087911 1
0.9201412332203663 1
0.9201436086304418 1
0.9201436086304419 2
0.920143608630442 2
0.9201451715280596 1
0.9201672343404589 1
0.9201786821500463 1
0.9201848167411804 1
0.920187503893498 1
0.9201916342915851 1
0.9201929001541092 2
0.9201938770860549 1
0.920203656012208 1
0.9202165258641263 1
0.9202190656936896 1
0.9202286900985246 1
0.9202335222991755 1
0.9202335222991758 1
0.9202431686097223 1
0.9202446997034589 1
0.9202550112037096 1
0.9202561710772471 1
0.9202637817120543 1
0.9202642544901759 1
0.9202667943197393 2
0.9202673802854118 1
0.9202683353116451 1
0.9202747304099139 1
0.9202828138228427 1
0.9202828138228429 1
0.9203064395328598 1
0.9203064395328601 1
0.9203095929990017 1
0.9203160858434067 1
0.9203160858434069 1
0.9203224590359637 1
0.9203240219335815 2
0.9203282500778047 1
0.9203476476435984 1
0.9203505734005089 1
0.9203572720484332 1
0.920371750559631 1
0.9203953762696478 1
0.920395376269648 1
0.9203969391672662 1
0.9203978941934995 1
0.9203984801591719 1
0.9204075405040462 1
0.9204091034016639 1
0.9204113957727516 1
0.9204275240355119 1
0.9204350214827686 1
0.9204365843803864 1
0.9204462306909333 1
0.920447185717167 1
0.9204535808154358 1
0.9204565934231206 1
0.9204708114271838 1
0.9204868309302873 1
0.9204883938279054 2
0.9204964772408342 1
0.920517090343166 1
0.920536122453955 1
0.9205457687645017 1
0.9205470930575266 1
0.9205473097564075 1
0.9205483085940651 1
0.9205597481639717 1
0.920559748163972 1
0.9205693944745184 1
0.9205703714064642 1
0.9205709573721367 1
0.9205993933770924 1
0.9205993933770925 1
0.9206275990203063 1
0.9206275990203064 1
0.920631505524119 1
0.9206435272447413 1
0.9206447465930663 1
0.9206486849007598 1
0.9206502477983777 1
0.9206672442334269 1
0.920679398569656 1
0.9206883301138805 1
0.9207059125146019 1
0.9207117531330614 1
0.920715669535043 1
0.9207175126890399 1
0.9207307537611574 1
0.9207391845351658 1
0.9207401395613993 1
0.9207561809702152 2
0.9207767940725471 1
0.920779834351138 1
0.9207894529907787 1
0.9208036709948417 1
0.9208100441873986 1
0.9208116070850164 1
0.9208131063717017 1
0.920822230327509 1
0.9208257932820283 1
0.9208316161277509 1
0.9208496894005195 1
0.9208603126430116 1
0.9208633252506967 1
0.9208709397004605 1
0.9208999578561322 1
0.9208999578561325 1
0.9209083886301406 1
0.9209188108402857 1
0.9209301991750855 1
0.9209311761070311 1
0.9209480020393802 1
0.9209611750096052 1
0.9209638147449424 1
0.9209698443882064 1
0.9209723524138884 1
0.9209728750898168 1
0.9209808111799913 1
0.9209919072006053 1
0.9209994997446573 1
0.9210101448928617 1
0.9210125203029373 1
0.9210221666134842 1
0.9210331153113438 1
0.9210340922432895 1
0.9210537284136758 1
0.9210597580569398 1
0.9210737374564103 1
0.9210739760610028 1
0.9210743234220823 1
0.9210808439373936 1
0.9210824068350114 1
0.9210849466645747 1
0.9211014570397255 3
0.9211030199373433 1
0.9211151841717414 2
0.9211220520481319 1
0.9211290586265115 1
0.9211316983586787 1
0.921141102252846 1
0.9211442061423696 1
0.9211532664872439 1
0.9211532664872442 1
0.9211713435717992 1
0.9211774781629335 1
0.9211783720558909 1
0.9211802247900384 1
0.9211838732612023 1
0.9211844847381429 1
0.9211865385078081 1
0.9211905362902891 1
0.9211929117003648 1
0.9211944745979826 1
0.9212025580109114 1
0.9212025580109117 1
0.9212241299512637 1
0.9212261837209286 1
0.9212358300314754 1
0.9212516109299861 1
0.9212516109299862 1
0.9212574019718275 1
0.9212599418013909 1
0.9212658289340493 1
0.9212659933535369 1
0.9212675391544214 1
0.9212730998345202 1
0.9212843882667162 1
0.9213034203775049 1
0.9213054741471699 2
0.92130547414717 1
0.9213070370447878 1
0.9213130666880517 1
0.9213151204577166 1
0.9213266195024111 1
0.9213371832701158 1
0.9213466822579083 1
0.9213547656708372 1
0.9213547656708373 2
0.9213557426027827 1
0.9213557426027829 1
0.9213563285684552 1
0.9213684928028532 1
0.9213727428527886 1
0.9213859839217362 1
0.921394410883958 1
0.9213953878159035 1
0.9213959737815758 1
0.9213969507135215 1
0.9214020034248398 1
0.9214129702166249 1
0.921412970216625 1
0.9214175457219278 1
0.9214180365939749 1
0.9214276829045215 1
0.9214398967155377 1
0.9214398967155378 1
0.9214622617402923 1
0.9214652743479774 1
0.9214662512799231 1
0.9214738438239749 1
0.9214778040373802 1
0.9214794923520402 1
0.9214794923520405 1
0.9214843245526917 1
0.9214858874503095 1
0.9214939708632385 1
0.9214949516101405 1
0.921495533760856 1
0.9215076979952539 1
0.9215191375651611 1
0.9215297608076534 1
0.9215336160763588 1
0.9215351570682645 1
0.9215351570682648 1
0.9215367199658826 1
0.921537696897828 1
0.921547343208375 2
0.9215694060207741 1
0.9215709689183921 1
0.9215749348969918 1
0.9215763651790033 1
0.9215938562978861 1
0.9215999908890204 1
0.9216090512338948 2
0.921609637199567 1
0.9216106141315125 1
0.9216139149204083 1
0.9216144694002181 1
0.9216276105665618 1
0.921627610566562 1
0.9216477195150697 1
0.9216502593446332 1
0.9216598837494678 1
0.9216599056551799 1
0.9216720698895781 1
0.9216769020902292 1
0.9216889276258082 1
0.9216979879706827 1
0.9216995289625887 1
0.9216995508683006 1
0.9216995508683007 1
0.9217010918602062 1
0.9217076342812295 1
0.9217216136806998 1
0.9217282788662543 1
0.9217391960814213 1
0.9217391960814214 1
0.9217401730133667 1
0.92174727949435 1
0.9217488204862557 1
0.921748820486256 2
0.9217488204862561 1
0.9217561925164707 1
0.9217612588938202 1
0.9217704143323202 1
0.9217709052043672 1
0.9217788412945421 1
0.9217894645370341 2
0.9217894645370344 1
0.9218105504174878 2
0.9218160891918746 1
0.9218200494052803 1
0.921821026337226 1
0.9218281328182093 1
0.9218281328182094 1
0.9218387560607018 1
0.9218412739845531 1
0.9218509202950997 1
0.921859841941155 1
0.9218687549632756 1
0.9218687549632757 1
0.921889349971682 1
0.9218914037413469 1
0.9219020050781271 1
0.9219132142862918 1
0.9219212976992204 1
0.9219340659900465 1
0.9219391323673963 1
0.9219398570318879 1
0.9219441070818232 1
0.9219512966017944 1
0.9219528594994124 1
0.9219538364313581 1
0.9219576917000636 1
0.9219673380106103 1
0.9219698559344617 1
0.9219940952810569 1
0.9220069832237309 1
0.922006983223731 1
0.9220083313758758 1
0.9220095011475824 1
0.9220402333385826 1
0.9220427731681462 1
0.9220467391467458 1
0.922055197912849 1
0.9220558351104582 1
0.922058603646445 1
0.9220587926712497 1
0.9220714696834071 2
0.9220776357572338 1
0.9220824183812666 1
0.9220824183812668 1
0.9220839812788846 1
0.9220839812788847 1
0.9221111148965276 1
0.9221220635943871 1
0.9221220635943874 1
0.9221236264920052 1
0.9221317099049341 1
0.92213325089684 1
0.922147729408038 2
0.922163271705126 1
0.9221674998493492 1
0.9221853939923126 1
0.9221949808280719 2
0.9222167913730168 1
0.9222231645655735 1
0.9222231864712858 1
0.9222264872601813 1
0.9222328108761204 1
0.9222467902755905 1
0.9222522084419141 1
0.9222703329466195 1
0.9222839175648596 1
0.9222854804624778 1
0.9223009139999092 1
0.9223082679393683 1
0.9223266885732161 1
0.9223357270123786 1
0.9223367039443243 1
0.9223372899099965 1
0.9223436532043842 1
0.9223517684211943 1
0.9223644235276396 1
0.9223694020570226 1
0.922372359617814 2
0.9223723596178143 1
0.9223753722254994 1
0.9223908314835993 1
0.9223956417785382 1
0.922405631638378 1
0.9224056316383781 1
0.922414695798209 1
0.9224192674885553 1
0.9224246637491667 2
0.9224246637491668 1
0.9224256406811122 1
0.92242720357873 1
0.9224351078650236 1
0.9224368498892765 1
0.9224452768514986 1
0.9224452768514988 1
0.9224646207045292 1
0.9224652858942329 1
0.9224749322047795 1
0.9224769859744445 1
0.9224985579147965 1
0.9225055170730257 1
0.9225067326095642 1
0.9225145774179003 1
0.9225161403155182 1
0.9225351905202323 1
0.9225360663224342 1
0.9225382031279173 1
0.9225403758471572 1
0.9225448368307789 1
0.922551210023336 1
0.9225532456990753 1
0.9225576382627864 1
0.9225793062939558 1
0.9225860230358053 1
0.9225860230358055 1
0.9225954307417594 1
0.9225987315306553 1
0.9226060539842517 1
0.9226105426387801 1
0.9226177321587512 1
0.9226192950563692 1
0.9226256901546379 1
0.9226393040991038 1
0.922659655035812 1
0.9226637724701409 1
0.9226805122098419 1
0.9226835231622083 1
0.9226970225849926 1
0.9226985854826103 1
0.9227185945253447 1
0.9227572847122318 1
0.9227661659304711 1
0.9227678860490119 1
0.9227678860490122 2
0.9227694489466302 1
0.9227715027162948 1
0.9227933132612398 1
0.9228045186544479 1
0.9228052884676632 1
0.9228202082742899 1
0.922821771171908 1
0.9228233340695258 1
0.9228235726709485 1
0.9228281443644647 1
0.9228377906750117 1
0.9228393316669172 1
0.9228507931425363 1
0.9228583856834178 1
0.9228593626153638 1
0.9228614163850284 1
0.9228614163850287 1
0.922869642311733 1
0.9228710407898632 1
0.9228774358881321 1
0.9228784128200779 1
0.9228789987857499 2
0.9228947478803796 1
0.9228990078284842 1
0.9228990078284843 1
0.9228994987005313 1
0.9229010615981492 1
0.922910686002984 1
0.9229170811012527 1
0.9229196209308163 1
0.9229237698510079 1
0.9229292453356508 1
0.9229373506542922 1
0.9229388916461976 1
0.9229487902241987 1
0.9229582892119913 1
0.9229592661439368 1
0.9229689124544838 1
0.9229703621645506 1
0.9229785368593184 1
0.9229879445652723 1
0.9229884354373193 1
0.9229899983349371 1
0.9229915393268431 1
0.9230021625693352 1
0.9230181820724388 1
0.923018182072439 2
0.9230196536882183 1
0.923021216585836 1
0.9230296435480579 1
0.923029643548058 1
0.9230338716922811 1
0.9230372360889398 1
0.9230482028807249 1
0.9230482028807251 1
0.9230768813020604 1
0.9230830158931945 1
0.9230887238960473 1
0.9230910993061233 2
0.9230920762380687 1
0.9230936391356868 1
0.9230974944043924 1
0.9231317214511897 1
0.9231413677617363 2
0.923146181871632 1
0.923148235638127 1
0.9231497985357449 1
0.9231528073316432 1
0.923154370229261 1
0.9231665840402773 1
0.9231722424665123 1
0.923181012974857 1
0.9231894437488655 1
0.9232046386848741 1
0.9232125747750487 1
0.9232206581879775 1
0.9232206581879777 2
0.9232352235531204 1
0.923241253196384 1
0.9232424906386343 1
0.9232458467956124 1
0.9232603034010982 1
0.9232618662987161 1
0.9232757407534862 1
0.9232854920087332 1
0.923293575421662 1
0.923295116413568 1
0.9233047627241148 1
0.9233095949247655 1
0.9233121347543292 1
0.9233180256987743 1
0.9233301899331723 1
0.9233332206347826 1
0.9233347616266886 1
0.9233517799674499 1
0.9233728658479035 1
0.9233744287455212 1
0.9233744287455213 1
0.9233840531503558 1
0.9233865929799194 1
0.9233914251805703 1
0.9233946763928482 1
0.9234068625329583 1
0.9234140739586418 1
0.9234221573715707 1
0.9234236983634766 1
0.923424675295422 1
0.9234262381930399 1
0.9234343216059689 1
0.923434321605969 1
0.9234385716559044 1
0.9234618025846913 1
0.9234803619173586 1
0.9234833745250435 1
0.9234930208355902 1
0.9234991554267243 1
0.92350301069543 1
0.923515174929828 1
0.9235199753265979 1
0.9235232583427568 1
0.9235257981723203 1
0.9235851307877644 1
0.9235890690954578 1
0.9235971525083869 1
0.9236041116666162 1
0.9236050885985615 1
0.923626174479015 1
0.9236447338116822 1
0.9236464440320544 1
0.923651972908272 1
0.9236634442820602 1
0.923669950090223 1
0.9236754660026826 2
0.9236780058322459 1
0.9236795468241519 1
0.9236816600686041 1
0.9236876302370809 1
0.9236940253353496 1
0.9237272973559135 1
0.9237352016422071 1
0.9237433168590171 1
0.9237452526321526 1
0.9237588591561051 1
0.9237615244027108 1
0.9237653796714163 1
0.923768505466652 1
0.9238050248845369 1
0.9238163448025957 1
0.9238423777265697 1
0.9238477958928932 1
0.9238593741616191 1
0.9238601074500451 1
0.9238901063526193 1
0.9238916969211434 1
0.9239076887533411 1
0.9239086656852865 1
0.9239256341314112 1
0.9239278670277115 1
0.9239297515657401 3
0.9239693967788607 1
0.9239869791795821 1
0.9239879561115277 2
0.9239976024220744 1
0.9240106048895993 1
0.9240115818215447 1
0.924018688302528 1
0.9240186883025281 1
0.9240202512001457 1
0.9240372476351952 1
0.92403930140486 1
0.924054738757248 1
0.9240583335156487 2
0.9240583335156488 1
0.9240669248973583 1
0.9240768928483157 1
0.9240789466179808 1
0.924079400873998 1
0.9240863282283459 1
0.9240956033186936 1
0.9241076250393162 1
0.9241201547287193 1
0.9241335065075611 1
0.9241472702524368 1
0.9241513729796182 1
0.9241736743966099 1
0.924180601747788 1
0.9241816104867847 1
0.9241894552951209 1
0.9241910181927386 1
0.9241922337292772 1
0.9242006645032856 1
0.9242016195295188 1
0.9242364544477004 1
0.9242529648228515 2
0.9242624001997112 1
0.9242648904526567 1
0.9242745367632034 1
0.9242760996608211 1
0.9242760996608212 1
0.924290556266307 1
0.9242905562663072 1
0.9242926100359717 1
0.9243144205809167 1
0.9243208156791858 1
0.9243248052188163 1
0.9243292245474819 1
0.9243428784915849 1
0.9243604608923063 1
0.924364450431937 1
0.9243734633598312 1
0.9243825237047055 1
0.9243840866023235 2
0.9243840866023237 1
0.9244031187131122 1
0.9244333562202788 1
0.9244349191178965 1
0.9244427639262328 1
0.9244443268238505 1
0.9244443268238506 1
0.9244448176958977 1
0.9244503745610402 1
0.9244633770285648 1
0.9244730014333993 1
0.924474876073259 1
0.9244851875735095 1
0.9244920554499001 1
0.9244930323818459 2
0.9244945952794634 2
0.9244958108160019 1
0.9245042196842982 1
0.924506273453963 1
0.9245111056546143 1
0.9245111056546144 1
0.9245317006630208 1
0.9245326775949664 1
0.9245474815647019 1
0.924550049065171 1
0.9245523137653529 1
0.9245581048071939 1
0.9245644779997508 1
0.9245696038518882 1
0.9246058334332435 1
0.9246216143317544 1
0.9246243927659106 1
0.9246312606423011 1
0.9246373952334354 1
0.924645478646364 1
0.9246770404465559 2
0.9246804560783214 1
0.924685123859485 1
0.9246866867571027 1
0.9246876636890482 1
0.9246930599496594 1
0.9246986123869081 1
0.9247128799675892 1
0.9247166856596766 1
0.9247263319702234 1
0.9247330169050221 1
0.9247385457812396 1
0.9247499576802406 1
0.9247517591792811 1
0.924764414285726 1
0.9247659771833439 1
0.9247669541152895 1
0.9247845047121299 1
0.92479768630629 1
0.9247981723661884 1
0.9248016840887711 1
0.9248274329414096 1
0.9248314720576581 1
0.9248318156069512 1
0.9248352777497457 1
0.9248468305072031 1
0.9248574537496955 1
0.9248616818939189 1
0.9248655371626243 1
0.9248680550864756 1
0.9248749229628663 1
0.9248955360651983 1
0.9248970989628159 1
0.9248970989628161 1
0.9249051823757449 1
0.9249067233676507 1
0.9249109734175863 1
0.9249173466101429 1
0.9249181848432697 1
0.9249257773841514 1
0.9249257773841516 1
0.9249303490776678 1
0.92494097232016 1
0.924942562888684 1
0.9249448275888654 1
0.9249619604544776 1
0.9249638596996541 1
0.9249715571884063 1
0.9249796406013351 1
0.9249806175332806 1
0.9249821804308986 1
0.9250177229168379 1
0.9250192858144558 1
0.9250362822495051 1
0.9250478862388998 1
0.9250599079595222 1
0.9250671788599929 1
0.9250705312020144 1
0.9250931799800859 1
0.9251011160702606 1
0.9251091994831895 3
0.9251091994831896 1
0.9251091994831897 1
0.9251188457937362 1
0.9251188457937363 2
0.9251307714235415 1
0.9251328251932064 1
0.9251328251932065 1
0.9251343880908242 1
0.92514884469631 1
0.9251488446963101 2
0.9251584910068565 1
0.9251610089307083 1
0.9251704166366622 1
0.9251766008044144 1
0.9251803015518018 1
0.9251870596274193 1
0.925191029738994 1
0.9251981362199776 2
0.9252217619299947 2
0.9252298453429233 1
0.9252339261643925 1
0.9252377814330984 1
0.9252614071431151 1
0.9252614071431152 1
0.9252710534536618 1
0.9252726163512797 1
0.9252735713775132 1
0.9252880498887113 1
0.9252895908806167 1
0.925313216590634 1
0.9253228629011807 1
0.9253254027307437 1
0.9253292579994498 1
0.9253325092117273 1
0.9253350490412909 1
0.925358702422214 1
0.9253625081143011 1
0.9253791829089398 1
0.9254021533274219 1
0.9254037162250397 1
0.9254046931569856 1
0.9254372268470263 1
0.925443035982793 1
0.925452421783035 1
0.9254524217830351 1
0.9254539846806525 1
0.9254620680935818 1
0.9254760474930519 1
0.9254865183706936 1
0.9254872567012166 1
0.9254920669961557 1
0.9254926529618278 1
0.9254936298937735 1
0.9254936298937736 1
0.9255017133067024 1
0.9255118969122544 1
0.9255156927061726 1
0.9255188461723145 1
0.9255232852470544 1
0.9255332751068941 1
0.9255332751068943 1
0.9255333027778003 1
0.9255413585198228 1
0.925541358519823 1
0.9255413585198231 1
0.9255413585198232 1
0.9255429214174409 1
0.9255569008169111 1
0.9255619716221549 1
0.9255649842298398 1
0.9255810037329436 1
0.9255810037329438 2
0.9255825666305616 1
0.9255868443514028 1
0.9256016168352756 1
0.9256061923405785 1
0.9256222118436821 1
0.9256222118436823 1
0.9256222118436824 1
0.9256234273802205 1
0.9256376987726881 1
0.9256458375536991 1
0.9256474281222229 1
0.925653920966628 1
0.9256651301747927 1
0.9256660852010263 1
0.9256699404697318 1
0.9256843228932823 1
0.9256963446139049 1
0.9257057304141467 1
0.9257153767246935 1
0.9257179165542572 1
0.9257217718229624 1
0.9257347742904872 2
0.9257453756272673 1
0.925755021937814 1
0.9257550219378142 1
0.9257962300485526 1
0.9258010622492039 1
0.925801172959098 1
0.9258089070607098 1
0.9258152802532668 1
0.9258152802532669 1
0.9258343123640556 1
0.9258426928120781 1
0.925843958674602 1
0.9258439586746021 1
0.9258439586746023 1
0.9258682991509413 1
0.9258685613165649 1
0.9258764974067397 1
0.9258851667853406 1
0.9259001231167567 1
0.9259051939220005 1
0.9259051939220007 1
0.9259194157378501 1
0.9259194157378502 1
0.9259248119984612 1
0.9259257889304068 1
0.925927842700072 2
0.925930277584935 1
0.9259306526169204 1
0.9259590609509707 1
0.9259654341435275 1
0.9259674879131926 1
0.9259956935564064 1
0.9260067895770202 1
0.9260353387695271 1
0.9260383513772119 1
0.9260622156918217 1
0.9260685888843786 1
0.9260779965903326 3
0.9260860800032618 1
0.9261046393359288 1
0.9261082340974993 1
0.9261097969951174 1
0.9261204202376095 2
0.9261257252163824 1
0.926127288114 1
0.9261415061180631 1
0.9261585025531123 1
0.9261790975615188 1
0.9261851491136646 1
0.9261917745736761 1
0.926198147766233 1
0.9262146619531704 1
0.9262207965443046 1
0.9262474392899003 3
0.9262551049716012 1
0.9262690112302522 1
0.9262870845030209 1
0.9262928755448624 1
0.9262971255947978 1
0.9263122731106559 1
0.9263173258219743 1
0.9263231664404336 1
0.9263282926137596 1
0.9263322821533904 1
0.926332520757983 1
0.9263389158562519 1
0.9263600017367054 2
0.9263615646343233 1
0.9263721659711035 1
0.9263721659711037 1
0.9263737288687213 1
0.9263996469498261 2
0.9264118111842241 2
0.9264118111842242 1
0.9264133740818419 1
0.926418206282493 1
0.9264212188901783 1
0.9264408550605644 1
0.9264450832047879 1
0.926455183771352 1
0.9264657557819075 1
0.9264887262003899 1
0.9264969145580187 1
0.9265007479210123 1
0.9265032877505756 1
0.9265101556269663 1
0.9265243736310292 1
0.9265340199415759 1
0.9265419560317505 1
0.9265419560317507 1
0.9265429329636963 1
0.9265462337525924 1
0.9265513637377047 1
0.9265655817417676 1
0.9265679848227498 1
0.9265736651546967 1
0.92657620498426 1
0.9265762049842601 1
0.9266043788235927 1
0.9266052269548883 1
0.9266052269548886 1
0.9266133103678175 1
0.9266318697004844 1
0.9266499467850393 1
0.9266530150557253 1
0.9266570859790252 1
0.9266635788234302 1
0.9266651693919542 1
0.9266715149136051 1
0.9266811612241519 1
0.9266927433078344 1
0.9267032240365509 1
0.9267128703470978 1
0.9267217833692178 1
0.9267444321472894 2
0.9267540784578362 2
0.9267565963816875 1
0.9267598971705836 1
0.9267856402580281 1
0.9267921607733389 1
0.9267937236709568 2
0.9267937236709569 1
0.9267961585558203 1
0.9267962415948082 1
0.9268058879053548 1
0.9268107201060061 1
0.9268270551663079 1
0.9268358868079289 2
0.9268417274263883 1
0.9268455331184756 1
0.9268691864993986 1
0.9268730140971981 1
0.9268851783315963 1
0.9268894283815317 1
0.9268948246421428 1
0.9269168874545423 1
0.9269224163307599 1
0.9269248235447168 1
0.926924823544717 1
0.9269565326676628 2
0.9269580955652806 1
0.9269580955652807 1
0.9269590724972262 1
0.9269590724972264 1
0.9269741150683842 1
0.92697509200033 1
0.9269838939945373 1
0.9269977407784011 1
0.9269977407784014 1
0.9270083640208937 1
0.9270099050127995 1
0.9270137602815051 1
0.9270147372134505 1
0.9270312514003877 1
0.9270383629234676 1
0.9270454694044507 1
0.9270454694044509 2
0.927045469404451 1
0.9270470323020686 1
0.9270470323020689 1
0.9270480092340143 1
0.9270495998025381 1
0.9270640287371179 1
0.9270846418394498 1
0.9270866775151894 1
0.9270873703757994 1
0.9270891124000527 1
0.9270988636552997 1
0.9271133202607851 1
0.92712632272831 1
0.9271272996602555 1
0.9271330907020967 1
0.9271369459708022 1
0.9271369459708025 1
0.9271384869627082 1
0.9271529654739059 1
0.9271765911839228 1
0.927176591183923 1
0.9271781540815408 1
0.927188755418321 1
0.9271926106870264 1
0.9272123811283381 2
0.9272162363970434 1
0.9272162363970436 1
0.9272177992946614 1
0.9272258827075903 1
0.9272398897779668 1
0.9272520263414589 1
0.9272655279207112 1
0.9272903691672664 1
0.9273067360314493 1
0.9273173373682296 2
0.9273173373682297 2
0.927323128410071 1
0.9273269836787766 1
0.9273409630782469 1
0.9273468036967061 1
0.9273569825813504 1
0.9273696595935077 2
0.9273815852233132 1
0.9273821711889854 1
0.9273902546019143 1
0.9273927944314777 1
0.9274008778444066 1
0.9274108677042462 1
0.9274298998150347 3
0.9274308767469804 2
0.9274459193181385 1
0.9274505129173669 1
0.9274649733346392 1
0.9274695450281553 2
0.9274801682706478 1
0.9274901581304874 1
0.927497718867488 1
0.9275138115114104 1
0.9275203994494405 1
0.9275310007862209 1
0.9275564460892041 1
0.9275584817649435 1
0.9275594586968892 1
0.9275600446625611 1
0.9275691050074357 1
0.9275963849538111 1
0.9276039675965235 1
0.9276102912124621 1
0.9276309043147942 1
0.9276445401649716 1
0.9276595827361295 1
0.9276626134377401 1
0.9276641763353579 1
0.9276641763353581 1
0.927679613684576 1
0.9276841853780923 1
0.9276938316886391 1
0.9277022586508608 1
0.9277038215484786 2
0.9277038215484787 1
0.927714444790971 1
0.927723830591213 2
0.9277253934888308 1
0.927729882143359 1
0.9277334769017598 1
0.9277434667615992 1
0.9277477444824409 1
0.9277540900040916 1
0.9277650387019513 1
0.9277695273564796 1
0.9277701095071953 1
0.927774685012498 1
0.9277827684254268 1
0.927782768425427 1
0.9277937352172123 1
0.9277988610693497 1
0.9278049225196646 1
0.9278049225196647 1
0.927814330225619 1
0.9278153071575643 1
0.9278163839952838 1
0.9278349433279509 1
0.9278430267408795 1
0.9278645986812318 1
0.9278821492780723 1
0.9278826719540002 1
0.9278826719540004 1
0.9279017040647891 1
0.9279223171671209 1
0.9279429121755275 1
0.9279435455613502 1
0.9279441277120658 1
0.9279517615898852 1
0.9279741266146396 1
0.9279741266146398 2
0.9279967753927112 2
0.9279980443176541 1
0.9280073986352037 1
0.9280170449457503 1
0.928047043848324 1
0.9280486067459421 2
0.928066447179312 1
0.9280866890614446 2
0.9280866890614448 1
0.9280963353719913 1
0.9280963353719914 1
0.9280963353719917 1
0.9281082610017968 1
0.9281084996063897 2
0.9281127496563251 1
0.9281183981843907 1
0.9281217625810492 1
0.928135980585112 1
0.9281359805851122 3
0.9281359805851124 1
0.9281580433975114 1
0.9281596062951293 1
0.9281756257982329 1
0.928175625798233 1
0.9281862490407252 2
0.9282168339089715 1
0.9282178108409168 1
0.9282274352457516 1
0.9282607072663154 1
0.9282607072663156 1
0.9282655394669664 1
0.9282671023645841 1
0.9282713305088076 1
0.928288188245038 2
0.928292186027519 1
0.9282971289380643 1
0.9283019153770538 1
0.9283099987899829 1
0.9283148309906339 1
0.9283163719825396 1
0.928329396355776 1
0.9283496440031033 1
0.9283496440031036 1
0.9283521838326669 1
0.928375071212161 1
0.9283812058032952 1
0.9283892892162242 1
0.9283902661481696 2
0.9283999124587163 1
0.9284289344293447 2
0.9284411205694547 1
0.928453274905684 1
0.9284711194720289 1
0.9284792028849576 1
0.9284792028849577 1
0.9284888491955045 1
0.9284913890250678 1
0.9285028285949747 1
0.9285140378031395 1
0.9285188480980784 1
0.928520410995696 1
0.9285424738080955 1
0.9285681396217456 2
0.9286029745399272 1
0.9286077848348663 1
0.9286077848348664 1
0.9286103246644298 1
0.9286314105448834 1
0.9286314105448835 1
0.9286410568554301 1
0.9286435747792815 1
0.9286499698775503 1
0.9286572089741401 1
0.9286596161880971 1
0.9286671174503104 1
0.9286807020685508 1
0.9286832199924021 2
0.9287146987536056 1
0.9287746965587536 2
0.9287818030397369 2
0.9287881981380057 1
0.9288214482528575 1
0.9288214482528577 1
0.9288239880824208 1
0.9288239880824212 1
0.9288394254348091 1
0.9288503091876062 1
0.9288526845976821 1
0.9288610934659784 1
0.9288636332955417 1
0.9288776403659181 1
0.9288851222000756 1
0.928898675011265 1
0.9289032785086623 1
0.9289032785086624 2
0.9289042554406081 1
0.9289049887290343 1
0.9289129248192092 2
0.9289266201473437 1
0.928933537921541 1
0.9289349876316081 1
0.9289349876316082 1
0.928936550529226 1
0.9289525700323299 1
0.9289529648135597 1
0.9289622163428765 1
0.9289622163428766 1
0.9289716202370438 1
0.9289746328447289 1
0.9289842791552756 1
0.9289842791552758 1
0.9289874049505111 1
0.9289931921773961 1
0.929001861555997 1
0.9290280051898655 1
0.9290376515004123 1
0.9290424837010635 1
0.9290582922736504 1
0.9290651324791348 1
0.9290772967135328 1
0.9290772967135329 1
0.9290917752247307 1
0.9290956817285432 1
0.9291169419266536 1
0.9291456384419144 1
0.929151190879163 2
0.9291672103822666 1
0.9291710656509722 1
0.929185283655035 1
0.9291868465526529 1
0.929186846552653 1
0.9292058786634416 1
0.9292068555953871 1
0.9292249288681558 1
0.9292264917657735 2
0.9292264917657738 1
0.929240127615951 1
0.9292455238765622 1
0.929246500808508 1
0.9292948154002297 1
0.9292978461018402 1
0.929305438642722 2
0.9293164054345071 1
0.9293194180421922 1
0.9293390542125786 1
0.9293452164714487 1
0.9293593018599056 1
0.9293847290689632 1
0.9293886355727757 1
0.9294005099706442 1
0.9294083547789802 1
0.9294083547789803 2
0.9294301653239249 1
0.9294428423360823 1
0.9294824875492028 1
0.9294904236393776 1
0.9294972915157682 1
0.929519445610006 1
0.9295295143726886 1
0.9295300688524983 1
0.9295527176305697 1
0.9295649314415861 1
0.9295862282525562 1
0.9295907999460726 1
0.9295907999460727 1
0.9296029860861829 2
0.9296093592787397 1
0.9296093592787398 1
0.9296190055892865 1
0.9296199825212321 1
0.929632008056811 1
0.9296344429416744 1
0.929638037700075 1
0.9296426312993034 1
0.9296426312993035 1
0.9296426312993036 1
0.9296441941969213 1
0.9296580686516914 1
0.9296586508024071 2
0.9296586508024072 2
0.9296626403420377 1
0.9296807136148064 2
0.929690359925353 1
0.9296982960155278 2
0.9297057972777409 1
0.9297134947633228 1
0.9297219217255447 1
0.9297219217255449 1
0.9297293033359098 1
0.9297300051384737 1
0.9297300051384738 1
0.9297315461303794 1
0.9297315680360917 1
0.9297437322704896 1
0.9297576286309718 1
0.9297592191994956 1
0.929771213249212 1
0.9297712132492122 1
0.9297833774836103 1
0.9297882096842615 1
0.9298108584623328 2
0.9298230226967309 1
0.9298405138156138 1
0.9298723142203983 1
0.9298723142203984 1
0.9298732911523439 1
0.929888728504732 1
0.9299414257619952 1
0.9299525815785852 1
0.9299752303566566 1
0.9299833137695854 1
0.9299848766672035 1
0.9300018731022526 1
0.9300254988122697 2
0.9300415183153733 1
0.9300415183153734 1
0.9300657299910625 1
0.930074790335937 1
0.9300859776383894 1
0.9300867159657423 1
0.9300908098390406 1
0.9301029641752697 1
0.9301096529250246 1
0.9301144355490575 1
0.9301144355490577 2
0.9301159984466755 1
0.930125644757222 1
0.9301540807621782 1
0.9301662449965761 1
0.9301662449965764 1
0.9301662449965765 1
0.9301952888729167 1
0.9302049132777516 1
0.9302391622302609 1
0.9302430174989663 1
0.9302430174989665 1
0.9302488085408075 1
0.9302551817333645 1
0.9303044732570319 1
0.9303046058726382 1
0.9303184526565019 1
0.9303184526565021 1
0.9303290758989945 1
0.9303377452775956 1
0.9303402632014468 1
0.9303677441801694 3
0.9303677441801697 4
0.9303693070777871 1
0.9303702840097329 1
0.9303773904907162 1
0.9303773904907163 1
0.9303783674226618 1
0.9304099292228536 1
0.9304195755334004 1
0.9304291999382347 1
0.930429199938235 1
0.9304485975040288 1
0.9304516876804265 1
0.9304888760998018 1
0.9304963261300782 1
0.9304988659596417 1
0.9305069493725705 1
0.9305385111727622 1
0.9305465945856913 1
0.9305577818881438 1
0.9305681665260432 1
0.930575749171926 1
0.9305974271012645 1
0.9305974490069764 1
0.9306081829593629 1
0.9306332389513916 1
0.9306709996264835 1
0.9306728011255241 1
0.9307109664800151 1
0.9307163846463383 1
0.9307206127905617 1
0.9307521745907534 1
0.930753151522699 1
0.9307808711060143 1
0.930791819803874 1
0.9307967627144196 1
0.9308060873845553 1
0.9308078075030964 1
0.9308395484299237 1
0.9308395484299239 1
0.9308411113275414 1
0.9308807565406622 1
0.9308856994512078 1
0.9308904028512088 1
0.9308910362370318 1
0.9308913797831544 1
0.9308913797831545 1
0.9309010260937012 1
0.9309284851667117 1
0.9309300480643294 1
0.9309625549925856 1
0.9309706702093957 1
0.9309865984338309 1
0.9310161064643576 1
0.931035742634744 1
0.9310753878478647 1
0.9311134701633675 1
0.9311160376638371 1
0.9311240934058599 1
0.9311304704133732 1
0.9311446884142662 1
0.9311507399664126 1
0.931154678274106 1
0.9311637386189805 2
0.9311733849295273 1
0.9311803953196933 1
0.9311888222819151 1
0.9311939799379337 1
0.9312033838321011 1
0.9312033838321012 1
0.9312298194589669 1
0.9312318831268012 1
0.9312336251510542 1
0.9312464446769871 1
0.9312526753557687 1
0.9312542382533863 1
0.9312542382533864 1
0.9312742472961207 1
0.9312923205688893 1
0.931293883466507 1
0.9312981116107305 1
0.9313377568238512 1
0.9313667787944793 1
0.9313667787944795 1
0.9313774020369717 1
0.93140502552947 1
0.931412475556576 1
0.9314170472500924 2
0.9314186101477101 2
0.9314186101477102 1
0.931426693560639 1
0.9314266935606392 1
0.931456692463213 1
0.9314582553608308 1
0.9314625330816724 1
0.9314663387737597 1
0.9314679016713776 1
0.9314843159557112 1
0.9314879107141119 1
0.9314899644837767 1
0.9314899644837769 1
0.9315011736919413 1
0.9315075468844981 2
0.9315075468844982 1
0.9315075468844983 1
0.9315456292000011 2
0.9315471920976189 2
0.9315514202418423 1
0.931569254910018 1
0.9315692549100182 1
0.9315749629128711 1
0.9315789012205649 1
0.9315910654549627 1
0.9316114676236085 1
0.9316185464336855 1
0.9316211139341548 1
0.9316365236156369 1
0.9316371057663525 2
0.9316447495423412 1
0.9316467520768991 1
0.9316467520768994 1
0.9316597545444237 1
0.9316597545444241 1
0.9316703558812042 2
0.9316703558812043 1
0.9316767509794731 1
0.9316767509794732 1
0.93170434266809 1
0.9317260425031405 1
0.9317512092050635 1
0.9317989378311131 1
0.9318014776606762 1
0.9318111239712229 2
0.931811123971223 1
0.9318401459418516 1
0.9318728319967429 1
0.9318840412049074 1
0.9318904143974643 2
0.9318904143974645 2
0.9319221235204103 1
0.9319236864180281 1
0.9319286293285737 1
0.931929215294246 1
0.9319406828530774 1
0.9319617687335309 1
0.9319633316311489 1
0.9319714150440777 1
0.9319773705054065 1
0.9319793511342525 1
0.9319793511342526 1
0.931980328066198 2
0.9320126231548163 1
0.9320151410786677 2
0.93202576432116 1
0.9320426220573901 1
0.9320426220573903 1
0.9320522683679369 1
0.9321185563266535 1
0.9321437230285761 1
0.9321446999605217 1
0.9321543462710686 1
0.9321639925816152 1
0.9321737715077684 1
0.9321779719810854 1
0.9321833682416968 1
0.9321833682416971 1
0.9321843451736426 1
0.932193991484189 1
0.9322106662788278 1
0.9322272635047532 1
0.93223363669731 1
0.9322432830078567 1
0.932257262407327 1
0.9322669087178735 1
0.9322947708149647 1
0.9323065539309944 1
0.9323225734340979 1
0.93234318653643 1
0.9323461991441149 1
0.932346199144115 1
0.9323461991441151 1
0.9323477620417329 2
0.9323584129551311 1
0.9323622186472187 1
0.9323718649577653 1
0.9323718649577654 1
0.9323858443572354 1
0.9323858443572357 1
0.9323954906677823 2
0.932435135880903 1
0.9324351358809031 1
0.9324351358809032 1
0.9324747810940237 1
0.9325262689011313 1
0.9325637178308116 1
0.9325652807284293 1
0.9325758820652098 1
0.9325964951675416 1
0.9326098688520957 1
0.9326101310177191 1
0.9326217114460826 1
0.9326282042904875 1
0.9326282042904878 1
0.9326297671881056 1
0.9326361403806626 1
0.9326495140652165 1
0.9326864088362754 2
0.9326894214439605 1
0.9327087140650537 1
0.9327090576143467 1
0.9327306295546991 1
0.9327308681592916 1
0.9327387129676279 1
0.932744764519774 1
0.9327483592781747 1
0.9327487028274676 2
0.9327502657250853 1
0.9327753455730634 1
0.9328062202778393 1
0.9328101585855328 1
0.9328276497044158 1
0.9328355539907094 1
0.932841867708479 1
0.9328498037986535 2
0.9328592115046075 1
0.9328592115046077 1
0.9328894490117742 1
0.9329056246915151 1
0.9329069401306572 1
0.9329333442748303 1
0.9329487816272184 1
0.9329623662454587 1
0.9329803710983162 1
0.9330020114585794 1
0.9330126347010718 1
0.9330178200279964 1
0.9330522799141923 1
0.9330522799141925 2
0.9330856114095435 1
0.9330919251273131 1
0.9331015714378599 1
0.9331031124297654 1
0.9331031124297655 1
0.9331073624797009 1
0.9331412166509803 1
0.9331533808853786 1
0.9331573687696902 1
0.9331630271959253 1
0.933180861864101 1
0.9331824247617189 1
0.9331866529059423 1
0.9331930260984991 2
0.9331930260984993 1
0.9332026724090459 1
0.9332069224589814 1
0.9332278610166803 1
0.9332302640976627 1
0.933238511930079 1
0.9332423176221664 1
0.9332517253281205 1
0.9332577768802663 1
0.9332659433321835 3
0.9333055885453042 1
0.9333152348558508 1
0.933315234855851 1
0.9333217406640141 1
0.9333452337584247 1
0.9333452337584248 2
0.9333509417612781 1
0.9333548800689715 2
0.9333548800689716 1
0.9333548800689718 1
0.9333574198985349 1
0.9333864418691633 1
0.9333945252820922 4
0.9333945252820923 1
0.9333955022140379 1
0.9334051485245846 1
0.9334341704952128 1
0.9334447937377051 1
0.9334675019905637 1
0.9334844389508258 1
0.933484438950826 1
0.9334860018484439 1
0.9334923432371194 1
0.933497500893138 1
0.9335240841639464 1
0.9335240841639465 1
0.9335256470615643 2
0.9335298752057878 1
0.9335695204189084 2
0.9335733756876137 1
0.9335749166795196 1
0.9335749166795198 1
0.933574938585232 1
0.9335791667294551 1
0.9336091656320291 1
0.9336145837983524 1
0.9336584571556963 1
0.9336584571556965 1
0.9336884560582703 1
0.9336981023688169 1
0.933698102368817 1
0.9337302145158433 1
0.9337377475819377 3
0.9338195778377425 1
0.9338266843187256 1
0.9338663295318465 1
0.9338688693614098 1
0.9339075376425847 1
0.9339085145745305 1
0.9339578060981979 1
0.9340332412557336 1
0.9340386276181759 1
0.9340428875662806 1
0.934043864498226 1
0.9340715840815412 1
0.9340968003600821 1
0.9341221779925215 1
0.9341221779925217 2
0.9341508745077824 1
0.9341817492125584 1
0.9341905197209032 1
0.9341920826185209 1
0.9342111147293098 1
0.9342317278316418 1
0.9342375465443888 1
0.9342507599424305 1
0.9343368183424584 1
0.9343465972686116 1
0.9343645379257738 2
0.9343954345362617 1
0.9344041831388944 1
0.9344041831388945 1
0.9344257550792466 1
0.9344293994174353 1
0.9344392566584987 1
0.9344438283520149 1
0.9344438283520151 1
0.9344850364627536 1
0.9344850364627537 1
0.9344893141835949 1
0.9345353049183664 1
0.9345353049183666 1
0.9345516399786685 1
0.93455639079882 1
0.9345563907988201 1
0.9346145953446079 3
0.9346242416551545 1
0.9346242416551546 2
0.9346242416551547 1
0.9346574917700063 1
0.9346638868682753 3
0.9346638868682754 1
0.9346829189790639 1
0.934682918979064 2
0.9347367821962476 1
0.9347779903069859 1
0.934777990306986 1
0.9347886135494785 1
0.9348388820050912 1
0.9349012036671893 1
0.9349171954993871 1
0.9349489046223332 1
0.9349568407125077 1
0.9349804664225249 1
0.9349885498354538 1
0.9350071091681209 1
0.9350216745332631 1
0.9350216745332632 1
0.9350281950485744 1
0.9350501382091256 1
0.935069403159313 1
0.9350815673937108 1
0.935130858917378 1
0.9351308589173783 1
0.935131835849324 1
0.9351356911180295 1
0.9351414821598706 1
0.9351705041304992 1
0.9351811273729912 1
0.9352047530830083 1
0.9352101493436197 1
0.9352207725861119 2
0.935220772586112 1
0.9352604177992325 1
0.9352604177992326 2
0.9352604177992327 1
0.9352700641097793 1
0.9352856064068678 1
0.9353000630123534 1
0.9353015941060899 1
0.9353097093229 2
0.9353236887223705 1
0.9353333350329168 1
0.9353429813434637 1
0.9353648968331087 1
0.9353729802460378 2
0.9353745431436554 1
0.9353808845323313 1
0.9353889997491414 1
0.9353889997491415 1
0.9354126254591582 1
0.9354141883567761 1
0.9354222717697052 1
0.9354538335698969 1
0.9354619169828255 1
0.9354619169828259 1
0.9354634798804438 1
0.9355015621959464 1
0.9355031250935639 1
0.9355688309015652 1
0.9356702436149931 1
0.9356781202303803 1
0.935687766540927 1
0.9357558477590038 1
0.9357654940695507 1
0.9358051392826713 1
0.9358463473934097 1
0.9358463473934099 1
0.9358859926065303 1
0.9359102281381694 1
0.9359601253767529 1
0.9359664985693099 1
0.9359819359216981 1
0.9360061437824306 1
0.9360654763978747 1
0.9361187062292358 1
0.9361599143399743 1
0.9361801619873014 1
0.9361860026057605 1
0.9362198072004216 1
0.9362198072004217 3
0.9362198072004219 1
0.9362530792209857 2
0.9362785064300434 1
0.9362927244341062 2
0.9362927244341063 1
0.936344583458243 1
0.9363682091682601 1
0.9363720148603474 1
0.9363720148603477 1
0.9363826381028397 1
0.9363826381028398 2
0.9364222833159606 4
0.9364238462135783 1
0.9364634914266992 1
0.9364715748396278 1
0.936471574839628 1
0.9365031366398198 1
0.9365112200527484 1
0.9365112200527487 2
0.9365127829503663 1
0.9365508652658692 1
0.9365524281634872 1
0.9365920733766078 1
0.9365963015208313 1
0.936612453639541 1
0.9366359467339517 1
0.9366755919470724 1
0.9367152371601931 1
0.9367274233003031 2
0.9367274233003033 1
0.9367564452709314 2
0.9367670685134238 2
0.9368067137265446 1
0.936816360037091 1
0.9368463589396652 1
0.936856005250212 1
0.9368956504633326 1
0.9368956504633327 1
0.9369052967738791 2
0.9369352956764532 1
0.9369352956764533 2
0.936944941987 1
0.9369517099607869 1
0.9369613562713335 1
0.9369845872001206 2
0.9369845872001207 1
0.9370242324132413 1
0.937031000387028 1
0.9370696686682031 2
0.9370996675707771 2
0.9371093138813238 1
0.9371489590944444 1
0.9371489590944445 1
0.9371568633807379 1
0.9371595823369367 1
0.9371674866232305 1
0.9371886043075651 2
0.9371982506181118 1
0.9371982506181119 1
0.9371992275500576 2
0.9372088738606043 1
0.9372485190737246 1
0.937327809499966 1
0.9373771010236337 1
0.9374167462367542 1
0.9374525361811692 1
0.93749218139429 1
0.9375018277048368 1
0.9375620860202893 2
0.93760173123341 1
0.9376017312334101 1
0.9376304096547454 1
0.9376368559881212 1
0.9376605411729257 1
0.9378153946514013 1
0.937848666671965 1
0.9378512341724342 1
0.9378550398645218 1
0.9378867489874678 1
0.9378883118850854 1
0.9378946850776425 1
0.9379449535332555 1
0.9379449535332556 1
0.9379545998438021 1
0.937966039413709 2
0.9380338902700435 1
0.938068703282513 1
0.9381479937087542 1
0.9381479937087545 1
0.9381586169512467 2
0.9381982621643674 1
0.9382379073774879 1
0.9382379073774881 2
0.9382475536880347 2
0.9382533447298759 1
0.9382533943064938 1
0.9382808257085984 1
0.9382871989011554 1
0.9383108246111723 1
0.9383108246111724 1
0.9383204709217189 1
0.9383268441142759 1
0.9383504698242929 1
0.9383504698242932 1
0.9383520327219107 1
0.9383520327219108 1
0.9383520327219109 1
0.9383601161348397 1
0.9383997613479603 1
0.9384409694586989 1
0.938451570795479 1
0.9384515707954791 1
0.9384515707954794 1
0.9385008623191466 1
0.9385351112716559 1
0.9385372245161082 1
0.9385747564847765 1
0.9385801527453878 1
0.9386256109060618 1
0.9386749024297292 1
0.9386936921241384 1
0.9387033384346853 1
0.938712984745232 1
0.9387429836478058 1
0.9387841917585443 1
0.9388238369716652 1
0.9388334832822117 1
0.9389127737084528 1
0.9390384773216021 1
0.9390877688452693 2
0.9390956731315627 1
0.9391238469708951 1
0.9391427683717896 1
0.9391670592715106 1
0.939216350795178 1
0.9392559960082987 1
0.9393697739916419 1
0.9393713368892598 1
0.9393973974841403 1
0.9393992502182877 1
0.9394490644178833 3
0.9395199278819029 1
0.9395535711226657 1
0.9395992183081442 1
0.939623082622754 1
0.9396485098318115 1
0.9396627278358745 1
0.9396627278358746 1
0.939702373048995 3
0.9397023730489952 1
0.9397039359466131 1
0.939709776565072 1
0.9397420182621158 2
0.9397938496153466 2
0.9398334948284672 1
0.939873140041588 2
0.9398827863521347 1
0.9399224315652553 1
0.9399620767783758 1
0.9400075130333378 1
0.9400471582464585 2
0.9400964497701259 1
0.9401264486726997 1
0.9401264486726998 1
0.9401360949832465 2
0.9401757401963671 1
0.9401839562249024 1
0.9401863634388596 1
0.9402656538651007 1
0.9402656538651009 3
0.9402753001756474 1
0.9403052990782215 1
0.9404300257594247 1
0.9404396720699713 1
0.9404696709725454 1
0.9405189624962125 1
0.9405586077093331 1
0.9405586077093332 1
0.9406475444461213 1
0.9406475444461215 1
0.9408527989958162 1
0.9409320894220576 1
0.9410113798482989 1
0.9411137733086288 1
0.94122504326629 1
0.9412250432662901 1
0.9412979604999744 2
0.9412979604999745 1
0.9413376057130951 1
0.9413772509262158 1
0.9414783518974019 1
0.9416015375866992 1
0.9416411827998198 1
0.9416411827998199 1
0.9417204732260612 1
0.9417301195366079 1
0.9417316824342258 1
0.9417697647497286 1
0.9417713276473463 1
0.9417713276473464 1
0.9418109728604671 1
0.9419859679972832 1
0.9420652584235246 4
0.9420913190184049 1
0.9421638414708595 1
0.9422827771102213 1
0.9424260313202103 1
0.942497417460158 1
0.9425149680569984 1
0.9425167100812515 1
0.9425370626732789 1
0.9425863541969461 2
0.9425863541969463 1
0.9426339036963602 1
0.9426752909337343 1
0.9428602759303899 2
0.9430739393483811 2
0.9431135845615017 1
0.9431242078039942 1
0.9431532297746225 1
0.9431638530171149 1
0.9432131445407822 1
0.9432527897539029 2
0.9432924349670234 1
0.9432924349670236 1
0.9433320801801441 2
0.943377516435106 1
0.9434568068613471 1
0.9434568068613473 1
0.9435060983850149 1
0.9435853888112561 1
0.9437537485898918 1
0.9446695267993606 1
0.9447076091148634 1
0.9447472543279839 1
0.9447488172256017 1
0.9447488172256019 2
0.9450523943123266 1
0.9450523943123268 1
0.9451413310491148 1
0.9452206214753559 1
0.9453956166121722 1
0.9454352618252928 1
0.9454449081358396 1
0.9454845533489602 1
0.9462699245452788 1
0.94648358796327 2
0.9475994945491076 1
0.9480791754142492 1
0.9484620429272155 1
0.948511334450883 1
0.9515284692422589 1
