
 0.397
 0.399
 0.405
 0.403
 0.383
 0.398
 0.398
 0.402
 0.416
 0.417
 0.413
 0.416
 0.420
 0.422
 0.411
 0.414
 0.413
 0.423
 0.422
 0.415
 0.418
 0.429
 0.435
 0.417
 0.429
 0.423
 0.424
 0.422
 0.426
 0.436
 0.434
 0.432
 0.425
 0.439
 0.426
 0.451
 0.450
 0.430
 0.435
 0.436
 0.425
 0.431
 0.446
 0.439
 0.438
 0.451
 0.432
 0.433
 0.440
 0.442
 0.452
 0.466
 0.448
 0.451
 0.455
 0.451
 0.468
 0.449
 0.470
 0.460
 0.466
 0.466
 0.475
 0.453
 0.459
 0.478
 0.467
 0.470
 0.465
 0.462
 0.472
 0.475
 0.464
 0.469
 0.474
 0.462
 0.473
 0.489
 0.483
 0.470
 0.488
 0.494
 0.486
 0.475
 0.487
 0.471
 0.484
 0.475
 0.487
 0.473
 0.498
 0.497
 0.497
 0.497
 0.490
 0.486
 0.502
 0.491
 0.477
 0.493
 0.498
 0.479
 0.486
 0.505
 0.487
 0.503
 0.497
 0.507
 0.502
 0.501
 0.516
 0.510
 0.504
 0.516
 0.519
 0.506
 0.512
 0.506
 0.504
 0.511
 0.534
 0.514
 0.522
 0.516
 0.523
 0.526
 0.513
 0.533
 0.527
 0.542
 0.530
 0.551
 0.553
 0.551
 0.547
 0.554
 0.557
 0.541
 0.557
 0.527
 0.563
 0.539
 0.534
 0.556
 0.564
 0.561
 0.558
 0.557
 0.568
 0.571
 0.575
 0.558
 0.585
 0.570
 0.573
 0.573
 0.565
 0.575
 0.567
 0.574
 0.547
 0.570
 0.549
 0.577
 0.562
 0.549
 0.565
 0.554
 0.565
 0.573
 0.582
 0.586
 0.579
 0.581
 0.598
 0.582
 0.584
 0.575
 0.579
 0.585
 0.584
 0.580
 0.586
 0.581
 0.572
 0.575
 0.595
 0.583
 0.592
 0.602
 0.581
 0.610
 0.589
 0.603
 0.592
 0.603
 0.613
 0.590
 0.584
 0.621
 0.593
 0.606
 0.613
 0.605
 0.617
 0.610
 0.623
 0.616
 0.614
 0.602
 0.619
 0.632
 0.580
 0.594
 0.611
 0.617
 0.636
 0.627
 0.599
 0.623
 0.618
 0.640
 0.631
 0.621
 0.633
 0.628
 0.609
 0.630
 0.603
 0.659
 0.608
 0.637
 0.639
 0.598
 0.623
 0.638
 0.642
 0.620
 0.633
 0.645
 0.646
 0.649
 0.626
 0.644
 0.652
 0.648
 0.657
 0.646
 0.643
 0.667
 0.642
 0.628
 0.641
 0.641
 0.629
 0.667
 0.619
 0.630
 0.612
 0.653
 0.626
 0.643
 0.640
 0.638
 0.639
 0.654
 0.653
 0.672
 0.652
 0.674
 0.657
 0.635
 0.662
 0.643
 0.636
 0.642
 0.655
 0.659
 0.646
 0.656
 0.656
 0.657
 0.671
 0.656
 0.657
 0.629
 0.627
 0.644
 0.637
 0.662
 0.639
 0.635
 0.636
 0.645
 0.672
 0.665
 0.666
 0.669
 0.670
 0.659
 0.651
 0.691
 0.661
 0.647
 0.693
 0.674
 0.646
 0.641
 0.679
 0.656
 0.664
 0.680
 0.663
 0.663
 0.672
 0.678
 0.675
 0.678
 0.640
 0.679
 0.681
 0.689
 0.678
 0.689
 0.678
 0.679
 0.683
 0.687
 0.688
 0.684
 0.697
 0.683
 0.686
 0.692
 0.684
 0.691
 0.678
 0.687
 0.668
 0.684
 0.669
 0.666
 0.707
 0.696
 0.695
 0.684
 0.701
 0.694
 0.683
 0.687
 0.674
 0.690
 0.693
 0.679
 0.693
 0.702
 0.698
 0.683
 0.663
 0.677
 0.691
 0.674
 0.686
 0.698
 0.710
 0.685
 0.702
 0.691
 0.679
 0.686
 0.684
 0.686
 0.700
 0.688
 0.705
 0.702
 0.700
 0.679
 0.683
 0.670
 0.694
 0.716
 0.697
 0.679
 0.688
 0.700
 0.710
 0.698
 0.698
 0.663
 0.713
 0.702
 0.705
 0.719
 0.711
 0.695
 0.694
 0.699
 0.655
 0.667
 0.710
 0.683
 0.702
 0.682
 0.692
 0.709
 0.710
 0.693
 0.696
 0.700
 0.705
 0.722
 0.695
 0.714
 0.709
 0.697
 0.662
 0.693
 0.699
 0.696
 0.679
 0.703
 0.690
 0.705
 0.651
 0.713
 0.714
 0.689
 0.698
 0.733
 0.690
 0.722
 0.708
 0.690
 0.700
 0.646
 0.705
 0.712
 0.681
 0.699
 0.705
 0.687
 0.698
 0.674
 0.706
 0.709
 0.702
 0.699
 0.699
 0.710
 0.696
 0.709
 0.716
 0.710
 0.709
 0.704
 0.698
 0.703
 0.698
 0.706
 0.720
 0.690
 0.722
 0.717
 0.710
 0.677
 0.733
 0.702
 0.700
 0.681
 0.706
 0.693
 0.715
 0.700
 0.684
 0.707
 0.707
 0.680
 0.693
 0.720
 0.724
 0.699
 0.703
 0.722
 0.713
 0.721
 0.679
 0.711
 0.692
 0.710
 0.720
 0.726
 0.708
 0.674
 0.716
 0.705
 0.701
 0.708
 0.674
 0.702
 0.736
 0.703
 0.690
 0.708
 0.703
 0.700
 0.717
 0.707
 0.685
 0.712
 0.702
 0.711
 0.724
 0.713
 0.718
 0.696
 0.708
 0.686
 0.722
 0.694
 0.694
 0.710
 0.713
 0.733
 0.716
 0.705
 0.721
 0.708
 0.706
 0.714
 0.702
 0.724
 0.708
 0.722
 0.704
 0.714
 0.705
 0.733
 0.710
 0.714
 0.725
 0.716
 0.722
 0.738
 0.721
 0.729
 0.703
 0.720
 0.740
 0.705
 0.725
 0.724
 0.724
 0.732
 0.717
 0.697
 0.692
 0.708
 0.706
 0.722
 0.708
 0.697
 0.695
 0.729
 0.696
 0.730
 0.733
 0.708
 0.730
 0.710
 0.728
 0.704
 0.714
 0.733
 0.707
 0.705
 0.715
 0.715
 0.731
 0.726
 0.719
 0.696
 0.710
 0.710
 0.692
 0.711
 0.711
 0.732
 0.707
 0.725
 0.711
 0.708
 0.715
 0.700
 0.700
 0.685
 0.745
 0.730
 0.732
 0.719
 0.711
 0.682
 0.708
 0.718
 0.734
 0.712
 0.706
 0.712
 0.723
 0.718
 0.721
 0.703
 0.672
 0.696
 0.713
 0.730
 0.715
 0.728
 0.717
 0.702
 0.698
 0.715
 0.712
 0.717
 0.715
 0.711
 0.744
 0.732
 0.712
 0.713
 0.695
 0.671
 0.737
 0.727
 0.732
 0.740
 0.736
 0.751
 0.718
 0.716
 0.720
 0.724
 0.728
 0.722
 0.719
 0.721
 0.717
 0.738
 0.723
 0.742
 0.729
 0.726
 0.739
 0.708
 0.731
 0.746
 0.743
 0.705
 0.742
 0.743
 0.731
 0.701
 0.730
 0.733
 0.735
 0.724
 0.723
 0.721
 0.741
 0.721
 0.719
 0.741
 0.705
 0.730
 0.715
 0.729
 0.720
 0.719
 0.725
 0.741
 0.722
 0.717
 0.695
 0.696
 0.734
 0.720
 0.734
 0.695
 0.725
 0.743
 0.718
 0.722
 0.719
 0.719
 0.720
 0.715
 0.710
 0.736
 0.712
 0.712
 0.713
 0.711
 0.720
 0.722
 0.695
 0.746
 0.725
 0.711
 0.731
 0.745
 0.729
 0.723
 0.727
 0.734
 0.734
 0.731
 0.720
 0.713
 0.730
 0.708
 0.722
 0.737
 0.727
 0.741
 0.726
 0.742
 0.721
 0.743
 0.707
 0.723
 0.718
 0.713
 0.725
 0.722
 0.714
 0.701
 0.758
 0.708
 0.728
 0.738
 0.713
 0.713
 0.729
 0.717
 0.728
 0.707
 0.729
 0.731
 0.714
 0.709
 0.732
 0.727
 0.707
 0.727
 0.722
 0.717
 0.728
 0.726
 0.738
 0.737
 0.690
 0.734
 0.734
 0.696
 0.727
 0.707
 0.727
 0.732
 0.729
 0.743
 0.715
 0.719
 0.731
 0.721
 0.724
 0.727
 0.708
 0.707
 0.737
 0.682
 0.716
 0.742
 0.732
 0.695
 0.728
 0.728
 0.738
 0.742
 0.733
 0.739
 0.729
 0.727
 0.756
 0.734
 0.725
 0.718
 0.726
 0.649
 0.716
 0.714
 0.684
 0.719
 0.720
 0.730
 0.709
 0.719
 0.724
 0.746
 0.722
 0.736
 0.716
 0.701
 0.704
 0.730
 0.731
 0.729
 0.729
 0.719
 0.720
 0.720
 0.730
 0.719
 0.725
 0.720
 0.731
 0.717
 0.695
 0.731
 0.717
 0.721
 0.713
 0.738
 0.707
 0.731
 0.713
 0.734
 0.738
 0.706
 0.726
 0.661
 0.721
 0.697
 0.730
 0.681
 0.706
 0.691
 0.719
 0.729
 0.710
 0.741
 0.698
 0.709
 0.724
 0.708
 0.734
 0.720
 0.710
 0.718
 0.699
 0.743
 0.717
 0.718
 0.722
 0.709
 0.734
 0.708
 0.734
 0.716
 0.731
 0.709
 0.722
 0.729
 0.715
 0.744
 0.728
 0.721
 0.723
 0.702
 0.738
 0.727
 0.732
 0.721
 0.709
 0.740
 0.692
 0.708
 0.739
 0.717
 0.692
 0.724
 0.753
 0.714
 0.714
 0.695
 0.722
 0.716
 0.707
 0.691
 0.708
 0.704
 0.699
 0.735
 0.736
 0.716
 0.708
 0.724
 0.725
 0.733
 0.693
 0.743
 0.737
 0.733
 0.709
 0.730
 0.735
 0.718
 0.733
 0.718
 0.692
 0.718
 0.734
 0.711
 0.718
 0.691
 0.717
 0.701
 0.719
 0.715
 0.718
 0.736
 0.733
 0.735
 0.725
 0.712
 0.744
 0.737
 0.713
 0.744
 0.743
 0.732
 0.727
 0.731
 0.735
 0.744
 0.733
 0.715
 0.729
 0.726
 0.724
 0.734
 0.719
 0.737
 0.714
 0.734
 0.705
 0.729
 0.733
 0.720
 0.712
 0.717
 0.723
 0.735
 0.703
 0.731
 0.716
 0.731
 0.740
 0.693
 0.742
 0.720
 0.723
 0.719
 0.697
 0.755
 0.708
 0.738
 0.702
 0.734
 0.725
 0.705
 0.716
 0.744
 0.724
 0.715
 0.710
 0.717
 0.722
 0.712
 0.704
 0.717
 0.735
 0.750
 0.732
 0.730
 0.718
 0.728
 0.715
 0.731
 0.737
 0.718
 0.712
 0.726
 0.727
 0.720
 0.723
 0.720
 0.686
 0.694
 0.713
 0.725
 0.695
 0.715
 0.720
 0.727
 0.738
 0.710
 0.733
 0.732
 0.717
 0.704
 0.694
 0.732
 0.726
 0.724
 0.735
 0.687
 0.712
 0.734
 0.742
 0.715
 0.730
 0.721
 0.730
 0.712
 0.735
 0.716
 0.724
 0.734
 0.740
 0.717
 0.715
 0.716
 0.733
 0.706
 0.714
 0.734
 0.710
 0.722
 0.720
 0.717
 0.717
 0.714
 0.698
 0.729
 0.725
 0.736
 0.754
 0.708
 0.716
 0.724
 0.729
 0.718
 0.734
 0.710
 0.738
 0.735
 0.733
 0.729
 0.708
 0.691
 0.723
 0.743
 0.719
 0.744
 0.738
 0.725
 0.731
 0.718
 0.689
 0.733
 0.726
 0.697
 0.735
 0.711
 0.732
 0.732
 0.730
 0.734
 0.708
 0.714
 0.746
 0.736
 0.734
 0.717
 0.735
 0.723
 0.748
 0.724
 0.711
 0.710
 0.734
 0.733
 0.709
 0.729
 0.720
 0.704
 0.741
 0.685
 0.715
 0.698
 0.717
 0.749
 0.732
 0.713
 0.728
 0.731
 0.725
 0.688
 0.722
 0.722
 0.715
 0.720
 0.710
 0.720
 0.717
 0.715
 0.720
 0.716
 0.739
 0.733
 0.731
 0.699
 0.716
 0.729
 0.743
 0.745
 0.719
 0.717
 0.699
 0.714
 0.704
 0.717
 0.741
 0.698
 0.728
 0.740
 0.724
 0.719
 0.695
 0.701
 0.730
 0.696
 0.740
 0.727
 0.733
 0.731
 0.697
 0.738
 0.729
 0.716
 0.691
 0.721
 0.711
 0.731
 0.745
 0.708
 0.735
 0.730
 0.693
 0.734
 0.744
 0.687
 0.721
 0.716
 0.686
 0.714
 0.723
 0.723
 0.738
 0.747
 0.735
 0.676
 0.723
 0.733
 0.725
 0.720
 0.740
 0.723
 0.711
 0.723
 0.728
 0.717
 0.728
 0.712
 0.743
 0.700
 0.719
 0.711
 0.732
 0.716
 0.732
 0.744
 0.710
 0.738
 0.721
 0.682
 0.712
 0.715
 0.749
 0.725
 0.718
 0.732
 0.734
 0.707
 0.716
 0.721
 0.738
 0.732
 0.737
 0.736
 0.729
 0.707
 0.704
 0.720
 0.703
 0.709
 0.725
 0.700
 0.724
 0.724
 0.745
 0.722
 0.727
 0.715
 0.731
 0.703
 0.705
 0.711
 0.735
 0.711
 0.740
 0.730
 0.727
 0.708
 0.751
 0.738
 0.735
 0.726
 0.726
 0.755
 0.722
 0.746
 0.696
 0.742
 0.749
 0.699
 0.717
 0.739
 0.693
 0.742
 0.736
 0.735
 0.724
 0.717
 0.699
 0.732
 0.739
 0.705
 0.732
 0.745
 0.723
 0.705
 0.725
 0.714
 0.737
 0.720
 0.727
 0.716
 0.730
 0.707
 0.700
 0.726
 0.712
 0.705
 0.707
 0.735
 0.727
 0.718
 0.710
 0.721
 0.713
 0.741
 0.708
 0.738
 0.733
 0.722
 0.693
 0.733
 0.724
 0.716
 0.716
 0.725
 0.703
 0.719
 0.701
 0.701
 0.726
 0.731
 0.740
 0.742
 0.718
 0.743
 0.731
 0.718
 0.750
 0.748
 0.722
 0.722
 0.730
 0.722
 0.709
 0.728
 0.726
 0.749
 0.729
 0.717
 0.713
 0.725
 0.731
 0.731
 0.736
 0.708
 0.721
 0.712
 0.730
 0.709
 0.719
 0.716
 0.742
 0.716
 0.737
 0.725
 0.734
 0.691
 0.725
 0.729
 0.718
 0.727
 0.702
 0.738
 0.719
 0.715
 0.717
 0.728
 0.732
 0.707
 0.709
 0.736
 0.699
 0.724
 0.733
 0.708
 0.705
 0.705
 0.738
 0.724
 0.722
 0.717
 0.699
 0.720
 0.730
 0.728
 0.737
 0.728
 0.731
 0.721
 0.727
 0.726
 0.714
 0.705
 0.728
 0.740
 0.726
 0.718
 0.719
 0.720
 0.726
 0.724
 0.718
 0.739
 0.734
 0.722
 0.739
 0.710
 0.696
 0.744
 0.690
 0.740
 0.701
 0.710
 0.726
 0.723
 0.743
 0.723
 0.708
 0.732
 0.730
 0.722
 0.733
 0.699
 0.734
 0.709
 0.727
 0.721
 0.715
 0.722
 0.708
 0.683
 0.738
 0.733
 0.736
 0.733
 0.750
 0.701
 0.715
 0.741
 0.714
 0.717
 0.721
 0.729
 0.711
 0.727
 0.731
 0.732
 0.741
 0.734
 0.721
 0.736
 0.706
 0.684
 0.720
 0.727
 0.736
 0.739
 0.702
 0.698
 0.742
 0.703
 0.709
 0.724
 0.691
 0.706
 0.712
 0.706
 0.743
 0.712
 0.720
 0.727
 0.710
 0.740
 0.707
 0.743
 0.723
 0.715
 0.742
 0.713
 0.740
 0.731
 0.708
 0.720
 0.721
 0.709
 0.728
 0.722
 0.733
 0.713
 0.723
 0.739
 0.717
 0.726
 0.715
 0.710
 0.717
 0.724
 0.735
 0.729
 0.714
 0.726
 0.705
 0.717
 0.729
 0.733
 0.725
 0.732
 0.711
 0.736
 0.691
 0.720
 0.723
 0.712
 0.731
 0.707
 0.706
 0.708
 0.722
 0.750
 0.745
 0.738
 0.712
 0.736
 0.756
 0.728
 0.723
 0.729
 0.716
 0.684
 0.726
 0.721
 0.705
 0.729
 0.727
 0.729
 0.735
 0.699
 0.703
 0.723
 0.716
 0.710
 0.732
 0.712
 0.722
 0.725
 0.713
 0.728
 0.738
 0.721
 0.721
 0.736
 0.683
 0.697
 0.703
 0.744
 0.732
 0.714
 0.714
 0.729
 0.701
 0.732
 0.687
 0.728
 0.705
 0.739
 0.718
 0.718
 0.742
 0.713
 0.723
 0.742
 0.736
 0.709
 0.716
 0.733
 0.735
 0.749
 0.722
 0.741
 0.723
 0.738
 0.726
 0.728
 0.729
 0.730
 0.718
 0.730
 0.753
 0.709
 0.720
 0.742
 0.725
 0.729
 0.711
 0.740
 0.696
 0.726
 0.724
 0.718
 0.723
 0.711
 0.727
 0.738
 0.731
 0.742
 0.748
 0.729
 0.718
 0.726
 0.721
 0.738
 0.732
 0.720
 0.720
 0.729
 0.739
 0.734
 0.748
 0.722
 0.706
 0.737
 0.713
 0.727
 0.686
 0.725
 0.727
 0.718
 0.752
 0.707
 0.705
 0.728
 0.719
 0.727
 0.712
 0.701
 0.733
 0.713
 0.741
 0.715
 0.704
 0.686
 0.722
 0.725
 0.722
 0.701
 0.732
 0.730
 0.717
 0.729
 0.738
 0.741
 0.705
 0.720
 0.721
 0.722
 0.705
 0.700
 0.722
 0.710
 0.705
 0.726
 0.717
 0.728
 0.721
 0.732
 0.719
 0.713
 0.728
 0.718
 0.719
 0.738
 0.715
 0.732
 0.715
 0.741
 0.707
 0.738
 0.739
 0.716
 0.719
 0.709
 0.714
 0.722
 0.710
 0.740
 0.689
 0.743
 0.736
 0.700
 0.733
 0.715
 0.755
 0.722
 0.719
 0.713
 0.711
 0.717
 0.720
 0.727
 0.723
 0.720
 0.742
 0.698
 0.704
 0.713
 0.713
 0.734
 0.719
 0.734
 0.730
 0.718
 0.702
 0.743
 0.715
 0.728
 0.718
 0.734
 0.700
 0.708
 0.733
 0.698
 0.723
 0.720
 0.746
 0.731
 0.697
 0.726
 0.733
 0.715
 0.689
 0.714
 0.717
 0.723
 0.746
 0.718
 0.701
 0.689
 0.712
 0.705
 0.731
 0.712
 0.702
 0.728
 0.748
 0.709
 0.703
 0.721
 0.718
 0.737
 0.737
 0.734
 0.726
 0.739
 0.688
 0.717
 0.705
 0.710
 0.706
 0.712
 0.730
 0.718
 0.733
 0.737
 0.717
 0.713
 0.725
 0.727
 0.719
 0.707
 0.741
 0.693
 0.711
 0.754
 0.698
 0.717
 0.742
 0.709
 0.738
 0.694
 0.714
 0.719
 0.731
 0.715
 0.712
 0.714
 0.734
 0.732
 0.743
 0.698
 0.733
 0.693
 0.723
 0.739
 0.714
 0.722
 0.714
 0.722
 0.725
 0.711
 0.722
 0.721
 0.715
 0.732
 0.745
 0.720
 0.723
 0.727
 0.715
 0.710
 0.717
 0.713
 0.742
 0.694
 0.699
 0.732
 0.732
 0.719
 0.714
 0.751
 0.694
 0.716
 0.716
 0.731
 0.714
 0.725
 0.748
 0.727
 0.709
 0.747
 0.733
 0.739
 0.710
 0.738
 0.729
 0.729
 0.757
 0.709
 0.740
 0.741
 0.706
 0.738
 0.729
 0.726
 0.729
 0.709
 0.723
 0.721
 0.739
 0.715
 0.700
 0.724
 0.712
 0.740
 0.728
 0.714
 0.728
 0.713
 0.706
 0.714
 0.747
 0.706
 0.711
 0.713
 0.743
 0.700
 0.729
 0.698
 0.733
 0.711
 0.711
 0.708
 0.711
 0.730
 0.724
 0.712
 0.731
 0.737
 0.730
 0.707
 0.728
 0.726
 0.683
 0.711
 0.723
 0.728
 0.731
 0.708
 0.695
 0.688
 0.715
 0.733
 0.726
 0.706
 0.725
 0.738
 0.718
 0.717
 0.697
 0.711
 0.711
 0.712
 0.739
 0.706
 0.732
 0.711
 0.722
 0.699
 0.711
 0.744
 0.698
 0.760
 0.742
 0.722
 0.717
 0.734
 0.725
 0.719
 0.729
 0.722
 0.727
 0.748
 0.732
 0.726
 0.725
 0.733
 0.725
 0.725
 0.711
 0.731
 0.695
 0.703
 0.699
 0.737
 0.738
 0.716
 0.739
 0.716
 0.729
 0.711
 0.692
 0.732
 0.735
 0.703
 0.692
 0.711
 0.684
 0.724
 0.709
 0.721
 0.718
 0.731
 0.719
 0.727
 0.732
 0.694
 0.702
 0.732
 0.730
 0.729
 0.743
 0.716
 0.707
 0.728
 0.714
 0.713
 0.720
 0.716
 0.685
 0.733
 0.731
 0.728
 0.737
 0.727
 0.740
 0.700
 0.751
 0.707
 0.733
 0.727
 0.714
 0.724
 0.738
 0.728
 0.730
 0.749
 0.735
 0.733
 0.692
 0.730
 0.703
 0.717
 0.716
 0.722
 0.731
 0.722
 0.720
 0.721
 0.726
 0.715
 0.717
 0.717
 0.729
 0.719
 0.746
 0.695
 0.691
 0.721
 0.715
 0.720
 0.730
 0.706
 0.740
 0.712
 0.718
 0.743
 0.727
 0.724
 0.724
 0.728
 0.721
 0.736
 0.711
 0.737
 0.738
 0.695
 0.739
 0.713
 0.724
 0.727
 0.689
 0.741
 0.731
 0.753
 0.733
 0.727
 0.733
 0.724
 0.719
 0.728
 0.703
 0.720
 0.732
 0.701
 0.700
 0.716
 0.714
 0.742
 0.730
 0.730
 0.718
 0.719
 0.759
 0.704
 0.728
 0.738
 0.706
 0.714
 0.707
 0.732
 0.717
 0.728
 0.741
 0.738
 0.681
 0.717
 0.721
 0.724
 0.715
 0.703
 0.731
 0.737
 0.698
 0.718
 0.727
 0.744
 0.690
 0.726
 0.702
 0.712
 0.717
 0.703
 0.725
 0.725
 0.713
 0.737
 0.727
 0.723
 0.720
 0.720
 0.719
 0.735
 0.726
 0.711
 0.711
 0.717
 0.717
 0.732
 0.700
 0.720
 0.720
 0.699
 0.712
 0.726
 0.701
 0.737
 0.746
 0.691
 0.728
 0.735
 0.687
 0.696
 0.724
 0.719
 0.726
 0.727
 0.716
 0.711
 0.718
 0.719
 0.720
 0.728
 0.725
 0.739
 0.670
 0.717
 0.723
 0.712
 0.704
 0.706
 0.679
 0.699
 0.710
 0.720
 0.721
 0.717
 0.746
 0.709
 0.739
 0.716
 0.704
 0.721
 0.748
 0.730
 0.712
 0.710
 0.736
 0.720
 0.712
 0.706
 0.707
 0.718
 0.711
 0.740
 0.728
 0.737
 0.718
 0.720
 0.736
 0.735
 0.714
 0.738
 0.736
 0.714
 0.730
 0.688
 0.722
 0.720
 0.724
 0.749
 0.740
 0.722
 0.728
 0.736
 0.691
 0.725
 0.729
 0.725
 0.714
 0.721
 0.726
 0.709
 0.707
 0.711
 0.712
 0.716
 0.725
 0.731
 0.731
 0.728
 0.703
 0.739
 0.729
 0.695
 0.688
 0.710
 0.717
 0.738
 0.707
 0.723
 0.731
 0.680
 0.726
 0.721
 0.730
 0.717
 0.707
 0.717
 0.722
 0.700
 0.731
 0.710
 0.669
 0.716
 0.722
 0.711
 0.722
 0.704
 0.738
 0.742
 0.694
 0.717
 0.739
 0.729
 0.723
 0.734
 0.721
 0.733
 0.718
 0.721
 0.697
 0.730
 0.699
 0.705
 0.719
 0.726
 0.736
 0.692
 0.736
 0.727
 0.750
 0.694
 0.718
 0.756
 0.711
 0.731
 0.718
 0.723
 0.715
 0.735
 0.703
 0.703
 0.740
 0.665
 0.729
 0.722
 0.708
 0.715
 0.723
 0.700
 0.736
 0.718
 0.742
 0.741
 0.709
 0.725
 0.727
 0.721
 0.736
 0.718
 0.715
 0.733
 0.739
 0.736
 0.735
 0.725
 0.723
 0.731
 0.717
 0.718
 0.737
 0.716
 0.714
 0.732
 0.704
 0.724
 0.689
 0.706
 0.722
 0.726
 0.720
 0.727
 0.732
 0.735
 0.741
 0.726
 0.712
 0.735
 0.698
 0.721
 0.727
 0.705
 0.725
 0.710
 0.733
 0.678
 0.706
 0.721
 0.692
 0.714
 0.727
 0.731
 0.685
 0.713
 0.714
 0.728
 0.737
 0.708
 0.716
 0.730
 0.733
 0.722
 0.710
 0.711
 0.744
 0.698
 0.728
 0.713
 0.698
 0.726
 0.693
 0.722
 0.720
 0.714
 0.727
 0.723
 0.729
 0.705
 0.722
 0.715
 0.740
 0.728
 0.738
 0.718
 0.718
 0.735
 0.734
 0.703
 0.717
 0.714
 0.734
 0.722
 0.739
 0.718
 0.713
 0.721
 0.714
 0.748
 0.733
 0.728
 0.729
 0.743
 0.729
 0.713
 0.721
 0.705
 0.711
 0.742
 0.725
 0.708
 0.722
 0.728
 0.705
 0.720
 0.716
 0.739
 0.720
 0.729
 0.722
 0.713
 0.735
 0.718
 0.718
 0.713
 0.727
 0.717
 0.728
 0.712
 0.732
 0.698
 0.728
 0.732
 0.716
 0.734
 0.731
 0.720
 0.690
 0.713
 0.718
 0.740
 0.734
 0.724
 0.707
 0.739
 0.707
 0.733
 0.714
 0.709
 0.735
 0.705
 0.709
 0.737
 0.737
 0.720
 0.723
 0.717
 0.701
 0.702
 0.725
 0.727
 0.706
 0.710
 0.724
 0.741
 0.723
 0.728
 0.737
 0.743
 0.721
 0.757
 0.741
 0.706
 0.723
 0.757
 0.746
 0.731
 0.722
 0.712
 0.706
 0.717
 0.733
 0.697
 0.717
 0.722
 0.713
 0.721
 0.707
 0.741
 0.720
 0.713
 0.687
 0.723
 0.701
 0.730
 0.731
 0.735
 0.731
 0.718
 0.748
 0.722
 0.725
 0.699
 0.717
 0.733
 0.724
 0.744
 0.710
 0.725
 0.717
 0.728
 0.709
 0.736
 0.732
 0.739
 0.721
 0.730
 0.719
 0.733
 0.716
 0.700
 0.718
 0.745
 0.725
 0.719
 0.746
 0.701
 0.697
 0.714
 0.740
 0.721
 0.725
 0.705
 0.723
 0.724
 0.730
 0.711
 0.720
 0.710
 0.707
 0.722
 0.740
 0.737
 0.707
 0.734
 0.742
 0.731
 0.730
 0.726
 0.715
 0.727
 0.732
 0.713
 0.734
 0.727
 0.724
 0.718
 0.711
 0.727
 0.730
 0.699
 0.736
 0.730
 0.745
 0.750
 0.709
 0.741
 0.688
 0.697
 0.721
 0.738
 0.741
 0.737
 0.725
 0.709
 0.736
 0.737
 0.715
 0.700
 0.732
 0.718
 0.741
 0.696
 0.730
 0.724
 0.721
 0.732
 0.736
 0.707
 0.704
 0.728
 0.677
 0.724
 0.721
 0.727
 0.715
 0.716
 0.733
 0.727
 0.731
 0.746
 0.718
 0.732
 0.732
 0.726
 0.711
 0.710
 0.692
 0.710
 0.732
 0.717
 0.740
 0.729
 0.715
 0.738
 0.729
 0.735
 0.699
 0.710
 0.717
 0.720
 0.722
 0.749
 0.739
 0.707
 0.735
 0.684
 0.721
 0.713
 0.726
 0.728
 0.715
 0.731
 0.721
 0.739
 0.722
 0.701
 0.712
 0.741
 0.697
 0.718
 0.715
 0.707
 0.729
 0.724
 0.706
 0.730
 0.732
 0.690
 0.715
 0.730
 0.733
 0.746
 0.739
 0.748
 0.722
 0.713
 0.728
 0.707
 0.727
 0.735
 0.723
 0.718
 0.728
 0.725
 0.739
 0.706
 0.724
 0.721
 0.722
 0.730
 0.708
 0.706
 0.718
 0.740
 0.705
 0.722
 0.707
 0.725
 0.726
 0.715
 0.707
 0.713
 0.712
 0.706
 0.709
 0.733
 0.747
 0.705
 0.724
 0.702
 0.708
 0.751
 0.705
 0.733
 0.732
 0.739
 0.727
 0.729
 0.727
 0.744
 0.729
 0.718
 0.719
 0.735
 0.737
 0.716
 0.724
 0.720
 0.739
 0.721
 0.725
 0.725
 0.725
 0.709
 0.729
 0.742
 0.700
 0.726
 0.722
 0.733
 0.726
 0.714
 0.716
 0.711
 0.713
 0.725
 0.712
 0.697
 0.690
 0.728
 0.706
 0.727
 0.732
 0.715
 0.739
 0.699
 0.727
 0.705
 0.723
 0.687
 0.698
 0.732
 0.718
 0.712
 0.718
 0.728
 0.722
 0.724
 0.725
 0.719
 0.730
 0.719
 0.741
 0.740
 0.727
 0.724
 0.710
 0.696
 0.712
 0.721
 0.735
 0.722
 0.732
 0.713
 0.727
 0.727
 0.709
 0.722
 0.729
 0.720
 0.736
 0.730
 0.721
 0.724
 0.715
 0.701
 0.729
 0.739
 0.712
 0.746
 0.695
 0.719
 0.727
 0.718
 0.732
 0.721
 0.712
 0.714
 0.717
 0.730
 0.739
 0.713
 0.748
 0.735
 0.652
 0.691
 0.725
 0.731
 0.720
 0.714
 0.729
 0.724
 0.743
 0.710
 0.737
 0.732
 0.725
 0.720
 0.732
 0.745
 0.733
 0.697
 0.741
 0.698
 0.735
 0.705
 0.732
 0.716
 0.699
 0.723
 0.730
 0.727
 0.717
 0.700
 0.734
 0.729
 0.713
 0.705
 0.745
 0.686
 0.738
 0.730
 0.729
 0.726
 0.709
 0.721
 0.739
 0.699
 0.703
 0.725
 0.709
 0.708
 0.746
 0.749
 0.706
 0.716
 0.725
 0.713
 0.704
 0.733
 0.714
 0.704
 0.729
 0.714
 0.734
 0.732
 0.735
 0.704
 0.730
 0.739
 0.723
 0.728
 0.722
 0.721
 0.714
 0.734
 0.692
 0.732
 0.729
 0.721
 0.704
 0.729
 0.714
 0.731
 0.713
 0.726
 0.700
 0.741
 0.721
 0.705
 0.722
 0.722
 0.703
 0.722
 0.692
 0.718
 0.738
 0.725
 0.699
 0.727
 0.740
 0.705
 0.737
 0.711
 0.700
 0.723
 0.719
 0.735
 0.728
 0.721
 0.714
 0.710
 0.713
 0.718
 0.717
 0.731
 0.706
 0.705
 0.733
 0.733
 0.729
 0.713
 0.699
 0.735
 0.730
 0.728
 0.692
 0.720
 0.722
 0.743
 0.725
 0.703
 0.728
 0.719
 0.724
 0.698
 0.711
 0.720
 0.714
 0.740
 0.732
 0.708
 0.738
 0.723
 0.739
 0.754
 0.710
 0.739
 0.724
 0.741
 0.724
 0.726
 0.711
 0.728
 0.722
 0.743
 0.716
 0.736
 0.717
 0.707
 0.714
 0.727
 0.742
 0.719
 0.727
 0.741
 0.710
 0.732
 0.748
 0.752
 0.736
 0.727
 0.714
 0.718
 0.729
 0.731
 0.712
 0.705
 0.707
 0.701
 0.728
 0.705
 0.719
 0.728
 0.741
 0.737
 0.720
 0.721
 0.748
 0.722
 0.735
 0.727
 0.692
 0.721
 0.726
 0.735
 0.715
 0.729
 0.706
 0.725
 0.720
 0.736
 0.715
 0.737
 0.717
 0.716
 0.739
 0.711
 0.718
 0.715
 0.702
 0.669
 0.712
 0.714
 0.722
 0.719
 0.737
 0.716
 0.747
 0.724
 0.728
 0.709
 0.709
 0.720
 0.740
 0.730
 0.694
 0.699
 0.683
 0.735
 0.715
 0.724
 0.742
 0.703
 0.729
 0.705
 0.733
 0.723
 0.732
 0.692
 0.702
 0.718
 0.726
 0.735
 0.710
 0.701
 0.733
 0.721
 0.714
 0.730
 0.734
 0.712
 0.726
 0.755
 0.733
 0.730
 0.719
 0.730
 0.706
 0.723
 0.731
 0.702
 0.717
 0.731
 0.707
 0.732
 0.739
 0.713
 0.721
 0.735
 0.727
 0.724
 0.720
 0.686
 0.715
 0.702
 0.732
 0.729
 0.709
 0.702
 0.731
 0.725
 0.748
 0.709
 0.710
 0.721
 0.700
 0.719
 0.715
 0.729
 0.702
 0.742
 0.730
 0.716
 0.682
 0.728
 0.727
 0.736
 0.700
 0.710
 0.728
 0.727
 0.729
 0.733
 0.706
 0.734
 0.704
 0.735
 0.740
 0.723
 0.713
 0.696
 0.690
 0.723
 0.734
 0.743
 0.717
 0.728
 0.741
 0.750
 0.723
 0.724
 0.693
 0.729
 0.715
 0.717
 0.743
 0.728
 0.730
 0.704
 0.721
 0.711
 0.742
 0.693
 0.741
 0.713
 0.718
 0.711
 0.736
 0.717
 0.722
 0.705
 0.709
 0.714
 0.717
 0.695
 0.708
 0.734
 0.721
 0.730
 0.737
 0.721
 0.743
 0.719
 0.724
 0.729
 0.716
 0.734
 0.714
 0.704
 0.733
 0.715
 0.715
 0.719
 0.744
 0.735
 0.727
 0.712
 0.739
 0.723
 0.703
 0.730
 0.731
 0.729
 0.710
 0.741
 0.707
 0.703
 0.731
 0.731
 0.722
 0.722
 0.730
 0.708
 0.743
 0.749
 0.714
 0.713
 0.718
 0.718
 0.730
 0.703
 0.713
 0.688
 0.751
 0.735
 0.728
 0.738
 0.737
 0.737
 0.722
 0.699
 0.733
 0.734
 0.735
 0.724
 0.733
 0.741
 0.733
 0.730
 0.707
 0.715
 0.721
 0.740
 0.740
 0.704
 0.702
 0.717
 0.731
 0.705
 0.721
 0.736
 0.731
 0.727
 0.735
 0.729
 0.708
 0.712
 0.706
 0.706
 0.732
 0.723
 0.718
 0.719
 0.715
 0.740
 0.718
 0.725
 0.718
 0.699
 0.714
 0.724
 0.747
 0.729
 0.720
 0.754
 0.709
 0.746
 0.700
 0.740
 0.735
 0.720
 0.698
 0.737
 0.720
 0.685
 0.730
 0.743
 0.729
 0.719
 0.717
 0.718
 0.706
 0.717
 0.732
 0.731
 0.723
 0.699
 0.693
 0.717
 0.715
 0.709
 0.729
 0.707
 0.739
 0.738
 0.732
 0.722
 0.659
 0.702
 0.728
 0.707
 0.708
 0.721
 0.722
 0.731
 0.742
 0.738
 0.707
 0.717
 0.738
 0.737
 0.735
 0.743
 0.719
 0.732
 0.736
 0.746
 0.695
 0.736
 0.733
 0.729
 0.732
 0.744
 0.716
 0.722
 0.709
 0.733
 0.699
 0.739
 0.716
 0.732
 0.719
 0.711
 0.728
 0.721
 0.722
 0.741
 0.735
 0.708
 0.729
 0.748
 0.733
 0.742
 0.713
 0.704
 0.711
 0.735
 0.724
 0.733
 0.729
 0.723
 0.696
 0.726
 0.716
 0.715
 0.724
 0.687
 0.736
 0.692
 0.719
 0.719
 0.739
 0.717
 0.691
 0.719
 0.700
 0.733
 0.739
 0.724
 0.711
 0.708
 0.741
 0.714
 0.748
 0.714
 0.716
 0.746
 0.742
 0.697
 0.730
 0.731
 0.721
 0.722
 0.721
 0.724
 0.736
 0.741
 0.729
 0.738
 0.731
 0.731
 0.722
 0.724
 0.731
 0.736
 0.728
 0.712
 0.697
 0.748
 0.724
 0.720
 0.714
 0.724
 0.714
 0.726
 0.733
 0.734
 0.729
 0.735
 0.735
 0.718
 0.738
 0.716
 0.741
 0.722
 0.730
 0.735
 0.728
 0.716
 0.722
 0.721
 0.717
 0.710
 0.721
 0.715
 0.729
 0.721
 0.723
 0.711
 0.729
 0.716
 0.731
 0.711
 0.710
 0.707
 0.730
 0.737
 0.710
 0.731
 0.728
 0.714
 0.706
 0.736
 0.713
 0.727
 0.713
 0.722
 0.728
 0.748
 0.737
 0.721
 0.728
 0.743
 0.712
 0.751
 0.729
 0.709
 0.729
 0.713
 0.711
 0.714
 0.726
 0.754
 0.726
 0.745
 0.721
 0.740
 0.728
 0.724
 0.706
 0.737
 0.723
 0.706
 0.704
 0.709
 0.721
 0.745
 0.716
 0.734
 0.722
 0.725
 0.720
 0.719
 0.736
 0.725
 0.730
 0.722
 0.730
 0.731
 0.748
 0.744
 0.712
 0.716
 0.725
 0.728
 0.719
 0.732
 0.707
 0.718
 0.712
 0.738
 0.724
 0.711
 0.729
 0.741
 0.737
 0.746
 0.704
 0.726
 0.707
 0.724
 0.714
 0.746
 0.714
 0.705
 0.712
 0.706
 0.730
 0.734
 0.720
 0.726
 0.734
 0.723
 0.734
 0.710
 0.740
 0.716
 0.746
 0.738
 0.709
 0.715
 0.725
 0.715
 0.734
 0.712
 0.717
 0.716
 0.737
 0.706
 0.705
 0.713
 0.737
 0.734
 0.731
 0.721
 0.725
 0.741
 0.701
 0.727
 0.733
 0.720
 0.707
 0.712
 0.729
 0.714
 0.710
 0.743
 0.719
 0.710
 0.703
 0.694
 0.730
 0.737
 0.721
 0.701
 0.721
 0.733
 0.734
 0.725
 0.721
 0.704
 0.724
 0.718
 0.724
 0.733
 0.740
 0.692
 0.721
 0.726
 0.737
 0.735
 0.701
 0.742
 0.702
 0.720
 0.736
 0.727
 0.733
 0.720
 0.728
 0.739
 0.692
 0.728
 0.697
 0.702
 0.741
 0.705
 0.721
 0.737
 0.709
 0.728
 0.708
 0.719
 0.743
 0.744
 0.741
 0.702
 0.741
 0.701
 0.729
 0.738
 0.695
 0.722
 0.743
 0.704
 0.701
 0.710
 0.718
 0.732
 0.722
 0.710
 0.718
 0.723
 0.692
 0.721
 0.713
 0.725
 0.724
 0.733
 0.732
 0.721
 0.721
 0.720
 0.721
 0.725
 0.740
 0.718
 0.728
 0.732
 0.729
 0.731
 0.720
 0.712
 0.719
 0.729
 0.717
 0.751
 0.720
 0.736
 0.743
 0.751
 0.719
 0.746
 0.738
 0.719
 0.743
 0.705
 0.724
 0.703
 0.714
 0.730
 0.734
 0.723
 0.736
 0.705
 0.705
 0.726
 0.711
 0.705
 0.707
 0.722
 0.728
 0.710
 0.713
 0.717
 0.700
 0.731
 0.721
 0.728
 0.731
 0.723
 0.720
 0.726
 0.718
 0.689
 0.692
 0.728
 0.727
 0.734
 0.719
 0.710
 0.706
 0.718
 0.710
 0.713
 0.731
 0.710
 0.689
 0.729
 0.720
 0.726
 0.724
 0.741
 0.731
 0.701
 0.707
 0.705
 0.717
 0.694
 0.714
 0.692
 0.720
 0.708
 0.719
 0.740
 0.701
 0.736
 0.728
 0.726
 0.733
 0.716
 0.747
 0.726
 0.727
 0.724
 0.717
 0.706
 0.732
 0.749
 0.711
 0.718
 0.714
 0.715
 0.716
 0.714
 0.722
 0.727
 0.738
 0.742
 0.708
 0.702
 0.716
 0.708
 0.725
 0.690
 0.737
 0.726
 0.745
 0.723
 0.720
 0.731
 0.710
 0.704
 0.747
 0.701
 0.717
 0.734
 0.703
 0.717
 0.756
 0.726
 0.730
 0.739
 0.717
 0.708
 0.686
 0.728
 0.722
 0.723
 0.735
 0.725
 0.715
 0.728
 0.737
 0.723
 0.733
 0.709
 0.735
 0.724
 0.692
 0.712
 0.708
 0.733
 0.721
 0.726
 0.724
 0.699
 0.724
 0.701
 0.709
 0.731
 0.709
 0.741
 0.722
 0.715
 0.716
 0.725
 0.723
 0.724
 0.733
 0.708
 0.713
 0.727
 0.705
 0.731
 0.732
 0.731
 0.714
 0.719
 0.699
 0.704
 0.712
 0.734
 0.714
 0.726
 0.715
 0.698
 0.714
 0.753
 0.687
 0.709
 0.713
 0.732
 0.721
 0.710
 0.734
 0.705
 0.739
 0.711
 0.713
 0.728
 0.734
 0.711
 0.740
 0.725
 0.711
 0.724
 0.714
 0.744
 0.711
 0.759
 0.751
 0.718
 0.714
 0.724
 0.724
 0.737
 0.709
 0.745
 0.727
 0.720
 0.730
 0.722
 0.722
 0.737
 0.725
 0.723
 0.710
 0.726
 0.712
 0.732
 0.739
 0.723
 0.704
 0.720
 0.717
 0.712
 0.715
 0.708
 0.752
 0.736
 0.725
 0.723
 0.716
 0.736
 0.729
 0.714
 0.718
 0.744
 0.728
 0.705
 0.720
 0.711
 0.746
 0.730
 0.708
 0.701
 0.719
 0.726
 0.709
 0.703
 0.733
 0.726
 0.728
 0.695
 0.710
 0.716
 0.744
 0.730
 0.740
 0.740
 0.725
 0.719
 0.707
 0.716
 0.702
 0.709
 0.729
 0.707
 0.740
 0.712
 0.715
 0.706
 0.723
 0.708
 0.713
 0.707
 0.719
 0.718
 0.713
 0.698
 0.717
 0.719
 0.742
 0.737
 0.721
 0.685
 0.738
 0.741
 0.724
 0.726
 0.727
 0.721
 0.722
 0.741
 0.723
 0.710
 0.714
 0.714
 0.743
 0.720
 0.730
 0.717
 0.707
 0.721
 0.717
 0.694
 0.699
 0.705
 0.716
 0.716
 0.696
 0.755
 0.721
 0.742
 0.707
 0.728
 0.707
 0.750
 0.701
 0.732
 0.718
 0.722
 0.728
 0.753
 0.717
 0.738
 0.744
 0.717
 0.743
 0.713
 0.742
 0.706
 0.718
 0.739
 0.727
 0.734
 0.712
 0.743
 0.744
 0.727
 0.737
 0.723
 0.731
 0.712
 0.699
 0.726
 0.699
 0.721
 0.741
 0.724
 0.716
 0.724
 0.730
 0.737
 0.726
 0.711
 0.711
 0.703
 0.727
 0.696
 0.702
 0.714
 0.733
 0.724
 0.719
 0.696
 0.711
 0.721
 0.742
 0.730
 0.712
 0.714
 0.727
 0.726
 0.711
 0.742
 0.723
 0.714
 0.751
 0.728
 0.742
 0.727
 0.705
 0.722
 0.716
 0.692
 0.738
 0.715
 0.725
 0.697
 0.710
 0.742
 0.725
 0.722
 0.717
 0.736
 0.711
 0.710
 0.753
 0.726
 0.739
 0.710
 0.730
 0.731
 0.697
 0.715
 0.740
 0.734
 0.714
 0.739
 0.741
 0.731
 0.723
 0.728
 0.729
 0.730
 0.732
 0.724
 0.728
 0.729
 0.686
 0.734
 0.730
 0.719
 0.721
 0.739
 0.706
 0.726
 0.721
 0.741
 0.701
 0.700
 0.701
 0.745
 0.731
 0.720
 0.744
 0.715
 0.697
 0.723
 0.729
 0.721
 0.717
 0.708
 0.703
 0.716
 0.734
 0.747
 0.726
 0.730
 0.725
 0.723
 0.732
 0.740
 0.721
 0.714
 0.707
 0.708
 0.707
 0.699
 0.737
 0.711
 0.737
 0.729
 0.727
 0.741
 0.684
 0.695
 0.721
 0.731
 0.733
 0.720
 0.734
 0.728
 0.715
 0.717
 0.738
 0.733
 0.703
 0.744
 0.727
 0.729
 0.745
 0.713
 0.723
 0.724
 0.732
 0.740
 0.717
 0.735
 0.694
 0.715
 0.714
 0.735
 0.728
 0.704
 0.725
 0.715
 0.720
 0.723
 0.723
 0.680
 0.724
 0.727
 0.739
 0.726
 0.725
 0.730
 0.708
 0.716
 0.713
 0.740
 0.691
 0.722
 0.723
 0.728
 0.706
 0.725
 0.746
 0.723
 0.707
 0.703
 0.734
 0.731
 0.735
 0.722
 0.714
 0.702
 0.719
 0.724
 0.721
 0.722
 0.715
 0.723
 0.716
 0.687
 0.726
 0.725
 0.716
 0.725
 0.755
 0.732
 0.745
 0.727
 0.712
 0.742
 0.720
 0.735
 0.746
 0.744
 0.730
 0.724
 0.723
 0.708
 0.695
 0.709
 0.737
 0.723
 0.740
 0.718
 0.720
 0.727
 0.729
 0.722
 0.708
 0.718
 0.713
 0.737
 0.728
 0.712
 0.734
 0.694
 0.734
 0.720
 0.732
 0.734
 0.718
 0.746
 0.721
 0.698
 0.720
 0.729
 0.728
 0.727
 0.725
 0.728
 0.723
 0.735
 0.717
 0.721
 0.714
 0.737
 0.741
 0.722
 0.749
 0.717
 0.719
 0.722
 0.724
 0.737
 0.736
 0.735
 0.711
 0.720
 0.733
 0.730
 0.712
 0.713
 0.702
 0.728
 0.731
 0.696
 0.741
 0.744
 0.687
 0.720
 0.724
 0.731
 0.700
 0.738
 0.717
 0.722
 0.751
 0.731
 0.706
 0.724
 0.718
 0.733
 0.697
 0.681
 0.729
 0.719
 0.729
 0.728
 0.746
 0.726
 0.735
 0.750
 0.705
 0.732
 0.718
 0.718
 0.734
 0.738
 0.720
 0.718
 0.718
 0.726
 0.699
 0.747
 0.734
 0.698
 0.696
 0.728
 0.697
 0.703
 0.730
 0.711
 0.750
 0.721
 0.734
 0.732
 0.732
 0.734
 0.732
 0.730
 0.713
 0.735
 0.735
 0.728
 0.723
 0.716
 0.711
 0.707
 0.742
 0.726
 0.741
 0.731
 0.719
 0.724
 0.724
 0.735
 0.701
 0.722
 0.729
 0.706
 0.732
 0.732
 0.704
 0.720
 0.720
 0.703
 0.720
 0.719
 0.702
 0.701
 0.727
 0.733
 0.701
 0.744
 0.728
 0.723
 0.736
 0.723
 0.709
 0.708
 0.724
 0.742
 0.698
 0.732
 0.721
 0.716
 0.743
 0.704
 0.742
 0.733
 0.713
 0.709
 0.733
 0.702
 0.734
 0.721
 0.736
 0.701
 0.706
 0.705
 0.735
 0.722
 0.743
 0.731
 0.747
 0.730
 0.730
 0.709
 0.747
 0.687
 0.723
 0.727
 0.698
 0.734
 0.746
 0.717
 0.706
 0.738
 0.742
 0.705
 0.745
 0.708
 0.710
 0.726
 0.714
 0.728
 0.716
 0.732
 0.685
 0.715
 0.733
 0.729
 0.685
 0.731
 0.705
 0.735
 0.717
 0.710
 0.747
 0.728
 0.729
 0.701
 0.732
 0.742
 0.722
 0.720
 0.716
 0.728
 0.698
 0.678
 0.721
 0.712
 0.731
 0.733
 0.707
 0.728
 0.728
 0.735
 0.718
 0.717
 0.734
 0.723
 0.715
 0.743
 0.726
 0.721
 0.728
 0.722
 0.724
 0.723
 0.724
 0.717
 0.729
 0.732
 0.738
 0.717
 0.746
 0.727
 0.716
 0.736
 0.731
 0.733
 0.720
 0.706
 0.729
 0.742
 0.686
 0.717
 0.731
 0.692
 0.711
 0.730
 0.705
 0.708
 0.742
 0.747
 0.721
 0.736
 0.710
 0.742
 0.733
 0.741
 0.718
 0.740
 0.717
 0.724
 0.708
 0.710
 0.706
 0.700
 0.700
 0.698
 0.725
 0.739
 0.703
 0.681
 0.723
 0.723
 0.711
 0.724
 0.726
 0.712
 0.731
 0.716
 0.699
 0.715
 0.746
 0.714
 0.730
 0.720
 0.718
 0.693
 0.723
 0.696
 0.738
 0.741
 0.735
 0.718
 0.714
 0.747
 0.706
 0.741
 0.698
 0.725
 0.699
 0.695
 0.732
 0.734
 0.700
 0.716
 0.745
 0.729
 0.707
 0.701
 0.732
 0.716
 0.739
 0.710
 0.725
 0.720
 0.725
 0.710
 0.718
 0.719
 0.699
 0.717
 0.722
 0.739
 0.724
 0.737
 0.723
 0.740
 0.704
 0.708
 0.734
 0.711
 0.708
 0.747
 0.685
 0.727
 0.726
 0.696
 0.731
 0.719
 0.698
 0.696
 0.707
 0.741
 0.700
 0.702
 0.723
 0.709
 0.725
 0.703
 0.739
 0.729
 0.741
 0.671
 0.710
 0.701
 0.754
 0.728
 0.708
 0.724
 0.725
 0.723
 0.731
 0.705
 0.715
 0.710
 0.715
 0.723
 0.713
 0.734
 0.689
 0.705
 0.729
 0.712
 0.737
 0.717
 0.710
 0.710
 0.735
 0.729
 0.710
 0.714
 0.702
 0.710
 0.720
 0.703
 0.742
 0.718
 0.719
 0.739
 0.740
 0.715
 0.726
 0.730
 0.740
 0.747
 0.738
 0.721
 0.708
 0.718
 0.714
 0.721
 0.694
 0.723
 0.756
 0.726
 0.718
 0.700
 0.729
 0.717
 0.734
 0.717
 0.699
 0.721
 0.705
 0.724
 0.738
 0.709
 0.717
 0.725
 0.709
 0.751
 0.718
 0.727
 0.719
 0.734
 0.704
 0.730
 0.745
 0.716
 0.707
 0.726
 0.721
 0.729
 0.732
 0.736
 0.730
 0.728
 0.722
 0.721
 0.748
 0.730
 0.709
 0.738
 0.728
 0.706
 0.699
 0.705
 0.719
 0.742
 0.705
 0.747
 0.745
 0.717
 0.709
 0.712
 0.745
 0.726
 0.707
 0.728
 0.716
 0.698
 0.695
 0.714
 0.710
 0.697
 0.712
 0.706
 0.721
 0.742
 0.718
 0.704
 0.715
 0.717
 0.720
 0.726
 0.736
 0.698
 0.708
 0.736
 0.713
 0.741
 0.721
 0.729
 0.712
 0.723
 0.713
 0.741
 0.707
 0.734
 0.712
 0.719
 0.707
 0.719
 0.747
 0.737
 0.734
 0.727
 0.717
 0.716
 0.738
 0.715
 0.724
 0.702
 0.729
 0.730
 0.732
 0.748
 0.718
 0.705
 0.704
 0.732
 0.706
 0.720
 0.735
 0.736
 0.704
 0.726
 0.741
 0.712
 0.706
 0.726
 0.707
 0.742
 0.741
 0.718
 0.718
 0.723
 0.729
 0.729
 0.715
 0.708
 0.713
 0.731
 0.741
 0.741
 0.729
 0.729
 0.747
 0.725
 0.735
 0.719
 0.707
 0.719
 0.717
 0.723
 0.720
 0.724
 0.716
 0.685
 0.726
 0.715
 0.701
 0.720
 0.699
 0.696
 0.732
 0.723
 0.737
 0.706
 0.716
 0.712
 0.724
 0.733
 0.725
 0.718
 0.719
 0.713
 0.743
 0.713
 0.705
 0.708
 0.738
 0.711
 0.723
 0.744
 0.711
 0.734
 0.715
 0.706
 0.710
 0.739
 0.754
 0.727
 0.740
 0.740
 0.676
 0.748
 0.697
 0.726
 0.735
 0.706
 0.734
 0.701
 0.738
 0.714
 0.729
 0.743
 0.733
 0.724
 0.727
 0.708
 0.721
 0.733
 0.710
 0.737
 0.722
 0.736
 0.724
 0.685
 0.737
 0.732
 0.715
 0.717
 0.716
 0.733
 0.728
 0.746
 0.733
 0.708
 0.717
 0.710
 0.718
 0.731
 0.730
 0.732
 0.738
 0.733
 0.716
 0.713
 0.697
 0.723
 0.722
 0.722
 0.698
 0.718
 0.727
 0.744
 0.745
 0.737
 0.730
 0.716
 0.731
 0.725
 0.727
 0.732
 0.740
 0.718
 0.738
 0.736
 0.718
 0.723
 0.734
 0.715
 0.705
 0.696
 0.717
 0.720
 0.728
 0.724
 0.735
 0.727
 0.742
 0.745
 0.722
 0.739
 0.692
 0.734
 0.721
 0.732
 0.704
 0.726
 0.740
 0.738
 0.722
 0.744
 0.708
 0.715
 0.737
 0.710
 0.705
 0.744
 0.714
 0.720
 0.727
 0.735
 0.728
 0.713
 0.729
 0.750
 0.733
 0.691
 0.736
 0.739
 0.726
 0.683
 0.707
 0.708
 0.714
 0.717
 0.723
 0.723
 0.706
 0.727
 0.739
 0.719
 0.722
 0.740
 0.728
 0.709
 0.722
 0.724
 0.718
 0.714
 0.701
 0.709
 0.744
 0.742
 0.734
 0.690
 0.707
 0.704
 0.719
 0.728
 0.741
 0.730
 0.742
 0.729
 0.731
 0.735
 0.716
 0.716
 0.727
 0.738
 0.734
 0.732
 0.728
 0.707
 0.723
 0.725
 0.748
 0.694
 0.702
 0.721
 0.736
 0.739
 0.728
 0.728
 0.745
 0.739
 0.717
 0.734
 0.734
 0.750
 0.730
 0.720
 0.725
 0.733
 0.727
 0.708
 0.701
 0.698
 0.710
 0.726
 0.726
 0.724
 0.723
 0.721
 0.701
 0.716
 0.723
 0.700
 0.716
 0.733
 0.718
 0.740
 0.736
 0.736
 0.715
 0.702
 0.711
 0.715
 0.741
 0.736
 0.708
 0.718
 0.712
 0.735
 0.713
 0.706
 0.710
 0.735
 0.709
 0.729
 0.729
 0.729
 0.693
 0.711
 0.716
 0.701
 0.714
 0.738
 0.711
 0.704
 0.713
 0.705
 0.702
 0.731
 0.706
 0.720
 0.724
 0.720
 0.731
 0.724
 0.720
 0.733
 0.709
 0.699
 0.735
 0.724
 0.705
 0.713
 0.725
 0.718
 0.744
 0.732
 0.714
 0.687
 0.736
 0.723
 0.695
 0.721
 0.691
 0.703
 0.710
 0.715
 0.700
 0.721
 0.723
 0.717
 0.726
 0.717
 0.701
 0.728
 0.697
 0.697
 0.713
 0.742
 0.727
 0.703
 0.722
 0.742
 0.740
 0.736
 0.712
 0.739
 0.721
 0.729
 0.697
 0.725
 0.705
 0.715
 0.724
 0.727
 0.722
 0.706
 0.696
 0.730
 0.715
 0.707
 0.713
 0.723

