28 2 3 0.3337405587079193 0.3337405587079193
31 1 1 0.3914339955912649 0.3914339955912649
32 1 4 0.47289761598643476 0.47289761598643476
32 1 2 0.2591033573388388 0.2591033573388388
33 1 3 0.3337405587079193 0.3337405587079193
33 1 4 0.47289761598643476 0.47289761598643476
34 1 4 0.47289761598643476 0.47289761598643476
36 2 4 0.47289761598643476 0.47289761598643476
36 2 3 0.3337405587079193 0.3337405587079193
37 1 3 0.3337405587079193 0.3337405587079193
37 1 2 0.2591033573388388 0.2591033573388388
37 2 4 0.47289761598643476 0.47289761598643476
38 2 3 0.3337405587079193 0.3337405587079193
38 1 3 0.3337405587079193 0.3337405587079193
38 2 2 0.2591033573388388 0.2591033573388388
39 1 1 0.3914339955912649 0.3914339955912649
39 2 3 0.3337405587079193 0.3337405587079193
39 2 4 0.47289761598643476 0.47289761598643476
39 1 2 0.2591033573388388 0.2591033573388388
41 1 4 0.47289761598643476 0.47289761598643476
41 1 2 0.2591033573388388 0.2591033573388388
42 2 3 0.3337405587079193 0.3337405587079193
42 2 4 0.47289761598643476 0.47289761598643476
42 1 4 0.47289761598643476 0.47289761598643476
43 2 4 0.47289761598643476 0.47289761598643476
43 1 1 0.3914339955912649 0.3914339955912649
43 1 4 0.47289761598643476 0.47289761598643476
44 1 4 0.47289761598643476 0.47289761598643476
44 1 2 0.2591033573388388 0.2591033573388388
44 1 4 0.47289761598643476 0.47289761598643476
44 2 4 0.47289761598643476 0.47289761598643476
44 1 4 0.47289761598643476 0.47289761598643476
45 2 4 0.47289761598643476 0.47289761598643476
46 1 2 0.2591033573388388 0.2591033573388388
46 2 4 0.47289761598643476 0.47289761598643476
46 1 3 0.3337405587079193 0.3337405587079193
47 2 4 0.47289761598643476 0.47289761598643476
47 1 3 0.3337405587079193 0.3337405587079193
47 2 4 0.47289761598643476 0.47289761598643476
48 1 4 0.47289761598643476 0.47289761598643476
48 1 4 0.47289761598643476 0.47289761598643476
48 2 4 0.47289761598643476 0.47289761598643476
48 1 4 0.47289761598643476 0.47289761598643476
49 2 4 0.47289761598643476 0.47289761598643476
49 2 4 0.47289761598643476 0.47289761598643476
52 2 4 0.47289761598643476 0.47289761598643476
52 1 4 0.47289761598643476 0.47289761598643476
55 1 4 0.47289761598643476 0.47289761598643476
56 2 4 0.47289761598643476 0.47289761598643476
60 1 4 0.47289761598643476 0.47289761598643476
