37 53
16 39
40 37
33 35
42 36
48 32
21 45
43 34
14 33
41 31
46 55
48 43
26 59
16 42
32 46
45 41
22 54
24 34
41 43
38 35
20 39
21 28
28 47
13 42
33 48
8 40
26 46
44 35
7 51
10 34
15 33
30 40
9 39
37 40
41 32
24 37
49 47
14 42
25 28
12 47
22 40
11 43
9 49
20 41
17 37
43 48
2 37
17 58
45 40
12 42
25 36
45 45
24 45
4 45
33 32
36 39
20 35
11 34
17 40
2 34
20 54
30 39
38 42
36 36
47 47
30 49
23 55
37 39
16 42
9 37
26 34
43 43
33 41
30 39
37 40
46 52
11 45
49 40
10 40
28 35
25 46
33 33
10 49
23 39
12 50
6 32
22 44
48 47
21 41
47 35
26 55
41 51
12 55
37 53
32 53
20 38
31 32
26 38
48 42
24 43
23 37
16 41
38 42
35 47
2 35
1 51
11 42
36 42
12 39
18 46
16 51
28 43
40 54
48 35
12 31
7 38
9 45
20 42
18 41
12 39
31 39
43 46
32 38
11 41
17 45
15 47
23 35
11 44
16 40
4 45
10 51
31 38
15 38
36 34
20 38
17 45
48 39
47 36
47 45
10 39
44 47
44 55
38 36
46 35
11 49
18 28
23 47
33 42
21 45
30 36
34 37
23 43
45 46
17 36
23 35
29 40
22 51
5 48
33 39
12 43
45 51
45 35
50 46
14 41
12 41
36 50
48 38
47 30
5 50
9 48
32 40
16 40
40 51
36 35
1 45
40 50
25 45
7 47
22 35
11 39
1 45
15 42
3 43
5 39
10 38
38 48
42 39
13 43
5 53
23 47
32 40
14 35
35 37
38 38
20 42
23 46
31 36
14 49
47 41
20 51
26 41
13 47
16 50
22 43
38 40
30 42
2 48
6 45
24 52
50 44
7 48
17 45
25 40
21 54
19 33
26 35
43 46
46 35
42 52
14 38
41 47
22 38
11 50
2 36
15 32
8 33
20 36
45 39
18 34
21 37
41 37
33 31
9 47
46 39
31 41
5 34
44 43
19 42
32 37
5 31
4 55
33 47
27 39
39 44
32 43
42 45
36 37
24 47
8 42
35 44
48 38
25 37
22 39
35 53
8 44
42 44
38 36
2 48
38 43
10 39
41 45
6 35
6 46
23 41
32 54
46 39
5 37
12 43
2 34
48 47
11 43
44 44
28 38
37 44
36 44
39 39
23 31
17 31
35 45
46 40
4 30
50 35
40 46
43 49
31 42
16 44
1 44
21 41
44 54
35 39
10 52
8 53
2 41
9 34
48 43
11 38
44 40
5 29
4 51
36 46
34 38
12 43
42 40
25 36
49 35
40 35
7 35
29 48
29 49
29 48
1 36
47 48
24 33
44 39
43 34
49 46
39 41
6 41
19 44
49 54
49 38
4 38
39 41
19 43
3 46
27 44
28 47
4 47
31 35
30 36
27 36
43 46
37 52
24 32
18 41
9 58
2 39
39 40
6 42
9 52
33 41
33 41
12 34
8 45
15 53
49 53
31 50
45 44
9 43
49 43
3 50
27 39
32 50
12 38
26 47
12 49
33 31
41 50
17 45
24 38
35 43
23 39
13 47
24 43
43 51
46 28
50 34
35 44
50 54
26 40
30 51
16 34
14 45
32 43
45 44
10 50
9 42
9 51
42 47
12 40
11 31
33 45
40 43
30 37
42 48
1 42
15 49
43 46
9 36
1 38
50 38
32 42
40 37
20 34
21 60
49 39
43 35
26 40
2 45
7 46
48 52
32 41
10 56
32 65
44 47
24 43
35 37
20 26
14 44
29 47
11 43
18 35
5 38
31 46
9 47
42 48
21 45
5 36
2 39
30 49
39 51
29 57
46 36
29 42
16 45
44 43
7 35
46 42
24 42
5 42
39 35
44 46
19 43
35 44
24 32
17 58
7 46
7 58
7 26
46 38
15 47
26 49
6 36
5 42
28 36
17 55
28 44
16 44
31 47
11 39
2 44
32 48
37 47
29 30
45 44
9 31
29 42
16 33
29 42
27 44
17 42
31 39
40 41
37 41
39 41
22 35
19 46
38 46
20 47
49 42
14 40
2 45
43 31
8 54
37 48
19 46
7 50
33 49
31 33
40 33
2 48
29 59
32 41
38 39
10 43
16 39
2 43
32 39
17 40
36 37
2 45
39 30
7 48
38 35
26 46
25 38
41 36
24 48
6 36
24 46
28 44
20 48
40 30
28 46
50 36
2 45
19 46
23 36
16 45
29 44
44 32
13 56
34 43
34 30
5 30
32 34
1 40
50 45
47 45
8 34
21 41
20 33
23 48
23 39
6 44
38 53
39 35
30 47
22 39
7 25
4 46
27 46
49 44
35 37
16 33
35 40
50 40
1 37
2 45
3 40
17 42
5 40
28 41
40 35
17 36
8 44
41 41
50 49
48 47
41 39
3 34
35 50
30 36
3 44
8 35
34 46
44 43
23 49
47 39
4 46
23 56
27 47
8 41
43 27
46 40
11 49
44 37
1 26
25 51
23 32
14 43
3 42
41 34
23 39
36 39
36 38
14 49
8 47
29 41
23 41
5 43
8 38
26 43
14 53
45 26
4 37
33 37
25 29
10 43
33 39
5 35
40 38
16 43
45 50
14 46
5 45
46 40
40 41
41 47
42 53
37 48
31 44
13 39
11 40
2 41
33 44
30 54
41 47
5 57
37 47
16 44
11 32
21 41
5 45
43 28
15 48
49 35
50 40
3 44
45 49
17 53
33 35
28 42
46 35
1 41
14 42
5 35
28 37
34 37
12 29
37 48
28 51
10 50
17 43
3 45
14 38
8 48
1 41
13 35
2 39
38 40
29 39
48 34
12 39
42 29
12 53
18 33
11 44
40 47
21 42
19 40
48 46
28 28
5 34
28 52
31 42
21 33
15 40
5 53
25 33
4 40
19 41
44 44
33 53
17 48
45 41
15 49
11 43
44 43
11 45
18 52
13 46
7 44
2 39
29 55
32 36
12 38
33 38
17 50
22 34
29 41
46 40
14 36
11 44
36 38
49 48
14 44
49 54
35 48
14 35
39 38
27 46
19 37
5 46
33 47
25 45
34 34
15 54
47 43
45 48
13 61
23 31
19 30
19 44
24 35
14 59
39 39
15 46
47 41
7 56
47 51
23 48
50 31
21 43
2 44
24 38
17 45
3 40
2 37
17 46
11 32
31 40
13 44
25 45
44 44
38 40
18 48
40 29
8 49
28 43
19 59
37 44
42 42
48 43
45 52
36 30
19 47
40 41
17 45
34 43
20 46
39 37
50 46
13 47
33 32
38 42
38 38
32 40
41 45
20 44
44 47
30 38
16 40
19 34
47 35
16 45
32 29
42 42
19 43
1 35
34 43
22 45
39 52
45 28
47 46
29 43
13 41
24 31
44 44
10 34
5 41
1 39
50 31
31 46
8 44
50 48
34 35
17 43
40 52
45 32
40 36
9 42
6 42
2 48
41 41
8 45
33 35
17 41
22 41
37 51
16 46
9 38
44 33
16 44
31 48
26 36
15 39
39 41
20 48
37 48
41 48
4 52
5 45
33 31
16 47
39 44
22 41
43 37
36 42
17 28
23 45
11 48
2 37
36 32
28 35
12 35
15 44
7 46
39 38
40 32
11 33
4 35
34 30
46 41
12 38
22 38
28 54
12 43
45 36
44 46
47 55
22 44
27 42
16 40
1 45
32 48
23 31
32 47
38 36
11 38
9 41
45 48
1 42
47 45
15 45
45 44
26 43
16 40
48 47
25 40
44 37
27 32
24 37
44 36
28 33
36 49
18 49
12 48
25 45
7 43
2 38
22 35
28 40
35 36
31 38
27 35
36 39
32 40
40 51
18 42
46 42
2 33
27 43
32 44
43 52
40 42
27 53
34 40
25 43
19 42
32 40
50 40
20 38
2 44
5 32
19 42
40 41
24 40
29 37
1 49
44 39
31 37
36 37
49 28
35 44
24 40
8 46
42 40
12 47
49 55
38 31
33 37
42 46
28 32
9 33
28 41
46 48
1 51
21 31
43 46
37 47
9 34
1 32
40 52
36 37
32 45
20 42
39 36
10 42
10 43
38 39
47 53
19 39
43 38
12 43
47 36
12 52
21 40
3 41
37 36
45 44
7 37
4 41
40 32
43 44
7 34
9 48
50 30
23 37
41 46
4 37
14 44
17 43
9 37
6 51
30 30
22 36
2 47
20 48
24 44
5 35
7 43
16 38
5 50
28 51
14 36
1 36
42 39
39 47
41 47
32 42
22 40
31 35
11 51
11 43
44 39
25 47
22 39
31 46
46 45
48 39
1 39
49 43
3 38
24 41
35 42
3 50
50 46
39 38
2 36
18 47
20 50
8 32
48 46
29 36
49 35
6 37
19 39
32 34
38 43
45 46
5 55
31 58
17 31
35 42
48 45
46 48
14 45
18 54
39 36
50 44
25 56
18 38
4 39
10 46
8 38
40 32
18 35
5 42
4 37
27 44
27 55
27 42
30 45
23 55
17 34
17 37
6 44
5 39
40 44
16 41
2 56
39 47
15 36
4 54
34 39
31 45
37 46
11 34
27 31
14 41
45 37
42 44
43 39
24 52
7 35
48 43
12 40
13 47
44 50
43 39
13 36
45 37
38 39
12 29
13 35
37 47
36 35
32 32
1 42
27 43
29 37
21 33
9 37
7 48
1 43
1 47
27 43
9 48
50 42
27 44
10 36
40 44
34 45
36 34
9 53
39 46
29 40
11 30
36 41
3 44
46 50
39 35
18 46
45 44
37 41
6 34
35 26
47 42
16 43
44 48
15 32
13 51
40 47
12 48
4 52
12 37
17 39
41 43
7 47
46 45
42 45
6 41
10 51
38 50
23 42
23 38
46 38
11 48
29 48
35 38
4 37
45 36
20 58
47 44
3 48
38 49
7 45
35 45
42 52
4 40
19 46
6 35
9 41
49 41
16 36
14 27
24 41
17 54
18 30
12 50
11 40
38 40
47 52
35 43
18 44
14 45
18 34
24 38
18 50
28 29
10 36
9 53
25 23
23 33
46 33
2 37
19 45
40 45
8 40
6 55
39 44
10 42
40 47
31 39
1 45
29 43
42 45
20 40
32 36
9 42
29 34
23 48
40 48
45 43
29 34
18 45
3 47
49 35
45 49
28 51
24 41
38 45
19 41
41 47
30 42
5 42
22 40
32 43
31 50
18 39
39 45
11 45
36 34
38 47
39 45
33 50
16 41
40 47
13 51
27 39
16 54
1 56
47 37
26 35
11 47
45 42
5 41
37 37
18 32
13 39
50 37
39 45
45 43
36 44
27 51
1 44
25 37
46 38
14 35
31 40
20 41
7 45
17 47
40 38
6 39
5 32
45 44
31 44
46 43
45 50
7 45
26 41
46 40
30 45
36 41
46 48
15 34
10 43
24 51
22 37
9 56
5 46
2 31
33 53
9 45
10 35
9 35
14 47
14 45
45 40
18 42
1 40
5 29
32 45
9 44
7 47
1 44
15 31
22 37
15 52
15 57
47 44
29 35
5 30
49 46
28 43
1 44
23 39
39 47
29 46
11 40
32 41
41 46
48 43
12 37
32 44
23 41
2 36
38 49
25 43
17 49
25 55
30 42
1 43
16 56
49 40
35 45
40 42
34 41
11 46
41 40
21 39
17 39
45 42
15 46
20 42
41 42
2 41
15 32
22 45
8 41
11 46
20 42
1 42
38 42
44 34
22 42
36 31
5 35
29 46
50 38
20 51
23 53
14 41
31 39
5 38
46 25
45 44
30 49
32 50
25 38
36 41
22 38
27 49
11 40
23 44
42 47
23 37
29 37
27 44
7 56
49 54
30 33
39 33
9 37
47 36
32 43
50 48
43 45
23 56
41 43
22 38
12 40
14 42
33 40
48 44
42 39
32 42
47 54
2 27
15 48
7 39
10 36
18 49
33 41
2 44
28 44
32 36
11 43
2 58
15 28
4 39
23 44
32 42
8 34
36 38
13 35
43 37
25 42
8 35
17 48
8 39
1 40
20 37
3 39
46 41
31 35
32 45
24 39
33 39
3 51
21 58
40 37
42 39
2 41
2 34
6 41
22 49
42 50
1 43
34 57
40 40
23 42
22 33
39 53
18 41
14 63
4 41
42 34
46 54
16 38
43 42
33 39
12 29
9 33
34 42
20 56
45 38
13 41
13 39
10 35
39 49
8 46
12 47
29 54
12 40
31 38
6 42
10 44
49 33
2 36
2 47
38 41
29 46
32 45
45 44
39 46
25 44
27 33
13 42
39 39
46 47
39 46
23 48
13 40
49 38
40 32
14 39
26 41
50 47
29 49
18 31
37 54
24 37
12 39
46 36
43 52
38 43
36 51
39 46
43 45
25 45
33 46
26 40
31 35
1 38
22 45
2 50
12 41
16 33
29 50
9 35
42 39
24 35
12 48
25 42
7 42
24 37
18 53
39 33
28 45
46 32
30 40
4 49
44 32
31 38
22 44
14 41
7 31
1 36
18 47
20 48
33 36
18 42
37 46
26 42
29 51
19 28
37 48
41 46
50 48
24 43
18 34
38 44
20 50
19 49
1 33
25 40
48 29
37 39
31 46
16 35
11 41
13 33
42 31
17 39
32 38
9 49
19 42
7 48
46 37
21 40
14 43
28 35
47 42
44 46
20 34
23 38
45 39
34 38
2 39
1 43
19 33
2 47
32 40
21 33
14 44
15 48
45 38
39 43
22 44
12 47
7 40
32 34
32 44
39 42
41 44
19 42
39 44
15 36
43 32
4 41
31 44
43 40
25 41
46 32
25 46
42 38
19 42
20 49
45 40
50 39
16 44
39 47
39 46
24 47
34 37
4 31
45 42
33 28
46 42
35 38
3 48
26 33
9 50
38 48
30 39
42 42
44 44
24 39
26 43
22 43
33 51
19 39
49 45
42 39
14 41
31 46
11 40
14 45
6 44
32 30
9 30
7 49
41 38
25 38
21 45
7 46
14 48
14 40
31 47
40 43
14 34
2 52
46 37
10 46
28 56
24 29
47 51
2 46
13 35
47 55
22 56
49 39
31 43
20 37
18 42
33 45
7 54
39 44
11 44
33 36
37 37
26 53
14 48
17 40
16 39
47 45
28 36
42 38
47 61
26 30
16 33
21 47
37 49
37 31
46 34
5 49
6 41
23 51
16 57
19 55
20 23
14 55
36 45
44 55
50 48
50 41
34 51
2 59
21 47
15 44
50 52
2 35
30 36
29 34
20 40
26 36
31 33
28 40
35 62
38 53
17 53
49 54
18 45
9 37
1 34
35 34
6 40
35 47
6 43
20 49
50 35
12 39
28 43
42 51
32 37
39 43
7 49
17 45
13 47
42 37
34 34
48 36
5 42
38 39
46 53
39 52
23 47
26 33
6 51
8 46
15 52
25 36
7 36
16 32
31 48
33 48
31 41
4 34
21 40
42 44
9 46
23 44
7 45
4 40
30 30
17 31
11 49
8 59
11 55
46 47
6 40
6 39
42 40
32 37
37 34
8 40
31 35
7 63
23 31
39 34
44 36
36 51
25 40
29 55
44 34
47 28
45 46
23 46
40 41
33 49
22 48
34 40
9 55
48 49
12 43
50 35
2 49
2 51
15 43
45 51
22 48
41 38
24 47
22 41
3 46
46 44
50 31
35 44
32 52
29 39
1 42
4 47
39 39
26 42
14 35
45 54
12 36
12 47
28 45
35 37
42 39
25 37
34 36
42 42
30 38
22 32
36 52
38 46
23 45
44 33
29 43
50 47
18 34
12 41
27 38
15 42
19 40
42 53
46 30
15 35
9 39
47 51
7 41
36 42
47 39
26 38
38 39
41 57
26 56
18 39
15 45
28 51
27 36
46 53
46 44
43 34
5 47
34 31
46 40
1 38
48 50
46 43
12 38
31 43
23 49
11 44
18 30
3 38
5 32
1 50
8 46
41 58
26 40
21 52
14 41
42 50
21 46
46 40
41 38
5 50
18 44
2 41
20 43
12 45
2 56
31 43
44 46
43 45
13 38
17 36
14 47
41 44
4 38
12 40
29 33
12 41
50 50
35 29
11 37
44 42
43 54
42 48
35 34
45 38
41 38
1 44
36 40
50 33
11 30
3 35
46 38
18 39
35 38
37 32
50 45
9 35
38 35
5 47
5 37
30 46
33 39
27 44
38 38
11 45
40 40
38 36
48 45
14 39
8 42
39 41
3 46
50 41
35 38
7 62
47 36
5 38
18 39
23 44
2 33
2 39
21 41
27 44
7 45
36 46
3 49
3 43
38 42
19 41
32 45
21 34
4 32
23 38
5 34
43 45
25 53
17 46
44 43
26 42
4 59
39 37
21 47
12 33
10 42
17 46
20 34
43 37
43 49
6 50
45 39
12 57
46 44
10 43
31 42
26 50
32 45
32 41
48 53
19 42
36 41
3 47
37 46
48 50
36 46
4 43
12 49
27 60
41 37
30 50
25 41
13 40
19 38
20 52
2 48
14 43
19 33
9 40
10 39
10 43
33 35
19 34
20 40
48 34
15 37
20 32
36 39
21 42
5 41
4 43
34 42
38 39
18 44
31 46
48 34
40 42
46 57
46 47
14 46
47 42
14 42
5 43
48 44
1 55
40 36
36 55
2 47
27 53
1 37
16 40
31 35
44 42
22 50
43 34
44 41
46 36
28 39
43 47
36 49
34 49
34 39
41 43
10 40
50 35
5 29
38 35
49 38
47 36
26 45
14 43
7 42
12 43
12 42
20 52
42 51
10 43
34 37
34 34
12 41
20 40
31 49
13 44
31 35
34 42
15 48
10 50
32 44
45 49
7 42
50 47
6 46
48 35
50 49
8 48
26 41
8 31
40 43
47 43
31 48
5 38
22 49
19 48
29 41
19 56
23 40
26 45
15 42
38 41
3 42
18 33
30 46
25 47
31 32
37 47
49 49
11 43
28 39
46 35
30 32
16 38
19 38
23 33
6 44
22 36
28 38
36 36
2 39
7 38
32 40
46 40
14 46
32 43
2 44
46 40
44 45
15 41
3 41
4 42
31 35
39 40
2 43
49 29
44 45
22 41
13 50
30 44
48 44
4 46
18 40
2 40
3 40
23 43
24 25
25 43
27 43
23 36
15 50
31 45
14 55
26 38
15 38
41 42
39 42
33 34
44 51
37 31
28 40
16 41
34 41
42 42
5 25
5 50
29 49
8 53
23 35
42 39
49 40
36 40
5 35
1 40
15 39
44 37
27 38
8 32
43 43
26 56
33 34
19 43
22 51
43 38
48 51
39 52
15 32
7 42
11 35
23 46
22 54
34 39
22 45
47 42
46 48
19 35
50 35
18 42
21 39
21 39
19 47
32 46
39 34
17 36
23 45
29 40
30 49
7 51
50 52
28 39
38 35
1 49
18 43
34 46
27 38
46 45
8 44
35 40
29 38
12 53
21 42
12 42
22 41
43 42
46 38
36 48
4 32
3 40
1 45
9 34
15 42
44 47
43 38
29 30
2 46
32 54
47 44
43 47
16 33
10 52
8 59
11 40
48 48
28 37
37 34
15 39
42 46
30 44
38 42
44 44
22 33
2 44
14 51
50 51
7 52
3 45
28 36
28 45
48 49
14 39
37 48
38 34
21 43
18 45
35 47
47 41
23 43
22 32
46 46
26 49
42 51
35 39
16 42
20 29
45 41
12 47
30 49
15 42
47 46
12 39
12 37
41 38
29 51
39 37
31 43
35 35
3 43
22 48
40 49
2 52
8 40
48 37
26 40
25 47
6 43
27 39
14 36
31 46
18 41
13 28
7 34
8 48
36 39
15 49
6 30
37 48
45 49
9 40
30 55
34 43
23 42
50 33
34 39
43 35
27 38
17 46
8 43
36 47
39 52
23 46
3 37
12 43
24 38
8 47
26 40
1 46
45 39
25 46
30 43
16 41
6 48
32 47
45 45
43 39
35 40
41 46
40 42
49 55
44 37
22 32
13 53
26 41
16 37
28 48
41 39
37 46
12 41
27 25
42 40
23 32
11 43
6 44
49 61
31 33
27 42
9 38
4 36
21 48
32 46
24 50
32 34
9 41
48 46
32 44
16 42
44 45
45 35
24 33
28 37
6 37
49 38
3 34
30 33
16 37
47 40
49 46
38 43
8 38
47 42
43 45
9 43
17 39
45 28
15 42
1 41
12 44
40 37
35 47
11 49
38 45
49 48
41 49
48 35
21 41
47 54
29 50
5 51
41 39
22 44
27 39
16 40
33 42
35 44
25 51
31 39
30 44
42 33
38 39
27 32
32 52
14 32
14 45
11 41
49 36
35 37
26 38
11 40
13 36
34 39
13 26
26 48
38 40
3 44
17 44
30 29
23 44
7 44
10 44
16 37
43 39
9 43
2 45
23 41
15 44
13 49
3 45
24 42
39 36
30 42
15 42
8 34
37 54
35 47
27 43
19 44
26 39
35 37
45 38
10 39
29 43
1 36
49 42
8 43
41 31
29 47
34 39
4 46
5 35
11 40
39 40
30 35
17 47
36 44
45 43
10 42
32 42
3 37
47 33
25 36
15 42
39 37
24 39
40 31
22 45
1 43
21 39
41 43
21 54
18 46
13 42
26 37
41 40
38 41
28 44
13 32
11 46
43 35
9 36
43 32
3 44
8 30
40 35
25 32
26 43
36 47
13 48
42 45
19 54
26 39
8 45
35 43
48 38
18 48
29 39
17 49
34 48
16 30
24 37
46 38
13 46
44 36
32 48
9 44
27 39
40 48
25 40
21 40
35 34
20 41
40 35
45 26
42 46
10 35
33 32
6 52
33 42
18 45
49 42
24 42
27 46
7 42
49 47
24 41
26 52
14 33
18 50
50 45
22 39
4 42
50 31
49 39
1 47
46 50
47 28
21 35
33 49
17 29
24 42
30 35
1 38
30 43
22 37
24 29
30 49
6 49
36 38
1 43
15 39
10 35
25 60
1 52
7 39
42 45
25 48
30 38
30 46
17 41
21 35
20 48
33 37
27 39
1 39
17 37
24 34
21 45
45 51
37 48
10 40
7 43
10 53
6 42
8 32
31 43
18 42
16 43
24 41
37 40
30 43
16 33
40 36
6 43
43 44
10 47
46 51
22 49
26 45
16 39
38 31
10 52
45 47
38 56
41 49
14 49
42 38
25 50
40 42
40 36
13 45
13 43
10 29
15 41
14 34
2 40
19 45
36 46
50 34
1 45
7 38
33 39
36 39
6 39
8 38
33 46
6 34
2 46
26 51
26 47
26 46
43 43
42 43
39 40
14 46
18 36
23 33
7 45
32 51
40 52
28 47
17 47
9 43
7 47
47 38
8 41
26 26
33 48
39 37
32 51
48 52
25 40
26 50
12 48
1 34
4 36
5 37
26 48
38 49
30 31
39 46
25 44
10 50
5 44
32 34
42 47
28 34
15 36
7 43
16 47
22 46
50 45
45 41
41 39
50 37
23 45
22 37
24 39
15 49
24 47
1 33
17 45
12 35
49 50
42 52
42 50
2 35
19 46
13 32
16 43
31 36
40 38
12 32
43 28
43 43
29 39
36 42
38 33
32 46
22 39
28 41
35 39
9 32
21 31
45 47
22 48
3 42
14 45
4 42
44 46
20 47
4 52
17 39
48 30
36 46
3 55
42 35
16 48
13 40
40 40
41 42
30 41
47 51
28 36
6 45
37 33
22 35
31 38
27 43
36 39
43 49
33 44
47 36
29 42
7 58
7 34
14 38
49 42
2 50
42 39
29 33
25 40
43 43
30 46
38 50
50 45
48 52
1 39
19 32
39 49
24 33
4 41
15 38
11 45
31 37
18 43
12 34
40 31
23 47
38 45
39 41
49 49
49 51
17 46
33 29
20 31
34 40
26 34
18 44
9 43
12 42
9 42
12 59
50 39
16 43
12 45
28 38
42 47
10 52
24 29
7 25
30 44
39 47
31 47
29 49
35 47
42 48
37 46
24 41
9 42
23 46
27 40
50 50
22 42
12 36
2 33
9 41
48 43
1 46
48 47
8 41
18 44
21 47
43 32
19 43
30 36
18 32
4 41
1 34
22 47
29 34
10 39
30 38
30 43
19 44
18 39
10 38
8 39
44 33
16 52
13 50
44 44
28 39
20 52
23 43
28 36
40 50
26 50
7 51
37 42
27 39
46 43
44 40
18 45
30 43
4 41
1 39
35 40
16 36
9 38
21 39
12 36
30 46
13 50
21 34
29 47
4 44
41 41
47 37
11 36
5 48
47 53
23 39
14 36
15 37
42 38
15 44
17 41
13 36
48 47
41 46
28 43
2 47
7 41
27 36
36 47
18 42
44 48
43 48
18 47
12 43
44 45
16 52
21 34
50 40
17 42
45 37
4 45
33 32
30 51
28 37
19 43
18 47
50 38
19 32
46 43
39 28
46 49
40 49
40 57
34 44
22 40
36 50
21 42
26 46
11 35
48 35
50 41
11 46
40 36
24 42
20 45
4 35
19 40
45 37
20 46
31 26
16 54
35 41
16 38
39 42
47 41
46 50
22 53
26 40
15 40
11 55
33 43
45 29
47 45
2 53
21 39
28 46
34 52
21 35
30 43
50 37
13 38
43 34
23 54
16 42
26 49
37 50
24 42
8 39
28 43
43 43
24 49
37 34
10 46
45 36
25 45
45 51
32 43
10 53
19 48
13 43
38 38
25 42
41 44
3 47
18 43
40 54
1 41
16 38
47 60
41 50
3 45
37 43
2 56
13 40
50 46
19 35
3 38
31 39
28 33
45 50
2 36
16 51
42 39
29 48
8 50
15 40
12 37
33 42
10 46
27 35
14 44
7 35
35 39
3 65
46 53
1 34
3 49
31 41
47 47
43 31
19 43
25 44
3 48
30 51
6 37
15 58
13 29
47 50
45 55
50 38
29 43
41 29
26 42
2 45
37 44
50 52
45 45
44 26
20 49
16 44
7 32
36 39
35 52
49 37
12 42
48 41
17 44
42 40
36 47
6 37
13 34
25 50
21 42
14 35
50 38
37 40
20 44
1 30
2 41
34 61
33 39
1 37
21 32
36 46
17 38
49 42
48 48
25 38
13 47
29 50
48 38
31 37
36 41
17 49
5 56
15 47
48 38
47 43
23 39
20 43
26 34
36 43
21 44
3 37
27 43
12 45
27 32
25 34
47 40
29 38
48 42
11 49
43 40
20 34
1 43
9 50
15 30
49 52
30 28
26 43
3 52
18 52
18 34
40 37
38 49
49 28
35 39
13 42
38 51
47 47
45 45
46 49
7 29
22 31
5 33
11 49
9 42
37 51
1 46
26 40
45 42
34 54
16 38
48 55
44 43
13 26
42 36
11 42
38 44
36 36
46 31
48 50
12 42
19 37
49 41
42 43
41 32
45 41
22 45
31 34
6 25
49 45
7 47
38 36
47 36
49 41
12 46
10 30
5 40
46 32
50 45
14 32
39 32
13 38
14 40
19 40
17 37
49 42
29 40
19 43
44 38
2 49
32 36
42 43
9 36
30 48
42 32
50 51
26 44
34 42
16 45
7 50
22 44
8 43
15 45
30 46
17 37
8 54
22 47
31 47
34 41
12 52
11 40
28 34
1 31
19 45
13 42
19 37
32 44
25 39
2 39
40 48
15 42
17 39
19 36
18 35
14 54
27 44
29 34
33 38
12 34
21 49
42 44
2 60
37 50
2 47
10 44
37 35
30 41
20 43
25 40
29 42
42 39
24 38
32 49
26 53
35 34
21 40
31 40
2 46
32 47
35 53
18 48
41 48
46 51
19 40
18 31
7 45
43 43
10 37
41 36
13 46
50 55
44 35
43 38
48 46
29 48
11 41
32 45
35 33
37 46
38 44
15 43
6 40
41 38
38 45
40 33
39 39
25 55
25 49
23 28
24 42
43 46
4 46
21 41
30 45
44 39
10 35
16 48
37 43
12 44
23 38
25 38
36 37
27 40
9 51
30 50
43 30
11 41
9 41
48 38
2 49
35 37
45 37
41 48
36 39
31 48
2 41
25 40
43 34
3 49
6 33
43 44
7 49
32 34
41 43
24 52
9 36
2 36
23 47
43 45
19 41
6 44
25 53
38 41
38 28
37 45
24 51
42 53
24 41
48 41
16 39
46 36
27 31
43 37
25 43
27 46
16 43
12 40
35 39
34 44
37 42
22 45
8 30
13 37
9 57
37 42
45 41
12 39
29 45
23 46
39 42
39 44
47 37
5 39
31 49
40 46
47 34
13 49
7 52
29 46
40 47
49 33
15 56
31 38
21 40
31 47
45 35
2 46
18 45
33 38
23 48
22 39
47 43
43 42
48 50
5 41
4 32
7 35
28 37
44 34
21 46
10 40
30 40
40 34
14 46
33 48
13 42
12 30
23 39
20 48
43 44
34 51
44 46
3 43
32 37
47 43
2 48
26 34
42 41
38 33
9 49
29 50
24 40
25 53
25 35
38 41
41 32
37 30
39 45
2 44
3 46
28 35
25 41
22 43
6 42
32 39
30 35
7 38
8 43
27 40
30 46
14 35
21 50
49 35
48 47
43 37
27 50
1 44
35 52
11 41
38 35
6 43
31 38
42 30
41 40
39 42
27 43
49 41
31 41
26 37
33 57
7 39
28 43
6 24
44 39
41 40
26 40
3 39
19 43
8 35
3 35
40 37
8 44
7 51
15 46
26 44
37 45
16 36
48 60
4 41
35 37
8 34
50 27
45 36
48 48
38 35
1 53
13 39
38 48
18 52
38 46
16 39
4 38
13 43
20 40
46 45
50 53
46 51
23 28
23 32
10 37
11 35
15 35
35 50
15 43
4 44
43 44
5 50
47 48
16 32
46 42
24 40
40 42
5 45
23 47
40 41
46 49
48 46
50 32
7 45
25 39
23 41
17 44
2 28
5 44
3 41
23 47
6 34
12 51
9 54
41 50
26 52
4 46
27 45
47 46
37 46
28 41
42 31
28 45
1 45
7 51
27 44
8 40
1 43
33 38
7 49
24 32
11 44
11 43
14 51
12 40
8 48
40 37
25 52
29 29
32 34
17 44
4 43
47 54
3 50
29 24
47 30
33 30
10 38
50 30
8 46
49 37
41 49
4 46
50 30
27 49
6 36
40 33
37 40
42 48
25 38
41 36
46 37
47 35
23 41
2 44
2 47
8 44
11 53
42 37
38 46
24 50
11 39
9 37
5 40
17 44
50 48
29 38
35 50
27 45
46 46
31 40
14 46
44 45
43 52
11 47
18 47
21 46
4 33
31 42
2 35
37 31
28 29
35 37
49 41
31 49
47 47
48 37
25 39
36 55
16 37
31 42
49 56
40 38
18 59
14 36
29 44
27 36
45 43
33 36
40 36
42 55
2 41
12 34
44 47
17 34
45 54
16 43
28 39
17 24
46 39
5 46
35 51
28 34
32 40
1 46
31 41
40 41
43 43
7 35
29 33
17 33
28 49
39 49
7 44
6 35
47 41
9 33
25 39
18 44
41 48
23 44
7 40
35 42
28 37
8 34
30 38
16 36
13 31
35 35
46 47
11 41
37 40
16 32
50 32
20 50
20 40
15 45
34 45
6 43
3 43
29 41
44 32
4 45
32 45
44 42
24 30
19 38
43 45
13 41
22 49
14 51
6 46
32 51
16 47
42 42
5 51
3 38
40 29
13 37
6 39
48 53
34 42
19 40
41 46
1 43
16 35
39 52
10 38
42 48
41 43
36 38
50 46
42 49
43 35
47 57
17 54
36 35
40 39
23 43
14 38
47 58
39 48
13 36
18 56
42 45
48 51
43 38
5 37
40 42
45 46
34 54
6 43
24 46
14 45
15 42
42 40
44 44
35 42
26 47
46 45
34 45
47 27
28 32
9 45
44 32
17 53
30 46
26 42
50 43
43 40
9 45
2 34
6 36
16 39
6 32
3 51
43 39
8 42
37 49
15 45
24 56
3 42
45 51
29 37
15 40
3 36
34 34
20 48
11 45
21 40
11 41
3 40
1 34
46 45
3 34
37 39
11 39
12 49
13 31
8 56
14 52
12 43
23 49
13 37
43 32
2 45
42 37
47 38
11 50
27 44
28 60
20 44
30 36
46 45
49 44
24 43
3 38
4 40
35 37
41 47
29 36
45 41
35 52
48 52
39 40
26 39
48 51
11 40
11 47
24 41
39 43
36 42
5 40
17 48
32 44
10 57
16 33
7 38
18 34
20 46
36 31
3 36
23 35
5 42
30 46
40 51
9 30
9 42
14 40
17 53
30 43
10 39
2 48
46 34
50 25
22 42
25 46
28 38
18 45
38 42
41 45
17 44
2 42
40 34
21 41
29 44
15 41
27 47
50 50
15 64
26 42
8 58
30 42
26 35
47 51
12 44
31 49
1 48
14 37
1 57
48 49
4 39
25 38
30 41
15 44
49 41
16 42
29 53
18 39
22 41
12 46
14 35
18 39
43 43
36 44
50 33
9 37
47 35
5 39
33 48
1 32
15 42
12 40
6 40
30 41
4 51
13 37
14 32
24 42
24 43
22 54
18 37
15 42
24 42
21 38
33 44
22 47
2 52
18 46
37 36
28 46
39 49
44 42
11 38
35 47
25 42
50 41
2 50
16 47
37 45
48 44
18 45
1 46
35 41
47 44
33 39
27 45
3 46
12 52
4 47
47 41
27 46
10 52
42 37
38 44
25 47
26 37
13 51
29 39
17 34
1 39
44 44
48 28
18 38
43 43
16 34
33 46
15 46
42 27
4 39
47 46
31 45
26 40
34 42
48 49
49 50
17 43
2 34
50 40
1 34
10 40
38 30
11 47
7 45
40 39
42 47
18 50
1 54
40 38
34 45
3 44
32 61
2 38
9 43
41 40
18 37
4 27
32 45
27 54
44 36
16 41
20 44
30 45
41 40
37 43
9 45
17 52
40 39
18 36
50 47
12 29
5 46
15 47
48 41
36 36
3 54
28 33
12 28
8 47
11 52
37 43
41 41
33 40
30 42
14 47
38 44
50 39
39 31
12 48
50 35
3 52
8 44
14 44
12 40
2 55
32 36
46 39
9 34
32 45
24 40
14 33
40 38
26 33
28 42
41 37
15 32
1 59
32 50
41 35
22 43
5 46
14 39
22 36
32 48
12 43
23 47
44 45
39 41
11 36
5 50
13 35
27 44
25 36
43 44
12 34
47 42
7 45
14 45
39 56
27 39
1 42
45 47
15 46
17 34
23 51
32 48
7 46
5 48
8 31
30 42
41 47
27 55
48 48
8 39
43 34
4 36
25 43
47 38
47 36
35 50
37 32
16 29
18 46
25 39
3 41
32 39
25 36
14 49
48 56
39 52
47 48
25 42
12 49
21 43
6 46
29 50
43 45
31 46
27 40
17 43
8 49
3 35
50 39
43 45
37 35
39 40
22 52
49 41
3 42
21 45
17 42
47 38
7 47
3 34
50 38
19 42
22 41
13 43
29 46
4 54
14 33
16 45
29 25
41 49
44 40
14 38
50 45
13 33
31 38
4 48
25 42
43 43
34 53
49 40
29 47
38 42
6 36
23 36
42 41
19 46
40 34
17 58
37 33
27 33
21 47
3 33
16 47
10 42
40 43
2 34
39 45
6 40
6 41
36 47
18 35
11 35
37 40
3 38
47 37
41 41
47 41
29 42
10 44
41 33
5 39
40 47
13 41
25 47
12 38
21 33
50 37
4 49
19 36
45 35
2 30
18 42
18 45
43 33
37 45
11 32
41 48
33 46
10 47
14 43
39 35
7 45
29 44
1 39
27 36
26 50
3 45
27 43
42 33
21 50
14 57
21 38
37 40
7 37
12 44
27 41
39 33
41 54
23 37
19 43
3 38
45 40
40 42
14 49
7 52
39 40
39 46
29 40
5 40
1 34
37 45
39 40
44 43
9 31
30 42
49 50
44 41
30 41
19 45
3 45
43 39
33 45
37 33
44 38
21 53
2 32
26 47
6 46
11 52
39 42
43 39
4 60
40 34
50 27
13 45
40 45
6 47
2 39
12 36
29 47
40 45
31 41
31 38
46 43
43 37
6 48
30 31
27 41
20 37
37 41
39 49
49 41
48 44
29 23
10 56
29 45
4 40
14 39
21 42
41 41
16 35
39 34
40 39
41 44
28 45
3 40
11 47
41 39
1 44
13 54
26 42
44 38
23 39
46 39
46 38
47 59
28 40
19 53
17 50
7 49
12 27
20 48
8 34
38 34
46 46
5 42
24 32
32 34
47 39
46 41
14 43
37 34
1 37
20 39
41 43
27 51
41 36
43 55
26 39
38 39
8 41
8 37
11 41
9 43
11 48
4 32
26 34
3 34
10 47
14 44
24 36
47 54
36 47
45 49
46 52
3 39
28 47
36 56
11 48
27 33
30 42
13 46
27 42
31 47
17 49
1 40
38 30
15 45
23 44
48 47
28 46
40 48
8 38
26 39
1 46
49 34
5 35
50 49
12 51
46 32
25 39
6 38
47 44
34 37
13 43
18 46
31 47
49 33
35 53
25 52
46 43
4 40
34 46
42 39
50 34
20 46
39 32
5 42
15 31
15 44
39 43
46 44
5 37
21 42
35 43
16 44
40 40
36 48
35 45
25 42
11 43
8 31
4 43
18 36
27 51
40 53
30 47
4 41
1 42
45 36
49 39
22 46
7 46
34 52
23 32
43 42
16 32
46 35
38 52
27 47
35 31
7 46
40 41
33 61
19 47
15 46
35 39
9 44
48 49
6 48
1 39
40 52
30 33
16 46
5 40
11 41
2 43
45 48
11 42
3 42
11 45
12 33
6 43
3 33
3 44
36 42
48 43
38 46
39 39
45 46
22 52
12 53
45 43
15 34
44 46
10 33
24 41
15 48
29 39
9 46
5 50
35 54
30 42
12 40
17 37
48 41
12 40
15 43
8 33
19 49
3 41
39 55
5 40
43 38
19 45
7 40
5 41
19 52
6 49
2 49
18 44
14 47
39 45
4 48
40 40
2 33
25 47
23 41
41 41
38 41
44 54
33 39
38 32
36 47
48 41
16 46
20 48
47 38
39 44
37 35
6 45
14 37
19 68
11 57
6 32
14 31
17 44
45 39
2 49
23 44
18 35
22 34
43 33
30 42
37 61
49 50
43 31
13 51
15 61
28 38
2 43
4 47
8 39
25 31
34 42
7 45
5 31
40 37
8 45
8 43
3 40
18 49
13 46
25 46
2 46
8 33
5 36
24 37
39 37
11 29
6 36
36 39
15 39
11 36
30 37
40 43
47 41
15 54
39 47
47 36
21 53
7 45
3 43
28 38
50 48
25 45
3 34
6 39
26 42
18 37
1 39
19 44
5 47
12 58
47 42
9 46
44 46
40 38
33 35
40 49
47 43
16 40
32 41
15 44
40 39
40 47
3 44
11 32
15 50
27 44
34 43
26 43
6 48
3 33
21 24
20 37
21 37
9 50
10 45
21 43
10 37
6 55
15 41
14 43
27 43
24 49
41 54
15 49
23 46
19 33
21 50
6 50
1 46
23 33
31 46
19 43
6 33
29 39
47 39
39 40
9 50
6 42
14 28
40 34
22 40
14 39
44 43
50 38
24 35
32 50
17 39
20 51
6 44
40 48
19 36
48 41
37 45
7 32
7 28
33 52
45 43
20 48
46 31
16 42
43 44
5 44
41 41
10 41
28 39
4 42
21 40
29 38
31 50
29 50
27 42
42 46
21 53
6 47
9 35
30 42
2 39
38 33
41 44
1 36
39 41
41 39
8 37
22 47
15 52
28 35
25 59
49 38
11 44
39 42
23 50
44 41
45 49
10 43
49 42
14 43
3 35
15 51
34 57
27 44
42 42
47 41
22 34
18 39
18 42
27 44
11 36
48 42
46 39
35 48
19 46
8 39
5 40
43 38
27 43
26 48
28 35
44 34
37 45
15 42
30 36
26 38
15 41
45 32
22 38
39 34
14 36
41 42
15 34
14 40
34 44
22 38
5 44
18 55
48 38
7 51
17 34
45 34
14 50
27 46
14 48
27 57
41 37
16 48
29 45
27 43
24 36
1 33
33 45
37 31
6 34
31 41
12 28
16 46
8 41
13 43
5 27
35 43
3 41
23 45
48 40
47 44
7 39
9 47
33 53
50 37
24 42
45 52
4 41
44 43
35 40
36 38
6 49
13 47
41 46
15 60
33 38
20 40
3 38
2 42
30 36
16 48
35 40
44 35
9 37
40 39
46 45
48 42
26 34
43 47
44 33
13 46
6 33
13 39
41 45
12 47
6 29
8 47
12 41
13 43
1 44
28 56
30 32
19 60
10 42
47 46
4 38
20 34
16 41
9 42
45 44
31 47
33 38
31 35
6 39
48 48
26 42
34 48
27 42
49 34
16 33
19 41
35 40
43 29
7 39
29 42
5 43
21 59
46 35
31 45
9 48
4 48
27 50
47 31
3 36
36 36
5 42
7 33
34 44
36 37
49 39
11 39
38 38
30 47
5 37
48 30
21 36
13 47
45 44
17 44
15 40
1 39
19 47
12 37
16 39
48 39
27 29
10 34
31 41
43 35
4 47
19 52
49 52
43 42
34 53
26 52
22 59
16 46
28 43
36 31
33 52
38 29
32 45
11 51
23 53
37 48
2 38
33 41
12 46
9 47
6 48
33 51
10 37
41 28
11 47
5 49
13 46
2 44
18 50
12 33
20 42
15 39
16 46
22 45
19 43
33 51
39 35
13 48
44 41
19 43
5 31
34 41
46 32
12 43
11 47
13 35
2 48
3 41
30 50
9 44
14 45
6 37
8 51
50 50
38 52
26 38
40 39
18 54
30 38
17 39
29 42
37 29
5 36
24 42
15 41
49 35
35 35
1 43
34 47
36 35
9 43
21 38
42 47
19 43
15 43
9 38
10 40
48 35
6 52
26 49
18 35
16 39
46 28
32 47
12 33
24 40
43 52
17 33
23 52
23 43
12 33
1 44
45 36
1 41
24 34
50 50
8 39
38 37
31 38
16 45
47 59
27 38
45 35
44 41
33 37
50 45
47 43
14 36
26 30
49 37
27 42
43 47
47 39
34 40
9 42
38 49
22 36
30 43
3 47
28 42
7 40
27 29
25 42
34 38
39 45
16 50
9 42
13 51
12 42
36 37
15 35
10 39
25 41
49 45
33 37
18 48
21 48
14 36
46 51
23 46
33 58
39 46
15 40
34 40
48 36
24 33
45 53
36 38
11 39
48 38
46 33
32 43
42 41
5 47
34 45
1 46
29 43
27 45
41 31
34 46
12 40
42 30
28 47
22 36
19 49
49 39
36 40
43 38
34 33
18 45
5 40
35 34
3 28
28 39
32 32
41 52
10 47
27 39
5 39
41 42
22 50
15 37
42 38
36 44
16 44
12 42
10 28
43 34
10 38
24 34
6 34
11 47
19 47
18 53
29 36
45 29
41 39
10 55
41 41
14 40
22 39
3 47
11 42
8 52
35 39
26 40
22 41
4 45
50 44
29 36
36 36
29 41
28 54
42 37
48 34
11 34
8 42
45 39
37 37
13 44
36 46
4 43
28 34
7 56
1 34
5 48
29 49
43 47
28 30
27 33
11 42
15 38
17 31
16 40
15 48
25 35
4 53
14 39
47 44
46 34
45 37
35 34
27 39
7 49
2 45
39 49
14 33
42 45
43 45
21 44
38 30
6 42
25 40
6 39
3 49
47 44
17 35
4 39
44 49
25 47
24 36
35 37
7 43
21 39
46 47
43 42
10 35
24 39
9 48
34 42
26 45
36 39
27 55
4 63
15 41
47 33
1 41
6 44
13 57
35 41
20 40
19 32
13 46
38 40
15 44
48 38
50 46
34 36
26 50
23 41
12 41
34 38
12 47
10 47
9 38
13 52
13 40
7 39
24 44
37 37
48 34
34 36
45 45
2 35
45 30
5 41
8 35
26 41
16 42
32 29
22 49
39 33
46 36
34 40
35 32
47 40
46 52
37 58
29 34
20 60
43 37
32 35
21 47
50 59
29 36
23 48
13 27
5 34
39 28
29 44
30 43
48 36
48 42
34 37
27 45
18 44
27 54
26 36
19 42
41 48
29 45
13 48
20 45
31 39
34 46
43 39
15 33
4 47
44 51
37 41
8 36
45 40
22 45
31 43
46 47
1 37
21 37
13 36
35 28
34 29
20 29
49 39
7 47
7 51
8 28
47 49
13 51
40 36
23 40
2 34
12 45
23 56
33 54
28 52
48 55
11 40
15 43
32 36
24 47
35 42
20 39
42 40
11 43
37 40
43 44
35 50
3 37
43 44
26 39
20 35
23 36
16 43
43 41
11 43
27 55
14 42
6 35
13 42
7 48
20 38
43 38
1 35
8 48
20 36
