0.4593071587333037 1
0.46275171962647044 1
0.4650907730077105 1
0.4653036564083187 1
0.4757641453589485 1
0.4793290424085334 1
0.48153610041465206 1
0.48238658087922837 1
0.48589324222810576 1
0.4922187660207423 1
0.494746774074843 1
0.4965377375829363 1
0.4978046138052531 1
0.5001191043695274 1
0.5004098527643162 1
0.5016603118913767 1
0.5033932285961602 1
0.5035558593541767 1
0.5042267000222056 1
0.5043435317182172 1
0.5044133776683379 1
0.5050147913850552 1
0.5051875635668166 1
0.5058547866444598 1
0.5072602895186273 1
0.5076518308789427 1
0.5082371942622402 1
0.5089812349786569 1
0.5100174410518327 1
0.5108976580844353 1
0.511340971108839 1
0.5118788144614754 1
0.5124398745777374 1
0.5130127356370225 1
0.5133402767438091 1
0.5137527713689907 1
0.5140147639347568 1
0.5146160428704509 1
0.5153946122518412 1
0.5165833084232254 1
0.516741352369263 1
0.5167766953871168 1
0.5170459197957414 1
0.517366275458633 1
0.5174717821831333 1
0.5179470349680433 1
0.5184491964107307 1
0.5187388758647237 1
0.5189201445016668 1
0.5195838513525709 1
0.5199164259879585 1
0.520063578711095 1
0.5203521589617428 1
0.5205302395027003 1
0.5209900073772578 1
0.5218437689907782 1
0.5226940007059651 1
0.522875099127037 1
0.5242394905890613 1
0.5244922367815973 1
0.5245150019125357 1
0.5245814687064729 1
0.5251123414841793 1
0.5252323159164941 1
0.5259662179287571 1
0.5270025939826712 1
0.5272063238980763 1
0.5274033920975334 1
0.5276112924218644 1
0.5278271812209401 1
0.5279368091013816 1
0.5284624231130313 1
0.5284740928547061 1
0.5289893368787169 1
0.5290445486173367 1
0.5303002613497854 1
0.5307970644553702 1
0.5312692752310924 1
0.5320654425204094 1
0.532208038468654 1
0.5325443068158782 1
0.5327059507792234 1
0.5333583457920613 1
0.5335441425089014 1
0.5336365916283845 1
0.5337558491450652 1
0.5338302445922025 1
0.5340957794823743 1
0.5342429220013276 1
0.5348027711904438 1
0.5350181291353736 1
0.5350555446092022 1
0.535182631228423 1
0.5356571763523689 1
0.5359132325226004 1
0.5359150660482288 1
0.5361814227444214 1
0.5371789040503119 1
0.5374190471453535 1
0.5383103447086082 1
0.5385217248363571 1
0.5393020428521242 1
0.540264236419448 1
0.5409934229568854 1
0.5410211503837346 1
0.5411719032761204 1
0.5412059919918979 1
0.5412921275091911 1
0.541335082348398 1
0.5418740324886575 1
0.541999897290241 1
0.5424171762488033 1
0.5425867090114602 1
0.5430653974640351 1
0.5462936347180111 1
0.5486447306090123 1
0.5490491672962138 1
0.5493203864122267 1
0.549382637948833 1
0.5494568816749059 1
0.5495045845756555 1
0.5497535804477429 1
0.5498980802807663 1
0.5500698403768078 1
0.5501539198320128 1
0.5504251533345595 1
0.5505587908516621 1
0.5506242710503969 1
0.5507091984893231 1
0.5508657131747052 1
0.5509338314665302 1
0.5514814126044838 1
0.5516566596867483 1
0.5518595252448908 1
0.5522687555619409 1
0.5526170572607583 1
0.5527422624855449 1
0.5528430948219588 1
0.5531216631844466 1
0.5539734368521655 1
0.5544107465774968 1
0.5544165503336682 1
0.5554197168215282 1
0.5558813881435083 1
0.5569124333573741 1
0.5572736352105191 1
0.5577757292960145 1
0.5579572656460736 1
0.5586988568862328 1
0.5596659276415931 1
0.5601391577135488 1
0.5607743722336286 1
0.5610376002434332 1
0.5613591368389583 1
0.5620685550285909 1
0.5624063964365148 1
0.5631085636580927 1
0.5631140096643684 1
0.5634247185408298 1
0.56370395194624 1
0.5640651076544718 1
0.5661008097299116 1
0.5673353513349015 1
0.5682919264164421 1
0.5691952461593499 1
0.5693911768738249 1
0.5699370315502827 1
0.5699452358946039 1
0.5713232708533009 1
0.571422242002769 1
0.5733524691937147 1
0.5741641578595172 1
0.5742232732723367 1
0.5776082569061843 1
0.5780667424317434 1
0.5783549755427094 1
0.5787963463381569 1
0.5796547033279998 1
0.5813724851825687 1
0.581642194310793 1
0.5817199195334479 1
0.5820894211237883 1
0.582571655640117 1
0.5830678504073582 1
0.584045588630728 1
0.5844174456650815 1
0.5844188330453397 1
0.584914293770997 1
0.5857997194025685 1
0.5895643972481583 1
0.589908219093848 1
0.5938962981188942 1
0.5947578287801623 1
0.5948224715737386 1
0.5957044923756244 1
0.5958226849418354 1
0.5997614458738808 1
0.6033385627717806 1
0.6178807026379053 1
0.6196074105221532 1
