
 0.553
 0.504
 0.476
 0.504
 0.574
 0.578
 0.569
 0.497
 0.538
 0.465
 0.582
 0.590
 0.550
 0.526
 0.560
 0.507
 0.509
 0.546
 0.521
 0.552
 0.600
 0.528
 0.527
 0.519
 0.528
 0.603
 0.563
 0.540
 0.535
 0.534
 0.523
 0.541
 0.562
 0.532
 0.513
 0.584
 0.512
 0.515
 0.498
 0.504
 0.505
 0.543
 0.465
 0.529
 0.537
 0.500
 0.595
 0.527
 0.539
 0.552
 0.558
 0.570
 0.553
 0.534
 0.554
 0.528
 0.550
 0.504
 0.533
 0.535
 0.525
 0.517
 0.541
 0.567
 0.536
 0.525
 0.561
 0.511
 0.503
 0.517
 0.586
 0.551
 0.517
 0.583
 0.590
 0.578
 0.574
 0.508
 0.541
 0.517
 0.594
 0.517
 0.486
 0.542
 0.549
 0.536
 0.522
 0.564
 0.568
 0.595
 0.495
 0.549
 0.573
 0.532
 0.549
 0.563
 0.555
 0.506
 0.551
 0.553
 0.584
 0.479
 0.556
 0.583
 0.531
 0.520
 0.482
 0.551
 0.536
 0.528
 0.543
 0.579
 0.618
 0.551
 0.519
 0.553
 0.520
 0.571
 0.514
 0.581
 0.518
 0.482
 0.550
 0.582
 0.459
 0.534
 0.524
 0.536
 0.562
 0.520
 0.525
 0.557
 0.549
 0.525
 0.550
 0.535
 0.541
 0.537
 0.512
 0.508
 0.529
 0.564
 0.558
 0.500
 0.559
 0.513
 0.518
 0.571
 0.492
 0.534
 0.528
 0.557
 0.539
 0.520
 0.533
 0.505
 0.554
 0.535
 0.580
 0.551
 0.511
 0.534
 0.569
 0.596
 0.578
 0.584
 0.530
 0.541
 0.531
 0.552
 0.541
 0.570
 0.582
 0.533
 0.549
 0.514
 0.523
 0.515
 0.534
 0.550
 0.510
 0.560
 0.596
 0.561
 0.563
 0.551
 0.554
 0.524
 0.542
 0.620
 0.566
 0.550
 0.521
 0.463
 0.585
 0.517
 0.502
 0.542
 0.527
 0.561

