
 0.439
 0.460
 0.410
 0.410
 0.396
 0.434
 0.438
 0.426
 0.426
 0.438
 0.442
 0.431
 0.448
 0.433
 0.444
 0.444
 0.436
 0.449
 0.436
 0.419
 0.403
 0.408
 0.456
 0.455
 0.417
 0.433
 0.430
 0.436
 0.409
 0.468
 0.448
 0.450
 0.424
 0.449
 0.440
 0.447
 0.418
 0.441
 0.444
 0.417
 0.423
 0.471
 0.443
 0.395
 0.420
 0.426
 0.434
 0.440
 0.481
 0.427
 0.418
 0.435
 0.433
 0.444
 0.446
 0.420
 0.427
 0.430
 0.408
 0.483
 0.455
 0.431
 0.438
 0.456
 0.461
 0.439
 0.444
 0.421
 0.431
 0.453
 0.427
 0.427
 0.445
 0.455
 0.438
 0.428
 0.423
 0.422
 0.430
 0.437
 0.446
 0.441
 0.453
 0.475
 0.447
 0.413
 0.418
 0.457
 0.419
 0.451
 0.417
 0.439
 0.428
 0.447
 0.445
 0.416
 0.439
 0.428
 0.443
 0.462
 0.475
 0.428
 0.449
 0.455
 0.456
 0.428
 0.412
 0.433
 0.432
 0.438
 0.461
 0.432
 0.426
 0.430
 0.431
 0.452
 0.401
 0.449
 0.458
 0.440
 0.440
 0.423
 0.433
 0.439
 0.420
 0.464
 0.472
 0.447
 0.435
 0.442
 0.454
 0.430
 0.445
 0.406
 0.438
 0.465
 0.443
 0.442
 0.440
 0.412
 0.434
 0.437
 0.416
 0.424
 0.462
 0.432
 0.415
 0.441
 0.411
 0.418
 0.437
 0.453
 0.420
 0.429
 0.422
 0.450
 0.424
 0.435
 0.462
 0.426
 0.425
 0.416
 0.438
 0.411
 0.453
 0.436
 0.423
 0.447
 0.450
 0.431
 0.431
 0.439
 0.450
 0.414
 0.424
 0.478
 0.406
 0.427
 0.438
 0.433
 0.432
 0.435
 0.474
 0.446
 0.407
 0.441
 0.433
 0.438
 0.434
 0.428
 0.451
 0.423
 0.438
 0.436
 0.410
 0.420
 0.453
 0.441
 0.451
 0.431

