0 49
1 40
1 36
2 50
1 28
0 48
2 45
0 42
0 41
1 39
0 49
2 46
0 43
0 43
1 46
2 41
0 43
1 37
2 31
2 47
2 47
1 43
1 56
2 37
2 37
1 36
0 38
0 51
2 48
2 47
2 47
2 36
0 45
0 45
2 40
0 42
0 39
1 44
1 45
1 40
2 49
2 52
0 41
0 41
2 39
2 37
0 35
0 41
1 41
2 39
0 43
1 47
2 49
2 45
0 36
2 32
2 41
0 37
1 35
2 42
0 36
2 45
2 30
1 47
2 52
1 42
1 42
1 43
0 27
0 37
1 56
2 38
2 39
1 42
2 37
0 38
0 28
1 34
1 49
2 34
1 36
0 50
1 43
0 30
2 37
2 40
0 45
1 36
0 48
1 38
1 37
0 54
2 42
0 39
0 45
1 44
1 44
1 49
0 46
0 39
1 47
0 31
2 41
0 51
0 39
0 46
2 50
2 47
2 57
2 40
1 45
1 58
2 50
2 50
1 34
1 32
2 44
1 37
1 59
2 37
1 40
1 42
2 41
2 33
0 45
2 31
1 44
0 43
1 43
1 37
1 37
0 48
0 51
2 37
2 52
2 41
1 44
0 35
2 38
2 48
2 36
2 46
2 36
2 49
0 47
1 53
2 41
0 29
2 31
1 31
1 42
1 45
1 39
0 42
0 36
2 41
2 39
2 46
1 37
1 35
1 44
2 34
2 44
0 47
1 45
1 42
1 44
0 40
2 44
0 42
2 35
0 44
0 43
1 35
0 40
2 40
0 53
1 39
0 33
1 29
2 42
0 51
1 40
0 30
2 33
1 45
2 38
0 33
0 41
0 37
1 46
2 40
0 36
1 35
1 54
1 37
2 39
0 38
1 45
2 48
