0.44106983125627436 1
0.4418457657736103 1
0.44419788931566745 1
0.4496065925825903 1
0.45114650868326533 1
0.4513491265290092 1
0.4564238114080992 1
0.4567026464760179 1
0.45813392599673536 1
0.4596555079952892 1
0.4603343416254344 1
0.4623520337727303 1
0.46367240009518723 1
0.46424334063325395 1
0.46431358590791505 1
0.46457340913934436 1
0.4684072337193252 1
0.4688043931149836 1
0.46919806472039843 1
0.4693772638023166 1
0.470006167205256 1
0.47120931321652404 1
0.47143274590221984 1
0.47148599623328835 1
0.4721780555737084 1
0.47252450040532545 1
0.4747150298377437 1
0.47578659926660405 1
0.47589681187076166 1
0.47597558773395043 1
0.4760023704160801 1
0.47632872980866836 1
0.47704115684437276 1
0.477385497023529 1
0.4774803508068213 1
0.4775492686630836 1
0.47766238641063247 1
0.4779046776770633 1
0.4779230776385262 1
0.47953722945035077 1
0.4799450854413788 1
0.4807060040213822 1
0.4808012473871137 1
0.4814609207544773 1
0.48235354412996806 1
0.482596185915667 1
0.4836026810921012 1
0.4840575883542271 1
0.4840939163098749 1
0.4843021267402857 1
0.4844331968906943 1
0.48451148542640576 1
0.4855358552809255 1
0.48592847505639525 1
0.4862626455625375 1
0.487187564904851 1
0.48904418222952073 1
0.48976605141304175 1
0.4898747119198469 1
0.49030903646258667 1
0.49038038068697704 1
0.49106502054120754 1
0.4918684024286178 1
0.4921650694932373 1
0.49234229965327364 1
0.4923966366433732 1
0.4931687075962451 1
0.4934419301133446 1
0.49363607552145256 1
0.4942704693241325 1
0.49487280846445864 1
0.49523176856573997 1
0.49539705311402726 1
0.4956000234635453 1
0.4956764003841564 1
0.49582468344882485 1
0.495994471544434 1
0.49602713847834606 1
0.49661915556194186 1
0.49711538321749166 1
0.4972820071942357 1
0.4973543865499356 1
0.49791005149132295 1
0.49838293555405605 1
0.4984879925928016 1
0.4991035009507327 1
0.49917220355977215 1
0.4991918370530301 1
0.4991949707429631 1
0.4999061217186579 1
0.5001129750516353 1
0.5002017528487182 1
0.5002610535265599 1
0.5006309050106967 1
0.5009817240401336 1
0.5010248552426606 1
0.5011824081217056 1
0.5012665441772876 1
0.5017020273858802 1
0.5019286856663632 1
0.5023146317842306 1
0.5025303976681375 1
0.5027166974097657 1
0.5034339958394736 1
0.5035984205333583 1
0.5046244832388695 1
0.5047826078991181 1
0.5050744713943756 1
0.5054829642834724 1
0.5062243201669976 1
0.5065269022612836 1
0.5067264083745088 1
0.506939252794977 1
0.5072731697592482 1
0.5078195870017106 1
0.5082886425454501 1
0.5085418375138346 1
0.5092425835809519 1
0.5103990221281213 1
0.5108672298950016 1
0.5109871390415945 1
0.5110448991696716 1
0.512320899232575 1
0.5127316212764185 1
0.513260385858489 1
0.5133918819168131 1
0.5134357436992159 1
0.5142122582495611 1
0.5145944650685899 1
0.5147706487546327 1
0.5155677044562081 1
0.5161810411799026 1
0.5164418431667306 1
0.516700210709691 1
0.5182357012927639 1
0.5198094197795141 1
0.5201704413332053 1
0.5202396610839529 1
0.5209486937341762 1
0.5212005744667926 1
0.5213733000053701 1
0.5219443996977323 1
0.5221867104196657 1
0.522624677061605 1
0.5234313155001399 1
0.523604128152117 1
0.523864125228556 1
0.5240265860982128 1
0.5242168059788515 1
0.5246012897657834 1
0.5247579728341539 1
0.5263266793322426 1
0.5268912535645263 1
0.5273752041404629 1
0.5274163943718405 1
0.5274872667245455 1
0.52843876203077 1
0.5296652532393834 1
0.5299461576824305 1
0.5303655412490188 1
0.5310846415254336 1
0.5314742599218463 1
0.5314813075432974 1
0.531762744303276 1
0.5329295899149888 1
0.5329635074949374 1
0.5330760855863084 1
0.5335958189826117 1
0.5344402611902647 1
0.5353656532381986 1
0.5361088444070377 1
0.5368968036196614 1
0.5369208043677727 1
0.5378733263943721 1
0.5379837051767301 1
0.5380077932598885 1
0.5388956004909332 1
0.539058894699296 1
0.5409338417504524 1
0.5422678525870969 1
0.5436059787740214 1
0.5446873275620527 1
0.5464569948401469 1
0.5472215753869338 1
0.5472908764964955 1
0.5479683751588249 1
0.5483668803506078 1
0.5489698431747756 1
0.5495893580071245 1
0.5505601547720027 1
0.550611520530196 1
0.5507697364645566 1
0.5522042550241953 1
0.5562235108071157 1
0.5579997704417675 1
0.5599537759949795 1
0.5601568112924624 1
0.5645749403384767 1
0.5714579076916533 1
0.5809763547487664 1
