
 0.492
 0.571
 0.538
 0.496
 0.511
 0.522
 0.464
 0.486
 0.509
 0.515
 0.492
 0.480
 0.502
 0.496
 0.531
 0.520
 0.470
 0.489
 0.496
 0.490
 0.524
 0.581
 0.525
 0.469
 0.537
 0.478
 0.484
 0.514
 0.473
 0.508
 0.501
 0.516
 0.558
 0.533
 0.546
 0.441
 0.472
 0.501
 0.509
 0.494
 0.524
 0.451
 0.513
 0.551
 0.513
 0.552
 0.486
 0.501
 0.512
 0.499
 0.471
 0.537
 0.458
 0.498
 0.484
 0.476
 0.495
 0.521
 0.484
 0.560
 0.539
 0.490
 0.547
 0.524
 0.460
 0.516
 0.486
 0.513
 0.478
 0.505
 0.544
 0.548
 0.457
 0.520
 0.531
 0.484
 0.464
 0.498
 0.476
 0.500
 0.551
 0.493
 0.533
 0.533
 0.469
 0.478
 0.531
 0.478
 0.526
 0.502
 0.451
 0.528
 0.530
 0.476
 0.477
 0.522
 0.485
 0.497
 0.513
 0.444
 0.496
 0.499
 0.511
 0.501
 0.492
 0.502
 0.542
 0.507
 0.538
 0.456
 0.505
 0.497
 0.504
 0.534
 0.527
 0.532
 0.492
 0.482
 0.505
 0.500
 0.508
 0.477
 0.503
 0.520
 0.499
 0.490
 0.481
 0.560
 0.475
 0.521
 0.545
 0.497
 0.471
 0.476
 0.465
 0.506
 0.505
 0.549
 0.518
 0.539
 0.468
 0.530
 0.476
 0.523
 0.497
 0.525
 0.521
 0.471
 0.524
 0.477
 0.491
 0.500
 0.495
 0.493
 0.462
 0.510
 0.498
 0.499
 0.516
 0.481
 0.535
 0.507
 0.530
 0.469
 0.450
 0.503
 0.538
 0.503
 0.480
 0.517
 0.495
 0.464
 0.511
 0.483
 0.534
 0.442
 0.527
 0.523
 0.548
 0.490
 0.541
 0.487
 0.565
 0.496
 0.494
 0.515
 0.547
 0.500
 0.556
 0.481
 0.527
 0.507
 0.507
 0.536
 0.551
 0.501
 0.460
 0.484
 0.550
 0.527

