0.2952322878656418 1
0.2962308517646536 1
0.3100307563379378 1
0.3128554111272363 1
0.3151507815414069 1
0.3157147205905667 1
0.31646173149428963 1
0.31723531115632886 1
0.3173702055708974 1
0.31866698294748597 1
0.3187721111489691 1
0.31963609156704015 1
0.31965741496490824 1
0.3197959659416972 1
0.32007084161865 1
0.32145914073495574 1
0.3217037569862518 1
0.32171933395973207 1
0.3232160790836083 1
0.3240820159652017 1
0.3242113443741772 1
0.32426422899880847 1
0.32451485530705315 1
0.3251998598988108 1
0.3273069543084337 1
0.32741897113556545 1
0.3278906266143284 1
0.32804196145601233 1
0.32817162245788745 1
0.32946735844216635 1
0.32971186652235573 1
0.3301320850435909 1
0.3303208628606669 1
0.33089626789931614 1
0.33142743533653246 1
0.3316382796313848 1
0.33181385404466857 1
0.33296201112805707 1
0.3334111279106772 1
0.33348469841893796 1
0.3339956825825366 1
0.3346868161061233 1
0.3348744096871923 1
0.33514483572479814 1
0.3352365811897233 1
0.33543589159282755 1
0.3366676529008621 1
0.3369214657815317 1
0.337128142597526 1
0.33769398642298426 1
0.33793567431557764 1
0.338171336075457 1
0.33848045493035983 1
0.3385875129083101 1
0.3388747995035544 1
0.33905523350202155 1
0.3391012767439649 1
0.33949717465009255 1
0.3395495493200053 1
0.33967228024021684 1
0.3396994824213184 1
0.3399183826395037 1
0.33994646552519087 1
0.340005266122666 1
0.3403069069156143 1
0.34030820641063514 1
0.34043466081520124 1
0.3404770615524659 1
0.3407282777680401 1
0.3408326999257193 1
0.34141659460776325 1
0.3414702741058628 1
0.34166511276622 1
0.34180729444006536 1
0.3420322741558556 1
0.34307522950775643 1
0.3431518767629207 1
0.3437141939214356 1
0.3441322597914314 1
0.3442957780129352 1
0.3443290978568856 1
0.34457738553586204 1
0.344740977702139 1
0.34481173474866966 1
0.34489305050658614 1
0.34516156555448724 1
0.34521403843355364 1
0.3452876452859033 1
0.3453042994636709 1
0.3457441922871275 1
0.3458535723354527 1
0.3460552324085221 1
0.34630815171133306 1
0.3463568920280503 1
0.34638754349707235 1
0.3466730134786913 1
0.34690687657278585 1
0.34711712024416214 1
0.34742828979070034 1
0.34744069073456735 1
0.34755690868929484 1
0.347642659094446 1
0.3481650924753568 1
0.34820380400010953 1
0.3486359262578524 1
0.3486461448335222 1
0.34873183362480764 1
0.34873846868241315 1
0.34881851042097145 1
0.34898735064804226 1
0.34906928274918675 1
0.34960880579967785 1
0.3496673787703397 1
0.34996479582354195 1
0.3500629216847478 1
0.3502546725831277 1
0.35038084781702084 1
0.3504583108706009 1
0.35089003756914183 1
0.35102825730434334 1
0.3511232202516352 1
0.3513115018316075 1
0.35132869856541327 1
0.3513359467335065 1
0.3515466197816665 1
0.351607358018424 1
0.3516142477763329 1
0.35167013967197663 1
0.3517389575898802 1
0.35183869088637365 1
0.35197522238751716 1
0.3521456957038414 1
0.3521639689018404 1
0.3524326729216497 1
0.35246508308096997 1
0.3527253614642273 1
0.3527634682278865 1
0.3530893836921434 1
0.3531952538829246 1
0.3532095860974904 1
0.35321797360590634 1
0.35331521209942296 1
0.35346639210898667 1
0.3535444131680907 1
0.35360099933749434 1
0.3539109130880946 1
0.35415925312858126 1
0.35430318977565944 1
0.3543086311092356 1
0.354488879946666 1
0.3545020752317779 1
0.3547326468650355 1
0.35480904750620945 1
0.355263156230029 1
0.355340594118372 1
0.35545905224429014 1
0.3554759529103175 1
0.3554978454226352 1
0.35550279385047284 1
0.3556492568784451 1
0.3558011247060022 1
0.3559021934330775 1
0.35595477442153145 1
0.3559731574994963 1
0.3559755157077424 1
0.35604062486069965 1
0.35626163479925227 1
0.3562748878011383 1
0.3564928146802175 1
0.35649415999176426 1
0.35657064506552016 1
0.3565766681263167 1
0.35674953537256526 1
0.3568256777474367 1
0.35689800565381186 1
0.3572182059771555 1
0.35722217271239004 1
0.35735602907741154 1
0.3575241251767202 1
0.35758388902301846 1
0.35759333456643305 1
0.3576544359389546 1
0.35770277004712847 1
0.35771352444252 1
0.3578596957310445 1
0.3581497449517292 1
0.3581729609860546 1
0.35821677083011094 1
0.35827232722378716 1
0.3582810422133757 1
0.35830759057156186 1
0.35837754315321724 1
0.35839267758960786 1
0.3587626020923381 1
0.3589657654073845 1
0.3592092096358999 1
0.35931429862567726 1
0.3595778834741741 1
0.3596075889413007 1
0.3596584379468923 1
0.3596845979751611 1
0.360028905203452 1
0.3601189679273223 1
0.3605371095867109 1
0.36056766601567675 1
0.36072949728512976 1
0.3607424368407605 1
0.3607438689170046 1
0.36074815707623964 1
0.3608513968236997 1
0.3610522505255933 1
0.3611197659705537 1
0.36112174615536774 1
0.36114199533766567 1
0.361213882544616 1
0.36135985199229226 1
0.3613608451219018 1
0.36159641631949385 1
0.3617146154852959 1
0.3617902453176577 1
0.36181127553208525 1
0.36181419666188497 1
0.361940398996753 1
0.36195623942250316 1
0.3620106038683864 1
0.3620498289431094 1
0.3620870595273288 1
0.36211546129339583 1
0.3621194610294883 1
0.3623588516753317 1
0.36243897846447537 1
0.3626050858717898 1
0.3626789724526996 1
0.36288091474909145 1
0.3629697136550181 1
0.3630101837842708 1
0.3630461604311709 1
0.3630551342997299 1
0.3631878139349886 1
0.3632136972099325 1
0.36330240376166567 1
0.36341266515694853 1
0.36341424645813203 1
0.36359004089357116 1
0.3637039817701846 1
0.3639830876972337 1
0.36417510931817915 1
0.36420545314673175 1
0.36427278363365945 1
0.36430716317413037 1
0.36435361520554094 1
0.36447120702463 1
0.3644761514758532 1
0.3645756384648442 1
0.3647303543947638 1
0.36474366998421337 1
0.36507983103682434 1
0.36510097305980155 1
0.3651578125005999 1
0.36517252411178924 1
0.3651888933244558 1
0.3652228601254115 1
0.3652335434135723 1
0.36562986530971947 1
0.3656369951132005 1
0.3656385030860777 1
0.365659957248795 1
0.3657277114650859 1
0.36579325911440846 1
0.3658038867875854 1
0.3658879158077594 1
0.36598985821786045 1
0.3660384954062293 1
0.3663625834649949 1
0.3663688521700703 1
0.36637638401351347 1
0.36654190303751 1
0.366588790892955 1
0.36673593486566847 1
0.36694400341996236 1
0.366961970349524 1
0.36707372965583246 1
0.3671099675666662 1
0.36730519137025625 1
0.3673254539396339 1
0.367475900622662 1
0.3675821933057557 1
0.3676125920846996 1
0.36777129858151847 1
0.36786780684560433 1
0.3681975628663514 1
0.36838097095047345 1
0.3684375669196461 1
0.3684570065611956 1
0.36849470473250107 1
0.3687289749641421 1
0.36902889756363416 1
0.3693675830247583 1
0.36936758543548875 1
0.36946270176139556 1
0.3694710540951421 1
0.36962621420189073 1
0.36990553722602143 1
0.36998246834110055 1
0.37009870154906666 1
0.37028283191194616 1
0.37031401942921477 1
0.3703364668777464 1
0.3703790810614993 1
0.3704230498477123 1
0.370545981513361 1
0.37063684162724564 1
0.37069589691375804 1
0.3707087280756528 1
0.37084995483736694 1
0.3708585280242423 1
0.37095282234872934 1
0.37097025070092576 1
0.37099791367522417 1
0.3710670223531218 1
0.37109755685620044 1
0.3712538653401564 1
0.37127589053261195 1
0.3713961574511998 1
0.3714531537729125 1
0.3714567013011701 1
0.37150942947489696 1
0.37165006142371565 1
0.3716951906576256 1
0.3718698993893576 1
0.3719942590269891 1
0.37215939098112366 1
0.37218593861594734 1
0.3721926072208882 1
0.37240425010380185 1
0.37247910372613935 1
0.3726948291167544 1
0.3727285190055843 1
0.37278961404323724 1
0.3728196995013707 1
0.3730312035271672 1
0.37312850155883004 1
0.3731417945731737 1
0.37319367580340035 1
0.37323040707244654 1
0.373284840601988 1
0.37331248742166556 1
0.3733335602284257 1
0.37337735554365 1
0.37351569585668726 1
0.3735198959872665 1
0.3735231584134617 1
0.37356111094403405 1
0.3735923075505159 1
0.37360708931770703 1
0.37364898721318596 1
0.3737090575551967 1
0.37388231971986996 1
0.3739499613774374 1
0.37395412150049345 1
0.3740523874531224 1
0.374099268645515 1
0.37425810645330054 1
0.3743165405903446 1
0.3743751178111191 1
0.3743935487802334 1
0.37439500515784596 1
0.37444878798809766 1
0.3744810702559301 1
0.374498114342293 1
0.37449835609045196 1
0.37453042897237593 1
0.3745490671839983 1
0.37470539768472944 1
0.3748303640620123 1
0.37488678652747237 1
0.3749143934360172 1
0.3749967374869806 1
0.3750132494563039 1
0.37510862086148533 1
0.375189503979805 1
0.3752896881109424 1
0.37540954824749734 1
0.3754973604170535 1
0.3755116004929465 1
0.37552097446792 1
0.3756013271566649 1
0.3757246191439699 1
0.37573002327894345 1
0.37574324192902764 1
0.37580584931694894 1
0.37606449730598746 1
0.3760964007463222 1
0.37616108581925223 1
0.37625175799541405 1
0.3763452309689307 1
0.3764913921840499 1
0.3765107666558682 1
0.37651681651995306 1
0.3765407422883281 1
0.37658828510928466 1
0.37670301760494196 1
0.3768158450553839 1
0.3770033154393851 1
0.3770061221153853 1
0.3771866431987412 1
0.37723026942816706 1
0.3772810875964091 1
0.3773638360677408 1
0.3774495082883078 1
0.3774835584392839 1
0.37753075647008066 1
0.37765732204301444 1
0.37782235447700785 1
0.3778865804172976 1
0.37788665251500086 1
0.3780143864426669 1
0.37803726412438854 1
0.3780491970071465 1
0.378093870214292 1
0.378121631112869 1
0.378133501323332 1
0.3784998198597418 1
0.37857167817453286 1
0.3785769777196773 1
0.37869366578941 1
0.37896812050554063 1
0.37899083254032 1
0.37911290984934437 1
0.3791399744943441 1
0.3791630706244107 1
0.379198683226018 1
0.3792098300040409 1
0.37925579500822193 1
0.3794637003660538 1
0.37946924712410174 1
0.3794928399203652 1
0.37958544546871364 1
0.37959478984610756 1
0.3798392299318122 1
0.37990199957515947 1
0.3801004770703314 1
0.38025137349738225 1
0.3802903560834839 1
0.3803227535773847 1
0.3803241791686134 1
0.380419581851892 1
0.38058057926870326 1
0.38061540854297293 1
0.3806436223439753 1
0.38064589771270546 1
0.38077272036908694 1
0.3807874089137942 1
0.38115753662875335 1
0.38118576342871946 1
0.38120357749369077 1
0.38129147523992685 1
0.3814197282603042 1
0.3814616656721246 1
0.3815447803002647 1
0.3815449732632662 1
0.3815792654488414 1
0.3816070464374564 1
0.38165641950798546 1
0.38180974170482934 1
0.3818264488001188 1
0.38192630165964714 1
0.3819434456254121 1
0.38198010691987855 1
0.38213587410910094 1
0.3821887056636705 1
0.38235157528136526 1
0.3823763242026562 1
0.3824557312557913 1
0.3825056541866602 1
0.3826081506031831 1
0.38262023409871593 1
0.3827692346458685 1
0.3829192950606075 1
0.3830574100945847 1
0.3830743146823987 1
0.38311067219718736 1
0.38332376196760903 1
0.383387847413773 1
0.3836152773139132 1
0.3836267789882116 1
0.3837025070951477 1
0.3837095261821842 1
0.38371166789608707 1
0.38378216023796263 1
0.38380950814275094 1
0.38382960754522316 1
0.3838792050529936 1
0.38395149601883377 1
0.3839527124200648 1
0.383962084616462 1
0.3839981269594381 1
0.3840045794598002 1
0.38409106256370534 1
0.38410901158951205 1
0.38410947609823304 1
0.38419733599393374 1
0.3842068656208956 1
0.38430636722719896 1
0.38437873930115024 1
0.38438428055665197 1
0.38450172558679363 1
0.384535384540856 1
0.3845788135492111 1
0.38462900385126664 1
0.3847052080957246 1
0.3847419100991988 1
0.3848487273414498 1
0.38486317799515246 1
0.3848693731273228 1
0.3849013143447079 1
0.38490317822184394 1
0.38519833445524765 1
0.38523662624489696 1
0.38547416825235487 1
0.38584307872056756 1
0.3858494739015414 1
0.38590695446569384 1
0.3859391435031641 1
0.38594673976662336 1
0.38614832830262186 1
0.3862037497459641 1
0.3862103063258733 1
0.38629180558176784 1
0.3862943646948176 1
0.3863761507252301 1
0.38650096684277857 1
0.3865556252162067 1
0.3866485103528947 1
0.3866522346869943 1
0.38665451523862815 1
0.3866795289568005 1
0.38675408809525746 1
0.3867619942495368 1
0.38706572774257153 1
0.3870787931530748 1
0.38732183062929665 1
0.3874375206391183 1
0.38755319914659836 1
0.38755550519649723 1
0.387561221008294 1
0.3875973151990918 1
0.38774120162140513 1
0.3878810021616736 1
0.387881718817259 1
0.3881239645450535 1
0.38818761954087255 1
0.3882351502728802 1
0.38831533644630134 1
0.38834659057334425 1
0.3883807786893134 1
0.3885665315136301 1
0.3887322576683801 1
0.38876846498711815 1
0.38877828033067574 1
0.38882477901290874 1
0.38889072069903635 1
0.3889192614906968 1
0.3889709795622587 1
0.3890700456814955 1
0.38910191444987335 1
0.3891499944635947 1
0.38917794584160054 1
0.38920492165009174 1
0.38943256370500207 1
0.38947078921515926 1
0.38954817717367823 1
0.3897233728338928 1
0.3898699285508326 1
0.3901739777054283 1
0.3901823391365852 1
0.3902124125621183 1
0.3903098266725298 1
0.39031264563200957 1
0.39036947454471366 1
0.3903750096974181 1
0.39038533564521033 1
0.3903892092888887 1
0.3904734942878369 1
0.39051185720134735 1
0.39051329291892434 1
0.39067965651315445 1
0.39091208970274594 1
0.39092700385954054 1
0.3909359933107324 1
0.3910110435358606 1
0.391164944676628 1
0.3912588973273808 1
0.3913497166961505 1
0.3913799561661337 1
0.39143974199457887 1
0.3915672389632144 1
0.3915734083120777 1
0.39158117277067 1
0.39167826114367954 1
0.39168769181027124 1
0.39178009381806783 1
0.391791824530508 1
0.39182140257901177 1
0.39187372632809825 1
0.391910428430617 1
0.39195647798061545 1
0.39209328397121884 1
0.39227453399924317 1
0.3923880729393469 1
0.39240419852078257 1
0.3924875520261895 1
0.3925128964373015 1
0.39254215523341857 1
0.3925872752143522 1
0.3925912960662249 1
0.3927579323850921 1
0.3928219602351079 1
0.39310882175176437 1
0.3931695280283647 1
0.39317933313412273 1
0.3933563539717245 1
0.3934482746890744 1
0.39345948104603606 1
0.3934741056801096 1
0.39364691635559895 1
0.39365503606057994 1
0.39375495671119176 1
0.3937986859501676 1
0.3938664874185676 1
0.39398005632290634 1
0.3940316898167097 1
0.3940727885540896 1
0.3940975683696055 1
0.3941981805755661 1
0.39421283890555253 1
0.3942365585752789 1
0.39431448334150915 1
0.3943971442544321 1
0.3944344227577205 1
0.394478566005286 1
0.394486907139123 1
0.39457853327845904 1
0.3946721735630198 1
0.3947101683807654 1
0.3949719924575875 1
0.39501175634985364 1
0.3951875383634125 1
0.3952612028656718 1
0.39527609045776296 1
0.39530288543996894 1
0.3953527367388074 1
0.39535327143505333 1
0.39543494003509083 1
0.3955680730432999 1
0.3956900598976536 1
0.39576511140347287 1
0.3957854460161175 1
0.39591657606917047 1
0.39593877273290395 1
0.3959613741783727 1
0.39596695686494454 1
0.3960662229841577 1
0.39622391225426945 1
0.3963024795785249 1
0.3964425241323499 1
0.3965611663689234 1
0.39659661302563237 1
0.39670987264816904 1
0.3967654112427253 1
0.3968293062599645 1
0.39683095228785015 1
0.3969537661695767 1
0.396979723165986 1
0.39700447616358664 1
0.3970525013208623 1
0.39707858508673105 1
0.39716220595239987 1
0.39719283744950057 1
0.39723214437258536 1
0.3972458113192194 1
0.3972574614152022 1
0.3972645610887694 1
0.39761392066118106 1
0.3977616921571389 1
0.397767380131752 1
0.3978081688899695 1
0.3978530356561542 1
0.3981866882883146 1
0.39822761341872814 1
0.3983034051300722 1
0.3983783124400179 1
0.3984297080955786 1
0.3984648878763051 1
0.3984814104432669 1
0.39849783572245273 1
0.3985611674201258 1
0.39897583308262397 1
0.3990384932270486 1
0.3992423471747093 1
0.39930498225580463 1
0.39931230263406187 1
0.3993836449404333 1
0.39938484265609125 1
0.39940177427883616 1
0.39942811444182036 1
0.3995319842880576 1
0.399536548662868 1
0.3995584321460257 1
0.3998305573328562 1
0.39984826655815475 1
0.4000576747054761 1
0.4001391513462853 1
0.4001755306849495 1
0.4002328705731628 1
0.4003233798364403 1
0.40035373533248975 1
0.4003879998930661 1
0.40046278795326556 1
0.4005155390511837 1
0.40054150840512487 1
0.40066008092100136 1
0.40086096122758746 1
0.4009233824204603 1
0.40105790291193844 1
0.40125381526157816 1
0.4013064886338302 1
0.4013673639715143 1
0.40153388630576636 1
0.40156906036497797 1
0.4018621381074841 1
0.40200947951307314 1
0.40245747970809687 1
0.402512605878136 1
0.4025671813074138 1
0.4026373072656419 1
0.4027767382312581 1
0.4029235351469862 1
0.4029437244841983 1
0.4030192867091658 1
0.4030367296792977 1
0.40304143722396873 1
0.4030862293402457 1
0.403185696368056 1
0.4033325921707764 1
0.4034848638062127 1
0.40352033189723907 1
0.40365272156832094 1
0.40377943007908507 1
0.40422852451153396 1
0.40427486184048833 1
0.4042797430852157 1
0.4043674796618148 1
0.4044368673462689 1
0.40448900813972766 1
0.40470625297188034 1
0.4049336039457727 1
0.4050285243861419 1
0.4050681570287432 1
0.40542285595264116 1
0.4055866129242719 1
0.4058053840240139 1
0.4058383104895206 1
0.40598769648381605 1
0.40644196011180794 1
0.40662816750908104 1
0.4067070595712424 1
0.4067074824071984 1
0.40674052525494225 1
0.4069563605682479 1
0.4071906905094783 1
0.407251514458834 1
0.4072617062858761 1
0.40732221239695027 1
0.40735073839277475 1
0.4073772200005665 1
0.40755021947474296 1
0.4076425001301256 1
0.40765895047738715 1
0.40790016422291503 1
0.40791278658255775 1
0.4081887227831046 1
0.40820146639708815 1
0.40836108945586064 1
0.40841708525892556 1
0.40843311145003697 1
0.40851773390195106 1
0.4085456297172859 1
0.4086480074030429 1
0.40929284780221925 1
0.40931869425368256 1
0.4093385447253819 1
0.4094154139196562 1
0.4094516969521999 1
0.40947411588636906 1
0.40955753600429545 1
0.40963736406967366 1
0.40976293893680377 1
0.4097644231783098 1
0.4097728662281931 1
0.4098968027536254 1
0.40996232133765337 1
0.410077671225711 1
0.41020339131058414 1
0.41038605314219717 1
0.4105495912723069 1
0.4105743242390969 1
0.4105752623405327 1
0.41067829309136505 1
0.4110562074398011 1
0.41109075455459004 1
0.41112389383440723 1
0.41116837222213454 1
0.4113226379049488 1
0.4113438218384911 1
0.4113548416342753 1
0.4113884271527909 1
0.4115141849632788 1
0.41152184998953606 1
0.4115409434182923 1
0.4117868385519112 1
0.41192064718384175 1
0.4121768654168605 1
0.4122571687000684 1
0.4122626402709376 1
0.4122799937764606 1
0.4123160538960573 1
0.4124972671775506 1
0.4125343262259759 1
0.41303281778129297 1
0.41307493760426545 1
0.4133625312399633 1
0.413401427844903 1
0.4135254009467249 1
0.41362554701831344 1
0.41390339573412294 1
0.41393040286995936 1
0.41398242542279867 1
0.41436705693869397 1
0.4144593205257578 1
0.4144679925559355 1
0.41451023062299874 1
0.41492479390770426 1
0.41497445766945773 1
0.4150624086919104 1
0.4151798603912301 1
0.41518067837139805 1
0.4153043322257799 1
0.4155905854443723 1
0.41574238828399834 1
0.41578693487196006 1
0.4158590294580515 1
0.41586195772832 1
0.41589094374690433 1
0.4159490907871146 1
0.41610792846568967 1
0.41629545926564065 1
0.41630669909642193 1
0.41641028578708905 1
0.4165999774381459 1
0.4170048038559382 1
0.4173308865649051 1
0.41741164481844606 1
0.4174721755913218 1
0.4177352364904683 1
0.41856242318237574 1
0.41867051125211446 1
0.41886049570609507 1
0.41889904556847724 1
0.41892150579854 1
0.4189494217674957 1
0.419209278114049 1
0.41936332444938 1
0.419363495784649 1
0.4200549991243085 1
0.4202121417025789 1
0.42023821244751436 1
0.42034747973425757 1
0.4203907398561414 1
0.42044222174401197 1
0.4205095049415695 1
0.42065482741995835 1
0.4208713660495232 1
0.42088086134746994 1
0.4210296495640278 1
0.42103571114558336 1
0.42114744080371813 1
0.4213045750108981 1
0.4213242639345245 1
0.4215776369261804 1
0.42162465329142257 1
0.4216455608370292 1
0.42173066996272984 1
0.42202901281292354 1
0.4220930181526272 1
0.4220975306028383 1
0.4223066319878985 1
0.42313532396611414 1
0.4231496671791126 1
0.4234884103997873 1
0.42389812736630056 1
0.42447625488460894 1
0.4245407999433352 1
0.4247557866131519 1
0.4250264528566091 1
0.4250400635467669 1
0.42530487919992377 1
0.4257013116216784 1
0.42570297715931005 1
0.4258220073204575 1
0.4260455150754898 1
0.42634169672880473 1
0.42649770797714903 1
0.42658183316334025 1
0.4266976666238252 1
0.426765376874049 1
0.4268644514683361 1
0.4272274466682015 1
0.4273502991076202 1
0.4275013328490593 1
0.427714053901226 1
0.42807452891145886 1
0.4281725170731697 1
0.4283255265311544 1
0.4284925354865271 1
0.42869104394825974 1
0.42877053099890605 1
0.42972923613852004 1
0.4300385394456277 1
0.4304584534839197 1
0.4305184723041799 1
0.43061903364714177 1
0.4308346504607286 1
0.4310441180486792 1
0.4313025126614318 1
0.43136083051023283 1
0.4316278272098469 1
0.43183258064830554 1
0.4321857843634935 1
0.4323594645233914 1
0.4326147211215263 1
0.4330113132816594 1
0.4331846871163354 1
0.43318503318852614 1
0.43339699236647533 1
0.4334047663675344 1
0.4334649271169727 1
0.43359248146609297 1
0.43384438103598044 1
0.4339731807775864 1
0.4340907737103548 1
0.4344427007394723 1
0.4351622285161499 1
0.43536086869784313 1
0.4358356835134439 1
0.4359100164621717 1
0.43659695138284016 1
0.4371537674266491 1
0.4373770792550472 1
0.43754334995544913 1
0.43768756849516244 1
0.43815276078892285 1
0.43816325718437327 1
0.43835990879328385 1
0.4384773022550141 1
0.4384912840523267 1
0.43898383868335883 1
0.4391959056570021 1
0.43924513742089105 1
0.4394412151728747 1
0.4398091961295721 1
0.4403773451793148 1
0.4407695449896053 1
0.44093052259482357 1
0.4410047142594108 1
0.44110026176371875 1
0.4413726944400464 1
0.44139770404492074 1
0.44144276817820727 1
0.4415235823115755 1
0.441848867160288 1
0.44330367512610924 1
0.4445595838653852 1
0.44504928304634606 1
0.4450838705951008 1
0.44544043806191924 1
0.44547060894111534 1
0.44870837013609605 1
0.45071194834432055 1
0.4507424191437485 1
0.4510035701662152 1
0.4517580450525067 1
0.4529881211327117 1
0.4549137929629976 1
0.45552551985738143 1
0.45742270809185465 1
0.4575459259958891 1
0.4613372823342861 1
0.46577492327387693 1
0.4719613094119317 1
