0.40041399268733485 1
0.4008054571587495 1
0.40250654787834095 1
0.40499442383712236 1
0.40800942179462896 1
0.4085771120983586 1
0.40931955626140637 1
0.4095558465213125 1
0.40973206207282176 1
0.41186474031384285 1
0.4120031644558955 1
0.4121011038181659 1
0.4131762529475882 1
0.4142556933475551 1
0.4146261897233864 1
0.41464628787060254 1
0.41519721782407015 1
0.416291956882108 1
0.41648718089921444 1
0.4168978735694779 1
0.4182871541738609 1
0.41881617283896083 1
0.41885723908176026 1
0.4189527003146383 1
0.4193250933568446 1
0.41952329344113864 1
0.41959917502620714 1
0.41985599840751325 1
0.4202270030019452 1
0.4203434426112127 1
0.42061658108779115 1
0.4206360977719891 1
0.4207769897626287 1
0.4209503024913673 1
0.42102814370642183 1
0.42136135689139737 1
0.4213623103649875 1
0.422183973910058 1
0.42249767041083525 1
0.4224991218222204 1
0.4231039488279718 1
0.4232004367788572 1
0.42320283138302706 1
0.42324099480305627 1
0.42349548654380376 1
0.42359342590607435 1
0.42394811540523397 1
0.4240044803061043 1
0.4241013299867565 1
0.4244350513903326 1
0.42474780469832557 1
0.4248872452775791 1
0.4249654482224006 1
0.42518084363114034 1
0.42549403191331675 1
0.4258449383605326 1
0.42590224645418767 1
0.42647131492488555 1
0.42647233136208706 1
0.4268842557104843 1
0.4270595280692089 1
0.4273321583271866 1
0.42737228137720173 1
0.42743293754861655 1
0.42790173501648504 1
0.4279795029871228 1
0.4281943901772618 1
0.4292910888652854 1
0.4296453433902611 1
0.4300558895716906 1
0.43013322256814435 1
0.43019387873955933 1
0.4306421430860282 1
0.4306827743546441 1
0.43079731729753684 1
0.431151136848329 1
0.43144284881632133 1
0.4314443002277062 1
0.4315822893955751 1
0.43175843170266726 1
0.4318152315777213 1
0.432169486102697 1
0.4322473273177519 1
0.43236572655700534 1
0.4324053413884196 1
0.4324225264320596 1
0.43259969545715893 1
0.43260020367575963 1
0.4332647333793354 1
0.4332852665007353 1
0.43361804471152704 1
0.4336958859265817 1
0.43398991925432634 1
0.434242451365088 1
0.434363328733734 1
0.4343637637079177 1
0.43463588574729456 1
0.4346951534709353 1
0.4347328086723634 1
0.43486933614804124 1
0.43532102181668714 1
0.4357512311711491 1
0.4358289991417867 1
0.43637905914688707 1
0.4367695804255171 1
0.4367709585924853 1
0.43679011354691677 1
0.43712193828411827 1
0.4376504487306172 1
0.4379249653741638 1
0.43802574459559357 1
0.4381593692485009 1
0.4381593692485011 1
0.43829692344218607 1
0.43849454206346244 1
0.43888462836790887 1
0.43892562136629143 1
0.43900114122159356 1
0.43910089372501604 1
0.4392961909865397 1
0.43982419321443805 1
0.43988244450087743 1
0.43994259245369155 1
0.44000040876594715 1
0.44017749426582353 1
0.4401965759758382 1
0.44031454024090794 1
0.44064681023309893 1
0.4408014029815897 1
0.44142981242034546 1
0.4420385586860688 1
0.4421565229511385 1
0.44278144810410613 1
0.4428190930247285 1
0.4429361140970136 1
0.44330988530618787 1
0.4434655677362972 1
0.4434680355848841 1
0.44352528071492786 1
0.4438007405512588 1
0.4443449846300121 1
0.44458229132711985 1
0.44477570220307455 1
0.44489410144232816 1
0.44507075196802093 1
0.4456407636315033 1
0.4460317931287342 1
0.44612871605380344 1
0.44612922427240426 1
0.446265253810287 1
0.44634403821812596 1
0.4464214444589971 1
0.4466572265003025 1
0.4468544101473952 1
0.44714706530817167 1
0.44741918734754854 1
0.44745931039756365 1
0.4475586279268024 1
0.4476559858260555 1
0.44785128308757893 1
0.447968739134048 1
0.4481449546855573 1
0.44906442138487007 1
0.4499438382785852 1
0.45002320414944225 1
0.45027806790076214 1
0.45151224753805386 1
0.451609170463123 1
0.45257217125382204 1
0.4526275197174911 1
0.45284240690763006 1
0.45351034765257725 1
0.4536835871368986 1
0.45398104178682075 1
0.4542737701920144 1
0.454587901666975 1
0.4558186702628955 1
0.45638693174883727 1
0.456427416528619 1
0.4566021806687428 1
0.4567984211230508 1
0.45689773865229 1
0.4572271058217103 1
0.4582273898032655 1
0.45881552970317196 1
0.45885470956040275 1
0.4592447958648491 1
0.4592662721790334 1
0.4600678478576938 1
0.4602630718748004 1
0.4604392874263095 1
0.46122381426935827 1
0.46124573583853207 1
0.4622019775101 1
0.46414037492679916 1
0.46615661355855287 1
0.4690149126487486 1
0.470701286173287 1
0.4713644377098949 1
0.47911846235087446 1
