0.5831715624305849 1
0.5870948253904542 1
0.5947065454447066 1
0.5954911980366805 1
0.5976618735704397 1
0.5984465261624135 1
0.5988130906467385 1
0.601951701014634 1
0.6035210061985817 1
0.6037042884407442 2
0.6052735936246919 1
0.605273593624692 1
0.6060582462166658 1
0.606424810700991 1
0.6070261810508022 1
0.6070261810508023 1
0.6074442691584511 1
0.6076275514006136 1
0.6101647914186978 1
0.6103480736608602 1
0.6105313559030227 1
0.6111327262528341 3
0.611550814360483 1
0.6121006610869706 1
0.6127020314367818 1
0.6128853136789444 1
0.6136699662709184 1
0.6144546188628922 2
0.6150559892127034 1
0.615239271454866 1
0.6152392714548661 1
0.6156573595625148 1
0.6160239240468399 3
0.6162072062890024 1
0.6166252943966514 1
0.6175932292307876 1
0.6175932292307877 2
0.6177765114729502 1
0.618561164064924 1
0.6187444463070866 1
0.619345816656898 1
0.6195290988990604 1
0.6195290988990605 1
0.6201304692488718 1
0.6203137514910344 1
0.6209151218408455 1
0.6209151218408456 3
0.6210984040830082 2
0.6216997744328195 3
0.621883056674982 2
0.6220663389171446 1
0.6224844270247933 2
0.6224844270247935 1
0.6226677092669559 3
0.6234523618589298 1
0.6236356441010923 1
0.6240537322087413 1
0.6242370144509036 1
0.6242370144509037 1
0.6248383848007151 2
0.6250216670428775 1
0.6253882315272026 1
0.6258063196348513 2
0.6259896018770139 1
0.6265909722268252 1
0.6267742544689878 1
0.6269575367111504 1
0.6273756248187992 1
0.6275589070609616 2
0.6279254715452868 1
0.6285268418950981 1
0.6291282122449094 2
0.6293114944870719 1
0.629311494487072 1
0.6299128648368832 1
0.6299128648368834 1
0.6306975174288572 1
0.6308807996710197 1
0.6314821700208311 1
0.6318487345051561 2
0.6320835403706425 1
0.6322668226128049 1
0.632266822612805 1
0.6324501048549674 2
0.63263338709713 3
0.6332347574469412 1
0.6332347574469415 1
0.6334180396891038 1
0.6340194100389153 1
0.6342026922810777 1
0.6349873448730515 1
0.6357719974650254 1
0.635955279707188 2
0.6365566500569992 1
0.6365566500569994 1
0.6367399322991618 2
0.6367399322991619 1
0.6373413026489733 1
0.6375245848911358 1
0.637759390756622 1
0.6386758019674346 1
0.638910607832921 1
0.6390938900750834 2
0.6390938900750835 1
0.639277172317246 1
0.6392771723172461 1
0.6395119781827323 1
0.6406631952590311 1
0.6406631952590313 1
0.6408464775011937 1
0.6414478478510052 2
0.6416311300931676 1
0.6424157826851414 2
0.6430171530349529 1
0.6432004352771153 1
0.6433837175192778 1
0.6438018056269267 1
0.6439850878690891 1
0.6443516523534142 1
0.6443516523534143 1
0.6447697404610632 1
0.6449530227032255 1
0.6451363049453882 1
0.645554393053037 1
0.6459209575373619 1
0.645920957537362 1
0.6465223278871735 1
0.6467056101293359 1
0.6471236982369848 1
0.6473069804791471 1
0.6473069804791473 1
0.6482749153132836 1
0.6484581975554461 1
0.6488762856630949 1
0.648876285663095 1
0.6490595679052575 1
0.6496609382550689 1
0.6498442204972312 1
0.6504455908470428 1
0.6508121553313677 1
0.6508121553313678 1
0.6517800901655041 1
0.6521981782731529 1
0.652198178273153 1
0.6521981782731531 1
0.6525647427574781 1
0.6529828308651269 1
0.6537674834571007 1
0.6537674834571008 1
0.6539507656992631 1
0.6541340479414256 1
0.6541340479414258 1
0.6547354182912372 1
0.6553367886410484 1
0.6557033531253735 1
0.6570893760671587 1
0.6580573109012952 1
0.6602279864350542 1
0.6611959212691909 1
0.6617457679956782 1
0.662163856103327 1
0.6645178138792486 1
0.6672383361394952 1
0.6719462516913387 2
0.6770207317275069 1
0.6770207317275072 1
0.6776221020773182 1
0.677988666561643 1
0.6846324517817591 1
0.6885557147416287 1
