2 34
2 31
3 42
0 35
1 48
2 32
0 43
1 46
0 40
0 32
0 37
0 45
3 45
0 42
0 54
0 42
2 49
3 41
3 48
1 37
1 52
1 42
3 39
2 46
2 44
2 42
3 48
3 46
2 47
0 45
2 44
0 47
3 35
3 47
3 42
2 39
2 49
3 37
2 43
3 35
0 41
1 45
2 47
1 37
0 47
1 35
3 43
2 45
2 43
1 52
0 39
3 42
1 43
3 37
2 55
0 40
0 31
3 31
3 40
3 32
2 46
0 44
0 44
0 36
1 48
3 43
2 45
3 38
1 53
2 42
3 44
0 31
3 44
3 41
2 38
0 33
1 30
2 38
3 40
2 39
1 49
2 39
3 39
3 42
0 32
2 35
3 57
1 40
0 52
2 40
2 45
0 44
1 39
3 34
2 34
0 36
3 41
0 36
0 48
3 46
1 43
2 40
2 40
1 43
1 44
2 43
3 51
3 45
0 44
3 46
1 40
3 32
3 46
3 47
1 39
1 41
0 37
0 39
2 36
1 44
2 55
2 45
2 49
3 57
2 42
2 32
0 38
2 49
2 42
1 41
3 42
3 49
0 37
3 37
2 44
3 32
2 40
3 45
1 40
3 54
0 34
3 40
0 40
0 37
2 49
3 51
2 41
0 40
2 41
3 44
1 41
2 34
2 34
1 44
1 32
2 39
3 34
0 44
0 47
2 50
2 43
0 41
3 40
2 42
1 48
0 47
1 42
1 45
3 41
2 50
1 43
2 39
3 41
2 40
2 54
0 49
0 47
1 37
3 51
3 43
2 43
0 55
3 46
3 42
0 26
3 52
3 44
3 49
0 41
1 46
3 41
3 39
2 41
0 46
2 45
3 46
0 27
1 37
1 42
3 42
