0.3342373928392986 1
0.3436557158523212 1
0.34394288916947263 1
0.3465551668786294 1
0.3504597895646045 1
0.3559922015558585 1
0.35654438920684406 1
0.3600402200235549 1
0.360307312726215 1
0.3628988508883886 1
0.3639165654539525 1
0.3655686515973847 1
0.36617100497158256 1
0.3665234704164734 1
0.3671234737511034 1
0.3695478911634103 1
0.36974053732095186 1
0.37036476128904383 1
0.3722786136178169 1
0.37360456789743296 1
0.3736744990086964 1
0.37378645430956103 1
0.37609051916806135 1
0.37666353128944385 1
0.37775723510180564 1
0.3786672621819884 1
0.3788827338178845 1
0.3789522371383415 1
0.37996252254996243 1
0.37999360358505 1
0.38003947366385865 1
0.3806424730793661 1
0.3808637460373074 1
0.3810104657697964 1
0.38271018941932106 1
0.3832918871012992 1
0.3841937142127878 1
0.38565866599795484 1
0.3860020159005856 1
0.38608196296792 1
0.38614409146850237 1
0.3862951069868425 1
0.38649726717746374 1
0.38706787981755175 1
0.38716886053174276 1
0.3875528396610564 1
0.3880386912560562 1
0.39009666053110686 1
0.39012307846982774 1
0.3901311404026567 1
0.39127546959210546 1
0.391644095323055 1
0.39272493467320635 1
0.39415701202577597 1
0.39424179880126736 1
0.39464294489373875 1
0.394804380797235 1
0.394813632594911 1
0.3949008085205763 1
0.39507232488678024 1
0.3950765035312797 1
0.3952640169099406 1
0.39545713731428705 1
0.395577017152148 1
0.39572800553842774 1
0.3958984153779296 1
0.3966240123266885 1
0.396677057411552 1
0.3971062122327102 1
0.39714143969212967 1
0.3972261239497286 1
0.39758360088075995 1
0.39770794461037445 1
0.3978372626806826 1
0.39800439428522894 1
0.3981501798886276 1
0.3983508557858679 1
0.39837872917060224 1
0.3983919463668797 1
0.3987361274363411 1
0.39937349097746383 1
0.3993978284191545 1
0.39948265315807985 1
0.4001452900312832 1
0.40018405261128587 1
0.4009388404412802 1
0.4016171611103114 1
0.40182462805179825 1
0.40215912196372317 1
0.40232111354473443 1
0.40273489675387547 1
0.4027714525222406 1
0.402936152954026 1
0.40301775812142876 1
0.40355469403284827 1
0.40423918930747227 1
0.40441252387230564 1
0.40482533359106154 1
0.405062824145312 1
0.4051297847827266 1
0.4055808265504018 1
0.4056193197826857 1
0.4058147827409636 1
0.4059013331521275 1
0.4062737962267056 1
0.4070770699474543 1
0.407522428681934 1
0.40757687579929713 1
0.4080161500512237 1
0.4082270877256389 1
0.40891595356781507 1
0.40931116996964406 1
0.41027258526386995 1
0.4104416365994626 1
0.41045638446601546 1
0.4105628939744249 1
0.41073661325234084 1
0.4108176395430057 1
0.4108803871680749 1
0.41100172671343627 1
0.4113918263539506 1
0.41160978167716 1
0.41164341683272776 1
0.4116486265071789 1
0.41194759944691156 1
0.41213660357641146 1
0.41258991390631805 1
0.412595036206722 1
0.413406263124783 1
0.413630461454803 1
0.41370012221659236 1
0.4140383056070602 1
0.4148128055185616 1
0.4150927213846515 1
0.41551623320789005 1
0.41566166222782686 1
0.4157029370770081 1
0.41576031408493125 1
0.41627070912600295 1
0.41792716172581756 1
0.4187754409427096 1
0.4189453778100169 1
0.4189459903687321 1
0.41953340867766953 1
0.41974220867468565 1
0.4202370576937276 1
0.4211450008027163 1
0.421805482649008 1
0.42193556360214807 1
0.42201394444118967 1
0.42215049606448074 1
0.4223717036183497 1
0.422812046925279 1
0.4228124886116816 1
0.42348140477199386 1
0.42402814662111576 1
0.42517506620360135 1
0.42520939383135414 1
0.42585302195304287 1
0.4271123661218151 1
0.42777445007485654 1
0.4281361294553527 1
0.42841344910195495 1
0.429341477037781 1
0.4295761705656719 1
0.4296921429609924 1
0.43025237338653277 1
0.43039401179028985 1
0.430847374671166 1
0.43109257158552905 1
0.4314556550594656 1
0.431584170485439 1
0.4316921525160849 1
0.43306173814007515 1
0.43417473643858345 1
0.4352965845414717 1
0.4362416216497618 1
0.4368434222628641 1
0.43708984241335186 1
0.4373214842051243 1
0.4381729167895723 1
0.438271021117216 1
0.43867647658785586 1
0.4388774266086979 1
0.4392025863976079 1
0.441543307928235 1
0.4415472399306157 1
0.4425591783291387 1
0.44306595909305196 1
0.44674025199500017 1
0.4468479038013774 1
0.44772374950109234 1
0.45071073206079326 1
0.45080877708888956 1
0.4525723646394353 1
0.4563407994482748 1
0.4581118233535379 1
0.4610139451494883 1
0.4652349991773012 1
0.47063792518393316 1
