
 0.412
 0.431
 0.372
 0.370
 0.451
 0.386
 0.416
 0.431
 0.388
 0.439
 0.409
 0.398
 0.400
 0.432
 0.411
 0.380
 0.364
 0.390
 0.390
 0.437
 0.395
 0.386
 0.395
 0.379
 0.411
 0.434
 0.413
 0.439
 0.397
 0.378
 0.425
 0.381
 0.398
 0.408
 0.411
 0.383
 0.433
 0.413
 0.443
 0.356
 0.374
 0.377
 0.408
 0.419
 0.422
 0.410
 0.404
 0.381
 0.415
 0.412
 0.442
 0.363
 0.419
 0.370
 0.391
 0.408
 0.380
 0.422
 0.399
 0.451
 0.420
 0.408
 0.428
 0.424
 0.401
 0.398
 0.438
 0.422
 0.406
 0.423
 0.425
 0.414
 0.374
 0.443
 0.423
 0.447
 0.394
 0.393
 0.395
 0.334
 0.394
 0.402
 0.399
 0.413
 0.410
 0.430
 0.388
 0.395
 0.395
 0.453
 0.386
 0.402
 0.384
 0.344
 0.420
 0.420
 0.471
 0.411
 0.350
 0.416
 0.411
 0.381
 0.432
 0.403
 0.430
 0.456
 0.403
 0.402
 0.386
 0.396
 0.412
 0.387
 0.465
 0.405
 0.379
 0.395
 0.437
 0.400
 0.415
 0.404
 0.367
 0.416
 0.416
 0.418
 0.436
 0.398
 0.360
 0.419
 0.448
 0.407
 0.404
 0.438
 0.390
 0.396
 0.406
 0.344
 0.398
 0.397
 0.427
 0.447
 0.399
 0.421
 0.429
 0.428
 0.430
 0.428
 0.406
 0.357
 0.397
 0.374
 0.422
 0.395
 0.406
 0.360
 0.442
 0.397
 0.367
 0.403
 0.414
 0.405
 0.461
 0.416
 0.414
 0.370
 0.398
 0.405
 0.437
 0.412
 0.398
 0.383
 0.402
 0.406
 0.430
 0.366
 0.395
 0.439
 0.426
 0.403
 0.386
 0.399
 0.386
 0.422
 0.347
 0.387
 0.379
 0.392
 0.431
 0.458
 0.409
 0.410
 0.412
 0.435
 0.411
 0.366
 0.380
 0.396
 0.423
 0.397
 0.398
 0.376

