0.4219211558105988 1
0.4235979807620439 1
0.4322361155546169 1
0.4354801018872406 1
0.43564281726958576 1
0.4402493809193592 1
0.44187610122652216 1
0.4429474753210001 1
0.4451031003479352 1
0.4461472421731189 1
0.4467594118292423 1
0.4484040586371011 1
0.45037372844894 1
0.45349150631860746 1
0.45457303601751015 1
0.4578020721105236 1
0.45881415231533046 1
0.45913774896014375 1
0.4600383834173886 1
0.46006472552274297 1
0.4600943880887033 1
0.4612435453313005 1
0.46127005513289876 1
0.46129845550183 1
0.46239528989141926 1
0.4628392282394989 1
0.46301306984693524 1
0.4632260383762813 1
0.46331046023524197 1
0.4633541320847832 1
0.4636489972967115 1
0.4646690688504349 1
0.46484479175226695 1
0.46583615352361685 1
0.4663187616971217 1
0.46676236856283587 1
0.4668498541377375 1
0.4680973182434722 1
0.4684791659921773 1
0.46921551334294087 1
0.4700329232064982 1
0.47047719723580933 1
0.4710560022378981 1
0.4710960478577345 1
0.4712306591099964 1
0.47188021479382075 1
0.47258951701542207 1
0.47315200793649576 1
0.47366175789928894 1
0.47371203325985684 1
0.47419022274607864 1
0.47428477565877386 1
0.47476220948616804 1
0.475817460143657 1
0.4758991128547691 1
0.4760010791426442 1
0.47666241186277547 1
0.4770502841761364 1
0.47769927916403815 1
0.4785673144451642 1
0.47875726151938736 1
0.47895947187310256 1
0.4791778180029103 1
0.4792619367950008 1
0.4794118604941931 1
0.4808557402482855 1
0.4811936248198452 1
0.482568038555899 1
0.4827460152021583 1
0.4830422464979457 1
0.4843125596222911 1
0.4844016661238409 1
0.48495202052173414 1
0.4850383634099679 1
0.4852960236615451 1
0.48572493134454464 1
0.4862879537884223 1
0.487190518808613 1
0.48788484952693445 1
0.4880894568336202 1
0.48887693889656253 1
0.48928528485180656 1
0.48947277957252266 1
0.4894836785713759 1
0.489631241691254 1
0.48988805974605704 1
0.48996559686119684 1
0.49088402166608647 1
0.49125949178020967 1
0.491505818825469 1
0.49218988056812274 1
0.4922817228853227 1
0.4923816590018366 1
0.49294865303640867 1
0.4931920397767891 1
0.4936166268605088 1
0.4946846509715553 1
0.4946858971690138 1
0.4947059825850257 1
0.49475796020753826 1
0.4949250786362388 1
0.4950914578747873 1
0.49535280342750626 1
0.49545389487165237 1
0.49561025819801763 1
0.4957939064852643 1
0.4961102912980159 1
0.4962782746447688 1
0.4965185042921534 1
0.4972552164640649 1
0.4973264472610886 1
0.49733026972423633 1
0.49747909835354 1
0.49784671891800564 1
0.49807825040974363 1
0.49810084083543965 1
0.49846693553237964 1
0.4988818608347252 1
0.49908202539251056 1
0.4991015310418662 1
0.49954275854462693 1
0.49992065392296453 1
0.49996094960125165 1
0.5006989212411505 1
0.5007023942633253 1
0.5017132026191117 1
0.5022858384626739 1
0.5032452502931101 1
0.5038206242958122 1
0.5044347745050927 1
0.5052608370584976 1
0.5057013704119018 1
0.5058643032270929 1
0.5074101736856065 1
0.5075550872634963 1
0.507670948438462 1
0.50797240985109 1
0.5079969517211826 1
0.5086802125156196 1
0.5098304907074008 1
0.5099349601805885 1
0.5105911891962182 1
0.5109091367266955 1
0.5112883682858813 1
0.5113960546370605 1
0.5114167911400085 1
0.5123197878435924 1
0.5137206922995281 1
0.5143531969211981 1
0.5145808200299327 1
0.5152101124237588 1
0.5154888905166746 1
0.515894548737005 1
0.5162739007946603 1
0.5175815467765148 1
0.5181518478057962 1
0.5184097294589506 1
0.5190468219162131 1
0.5191758843661863 1
0.5200520305422914 1
0.5207192789917687 1
0.5209002132877594 1
0.5224089503272072 1
0.5245556649408214 1
0.5250657814057663 1
0.5260569232940587 1
0.5260887701570774 1
0.5262224233344316 1
0.5263677225359479 1
0.5265951178291993 1
0.5272969256437999 1
0.5284024189445005 1
0.5285284567013631 1
0.5287537096187607 1
0.5288603213176114 1
0.5293136781709975 1
0.5305283503303723 1
0.5315969392959204 1
0.5339761648642352 1
0.5343614978766681 1
0.5346225653086227 1
0.5353175134762956 1
0.5361641184952686 1
0.5364037711371604 1
0.5371414128850094 1
0.5379292311331736 1
0.5397818976021699 1
0.5416227565304984 1
0.5439870119465954 1
0.545707593857587 1
0.5461517649847015 1
0.5462633565494956 1
0.5495809215619399 1
0.5503982410758222 1
0.5585525305375988 1
0.5592825843728609 1
0.5619360861887098 1
0.5624198638051705 1
0.5688667365833361 1
0.569517608927161 1
