
 0.500
 0.467
 0.495
 0.496
 0.486
 0.461
 0.460
 0.490
 0.562
 0.443
 0.471
 0.463
 0.562
 0.489
 0.464
 0.515
 0.479
 0.497
 0.536
 0.559
 0.542
 0.477
 0.470
 0.461
 0.559
 0.544
 0.525
 0.570
 0.508
 0.508
 0.550
 0.487
 0.459
 0.445
 0.490
 0.492
 0.481
 0.496
 0.479
 0.497
 0.459
 0.511
 0.485
 0.546
 0.435
 0.515
 0.518
 0.447
 0.526
 0.535
 0.520
 0.528
 0.495
 0.483
 0.476
 0.458
 0.550
 0.526
 0.529
 0.510
 0.504
 0.483
 0.526
 0.481
 0.471
 0.511
 0.479
 0.490
 0.496
 0.511
 0.476
 0.485
 0.468
 0.511
 0.519
 0.466
 0.493
 0.495
 0.448
 0.511
 0.508
 0.529
 0.494
 0.461
 0.498
 0.474
 0.450
 0.471
 0.569
 0.540
 0.462
 0.496
 0.535
 0.499
 0.473
 0.502
 0.518
 0.534
 0.492
 0.529
 0.474
 0.460
 0.483
 0.509
 0.436
 0.476
 0.522
 0.492
 0.469
 0.516
 0.510
 0.485
 0.432
 0.479
 0.498
 0.518
 0.495
 0.442
 0.526
 0.504
 0.460
 0.498
 0.453
 0.527
 0.495
 0.470
 0.474
 0.424
 0.508
 0.495
 0.497
 0.521
 0.531
 0.446
 0.534
 0.489
 0.472
 0.546
 0.536
 0.474
 0.493
 0.463
 0.488
 0.514
 0.475
 0.467
 0.465
 0.463
 0.468
 0.498
 0.495
 0.465
 0.463
 0.492
 0.506
 0.488
 0.503
 0.479
 0.506
 0.500
 0.515
 0.497
 0.440
 0.507
 0.514
 0.502
 0.525
 0.491
 0.478
 0.473
 0.537
 0.455
 0.499
 0.463
 0.495
 0.484
 0.521
 0.489
 0.505
 0.479
 0.501
 0.466
 0.527
 0.489
 0.538
 0.512
 0.519
 0.484
 0.491
 0.501
 0.532
 0.529
 0.477
 0.486
 0.516
 0.422
 0.546
 0.500
 0.499
 0.497

