0.40180524304384285 1
0.43025465934407864 1
0.4413319432607665 1
0.44252929145318887 1
0.44760799262591766 1
0.44762226966335517 1
0.4477842374085828 1
0.4504749327678633 1
0.4557832617260598 1
0.45797702771749427 1
0.45824090111480453 1
0.4604664456126346 1
0.460907727882337 1
0.46262412505198375 1
0.46394507272946056 1
0.4668938573988277 1
0.46802707788127973 1
0.47032522229156326 1
0.4706332068159435 1
0.4729530001724568 1
0.476075145897815 1
0.47763045664018067 1
0.4777196214396895 1
0.47942000383369654 1
0.4803471645060733 1
0.48045981471625704 1
0.48084579712200126 1
0.4809961459613954 1
0.4810198203549929 1
0.48137591875885954 1
0.48178805246349293 1
0.4820838952502603 1
0.4822822952865443 1
0.4840262277905712 1
0.48416554310103016 1
0.48456078994776614 1
0.48459114513890744 1
0.4849035302768435 1
0.4851520052070451 1
0.4851707861907999 1
0.4853544445835777 1
0.48565376692730117 1
0.4857827710824212 1
0.48579987448760875 1
0.486146106735456 1
0.48664279696104934 1
0.48666020573322366 1
0.4867768820233871 1
0.4872449733040878 1
0.4878799375320517 1
0.48851568612625795 1
0.48889682996204903 1
0.4905710104827724 1
0.4907457115064442 1
0.4908260335090569 1
0.491508493130715 1
0.4919286192737576 1
0.492016437996086 1
0.4925324444420261 1
0.49314904814356764 1
0.49344534085987773 1
0.49348080308856856 1
0.49349255113798784 1
0.49367821445411414 1
0.4941311974369238 1
0.4968676508435954 1
0.497727613418911 1
0.49862546412140185 1
0.4990821675227277 1
0.4991600040904695 1
0.49918928120172246 1
0.49943668462984125 1
0.499484214303613 1
0.49956539342949213 1
0.4996556662339628 1
0.4999902066775219 1
0.5002883120178442 1
0.5004611140052972 1
0.5011088011137741 1
0.5011153888787903 1
0.5012919815383204 1
0.5017340136343644 1
0.5020307734898447 1
0.502307769680777 1
0.5024622703666141 1
0.502726100286511 1
0.5033755423938395 1
0.5033918869653751 1
0.5035187644834246 1
0.5037813648208226 1
0.5038461993264886 1
0.5042155352491072 1
0.5043287673594011 1
0.5045958489331562 1
0.5051459088331947 1
0.505275802922626 1
0.506049836010562 1
0.50610324812633 1
0.5064396681187212 1
0.5065708263873586 1
0.5066320268565685 1
0.5066463763494249 1
0.5068215184714295 1
0.5078161381823879 1
0.5079469594849073 1
0.5080667286993501 1
0.5088156343605137 1
0.5089158666002187 1
0.5090248389659866 1
0.509580799211615 1
0.509980683020494 1
0.5102202024358858 1
0.5102286637912181 1
0.5103419883925531 1
0.5104216124637246 1
0.5105755207773299 1
0.5112193476644386 1
0.5119063828041444 1
0.5120551812916238 1
0.5138654757774846 1
0.5142600015558344 1
0.5142844374551367 1
0.514327992469969 1
0.5163498002529956 1
0.5169885770729512 1
0.5170369038078089 1
0.5175597490791997 1
0.5175615648706391 1
0.5180247256381099 1
0.5189716907147618 1
0.5197846311227586 1
0.5204004682538765 1
0.5205112096316801 1
0.5206084014983198 1
0.520884364857918 1
0.5219771798803049 1
0.522076498748739 1
0.5226697248351075 1
0.5230247302684355 1
0.5232536754933332 1
0.5237427079355061 1
0.5238137403378577 1
0.524109369087415 1
0.5241442790734854 1
0.5241638263127165 1
0.52463908180251 1
0.5249350409890403 1
0.5251287514266533 1
0.5252579577915195 1
0.5263582984902103 1
0.5265475212146175 1
0.5268159398280637 1
0.5273494844267695 1
0.527420880160001 1
0.5274519818000181 1
0.5284363904126347 1
0.5288429049353117 1
0.5295212505294163 1
0.5297805333813554 1
0.5301038308660546 1
0.5317883029873758 1
0.5321781127329204 1
0.5322417179943905 1
0.5323995302708808 1
0.5328325686881026 1
0.5339323936247358 1
0.5346434878672985 1
0.5360140509019763 1
0.5362439056465287 1
0.5366224312647151 1
0.5380562631484247 1
0.5381805012190309 1
0.5391210394702743 1
0.5403567250945716 1
0.5403910331657991 1
0.5406274260173608 1
0.5409137330248042 1
0.5411846721955983 1
0.5418364224100276 1
0.542378955683823 1
0.5448072004352088 1
0.5449659729168952 1
0.5461231616511476 1
0.5461527371140371 1
0.5472482780535719 1
0.5488200502992374 1
0.5493460793160986 1
0.549516661546369 1
0.5511262873869324 1
0.5522043130095401 1
0.5522677852279967 1
0.5534954834831263 1
0.5556656414124606 1
0.5557257760885699 1
0.5557902543049692 1
0.5566700662281525 1
0.5581510077230767 1
0.5611350024423963 1
0.5660432923228929 1
0.5986105423546486 1
