
 0.561
 0.520
 0.481
 0.476
 0.480
 0.510
 0.460
 0.499
 0.481
 0.509
 0.505
 0.527
 0.487
 0.502
 0.510
 0.507
 0.525
 0.549
 0.443
 0.527
 0.524
 0.450
 0.553
 0.493
 0.501
 0.524
 0.542
 0.504
 0.540
 0.448
 0.514
 0.499
 0.552
 0.532
 0.488
 0.509
 0.504
 0.497
 0.504
 0.547
 0.525
 0.556
 0.467
 0.532
 0.501
 0.441
 0.470
 0.491
 0.536
 0.487
 0.507
 0.503
 0.516
 0.486
 0.500
 0.551
 0.512
 0.524
 0.527
 0.518
 0.487
 0.478
 0.514
 0.599
 0.492
 0.520
 0.504
 0.482
 0.558
 0.518
 0.487
 0.508
 0.532
 0.481
 0.508
 0.402
 0.486
 0.566
 0.505
 0.448
 0.499
 0.500
 0.485
 0.502
 0.448
 0.502
 0.503
 0.522
 0.458
 0.456
 0.533
 0.471
 0.500
 0.542
 0.503
 0.500
 0.556
 0.473
 0.485
 0.479
 0.521
 0.481
 0.485
 0.502
 0.482
 0.529
 0.519
 0.482
 0.556
 0.550
 0.526
 0.507
 0.514
 0.523
 0.458
 0.486
 0.508
 0.557
 0.511
 0.522
 0.509
 0.512
 0.430
 0.528
 0.485
 0.500
 0.489
 0.489
 0.530
 0.493
 0.552
 0.525
 0.468
 0.511
 0.537
 0.514
 0.492
 0.505
 0.510
 0.510
 0.478
 0.541
 0.498
 0.485
 0.491
 0.527
 0.510
 0.536
 0.517
 0.538
 0.521
 0.484
 0.504
 0.463
 0.534
 0.506
 0.506
 0.530
 0.539
 0.523
 0.525
 0.540
 0.493
 0.499
 0.524
 0.491
 0.530
 0.523
 0.499
 0.532
 0.538
 0.545
 0.493
 0.546
 0.494
 0.494
 0.541
 0.518
 0.510
 0.480
 0.535
 0.541
 0.464
 0.506
 0.524
 0.486
 0.492
 0.517
 0.507
 0.545
 0.461
 0.493
 0.501
 0.546
 0.549
 0.485
 0.521
 0.527
 0.484
 0.499

