
 0.543
 0.501
 0.549
 0.527
 0.538
 0.518
 0.543
 0.557
 0.523
 0.530
 0.516
 0.541
 0.552
 0.580
 0.560
 0.537
 0.508
 0.536
 0.545
 0.561
 0.479
 0.548
 0.559
 0.559
 0.515
 0.506
 0.569
 0.544
 0.534
 0.518
 0.528
 0.591
 0.493
 0.561
 0.508
 0.540
 0.524
 0.541
 0.503
 0.511
 0.515
 0.553
 0.466
 0.565
 0.568
 0.545
 0.516
 0.552
 0.550
 0.532
 0.544
 0.505
 0.519
 0.534
 0.486
 0.542
 0.542
 0.500
 0.557
 0.612
 0.517
 0.562
 0.593
 0.538
 0.528
 0.538
 0.507
 0.537
 0.544
 0.534
 0.558
 0.564
 0.494
 0.524
 0.527
 0.485
 0.523
 0.550
 0.519
 0.527
 0.564
 0.507
 0.524
 0.530
 0.562
 0.537
 0.474
 0.499
 0.555
 0.596
 0.546
 0.565
 0.578
 0.509
 0.542
 0.536
 0.544
 0.541
 0.521
 0.557
 0.528
 0.536
 0.557
 0.550
 0.483
 0.590
 0.545
 0.514
 0.507
 0.552
 0.569
 0.512
 0.500
 0.557
 0.534
 0.533
 0.585
 0.523
 0.575
 0.503
 0.581
 0.537
 0.537
 0.533
 0.559
 0.554
 0.552
 0.533
 0.491
 0.578
 0.555
 0.555
 0.545
 0.507
 0.555
 0.623
 0.528
 0.547
 0.597
 0.533
 0.553
 0.519
 0.568
 0.553
 0.572
 0.545
 0.502
 0.507
 0.524
 0.494
 0.533
 0.486
 0.553
 0.514
 0.559
 0.504
 0.513
 0.564
 0.574
 0.524
 0.538
 0.550
 0.547
 0.537
 0.551
 0.531
 0.550
 0.530
 0.514
 0.532
 0.518
 0.533
 0.596
 0.543
 0.584
 0.590
 0.554
 0.562
 0.597
 0.529
 0.555
 0.542
 0.562
 0.589
 0.531
 0.560
 0.526
 0.528
 0.553
 0.525
 0.554
 0.528
 0.511
 0.530
 0.510
 0.549
 0.526
 0.504
 0.531
 0.504

