
 0.565
 0.615
 0.735
 0.694
 0.743
 0.743
 0.743
 0.743
 0.743
 0.743
 0.743
 0.743
 0.743
 0.743
 0.743
 0.743
 0.743
 0.743
 0.743
 0.743
 0.743
 0.743
 0.743
 0.743
 0.750
 0.753
 0.755
 0.757
 0.753
 0.758
 0.758
 0.758
 0.758
 0.758
 0.758
 0.758
 0.758
 0.758
 0.758
 0.758
 0.758
 0.758
 0.758
 0.758
 0.758
 0.758
 0.758
 0.758
 0.758
 0.758
 0.758
 0.758
 0.758
 0.758
 0.758
 0.758
 0.758
 0.758
 0.758
 0.758
 0.758
 0.758
 0.758
 0.758
 0.758
 0.758
 0.758
 0.758
 0.758
 0.758
 0.758
 0.758
 0.758
 0.758
 0.758
 0.758
 0.758
 0.758
 0.758
 0.758
 0.758
 0.758
 0.758
 0.758
 0.758
 0.758
 0.758
 0.758
 0.758
 0.758
 0.758
 0.758
 0.758
 0.758
 0.758
 0.758
 0.758
 0.758
 0.758
 0.758
 0.758
 0.758
 0.758
 0.758
 0.758
 0.758
 0.758
 0.758
 0.758
 0.758
 0.758
 0.758
 0.758
 0.758
 0.758
 0.758
 0.758
 0.758
 0.758
 0.758
 0.758
 0.758
 0.758
 0.758
 0.758
 0.758
 0.758
 0.758
 0.758
 0.758
 0.758
 0.758
 0.758
 0.758
 0.758
 0.758
 0.758
 0.758
 0.758
 0.758
 0.758
 0.758
 0.758
 0.758
 0.758
 0.758
 0.758
 0.758
 0.758
 0.758
 0.758
 0.758
 0.758
 0.758
 0.758
 0.758
 0.758
 0.758
 0.758
 0.758
 0.758
 0.758
 0.758
 0.758
 0.758
 0.758
 0.758
 0.758
 0.758
 0.758
 0.758
 0.758
 0.758
 0.758
 0.758
 0.758
 0.758
 0.758
 0.758
 0.758
 0.758
 0.758
 0.758
 0.758
 0.758
 0.758
 0.758
 0.758
 0.758
 0.758
 0.758
 0.758
 0.758
 0.758
 0.758
 0.758
 0.758
 0.758
 0.758
 0.758

