
 0.000
 0.000
 2.000
 0.000
 0.000
 0.000
 1.980
 0.000
 0.000
 2.000
 4.000
 2.000
 0.010
 0.000
 0.000
 3.990
 0.000
 0.000
 0.000
 2.000
 0.000
 4.000
 4.000
 0.000
 2.000
 0.000
 0.000
 0.000
 4.000
 2.000
 0.000
 0.000
 2.000
 0.000
 0.000
 0.000
 0.000
 2.000
 4.000
 0.000
 5.980
 0.000
 3.980
 0.000
 0.010
 2.000
 2.000
 2.000
 0.000
 2.000
 1.980
 2.000
 0.000
 0.000
 8.000
 0.000
 0.000
 0.000
 0.000
 0.000
 2.000
 0.000
 0.000
 0.000
 0.000
 0.000
 0.000
 0.000
 2.000
 2.010
 2.000
 0.000
 0.010
 0.010
 6.000
 0.000
 2.000
 0.000
 0.000
 0.000
 0.000
 0.000
 0.010
 0.000
 0.000
 1.980
 2.000
 0.000
 0.000
 2.000
 4.000
 0.000
 0.010
 0.000
 0.000
 0.000
 0.010
 2.000
 0.000
 0.000
 0.000
 2.000
 0.000
 0.010
 0.000
 0.000
 4.000
 2.000
 0.000
 3.980
 0.000
 3.990
 2.000
 0.000
 0.010
 2.000
 0.000
 0.000
 0.000
 0.000
 0.000
 2.010
 0.000
 0.000
 0.010
 4.000
 0.000
 0.000
 2.000
 2.000
 0.010
 0.000
 0.000
 2.000
 6.000
 0.000
 2.000
 2.000
 0.010
 0.000
 0.000
 0.000
 2.000
 0.000
 2.000
 2.000
 4.000
 0.000
 0.000
 4.000
 0.000
 5.970
 3.980
 2.000
 0.000
 0.000
 0.000
 0.010
 0.000
 0.010
 0.000
 2.000
 2.000
 2.000
 0.000
 3.990
 2.000
 0.000
 0.000
 0.000
 0.000
 0.010
 2.000
 0.000
 2.000
 0.000
 0.000
 2.000
 0.000
 0.000
 0.000
 2.000
 0.010
 0.000
 0.000
 0.000
 4.000
 0.000
 0.000
 0.000
 2.000
 0.010
 0.000
 2.000
 0.010
 4.000
 0.000
 0.000
 0.000
 0.000

