
 0.566
 0.616
 0.621
 0.630
 0.630
 0.630
 0.630
 0.630
 0.630
 0.630
 0.630
 0.630
 0.630
 0.630
 0.630
 0.630
 0.630
 0.630
 0.630
 0.630
 0.630
 0.630
 0.630
 0.630
 0.630
 0.630
 0.630
 0.630
 0.630
 0.630
 0.630
 0.630
 0.630
 0.630
 0.630
 0.630
 0.630
 0.630
 0.630
 0.630
 0.630
 0.630
 0.630
 0.630
 0.630
 0.630
 0.630
 0.630
 0.630
 0.630
 0.630
 0.630
 0.630
 0.630
 0.630
 0.630
 0.630
 0.630
 0.630
 0.630
 0.630
 0.630
 0.630
 0.630
 0.630
 0.630
 0.630
 0.630
 0.630
 0.630
 0.630
 0.630
 0.630
 0.630
 0.630
 0.630
 0.630
 0.630
 0.630
 0.630
 0.630
 0.630
 0.630
 0.630
 0.630
 0.630
 0.630
 0.630
 0.630
 0.630
 0.630
 0.630
 0.630
 0.630
 0.630
 0.630
 0.630
 0.630
 0.630
 0.630
 0.630
 0.630
 0.630
 0.630
 0.630
 0.630
 0.630
 0.630
 0.630
 0.630
 0.630
 0.630
 0.630
 0.630
 0.630
 0.630
 0.630
 0.630
 0.630
 0.630
 0.630
 0.630
 0.630
 0.630
 0.630
 0.630
 0.630
 0.630
 0.630
 0.630
 0.630
 0.630
 0.630
 0.630
 0.630
 0.630
 0.630
 0.630
 0.630
 0.630
 0.630
 0.630
 0.630
 0.630
 0.630
 0.630
 0.630
 0.630
 0.630
 0.630
 0.630
 0.630
 0.630
 0.630
 0.630
 0.630
 0.630
 0.630
 0.630
 0.630
 0.630
 0.630
 0.630
 0.630
 0.630
 0.630
 0.630
 0.630
 0.630
 0.630
 0.630
 0.630
 0.630
 0.630
 0.630
 0.630
 0.630
 0.630
 0.630
 0.630
 0.630
 0.630
 0.630
 0.630
 0.630
 0.630
 0.630
 0.630
 0.630
 0.630
 0.630
 0.630
 0.630
 0.630
 0.630
 0.630
 0.630
 0.630
 0.630
 0.630

