0.8384404978106964 1
0.8384404978106965 1
0.8389198576962279 4
0.8393992175817592 1
0.8393992175817593 4
0.8398785774672904 1
0.8398785774672907 17
0.8403579373528218 5
0.8403579373528219 47
0.8408372972383532 7
0.8408372972383533 111
0.8413166571238846 13
0.8413166571238847 216
0.8417960170094159 23
0.8417960170094161 370
0.8422753768949472 32
0.8422753768949474 537
0.8427547367804786 35
0.8427547367804787 730
0.8432340966660099 33
0.8432340966660101 900
0.8437134565515413 34
0.8437134565515414 792
0.8441928164370727 23
0.8441928164370728 575
0.844672176322604 8
0.8446721763226042 323
0.8451515362081353 1
0.8451515362081355 130
0.8456308960936668 26
