0.36376754296700875 1
0.3741942135787059 1
0.38601683726661307 1
0.388633054626271 1
0.39630029953335394 1
0.40259317661116284 1
0.403128150638122 1
0.4052181719441025 1
0.40544521594132216 1
0.4058617929515136 1
0.4105661895968797 1
0.41067779815769007 1
0.4114390880674598 1
0.41243065165777737 1
0.41610917390603014 1
0.4172481270656291 1
0.4187318387014024 1
0.42019685041347593 1
0.4232855897003514 1
0.42380742998387466 1
0.4250104052835275 1
0.42665237547770635 1
0.42811531227432953 1
0.42821668295359855 1
0.42826412839878897 1
0.4284665115893425 1
0.42883595271637165 1
0.42946823639435144 1
0.42971768839233243 1
0.42981661446706404 1
0.4313435346814714 1
0.43194826987225743 1
0.43247330232171977 1
0.43292679303629106 1
0.43424845995455014 1
0.43447051061733893 1
0.43458820729358133 1
0.4346756223880119 1
0.43551094228370607 1
0.43660760709984214 1
0.4368656413482663 1
0.43801691252165526 1
0.4383394471340133 1
0.4384798399385849 1
0.4386149065698487 1
0.43923296745497986 1
0.4397605796950313 1
0.44000534348150067 1
0.4412186050408717 1
0.44140807708975244 1
0.4417593962033225 1
0.44187654668499116 1
0.44229250832547884 1
0.4425253419417578 1
0.44315353079355974 1
0.44317622692188896 1
0.4434865473884747 1
0.44356932313468816 1
0.4436742053608196 1
0.44385918509088 1
0.44459877445219176 1
0.4452216549332851 1
0.4452853440066827 1
0.4461508367216159 1
0.4469585314632662 1
0.4471415888393353 1
0.4473607545886158 1
0.4474311352741317 1
0.4475868187088368 1
0.44780263062472053 1
0.44903201479665283 1
0.4490634129739825 1
0.4501650931089193 1
0.45046900968122583 1
0.4509353406898059 1
0.4512651991741627 1
0.45200438672099297 1
0.4524376533702788 1
0.45265762911761653 1
0.45272371458722793 1
0.4528740009133625 1
0.4533725574148108 1
0.453591641537894 1
0.45359796409843384 1
0.4536428445609485 1
0.4538692357884587 1
0.45498303740698676 1
0.4553148394223437 1
0.455704624963125 1
0.45581165932146706 1
0.45737392023537377 1
0.45741634399266784 1
0.45785216467624346 1
0.45788793554368923 1
0.4581727222818018 1
0.4587920796301391 1
0.45891342889360165 1
0.45923357306911355 1
0.45952762277111625 1
0.46073469315439813 1
0.4608668850131783 1
0.46178983687347874 1
0.46184922436187614 1
0.46232893459498375 1
0.46280815450341506 1
0.46291872743993456 1
0.4631729455036945 1
0.4634766606512473 1
0.4635003369140265 1
0.4649437851936807 1
0.46497502444045524 1
0.4651554899549238 1
0.46604751825969826 1
0.4671276889021271 1
0.46723622123602815 1
0.46780095523176063 1
0.46791238850417294 1
0.46862736592211285 1
0.4687906120833618 1
0.4689224664363767 1
0.4689957727173294 1
0.46955270821925976 1
0.4698199512638822 1
0.470892950595772 1
0.47208294407594076 1
0.4721545274976702 1
0.47240136619959033 1
0.47291100440835215 1
0.4741440488290788 1
0.47421482666218784 1
0.4743776177362238 1
0.47449258010075895 1
0.4747984679779498 1
0.47551750149979827 1
0.4755658132402487 1
0.4762785248390651 1
0.47637174980493285 1
0.4771392586646752 1
0.477707271207031 1
0.4780758074567117 1
0.47834897510692087 1
0.4787678051804687 1
0.4789861105938561 1
0.47964275658213007 1
0.47966949893079375 1
0.4797108949828224 1
0.4801432026746668 1
0.4815884031719198 1
0.4818904748644469 1
0.4839256386004947 1
0.4845495364180493 1
0.48464058807469756 1
0.4849584621915014 1
0.4852205915235549 1
0.4855318218268357 1
0.48620366552561045 1
0.48643334544076844 1
0.48644491254841876 1
0.486592378269761 1
0.4882500201412733 1
0.4890877524581838 1
0.4893425788377959 1
0.4893622097751993 1
0.49046297408440204 1
0.49054187319676323 1
0.4906926495901228 1
0.49121242149714384 1
0.49203602809282365 1
0.49218979439033533 1
0.4928974908402041 1
0.49596075719284416 1
0.49653265676752845 1
0.49667707380806503 1
0.49713834054695105 1
0.5014447353182494 1
0.5019945272255982 1
0.5031747071081941 1
0.5033330154248534 1
0.50346075351723 1
0.5046368493521807 1
0.5056194557564986 1
0.5062437839697792 1
0.5070490239658675 1
0.5072058169894867 1
0.5077383406803208 1
0.5089662024128736 1
0.5104541273809035 1
0.5127263006356951 1
0.5135689342623633 1
0.516145504015663 1
0.5164808079867668 1
0.5181057939400129 1
0.5203421751503506 1
0.5232872547595232 1
0.5245078118374282 1
0.5261212757743893 1
0.5315695750570218 1
0.5347835103329275 1
0.5451081057777342 1
0.5625565598187603 1
