
 0.470
 0.438
 0.456
 0.443
 0.420
 0.507
 0.476
 0.467
 0.440
 0.439
 0.463
 0.411
 0.503
 0.447
 0.482
 0.447
 0.497
 0.469
 0.491
 0.474
 0.452
 0.435
 0.486
 0.471
 0.458
 0.453
 0.431
 0.497
 0.508
 0.374
 0.468
 0.411
 0.465
 0.455
 0.485
 0.465
 0.459
 0.428
 0.442
 0.535
 0.453
 0.462
 0.489
 0.516
 0.429
 0.440
 0.449
 0.389
 0.545
 0.472
 0.430
 0.470
 0.478
 0.473
 0.450
 0.460
 0.450
 0.461
 0.503
 0.427
 0.463
 0.446
 0.463
 0.453
 0.501
 0.479
 0.479
 0.436
 0.461
 0.464
 0.423
 0.386
 0.509
 0.514
 0.475
 0.525
 0.457
 0.491
 0.467
 0.486
 0.476
 0.403
 0.462
 0.437
 0.432
 0.472
 0.523
 0.419
 0.487
 0.469
 0.396
 0.445
 0.444
 0.455
 0.454
 0.445
 0.526
 0.454
 0.441
 0.469
 0.472
 0.518
 0.484
 0.465
 0.486
 0.491
 0.456
 0.448
 0.405
 0.505
 0.563
 0.507
 0.462
 0.510
 0.412
 0.468
 0.478
 0.474
 0.428
 0.424
 0.480
 0.485
 0.497
 0.476
 0.459
 0.443
 0.457
 0.364
 0.489
 0.486
 0.444
 0.443
 0.520
 0.433
 0.451
 0.488
 0.435
 0.428
 0.476
 0.480
 0.432
 0.447
 0.429
 0.403
 0.416
 0.406
 0.451
 0.448
 0.502
 0.449
 0.482
 0.463
 0.417
 0.480
 0.428
 0.454
 0.506
 0.490
 0.437
 0.447
 0.430
 0.503
 0.458
 0.485
 0.452
 0.441
 0.459
 0.485
 0.438
 0.513
 0.425
 0.466
 0.474
 0.493
 0.442
 0.444
 0.489
 0.442
 0.478
 0.458
 0.492
 0.480
 0.411
 0.405
 0.443
 0.477
 0.492
 0.469
 0.474
 0.506
 0.434
 0.454
 0.434
 0.439
 0.496
 0.532
 0.438
 0.516
 0.453
 0.445

