
 0.448
 0.516
 0.512
 0.537
 0.549
 0.555
 0.562
 0.562
 0.562
 0.562
 0.562
 0.562
 0.562
 0.562
 0.562
 0.562
 0.562
 0.562
 0.562
 0.562
 0.562
 0.562
 0.562
 0.562
 0.562
 0.562
 0.562
 0.562
 0.562
 0.562
 0.562
 0.562
 0.562
 0.562
 0.562
 0.562
 0.562
 0.562
 0.562
 0.562
 0.562
 0.562
 0.562
 0.562
 0.562
 0.562
 0.562
 0.562
 0.562
 0.562
 0.562
 0.562
 0.562
 0.562
 0.562
 0.562
 0.562
 0.562
 0.562
 0.562
 0.562
 0.562
 0.562
 0.562
 0.562
 0.562
 0.562
 0.562
 0.562
 0.562
 0.562
 0.562
 0.562
 0.562
 0.562
 0.562
 0.562
 0.562
 0.562
 0.562
 0.562
 0.562
 0.562
 0.562
 0.562
 0.562
 0.562
 0.562
 0.562
 0.562
 0.562
 0.562
 0.562
 0.562
 0.562
 0.562
 0.562
 0.562
 0.562
 0.562
 0.562
 0.562
 0.562
 0.562
 0.562
 0.562
 0.562
 0.562
 0.562
 0.562
 0.562
 0.562
 0.562
 0.562
 0.562
 0.562
 0.562
 0.562
 0.562
 0.562
 0.562
 0.562
 0.562
 0.562
 0.562
 0.562
 0.562
 0.562
 0.562
 0.562
 0.562
 0.562
 0.562
 0.562
 0.562
 0.562
 0.562
 0.562
 0.562
 0.562
 0.562
 0.562
 0.562
 0.562
 0.562
 0.562
 0.562
 0.562
 0.562
 0.562
 0.562
 0.562
 0.562
 0.562
 0.562
 0.562
 0.562
 0.562
 0.562
 0.562
 0.562
 0.562
 0.562
 0.562
 0.562
 0.562
 0.562
 0.562
 0.562
 0.562
 0.562
 0.562
 0.562
 0.562
 0.562
 0.562
 0.562
 0.562
 0.562
 0.562
 0.562
 0.562
 0.562
 0.562
 0.562
 0.562
 0.562
 0.562
 0.562
 0.562
 0.562
 0.562
 0.562
 0.562
 0.562
 0.562
 0.562
 0.562
 0.562
 0.562

