0.3979848029891763 1
0.39867038431355867 1
0.402548557313925 1
0.40446692982782495 1
0.4050732814893786 1
0.4062462967366545 1
0.40669747418669977 1
0.4073821020374917 1
0.40763660405904517 1
0.407637982226013 1
0.40797126865540567 1
0.40889320320330547 1
0.40963463092915164 1
0.4106520369907354 1
0.4108663427178563 1
0.4109652252729117 1
0.41166944305231906 1
0.41180837541297227 1
0.41210008738096443 1
0.4123751122431118 1
0.41241378388174177 1
0.41441137577766446 1
0.41449111365909386 1
0.4148615367905081 1
0.4149193531027637 1
0.41730936294369164 1
0.41777866863016094 1
0.41793769913803025 1
0.41834730212667515 1
0.41983546528611343 1
0.42018492032194416 1
0.42075261062567376 1
0.42085192815491274 1
0.4213623000841816 1
0.42152038739926645 1
0.42179243619422624 1
0.4218517039178672 1
0.4224766290708345 1
0.4226523364037429 1
0.42277073564299655 1
0.4229856228331355 1
0.42355614271521846 1
0.42423982737322613 1
0.4245339339453878 1
0.4248480654203487 1
0.42492489019820184 1
0.42502282956047255 1
0.42504234624467085 1
0.42512113065251006 1
0.42519991506034904 1
0.42621543473636403 1
0.4263538588784162 1
0.42643170009347126 1
0.4271560160200945 1
0.4271769841156781 1
0.4272171071656931 1
0.4272729638479627 1
0.42729393194354615 1
0.4273321583271866 1
0.4274901723978543 1
0.42760813666292413 1
0.4277828275586311 1
0.42784158706367104 1
0.42799814972295364 1
0.4281930120102937 1
0.4283122811979143 1
0.42846796362802386 1
0.42878013547299854 1
0.42917268962603183 1
0.42921273943162985 1
0.42934984837032547 1
0.42940854491175445 1
0.430016274740276 1
0.43001627474027637 1
0.4300339050389056 1
0.4306827743546442 1
0.4306999593982836 1
0.4307954309119678 1
0.4308354807175659 1
0.43083700537336816 1
0.43095583958680517 1
0.4311295872897275 1
0.43148151017414516 1
0.43154310953834435 1
0.43205014367065936 1
0.43246025487790474 1
0.4325179979457434 1
0.43258061374714424 1
0.432637848596382 1
0.43273527974005205 1
0.43287276068932007 1
0.4328932938107198 1
0.4330322261713731 1
0.4334996454722736 1
0.43350058866505803 1
0.43354071171507313 1
0.43367629599796653 1
0.43373695216938124 1
0.43408546401242754 1
0.43408684217939547 1
0.4342042982258645 1
0.4347132187437483 1
0.4347729214415727 1
0.4349863572203266 1
0.43508567474956555 1
0.43553728717379436 1
0.4356342833432806 1
0.43565329180887813 1
0.43567433314887877 1
0.43575260933811694 1
0.435907348575442 1
0.4363394443154725 1
0.4366531408162496 1
0.43686701156918717 1
0.43694579597702643 1
0.43694673916981075 1
0.4371615531155327 1
0.43724033752337177 1
0.43725941923338624 1
0.437728216701255 1
0.4378867389905236 1
0.4381804105885013 1
0.4382209686127003 1
0.4382772602691537 1
0.438298736583338 1
0.4389820595115789 1
0.4389825677301797 1
0.4390994423136309 1
0.43931432950376975 1
0.439374467175778 1
0.4396307823384833 1
0.4400395886231778 1
0.44035219544233634 1
0.4404887229180141 1
0.4408014762260067 1
0.44099873311751625 1
0.4410015729766755 1
0.4411739322318239 1
0.4412345151588218 1
0.44131090496249115 1
0.4414116841839211 1
0.4416456428032688 1
0.44213395695533564 1
0.4421922185225809 1
0.44221085497760576 1
0.44237082867825966 1
0.44242625038634564 1
0.4426238690076222 1
0.4428191662691455 1
0.44303492340765205 1
0.4431332977441063 1
0.44329080359617345 1
0.44340825964264236 1
0.4436804549264363 1
0.44418937544432 1
0.4450902686522192 1
0.44528454947654134 1
0.44548035495666577 1
0.44567557897377236 1
0.44593341879227993 1
0.4469508980982808 1
0.44734287078829627 1
0.4476168894940479 1
0.44859751030257045 1
0.448673391887639 1
0.44867433508042354 1
0.4488892222705626 1
0.44896800667840175 1
0.4490291710684176 1
0.44916236074714094 1
0.4498871116479483 1
0.4500073972727705 1
0.45008284388365555 1
0.4522365634646772 1
0.45284480151179984 1
0.4528634482476307 1
0.45409806285910603 1
0.4541753958555599 1
0.4541768472669454 1
0.4542527288520139 1
0.45448909235633705 1
0.4545859420369891 1
0.45538947734563556 1
0.4555064251735035 1
0.4555847746071591 1
0.4558000967714818 1
0.45662227881595885 1
0.45754181875968924 1
0.45758245002830494 1
0.4578554420160492 1
0.45818726675325044 1
0.4582087430674347 1
0.45824792292466543 1
0.4599905148612398 1
0.4602029971664035 1
0.4622220756573162 1
0.4654509443677604 1
0.4677421448980501 1
0.47187335822777854 1
0.47778685156991285 1
