
 0.030
 0.010
 4.000
 0.000
 0.080
 0.120
 0.040
 0.060
 7.930
 1.960
 1.950
 13.800
 2.000
 0.030
 0.010
 4.000
 6.010
 0.120
 5.920
 0.020
 6.000
 7.930
 3.970
 0.050
 0.540
 3.970
 1.490
 1.090
 5.930
 0.130
 2.020
 0.040
 1.500
 2.010
 1.960
 9.900
 4.000
 1.960
 7.930
 2.040
 0.000
 5.960
 3.960
 5.920
 3.920
 3.910
 0.000
 0.060
 2.000
 1.960
 0.050
 0.080
 2.990
 5.910
 1.950
 0.550
 2.010
 0.020
 2.010
 2.000
 3.960
 2.000
 4.000
 0.580
 0.040
 0.080
 5.960
 1.490
 0.120
 0.040
 1.960
 3.910
 3.950
 0.050
 2.000
 8.000
 0.080
 0.000
 3.950
 0.020

