
 0.475
 0.507
 0.527
 0.523
 0.638
 0.696
 0.696
 0.697
 0.697
 0.697
 0.697
 0.697
 0.699
 0.699
 0.699
 0.699
 0.699
 0.699
 0.699
 0.699
 0.699
 0.699
 0.699
 0.699
 0.699
 0.699
 0.699
 0.699
 0.699
 0.699
 0.699
 0.699
 0.699
 0.699
 0.699
 0.699
 0.699
 0.699
 0.699
 0.699
 0.699
 0.699
 0.699
 0.699
 0.699
 0.699
 0.699
 0.699
 0.699
 0.699
 0.699
 0.699
 0.699
 0.699
 0.699
 0.694
 0.694
 0.694
 0.694
 0.694
 0.694
 0.694
 0.694
 0.694
 0.694
 0.694
 0.694
 0.694
 0.694
 0.694
 0.694
 0.694
 0.694
 0.694
 0.694
 0.694
 0.694
 0.694
 0.694
 0.694
 0.694
 0.694
 0.694
 0.694
 0.694
 0.694
 0.694
 0.694
 0.694
 0.694
 0.694
 0.694
 0.694
 0.694
 0.694
 0.694
 0.694
 0.694
 0.694
 0.694
 0.694
 0.694
 0.694
 0.694
 0.694
 0.694
 0.694
 0.694
 0.694
 0.694
 0.694
 0.694
 0.694
 0.694
 0.694
 0.694
 0.694
 0.694
 0.694
 0.694
 0.694
 0.694
 0.694
 0.694
 0.694
 0.694
 0.694
 0.694
 0.694
 0.694
 0.694
 0.694
 0.694
 0.694
 0.694
 0.694
 0.694
 0.694
 0.694
 0.694
 0.694
 0.694
 0.694
 0.694
 0.694
 0.694
 0.694
 0.694
 0.694
 0.694
 0.694
 0.694
 0.694
 0.694
 0.694
 0.694
 0.694
 0.694
 0.694
 0.694
 0.694
 0.694
 0.694
 0.694
 0.694
 0.694
 0.694
 0.694
 0.694
 0.694
 0.694
 0.694
 0.694
 0.694
 0.694
 0.694
 0.694
 0.694
 0.694
 0.694
 0.694
 0.694
 0.694
 0.694
 0.694
 0.694
 0.694
 0.694
 0.694
 0.694
 0.694
 0.694
 0.694
 0.694
 0.694
 0.694
 0.694
 0.694
 0.694
 0.694

