
 0.240
 0.180
 0.290
 0.330
 0.210
 0.350
 0.260
 0.260
 0.240
 0.250
 0.230
 0.260
 0.370
 0.180
 0.300
 0.220
 0.210
 0.330
 0.300
 0.190
 0.230
 0.230
 0.270
 0.210
 0.160
 0.190
 0.310
 0.310
 0.220
 0.230
 0.230
 0.210
 0.290
 0.270
 0.280
 0.160
 0.220
 0.230
 0.170
 0.210
 0.210
 0.230
 0.270
 0.280
 0.280
 0.120
 0.220
 0.260
 0.310
 0.250
 0.200
 0.220
 0.210
 0.140
 0.260
 0.230
 0.240
 0.270
 0.230
 0.240
 0.220
 0.250
 0.250
 0.310
 0.210
 0.270
 0.260
 0.380
 0.260
 0.280
 0.220
 0.280
 0.210
 0.260
 0.250
 0.220
 0.300
 0.190
 0.260
 0.210
 0.290
 0.220
 0.230
 0.250
 0.300
 0.260
 0.330
 0.260
 0.240
 0.280
 0.190
 0.170
 0.290
 0.200
 0.240
 0.210
 0.210
 0.230
 0.140
 0.290
 0.220
 0.250
 0.270
 0.200
 0.220
 0.180
 0.310
 0.230
 0.330
 0.220
 0.280
 0.250
 0.140
 0.270
 0.290
 0.310
 0.300
 0.100
 0.300
 0.260
 0.280
 0.230
 0.290
 0.190
 0.270
 0.230
 0.240
 0.220
 0.290
 0.330
 0.280
 0.230
 0.300
 0.260
 0.180
 0.290
 0.150
 0.260
 0.230
 0.260
 0.270
 0.370
 0.290
 0.300
 0.180
 0.360
 0.220
 0.300
 0.240
 0.200
 0.270
 0.370
 0.230
 0.270
 0.250
 0.370
 0.240
 0.290
 0.240
 0.200
 0.180
 0.240
 0.280
 0.320
 0.170
 0.240
 0.270
 0.350
 0.310
 0.210
 0.260
 0.250
 0.220
 0.220
 0.250
 0.260
 0.250
 0.240
 0.220
 0.410
 0.390
 0.260
 0.220
 0.250
 0.280
 0.290
 0.280
 0.240
 0.250
 0.260
 0.240
 0.250
 0.200
 0.250
 0.260
 0.280
 0.200
 0.240
 0.240
 0.200
 0.190
 0.300
 0.290
 0.270
 0.260
 0.240
 0.290
 0.200
 0.390
 0.290
 0.190
 0.190
 0.200
 0.220
 0.180
 0.310
 0.220
 0.210
 0.250
 0.220
 0.140
 0.270
 0.260
 0.150
 0.280
 0.410
 0.210
 0.350
 0.240
 0.200
 0.300
 0.210
 0.240
 0.240
 0.240
 0.390
 0.220
 0.280
 0.220
 0.270
 0.200
 0.220
 0.260
 0.270
 0.240
 0.240
 0.310
 0.260
 0.250
 0.250
 0.210
 0.270
 0.270
 0.370
 0.240
 0.330
 0.270
 0.280
 0.250
 0.270
 0.320
 0.200
 0.270
 0.210
 0.240
 0.320
 0.180
 0.270
 0.230
 0.290
 0.250
 0.190
 0.270
 0.230
 0.260
 0.240
 0.260
 0.290
 0.220
 0.180
 0.180
 0.240
 0.250
 0.220
 0.310
 0.200
 0.190
 0.220
 0.220
 0.370
 0.210
 0.210
 0.310
 0.320
 0.310
 0.190
 0.230
 0.200
 0.250
 0.250
 0.320
 0.290
 0.190
 0.270
 0.270
 0.260
 0.270
 0.320
 0.250
 0.310
 0.280
 0.150
 0.290
 0.280
 0.240
 0.290
 0.240
 0.300
 0.180
 0.230
 0.200
 0.310
 0.290
 0.240
 0.280
 0.170
 0.330
 0.310
 0.240
 0.330
 0.290
 0.230
 0.230
 0.250
 0.250
 0.230
 0.180
 0.250
 0.250
 0.220
 0.260
 0.300
 0.230
 0.220
 0.200
 0.220
 0.220
 0.270
 0.260
 0.260
 0.270
 0.220
 0.140
 0.270
 0.230
 0.310
 0.230
 0.250
 0.240
 0.290
 0.270
 0.290
 0.160
 0.300
 0.240
 0.260
 0.210
 0.180
 0.260
 0.230
 0.140
 0.210
 0.220
 0.400
 0.240
 0.240
 0.180
 0.190
 0.180
 0.180
 0.240
 0.270
 0.270
 0.290
 0.220
 0.200
 0.260
 0.270
 0.370
 0.240
 0.270
 0.330
 0.230
 0.260
 0.210
 0.240
 0.350
 0.230
 0.230
 0.350
 0.200
 0.290
 0.320
 0.280
 0.300
 0.190
 0.180
 0.210
 0.240
 0.320
 0.200
 0.240
 0.260
 0.220
 0.340
 0.260
 0.220
 0.180
 0.210
 0.250
 0.360
 0.290
 0.300
 0.230
 0.260
 0.270
 0.280
 0.300
 0.320
 0.200
 0.150
 0.250
 0.310
 0.350
 0.220
 0.280
 0.260
 0.190
 0.280
 0.130
 0.190
 0.190
 0.200
 0.260
 0.310
 0.220
 0.290
 0.260
 0.190
 0.250
 0.190
 0.260
 0.260
 0.260
 0.170
 0.240
 0.300
 0.200
 0.260
 0.160
 0.250
 0.310
 0.240
 0.260
 0.230
 0.160
 0.200
 0.250
 0.210
 0.230
 0.230
 0.240
 0.200
 0.190
 0.250
 0.200
 0.300
 0.250
 0.210
 0.230
 0.270
 0.350
 0.310
 0.200
 0.290
 0.250
 0.250
 0.220
 0.280
 0.200
 0.310
 0.300
 0.270
 0.220
 0.250
 0.200
 0.270
 0.230
 0.260
 0.180
 0.270
 0.300
 0.250
 0.230
 0.270
 0.230
 0.310
 0.260
 0.280
 0.310
 0.290
 0.230
 0.350
 0.190
 0.290
 0.250
 0.230
 0.270
 0.200
 0.240
 0.240
 0.160
 0.250
 0.200
 0.220
 0.240
 0.180
 0.290
 0.250
 0.300
 0.260
 0.190
 0.210
 0.220
 0.270
 0.260
 0.260
 0.240
 0.380
 0.260
 0.230
 0.230
 0.240
 0.240
 0.310
 0.320
 0.210
 0.300
 0.190
 0.290
 0.240
 0.250
 0.240
 0.250
 0.260
 0.280
 0.210
 0.170
 0.190
 0.180
 0.320
 0.230
 0.280
 0.230
 0.270
 0.280
 0.280
 0.240
 0.340
 0.250
 0.240
 0.180
 0.300
 0.240
 0.180
 0.150
 0.260
 0.250
 0.200
 0.280
 0.270
 0.190
 0.280
 0.260
 0.270
 0.240
 0.210
 0.220
 0.250
 0.340
 0.190
 0.280
 0.360
 0.180
 0.290
 0.280
 0.330
 0.270
 0.210
 0.250
 0.210
 0.190
 0.140
 0.240
 0.150
 0.240
 0.280
 0.350
 0.270
 0.280
 0.240
 0.230
 0.260
 0.290
 0.280
 0.230
 0.240
 0.210
 0.200
 0.230
 0.230
 0.250
 0.250
 0.260
 0.310
 0.340
 0.180
 0.260
 0.210
 0.270
 0.190
 0.250
 0.190
 0.170
 0.330
 0.250
 0.350
 0.180
 0.230
 0.290
 0.240
 0.140
 0.190
 0.210
 0.250
 0.180
 0.310
 0.250
 0.190
 0.330
 0.240
 0.200
 0.310
 0.210
 0.300
 0.220
 0.330
 0.270
 0.140
 0.250
 0.270
 0.240
 0.250
 0.240
 0.320
 0.230
 0.240
 0.260
 0.310
 0.220
 0.240
 0.270
 0.290
 0.240
 0.310
 0.240
 0.180
 0.280
 0.320
 0.350
 0.270
 0.270
 0.420
 0.250
 0.270
 0.230
 0.300
 0.270
 0.240
 0.170
 0.190
 0.200
 0.270
 0.210
 0.340
 0.260
 0.300
 0.200
 0.330
 0.280
 0.240
 0.240
 0.160
 0.200
 0.230
 0.230
 0.250
 0.220
 0.330
 0.290
 0.260
 0.230
 0.250
 0.250
 0.180
 0.330
 0.220
 0.320
 0.180
 0.270
 0.330
 0.280
 0.300
 0.270
 0.240
 0.320
 0.210
 0.300
 0.340
 0.300
 0.270
 0.240
 0.220
 0.280
 0.220
 0.170
 0.150
 0.240
 0.280
 0.210
 0.240
 0.230
 0.170
 0.290
 0.300
 0.350
 0.250
 0.240
 0.290
 0.300
 0.280
 0.210
 0.300
 0.230
 0.200
 0.220
 0.230
 0.310
 0.180
 0.240
 0.180
 0.280
 0.230
 0.380
 0.240
 0.270
 0.220
 0.210
 0.250
 0.340
 0.280
 0.250
 0.300
 0.310
 0.220
 0.260
 0.370
 0.300
 0.190
 0.150
 0.230
 0.220
 0.250
 0.250
 0.300
 0.230
 0.280
 0.210
 0.200
 0.240
 0.190
 0.210
 0.190
 0.230
 0.210
 0.230
 0.240
 0.240
 0.250
 0.250

