0.4294860667297349 1
0.4351169637275143 1
0.4351712340418014 1
0.4361282087205785 1
0.43647202112771466 1
0.4365983468221833 1
0.43898960403193776 1
0.4415924106156953 1
0.44198738857267067 1
0.44410151869534353 1
0.447134513737003 1
0.447763440558604 1
0.44922099574570834 1
0.45134203042885285 1
0.45187807602684793 1
0.452372747096409 1
0.4524471612056847 1
0.4536337512587431 1
0.45367473956079934 1
0.45369963030540356 1
0.4547593392459974 1
0.45572246577028624 1
0.4575067598397762 1
0.45819201799104287 1
0.45931555553526576 1
0.46010778598101765 1
0.4610674001126655 1
0.4619136441133726 1
0.46194309425651947 1
0.4624488014440303 1
0.4634347741865847 1
0.463535917008781 1
0.46467123736638327 1
0.4649139956339375 1
0.4655190320085025 1
0.46589843242251694 1
0.4660485836490917 1
0.4661118094380775 1
0.46693023694373764 1
0.4677006279131081 1
0.4682056250663825 1
0.4690259224757687 1
0.4693344286219704 1
0.46960520730543676 1
0.4698325872148741 1
0.4703828882304377 1
0.4704143542527022 1
0.47071349212662383 1
0.47152897912550457 1
0.47354109222139007 1
0.473553817248675 1
0.47448743414045125 1
0.47486234155147855 1
0.4751367607975698 1
0.47577969075876647 1
0.47722609066439914 1
0.4774497391984195 1
0.47776474092565985 1
0.47801376048424465 1
0.4780766756253299 1
0.47864286251727584 1
0.4797269096511264 1
0.4797696501937847 1
0.48014252531419255 1
0.4802584310895085 1
0.48027336183961905 1
0.4809330520546268 1
0.4815160123191184 1
0.4817359317752156 1
0.482519725404938 1
0.4825864289395851 1
0.4834433936503392 1
0.4839113134017847 1
0.4842114371541485 1
0.4844968810141331 1
0.4845387273262687 1
0.48561208509453785 1
0.48628845074916505 1
0.48654396855506554 1
0.48717116586249354 1
0.48725346584181745 1
0.4873555344887672 1
0.4881602117292551 1
0.48864866698917736 1
0.4887166332772405 1
0.488735254928443 1
0.4889721615476229 1
0.4890705081730885 1
0.48917292072661156 1
0.4892561163129048 1
0.48955378371141955 1
0.489623238861367 1
0.4899574538996035 1
0.4899717583610785 1
0.49022061749163137 1
0.49027076388460655 1
0.4905055533621114 1
0.4906562666451178 1
0.49085789807285124 1
0.4915653239345432 1
0.49163299181961306 1
0.49193269455197175 1
0.4923939832591757 1
0.4931116014105024 1
0.4931768790339911 1
0.49322221785866766 1
0.4940310809331712 1
0.4946182506825872 1
0.4948283640127728 1
0.49496276253626875 1
0.49510477990695956 1
0.49565543680878 1
0.495787729159959 1
0.4962202918245977 1
0.4962619212090974 1
0.4966308517477696 1
0.49703089163261166 1
0.4973506488742575 1
0.49759715400639487 1
0.49764141360515673 1
0.49786629605065613 1
0.4985224141590859 1
0.4985317347310654 1
0.49869977976088464 1
0.49909945320369664 1
0.4998533982086296 1
0.5001257440183363 1
0.5013701437722066 1
0.5024594128176283 1
0.5024610626416068 1
0.5030462030490903 1
0.503351624616513 1
0.503736230233923 1
0.505372005098648 1
0.5055421586704636 1
0.5055548839886136 1
0.5060719554181827 1
0.5064388154072167 1
0.506574986351486 1
0.5069814477133221 1
0.5074861421363679 1
0.5075926048319822 1
0.5076301897066978 1
0.5076787234786885 1
0.5086069535412671 1
0.5104695504315774 1
0.5119431576381388 1
0.5124459541029888 1
0.5132217564291728 1
0.5136417251470953 1
0.5140861104893734 1
0.5146210436762229 1
0.5152524959743102 1
0.5163264324801768 1
0.5164594772844613 1
0.5167694469003954 1
0.5173928543932775 1
0.5174158591973195 1
0.5179719741939993 1
0.5180852945299107 1
0.5196594574382551 1
0.5196829722294901 1
0.5200750673944511 1
0.5201217352812827 1
0.5201925561086349 1
0.5202344112424465 1
0.5206240663827719 1
0.5208949801013564 1
0.5219337417688087 1
0.5221259209593715 1
0.5236726408610783 1
0.5237442740065366 1
0.5244760543400835 1
0.524522513580707 1
0.5247638887285715 1
0.5252637239257713 1
0.5253064257706703 1
0.5257631469808477 1
0.5261297992900347 1
0.5263705527449677 1
0.5266451874191422 1
0.5269247568992921 1
0.5272380939529699 1
0.5275538959900637 1
0.5288697691270065 1
0.5304529360558925 1
0.5310356003253739 1
0.5316980011233201 1
0.5322965855742366 1
0.5343259344533176 1
0.5347073631208918 1
0.5353907281473288 1
0.5375571393467482 1
0.5392084481077197 1
0.540537160658407 1
0.541273968995481 1
0.5517341452929458 1
0.5524763494934679 1
0.5561650435770976 1
0.5571757154277593 1
