0.3583058418379702 1
0.37604737622508144 1
0.38133530411894934 1
0.3979399770294842 1
0.3997140514672068 1
0.4028393119777586 1
0.40287324237486155 1
0.4032531112870844 1
0.40726731881109296 1
0.40743445396432854 1
0.4081315158701808 1
0.40849601252607337 1
0.41068753445090517 1
0.41328321205402885 1
0.4162929107030678 1
0.4165584277540452 1
0.4165613901417652 1
0.4196803847690355 1
0.42061923133573736 1
0.420674888762703 1
0.42144854563715595 1
0.4215546809373357 1
0.42335690802611864 1
0.42359491393209525 1
0.42475086807052653 1
0.4247843084004041 1
0.42746776436002315 1
0.4279396115331611 1
0.4281768988861719 1
0.4304892643919671 1
0.4305779860906287 1
0.4314314997424056 1
0.43212110613435706 1
0.4321303801342306 1
0.4325051410654719 1
0.43365119482812675 1
0.4343973313113995 1
0.4346349070494297 1
0.4350435983777738 1
0.4351217293313057 1
0.4368216436911315 1
0.43711831173613985 1
0.43815053142073185 1
0.43839607365944516 1
0.43947013500943355 1
0.43991937807891573 1
0.44019005664105826 1
0.4407676952395153 1
0.4418096190919272 1
0.44200345279494 1
0.4435492730653223 1
0.4440817755791477 1
0.4449779743419234 1
0.4451196743882335 1
0.4452006200625806 1
0.4457418677867849 1
0.445865113010432 1
0.44655872246133943 1
0.44680792961573623 1
0.4468808101678512 1
0.44714186644582243 1
0.4473460579813237 1
0.4475901293808544 1
0.4477869576549081 1
0.4480343958538055 1
0.448370129992856 1
0.4488758193103529 1
0.44938827812390797 1
0.44940428223039064 1
0.44988730754495315 1
0.4502708851717457 1
0.4506427831738482 1
0.450975184656511 1
0.4514146535178696 1
0.45167562791219207 1
0.45192775873203866 1
0.45197904427624913 1
0.4520070116029475 1
0.4521825969549957 1
0.45290966791279014 1
0.4533524861684361 1
0.4545633353065909 1
0.4546504721570273 1
0.4554649408041726 1
0.4564840756086231 1
0.45665151991415853 1
0.45676941231323936 1
0.4570490594948849 1
0.4572875328462091 1
0.457306113608859 1
0.4579812204088353 1
0.4582558626701569 1
0.45898929934986965 1
0.4592640729956415 1
0.45955237845707286 1
0.4608573232657931 1
0.46152490917845385 1
0.4621386129887429 1
0.4644491819929351 1
0.4646655870367012 1
0.4650782091962602 1
0.46510023630209746 1
0.46614182705818125 1
0.46645620958804274 1
0.4666849093687507 1
0.4674937156589733 1
0.46825779404814116 1
0.4689786958142161 1
0.4702442004303704 1
0.47033930182183153 1
0.47158442523195016 1
0.4716936054410056 1
0.471866365778824 1
0.4733655080202759 1
0.47416748050572494 1
0.4744828207005488 1
0.4745751318003403 1
0.47461533966661823 1
0.4747586684651022 1
0.4747671624628016 1
0.4748315102652758 1
0.47483350329707846 1
0.4750333151358606 1
0.47551602051959035 1
0.4757845043677255 1
0.476005200217959 1
0.476083695556181 1
0.4763705739476444 1
0.4769076184806174 1
0.47822038826454494 1
0.47914605132955723 1
0.47931951419533875 1
0.4793914533352737 1
0.47945151033128025 1
0.47955431248995484 1
0.4796318276937271 1
0.48015796007619627 1
0.480319033507807 1
0.4811608827228638 1
0.4812867308440953 1
0.4822467274131697 1
0.4825585508443331 1
0.48421755348776785 1
0.4844194466110959 1
0.48445576744504526 1
0.4849500699323092 1
0.48515382026388015 1
0.4852284054627784 1
0.48600488735146113 1
0.4861874656962896 1
0.489353028694958 1
0.4901493927337242 1
0.4905041356913224 1
0.49125634821901576 1
0.49278747864872074 1
0.4928445355995505 1
0.49343075644845075 1
0.49349525044328924 1
0.49390117150467583 1
0.4940168196592745 1
0.494161841413587 1
0.4947369969130164 1
0.496246361105471 1
0.49648194381169874 1
0.4983825417622401 1
0.49887386667381456 1
0.49943127106596086 1
0.5002874197407166 1
0.5006064312203189 1
0.5014321506463579 1
0.5016149854206645 1
0.5037116633884233 1
0.5040524469892534 1
0.5048665138219176 1
0.505752061273105 1
0.5063243646219284 1
0.5066347345893165 1
0.5095799062231626 1
0.5108964767463333 1
0.5113375683708264 1
0.5114991441981247 1
0.5126163104285819 1
0.5140415491092132 1
0.5145467329140643 1
0.515187946746729 1
0.5158486059349836 1
0.5163953370608438 1
0.5166493206794955 1
0.5167423937214118 1
0.5167548958721472 1
0.5176976525781725 1
0.518383491251235 1
0.5224298208273982 1
0.5280725970792362 1
0.5332090028904024 1
0.5342773463936266 1
0.5400342854104185 1
0.5419166343724874 1
0.5428225269046068 1
0.544953468745853 1
