0 42
0 42
0 50
0 46
0 45
0 46
0 43
0 42
0 41
0 43
0 49
0 42
0 35
0 42
0 45
0 34
0 48
0 38
0 32
0 46
0 40
0 43
0 37
0 39
0 38
0 48
0 36
0 41
0 46
0 38
0 47
0 46
0 36
0 38
0 54
0 43
0 46
0 43
0 30
0 51
0 44
0 39
0 42
0 47
0 43
0 51
0 55
0 32
0 46
0 38
0 35
0 41
0 50
0 52
0 42
0 37
0 41
0 38
0 32
0 47
0 39
0 42
0 42
0 46
0 58
0 31
0 28
0 40
0 42
0 42
0 44
0 42
0 42
0 47
0 57
0 40
0 33
0 49
0 33
0 49
0 49
0 35
0 38
0 46
0 34
0 50
0 31
0 32
0 43
0 39
0 34
0 38
0 52
0 38
0 45
0 39
0 33
0 39
0 45
0 43
0 33
0 44
0 62
0 38
0 43
0 36
0 48
0 40
0 35
0 39
0 42
0 36
0 45
0 39
0 48
0 40
0 47
0 41
0 42
0 36
0 36
0 38
0 39
0 42
0 35
0 48
0 43
0 51
0 46
0 45
0 50
0 40
0 52
0 53
0 46
0 48
0 40
0 23
0 38
0 40
0 41
0 41
0 37
0 55
0 47
0 47
0 50
0 26
0 44
0 32
0 35
0 50
0 53
0 30
0 45
0 47
0 34
0 48
0 32
0 32
0 46
0 43
0 39
0 38
0 36
0 38
0 45
0 43
0 39
0 47
0 44
0 53
0 53
0 53
0 45
0 36
0 35
0 40
0 38
0 42
0 42
0 31
0 40
0 41
0 49
0 31
0 44
0 40
0 49
0 39
0 53
0 38
0 56
0 42
0 33
0 39
0 41
0 60
0 38
0 32
