0.4757798014385959 1
0.477115986686565 1
0.47988637042366533 1
0.4816258324992488 1
0.48210850513509373 1
0.483155492637804 1
0.4835448176869421 1
0.48366693310051967 1
0.48507133371917244 1
0.48515610115187596 1
0.48724991972104786 1
0.48749263857421404 1
0.490941746128373 1
0.4914055874187567 1
0.49276564349039664 1
0.4935944910988066 1
0.49410934523881855 1
0.4942586453476118 1
0.4949139688032917 1
0.49514093212937543 1
0.4954618038906624 1
0.4975706147281736 1
0.498209112060364 1
0.49829490607805615 1
0.4983024782345996 1
0.4986152229582755 1
0.4995841109993552 1
0.4995864776086871 1
0.4996738661749061 1
0.5001176059694444 1
0.5007015283854935 1
0.5010360908020866 1
0.5010430606401856 1
0.5010454570875619 1
0.5014504825700112 1
0.5025143438644751 1
0.5025531999010311 1
0.50262635373829 1
0.5026423017363161 1
0.5034102138600685 1
0.5034539954989635 1
0.5035409855947658 1
0.5037126727530569 1
0.5038082355248938 1
0.5042026635098744 1
0.5047445429763578 1
0.5052717154945888 1
0.5055253369687644 1
0.5059603927930886 1
0.5060563288269145 1
0.5062880957913665 1
0.5066081348149496 1
0.5074113024523056 1
0.5080191351995264 1
0.5087624733035425 1
0.509138702433154 1
0.5100461810347793 1
0.5104290585591036 1
0.5105517836036468 1
0.5106060008042818 1
0.5108063071310489 1
0.5111428106791684 1
0.5117335990832729 1
0.5121042536387347 1
0.5125335642070169 1
0.5126856269974507 1
0.5128207324154248 1
0.5130031554561643 1
0.5130664027881086 1
0.5134859930158132 1
0.5142270473676375 1
0.5143546302465464 1
0.5150882450990784 1
0.5151415527923057 1
0.5151880037076071 1
0.5152189795028547 1
0.5152247845455774 1
0.5162102241535321 1
0.5162218971959794 1
0.5162504466047872 1
0.516396227160813 1
0.5165538688904163 1
0.5169660363860102 1
0.5171780386033309 1
0.5173079491411573 1
0.5181357435094024 1
0.5183064876467411 1
0.5185746016672002 1
0.5194188558428039 1
0.5195092036440125 1
0.5195963005146463 1
0.5198429436635984 1
0.520113598568145 1
0.5202150099680191 1
0.5207305040331118 1
0.5207839614800569 1
0.5210411274709795 1
0.5223357593302818 1
0.5224047020063103 1
0.5224373553112569 1
0.5225551154462402 1
0.5226434484961229 1
0.5228077537014678 1
0.5229019116628847 1
0.5230036381232408 1
0.5230114551301058 1
0.5231540176758386 1
0.5237574798373771 1
0.5239621053001249 1
0.5240038746184997 1
0.5240998169003898 1
0.5242007891203102 1
0.5244406939267696 1
0.5259190900915707 1
0.5262487798642551 1
0.5264206541364251 1
0.5267280169145436 1
0.5272539879564286 1
0.5275460660222181 1
0.5277944491441001 1
0.5278330700548023 1
0.5279734813457287 1
0.5279745068414673 1
0.5279865216076904 1
0.528373547485117 1
0.5286115141708226 1
0.528627201698649 1
0.5293195579696744 1
0.5293369048618976 1
0.5294413513049614 1
0.5301145074852482 1
0.5302793736337832 1
0.5304659945855976 1
0.5310625337801771 1
0.5311805660291566 1
0.5313914609027467 1
0.5316156842091453 1
0.5320535137451091 1
0.5322532602381285 1
0.5322588075588651 1
0.5344020052844188 1
0.5351953852271758 1
0.5353652610006207 1
0.5354879066012623 1
0.5354961884665582 1
0.5359643379350986 1
0.5361015594796054 1
0.5370118226991688 1
0.5375795777597682 1
0.5383907866049334 1
0.5387825200374614 1
0.5388164763634997 1
0.5390412054622326 1
0.539047916532083 1
0.5396938734766138 1
0.5397032862585006 1
0.5400992168441586 1
0.5403707644102169 1
0.5407569062476194 1
0.5407573209140295 1
0.5409364795419657 1
0.5414521008448482 1
0.5417789081629409 1
0.5421416729907944 1
0.5431198173396821 1
0.5431561969027452 1
0.5434052410361923 1
0.5434700117017746 1
0.5442237205074558 1
0.5443324081538822 1
0.5446186180249784 1
0.544880733086231 1
0.5457906152828429 1
0.5459130153929584 1
0.5459645636682839 1
0.5461310427376382 1
0.5466915900570033 1
0.5469107007840031 1
0.5479861055990931 1
0.5495905715844266 1
0.5499446931893346 1
0.5501325994501094 1
0.5502145188532277 1
0.5539182913535213 1
0.5539352461285411 1
0.5545294404825533 1
0.5546596559499161 1
0.5552951071797391 1
0.5556621544035254 1
0.555903207467979 1
0.5577859432121173 1
0.5588929623544157 1
0.5603533339952381 1
0.5608949052958632 1
0.5613736545873086 1
0.565657169732984 1
0.5677516051027722 1
0.5712241808412023 1
0.5720747128573294 1
0.5740915442851463 1
