
 0.538
 0.529
 0.528
 0.520
 0.542
 0.526
 0.548
 0.476
 0.512
 0.485
 0.518
 0.519
 0.547
 0.543
 0.555
 0.559
 0.520
 0.517
 0.484
 0.556
 0.504
 0.517
 0.485
 0.515
 0.539
 0.498
 0.501
 0.509
 0.529
 0.556
 0.550
 0.513
 0.532
 0.503
 0.513
 0.506
 0.541
 0.512
 0.537
 0.540
 0.536
 0.516
 0.501
 0.506
 0.500
 0.515
 0.541
 0.511
 0.477
 0.555
 0.524
 0.487
 0.574
 0.498
 0.506
 0.509
 0.511
 0.522
 0.554
 0.507
 0.504
 0.513
 0.517
 0.500
 0.523
 0.505
 0.524
 0.539
 0.482
 0.530
 0.546
 0.491
 0.531
 0.482
 0.550
 0.546
 0.508
 0.543
 0.504
 0.532
 0.528
 0.530
 0.507
 0.558
 0.517
 0.528
 0.493
 0.521
 0.529
 0.523
 0.528
 0.515
 0.500
 0.571
 0.523
 0.494
 0.515
 0.503
 0.495
 0.543
 0.516
 0.528
 0.519
 0.532
 0.524
 0.527
 0.539
 0.506
 0.510
 0.538
 0.572
 0.491
 0.498
 0.528
 0.520
 0.545
 0.503
 0.504
 0.487
 0.535
 0.511
 0.545
 0.541
 0.555
 0.483
 0.513
 0.518
 0.523
 0.542
 0.521
 0.540
 0.524
 0.503
 0.500
 0.501
 0.515
 0.521
 0.543
 0.516
 0.499
 0.520
 0.523
 0.495
 0.540
 0.531
 0.524
 0.544
 0.514
 0.510
 0.546
 0.513
 0.550
 0.535
 0.526
 0.550
 0.526
 0.527
 0.546
 0.524
 0.523
 0.536
 0.531
 0.501
 0.523
 0.516
 0.540
 0.528
 0.560
 0.520
 0.554
 0.529
 0.484
 0.514
 0.501
 0.566
 0.529
 0.539
 0.561
 0.505
 0.530
 0.532
 0.511
 0.494
 0.513
 0.534
 0.568
 0.503
 0.522
 0.535
 0.495
 0.535
 0.544
 0.561
 0.503
 0.541
 0.522
 0.547
 0.498
 0.494
 0.480

