3 52
2 40
2 46
0 38
1 30
0 40
3 43
1 37
0 40
0 30
0 34
0 37
0 49
0 42
1 48
1 42
0 45
3 37
1 44
3 35
0 47
1 41
3 32
1 46
3 32
1 40
2 38
0 53
3 38
2 40
0 34
1 44
0 46
1 27
0 56
1 35
1 38
1 41
3 47
1 48
3 48
2 43
3 24
2 43
0 33
2 42
1 41
0 42
3 41
3 39
1 42
3 32
2 49
3 48
0 39
3 28
2 36
1 37
0 43
3 48
3 43
0 48
2 40
0 48
3 42
1 36
0 41
2 51
0 50
2 40
1 45
3 43
1 39
3 43
0 47
3 44
2 47
2 50
1 51
3 46
2 42
0 29
1 53
2 43
1 41
3 36
3 27
0 30
3 34
1 42
1 43
3 49
1 36
2 35
2 36
1 42
3 48
3 38
2 34
3 43
2 37
3 32
2 58
1 46
0 29
3 45
3 32
1 39
3 39
1 37
0 48
2 33
2 43
3 54
1 35
1 35
0 35
0 51
2 48
3 44
3 35
2 39
2 50
1 39
0 46
2 46
2 43
0 41
3 48
0 49
1 39
0 49
1 43
0 46
2 38
1 46
0 33
2 49
1 51
2 30
1 43
2 41
2 37
1 47
0 33
2 49
2 47
0 35
0 38
0 40
0 42
1 44
1 45
1 38
1 41
0 40
3 42
1 35
1 32
1 33
3 45
0 46
1 44
3 45
1 45
0 56
3 47
0 39
1 45
3 43
2 35
1 48
0 46
2 60
0 37
2 35
3 40
3 40
3 49
0 29
1 34
3 41
2 35
1 40
2 45
1 43
1 41
1 45
0 37
0 44
1 50
2 51
0 44
0 50
1 55
3 39
1 40
2 37
2 44
0 38
