
 0.545
 0.601
 0.611
 0.619
 0.622
 0.622
 0.622
 0.622
 0.622
 0.622
 0.622
 0.622
 0.622
 0.622
 0.622
 0.622
 0.622
 0.622
 0.622
 0.622
 0.622
 0.622
 0.622
 0.622
 0.622
 0.622
 0.622
 0.622
 0.622
 0.622
 0.622
 0.622
 0.622
 0.622
 0.622
 0.622
 0.622
 0.622
 0.622
 0.622
 0.622
 0.622
 0.622
 0.622
 0.622
 0.622
 0.622
 0.622
 0.622
 0.622
 0.622
 0.622
 0.622
 0.622
 0.622
 0.622
 0.622
 0.622
 0.622
 0.622
 0.622
 0.622
 0.622
 0.622
 0.622
 0.622
 0.622
 0.622
 0.622
 0.622
 0.622
 0.622
 0.622
 0.622
 0.622
 0.622
 0.622
 0.622
 0.622
 0.622
 0.622
 0.622
 0.622
 0.622
 0.622
 0.622
 0.622
 0.622
 0.622
 0.622
 0.622
 0.622
 0.622
 0.622
 0.622
 0.622
 0.622
 0.622
 0.622
 0.622
 0.622
 0.622
 0.622
 0.622
 0.622
 0.622
 0.622
 0.622
 0.622
 0.622
 0.622
 0.622
 0.622
 0.622
 0.622
 0.622
 0.622
 0.622
 0.622
 0.622
 0.622
 0.622
 0.622
 0.622
 0.622
 0.622
 0.622
 0.622
 0.622
 0.622
 0.622
 0.622
 0.622
 0.622
 0.622
 0.622
 0.622
 0.622
 0.622
 0.622
 0.622
 0.622
 0.622
 0.622
 0.622
 0.622
 0.622
 0.622
 0.622
 0.622
 0.622
 0.622
 0.622
 0.622
 0.622
 0.622
 0.622
 0.622
 0.622
 0.622
 0.622
 0.622
 0.622
 0.622
 0.622
 0.622
 0.622
 0.622
 0.622
 0.622
 0.622
 0.622
 0.622
 0.622
 0.622
 0.622
 0.622
 0.622
 0.622
 0.622
 0.622
 0.622
 0.622
 0.622
 0.622
 0.622
 0.622
 0.622
 0.622
 0.622
 0.622
 0.622
 0.622
 0.622
 0.622
 0.622
 0.622
 0.622
 0.622
 0.622

