
 2.320
 2.630
 2.290
 2.700
 2.810
 2.490
 2.450
 2.610
 2.510
 2.520
 2.620
 2.450
 2.360
 2.450
 2.630
 2.470
 2.350
 2.600
 2.770
 2.640
 2.560
 2.540
 2.760
 2.590
 2.710
 2.230
 2.560
 2.630
 2.570
 2.720
 2.740
 2.660
 2.720
 2.610
 2.500
 2.650
 2.450
 2.710
 2.260
 2.520
 2.540
 2.540
 2.130
 2.570
 2.270
 2.220
 2.420
 2.390
 2.510
 2.720
 2.460
 2.320
 2.760
 2.600
 2.630
 2.250
 2.530
 2.270
 2.080
 2.300
 2.430
 2.640
 2.670
 2.310
 2.620
 2.600
 2.370
 2.410
 2.420
 2.410
 2.200
 2.300
 2.330
 2.290
 2.600
 2.390
 2.510
 2.790
 2.390
 2.450

