0.40421121012264777 1
0.43012805221706524 1
0.43363145801740094 1
0.4338230698354705 1
0.43843536656593457 1
0.4398141178070604 1
0.4408449144094284 1
0.4437089010899877 1
0.44451719967677505 1
0.44735597318315956 1
0.4516415808628317 1
0.45241003574119665 1
0.45499362242088137 1
0.4578094855492703 1
0.4582007245553787 1
0.4584332591452327 1
0.45868961051926943 1
0.45921657380581693 1
0.4601892670089099 1
0.46040697399781194 1
0.4610465031127147 1
0.46249815102944664 1
0.4636877155772492 1
0.4640011682544576 1
0.46421807609706706 1
0.46427883942562836 1
0.46493190279185626 1
0.4657335711201137 1
0.4659929989690791 1
0.4661239504034881 1
0.46657949891441225 1
0.46677714593716746 1
0.4681036019406175 1
0.4682975063581372 1
0.4687338567061362 1
0.469019251853009 1
0.46985931871019576 1
0.4706321805018501 1
0.47169328652211734 1
0.4724944124670652 1
0.47288783189373584 1
0.47335995508852863 1
0.4734370487081428 1
0.47381148352737085 1
0.4754379822263157 1
0.47545109915029427 1
0.47600903524064475 1
0.476227977833912 1
0.4776293091284959 1
0.4776820128473869 1
0.4779698241569338 1
0.47826541932155053 1
0.47827752971313797 1
0.47829452055699256 1
0.47876823176272865 1
0.4804912034990413 1
0.4806895530814181 1
0.48119474321236483 1
0.48136068244452984 1
0.4813857929503601 1
0.4814612557575779 1
0.48175604023448526 1
0.4828246152031902 1
0.4832806854267809 1
0.48397103236804717 1
0.4843348502292869 1
0.4843683805284108 1
0.4850747581658154 1
0.4853523873792242 1
0.4861044796973625 1
0.48611302001588597 1
0.48630626979916436 1
0.48659530175148946 1
0.48677542070363666 1
0.48682011443150336 1
0.4871345323832773 1
0.48824871798447944 1
0.4883066833459733 1
0.48867582159410733 1
0.488869810872326 1
0.4895192086762127 1
0.48966247124283485 1
0.48990467011801925 1
0.49037715437029866 1
0.49088451142709105 1
0.49105416654693296 1
0.4914999791661714 1
0.49171908956227983 1
0.4921017515594427 1
0.4921645714540026 1
0.49238053155795036 1
0.4925039630364999 1
0.49271879211389774 1
0.4930283060554219 1
0.49377707332397447 1
0.49404601843818524 1
0.4946474087372512 1
0.49492819168949836 1
0.4954196661934496 1
0.49545798034114563 1
0.49554871213203167 1
0.4972806065034571 1
0.4977901225462783 1
0.4981316365019443 1
0.49868339282901963 1
0.49869016605307365 1
0.49875906358306865 1
0.4989087980867906 1
0.4989918072063717 1
0.4994607127829248 1
0.4994755506371606 1
0.49985107134584034 1
0.5005556042239029 1
0.5010438025310894 1
0.501167827706801 1
0.5012884154415602 1
0.5014122219613317 1
0.5018471505202288 1
0.5018644348834976 1
0.5021988876390227 1
0.5027792638158168 1
0.5034988671079954 1
0.5035443869428393 1
0.5036073576440109 1
0.5041343343568969 1
0.5044674175013228 1
0.5045582865409824 1
0.5046298974354894 1
0.5070106783090673 1
0.5074922097037188 1
0.5081839079423305 1
0.5086293979396446 1
0.5090962520345674 1
0.5092177625896075 1
0.510430300233292 1
0.5109212911182258 1
0.5112474818217827 1
0.5118333893223633 1
0.5118375781258876 1
0.5121204495836746 1
0.5121505319615279 1
0.5124824944327705 1
0.5125178724872446 1
0.5128543801141718 1
0.5135946479712458 1
0.5138805301948178 1
0.515274876262636 1
0.5153989753839062 1
0.5155186792640396 1
0.5158345297282535 1
0.5160386941159842 1
0.5169111949598474 1
0.5170907963622553 1
0.518273961313527 1
0.5194514068804795 1
0.520176792257891 1
0.5208492229719655 1
0.5213897406365287 1
0.5217973725839871 1
0.5236932567987062 1
0.5240880805553305 1
0.524904722033865 1
0.5250877434375552 1
0.5253959558530108 1
0.5258070411254042 1
0.5269256869518809 1
0.5281358996930022 1
0.5284222793838314 1
0.5284564805687869 1
0.5298729552762085 1
0.529889843165355 1
0.5299729175221719 1
0.5300856526522908 1
0.5305619120725431 1
0.5309274223772491 1
0.5318058938142175 1
0.5320732674136645 1
0.5323747333610698 1
0.5326767704341497 1
0.532941914042626 1
0.534033453666793 1
0.534442465963227 1
0.5363209538331288 1
0.5366944347870772 1
0.5375098649016451 1
0.5375508754625837 1
0.5378260757371209 1
0.5381675634836521 1
0.5385568078028495 1
0.5442087004627669 1
0.5449999132712977 1
0.5465466865542445 1
0.5505195298241222 1
0.5584642978449211 1
0.5608376042166642 1
0.5649669929180857 1
0.5668120313342788 1
0.5684839106276971 1
0.5699018762791398 1
0.5732338899629186 1
