
 0.434
 0.500
 0.496
 0.499
 0.492
 0.464
 0.483
 0.478
 0.532
 0.521
 0.478
 0.478
 0.494
 0.465
 0.498
 0.509
 0.499
 0.484
 0.487
 0.504
 0.440
 0.491
 0.488
 0.533
 0.512
 0.502
 0.481
 0.525
 0.512
 0.521
 0.526
 0.459
 0.468
 0.524
 0.455
 0.492
 0.507
 0.505
 0.532
 0.460
 0.499
 0.513
 0.502
 0.524
 0.481
 0.515
 0.512
 0.495
 0.530
 0.490
 0.516
 0.570
 0.464
 0.530
 0.536
 0.538
 0.486
 0.441
 0.538
 0.528
 0.498
 0.430
 0.525
 0.501
 0.514
 0.522
 0.488
 0.478
 0.508
 0.458
 0.467
 0.513
 0.511
 0.489
 0.502
 0.558
 0.531
 0.481
 0.545
 0.447
 0.487
 0.532
 0.499
 0.495
 0.516
 0.476
 0.452
 0.490
 0.504
 0.501
 0.486
 0.492
 0.495
 0.573
 0.501
 0.504
 0.515
 0.404
 0.517
 0.469
 0.530
 0.445
 0.491
 0.534
 0.517
 0.537
 0.486
 0.503
 0.458
 0.499
 0.478
 0.525
 0.538
 0.480
 0.461
 0.497
 0.466
 0.470
 0.510
 0.520
 0.534
 0.565
 0.475
 0.478
 0.484
 0.490
 0.472
 0.473
 0.547
 0.492
 0.509
 0.499
 0.503
 0.444
 0.493
 0.489
 0.472
 0.539
 0.476
 0.485
 0.501
 0.474
 0.514
 0.516
 0.452
 0.561
 0.504
 0.551
 0.507
 0.462
 0.438
 0.528
 0.511
 0.466
 0.512
 0.434
 0.471
 0.538
 0.519
 0.494
 0.530
 0.533
 0.528
 0.493
 0.493
 0.499
 0.475
 0.531
 0.481
 0.460
 0.501
 0.482
 0.479
 0.484
 0.527
 0.464
 0.491
 0.483
 0.468
 0.469
 0.481
 0.567
 0.490
 0.458
 0.512
 0.568
 0.473
 0.518
 0.464
 0.467
 0.487
 0.466
 0.505
 0.473
 0.509
 0.495
 0.485
 0.487
 0.544
 0.459

