0.5288823518272132 1
0.5334242283387362 2
0.5334242283387363 1
0.5349381871759105 3
0.5349381871759106 3
0.5364521460130848 3
0.5364521460130849 3
0.537966104850259 1
0.5379661048502591 2
0.5379661048502592 4
0.5394800636874334 3
0.5394800636874335 2
0.5394800636874336 1
0.5409940225246077 1
0.5409940225246078 7
0.542507981361782 2
0.5425079813617821 7
0.5425079813617822 1
0.5440219401989563 4
0.5440219401989564 9
0.5440219401989566 2
0.5455358990361308 12
0.5455358990361309 6
0.545535899036131 2
0.5470498578733051 11
0.5470498578733052 7
0.5485638167104794 7
0.5485638167104795 6
0.5485638167104796 1
0.5500777755476536 1
0.5500777755476537 2
0.5500777755476538 13
0.5500777755476539 1
0.551591734384828 7
0.5515917343848281 5
0.5515917343848282 5
0.5531056932220023 1
0.5531056932220024 6
0.5531056932220025 1
0.5546196520591767 14
0.5546196520591768 2
0.556133610896351 1
0.5561336108963512 2
0.5576475697335254 2
0.5576475697335255 3
0.5576475697335256 1
0.5591615285706996 1
0.5591615285706997 1
0.5591615285706998 3
0.5591615285706999 1
0.560675487407874 1
0.5606754874078741 2
0.5606754874078742 2
0.5621894462450484 1
0.5621894462450485 3
0.5637034050822227 2
0.5637034050822228 1
0.5667313227565715 1
