0 43
0 43
0 48
0 32
0 48
0 44
0 42
0 26
0 34
0 51
0 52
0 52
0 40
0 44
0 52
0 46
0 35
0 48
0 42
0 46
0 44
0 46
0 56
0 54
0 41
0 50
0 44
0 41
0 26
0 28
0 41
0 60
0 42
0 44
0 39
0 32
0 38
0 44
0 37
0 27
0 48
0 42
0 42
0 37
0 45
0 35
0 43
0 36
0 42
0 47
0 31
0 46
0 43
0 42
0 34
0 56
0 43
0 37
0 44
0 40
0 54
0 33
0 34
0 34
0 49
0 33
0 34
0 48
0 47
0 50
0 43
0 39
0 36
0 41
0 39
0 36
0 34
0 36
0 35
0 48
0 39
0 35
0 35
0 39
0 43
0 44
0 52
0 48
0 55
0 42
0 49
0 52
0 55
0 56
0 53
0 45
0 42
0 51
0 33
0 43
0 45
0 36
0 36
0 43
0 41
0 47
0 42
0 44
0 34
0 36
0 31
0 34
0 32
0 42
0 43
0 35
0 41
0 32
0 48
0 34
0 52
0 43
0 39
0 56
0 42
0 35
0 35
0 52
0 42
0 51
0 47
0 49
0 52
0 45
0 39
0 41
0 45
0 53
0 42
0 38
0 50
0 45
0 41
0 41
0 39
0 35
0 48
0 37
0 42
0 42
0 32
0 35
0 48
0 48
0 46
0 31
0 37
0 52
0 49
0 50
0 34
0 39
0 45
0 44
0 37
0 45
0 55
0 43
0 31
0 34
0 52
0 32
0 39
0 42
0 40
0 33
0 53
0 47
0 30
0 28
0 48
0 30
0 51
0 52
0 41
0 48
0 47
0 40
0 51
0 37
0 37
0 44
0 36
0 50
0 40
0 50
0 46
0 33
0 37
0 45
