0.8374817780396339 1
0.8384404978106965 2
0.8389198576962279 5
0.8393992175817592 1
0.8393992175817593 7
0.8398785774672904 1
0.8398785774672907 21
0.8403579373528218 9
0.8403579373528219 51
0.8408372972383532 14
0.8408372972383533 90
0.8413166571238846 10
0.8413166571238847 172
0.8417960170094159 16
0.8417960170094161 346
0.8422753768949472 29
0.8422753768949474 485
0.8427547367804786 31
0.8427547367804787 707
0.8432340966660099 45
0.8432340966660101 861
0.8437134565515413 31
0.8437134565515414 826
0.8441928164370727 21
0.8441928164370728 665
0.844672176322604 13
0.8446721763226042 359
0.8451515362081355 148
0.8456308960936668 33
