0.4091805772034248 1
0.42567783522774455 1
0.4300431077762534 1
0.435924508226245 1
0.4373731370161778 1
0.4376758790428228 1
0.4384223481815735 1
0.4396413662240327 1
0.4403328455236647 1
0.44304176205207185 1
0.4433008368712263 1
0.44617054637699105 1
0.4492456294636421 1
0.4500588764584337 1
0.4514697647307577 1
0.4525630187268813 1
0.4542641587453047 1
0.4561724252422138 1
0.4561758070432117 1
0.4579029239876432 1
0.46276199643959326 1
0.4651662991084137 1
0.4655531402803959 1
0.46661522657557564 1
0.4667835921957329 1
0.46774612436151874 1
0.4680938309782329 1
0.46935598265226003 1
0.469555685280573 1
0.47036294152280966 1
0.4707570802863939 1
0.4708526352160398 1
0.4710588733117353 1
0.47178557418435046 1
0.47190135426423735 1
0.47193344420428396 1
0.4726199441036587 1
0.4726337640004549 1
0.47418353753277337 1
0.47468799993055727 1
0.47634402219856703 1
0.4767678874155687 1
0.4773316930594225 1
0.4776782557182987 1
0.47784873963063584 1
0.47868623875682365 1
0.47902593916514313 1
0.479134162310121 1
0.47948534422040706 1
0.47995631452636234 1
0.4799971703858277 1
0.4836256931780257 1
0.4853190417125889 1
0.485795391912651 1
0.48598321074396866 1
0.48655601674535404 1
0.48708631793704255 1
0.4874369366740256 1
0.48768937089022435 1
0.4881104953699655 1
0.4886792418020823 1
0.4889968090715054 1
0.48942627249853693 1
0.4899093028890048 1
0.4899462539356356 1
0.4904264703662626 1
0.4904698523147031 1
0.49059577212907074 1
0.490671213619922 1
0.4913255464771635 1
0.49174657692697965 1
0.4918567742052777 1
0.49194169422421447 1
0.49241225481636985 1
0.4931561245703574 1
0.49320314264417847 1
0.4932151894478547 1
0.4932510949617123 1
0.49330282286013805 1
0.4937617374433985 1
0.4941511098586522 1
0.4942682337479781 1
0.494490798203452 1
0.49532273405871513 1
0.4958497291420638 1
0.4960689763490553 1
0.4966236203961501 1
0.49700884222211933 1
0.4970293810631196 1
0.497491175144927 1
0.4979721941408916 1
0.49822268648403395 1
0.4982798807556423 1
0.49851261064802993 1
0.4988232851337147 1
0.4994143096546169 1
0.49952765907497854 1
0.4996279170094158 1
0.4999066638506833 1
0.5005390409167424 1
0.5013060206230691 1
0.5014940226487314 1
0.5018090458345507 1
0.5021048263479176 1
0.5021883483611645 1
0.5022451916207276 1
0.5022702287835805 1
0.502301378264287 1
0.5025460543910569 1
0.5028074768715006 1
0.5031999842376824 1
0.5035474144762457 1
0.5040277010870182 1
0.5043623933839226 1
0.5047336666026078 1
0.5049548343246604 1
0.505105534284071 1
0.5052381182456416 1
0.5060718343331976 1
0.5065190018301657 1
0.5065355584062404 1
0.5071569839202666 1
0.5091507059253492 1
0.5091878477785868 1
0.5100855466854614 1
0.5106719752137874 1
0.5110646728871586 1
0.5119640489655873 1
0.5120440649900825 1
0.5135743859047416 1
0.5136975632182531 1
0.5142399643681017 1
0.514561050166525 1
0.5146829961375478 1
0.5148166852767185 1
0.5160141048507717 1
0.5169968333770463 1
0.5173145919958178 1
0.5174083857652705 1
0.5212830547673344 1
0.5217878936664472 1
0.5224404378054711 1
0.5227220193178581 1
0.5239934902840013 1
0.5240738991728062 1
0.5241582166412998 1
0.5258397096738896 1
0.5258949566990881 1
0.5262326985538764 1
0.5262756611816206 1
0.526650817256927 1
0.527024602583299 1
0.5271091629478339 1
0.527319802679847 1
0.5273714995526106 1
0.5274439069542063 1
0.5283669161945204 1
0.5286920399309798 1
0.5287522359728747 1
0.529643514060142 1
0.5298155690201027 1
0.5303330213647858 1
0.5314245760778498 1
0.531696107124695 1
0.5319560142194176 1
0.532481202251558 1
0.5325872755063336 1
0.5328291033460318 1
0.5330517530252813 1
0.5335717346195166 1
0.5346222914432629 1
0.53484572783942 1
0.5357034160320989 1
0.5359350418445477 1
0.5364180587595092 1
0.5376868041195616 1
0.5377646138486867 1
0.5388613536943135 1
0.539737185258921 1
0.5398343906869079 1
0.540196220691862 1
0.5404635760475215 1
0.5405547971932394 1
0.5414262246141477 1
0.541572515983059 1
0.5447179900931666 1
0.5458863725821054 1
0.5464661725955184 1
0.5492249694655632 1
0.549703583016775 1
0.5501980242379371 1
0.5520973234788723 1
0.5531940470295033 1
0.5539949830910783 1
0.5601612459565447 1
0.5602327231508613 1
0.563544626513362 1
0.5640328657953366 1
0.5647060957155117 1
0.5698294915467182 1
