
 0.493
 0.536
 0.487
 0.539
 0.522
 0.536
 0.511
 0.532
 0.438
 0.526
 0.484
 0.500
 0.488
 0.498
 0.533
 0.470
 0.550
 0.511
 0.453
 0.530
 0.515
 0.487
 0.553
 0.501
 0.479
 0.564
 0.503
 0.497
 0.516
 0.502
 0.503
 0.505
 0.505
 0.527
 0.506
 0.503
 0.514
 0.501
 0.532
 0.494
 0.527
 0.512
 0.494
 0.446
 0.489
 0.443
 0.493
 0.554
 0.570
 0.486
 0.529
 0.473
 0.489
 0.526
 0.502
 0.501
 0.493
 0.552
 0.504
 0.485
 0.490
 0.541
 0.490
 0.542
 0.533
 0.468
 0.517
 0.498
 0.502
 0.473
 0.522
 0.480
 0.530
 0.528
 0.430
 0.478
 0.515
 0.546
 0.471
 0.504
 0.534
 0.491
 0.515
 0.549
 0.451
 0.490
 0.456
 0.531
 0.500
 0.527
 0.540
 0.526
 0.532
 0.436
 0.492
 0.524
 0.500
 0.564
 0.486
 0.492
 0.465
 0.496
 0.475
 0.469
 0.449
 0.499
 0.499
 0.524
 0.535
 0.497
 0.492
 0.507
 0.479
 0.527
 0.487
 0.538
 0.502
 0.504
 0.540
 0.565
 0.507
 0.476
 0.498
 0.472
 0.529
 0.426
 0.478
 0.467
 0.497
 0.492
 0.454
 0.438
 0.474
 0.541
 0.494
 0.472
 0.463
 0.440
 0.499
 0.502
 0.509
 0.510
 0.524
 0.477
 0.468
 0.502
 0.517
 0.538
 0.467
 0.535
 0.514
 0.479
 0.560
 0.494
 0.505
 0.495
 0.540
 0.533
 0.545
 0.505
 0.488
 0.471
 0.491
 0.550
 0.493
 0.479
 0.536
 0.491
 0.472
 0.521
 0.512
 0.456
 0.496
 0.437
 0.546
 0.440
 0.526
 0.409
 0.470
 0.443
 0.523
 0.450
 0.514
 0.490
 0.507
 0.560
 0.480
 0.509
 0.458
 0.489
 0.493
 0.530
 0.471
 0.527
 0.527
 0.540
 0.497
 0.466
 0.517
 0.477

