0.40398967043139317 1
0.40456975463858436 1
0.40472658465190325 1
0.4075370279948259 1
0.41123131307867844 1
0.41181943395553255 1
0.412555738691472 1
0.4126995690967017 1
0.4153968805092711 1
0.41765213381715827 1
0.41786827197910936 1
0.41888660047766846 1
0.4201193429349315 1
0.42054807982306786 1
0.42187077393041383 1
0.4226409245884388 1
0.42342525001821946 1
0.42545818615313663 1
0.4264980265984431 1
0.42682695226831086 1
0.42839321750657583 1
0.4284128893774327 1
0.42930989528308444 1
0.4302736104767224 1
0.4304229530974106 1
0.4306605588520132 1
0.4316473008364028 1
0.43168901737108717 1
0.4317207000938415 1
0.4318737140675827 1
0.43217920500752227 1
0.4322031374233857 1
0.4322253639387955 1
0.43234984022183226 1
0.4327137027245716 1
0.4332202765939226 1
0.4334058626207156 1
0.43349812975280755 1
0.4338171265919021 1
0.4349135490575193 1
0.43534765661750446 1
0.4358204365781506 1
0.4361602463209855 1
0.4366147890631635 1
0.437121152125333 1
0.4374084686738617 1
0.4374947485306639 1
0.43779631653388196 1
0.43785380103463495 1
0.4384033816801468 1
0.43936955329779326 1
0.44010681929170664 1
0.4402953257419091 1
0.44053332369380627 1
0.44095765709870954 1
0.4412271736633887 1
0.44160220952175083 1
0.44258241964028444 1
0.4426755602159884 1
0.4430833043692139 1
0.44348041562181284 1
0.4439811754361048 1
0.4439817987689423 1
0.4444633158155585 1
0.4445200357149817 1
0.4445921202418772 1
0.4450930459218857 1
0.44535383111680504 1
0.44570043688113586 1
0.4461250106717106 1
0.44622494641658617 1
0.44633278504562535 1
0.4464401849135584 1
0.44667254772501297 1
0.44705124594208123 1
0.4471466334206287 1
0.44749887020673573 1
0.44759280503571836 1
0.44761460912074325 1
0.44827953415149546 1
0.44868281527272635 1
0.4487033443094204 1
0.44873655841681903 1
0.4506916611789675 1
0.4510381919398407 1
0.45106227269947524 1
0.4512848962096694 1
0.4521201157544823 1
0.4526017407889053 1
0.4528373847960808 1
0.45296622151629834 1
0.45298133112111816 1
0.45391349378809154 1
0.4539624924780378 1
0.4539701362683413 1
0.454055386213213 1
0.45464690851158296 1
0.4551511945917074 1
0.45596768718035774 1
0.45604451723545497 1
0.456902109627919 1
0.4569649822351871 1
0.4573236850783536 1
0.4574866593631963 1
0.4582544540466117 1
0.45839465024974424 1
0.4586325606301177 1
0.4591459137553081 1
0.4596220010515955 1
0.4602652570720805 1
0.46050300832665075 1
0.461320378289441 1
0.4613411634478851 1
0.46179984217140907 1
0.4623469150932911 1
0.4623653320412018 1
0.46271715853885276 1
0.46310543887157346 1
0.46331266345926814 1
0.4637413052172179 1
0.46385694412303624 1
0.46391040268092576 1
0.4642635338987499 1
0.46432293877346786 1
0.4644074417890785 1
0.4652515813333604 1
0.46525580904358044 1
0.46530983552953115 1
0.46594963680040036 1
0.4664988474166498 1
0.46688554705074453 1
0.46702409209198614 1
0.46729908267337367 1
0.4674222128458731 1
0.4679146782593255 1
0.4683975489923752 1
0.46905749677024916 1
0.4690697700629628 1
0.4692266834508771 1
0.4693173236045859 1
0.46952223610999083 1
0.4710876617449663 1
0.4720676141982791 1
0.47249050070391496 1
0.47254063250124745 1
0.4727442533805 1
0.47296682553923186 1
0.4734905185844977 1
0.4738466750516907 1
0.47454292876405174 1
0.47557890676324405 1
0.4755926199351473 1
0.47670090765052714 1
0.4770273924678884 1
0.4772635359618752 1
0.47751944172201205 1
0.4778550306659912 1
0.4779905476357778 1
0.4787643794683696 1
0.47988125691057143 1
0.4802576941033488 1
0.4805606233901226 1
0.48109235809814427 1
0.4813286059551818 1
0.48164246747146594 1
0.4826330119698138 1
0.48267234652137603 1
0.48301096106628383 1
0.48326250732958287 1
0.48356791570916097 1
0.48367771416536476 1
0.484143529433031 1
0.4846755532456556 1
0.48521351087244313 1
0.4854823695027721 1
0.4860204883868435 1
0.4861251268441387 1
0.48719636681798867 1
0.4876218689346599 1
0.48796965474190246 1
0.48973070426221327 1
0.4899321692153516 1
0.4907182439580722 1
0.49083964862869095 1
0.49149821121533127 1
0.49175002364036063 1
0.49248872130667265 1
0.492574210669275 1
0.4949608822841366 1
0.4953875235102536 1
0.49542736804247794 1
0.4963093170038866 1
0.49696229890902094 1
0.4970014360847012 1
0.4998754795251137 1
0.504828792405107 1
0.5102432181834943 1
0.5138357985241853 1
0.5239000634132522 1
0.5285498503809218 1
