12 0.8014998140551224
0 0.6535656282621087
1 0.023938356686087348
2 0.3468354166288238
13 0.8301581239374053
38 0.2504650460653117
3 0.5481938099455921
4 0.9696231981122547
24 0.7859300830281994
20 0.1225581238645167
32 0.3819052185093412
36 0.7230578612890123
5 0.5511155117223624
22 0.5946600298722065
15 0.6133245706417397
21 0.7226917952401126
34 0.16338371295371434
29 0.4694151370183799
33 0.4448510050703578
26 0.05993505000978838
39 0.3752609283394288
27 0.6666726209901859
6 0.8485521375340693
7 0.5284537061848102
8 0.3425363630916177
19 0.6710319970951661
28 0.1378048039117754
18 0.37341582604557666
23 0.3755680981075239
30 0.6031157825107789
17 0.29887488154620234
35 0.3916324685066366
37 0.24207789926398338
9 0.520682805872733
11 0.19076045633464256
16 0.4966868885962563
31 0.48402377851751055
10 0.047085159518282294
14 0.5086520955041044
25 0.2149624962683221
