0 44
0 36
0 49
0 44
0 35
0 34
0 38
0 36
0 39
0 40
0 57
0 45
0 43
0 39
0 45
0 48
0 39
0 39
0 42
0 50
0 42
0 42
0 37
0 58
0 44
0 37
0 36
0 55
0 43
0 37
0 46
0 44
0 38
0 40
0 40
0 45
0 36
0 35
0 37
0 52
0 44
0 38
0 38
0 47
0 41
0 40
0 49
0 41
0 39
0 36
0 45
0 36
0 45
0 43
0 46
0 35
0 39
0 44
0 30
0 49
0 35
0 37
0 52
0 56
0 37
0 44
0 35
0 33
0 47
0 40
0 44
0 48
0 55
0 39
0 43
0 42
0 41
0 57
0 36
0 43
0 46
0 46
0 46
0 44
0 37
0 44
0 48
0 44
0 32
0 39
0 41
0 49
0 43
0 57
0 42
0 46
0 44
0 51
0 37
0 42
0 40
0 52
0 34
0 49
0 43
0 41
0 61
0 33
0 47
0 35
0 48
0 40
0 48
0 36
0 51
0 39
0 37
0 42
0 41
0 33
0 47
0 55
0 48
0 35
0 41
0 54
0 48
0 38
0 38
0 50
0 46
0 59
0 38
0 48
0 54
0 42
0 38
0 47
0 42
0 44
0 50
0 35
0 31
0 42
0 35
0 42
0 34
0 46
0 59
0 34
0 44
0 42
0 46
0 42
0 43
0 43
0 47
0 40
0 38
0 44
0 39
0 38
0 42
0 45
0 44
0 39
0 41
0 40
0 31
0 40
0 33
0 56
0 48
0 39
0 44
0 38
0 42
0 46
0 53
0 39
0 35
0 56
0 49
0 46
0 33
0 34
0 47
0 41
0 50
0 44
0 36
0 35
0 32
0 48
0 36
0 39
0 36
0 48
0 41
0 48
