0.587879477982428 1
0.5943399809603815 1
0.5953079157945179 1
0.5954911980366805 1
0.5962758506286543 1
0.5970605032206282 1
0.6003823958306863 1
0.6009837661804976 1
0.6021349832567966 1
0.6031029180909329 1
0.6035210061985817 1
0.6038875706829068 1
0.6040708529250693 1
0.6043056587905556 1
0.6044889410327182 1
0.6050903113825296 1
0.605273593624692 1
0.6062415284588284 2
0.6068428988086396 1
0.6087787684769126 1
0.6097467033110489 1
0.6097982269343727 1
0.6101647914186977 1
0.6109494440106716 2
0.6111327262528341 1
0.6125187491946193 1
0.6134866840287557 1
0.6144546188628921 1
0.6144546188628922 3
0.6158406418046773 1
0.6158406418046775 1
0.6166252943966513 1
0.6175932292307876 1
0.6179597937151127 1
0.6183778818227615 1
0.618561164064924 1
0.6191625344147353 1
0.6199471870067093 1
0.6201304692488718 2
0.6203137514910344 1
0.6207318395986832 1
0.6209151218408457 1
0.6215164921906571 1
0.6223011447826309 1
0.6234523618589298 1
0.6236356441010923 3
0.6236356441010925 1
0.6240537322087412 1
0.6242370144509036 3
0.6252049492850401 3
0.6253882315272026 1
0.6258063196348516 1
0.6259896018770139 2
0.6265909722268254 2
0.6267742544689878 2
0.6273756248187992 1
0.6275589070609616 1
0.6277421893031243 1
0.6283435596529355 1
0.6283435596529356 1
0.6285268418950981 2
0.6293114944870719 1
0.6297295825947208 2
0.6299128648368834 2
0.6300961470790458 3
0.6306975174288572 1
0.6308807996710197 2
0.6312473641553447 1
0.6312473641553448 1
0.6314821700208311 1
0.631848734505156 1
0.6320835403706424 1
0.6322668226128049 1
0.632266822612805 1
0.6324501048549673 1
0.6324501048549674 3
0.6332347574469414 1
0.6336013219312664 1
0.6338361277967526 1
0.634019410038915 1
0.6340194100389152 1
0.6340194100389153 1
0.6348040626308891 2
0.6349873448730515 1
0.6351706271152141 2
0.6357719974650256 2
0.635955279707188 2
0.6361385619493506 1
0.6361900855726743 1
0.6367399322991618 2
0.6367399322991619 1
0.6373413026489732 2
0.6373413026489733 1
0.6375245848911357 1
0.6381259552409471 3
0.6383092374831096 1
0.6386758019674346 1
0.6389106078329209 1
0.638910607832921 1
0.6398785426670573 1
0.6408464775011937 2
0.641447847851005 1
0.6414478478510052 1
0.6414478478510053 1
0.642232500442979 2
0.6424157826851413 1
0.6424157826851414 1
0.6424157826851417 2
0.6425990649273039 1
0.6430171530349527 1
0.6430171530349529 1
0.6432004352771153 1
0.6432004352771155 1
0.6433837175192778 1
0.6439850878690891 2
0.645554393053037 1
0.6457376752951995 1
0.6457376752951997 1
0.6465223278871731 1
0.6465223278871735 2
0.6467056101293358 1
0.6473069804791471 1
0.6479083508289585 1
0.648091633071121 1
0.6480916330711212 1
0.6482749153132835 1
0.6482749153132837 1
0.6484581975554462 1
0.648876285663095 3
0.6490595679052575 1
0.6494776560129063 1
0.6496609382550688 3
0.6496609382550689 1
0.6498442204972311 1
0.6498442204972312 1
0.6498442204972313 1
0.6500275027393938 1
0.6502107849815565 1
0.6506288730892053 1
0.6512302434390165 1
0.6523814605153155 1
0.6529828308651269 2
0.652982830865127 1
0.6539507656992631 1
0.6539507656992634 1
0.6549187005333995 1
0.6549187005333998 1
0.655520070883211 1
0.6557033531253735 1
0.655886635367536 1
0.6561214412330224 1
0.6572726583093212 1
0.6580573109012952 1
0.6588419634932692 1
0.6596266160852429 1
0.6604112686772169 1
0.6623471383454894 1
0.6631317909374634 1
0.6674216183816577 1
0.6705602287495533 1
