0 40
1 43
1 45
1 41
0 36
0 43
0 45
1 44
1 44
0 47
1 32
0 45
0 40
0 39
1 36
1 38
0 35
1 43
1 53
0 34
1 55
1 41
1 43
1 38
0 42
1 53
1 41
0 50
0 51
0 42
0 40
0 37
0 46
0 54
1 68
1 36
1 45
0 41
1 41
0 34
1 51
0 39
1 45
1 27
1 42
0 49
1 47
0 31
1 40
1 43
0 35
0 46
1 20
0 51
0 30
0 37
1 38
0 48
1 42
1 51
1 37
1 47
1 42
1 40
0 49
0 55
1 44
0 38
0 35
1 47
1 53
0 38
1 56
1 39
0 39
1 46
1 50
0 48
1 44
0 40
0 41
0 35
1 35
0 35
1 45
1 52
0 55
0 57
1 53
0 39
1 45
1 43
1 38
1 39
1 32
1 44
1 51
0 35
1 44
0 37
0 42
1 30
0 40
0 38
0 48
0 47
0 44
1 47
1 47
1 48
1 32
0 41
1 38
0 47
0 25
0 45
1 34
0 45
1 39
1 37
1 46
0 36
0 48
1 43
1 40
1 46
1 42
0 38
1 41
1 37
0 40
0 48
1 52
1 43
1 34
1 41
0 46
0 46
0 32
0 32
0 36
1 36
1 52
0 43
0 41
1 41
0 38
0 50
1 42
0 36
0 33
1 38
0 44
0 39
1 32
0 47
0 46
0 30
1 47
1 42
0 44
0 44
0 35
1 47
0 42
1 41
1 39
1 45
1 36
0 59
1 38
1 35
0 47
1 43
0 41
0 38
1 38
1 47
1 30
0 40
1 30
1 47
1 46
1 46
1 35
1 45
0 44
0 30
0 38
1 40
0 41
1 37
0 42
0 43
0 47
0 40
0 41
1 46
1 37
0 48
