0.4289499431323731 1
0.43695521880381166 1
0.44724584650018473 1
0.44772859563948425 1
0.44944082115830963 1
0.4523146655987789 1
0.4535767078235225 1
0.4567193552649591 1
0.46084953888235497 1
0.4636118582825918 1
0.4647603370467896 1
0.46743295813707697 1
0.467433810358743 1
0.4682084586029881 1
0.46886307469571725 1
0.47009646091061064 1
0.47065146547227843 1
0.4710392985796108 1
0.4715197302287226 1
0.4716119544148655 1
0.47192970420556307 1
0.4722185933996271 1
0.47414981989355043 1
0.47521044573697685 1
0.47548897753244257 1
0.4769065919361895 1
0.4789530709546117 1
0.4797576170658829 1
0.47991830193101753 1
0.48045460013261 1
0.4807580066928847 1
0.48136794704007274 1
0.48198448911316233 1
0.4821708224836215 1
0.4824856808069007 1
0.4827047426246196 1
0.4830370426534482 1
0.4830651458461313 1
0.48424700923915326 1
0.4853964200735949 1
0.48618982871611827 1
0.4864079516633188 1
0.4870634100465276 1
0.48775148944866475 1
0.48781153951033895 1
0.48822952701669214 1
0.48830895544464503 1
0.48832248519521265 1
0.48846406114289964 1
0.4884914256850424 1
0.4888740936448228 1
0.4888935321490021 1
0.48902837206039373 1
0.489490513133126 1
0.49010660872601336 1
0.4903273659926831 1
0.49037232924235824 1
0.4904193882535862 1
0.49058876336014223 1
0.49060150551798953 1
0.49062705870380563 1
0.4907697245011528 1
0.49089123823201725 1
0.49147858740473505 1
0.4925056244314362 1
0.49313461912123374 1
0.4934614188088413 1
0.49351799693434567 1
0.4938831846063609 1
0.49477642694471624 1
0.49562018156242466 1
0.4958073096945867 1
0.4959658125453607 1
0.4959898680560525 1
0.4961909546703616 1
0.4962582907571624 1
0.49676113984365655 1
0.49692750182906037 1
0.49707007097588446 1
0.4971625653479451 1
0.49724016555642003 1
0.49763173318039816 1
0.49769538501179794 1
0.49781542455294003 1
0.4978960008143676 1
0.4979425720161559 1
0.49805233751524314 1
0.49880321343156253 1
0.4989977815720868 1
0.4990824498675681 1
0.49911853011421925 1
0.4992722628838118 1
0.49944080583960493 1
0.49946171953038343 1
0.5000138302748569 1
0.5013953300176783 1
0.5016880283036103 1
0.5020151275579525 1
0.5023815349039892 1
0.502412171226522 1
0.502436864268639 1
0.502467966993712 1
0.5025578017718193 1
0.5029771584260745 1
0.5032711544529467 1
0.5035209783683472 1
0.5037465477801986 1
0.5038023302370942 1
0.5047198923489635 1
0.5049618327245521 1
0.5057032706730111 1
0.5059970492240676 1
0.5061495062925525 1
0.5064093736306186 1
0.5064891089316994 1
0.5073088816846293 1
0.5078244773376476 1
0.5078258546495877 1
0.5079678187898683 1
0.5092477284051826 1
0.5092851951033023 1
0.5093624802504525 1
0.5094682465759061 1
0.509513599561802 1
0.5097350503669038 1
0.5099229893415709 1
0.5104466412546664 1
0.510818413971468 1
0.5109149341392275 1
0.5112936722350108 1
0.5113880354399957 1
0.5120314389275058 1
0.5123424714779135 1
0.5127185383154259 1
0.5128838123339206 1
0.5131426375883411 1
0.513518411970611 1
0.5139685048891038 1
0.5156427998520484 1
0.5159867271570524 1
0.5164494965156541 1
0.51665952586292 1
0.5174537844613745 1
0.5182449451515376 1
0.5185598926184096 1
0.5187255547051358 1
0.5195627226336634 1
0.5199870814179173 1
0.5202503564450985 1
0.5206179207182619 1
0.520656751414491 1
0.5214416199805165 1
0.5215596485772547 1
0.5223539712562358 1
0.5236060143759242 1
0.5238900110427709 1
0.5240633951271291 1
0.524838967018075 1
0.5253429658451924 1
0.5292692235378761 1
0.5305162202085772 1
0.5309750944212415 1
0.5318017498918017 1
0.5321022377559315 1
0.5324837975131651 1
0.5325292878170089 1
0.5332436381426604 1
0.53329221324492 1
0.5339633806647324 1
0.534318833336491 1
0.5353887467365599 1
0.5356247078381658 1
0.5365259216257326 1
0.5367058725184751 1
0.5377272397324718 1
0.537822654324116 1
0.5386151600255955 1
0.5390186715507312 1
0.5423000127403645 1
0.5426440734434564 1
0.543346805653199 1
0.5434957991151499 1
0.5465035008686762 1
0.5470151948588748 1
0.5471522383131476 1
0.5497062941881413 1
0.5504590811076457 1
0.5511402492713 1
0.5556622943836821 1
0.5558659057187479 1
0.5562703778169984 1
0.5565438901866825 1
0.5583095653895639 1
0.5628976491616844 1
0.5639386112766945 1
0.564907558981261 1
0.5700093539229736 1
0.5718579267131823 1
0.5822778265845193 1
0.5823121363948834 1
