
 0.480
 0.499
 0.483
 0.532
 0.520
 0.500
 0.547
 0.498
 0.498
 0.564
 0.454
 0.519
 0.508
 0.447
 0.490
 0.461
 0.483
 0.493
 0.506
 0.509
 0.507
 0.496
 0.498
 0.488
 0.449
 0.480
 0.471
 0.508
 0.498
 0.481
 0.519
 0.497
 0.512
 0.534
 0.531
 0.508
 0.503
 0.520
 0.499
 0.501
 0.506
 0.465
 0.547
 0.497
 0.506
 0.547
 0.525
 0.479
 0.464
 0.489
 0.505
 0.570
 0.491
 0.491
 0.499
 0.502
 0.533
 0.537
 0.467
 0.543
 0.472
 0.556
 0.511
 0.531
 0.522
 0.484
 0.496
 0.516
 0.477
 0.503
 0.452
 0.488
 0.474
 0.496
 0.488
 0.543
 0.513
 0.491
 0.493
 0.498
 0.502
 0.572
 0.475
 0.582
 0.509
 0.514
 0.535
 0.509
 0.557
 0.489
 0.488
 0.538
 0.485
 0.505
 0.532
 0.482
 0.496
 0.510
 0.506
 0.556
 0.538
 0.493
 0.524
 0.533
 0.506
 0.543
 0.468
 0.496
 0.497
 0.516
 0.495
 0.481
 0.511
 0.482
 0.503
 0.490
 0.525
 0.497
 0.565
 0.486
 0.539
 0.488
 0.537
 0.499
 0.489
 0.558
 0.499
 0.524
 0.504
 0.504
 0.518
 0.582
 0.482
 0.534
 0.511
 0.470
 0.521
 0.491
 0.486
 0.488
 0.472
 0.542
 0.513
 0.550
 0.494
 0.509
 0.448
 0.480
 0.499
 0.467
 0.502
 0.512
 0.499
 0.489
 0.521
 0.517
 0.490
 0.469
 0.532
 0.483
 0.496
 0.511
 0.510
 0.520
 0.472
 0.502
 0.516
 0.563
 0.490
 0.488
 0.522
 0.529
 0.491
 0.498
 0.514
 0.533
 0.457
 0.472
 0.429
 0.494
 0.521
 0.510
 0.524
 0.536
 0.556
 0.491
 0.502
 0.504
 0.517
 0.550
 0.497
 0.487
 0.513
 0.502
 0.551
 0.539
 0.475
 0.510
 0.471
 0.437

