0.33448272890844083 1
0.33975736695364894 1
0.3415936217544023 1
0.3524831379204006 1
0.35544974107350186 1
0.3572935606396125 1
0.36242262526765523 1
0.3640319083509878 1
0.36553727757378707 1
0.36702177354716725 1
0.3674439538521883 1
0.36758930357278274 1
0.3682398271544909 1
0.36897753252020893 1
0.3690257413424085 1
0.3695089569860495 1
0.3713332264547096 1
0.37367422812897944 1
0.37488230663915273 1
0.3750043970886132 1
0.37664335319457715 1
0.3774881005168042 1
0.37779966408868226 1
0.37816713142702824 1
0.37839932661463055 1
0.37865917280852157 1
0.37963927222658894 1
0.3802711635779838 1
0.38066428687544673 1
0.3808781353754159 1
0.38090632539820624 1
0.38184934288287276 1
0.3826204288155735 1
0.38353211542199717 1
0.3841026788586461 1
0.3841205736954577 1
0.3842904312807153 1
0.3854046063462137 1
0.38562772633093556 1
0.385737949362848 1
0.38588586044047907 1
0.3861438742976201 1
0.386640952630155 1
0.38712905221906824 1
0.38713762398079615 1
0.3874659529894948 1
0.3875146332449652 1
0.387755142706794 1
0.38788464775674847 1
0.3880399331911184 1
0.3884728935957302 1
0.3887120697796794 1
0.38945821185213675 1
0.3894618043803855 1
0.38953548695914314 1
0.3897884591541089 1
0.3898561558011734 1
0.3900568540478013 1
0.3902335330832857 1
0.3914457232851953 1
0.3916985477113314 1
0.39230579384507985 1
0.39257866964571575 1
0.3927747188613329 1
0.39289949193441315 1
0.3933395721862688 1
0.39474786335226625 1
0.39509377282196356 1
0.3952452129071957 1
0.3953269870022874 1
0.3955588625163169 1
0.39580948514365566 1
0.39674553442439786 1
0.3968300304648678 1
0.39694089721916126 1
0.39699027456684166 1
0.3971701099886259 1
0.39736279287343734 1
0.397939664145248 1
0.39825812515870923 1
0.3983474286908958 1
0.39859759005701834 1
0.39879867219606596 1
0.3989522951547738 1
0.3990773695710628 1
0.3993410186121743 1
0.3993970081217518 1
0.39958238599930046 1
0.39959348562991875 1
0.3998742487089146 1
0.39991870091882686 1
0.40023315418115 1
0.40061026982929854 1
0.40061930991061667 1
0.4006901634150495 1
0.4009679147071662 1
0.40116016927484316 1
0.4011781845939922 1
0.4012255458576526 1
0.4014544451258613 1
0.40168710316386713 1
0.4018601510909112 1
0.40210179387441136 1
0.4023489307011105 1
0.40305384209308387 1
0.40305976085349227 1
0.40343097903970404 1
0.40375165428844034 1
0.40375479093713273 1
0.40424903101088006 1
0.4048536518194339 1
0.4049997106390964 1
0.40503074374419157 1
0.4051985495486195 1
0.4052555150018196 1
0.4052968986296438 1
0.405340222962507 1
0.40543727618965536 1
0.4062457385016222 1
0.406261596314108 1
0.4065446074021577 1
0.40674520379284185 1
0.40677094728211666 1
0.40758281143990627 1
0.40776325872997327 1
0.4083439551148597 1
0.4085290619081468 1
0.40861256087785336 1
0.40878669637354365 1
0.4098948051155413 1
0.40998398225618715 1
0.4101803789641426 1
0.4108540285720276 1
0.41103571842926123 1
0.4110538141016244 1
0.4110768489512771 1
0.41162565242975646 1
0.41173091165909886 1
0.41218114980818543 1
0.4121985476049646 1
0.4125010607668464 1
0.4130614454681332 1
0.4146430118806749 1
0.41486922580223906 1
0.4148705558542003 1
0.4153354769465479 1
0.4157210695386062 1
0.41670079472014376 1
0.417363755776465 1
0.4202073640703102 1
0.4204890657404788 1
0.42060800655697733 1
0.4207763273288264 1
0.4210195933927924 1
0.4223798969169518 1
0.42260627663523226 1
0.4228163662828644 1
0.4232671041471234 1
0.4234999125173101 1
0.4235116175442365 1
0.42360110267068196 1
0.4236957996351681 1
0.4242038359777323 1
0.4242971553110062 1
0.42550445226963307 1
0.4262017715644387 1
0.4262059404176405 1
0.42644646114103296 1
0.4265976729596308 1
0.426771320428113 1
0.426839710306906 1
0.4269470880305265 1
0.4271071844991732 1
0.4281951229116315 1
0.42854878365113763 1
0.4294975781622008 1
0.4296678431003676 1
0.4317270512972968 1
0.4329836029576768 1
0.43299239946109835 1
0.43323779656290073 1
0.43378253875065304 1
0.43708599849588736 1
0.437216006975015 1
0.43800099914389645 1
0.43821863149328466 1
0.4392473421493296 1
0.44008265631422205 1
0.4413702798362474 1
0.4432241622553117 1
0.44327833356950236 1
0.44357425752465146 1
0.4438321398502387 1
0.44427833066471417 1
0.4452275084647635 1
0.44959462751508494 1
0.4511861134750255 1
0.4596865987263067 1
0.46014188154920066 1
0.4605364286655269 1
