
 0.400
 0.382
 0.401
 0.393
 0.420
 0.424
 0.386
 0.432
 0.377
 0.405
 0.397
 0.396
 0.366
 0.397
 0.387
 0.437
 0.398
 0.415
 0.398
 0.397
 0.380
 0.438
 0.407
 0.389
 0.399
 0.460
 0.378
 0.401
 0.367
 0.424
 0.399
 0.397
 0.392
 0.406
 0.384
 0.461
 0.434
 0.424
 0.421
 0.421
 0.401
 0.403
 0.426
 0.384
 0.390
 0.423
 0.405
 0.444
 0.445
 0.393
 0.402
 0.409
 0.437
 0.417
 0.427
 0.424
 0.390
 0.393
 0.402
 0.409
 0.381
 0.409
 0.393
 0.405
 0.417
 0.375
 0.395
 0.411
 0.439
 0.388
 0.412
 0.426
 0.401
 0.444
 0.400
 0.395
 0.424
 0.410
 0.357
 0.387
 0.415
 0.430
 0.426
 0.423
 0.389
 0.399
 0.390
 0.390
 0.411
 0.403
 0.384
 0.369
 0.433
 0.384
 0.407
 0.401
 0.422
 0.433
 0.383
 0.405
 0.412
 0.364
 0.404
 0.405
 0.423
 0.427
 0.438
 0.387
 0.401
 0.397
 0.375
 0.416
 0.421
 0.386
 0.406
 0.451
 0.460
 0.427
 0.408
 0.402
 0.401
 0.362
 0.411
 0.378
 0.399
 0.399
 0.403
 0.415
 0.427
 0.340
 0.400
 0.379
 0.398
 0.369
 0.378
 0.385
 0.388
 0.410
 0.429
 0.391
 0.367
 0.440
 0.370
 0.412
 0.408
 0.412
 0.374
 0.407
 0.399
 0.404
 0.388
 0.402
 0.390
 0.334
 0.429
 0.371
 0.404
 0.443
 0.405
 0.428
 0.413
 0.426
 0.368
 0.355
 0.392
 0.352
 0.396
 0.405
 0.386
 0.368
 0.400
 0.397
 0.381
 0.408
 0.388
 0.423
 0.380
 0.395
 0.450
 0.401
 0.427
 0.381
 0.386
 0.387
 0.433
 0.443
 0.405
 0.420
 0.441
 0.411
 0.342
 0.377
 0.415
 0.389
 0.388
 0.400
 0.395
 0.444
 0.410
 0.413

