3 54
2 47
1 43
3 40
2 53
2 40
3 39
3 48
0 41
1 42
3 42
1 41
2 42
3 37
3 39
1 52
3 57
1 37
2 40
0 43
0 41
0 42
0 53
0 43
0 43
2 59
2 46
2 36
1 48
3 39
0 54
0 52
1 33
3 38
3 31
2 34
0 36
1 51
3 48
3 39
3 38
2 37
1 37
0 31
3 45
0 44
3 54
3 54
0 52
1 42
3 38
1 47
2 41
0 40
3 42
2 31
0 40
0 45
1 38
1 43
3 38
1 33
1 46
2 39
1 47
0 41
1 45
1 40
1 38
2 39
3 56
1 39
3 40
2 38
0 36
2 45
2 39
3 34
2 28
3 52
1 43
0 42
3 25
1 37
1 52
1 36
2 48
0 41
1 46
1 39
3 37
1 40
0 46
0 44
0 28
3 49
2 43
1 37
3 39
3 48
0 46
1 41
3 33
1 31
2 40
0 37
1 52
1 39
1 45
2 49
1 40
2 43
0 47
2 49
0 38
0 41
1 52
2 46
0 44
0 41
3 31
1 35
1 38
3 49
2 45
2 29
3 55
0 53
2 42
1 37
1 41
2 45
3 51
2 52
1 40
2 45
0 42
1 46
1 47
1 28
2 44
0 39
0 39
0 41
1 46
1 41
3 40
0 45
2 43
1 52
3 39
0 38
0 40
1 41
3 47
2 41
3 34
3 41
2 44
0 58
1 45
2 34
0 48
0 47
0 44
1 43
3 50
0 46
0 37
2 47
3 44
1 33
2 40
3 54
2 52
0 43
2 36
2 28
1 43
0 37
3 35
2 33
3 49
2 43
1 47
1 40
0 45
3 39
3 31
2 35
0 43
0 49
3 48
0 48
2 46
1 46
1 42
1 41
3 43
3 32
