
 3.970
 3.970
 0.020
 2.020
 3.970
 2.000
 5.950
 1.990
 0.010
 0.020
 2.010
 0.000
 3.970
 1.990
 0.040
 0.050
 0.030
 17.930
 0.010
 5.960
 5.960
 2.000
 0.010
 0.040
 3.970
 2.000
 0.040
 0.020
 5.950
 5.960
 3.980
 3.990
 2.000
 3.980
 5.990
 0.060
 0.030
 3.930
 2.010
 3.980
 5.940
 1.990
 0.060
 0.040
 3.950
 5.950
 2.020
 0.010
 3.930
 0.090
 0.020
 1.980
 0.010
 3.960
 2.030
 1.970
 0.010
 0.060
 2.000
 3.950
 0.020
 3.990
 0.000
 3.940
 0.050
 2.010
 0.030
 0.030
 0.020
 2.010
 0.020
 3.980
 0.010
 5.970
 2.000
 0.040
 3.960
 0.030
 0.030
 0.020
 0.010
 0.030
 5.970
 2.010
 2.020
 0.040
 0.030
 3.990
 2.000
 3.960

