2 39
0 38
0 45
4 32
4 48
4 46
0 45
2 25
3 56
4 40
4 35
4 49
3 29
4 48
4 34
4 34
3 36
1 33
0 38
4 50
3 41
4 29
1 34
3 45
1 37
0 36
2 39
1 41
4 52
4 43
3 33
2 52
4 33
4 43
3 39
4 38
3 40
0 45
3 48
1 31
1 42
2 34
0 37
0 43
4 53
2 45
4 46
3 43
1 51
3 38
0 41
0 44
4 46
1 43
3 49
0 47
2 49
0 42
2 35
3 43
3 34
3 37
0 49
3 31
3 46
1 38
2 37
1 37
0 41
3 47
2 42
0 51
1 45
4 42
0 44
1 32
0 49
3 47
1 46
1 45
4 46
1 38
1 55
3 32
3 48
0 36
0 40
2 45
0 55
4 51
3 41
4 54
4 35
3 46
2 52
4 43
3 36
1 42
4 44
4 56
0 47
4 48
2 45
1 43
1 44
2 45
4 42
4 36
3 28
1 38
3 46
1 44
0 39
2 39
2 44
0 49
3 36
2 49
1 26
0 48
1 34
0 36
3 44
3 38
4 42
0 47
3 46
1 37
1 43
0 41
0 50
4 45
0 48
1 47
3 51
4 49
2 48
2 55
3 46
4 53
1 42
4 37
3 43
0 42
3 38
1 42
0 36
1 40
2 32
2 41
3 49
1 44
4 46
1 47
0 48
1 48
3 45
2 40
4 34
4 56
4 35
2 32
1 37
1 51
4 45
3 36
4 52
2 41
2 43
2 44
2 39
2 35
2 38
2 26
0 38
4 48
1 47
3 45
2 56
4 31
3 35
0 43
3 36
4 38
2 37
4 43
0 59
0 49
4 36
3 43
2 46
2 47
2 41
2 52
4 34
4 40
4 42
4 48
1 44
1 35
