
 2.460
 2.450
 2.570
 2.780
 2.490
 2.320
 2.460
 2.540
 2.450
 2.440
 2.460
 2.370
 2.350
 2.480
 2.480
 2.750
 2.330
 2.470
 2.230
 2.520
 2.790
 2.270
 2.540
 2.350
 2.590
 2.640
 2.560
 2.510
 2.520
 2.470
 2.410
 2.450
 2.370
 2.230
 2.580
 2.660
 2.660
 2.300
 2.520
 2.790
 2.350
 2.410
 2.640
 2.540
 2.390
 2.810
 2.690
 2.690
 2.510
 2.300
 2.710
 2.260
 2.460
 2.380
 2.540
 2.530
 2.570
 2.500
 2.470
 2.690
 2.450
 2.600
 2.450
 2.230
 2.380
 2.580
 2.480
 2.320
 2.480
 2.500
 2.670
 2.500
 2.340
 2.530
 2.750
 2.530
 2.770
 2.670
 2.320
 2.400

