0.42738565134168865 1
0.43892124981297037 1
0.4402274831003823 1
0.44180026722603755 1
0.4421930928480915 1
0.4429764406756497 1
0.44320904976896847 1
0.4464852310268099 1
0.44832359826372625 1
0.4493980475002423 1
0.4499469212105837 1
0.4511237442710613 1
0.45164829848211646 1
0.4547905729666698 1
0.45482844968588 1
0.45879481125074606 1
0.45929677203783453 1
0.4613916788045989 1
0.46333037393313126 1
0.4642559767565927 1
0.465640194938648 1
0.46601615319870476 1
0.46610968811378667 1
0.46688634188190464 1
0.46712834171360185 1
0.46782655798532263 1
0.4683375222641801 1
0.46836827454835506 1
0.468503650734762 1
0.4687367595503582 1
0.46918927069732197 1
0.4692128369942965 1
0.46949498981983345 1
0.4695531635132253 1
0.4698809723582169 1
0.4700054849605907 1
0.47039775529252137 1
0.4706092980400154 1
0.47075728581970677 1
0.4711513377268961 1
0.47265405023137513 1
0.4729361906120214 1
0.4730039168662832 1
0.4742628527727787 1
0.4765046919771313 1
0.4771519781185608 1
0.47750454065038445 1
0.47751572320321733 1
0.47797883850815126 1
0.47849567563313605 1
0.47882131516375864 1
0.47924115502911474 1
0.47986461124265345 1
0.48030200520300137 1
0.4804543587743239 1
0.481424419410082 1
0.48162735465452255 1
0.4816554192611872 1
0.4818529106538751 1
0.48206581958062683 1
0.48228469216273945 1
0.48295493083469687 1
0.4829642733381664 1
0.4835900195035366 1
0.4839600817012867 1
0.48407812736468686 1
0.4844454548234323 1
0.48580162363243234 1
0.48596816979495877 1
0.48779304117091976 1
0.4878342617098951 1
0.48811944509510646 1
0.4882418492248878 1
0.4884113269171963 1
0.48943376715683157 1
0.48964198825955385 1
0.49057265384820775 1
0.491049877920252 1
0.4917071819140167 1
0.49181030777953644 1
0.4918626166834387 1
0.4924448707622262 1
0.4924806245686315 1
0.4928076127326543 1
0.4932022185824275 1
0.49437575689404506 1
0.4946320899936727 1
0.49492879249820526 1
0.49569886314724426 1
0.49647808295730556 1
0.49655282302582293 1
0.49682635579145973 1
0.49700459581851325 1
0.49724775802417315 1
0.49783047930461427 1
0.4983518171502648 1
0.49842840324270404 1
0.498798768142755 1
0.4988227575857894 1
0.4988734087461899 1
0.499590589602944 1
0.5000578972620555 1
0.5002230869823069 1
0.5003946930092973 1
0.500487070937192 1
0.5007832959983197 1
0.5011004986942807 1
0.5015963184465198 1
0.501841737800354 1
0.5022585514315714 1
0.5024559817545381 1
0.5028965621025688 1
0.5030665033004275 1
0.5032478502162241 1
0.503814744276632 1
0.503966938230247 1
0.5042347403701684 1
0.5042773189882985 1
0.5045765387303586 1
0.5058709416192264 1
0.5059960303194202 1
0.5069406633059264 1
0.5071176604765253 1
0.5076503847580249 1
0.5076676673917707 1
0.5077729543179877 1
0.5082767710921278 1
0.5083182745516281 1
0.5085026434342618 1
0.5092027151597054 1
0.5092872154924828 1
0.5097647683187925 1
0.5109404581190692 1
0.5117236009165693 1
0.5117561226273976 1
0.511892233079652 1
0.5125825597776096 1
0.5130749960420318 1
0.5133307557473118 1
0.5134162980541046 1
0.5137281333870028 1
0.5138736399968462 1
0.5138770653471155 1
0.5145041296122213 1
0.5151943468835047 1
0.5163604413150561 1
0.5168917329754266 1
0.5176793721518806 1
0.5177250805885387 1
0.5185398230113559 1
0.5188872513335682 1
0.5194129839405073 1
0.5201508967373202 1
0.5213916493250145 1
0.5214309095663473 1
0.5216782637183716 1
0.5218989236127811 1
0.5219356796215785 1
0.5222178516729143 1
0.5227043474425003 1
0.5228790751545753 1
0.5228992454943113 1
0.5241833844644005 1
0.5243505393597561 1
0.5263431366885348 1
0.5263486276151941 1
0.5273055914402849 1
0.5277451254592596 1
0.5280021108074666 1
0.5294433587705569 1
0.5308777066810325 1
0.5310901825236267 1
0.5311649373774466 1
0.531647949252377 1
0.5329465534863407 1
0.5338283058377717 1
0.5348666986148156 1
0.5348817972112465 1
0.5349256550519814 1
0.5365426837041519 1
0.537147081409891 1
0.5378266277249565 1
0.5388221325927858 1
0.5408204376598961 1
0.541618911012041 1
0.5426997813529355 1
0.543672826865737 1
0.5436884512679858 1
0.5449326366457332 1
0.5451740716493471 1
0.5478689536808197 1
0.5498925039897558 1
0.5501221069605451 1
0.5525088896682994 1
0.5543161138868549 1
0.5609981203595119 1
0.5623296168373487 1
0.5776811173651452 1
0.5862652511121462 1
0.5876972128550494 1
