
 0.060
 0.030
 11.880
 7.930
 0.060
 0.050
 0.050
 0.030
 5.860
 3.940
 4.010
 7.960
 2.010
 0.020
 2.000
 11.870
 0.030
 0.020
 0.020
 0.050
 5.980
 7.850
 3.970
 0.070
 0.040
 0.020
 5.910
 0.070
 3.970
 0.020
 2.030
 1.980
 0.080
 0.030
 0.040
 3.910
 5.950
 2.000
 0.030
 0.020
 5.950
 0.060
 0.060
 5.980
 0.020
 1.970
 1.960
 0.060
 0.030
 0.040
 0.050
 0.040
 0.030
 5.950
 2.010
 0.060
 0.080
 0.040
 3.970
 1.990
 1.960
 7.990
 19.740
 0.040
 5.870
 0.080
 2.010
 0.050
 0.070
 0.080
 3.970
 3.970
 0.030
 9.850
 2.010
 3.960
 0.070
 0.040
 5.950
 0.060

