
 0.501
 0.520
 0.560
 0.642
 0.687
 0.713
 0.725
 0.737
 0.742
 0.744
 0.740
 0.746
 0.746
 0.746
 0.746
 0.746
 0.746
 0.746
 0.746
 0.746
 0.746
 0.746
 0.746
 0.746
 0.746
 0.746
 0.746
 0.746
 0.746
 0.746
 0.746
 0.746
 0.746
 0.746
 0.746
 0.746
 0.746
 0.746
 0.746
 0.746
 0.746
 0.746
 0.746
 0.746
 0.746
 0.746
 0.746
 0.746
 0.746
 0.746
 0.746
 0.746
 0.746
 0.746
 0.746
 0.746
 0.746
 0.746
 0.746
 0.746
 0.746
 0.746
 0.746
 0.746
 0.746
 0.746
 0.746
 0.746
 0.746
 0.746
 0.746
 0.746
 0.746
 0.746
 0.746
 0.746
 0.746
 0.746
 0.746
 0.746
 0.746
 0.746
 0.746
 0.746
 0.746
 0.746
 0.746
 0.746
 0.746
 0.746
 0.746
 0.746
 0.746
 0.746
 0.746
 0.746
 0.746
 0.746
 0.746
 0.746
 0.746
 0.746
 0.746
 0.746
 0.746
 0.746
 0.746
 0.746
 0.746
 0.746
 0.746
 0.746
 0.746
 0.746
 0.746
 0.746
 0.746
 0.746
 0.746
 0.746
 0.746
 0.746
 0.746
 0.746
 0.746
 0.746
 0.746
 0.746
 0.746
 0.746
 0.746
 0.746
 0.746
 0.746
 0.746
 0.746
 0.746
 0.746
 0.746
 0.746
 0.746
 0.746
 0.746
 0.746
 0.746
 0.746
 0.746
 0.746
 0.746
 0.746
 0.746
 0.746
 0.746
 0.746
 0.746
 0.746
 0.746
 0.746
 0.746
 0.746
 0.746
 0.746
 0.746
 0.746
 0.746
 0.746
 0.746
 0.746
 0.746
 0.746
 0.746
 0.746
 0.746
 0.746
 0.746
 0.746
 0.746
 0.746
 0.746
 0.746
 0.746
 0.746
 0.746
 0.746
 0.746
 0.746
 0.746
 0.746
 0.746
 0.746
 0.746
 0.746
 0.746
 0.746
 0.746
 0.746
 0.746
 0.746
 0.746
 0.746

