1 53
2 40
2 45
0 43
2 42
0 30
1 43
1 49
1 45
2 45
2 50
2 44
2 51
2 54
1 24
2 42
0 43
0 43
0 41
0 36
0 48
1 45
1 39
2 36
2 35
0 55
1 35
0 37
0 36
0 50
2 46
2 50
2 50
0 39
1 45
1 41
0 30
1 40
2 40
0 46
2 47
2 42
1 37
0 33
0 56
0 35
1 38
1 28
1 56
2 48
1 39
1 36
0 40
0 56
2 52
2 44
2 35
0 37
1 53
0 51
1 39
0 39
0 43
2 39
0 43
0 42
1 41
2 38
1 41
1 42
2 38
0 49
2 38
0 42
1 33
0 48
1 42
0 46
2 47
1 48
0 34
1 43
0 39
1 52
2 42
2 34
1 31
1 39
1 38
1 39
1 42
2 36
0 40
2 40
1 33
1 37
2 34
1 41
2 41
0 37
1 43
0 65
0 42
1 27
2 42
1 35
1 36
2 41
2 47
1 41
1 52
2 47
1 39
1 48
0 34
0 52
0 42
1 42
2 43
2 40
1 46
1 42
1 50
0 40
1 42
1 40
0 38
2 40
2 41
1 39
0 41
2 41
1 41
2 51
1 39
1 36
2 44
0 40
1 43
0 39
2 38
1 39
0 28
1 30
2 43
2 36
1 44
2 42
2 53
2 51
0 37
1 41
2 42
2 52
1 60
0 31
0 27
2 41
1 37
1 38
2 42
1 24
2 48
2 43
0 38
1 46
1 40
2 41
1 47
2 36
2 47
0 39
2 46
2 39
2 37
1 35
1 30
1 40
0 38
0 51
0 29
1 45
1 43
0 47
1 45
1 38
2 46
1 39
2 43
2 46
2 39
0 47
0 30
2 43
2 51
1 41
1 62
1 46
0 24
2 52
