0.42850024573307766 1
0.44227424037034774 1
0.44520867880230297 1
0.4479007828109198 1
0.4598195137445212 1
0.46041725257908006 1
0.4609227634241797 1
0.46355205119697407 1
0.4639252690791203 1
0.4646227127895301 1
0.4648329833170059 1
0.4678743367279241 1
0.47044735057957415 1
0.47134627930772516 1
0.4724351929949824 1
0.47335510165727823 1
0.4743581214986531 1
0.4746808088496971 1
0.4754095305654216 1
0.4755768910925731 1
0.4781499516510879 1
0.4794132857796226 1
0.47952383180930974 1
0.4815783723889082 1
0.48174132583667306 1
0.48178056536248937 1
0.48286000679134483 1
0.48332910005581126 1
0.4841007781776249 1
0.48433833586251507 1
0.48478102355296754 1
0.4852468922657499 1
0.4853332072477653 1
0.4854184544282246 1
0.48693815780979177 1
0.48712825652581515 1
0.488129966254827 1
0.4889736951253081 1
0.49079899061926874 1
0.49091199559504234 1
0.49131946992451025 1
0.49208781622647735 1
0.4922639852804036 1
0.4922833386153128 1
0.49254955307865267 1
0.49381861267316923 1
0.49385007556372096 1
0.4942941826503196 1
0.49488053159893275 1
0.4949665691370837 1
0.49532884757411294 1
0.4957868309658131 1
0.4964547652078042 1
0.49700634434977276 1
0.49722789510179743 1
0.4973566541942837 1
0.49835419667134884 1
0.4985980701429048 1
0.5004719641107802 1
0.5021300773678214 1
0.5021452867539601 1
0.5025045986685865 1
0.5034492158904842 1
0.5038848674945996 1
0.5039297923134598 1
0.5042723636284762 1
0.5047344002180238 1
0.5048196536873308 1
0.5049468447257673 1
0.505114238616311 1
0.5052104014287874 1
0.5056736596805895 1
0.5057270104811282 1
0.5059777967440838 1
0.5061555734687283 1
0.5062782681803916 1
0.5064810870930199 1
0.5065067208566342 1
0.506698259996564 1
0.506720202833618 1
0.5077661318025855 1
0.5078529901672083 1
0.5080539970962815 1
0.5084341392894447 1
0.508643791546055 1
0.5096394866600096 1
0.5096629854110469 1
0.5102151530961221 1
0.5103509653502976 1
0.5109277234372811 1
0.5114093306081134 1
0.5114568732180461 1
0.5115651262084597 1
0.5116370147016375 1
0.5118553514021855 1
0.512294574138609 1
0.5125187048963002 1
0.5126974034026954 1
0.5127359219977341 1
0.5127982131213712 1
0.5128696089287854 1
0.5131632119826437 1
0.5135685762032559 1
0.5138641729791743 1
0.5143148319888496 1
0.5146974600613017 1
0.5148157185934285 1
0.5149348324267408 1
0.5155241730384139 1
0.5156719401099639 1
0.5160000887419087 1
0.5167660904785629 1
0.5168243988639248 1
0.5168382826138656 1
0.5170674152500964 1
0.5178192469202134 1
0.5180023875944275 1
0.5184596422483384 1
0.518829560629639 1
0.5191796285001054 1
0.519477355771707 1
0.5200023565844716 1
0.5201707502458693 1
0.5208034522878936 1
0.5209972084142365 1
0.5210490904665293 1
0.5223280273451314 1
0.5224275732766394 1
0.5227527836615861 1
0.5229529831282809 1
0.5239022626930587 1
0.5243399725710173 1
0.5244987259601236 1
0.5247615051594756 1
0.5248214621423485 1
0.5253527987615785 1
0.5255134807779623 1
0.5257089125735906 1
0.5261029937266455 1
0.5263291798845322 1
0.5268699396296789 1
0.5270775390660615 1
0.5271162219573974 1
0.5271458797665366 1
0.5278799265611293 1
0.5280857913433532 1
0.5284738128500532 1
0.5289558422041533 1
0.5290601220795682 1
0.5291222364771588 1
0.5291437062942664 1
0.5317148669403982 1
0.5321677099264578 1
0.5331258029800034 1
0.5342715332530377 1
0.5346209822990301 1
0.5351786672318685 1
0.5355646900275198 1
0.5355931488533195 1
0.5362894490521051 1
0.5365775187565945 1
0.5373386112664709 1
0.5374753000485878 1
0.5377172626495649 1
0.5386770845352711 1
0.5412650267255912 1
0.5414926755434695 1
0.5418784970375863 1
0.5418917683540125 1
0.5420624386365441 1
0.5429891631208001 1
0.5437444598075899 1
0.5453617990115733 1
0.5462524144024251 1
0.5467498543968117 1
0.5467993653282727 1
0.5472298074243725 1
0.5493514364315132 1
0.5502863367137695 1
0.5511730810463422 1
0.5515270453968102 1
0.5533839988632958 1
0.553589191980916 1
0.5539146963312769 1
0.5554331348702245 1
0.5556931339006799 1
0.5556999802814666 1
0.5573783217188711 1
0.5606865289672995 1
0.5608880209142976 1
0.5657553958287656 1
0.5676683996153681 1
0.569687613628417 1
0.573199044744731 1
0.5772011968749405 1
0.5774919905015029 1
0.578932903543321 1
0.5796152500572666 1
0.5836758618115752 1
0.5854995586038647 1
