
 0.525
 0.512
 0.504
 0.496
 0.442
 0.520
 0.566
 0.547
 0.497
 0.519
 0.521
 0.473
 0.570
 0.495
 0.517
 0.547
 0.520
 0.506
 0.464
 0.517
 0.506
 0.580
 0.492
 0.511
 0.503
 0.499
 0.483
 0.529
 0.480
 0.529
 0.519
 0.508
 0.554
 0.489
 0.521
 0.515
 0.485
 0.528
 0.509
 0.518
 0.497
 0.546
 0.511
 0.475
 0.507
 0.521
 0.555
 0.513
 0.492
 0.544
 0.542
 0.553
 0.532
 0.514
 0.526
 0.498
 0.515
 0.535
 0.491
 0.523
 0.549
 0.494
 0.526
 0.518
 0.511
 0.525
 0.545
 0.508
 0.532
 0.526
 0.471
 0.468
 0.464
 0.518
 0.484
 0.506
 0.512
 0.523
 0.506
 0.537
 0.470
 0.487
 0.522
 0.484
 0.536
 0.536
 0.579
 0.517
 0.529
 0.508
 0.538
 0.522
 0.543
 0.506
 0.584
 0.577
 0.496
 0.465
 0.542
 0.537
 0.512
 0.479
 0.506
 0.524
 0.552
 0.515
 0.500
 0.514
 0.585
 0.513
 0.478
 0.483
 0.539
 0.510
 0.510
 0.502
 0.524
 0.557
 0.556
 0.541
 0.577
 0.474
 0.556
 0.517
 0.512
 0.573
 0.526
 0.472
 0.503
 0.493
 0.492
 0.482
 0.505
 0.510
 0.516
 0.528
 0.513
 0.561
 0.516
 0.476
 0.551
 0.505
 0.487
 0.505
 0.542
 0.514
 0.495
 0.445
 0.561
 0.533
 0.535
 0.527
 0.527
 0.491
 0.502
 0.497
 0.527
 0.554
 0.568
 0.534
 0.516
 0.485
 0.485
 0.505
 0.475
 0.537
 0.513
 0.508
 0.527
 0.494
 0.513
 0.494
 0.507
 0.491
 0.504
 0.507
 0.488
 0.547
 0.550
 0.541
 0.536
 0.465
 0.460
 0.495
 0.524
 0.448
 0.482
 0.525
 0.519
 0.482
 0.460
 0.505
 0.429
 0.510
 0.504
 0.513
 0.528
 0.461
 0.485
 0.529

