
 0.512
 0.600
 0.615
 0.621
 0.625
 0.624
 0.636
 0.652
 0.654
 0.653
 0.642
 0.663
 0.686
 0.723
 0.727
 0.726
 0.726
 0.726
 0.726
 0.726
 0.726
 0.726
 0.726
 0.726
 0.726
 0.726
 0.726
 0.726
 0.726
 0.726
 0.726
 0.726
 0.726
 0.726
 0.726
 0.726
 0.726
 0.726
 0.726
 0.726
 0.726
 0.726
 0.726
 0.726
 0.726
 0.726
 0.726
 0.726
 0.726
 0.726
 0.726
 0.726
 0.726
 0.726
 0.726
 0.726
 0.726
 0.726
 0.726
 0.726
 0.726
 0.726
 0.726
 0.726
 0.726
 0.726
 0.726
 0.726
 0.726
 0.726
 0.726
 0.726
 0.726
 0.726
 0.726
 0.726
 0.726
 0.726
 0.726
 0.726
 0.726
 0.726
 0.726
 0.726
 0.726
 0.726
 0.726
 0.726
 0.726
 0.726
 0.726
 0.726
 0.726
 0.726
 0.726
 0.726
 0.726
 0.726
 0.726
 0.726
 0.726
 0.726
 0.726
 0.726
 0.726
 0.726
 0.726
 0.726
 0.726
 0.726
 0.726
 0.726
 0.726
 0.726
 0.726
 0.726
 0.726
 0.726
 0.726
 0.726
 0.726
 0.726
 0.726
 0.726
 0.726
 0.726
 0.726
 0.726
 0.726
 0.726
 0.726
 0.726
 0.726
 0.726
 0.726
 0.726
 0.726
 0.726
 0.726
 0.726
 0.726
 0.726
 0.726
 0.726
 0.726
 0.726
 0.726
 0.726
 0.726
 0.726
 0.726
 0.726
 0.726
 0.726
 0.726
 0.726
 0.726
 0.726
 0.726
 0.726
 0.726
 0.726
 0.726
 0.726
 0.726
 0.726
 0.726
 0.726
 0.726
 0.726
 0.726
 0.726
 0.726
 0.726
 0.726
 0.726
 0.726
 0.726
 0.726
 0.726
 0.726
 0.726
 0.726
 0.726
 0.726
 0.726
 0.726
 0.726
 0.726
 0.726
 0.726
 0.726
 0.726
 0.726
 0.726
 0.726
 0.726
 0.726
 0.726
 0.726

