
 0.463
 0.633
 0.679
 0.703
 0.717
 0.728
 0.731
 0.730
 0.733
 0.733
 0.733
 0.739
 0.734
 0.735
 0.733
 0.740
 0.740
 0.740
 0.740
 0.740
 0.740
 0.740
 0.740
 0.740
 0.740
 0.740
 0.740
 0.740
 0.740
 0.740
 0.740
 0.740
 0.740
 0.740
 0.740
 0.740
 0.740
 0.740
 0.740
 0.740
 0.740
 0.740
 0.740
 0.740
 0.740
 0.740
 0.740
 0.740
 0.740
 0.740
 0.740
 0.740
 0.740
 0.740
 0.740
 0.740
 0.740
 0.740
 0.740
 0.740
 0.740
 0.740
 0.740
 0.740
 0.740
 0.740
 0.740
 0.740
 0.740
 0.740
 0.740
 0.740
 0.740
 0.740
 0.740
 0.740
 0.740
 0.740
 0.740
 0.740
 0.740
 0.740
 0.740
 0.740
 0.740
 0.740
 0.740
 0.740
 0.740
 0.740
 0.740
 0.740
 0.740
 0.740
 0.740
 0.740
 0.740
 0.740
 0.740
 0.740
 0.740
 0.740
 0.740
 0.740
 0.740
 0.740
 0.740
 0.740
 0.740
 0.740
 0.740
 0.740
 0.740
 0.740
 0.740
 0.740
 0.740
 0.740
 0.740
 0.740
 0.740
 0.740
 0.740
 0.740
 0.740
 0.740
 0.740
 0.740
 0.740
 0.740
 0.740
 0.740
 0.740
 0.740
 0.740
 0.740
 0.740
 0.740
 0.740
 0.740
 0.740
 0.740
 0.740
 0.740
 0.740
 0.740
 0.740
 0.740
 0.740
 0.740
 0.740
 0.740
 0.740
 0.740
 0.740
 0.740
 0.740
 0.740
 0.740
 0.740
 0.740
 0.740
 0.740
 0.740
 0.740
 0.740
 0.740
 0.740
 0.740
 0.740
 0.740
 0.740
 0.740
 0.740
 0.740
 0.740
 0.740
 0.740
 0.740
 0.740
 0.740
 0.740
 0.740
 0.740
 0.740
 0.740
 0.740
 0.740
 0.740
 0.740
 0.740
 0.740
 0.740
 0.740
 0.740
 0.740
 0.740
 0.740
 0.740
 0.740

