
 4.800
 130.750
 4.770
 5.030
 5.410
 5.150
 6.240
 80.730
 5.390
 5.340
 5.520
 5.270
 4.770
 4.950
 5.310
 47.310
 5.620
 4.900
 4.900
 5.100
 7.480
 7.680
 5.070
 5.000
 374.580
 4.650
 10.190
 4.910
 5.450
 5.060
 5.240
 5.170
 5.130
 4.440
 39.050
 4.960
 4.940
 4.860
 4.910
 780.220
 4.990
 4.900
 5.200
 6.100
 4.990
 224.660
 4.860
 6.260
 4.910
 4.790
 531.280
 4.910
 5.050
 5.090
 144.850
 4.900
 4.690
 5.180
 4.790
 4.840
 4.800
 8.490
 5.110
 4.940
 88.480
 4.800
 8.420
 5.130
 202.640
 4.840
 39.070
 5.320
 5.680
 128.770
 4.860
 5.030
 5.210
 5.070
 5.060
 5.160
 4.930
 10.510
 5.090
 46.780
 6.700
 261.740
 4.930
 115.120
 4.830
 4.970
 5.140
 5.040
 5.080
 219.580
 489.540
 4.940
 81.290
 30.220
 5.250
 517.950

