13 0.04919772113752974
14 0.0739839257619942
15 0.7576365591576284
16 0.38156552651524744
17 0.24465525608007854
18 0.9263366145925452
19 0.5344841681327791
20 0.6078891120248029
21 0.2101939650844561
22 0.5137276206775654
23 0.30053149368220755
24 0.5454411582267457
25 0.9710424587801296
26 0.31372205153710264
27 0.28684419705602504
28 0.3241823291514089
29 0.043815669231577425
30 0.33877497032515225
31 0.18105838150547604
32 0.1683595424355453
33 0.2865401550583643
34 0.6409076445420516
35 0.7767761330393811
36 0.22300198840269547
37 0.19776921859918284
38 0.6412442252606417
39 0.8763875255127022
40 0.7621776037069052
41 0.6076897716382705
42 0.11720323551104272
43 0.8438341616925833
44 0.4911989035338382
45 0.7441614698527377
46 0.3842394699238202
47 0.6344930334113703
48 0.3746933996926045
49 0.7279177771760297
50 0.1943839307266756
1 0.06436217486949825
2 0.9079828237716717
3 0.24542749374428263
4 0.19768836952911684
5 0.8726610559744176
6 0.94661136127641
7 0.79910064265299
8 0.6950710322277884
9 0.7549313813449338
10 0.9242363877078515
11 0.30242374245613457
12 0.6123486931402535
