
 2.130
 2.040
 1.800
 1.750
 2.010
 2.100
 2.130
 1.820
 2.140
 1.960
 1.980
 1.840
 1.940
 2.080
 2.010
 1.990
 2.060
 2.080
 2.050
 2.150
 2.000
 1.930
 1.970
 1.760
 1.820
 1.880
 1.850
 2.100
 2.280
 2.000
 1.990
 1.860
 2.080
 1.850
 2.050
 1.840
 2.170
 2.030
 2.070
 1.970
 1.850
 1.870
 2.160
 1.790
 2.130
 2.030
 2.020
 1.930
 1.940
 2.280
 2.040
 1.870
 2.070
 1.990
 1.870
 1.880
 1.970
 2.190
 2.000
 1.890
 1.800
 1.950
 2.080
 1.940
 2.070
 2.130
 2.030
 2.240
 2.020
 1.930
 2.400
 1.910
 2.000
 1.980
 1.980
 2.160
 2.130
 1.920
 1.820
 2.140
 1.850
 1.760
 1.910
 2.250
 2.150
 2.050
 2.050
 1.950
 2.140
 1.990
 2.090
 2.010
 1.970
 2.110
 1.940
 2.180
 1.890
 1.960
 1.830
 1.960

