0.44420014736860963 1
0.4597333886102885 1
0.46085717079868693 1
0.4613275320446202 1
0.463847389044121 1
0.4680625421824133 1
0.4705838353954456 1
0.47569685040563686 1
0.47639645061330493 1
0.4777379343424933 1
0.4778906338727081 1
0.47799112845616976 1
0.47887425511863574 1
0.47960920501384224 1
0.48044963235989235 1
0.4811523095202471 1
0.482504715453387 1
0.48322068634549964 1
0.4833444509102338 1
0.48345734849075683 1
0.4843639574346916 1
0.48540316213373375 1
0.4855619645242104 1
0.4862359254078 1
0.4864179465224383 1
0.4869244020891033 1
0.4870520800548851 1
0.488374688086066 1
0.4892732069729281 1
0.4893599619761569 1
0.48936945056472525 1
0.48963940470186124 1
0.49026801428507377 1
0.49044854823598394 1
0.4906698116318073 1
0.4910639387112476 1
0.491189401994147 1
0.49232288681517716 1
0.49252449901651824 1
0.49411141686762505 1
0.4941775931611794 1
0.4944091569280075 1
0.49446489254671194 1
0.49650793440180263 1
0.49828272661377304 1
0.49846681520695824 1
0.49889685126674094 1
0.49913130136726963 1
0.5001813582687589 1
0.500284859402677 1
0.500830138791509 1
0.5013988940216049 1
0.5014674254322048 1
0.5021737897384074 1
0.502382856650989 1
0.5029103122445628 1
0.504141115048691 1
0.5051045687442461 1
0.5066341059548615 1
0.5075233295601265 1
0.5084375208187416 1
0.5084509480256707 1
0.5086741315059498 1
0.5088791797336232 1
0.5091673297312238 1
0.5092845812020559 1
0.5095246214610746 1
0.509772768018427 1
0.5104878336846395 1
0.5104982600774197 1
0.5109114952744427 1
0.5111014999207587 1
0.5112248666924412 1
0.5119379935896551 1
0.5122178095568132 1
0.5122357523766453 1
0.5138614979223174 1
0.5138626065381967 1
0.5148229458309368 1
0.5151952917169969 1
0.515259446520632 1
0.5156240608772155 1
0.5163998966202659 1
0.5165251929544814 1
0.5165752415082936 1
0.5171197219443215 1
0.5172937588338071 1
0.5177727690102389 1
0.517882636368781 1
0.5180744675913465 1
0.5182045448565468 1
0.5184475931648439 1
0.5186376316115632 1
0.5188833346192199 1
0.5189723283032968 1
0.5192106468525176 1
0.519278196231709 1
0.5193886796645355 1
0.5194648014971949 1
0.519507380049831 1
0.5195369590378223 1
0.5195817315259348 1
0.5198595797942183 1
0.5203565929541552 1
0.521943051710229 1
0.5220560707173498 1
0.5221408758064828 1
0.5225911227122287 1
0.5226976013020964 1
0.5238619347558586 1
0.5240926972058909 1
0.5241672887101697 1
0.5244460366122785 1
0.5252981431860737 1
0.5253221057162564 1
0.5257617110761719 1
0.5263673076507354 1
0.5266831978332855 1
0.5268324335813523 1
0.5273874448632249 1
0.5285797072687652 1
0.5293529122380337 1
0.5299175237134862 1
0.530211908179161 1
0.5302807080075541 1
0.5305737075424513 1
0.531125291310591 1
0.5314778174832279 1
0.5314904146208542 1
0.5318973326806418 1
0.531916840550687 1
0.5327245543649601 1
0.5329469398512487 1
0.5335895040089003 1
0.5339845041614608 1
0.5339889923782227 1
0.5344186300225487 1
0.534513636189438 1
0.5346583161083786 1
0.5359214965546192 1
0.5364421868235459 1
0.5369276700828194 1
0.5370146862423415 1
0.5387068630209487 1
0.5387317687592087 1
0.539286659708536 1
0.5399614182171724 1
0.5407735216988583 1
0.5413951400724202 1
0.542032918716462 1
0.5421795490577994 1
0.5433786268581207 1
0.5437435615621442 1
0.5441607501250245 1
0.5453554757657256 1
0.5458027141478253 1
0.5466981885881153 1
0.5473517313843592 1
0.5484378362350276 1
0.5492907782507193 1
0.5493233730789088 1
0.5501757599225959 1
0.5507615733752335 1
0.5514586973312471 1
0.5517650584076066 1
0.5524619145005552 1
0.5528601493943796 1
0.5536827173976172 1
0.5539859226759334 1
0.5541235619581367 1
0.5550669849359826 1
0.5552500779858489 1
0.5558918800978597 1
0.5563920076654909 1
0.5566686117454559 1
0.5576793896740466 1
0.5579291999309981 1
0.558084949056923 1
0.5591316310586412 1
0.5595503262057822 1
0.559562290627645 1
0.5612554957529807 1
0.5622998102929696 1
0.5623309955010047 1
0.563644948363897 1
0.564407980330307 1
0.5670132527581692 1
0.5683258045177496 1
0.5694656586820994 1
0.5700575410444145 1
0.5715124730167114 1
0.5718082037531046 1
0.5723402097902042 1
0.5757367217873582 1
0.5783880180292666 1
0.5801046760704118 1
0.5843060891125759 1
0.584483180505939 1
0.5960609282216908 1
0.6113960918087095 1
