21 0.00662752673324174
7 0.9473743377162975
0 0.13583067578264119
13 0.23224608447545125
16 0.06985236810373407
59 0.3527737200162777
97 0.40228956465380605
74 0.8063649084862127
44 0.8022485801995016
54 0.08245099397194855
31 0.4265492380812974
45 0.6140597824434457
40 0.18946466366647274
14 0.16911382030847355
85 0.930307393585823
43 0.7058812327729574
48 0.5136210520423294
64 0.27149355643929596
20 0.8572432626838302
71 0.9483740322623859
98 0.15785028228879006
55 0.9856782082204483
36 0.7166485895053839
1 0.989373592800937
2 0.21792500508596557
3 0.6376774794097593
99 0.28611961524492635
38 0.5595137004122224
50 0.864850115431916
78 0.9874975358590757
58 0.23084906734807553
62 0.6291555518720026
4 0.6090385126342917
5 0.8517609608773161
65 0.6165518704827155
47 0.17968847963475376
84 0.9933451496620683
81 0.6955565358827147
27 0.576900060769998
6 0.8027118043047191
41 0.8035993581864244
52 0.9929513765573106
28 0.34611268884575286
69 0.9288348498524164
61 0.42393053488066545
80 0.08309283017472835
8 0.444002773247961
22 0.793888310499277
72 0.283444843350375
92 0.09662440881159262
57 0.801722525406452
75 0.46326068417372746
18 0.8944416147918504
88 0.12320121871585754
25 0.30266330919938444
29 0.19691868423230274
9 0.12655297435675084
32 0.7301676640691743
53 0.891596855175407
63 0.576736521463203
79 0.2597860131249945
95 0.5235759578744381
15 0.24397957803695736
39 0.013620294917364606
56 0.4758677095797439
68 0.13882808685660375
42 0.5896950545839316
66 0.7336672053439609
34 0.6075272289912952
10 0.04342218396769293
76 0.6498203065637743
91 0.8745860458243926
90 0.9955684789123013
23 0.2970315068629348
26 0.004849528575594286
49 0.17370119644287818
94 0.6904370530257485
73 0.37256303432677274
17 0.9834507379778035
30 0.5414643093555803
93 0.4665619213742269
70 0.8248677428259751
96 0.830124486455666
86 0.7591504055870324
24 0.04709521509876724
87 0.8701350103478105
11 0.8795728419571001
12 0.374218849622999
37 0.08547612013471872
46 0.774515775391924
83 0.332069568182106
89 0.8409200060820164
19 0.35568406660465735
67 0.23723702293895887
77 0.8495768368129244
35 0.6479630438971395
51 0.13403724596040423
82 0.7027930829466048
60 0.14584191812915115
33 0.2660104812681261
