
 0.550
 0.481
 0.491
 0.529
 0.536
 0.518
 0.468
 0.553
 0.492
 0.532
 0.522
 0.518
 0.555
 0.487
 0.518
 0.559
 0.570
 0.510
 0.520
 0.500
 0.460
 0.520
 0.514
 0.541
 0.542
 0.501
 0.490
 0.551
 0.497
 0.544
 0.514
 0.508
 0.509
 0.554
 0.489
 0.545
 0.523
 0.517
 0.520
 0.547
 0.515
 0.483
 0.527
 0.519
 0.517
 0.517
 0.502
 0.511
 0.500
 0.554
 0.567
 0.557
 0.542
 0.507
 0.568
 0.512
 0.543
 0.490
 0.524
 0.519
 0.519
 0.537
 0.544
 0.512
 0.572
 0.536
 0.530
 0.515
 0.494
 0.478
 0.509
 0.534
 0.516
 0.498
 0.494
 0.539
 0.611
 0.508
 0.491
 0.484
 0.489
 0.499
 0.517
 0.501
 0.562
 0.531
 0.564
 0.478
 0.564
 0.471
 0.476
 0.578
 0.519
 0.548
 0.534
 0.535
 0.531
 0.490
 0.510
 0.515
 0.486
 0.539
 0.596
 0.524
 0.560
 0.499
 0.551
 0.483
 0.520
 0.509
 0.494
 0.524
 0.461
 0.558
 0.480
 0.572
 0.476
 0.549
 0.533
 0.483
 0.555
 0.444
 0.547
 0.533
 0.493
 0.511
 0.532
 0.584
 0.504
 0.541
 0.485
 0.502
 0.519
 0.526
 0.552
 0.546
 0.519
 0.529
 0.534
 0.537
 0.522
 0.530
 0.505
 0.556
 0.494
 0.569
 0.534
 0.489
 0.510
 0.483
 0.512
 0.524
 0.501
 0.526
 0.572
 0.562
 0.503
 0.520
 0.549
 0.535
 0.560
 0.558
 0.491
 0.576
 0.486
 0.509
 0.540
 0.527
 0.527
 0.558
 0.539
 0.479
 0.525
 0.554
 0.525
 0.584
 0.522
 0.488
 0.518
 0.531
 0.556
 0.531
 0.461
 0.511
 0.464
 0.508
 0.516
 0.519
 0.478
 0.523
 0.486
 0.552
 0.561
 0.487
 0.530
 0.498
 0.518
 0.480
 0.510
 0.580

