
 0.341
 0.457
 0.550
 0.599
 0.599
 0.612
 0.610
 0.610
 0.618
 0.618
 0.618
 0.618
 0.618
 0.618
 0.618
 0.618
 0.618
 0.618
 0.618
 0.618
 0.618
 0.618
 0.618
 0.618
 0.618
 0.618
 0.618
 0.618
 0.618
 0.618
 0.618
 0.618
 0.618
 0.618
 0.618
 0.618
 0.618
 0.618
 0.618
 0.618
 0.618
 0.618
 0.618
 0.618
 0.618
 0.618
 0.618
 0.618
 0.618
 0.618
 0.618
 0.618
 0.618
 0.618
 0.618
 0.618
 0.618
 0.618
 0.618
 0.618
 0.618
 0.618
 0.618
 0.618
 0.618
 0.618
 0.618
 0.618
 0.618
 0.618
 0.618
 0.618
 0.618
 0.618
 0.618
 0.618
 0.618
 0.618
 0.618
 0.618
 0.618
 0.618
 0.618
 0.618
 0.618
 0.618
 0.618
 0.618
 0.618
 0.618
 0.618
 0.618
 0.618
 0.618
 0.618
 0.618
 0.618
 0.618
 0.618
 0.618
 0.618
 0.618
 0.618
 0.618
 0.618
 0.618
 0.618
 0.618
 0.618
 0.618
 0.618
 0.618
 0.618
 0.618
 0.618
 0.618
 0.618
 0.618
 0.618
 0.618
 0.618
 0.618
 0.618
 0.618
 0.618
 0.618
 0.618
 0.618
 0.618
 0.618
 0.618
 0.618
 0.618
 0.618
 0.618
 0.618
 0.618
 0.618
 0.618
 0.618
 0.618
 0.618
 0.618
 0.618
 0.618
 0.618
 0.618
 0.618
 0.618
 0.618
 0.618
 0.618
 0.618
 0.618
 0.618
 0.618
 0.618
 0.618
 0.618
 0.618
 0.618
 0.618
 0.618
 0.618
 0.618
 0.618
 0.618
 0.618
 0.618
 0.618
 0.618
 0.618
 0.618
 0.618
 0.618
 0.618
 0.618
 0.618
 0.618
 0.618
 0.618
 0.618
 0.618
 0.618
 0.618
 0.618
 0.618
 0.618
 0.618
 0.618
 0.618
 0.618
 0.618
 0.618
 0.618
 0.618
 0.618
 0.618
 0.618
 0.618

