0.37424300609400923 1
0.3933790463141461 1
0.39924948312386277 1
0.43165112675442 1
0.44931955777212784 1
0.45816329337907463 1
0.48318881060511415 1
0.5082143278311537 1
0.5317722358547641 1
0.5465054484676135 1
0.5626872300867062 1
0.5671090978901796 1
0.5774204426995557 1
0.5906670059137901 1
0.592153655312405 1
0.5950698335210776 1
0.6127382645387853 1
0.6186467817408738 1
0.6215820001457321 1
0.6274714771516348 1
0.6407180403658691 1
0.6495617759728158 1
0.6539646035801034 1
0.6642759483894793 1
0.6686978161929527 1
0.6804767702047577 1
0.681944379407187 1
0.6848986380082311 1
0.6922366840203771 1
0.6981452012224655 1
0.714326982841558 1
0.7202355000436466 1
0.7246383276509338 1
0.7261059368533631 1
0.7275735460557923 1
0.7393525000675973 1
0.7423067586686416 1
0.7452419770734999 2
0.7658646666922517 1
0.767332275894681 1
0.7687618047047383 1
0.7702674942995393 1
0.7717351035019685 1
0.7791112299064861 1
0.7820464483113443 1
0.7864683161148178 1
0.787935925317247 1
0.7923577931207203 1
0.7938444425193354 1
0.7996958391328661 1
0.8041177069363395 1
0.8114747931446712 1
0.8129614425432864 1
0.817345229954388 1
0.8262080057575205 1
0.8276756149599497 1
0.8291622643585649 1
0.8320974827634231 1
0.8350517413644674 1
0.8365193505668964 1
0.8379869597693257 1
0.842408827572799 1
0.8453630861738434 1
0.8453821263700293 1
0.8453821263700294 1
0.8468306953762724 1
0.8601153389828786 2
0.864518166590166 2
0.864537206786352 4
0.8659857757925953 1
0.8660048159887813 1
0.8674533849950242 1
0.8674533849950243 3
0.8674724251912103 2
0.8689400343936394 2
0.8689590745898254 2
0.8689590745898255 1
0.8704076435960686 2
0.8704076435960687 1
0.8704266837922546 1
0.8718752527984976 1
0.8718752527984978 1
0.8718942929946836 1
0.8718942929946837 6
0.8733428620009269 1
0.8733619021971128 3
0.873361902197113 2
0.8733809423932988 1
0.8733809423932989 1
0.8748295113995419 1
0.8748295113995421 3
0.8748485515957278 1
0.8762971206019712 1
0.876316160798157 2
0.8763161607981571 5
0.8763161607981573 1
0.8777647298044003 2
0.8777837700005863 9
0.8777837700005864 1
0.8778028101967722 3
0.8792513792030153 7
0.8792513792030155 2
0.8792704193992013 7
0.8792704193992015 2
0.8806999482092586 1
0.8806999482092587 1
0.8807189884054445 3
0.8807189884054446 6
0.8807380286016304 2
0.8807380286016305 7
0.8821865976078737 2
0.8821865976078738 4
0.8822056378040596 3
0.8822056378040597 13
0.8822056378040598 1
0.8822246780002456 1
0.8836542068103028 2
0.8836732470064887 20
0.883673247006489 2
0.8836922872026747 2
0.8836922872026749 2
0.885121816012732 1
0.8851408562089179 4
0.885140856208918 9
0.8851598964051038 8
0.885159896405104 4
0.8866084654113471 5
0.8866084654113472 7
0.886627505607533 13
0.8866275056075331 24
0.8880760746137762 3
0.8880951148099621 3
0.8880951148099622 29
0.8880951148099624 5
0.8881141550061481 4
0.8881141550061483 1
0.8895436838162054 1
0.8895436838162055 1
0.8895627240123913 38
0.8895627240123914 6
0.8895817642085773 13
0.8895817642085774 8
0.8910303332148204 11
0.8910303332148206 16
0.8910493734110063 20
0.8910493734110065 25
0.8924979424172496 1
0.8924979424172497 7
0.8924979424172499 1
0.8925169826134355 8
0.8925169826134356 70
0.8925169826134358 2
0.8939655516196787 1
0.8939655516196788 2
0.8939845918158646 1
0.8939845918158648 65
0.8939845918158649 4
0.8940036320120507 4
0.8940036320120508 1
0.8954331608221079 1
0.8954522010182938 40
0.895452201018294 18
0.8954712412144797 19
0.89547124121448 12
0.896919810220723 14
0.8969198102207231 37
0.8969388504169089 25
0.896938850416909 39
0.8969388504169092 1
0.8983874194231521 1
0.8983874194231523 14
0.8983874194231524 1
0.8984064596193381 10
0.8984064596193382 98
0.8984064596193383 8
0.8984254998155241 3
0.8998550286255813 1
0.8998740688217671 1
0.8998740688217672 92
0.8998740688217675 23
0.8998931090179532 13
0.8998931090179534 5
0.9013416780241964 45
0.9013416780241965 34
0.9013607182203823 29
0.9013607182203824 45
0.9028092872266256 2
0.9028092872266257 19
0.9028092872266258 1
0.9028283274228115 19
0.9028283274228116 120
0.9042768964290546 1
0.9042768964290547 7
0.904276896429055 2
0.9042959366252407 170
0.9042959366252409 7
0.9043149768214266 5
0.9043149768214268 1
0.9057445056314839 2
0.9057635458276698 88
0.9057635458276699 39
0.9057825860238558 20
0.9057825860238559 16
0.9072311550300989 26
0.9072311550300991 44
0.9072501952262848 31
0.907250195226285 88
0.908698764232528 2
0.9086987642325282 18
0.908717804428714 7
0.9087178044287141 193
0.9087178044287143 3
0.9101663734349573 3
0.9101854136311431 1
0.9101854136311432 192
0.9101854136311434 17
0.9102044538273292 9
0.9102044538273293 4
0.9116530228335723 61
0.9116530228335725 51
0.9116720630297582 39
0.9116720630297585 37
0.9131206320360015 5
0.9131206320360016 28
0.9131206320360018 2
0.9131396722321874 28
0.9131396722321875 175
0.9131396722321877 1
0.9145882412384307 7
0.9146072814346166 5
0.9146072814346167 212
0.9146072814346168 5
0.9160748906370456 1
0.9160748906370457 117
0.916074890637046 34
0.9160939308332317 14
0.9160939308332319 2
0.9175424998394749 27
0.917542499839475 54
0.9175615400356608 37
0.9175615400356609 78
0.919010109041904 1
0.9190101090419042 10
0.91902914923809 10
0.9190291492380901 193
0.9190291492380902 2
0.920496758440519 4
0.9204967584405191 184
0.9204967584405194 18
0.9219643676429483 72
0.9219643676429484 44
0.9219834078391342 38
0.9219834078391344 10
0.9234319768453774 4
0.9234319768453776 18
0.9234510170415633 19
0.9234510170415635 89
0.9249186262439925 10
0.9249186262439926 182
0.9249186262439928 2
0.9263862354464217 114
0.9263862354464218 16
0.9278538446488508 16
0.927853844648851 21
0.9278728848450367 16
0.9278728848450369 9
0.9293404940474659 30
0.929340494047466 92
0.9308081032498952 98
0.9308081032498953 6
0.9322757124523242 22
0.9322757124523244 18
0.9337623618509393 10
0.9337623618509394 18
0.9352299710533686 68
0.9366975802557976 31
0.939651838856842 22
0.9411194480592711 12
0.9455413158627445 11
