
 0.374
 0.393
 0.399
 0.432
 0.449
 0.458
 0.483
 0.508
 0.532
 0.547
 0.567
 0.563
 0.577
 0.592
 0.595
 0.591
 0.622
 0.613
 0.619
 0.627
 0.650
 0.664
 0.641
 0.669
 0.654
 0.680
 0.682
 0.698
 0.685
 0.692
 0.725
 0.720
 0.714
 0.728
 0.726
 0.739
 0.745
 0.767
 0.742
 0.766
 0.770
 0.779
 0.745
 0.794
 0.782
 0.786
 0.772
 0.792
 0.788
 0.769
 0.813
 0.800
 0.804
 0.811
 0.826
 0.832
 0.817
 0.828
 0.838
 0.842
 0.845
 0.835
 0.847
 0.829
 0.837
 0.867
 0.882
 0.881
 0.867
 0.890
 0.867
 0.887
 0.870
 0.872
 0.888
 0.870
 0.884
 0.878
 0.895
 0.893
 0.865
 0.901
 0.890
 0.907
 0.872
 0.845
 0.901
 0.878
 0.887
 0.879
 0.900
 0.904
 0.897
 0.869
 0.906
 0.875
 0.894
 0.891
 0.900
 0.900
 0.879
 0.890
 0.897
 0.897
 0.898
 0.894
 0.882
 0.898
 0.890
 0.901
 0.897
 0.900
 0.888
 0.925
 0.890
 0.884
 0.887
 0.919
 0.915
 0.900
 0.903
 0.907
 0.887
 0.867
 0.898
 0.879
 0.910
 0.915
 0.931
 0.898
 0.909
 0.909
 0.920
 0.929
 0.920
 0.929
 0.920
 0.907
 0.925
 0.888
 0.912
 0.907
 0.894
 0.897
 0.887
 0.925
 0.913
 0.907
 0.897
 0.912
 0.891
 0.895
 0.906
 0.912
 0.887
 0.898
 0.885
 0.897
 0.906
 0.920
 0.891
 0.901
 0.912
 0.913
 0.919
 0.882
 0.895
 0.909
 0.888
 0.903
 0.904
 0.906
 0.893
 0.918
 0.873
 0.920
 0.918
 0.931
 0.887
 0.897
 0.910
 0.898
 0.907
 0.919
 0.931
 0.907
 0.919
 0.898
 0.901
 0.912
 0.860
 0.925
 0.887
 0.922
 0.913
 0.901
 0.897
 0.910
 0.895
 0.915
 0.904
 0.907
 0.919
 0.928
 0.897
 0.894
 0.913
 0.909
 0.912
 0.909
 0.900
 0.907
 0.915
 0.925
 0.904
 0.907
 0.912
 0.891
 0.909
 0.913
 0.913
 0.937
 0.932
 0.900
 0.919
 0.932
 0.923
 0.881
 0.872
 0.912
 0.916
 0.919
 0.904
 0.903
 0.897
 0.910
 0.925
 0.897
 0.901
 0.913
 0.928
 0.910
 0.909
 0.915
 0.910
 0.937
 0.891
 0.929
 0.910
 0.922
 0.907
 0.915
 0.906
 0.895
 0.900
 0.918
 0.925
 0.923
 0.910
 0.915
 0.913
 0.915
 0.910
 0.893
 0.925
 0.898
 0.904
 0.897
 0.910
 0.907
 0.890
 0.915
 0.925
 0.923
 0.916
 0.894
 0.893
 0.898
 0.910
 0.926
 0.920
 0.894
 0.887
 0.920
 0.909
 0.915
 0.916
 0.901
 0.934
 0.935
 0.907
 0.912
 0.926
 0.912
 0.928
 0.890
 0.898
 0.926
 0.912
 0.931
 0.915
 0.901
 0.904
 0.891
 0.920
 0.901
 0.918
 0.920
 0.909
 0.915
 0.909
 0.925
 0.913
 0.920
 0.929
 0.900
 0.897
 0.929
 0.898
 0.920
 0.929
 0.920
 0.898
 0.929
 0.900
 0.907
 0.898
 0.900
 0.903
 0.922
 0.906
 0.922
 0.898
 0.897
 0.915
 0.913
 0.919
 0.898
 0.925
 0.897
 0.904
 0.891
 0.901
 0.937
 0.895
 0.929
 0.915
 0.920
 0.895
 0.906
 0.907
 0.885
 0.904
 0.912
 0.903
 0.926
 0.915
 0.931
 0.919
 0.931
 0.907
 0.916
 0.920
 0.926
 0.898
 0.912
 0.910
 0.919
 0.904
 0.893
 0.907
 0.910
 0.920
 0.910
 0.897
 0.906
 0.919
 0.910
 0.898
 0.906
 0.920
 0.935
 0.918
 0.907
 0.900
 0.941
 0.915
 0.903
 0.935
 0.897
 0.897
 0.894
 0.923
 0.923
 0.915
 0.915
 0.898
 0.901
 0.895
 0.909
 0.929
 0.903
 0.937
 0.912
 0.923
 0.915
 0.926
 0.913
 0.904
 0.894
 0.904
 0.898
 0.903
 0.910
 0.897
 0.912
 0.904
 0.926
 0.929
 0.926
 0.929
 0.925
 0.888
 0.910
 0.900
 0.909
 0.919
 0.894
 0.923
 0.904
 0.903
 0.919
 0.910
 0.919
 0.894
 0.888
 0.909
 0.923
 0.925
 0.904
 0.903
 0.929
 0.926
 0.925
 0.898
 0.920
 0.906
 0.910
 0.912
 0.935
 0.915
 0.926
 0.922
 0.918
 0.925
 0.915
 0.928
 0.910
 0.918
 0.918
 0.893
 0.920
 0.898
 0.906
 0.916
 0.898
 0.907
 0.900
 0.915
 0.918
 0.920
 0.893
 0.929
 0.903
 0.922
 0.901
 0.931
 0.946
 0.897
 0.894
 0.909
 0.918
 0.909
 0.916
 0.918
 0.909
 0.912
 0.906
 0.898
 0.909
 0.907
 0.922
 0.897
 0.926
 0.919
 0.897
 0.907
 0.900
 0.925
 0.904
 0.900
 0.888
 0.895
 0.906
 0.915
 0.920
 0.929
 0.922
 0.881
 0.922
 0.907
 0.891
 0.931
 0.915
 0.910
 0.918
 0.907
 0.901
 0.900
 0.931
 0.882
 0.912
 0.904
 0.923
 0.919
 0.903
 0.919
 0.907
 0.912
 0.916
 0.898
 0.923
 0.909
 0.887
 0.915
 0.903
 0.919
 0.888
 0.891
 0.920
 0.897
 0.910
 0.916
 0.910
 0.909
 0.898
 0.922
 0.903
 0.912
 0.918
 0.913
 0.910
 0.926
 0.910
 0.881
 0.892
 0.904
 0.907
 0.913
 0.915
 0.893
 0.931
 0.895
 0.909
 0.907
 0.912
 0.920
 0.931
 0.923
 0.909
 0.904
 0.910
 0.901
 0.898
 0.931
 0.897
 0.916
 0.913
 0.916
 0.909
 0.898
 0.912
 0.893
 0.913
 0.923
 0.913
 0.916
 0.922
 0.925
 0.906
 0.909
 0.919
 0.904
 0.904
 0.906
 0.891
 0.909
 0.923
 0.915
 0.915
 0.910
 0.919
 0.919
 0.903
 0.904
 0.893
 0.904
 0.919
 0.916
 0.890
 0.915
 0.915
 0.925
 0.929
 0.904
 0.900
 0.916
 0.913
 0.929
 0.901
 0.887
 0.919
 0.913
 0.918
 0.926
 0.932
 0.904
 0.907
 0.940
 0.926
 0.900
 0.919
 0.932
 0.940
 0.894
 0.903
 0.903
 0.934
 0.893
 0.922
 0.918
 0.898
 0.904
 0.910
 0.907
 0.891
 0.907
 0.910
 0.918
 0.907
 0.909
 0.922
 0.918
 0.916
 0.912
 0.904
 0.887
 0.898
 0.913
 0.912
 0.900
 0.893
 0.891
 0.887
 0.890
 0.920
 0.901
 0.888
 0.920
 0.920
 0.915
 0.904
 0.910
 0.909
 0.916
 0.931
 0.906
 0.915
 0.923
 0.922
 0.912
 0.901
 0.912
 0.929
 0.916
 0.906
 0.913
 0.918
 0.919
 0.903
 0.913
 0.906
 0.901
 0.916
 0.912
 0.891
 0.916
 0.915
 0.894
 0.903
 0.907
 0.907
 0.915
 0.932
 0.919
 0.915
 0.906
 0.901
 0.926
 0.909
 0.916
 0.925
 0.918
 0.919
 0.915
 0.900
 0.907
 0.898
 0.910
 0.909
 0.885
 0.904
 0.901
 0.934
 0.898
 0.887
 0.907
 0.916
 0.900
 0.913
 0.891
 0.901
 0.915
 0.894
 0.920
 0.926
 0.909
 0.906
 0.910
 0.906
 0.920
 0.910
 0.925
 0.906
 0.897
 0.918
 0.912
 0.918
 0.928
 0.925
 0.898
 0.900
 0.907
 0.895
 0.907
 0.920
 0.873
 0.929
 0.897
 0.903
 0.928
 0.916
 0.920
 0.906
 0.935
 0.891
 0.903
 0.884
 0.929
 0.891
 0.894
 0.904
 0.904
 0.922
 0.901
 0.919
 0.920
 0.931
 0.912
 0.919
 0.916
 0.931
 0.920
 0.910
 0.946
 0.909
 0.918
 0.916
 0.912
 0.903
 0.912
 0.912
 0.920
 0.893
 0.920
 0.900
 0.922
 0.900
 0.925
 0.920
 0.904
 0.932
 0.894
 0.913
 0.920
 0.920
 0.910
 0.910
 0.909
 0.925
 0.890
 0.916
 0.923
 0.891
 0.903
 0.888
 0.916
 0.913
 0.932
 0.904
 0.901
 0.895
 0.901
 0.919
 0.888
 0.888
 0.919
 0.913
 0.918
 0.929
 0.916
 0.903
 0.916
 0.920
 0.910
 0.904
 0.918
 0.913
 0.915
 0.904
 0.900
 0.901
 0.903
 0.929
 0.906
 0.894
 0.906
 0.912
 0.913
 0.890
 0.919
 0.920
 0.898
 0.925
 0.892
 0.925
 0.919
 0.925
 0.937
 0.895
 0.910
 0.895
 0.918
 0.915
 0.915
 0.915
 0.891
 0.926
 0.895
 0.901
 0.920
 0.887
 0.925
 0.904
 0.909
 0.887
 0.910
 0.887
 0.918
 0.910
 0.913
 0.923
 0.920
 0.915
 0.898
 0.918
 0.915
 0.920
 0.910
 0.900
 0.913
 0.920
 0.923
 0.910
 0.929
 0.900
 0.925
 0.925
 0.909
 0.935
 0.935
 0.918
 0.909
 0.907
 0.888
 0.897
 0.898
 0.912
 0.904
 0.915
 0.900
 0.904
 0.931
 0.922
 0.925
 0.918
 0.898
 0.912
 0.869
 0.915
 0.910
 0.893
 0.882
 0.890
 0.900
 0.910
 0.895
 0.903
 0.922
 0.913
 0.913
 0.904
 0.940
 0.904
 0.920
 0.906
 0.922
 0.926
 0.900
 0.901
 0.940
 0.890
 0.901
 0.925
 0.912
 0.912
 0.937
 0.913
 0.904
 0.898
 0.901
 0.906
 0.918
 0.904
 0.926
 0.915
 0.922
 0.920
 0.887
 0.893
 0.890
 0.920
 0.903
 0.926
 0.903
 0.913
 0.909
 0.919
 0.913
 0.923
 0.923
 0.920
 0.915
 0.929
 0.918
 0.906
 0.909
 0.916
 0.918
 0.910
 0.916
 0.900
 0.907
 0.935
 0.940
 0.912
 0.919
 0.895
 0.891
 0.904
 0.925
 0.895
 0.875
 0.904
 0.903
 0.904
 0.941
 0.913
 0.891
 0.919
 0.915
 0.885
 0.900
 0.923
 0.919
 0.926
 0.876
 0.903
 0.907
 0.901
 0.910
 0.890
 0.897
 0.893
 0.903
 0.884
 0.935
 0.920
 0.906
 0.903
 0.901
 0.918
 0.907
 0.913
 0.901
 0.922
 0.913
 0.900
 0.907
 0.898
 0.928
 0.904
 0.906
 0.906
 0.885
 0.897
 0.910
 0.926
 0.906
 0.916
 0.895
 0.906
 0.919
 0.909
 0.929
 0.882
 0.903
 0.879
 0.934
 0.918
 0.926
 0.904
 0.923
 0.913
 0.901
 0.929
 0.940
 0.913
 0.901
 0.913
 0.898
 0.907
 0.916
 0.916
 0.920
 0.920
 0.928
 0.882
 0.925
 0.906
 0.920
 0.906
 0.920
 0.925
 0.926
 0.885
 0.926
 0.898
 0.901
 0.923
 0.923
 0.904
 0.910
 0.909
 0.916
 0.920
 0.931
 0.900
 0.898
 0.900
 0.918
 0.907
 0.922
 0.879
 0.928
 0.931
 0.912
 0.919
 0.920
 0.920
 0.915
 0.906
 0.901
 0.923
 0.910
 0.912
 0.900
 0.897
 0.913
 0.926
 0.915
 0.894
 0.929
 0.919
 0.920
 0.928
 0.898
 0.901
 0.893
 0.931
 0.890
 0.925
 0.922
 0.913
 0.913
 0.888
 0.929
 0.935
 0.915
 0.916
 0.907
 0.937
 0.904
 0.906
 0.932
 0.920
 0.898
 0.901
 0.870
 0.934
 0.903
 0.910
 0.913
 0.904
 0.907
 0.897
 0.903
 0.910
 0.910
 0.928
 0.895
 0.912
 0.906
 0.919
 0.922
 0.923
 0.918
 0.928
 0.922
 0.901
 0.893
 0.894
 0.897
 0.915
 0.920
 0.909
 0.898
 0.897
 0.910
 0.909
 0.895
 0.915
 0.915
 0.904
 0.919
 0.920
 0.893
 0.925
 0.925
 0.926
 0.916
 0.923
 0.913
 0.909
 0.898
 0.926
 0.932
 0.906
 0.897
 0.906
 0.865
 0.931
 0.915
 0.900
 0.900
 0.919
 0.923
 0.909
 0.910
 0.913
 0.916
 0.897
 0.900
 0.895
 0.884
 0.903
 0.897
 0.881
 0.893
 0.909
 0.909
 0.915
 0.926
 0.920
 0.904
 0.897
 0.895
 0.915
 0.909
 0.901
 0.885
 0.898
 0.920
 0.909
 0.931
 0.918
 0.907
 0.915
 0.926
 0.919
 0.897
 0.898
 0.906
 0.918
 0.923
 0.910
 0.907
 0.932
 0.913
 0.882
 0.909
 0.922
 0.913
 0.901
 0.920
 0.931
 0.931
 0.912
 0.931
 0.915
 0.915
 0.903
 0.922
 0.890
 0.918
 0.932
 0.916
 0.845
 0.894
 0.903
 0.922
 0.920
 0.891
 0.907
 0.893
 0.909
 0.904
 0.897
 0.885
 0.912
 0.918
 0.929
 0.920
 0.928
 0.907
 0.925
 0.900
 0.920
 0.915
 0.920
 0.920
 0.891
 0.904
 0.922
 0.916
 0.918
 0.910
 0.907
 0.915
 0.922
 0.925
 0.910
 0.909
 0.934
 0.906
 0.903
 0.890
 0.926
 0.909
 0.919
 0.901
 0.918
 0.907
 0.925
 0.920
 0.913
 0.935
 0.926
 0.935
 0.916
 0.920
 0.925
 0.916
 0.904
 0.907
 0.906
 0.926
 0.910
 0.910
 0.906
 0.926
 0.915
 0.893
 0.920
 0.887
 0.906
 0.919
 0.919
 0.907
 0.916
 0.920
 0.940
 0.909
 0.918
 0.926
 0.906
 0.920
 0.922
 0.901
 0.915
 0.909
 0.916
 0.929
 0.879
 0.915
 0.887
 0.901
 0.904
 0.923
 0.931
 0.890
 0.904
 0.910
 0.898
 0.937
 0.915
 0.906
 0.891
 0.926
 0.907
 0.920
 0.916
 0.906
 0.932
 0.915
 0.915
 0.915
 0.916
 0.928
 0.882
 0.915
 0.909
 0.894
 0.900
 0.922
 0.929
 0.909
 0.922
 0.906
 0.910
 0.913
 0.878
 0.900
 0.894
 0.907
 0.909
 0.931
 0.890
 0.925
 0.923
 0.922
 0.929
 0.904
 0.909
 0.900
 0.897
 0.910
 0.929
 0.891
 0.876
 0.934
 0.935
 0.934
 0.892
 0.918
 0.906
 0.922
 0.906
 0.925
 0.919
 0.887
 0.931
 0.932
 0.893
 0.925
 0.907
 0.909
 0.932
 0.915
 0.906
 0.918
 0.878
 0.898
 0.870
 0.898
 0.923
 0.910
 0.909
 0.910
 0.909
 0.907
 0.904
 0.918
 0.878
 0.915
 0.923
 0.901
 0.929
 0.913
 0.890
 0.912
 0.904
 0.907
 0.918
 0.923
 0.895
 0.900
 0.920
 0.903
 0.926
 0.881
 0.913
 0.903
 0.907
 0.925
 0.894
 0.925
 0.928
 0.901
 0.929
 0.932
 0.907
 0.926
 0.918
 0.915
 0.919
 0.919
 0.929
 0.925
 0.919
 0.913
 0.913
 0.913
 0.916
 0.910
 0.935
 0.928
 0.919
 0.925
 0.904
 0.895
 0.913
 0.920
 0.910
 0.925
 0.929
 0.918
 0.891
 0.903
 0.929
 0.915
 0.907
 0.922
 0.918
 0.919
 0.925
 0.907
 0.923
 0.904
 0.915
 0.898
 0.916
 0.916
 0.925
 0.903
 0.926
 0.901
 0.912
 0.890
 0.925
 0.907
 0.907
 0.915
 0.904
 0.907
 0.890
 0.932
 0.900
 0.915
 0.907
 0.937
 0.916
 0.916
 0.925
 0.897
 0.904
 0.901
 0.912
 0.901
 0.890
 0.922
 0.894
 0.894
 0.907
 0.906
 0.910
 0.897
 0.928
 0.923
 0.913
 0.916
 0.895
 0.910
 0.910
 0.940
 0.893
 0.946
 0.937
 0.909
 0.901
 0.929
 0.888
 0.935
 0.903
 0.925
 0.931
 0.909
 0.897
 0.918
 0.926
 0.910
 0.904
 0.900
 0.925
 0.918
 0.891
 0.907
 0.926
 0.926
 0.923
 0.912
 0.904
 0.919
 0.884
 0.881
 0.881
 0.894
 0.897
 0.882
 0.913
 0.925
 0.937
 0.901
 0.878
 0.913
 0.925
 0.929
 0.912
 0.904
 0.907
 0.922
 0.904
 0.915
 0.923
 0.925
 0.916
 0.919
 0.920
 0.897
 0.906
 0.901
 0.898
 0.913
 0.904
 0.882
 0.903
 0.878
 0.912
 0.923
 0.919
 0.909
 0.881
 0.901
 0.932
 0.923
 0.913
 0.934
 0.916
 0.909
 0.934
 0.915
 0.876
 0.931
 0.918
 0.919
 0.907
 0.926
 0.912
 0.913
 0.925
 0.895
 0.904
 0.895
 0.904
 0.888
 0.925
 0.915
 0.912
 0.918
 0.882
 0.922
 0.893
 0.893
 0.909
 0.875
 0.904
 0.912
 0.931
 0.916
 0.915
 0.915
 0.915
 0.918
 0.922
 0.893
 0.909
 0.912
 0.934
 0.929
 0.901
 0.909
 0.897
 0.910
 0.912
 0.925
 0.918
 0.925
 0.876
 0.923
 0.920
 0.929
 0.888
 0.904
 0.906
 0.913
 0.910
 0.918
 0.913
 0.929
 0.909
 0.931
 0.887
 0.901
 0.910
 0.900
 0.922
 0.918
 0.925
 0.887
 0.916
 0.926
 0.898
 0.920
 0.923
 0.916
 0.903
 0.916
 0.910
 0.888
 0.915
 0.904
 0.891
 0.923
 0.923
 0.867
 0.919
 0.920
 0.897
 0.910
 0.919
 0.906
 0.923
 0.865
 0.900
 0.932
 0.903
 0.894
 0.925
 0.915
 0.919
 0.904
 0.891
 0.893
 0.909
 0.912
 0.923
 0.912
 0.918
 0.903
 0.903
 0.903
 0.925
 0.901
 0.893
 0.912
 0.901
 0.918
 0.922
 0.904
 0.906
 0.929
 0.922
 0.901
 0.906
 0.920
 0.926
 0.919
 0.909
 0.904
 0.912
 0.925
 0.907
 0.912
 0.935
 0.912
 0.903
 0.879
 0.919
 0.916
 0.895
 0.913
 0.922
 0.926
 0.918
 0.913
 0.929
 0.920
 0.907
 0.907
 0.931
 0.916
 0.925
 0.910
 0.928
 0.900
 0.903
 0.913
 0.918
 0.922
 0.919
 0.915
 0.904
 0.915
 0.900
 0.934
 0.909
 0.913
 0.919
 0.920
 0.922
 0.926
 0.900
 0.904
 0.910
 0.901
 0.931
 0.897
 0.919
 0.903
 0.898
 0.906
 0.907
 0.882
 0.893
 0.916
 0.890
 0.912
 0.897
 0.923
 0.918
 0.919
 0.912
 0.919
 0.903
 0.926
 0.891
 0.926
 0.900
 0.937
 0.907
 0.925
 0.935
 0.910
 0.915
 0.891
 0.907
 0.922
 0.894
 0.912
 0.919
 0.906
 0.892
 0.922
 0.885
 0.920
 0.910
 0.906
 0.909
 0.909
 0.912
 0.898
 0.923
 0.903
 0.906
 0.913
 0.941
 0.919
 0.913
 0.909
 0.913
 0.915
 0.909
 0.913
 0.919
 0.907
 0.916
 0.929
 0.912
 0.915
 0.901
 0.925
 0.909
 0.892
 0.913
 0.920
 0.894
 0.919
 0.923
 0.916
 0.928
 0.925
 0.891
 0.919
 0.875
 0.931
 0.901
 0.910
 0.906
 0.931
 0.935
 0.913
 0.906
 0.891
 0.912
 0.909
 0.904
 0.903
 0.929
 0.906
 0.903
 0.913
 0.890
 0.901
 0.923
 0.904
 0.904
 0.922
 0.916
 0.907
 0.876
 0.906
 0.919
 0.890
 0.922
 0.918
 0.897
 0.918
 0.922
 0.904
 0.926
 0.925
 0.906
 0.910
 0.915
 0.907
 0.925
 0.919
 0.900
 0.919
 0.931
 0.891
 0.923
 0.907
 0.925
 0.912
 0.903
 0.894
 0.929
 0.893
 0.916
 0.915
 0.919
 0.920
 0.916
 0.920
 0.879
 0.904
 0.879
 0.913
 0.919
 0.894
 0.916
 0.913
 0.888
 0.909
 0.900
 0.897
 0.931
 0.915
 0.890
 0.919
 0.913
 0.935
 0.935
 0.922
 0.931
 0.918
 0.928
 0.900
 0.901
 0.928
 0.925
 0.918
 0.912
 0.931
 0.918
 0.915
 0.928
 0.891
 0.912
 0.915
 0.918
 0.910
 0.869
 0.913
 0.898
 0.915
 0.913
 0.893
 0.919
 0.893
 0.920
 0.934
 0.904
 0.918
 0.915
 0.922
 0.920
 0.929
 0.909
 0.925
 0.903
 0.898
 0.913
 0.898
 0.898
 0.937
 0.907
 0.934
 0.920
 0.925
 0.929
 0.906
 0.919
 0.898
 0.906
 0.891
 0.940
 0.912
 0.909
 0.882
 0.915
 0.907
 0.910
 0.919
 0.913
 0.926
 0.898
 0.931
 0.920
 0.897
 0.916
 0.906
 0.935
 0.893
 0.916
 0.881
 0.919
 0.900
 0.919
 0.903
 0.903
 0.926
 0.940
 0.907
 0.913
 0.920
 0.915
 0.913
 0.909
 0.915
 0.904
 0.918
 0.916
 0.922
 0.909
 0.909
 0.909
 0.940
 0.931
 0.910
 0.916
 0.915
 0.909
 0.884
 0.909
 0.926
 0.901
 0.913
 0.925
 0.901
 0.929
 0.915
 0.913
 0.888
 0.915
 0.918
 0.915
 0.907
 0.912
 0.919
 0.903
 0.903
 0.909
 0.916
 0.916
 0.913
 0.912
 0.929
 0.915
 0.923
 0.898
 0.893
 0.906
 0.910
 0.913
 0.923
 0.901
 0.919
 0.922
 0.915
 0.929
 0.893
 0.901
 0.923
 0.925
 0.882
 0.903
 0.919
 0.940
 0.906
 0.915
 0.898
 0.904
 0.923
 0.916
 0.919
 0.931
 0.900
 0.906
 0.920
 0.919
 0.887
 0.937
 0.885
 0.912
 0.913
 0.922
 0.925
 0.895
 0.925
 0.923
 0.898
 0.922
 0.920
 0.903
 0.901
 0.907
 0.900
 0.912
 0.912
 0.935
 0.912
 0.915
 0.928
 0.910
 0.915
 0.913
 0.909
 0.904
 0.906
 0.891
 0.913
 0.901
 0.919
 0.915
 0.922
 0.929
 0.919
 0.907
 0.919
 0.909
 0.885
 0.929
 0.920
 0.907
 0.916
 0.919
 0.878
 0.931
 0.898
 0.915
 0.916
 0.904
 0.919
 0.900
 0.897
 0.907
 0.916
 0.931
 0.925
 0.913
 0.913
 0.934
 0.926
 0.931
 0.915
 0.925
 0.910
 0.912
 0.898
 0.923
 0.918
 0.913
 0.920
 0.882
 0.906
 0.913
 0.901
 0.916
 0.923
 0.904
 0.909
 0.925
 0.915
 0.910
 0.901
 0.887
 0.903
 0.909
 0.901
 0.891
 0.916
 0.931
 0.894
 0.919
 0.934
 0.894
 0.922
 0.919
 0.882
 0.918
 0.893
 0.904
 0.929
 0.893
 0.923
 0.903
 0.919
 0.891
 0.913
 0.928
 0.898
 0.906
 0.915
 0.919
 0.915
 0.925
 0.940
 0.891
 0.913
 0.906
 0.894
 0.928
 0.912
 0.909
 0.912
 0.903
 0.913
 0.900
 0.901
 0.904
 0.912
 0.910
 0.923
 0.900
 0.891
 0.918
 0.929
 0.931
 0.919
 0.923
 0.922
 0.915
 0.925
 0.919
 0.900
 0.898
 0.901
 0.915
 0.920
 0.909
 0.919
 0.923
 0.909
 0.895
 0.893
 0.931
 0.919
 0.923
 0.897
 0.919
 0.922
 0.913
 0.910
 0.918
 0.901
 0.920
 0.913
 0.915
 0.915
 0.885
 0.904
 0.935
 0.918
 0.906
 0.900
 0.922
 0.929
 0.931
 0.881
 0.919
 0.922
 0.906
 0.915
 0.901
 0.900
 0.900
 0.906
 0.897
 0.926
 0.890
 0.894
 0.907
 0.918
 0.920
 0.926
 0.918
 0.882
 0.900
 0.894
 0.918
 0.897
 0.865
 0.940
 0.897
 0.910
 0.901
 0.888
 0.907
 0.929
 0.900
 0.913
 0.919
 0.925
 0.920
 0.916
 0.912
 0.926
 0.923
 0.925
 0.920
 0.912
 0.891
 0.903
 0.925
 0.884
 0.904
 0.918
 0.893
 0.888
 0.900
 0.919
 0.910
 0.918
 0.909
 0.916
 0.916
 0.913
 0.929
 0.926
 0.913
 0.915
 0.923
 0.910
 0.907
 0.909
 0.919
 0.920
 0.901
 0.926
 0.912
 0.894
 0.910
 0.918
 0.918
 0.913
 0.925
 0.907
 0.915
 0.907
 0.897
 0.913
 0.926
 0.890
 0.913
 0.907
 0.923
 0.922
 0.903
 0.918
 0.925
 0.900
 0.915
 0.884
 0.890
 0.885
 0.920
 0.912
 0.909
 0.906
 0.906
 0.892
 0.913
 0.906
 0.937
 0.898
 0.910
 0.901
 0.907
 0.919
 0.890
 0.915
 0.898
 0.919
 0.928
 0.912
 0.919
 0.929
 0.910
 0.913
 0.907
 0.923
 0.903
 0.926
 0.895
 0.923
 0.909
 0.909
 0.916
 0.922
 0.922
 0.915
 0.910
 0.913
 0.892
 0.925
 0.923
 0.918
 0.900
 0.910
 0.918
 0.926
 0.909
 0.893
 0.915
 0.901
 0.878
 0.918
 0.922
 0.920
 0.901
 0.897
 0.900
 0.882
 0.937
 0.925
 0.915
 0.922
 0.923
 0.929
 0.935
 0.935
 0.915
 0.894
 0.898
 0.912
 0.916
 0.916
 0.900
 0.887
 0.912
 0.925
 0.888
 0.919
 0.907
 0.915
 0.890
 0.893
 0.920
 0.916
 0.912
 0.925
 0.891
 0.918
 0.900
 0.913
 0.915
 0.904
 0.918
 0.907
 0.892
 0.929
 0.919
 0.915
 0.916
 0.925
 0.929
 0.906
 0.910
 0.923
 0.910
 0.898
 0.915
 0.915
 0.897
 0.879
 0.897
 0.912
 0.912
 0.916
 0.912
 0.888
 0.904
 0.920
 0.918
 0.928
 0.919
 0.885
 0.903
 0.929
 0.915
 0.895
 0.929
 0.923
 0.946
 0.916
 0.906
 0.907
 0.915
 0.926
 0.895
 0.928
 0.920
 0.919
 0.920
 0.900
 0.920
 0.919
 0.922
 0.909
 0.897
 0.894
 0.897
 0.903
 0.887
 0.932
 0.890
 0.922
 0.919
 0.918
 0.919
 0.903
 0.910
 0.932
 0.919
 0.925
 0.901
 0.915
 0.909
 0.887
 0.865
 0.928
 0.926
 0.912
 0.912
 0.913
 0.903
 0.922
 0.925
 0.900
 0.913
 0.923
 0.887
 0.926
 0.903
 0.910
 0.919
 0.919
 0.923
 0.923
 0.918
 0.894
 0.894
 0.910
 0.918
 0.906
 0.941
 0.923
 0.887
 0.894
 0.922
 0.906
 0.918
 0.913
 0.925
 0.923
 0.900
 0.925
 0.915
 0.904
 0.922
 0.912
 0.909
 0.906
 0.909
 0.906
 0.925
 0.934
 0.920
 0.904
 0.925
 0.915
 0.913
 0.916
 0.928
 0.931
 0.900
 0.904
 0.925
 0.891
 0.915
 0.915
 0.898
 0.913
 0.906
 0.925
 0.922
 0.907
 0.915
 0.932
 0.909
 0.922
 0.916
 0.910
 0.879
 0.903
 0.935
 0.919
 0.925
 0.904
 0.879
 0.931
 0.909
 0.918
 0.904
 0.897
 0.915
 0.931
 0.913
 0.904
 0.901
 0.922
 0.900
 0.913
 0.900
 0.909
 0.901
 0.913
 0.923
 0.907
 0.901
 0.904
 0.901
 0.925
 0.919
 0.923
 0.912
 0.894
 0.898
 0.890
 0.904
 0.904
 0.913
 0.922
 0.923
 0.915
 0.922
 0.912
 0.895
 0.894
 0.925
 0.895
 0.920
 0.922
 0.906
 0.920
 0.931
 0.919
 0.895
 0.923
 0.913
 0.915
 0.885
 0.919
 0.920
 0.920
 0.893
 0.895
 0.935
 0.895
 0.922
 0.946
 0.913
 0.915
 0.909
 0.906
 0.904
 0.895
 0.926
 0.909
 0.926
 0.923
 0.918
 0.900
 0.915
 0.913
 0.898
 0.916
 0.898
 0.910
 0.900
 0.888
 0.913
 0.918
 0.929
 0.901
 0.897
 0.926
 0.915
 0.898
 0.900
 0.903
 0.913
 0.907
 0.887
 0.898
 0.869
 0.903
 0.915
 0.904
 0.919
 0.904
 0.910
 0.915
 0.906
 0.912
 0.904
 0.906
 0.910
 0.923
 0.925
 0.897
 0.909
 0.900
 0.904
 0.887
 0.916
 0.909
 0.918
 0.872
 0.918
 0.915
 0.884
 0.882
 0.907
 0.920
 0.897
 0.922
 0.931
 0.907
 0.913
 0.885
 0.907
 0.925
 0.907
 0.888
 0.931
 0.894
 0.890
 0.931
 0.900
 0.919
 0.887
 0.910
 0.898
 0.932
 0.910
 0.907
 0.925
 0.903
 0.867
 0.922
 0.919
 0.918
 0.890
 0.916
 0.920
 0.920
 0.898
 0.900
 0.920
 0.919
 0.915
 0.897
 0.925
 0.920
 0.928
 0.903
 0.885
 0.912
 0.903
 0.906
 0.906
 0.903
 0.909
 0.915
 0.920
 0.926
 0.926
 0.901
 0.897
 0.910
 0.912
 0.910
 0.893
 0.937
 0.901
 0.901
 0.928
 0.907
 0.912
 0.907
 0.907
 0.925
 0.903
 0.926
 0.919
 0.925
 0.913
 0.923
 0.907
 0.920
 0.923
 0.906
 0.925
 0.894
 0.946
 0.919
 0.903
 0.929
 0.901
 0.920
 0.920
 0.915
 0.910
 0.931
 0.897
 0.931
 0.929
 0.895
 0.935
 0.904
 0.890
 0.893
 0.913
 0.918
 0.912
 0.904
 0.903
 0.893
 0.916
 0.872
 0.912
 0.898
 0.934
 0.919
 0.918
 0.903
 0.897
 0.898
 0.918
 0.920
 0.897
 0.916
 0.885
 0.919
 0.918
 0.929
 0.894
 0.932
 0.906
 0.900
 0.915
 0.910
 0.922
 0.907
 0.912
 0.906
 0.910
 0.916
 0.909
 0.913
 0.904
 0.912
 0.935
 0.890
 0.913
 0.898
 0.909
 0.926
 0.946
 0.925
 0.915
 0.929
 0.897
 0.918
 0.928
 0.900
 0.922
 0.929
 0.923
 0.912
 0.935
 0.937
 0.904
 0.901
 0.885
 0.900
 0.934
 0.918
 0.916
 0.893
 0.910
 0.915
 0.919
 0.906
 0.925
 0.913
 0.893
 0.903
 0.895
 0.929
 0.913
 0.904
 0.925
 0.916
 0.906
 0.884
 0.903
 0.884
 0.897
 0.884
 0.920
 0.909
 0.928
 0.918
 0.910
 0.918
 0.926
 0.918
 0.929
 0.879
 0.915
 0.913
 0.894
 0.919
 0.903
 0.915
 0.900
 0.912
 0.918
 0.935
 0.916
 0.915
 0.916
 0.910
 0.922
 0.922
 0.909
 0.922
 0.898
 0.922
 0.907
 0.916
 0.900
 0.898
 0.907
 0.929
 0.901
 0.923
 0.925
 0.934
 0.910
 0.888
 0.912
 0.928
 0.912
 0.907
 0.906
 0.919
 0.923
 0.904
 0.912
 0.907
 0.903
 0.910
 0.890
 0.925
 0.891
 0.893
 0.915
 0.923
 0.935
 0.901
 0.897
 0.935
 0.935
 0.910
 0.919
 0.904
 0.931
 0.907
 0.920
 0.916
 0.912
 0.922
 0.909
 0.918
 0.931
 0.903
 0.879
 0.901
 0.888
 0.925
 0.925
 0.894
 0.923
 0.922
 0.891
 0.912
 0.904
 0.903
 0.915
 0.909
 0.890
 0.913
 0.922
 0.876
 0.901
 0.935
 0.926
 0.922
 0.898
 0.909
 0.913
 0.926
 0.926
 0.937
 0.907
 0.904
 0.907
 0.915
 0.912
 0.923
 0.913
 0.897
 0.906
 0.872
 0.915
 0.919
 0.888
 0.922
 0.922
 0.888
 0.904
 0.912
 0.904
 0.916
 0.922
 0.926
 0.912
 0.913
 0.923
 0.920
 0.918
 0.903
 0.919
 0.929
 0.894
 0.920
 0.895
 0.900
 0.922
 0.900
 0.913
 0.925
 0.898
 0.919
 0.913
 0.913
 0.895
 0.913
 0.910
 0.904
 0.928
 0.906
 0.893
 0.916
 0.893
 0.900
 0.894
 0.909
 0.929
 0.920
 0.897
 0.915
 0.916
 0.932
 0.898
 0.932
 0.894
 0.912
 0.929
 0.913
 0.916
 0.878
 0.916
 0.925
 0.925
 0.912
 0.922
 0.904
 0.898
 0.906
 0.916
 0.934
 0.903
 0.884
 0.910
 0.926
 0.918
 0.910
 0.897
 0.895
 0.940
 0.925
 0.910
 0.920
 0.912
 0.897
 0.925
 0.901
 0.907
 0.897
 0.906
 0.884
 0.903
 0.922
 0.895
 0.913
 0.931
 0.901
 0.920
 0.926
 0.931
 0.906
 0.916
 0.895
 0.923
 0.925
 0.901
 0.907
 0.912
 0.891
 0.901
 0.935
 0.928
 0.931
 0.907
 0.900
 0.910
 0.909
 0.909
 0.920
 0.897
 0.910
 0.918
 0.906
 0.903
 0.903
 0.929
 0.890
 0.903
 0.906
 0.918
 0.904
 0.915
 0.915
 0.913
 0.925
 0.903
 0.888
 0.910
 0.893
 0.912
 0.893
 0.925
 0.909
 0.909
 0.907
 0.898
 0.923
 0.919
 0.909
 0.916
 0.926
 0.919
 0.920
 0.915
 0.909
 0.919
 0.931
 0.888
 0.931
 0.941
 0.931
 0.910
 0.903
 0.910
 0.916
 0.910
 0.925
 0.910
 0.910
 0.910
 0.915
 0.928
 0.901
 0.901
 0.907
 0.919
 0.907
 0.895
 0.915
 0.890
 0.912
 0.913
 0.895
 0.929
 0.893
 0.916
 0.907
 0.923
 0.913
 0.920
 0.878
 0.897
 0.915
 0.910
 0.887
 0.906
 0.919
 0.918
 0.894
 0.935
 0.881
 0.932
 0.926
 0.895
 0.888
 0.913
 0.941
 0.906
 0.885
 0.897
 0.890
 0.909
 0.909
 0.910
 0.918
 0.907
 0.929
 0.916
 0.910
 0.935
 0.909
 0.920
 0.909
 0.920
 0.918
 0.910
 0.909
 0.916
 0.918
 0.926
 0.910
 0.894
 0.897
 0.913
 0.909
 0.941
 0.919
 0.909
 0.907
 0.906
 0.904
 0.918
 0.928
 0.915
 0.918
 0.907
 0.928
 0.925
 0.910
 0.929
 0.890
 0.904
 0.922
 0.940
 0.929
 0.904
 0.925
 0.928
 0.913
 0.925
 0.916
 0.919
 0.907
 0.898
 0.888
 0.901
 0.935
 0.912
 0.909
 0.912
 0.904
 0.918
 0.925
 0.872
 0.918
 0.919
 0.919
 0.923
 0.926
 0.926
 0.919
 0.946
 0.900
 0.920
 0.925
 0.919
 0.909
 0.910
 0.904
 0.910
 0.909
 0.912
 0.894
 0.915
 0.910
 0.931
 0.920
 0.901
 0.910
 0.904
 0.919
 0.907
 0.923
 0.909
 0.929
 0.897
 0.918
 0.922
 0.893
 0.909
 0.922
 0.929
 0.912
 0.909
 0.904
 0.912
 0.907
 0.922
 0.916
 0.925
 0.894
 0.904
 0.931
 0.922
 0.935
 0.926
 0.929
 0.913
 0.934
 0.909
 0.928
 0.906
 0.922
 0.912
 0.925
 0.922
 0.903
 0.900
 0.923
 0.901
 0.894
 0.915
 0.887
 0.913
 0.884
 0.906
 0.904
 0.909
 0.920
 0.910
 0.893
 0.918
 0.920
 0.890
 0.912
 0.894
 0.906
 0.922
 0.919
 0.923
 0.906
 0.928
 0.919
 0.913
 0.926
 0.900
 0.913
 0.910
 0.901
 0.897
 0.910
 0.915
 0.922
 0.932
 0.882
 0.891
 0.926
 0.904
 0.929
 0.906
 0.919
 0.893
 0.895
 0.903
 0.881
 0.895
 0.925
 0.898
 0.909
 0.912
 0.931
 0.887
 0.925
 0.913
 0.910
 0.913
 0.922
 0.906
 0.909
 0.909
 0.887
 0.910
 0.900
 0.906
 0.920
 0.928
 0.901
 0.900
 0.913
 0.925
 0.931
 0.925
 0.928
 0.907
 0.915
 0.910
 0.907
 0.910
 0.903
 0.901
 0.922
 0.904
 0.910
 0.900
 0.929
 0.891
 0.918
 0.915
 0.900
 0.912
 0.904
 0.909
 0.894
 0.918
 0.904
 0.929
 0.918
 0.890
 0.907
 0.915
 0.916
 0.895
 0.903
 0.898
 0.937
 0.920
 0.901
 0.903
 0.920
 0.910
 0.925
 0.903
 0.897
 0.910
 0.926
 0.918
 0.909
 0.910
 0.918
 0.885
 0.922
 0.940
 0.922
 0.932
 0.913
 0.909
 0.903
 0.915
 0.884
 0.931
 0.895
 0.909
 0.941
 0.929
 0.903
 0.904
 0.926
 0.931
 0.932
 0.916
 0.893
 0.875
 0.897
 0.897
 0.903
 0.893
 0.913
 0.919
 0.913
 0.909
 0.922
 0.915
 0.904
 0.912
 0.906
 0.887
 0.919
 0.906
 0.918
 0.923
 0.910
 0.888
 0.907
 0.946
 0.915
 0.913
 0.918
 0.891
 0.913
 0.912
 0.932
 0.925
 0.920
 0.895
 0.894
 0.897
 0.909
 0.920
 0.910
 0.937
 0.919
 0.901
 0.893
 0.904
 0.926
 0.926
 0.906
 0.909
 0.879
 0.910
 0.884
 0.895
 0.925
 0.910
 0.906
 0.915
 0.915
 0.923
 0.919
 0.913
 0.937
 0.935
 0.897
 0.918
 0.931
 0.918
 0.900
 0.904
 0.906
 0.935
 0.907
 0.913
 0.919
 0.922
 0.918
 0.915
 0.937
 0.891
 0.898
 0.926
 0.913
 0.919
 0.920
 0.913
 0.916
 0.918
 0.904
 0.920
 0.903
 0.918
 0.932
 0.929
 0.929
 0.919
 0.925
 0.916
 0.893
 0.931
 0.893
 0.887
 0.920
 0.904
 0.904
 0.915
 0.935
 0.922
 0.935
 0.916
 0.915
 0.919
 0.919
 0.918
 0.904
 0.909
 0.904
 0.913
 0.912
 0.937
 0.898
 0.913
 0.895
 0.895
 0.890
 0.919
 0.898
 0.891
 0.931
 0.890
 0.906
 0.903
 0.884
 0.893
 0.906
 0.906
 0.897
 0.898
 0.912
 0.935
 0.919
 0.893
 0.901
 0.916
 0.912
 0.909
 0.900
 0.897
 0.918
 0.903
 0.895
 0.872
 0.910
 0.912
 0.913
 0.866
 0.910
 0.890
 0.901
 0.893
 0.918
 0.909
 0.907
 0.907
 0.926
 0.918
 0.918
 0.910
 0.929
 0.916
 0.903
 0.912
 0.891
 0.929
 0.912
 0.903
 0.919
 0.895
 0.915
 0.916
 0.923
 0.906
 0.900
 0.910
 0.900
 0.888
 0.915
 0.912
 0.919
 0.912
 0.925
 0.909
 0.891
 0.907
 0.885
 0.909
 0.907
 0.913
 0.907
 0.901
 0.907
 0.907
 0.935
 0.919
 0.900
 0.909
 0.898
 0.890
 0.912
 0.895
 0.901
 0.894
 0.907
 0.920
 0.913
 0.898
 0.920
 0.918
 0.903
 0.925
 0.922
 0.900
 0.884
 0.915
 0.931
 0.910
 0.931
 0.919
 0.898
 0.929
 0.873
 0.919
 0.935
 0.920
 0.929
 0.918
 0.929
 0.923
 0.912
 0.913
 0.925
 0.887
 0.898
 0.918
 0.931
 0.912
 0.881
 0.922
 0.925
 0.909
 0.940
 0.922
 0.891
 0.912
 0.898
 0.903
 0.913
 0.900
 0.919
 0.912
 0.909
 0.918
 0.913
 0.926
 0.926
 0.928
 0.900
 0.901
 0.919
 0.922
 0.916
 0.916
 0.912
 0.935
 0.929
 0.903
 0.901
 0.884
 0.941
 0.900
 0.906
 0.922
 0.885
 0.881
 0.897
 0.895
 0.909
 0.920
 0.913
 0.913
 0.913
 0.923
 0.931
 0.910
 0.888
 0.919
 0.903
 0.909
 0.903
 0.890
 0.925
 0.891
 0.897
 0.890
 0.912
 0.919
 0.935
 0.910
 0.887
 0.920
 0.910
 0.907
 0.901
 0.920
 0.931
 0.937
 0.903
 0.904
 0.909
 0.900
 0.903
 0.903
 0.888
 0.926
 0.931
 0.910
 0.900
 0.909
 0.920
 0.913
 0.898
 0.904
 0.897
 0.904
 0.922
 0.915
 0.922
 0.922
 0.937
 0.925
 0.893
 0.904
 0.884
 0.909
 0.918
 0.895
 0.925
 0.873
 0.901
 0.903
 0.888
 0.901
 0.920
 0.913
 0.916
 0.887
 0.912
 0.919
 0.906
 0.919
 0.907
 0.906
 0.922
 0.907
 0.893
 0.913
 0.918
 0.910
 0.909
 0.901
 0.893
 0.923
 0.923
 0.895
 0.923
 0.909
 0.890
 0.897
 0.907
 0.913
 0.926
 0.916
 0.925
 0.915
 0.895
 0.898
 0.922
 0.900
 0.887
 0.900
 0.925
 0.897
 0.907
 0.919
 0.919
 0.935
 0.931
 0.925
 0.901
 0.915
 0.922
 0.937
 0.903
 0.913
 0.922
 0.920
 0.912
 0.895
 0.923
 0.934
 0.929
 0.925
 0.915
 0.913
 0.916
 0.916
 0.920
 0.898
 0.916
 0.904
 0.916
 0.910
 0.900
 0.916
 0.898
 0.929
 0.913
 0.918
 0.901
 0.919
 0.912
 0.904
 0.910
 0.891
 0.920
 0.925
 0.903
 0.912
 0.912
 0.909
 0.935
 0.915
 0.909
 0.941
 0.903
 0.906
 0.884
 0.898
 0.906
 0.898
 0.910
 0.926
 0.910
 0.909
 0.904
 0.907
 0.925
 0.923
 0.913
 0.935
 0.937
 0.931
 0.906
 0.922
 0.919
 0.893
 0.923
 0.918
 0.913
 0.909
 0.910
 0.893
 0.923
 0.907
 0.907
 0.909
 0.922
 0.909
 0.891
 0.887
 0.919
 0.873
 0.910
 0.907
 0.913
 0.909
 0.888
 0.909
 0.897
 0.909
 0.898
 0.912
 0.929
 0.920
 0.906
 0.913
 0.901
 0.934
 0.903
 0.898
 0.922
 0.929
 0.890
 0.923
 0.907
 0.919
 0.894
 0.910
 0.898
 0.906
 0.904
 0.907
 0.895
 0.916
 0.931
 0.907
 0.901
 0.920
 0.918
 0.913
 0.897
 0.909
 0.919
 0.907
 0.918
 0.925
 0.910
 0.925
 0.901
 0.923
 0.925
 0.898
 0.919
 0.884
 0.913
 0.915
 0.929
 0.910
 0.918
 0.929
 0.926
 0.931
 0.913
 0.890
 0.907
 0.910
 0.913
 0.906
 0.910
 0.918
 0.888
 0.913
 0.906
 0.913
 0.931
 0.903
 0.931
 0.920
 0.891
 0.926
 0.913
 0.912
 0.918
 0.906
 0.904
 0.918
 0.920
 0.876
 0.895
 0.912
 0.923
 0.922
 0.895
 0.894
 0.916
 0.904
 0.910
 0.913
 0.907
 0.909
 0.915
 0.904
 0.910
 0.890
 0.906
 0.878
 0.923
 0.907
 0.904
 0.881
 0.895
 0.916
 0.916
 0.909
 0.918
 0.925
 0.891
 0.901
 0.925
 0.897
 0.904
 0.923
 0.926
 0.915
 0.913
 0.916
 0.903
 0.890
 0.898
 0.935
 0.879
 0.920
 0.909
 0.898
 0.885
 0.934
 0.915
 0.898
 0.895
 0.903
 0.913
 0.909
 0.918
 0.915
 0.909
 0.909
 0.909
 0.935
 0.925
 0.910
 0.931
 0.920
 0.913
 0.928
 0.928
 0.923
 0.922
 0.893
 0.907
 0.913
 0.931
 0.906
 0.884
 0.925
 0.920
 0.935
 0.906
 0.904
 0.915
 0.919
 0.918
 0.904
 0.919
 0.906
 0.926
 0.904
 0.925
 0.910
 0.903
 0.903
 0.935
 0.919
 0.922
 0.904
 0.931
 0.937
 0.918
 0.913
 0.898
 0.918
 0.890
 0.895
 0.941
 0.919
 0.898
 0.926
 0.894
 0.932
 0.929
 0.920
 0.900
 0.929
 0.928
 0.913
 0.910
 0.932
 0.928
 0.882
 0.904
 0.888
 0.906
 0.932
 0.925
 0.913
 0.922
 0.912
 0.906
 0.909
 0.925
 0.897
 0.910
 0.909
 0.926
 0.915
 0.913
 0.895
 0.913
 0.918
 0.940
 0.900
 0.865
 0.909
 0.901
 0.907
 0.919
 0.903
 0.935
 0.873
 0.913
 0.891
 0.916
 0.922
 0.885
 0.893
 0.897
 0.929
 0.946
 0.895
 0.932
 0.925
 0.903
 0.907
 0.912
 0.904
 0.935
 0.894
 0.923
 0.904
 0.926
 0.897
 0.912
 0.928
 0.931
 0.923
 0.893
 0.910
 0.922
 0.912
 0.912
 0.925
 0.912
 0.915
 0.909
 0.922
 0.920
 0.907
 0.920
 0.907
 0.873
 0.919
 0.910
 0.878
 0.904
 0.918
 0.928
 0.901
 0.898
 0.922
 0.915
 0.922
 0.897
 0.919
 0.929
 0.928
 0.920
 0.904
 0.915
 0.913
 0.926
 0.906
 0.926
 0.932
 0.919
 0.920
 0.895
 0.925
 0.935
 0.901
 0.935
 0.893
 0.919
 0.931
 0.881
 0.881
 0.922
 0.901
 0.909
 0.925
 0.897
 0.920
 0.909
 0.878
 0.894
 0.910
 0.893
 0.893
 0.888
 0.903
 0.931
 0.909
 0.923
 0.920
 0.903
 0.918
 0.913
 0.916
 0.909
 0.915
 0.904
 0.909
 0.910
 0.912
 0.900
 0.898
 0.925
 0.906
 0.912
 0.915
 0.900
 0.909
 0.890
 0.894
 0.907
 0.926
 0.920
 0.901
 0.907
 0.912
 0.928
 0.913
 0.915
 0.931
 0.898
 0.926
 0.913
 0.926
 0.913
 0.918
 0.932
 0.884
 0.915
 0.910
 0.910
 0.916
 0.894
 0.866
 0.929
 0.916
 0.895
 0.920
 0.894
 0.898
 0.916
 0.919
 0.909
 0.904
 0.907
 0.901
 0.913
 0.910
 0.904
 0.909
 0.946
 0.910
 0.898
 0.919
 0.909
 0.913
 0.910
 0.910
 0.907
 0.920
 0.906
 0.901
 0.903
 0.904
 0.919
 0.901
 0.916
 0.925
 0.928
 0.912
 0.898
 0.894
 0.909
 0.925
 0.923
 0.918
 0.906
 0.895
 0.909
 0.901
 0.934
 0.894
 0.903
 0.918
 0.904
 0.912
 0.904
 0.913
 0.926
 0.910
 0.891
 0.898
 0.904
 0.916
 0.906
 0.888
 0.891
 0.918
 0.925
 0.895
 0.919
 0.913
 0.925
 0.903
 0.934
 0.940
 0.904
 0.918
 0.916
 0.895
 0.918
 0.901
 0.915
 0.879
 0.925
 0.928
 0.901
 0.912
 0.909
 0.895
 0.931
 0.903
 0.920
 0.894
 0.919
 0.913
 0.909
 0.929
 0.897
 0.891
 0.891
 0.910
 0.918
 0.895
 0.898
 0.922
 0.909
 0.926
 0.881
 0.918
 0.910
 0.922
 0.920
 0.903
 0.904
 0.920
 0.910
 0.904
 0.907
 0.920
 0.890
 0.912
 0.922
 0.916
 0.918
 0.909
 0.918
 0.916
 0.918
 0.932
 0.901
 0.925
 0.923
 0.915
 0.912
 0.918
 0.922
 0.903
 0.929
 0.891
 0.918
 0.935
 0.907
 0.876
 0.919
 0.913
 0.918
 0.903
 0.923
 0.898
 0.915
 0.901
 0.890
 0.916
 0.920
 0.900
 0.904
 0.909
 0.910
 0.919
 0.872
 0.912
 0.891
 0.910
 0.913
 0.925
 0.916
 0.903
 0.892
 0.931
 0.926
 0.900
 0.884
 0.890
 0.909
 0.909
 0.907
 0.928
 0.900
 0.910
 0.916
 0.879
 0.906
 0.920
 0.919
 0.910
 0.926
 0.922
 0.922
 0.919
 0.916
 0.935
 0.926
 0.909
 0.918
 0.895
 0.915
 0.904
 0.931
 0.897
 0.929
 0.909
 0.923
 0.907
 0.926
 0.920
 0.913
 0.910
 0.922
 0.909
 0.901
 0.901
 0.926
 0.919
 0.922
 0.926
 0.923
 0.912
 0.918
 0.922
 0.910
 0.909
 0.923
 0.928
 0.926
 0.900
 0.920
 0.929
 0.915
 0.882
 0.918
 0.903
 0.916
 0.925
 0.937
 0.913
 0.912
 0.935
 0.919
 0.903
 0.913
 0.919
 0.920
 0.907
 0.926
 0.916
 0.895
 0.919
 0.903
 0.923
 0.910
 0.906
 0.913
 0.890
 0.900
 0.907
 0.915
 0.891
 0.909
 0.920
 0.925
 0.916
 0.918
 0.906
 0.910
 0.940
 0.926
 0.920
 0.922
 0.925
 0.888
 0.912
 0.907
 0.907
 0.909
 0.904
 0.907
 0.915
 0.935
 0.926
 0.926
 0.900
 0.916
 0.916
 0.901
 0.922
 0.913
 0.920
 0.900
 0.887
 0.893
 0.928
 0.922
 0.925
 0.901
 0.913
 0.920
 0.891
 0.920
 0.895
 0.891
 0.907
 0.915
 0.920
 0.922
 0.887
 0.919
 0.894
 0.920
 0.915
 0.901
 0.940
 0.925
 0.916
 0.906
 0.913
 0.906
 0.910
 0.913
 0.920
 0.920
 0.922
 0.903
 0.901
 0.909
 0.901
 0.922
 0.923
 0.918
 0.925
 0.897
 0.910
 0.906
 0.926
 0.894
 0.935
 0.915
 0.910
 0.891
 0.906
 0.912
 0.916
 0.926
 0.907
 0.903
 0.909
 0.923
 0.929
 0.904
 0.920
 0.910
 0.895
 0.910
 0.901
 0.895
 0.920
 0.895
 0.929
 0.916
 0.915
 0.900
 0.910
 0.903
 0.932
 0.929
 0.918
 0.929
 0.915
 0.890
 0.913
 0.907
 0.912
 0.913
 0.900
 0.912
 0.918
 0.925
 0.912
 0.910
 0.903
 0.906
 0.913
 0.913
 0.925
 0.925
 0.913
 0.926
 0.894
 0.920
 0.909
 0.895
 0.935
 0.941
 0.860
 0.912
 0.922
 0.893
 0.919
 0.910
 0.903
 0.895
 0.929
 0.900
 0.919
 0.909
 0.931
 0.912
 0.918
 0.922
 0.900
 0.913
 0.897
 0.922
 0.912
 0.912
 0.910
 0.919
 0.893
 0.915
 0.909
 0.890
 0.913
 0.904
 0.912
 0.906
 0.893
 0.900
 0.898
 0.925
 0.912
 0.900
 0.916
 0.915
 0.923
 0.931
 0.904
 0.929
 0.920
 0.928
 0.897
 0.904
 0.909
 0.910
 0.873
 0.906
 0.903
 0.916
 0.898
 0.901
 0.920
 0.929
 0.891
 0.898
 0.887
 0.903
 0.913
 0.918
 0.903
 0.909
 0.904
 0.894
 0.897
 0.910
 0.897
 0.907
 0.916
 0.901
 0.919
 0.903
 0.909
 0.915
 0.885
 0.910
 0.922
 0.906
 0.900
 0.919
 0.925
 0.915
 0.913
 0.897
 0.907
 0.920
 0.882
 0.907
 0.906
 0.918
 0.901
 0.913
 0.891
 0.916
 0.912
 0.928
 0.929
 0.915
 0.913
 0.898
 0.897
 0.925
 0.916
 0.913
 0.909
 0.920
 0.894
 0.915
 0.915
 0.920
 0.918
 0.935
 0.904
 0.904
 0.906
 0.904
 0.929
 0.904
 0.904
 0.876
 0.881
 0.919
 0.931
 0.898
 0.910
 0.910
 0.929
 0.926
 0.935
 0.884
 0.918
 0.903
 0.925
 0.928
 0.869
 0.910
 0.909
 0.907
 0.903
 0.887
 0.920
 0.931
 0.898
 0.918
 0.919
 0.912
 0.898
 0.906
 0.910
 0.915
 0.920
 0.887
 0.926
 0.916
 0.922
 0.903
 0.913
 0.922
 0.900
 0.915
 0.907
 0.910
 0.903
 0.922
 0.932
 0.925
 0.909
 0.922
 0.919
 0.898
 0.920
 0.931
 0.907
 0.907
 0.904
 0.920
 0.920
 0.934
 0.910
 0.916
 0.923
 0.926
 0.918
 0.918
 0.909
 0.931
 0.912
 0.931
 0.922
 0.904
 0.913
 0.920
 0.895
 0.909
 0.912
 0.922
 0.910
 0.878
 0.916
 0.919
 0.918
 0.919
 0.912
 0.918
 0.915
 0.901
 0.898
 0.906
 0.912
 0.925
 0.926
 0.890
 0.913
 0.901
 0.937
 0.916
 0.894

