
 0.456
 0.543
 0.576
 0.602
 0.602
 0.602
 0.602
 0.602
 0.602
 0.602
 0.602
 0.602
 0.602
 0.602
 0.602
 0.602
 0.602
 0.602
 0.602
 0.602
 0.602
 0.602
 0.602
 0.602
 0.602
 0.602
 0.602
 0.602
 0.602
 0.602
 0.602
 0.602
 0.602
 0.602
 0.602
 0.602
 0.602
 0.602
 0.602
 0.602
 0.602
 0.602
 0.602
 0.602
 0.602
 0.602
 0.602
 0.602
 0.602
 0.602
 0.602
 0.602
 0.602
 0.602
 0.602
 0.602
 0.602
 0.602
 0.602
 0.602
 0.602
 0.602
 0.602
 0.602
 0.602
 0.602
 0.602
 0.602
 0.602
 0.602
 0.602
 0.602
 0.602
 0.602
 0.602
 0.602
 0.602
 0.602
 0.602
 0.602
 0.602
 0.602
 0.602
 0.602
 0.602
 0.602
 0.602
 0.602
 0.602
 0.602
 0.602
 0.602
 0.602
 0.602
 0.602
 0.602
 0.602
 0.602
 0.602
 0.602
 0.602
 0.602
 0.602
 0.602
 0.602
 0.602
 0.602
 0.602
 0.602
 0.602
 0.602
 0.602
 0.602
 0.602
 0.602
 0.602
 0.602
 0.602
 0.602
 0.602
 0.602
 0.602
 0.602
 0.602
 0.602
 0.602
 0.602
 0.602
 0.602
 0.602
 0.602
 0.602
 0.602
 0.602
 0.602
 0.602
 0.602
 0.602
 0.602
 0.602
 0.602
 0.602
 0.602
 0.602
 0.602
 0.602
 0.602
 0.602
 0.602
 0.602
 0.602
 0.602
 0.602
 0.602
 0.602
 0.602
 0.602
 0.602
 0.602
 0.602
 0.602
 0.602
 0.602
 0.602
 0.602
 0.602
 0.602
 0.602
 0.602
 0.602
 0.602
 0.602
 0.602
 0.602
 0.602
 0.602
 0.602
 0.602
 0.602
 0.602
 0.602
 0.602
 0.602
 0.602
 0.602
 0.602
 0.602
 0.602
 0.602
 0.602
 0.602
 0.602
 0.602
 0.602
 0.602
 0.602
 0.602
 0.602
 0.602
 0.602

