0.4360656049584594 1
0.44095272757236065 1
0.44109672208737316 1
0.4458980243728892 1
0.44633132810125375 1
0.44889750886796365 1
0.455968481161305 1
0.45704731841922885 1
0.4572386343142515 1
0.4577058274623455 1
0.45906793338135077 1
0.46027899842952 1
0.46323757484375494 1
0.4632534667454874 1
0.4636718623082155 1
0.464513895478066 1
0.46460049114035973 1
0.4653983317508386 1
0.46636627928744295 1
0.4726105418458611 1
0.473067715913573 1
0.47327631467126197 1
0.47658693456516465 1
0.4777035958706179 1
0.47799812188791707 1
0.4787314267668449 1
0.47895424286273053 1
0.4813066809818211 1
0.4819014921190974 1
0.4824587136680739 1
0.4837337446239782 1
0.4839508092050061 1
0.4852914241249835 1
0.4860656947935793 1
0.48641042018062075 1
0.4864672505333905 1
0.4865769047935548 1
0.4867042545206436 1
0.4875455310634842 1
0.4880821390823186 1
0.48811367832371133 1
0.4886239152737229 1
0.4891220987513368 1
0.4894396488002301 1
0.4895112233303733 1
0.49094219776443054 1
0.49119274300618154 1
0.4914500096775548 1
0.4918533062076523 1
0.49215422423035 1
0.49253230804675285 1
0.4933874705172179 1
0.4937793342926086 1
0.49393586007985874 1
0.49426051423857137 1
0.49473498717309655 1
0.4950879881897582 1
0.4951939620019854 1
0.4953091217798373 1
0.49576400445188973 1
0.4960263369416263 1
0.4963904756151399 1
0.4966208110747166 1
0.49663705253341706 1
0.49669777379584146 1
0.496946092651909 1
0.49699583933028885 1
0.4970966453630703 1
0.4972248955861105 1
0.497461897189864 1
0.4975486738804924 1
0.4978548672606595 1
0.4982424183638712 1
0.498284974611025 1
0.4986592116554239 1
0.49872708105785774 1
0.49886253041488837 1
0.49949188115099163 1
0.5003406162997884 1
0.5003718930835693 1
0.5004056771854709 1
0.5006712617398137 1
0.5014589909485841 1
0.5015294238832156 1
0.5021381483479203 1
0.5023158721102703 1
0.5029315585898149 1
0.5033073772134905 1
0.5037337013951654 1
0.5037439998137163 1
0.5038078802114819 1
0.5046494269073234 1
0.5049083844031452 1
0.5054452824389474 1
0.5055477661127141 1
0.5055525211228524 1
0.5063110399648657 1
0.5071143935788462 1
0.5072612688419794 1
0.5077118865547255 1
0.5079415212064284 1
0.5083069428494382 1
0.5085631877753733 1
0.5087636045390959 1
0.5087801640215833 1
0.5088042566242365 1
0.5095664592995637 1
0.5099391212456414 1
0.5102507346904325 1
0.5103056482285662 1
0.5103296817002257 1
0.5109207608310617 1
0.5109317374906979 1
0.5117185348293789 1
0.512389777207132 1
0.5126242957902812 1
0.5127464766652627 1
0.5130121352984333 1
0.5138360967829946 1
0.5142122143836603 1
0.5146060818526237 1
0.5151149001151509 1
0.5152996958241453 1
0.5153084382191806 1
0.5153675888539345 1
0.5165860695395815 1
0.5167074640227546 1
0.5173425638943115 1
0.517689756322337 1
0.5177952965539272 1
0.5181363613692019 1
0.5182452167510353 1
0.5186897507717532 1
0.5187668395282006 1
0.5190476670395686 1
0.51917174045198 1
0.5197705731903041 1
0.5198674379198434 1
0.5205125044955766 1
0.5212336664451124 1
0.521485593968638 1
0.5221437917894962 1
0.5230414637539905 1
0.5230764844231175 1
0.5233220230125853 1
0.5234835568617728 1
0.5237609454653563 1
0.5247869117242447 1
0.5250026383277521 1
0.5253097112795335 1
0.5254275592073308 1
0.5256154668470703 1
0.5257795897478686 1
0.5258292603170429 1
0.5264902089016122 1
0.5271352456803436 1
0.5273315000402342 1
0.527514432823543 1
0.5278658045828242 1
0.529559852922879 1
0.5298178181744643 1
0.5310160351251436 1
0.532249808833624 1
0.5328823601671604 1
0.5330385075842499 1
0.5330606654348573 1
0.5341161679045104 1
0.5350617287328799 1
0.5352806058805707 1
0.5355627808925933 1
0.5357314269526859 1
0.5374015930464002 1
0.5377596775277135 1
0.5380461399192166 1
0.5385726053312214 1
0.5389348362636835 1
0.5391810659033124 1
0.5391867953032495 1
0.5397359203116076 1
0.5415201438427548 1
0.5415794422080635 1
0.5417928347862652 1
0.542223077150548 1
0.5430979968786301 1
0.5436547512271246 1
0.5443157861234161 1
0.5459298766726228 1
0.5461714090006028 1
0.5464803638831456 1
0.5479269316314065 1
0.5484167851700592 1
0.5535798788590265 1
0.5542803043098278 1
0.5562482131487901 1
0.5595369163545787 1
0.5629772593881657 1
0.565848419272412 1
0.5663133604007722 1
0.5688249661342479 1
0.5766342648123997 1
