
 0.531
 0.509
 0.518
 0.520
 0.535
 0.499
 0.528
 0.493
 0.515
 0.526
 0.509
 0.519
 0.499
 0.503
 0.487
 0.518
 0.554
 0.563
 0.505
 0.485
 0.436
 0.537
 0.515
 0.504
 0.513
 0.501
 0.518
 0.527
 0.560
 0.473
 0.491
 0.566
 0.482
 0.524
 0.566
 0.489
 0.523
 0.497
 0.506
 0.502
 0.491
 0.501
 0.517
 0.510
 0.457
 0.500
 0.465
 0.525
 0.515
 0.441
 0.569
 0.509
 0.497
 0.544
 0.506
 0.539
 0.500
 0.484
 0.577
 0.532
 0.465
 0.534
 0.449
 0.490
 0.528
 0.521
 0.499
 0.446
 0.523
 0.510
 0.504
 0.520
 0.482
 0.497
 0.517
 0.513
 0.498
 0.519
 0.513
 0.500
 0.502
 0.548
 0.511
 0.494
 0.530
 0.509
 0.492
 0.458
 0.497
 0.539
 0.510
 0.464
 0.473
 0.486
 0.539
 0.497
 0.463
 0.492
 0.477
 0.533
 0.479
 0.525
 0.489
 0.498
 0.496
 0.507
 0.488
 0.515
 0.441
 0.487
 0.546
 0.533
 0.491
 0.548
 0.502
 0.488
 0.536
 0.546
 0.554
 0.521
 0.533
 0.486
 0.489
 0.466
 0.498
 0.457
 0.478
 0.536
 0.499
 0.488
 0.556
 0.523
 0.493
 0.508
 0.497
 0.530
 0.542
 0.507
 0.543
 0.478
 0.542
 0.484
 0.497
 0.525
 0.463
 0.495
 0.498
 0.546
 0.486
 0.460
 0.504
 0.542
 0.456
 0.510
 0.514
 0.497
 0.538
 0.506
 0.535
 0.526
 0.522
 0.508
 0.503
 0.538
 0.459
 0.505
 0.519
 0.518
 0.514
 0.521
 0.495
 0.540
 0.495
 0.544
 0.517
 0.508
 0.526
 0.525
 0.494
 0.495
 0.526
 0.496
 0.505
 0.527
 0.542
 0.446
 0.479
 0.539
 0.494
 0.515
 0.523
 0.512
 0.511
 0.496
 0.481
 0.519
 0.510
 0.465
 0.512
 0.473

