
 0.522
 0.547
 0.550
 0.541
 0.562
 0.506
 0.503
 0.543
 0.527
 0.526
 0.532
 0.528
 0.487
 0.549
 0.565
 0.511
 0.537
 0.563
 0.571
 0.585
 0.549
 0.507
 0.549
 0.601
 0.546
 0.545
 0.586
 0.502
 0.540
 0.581
 0.556
 0.471
 0.562
 0.531
 0.549
 0.537
 0.557
 0.547
 0.541
 0.553
 0.580
 0.554
 0.561
 0.590
 0.533
 0.536
 0.551
 0.557
 0.562
 0.524
 0.581
 0.536
 0.565
 0.544
 0.554
 0.559
 0.526
 0.548
 0.551
 0.538
 0.526
 0.536
 0.565
 0.543
 0.569
 0.522
 0.557
 0.564
 0.555
 0.518
 0.611
 0.579
 0.524
 0.512
 0.508
 0.568
 0.526
 0.564
 0.511
 0.553
 0.526
 0.575
 0.566
 0.608
 0.534
 0.519
 0.543
 0.527
 0.535
 0.536
 0.560
 0.553
 0.545
 0.567
 0.479
 0.595
 0.576
 0.578
 0.513
 0.533
 0.548
 0.543
 0.553
 0.491
 0.580
 0.514
 0.540
 0.538
 0.534
 0.518
 0.537
 0.545
 0.495
 0.548
 0.588
 0.525
 0.542
 0.573
 0.585
 0.525
 0.544
 0.538
 0.616
 0.550
 0.553
 0.565
 0.554
 0.539
 0.570
 0.516
 0.577
 0.600
 0.564
 0.533
 0.513
 0.533
 0.552
 0.578
 0.545
 0.530
 0.526
 0.594
 0.516
 0.573
 0.527
 0.563
 0.539
 0.601
 0.518
 0.548
 0.615
 0.527
 0.580
 0.543
 0.521
 0.568
 0.541
 0.634
 0.514
 0.507
 0.564
 0.586
 0.582
 0.555
 0.590
 0.551
 0.615
 0.543
 0.556
 0.584
 0.573
 0.522
 0.563
 0.566
 0.589
 0.517
 0.620
 0.550
 0.554
 0.539
 0.543
 0.505
 0.559
 0.549
 0.512
 0.529
 0.593
 0.493
 0.556
 0.566
 0.548
 0.537
 0.571
 0.513
 0.520
 0.548
 0.499
 0.550
 0.539
 0.539

