0.4212969537810838 1
0.4500659679892125 1
0.4500676376158646 1
0.45157593241434696 1
0.45307498596513684 1
0.45392968179049964 1
0.4577382132025277 1
0.45846441121331727 1
0.4635613224895367 1
0.46429999079652085 1
0.4673248026146807 1
0.46732907839330395 1
0.4698602312754865 1
0.4717158576808486 1
0.4745533443425498 1
0.4776841776155456 1
0.47796620925348493 1
0.4783215460405091 1
0.4783293455471135 1
0.4784427819021323 1
0.4786514782044097 1
0.47953020155387965 1
0.47993041960751853 1
0.4800419052591701 1
0.48033310086979086 1
0.48083197229456887 1
0.481168877955133 1
0.48229602654647585 1
0.48264255198514067 1
0.4831711032423344 1
0.4836078555575765 1
0.48404460713172215 1
0.48508041556508724 1
0.48626105397002517 1
0.48636134054207353 1
0.48667041494263413 1
0.4879410408727765 1
0.4887042616262415 1
0.4888347872539437 1
0.48923461185154 1
0.4893989442017702 1
0.4895203539334529 1
0.48957258154378736 1
0.4897906735059954 1
0.4900026624627436 1
0.4900897540099851 1
0.4907567068108091 1
0.4913030424480307 1
0.49145308953845995 1
0.4915162743055707 1
0.49188203894354027 1
0.49277586247963723 1
0.49277657353958354 1
0.4935388586770027 1
0.4936820659096093 1
0.49368478253473447 1
0.4938057184375564 1
0.49412931324744813 1
0.4943840396146346 1
0.4946492246405979 1
0.49552347085148796 1
0.4959277466749291 1
0.495997489998912 1
0.49604828477562896 1
0.4963489498378839 1
0.49728922677389503 1
0.49745046669259063 1
0.4979268881989762 1
0.4980010982910754 1
0.498208451513703 1
0.4983042379994361 1
0.49902678320102983 1
0.49915181306272743 1
0.4992743593638172 1
0.4994265826936332 1
0.49946874074350034 1
0.4995736331674451 1
0.4998533323607588 1
0.5000502246395463 1
0.5005370257474082 1
0.5005538350420858 1
0.5010634387784654 1
0.5010689369266256 1
0.501433763756048 1
0.5015520441474158 1
0.5017618426448422 1
0.5018191460506357 1
0.5020512543519128 1
0.5024343996951532 1
0.5036521388115254 1
0.5042521499447357 1
0.504360724280679 1
0.5063612109990528 1
0.506864080535623 1
0.5072340199841954 1
0.5078741403117448 1
0.5079541428251403 1
0.5084650025718767 1
0.5085700046131361 1
0.5091172640039131 1
0.5093713238635877 1
0.5098865133896954 1
0.5099025409035977 1
0.5102799495538338 1
0.5105137725715514 1
0.5111874977209147 1
0.512299366342089 1
0.5124079577249705 1
0.5136697149354363 1
0.5136746061110653 1
0.514537595059842 1
0.5148641864891862 1
0.5153502123112794 1
0.5174164561758593 1
0.5174889453248983 1
0.5176353291205698 1
0.5178286403729724 1
0.5180773352477284 1
0.5184191807130994 1
0.518793023733591 1
0.5199595256112395 1
0.5208881095224582 1
0.5209562785719247 1
0.521223912468541 1
0.5213496122487595 1
0.5217088845158446 1
0.5217168950812644 1
0.5220488394827413 1
0.5221387113099151 1
0.5224536856298414 1
0.5225832046537454 1
0.5226888199130914 1
0.522795236870736 1
0.5229164709064843 1
0.5229666831814118 1
0.5237304850961635 1
0.5240237312061669 1
0.5240470479499022 1
0.5247152031831801 1
0.5251460792291849 1
0.5258502008076479 1
0.5259260322464051 1
0.5260710357445166 1
0.5261123859955313 1
0.5281052469503856 1
0.5281148069007642 1
0.5282571018664768 1
0.5285792786363868 1
0.5288649850205465 1
0.5299108826850505 1
0.5303241821695093 1
0.5310281612179237 1
0.5312545917787262 1
0.5315197455799289 1
0.5321395914881035 1
0.5324254165146683 1
0.5328491730989182 1
0.5333035841501901 1
0.5333960850608782 1
0.5334582849442024 1
0.5334774133498746 1
0.5337761110090247 1
0.5348610792985103 1
0.5351485371276843 1
0.5363119260442187 1
0.5372490944544421 1
0.537736483073898 1
0.5381564974991973 1
0.5381941519154001 1
0.5382143396069455 1
0.5384557970189996 1
0.5388902090741218 1
0.5394786760912903 1
0.5402644206059369 1
0.5405659325346671 1
0.5412278364973897 1
0.5415547361468157 1
0.5416360460461532 1
0.5418023774782271 1
0.5430675602203078 1
0.5435939472955714 1
0.5459079553955113 1
0.5466599061325046 1
0.5473410254672026 1
0.5475431958383387 1
0.5476781930367699 1
0.5482924253876215 1
0.5490102722720586 1
0.5508729556902711 1
0.5522445054894789 1
0.5523981927261309 1
0.5528109950281813 1
0.552904332054786 1
0.5541126649694337 1
0.5548076953203046 1
0.5567044019748346 1
0.557710878869525 1
0.5601546439235373 1
0.5792299448587266 1
0.5848998071139638 1
