
 0.557
 0.542
 0.554
 0.558
 0.542
 0.494
 0.496
 0.480
 0.547
 0.510
 0.524
 0.538
 0.531
 0.478
 0.501
 0.500
 0.539
 0.494
 0.502
 0.489
 0.498
 0.512
 0.490
 0.483
 0.533
 0.450
 0.492
 0.514
 0.490
 0.515
 0.537
 0.532
 0.499
 0.540
 0.479
 0.500
 0.483
 0.500
 0.501
 0.533
 0.523
 0.533
 0.470
 0.421
 0.464
 0.517
 0.522
 0.494
 0.478
 0.480
 0.548
 0.452
 0.506
 0.508
 0.523
 0.478
 0.495
 0.579
 0.450
 0.487
 0.538
 0.522
 0.530
 0.553
 0.481
 0.458
 0.478
 0.535
 0.538
 0.454
 0.498
 0.552
 0.484
 0.492
 0.488
 0.484
 0.546
 0.517
 0.529
 0.526
 0.555
 0.480
 0.526
 0.502
 0.472
 0.507
 0.509
 0.498
 0.524
 0.522
 0.511
 0.501
 0.532
 0.549
 0.475
 0.507
 0.499
 0.508
 0.502
 0.521
 0.491
 0.523
 0.467
 0.491
 0.524
 0.532
 0.548
 0.514
 0.511
 0.497
 0.543
 0.482
 0.502
 0.544
 0.560
 0.528
 0.520
 0.496
 0.498
 0.552
 0.533
 0.538
 0.512
 0.539
 0.521
 0.458
 0.525
 0.453
 0.538
 0.541
 0.494
 0.518
 0.523
 0.525
 0.522
 0.518
 0.533
 0.521
 0.510
 0.494
 0.486
 0.508
 0.490
 0.531
 0.486
 0.504
 0.547
 0.553
 0.493
 0.501
 0.535
 0.504
 0.526
 0.464
 0.528
 0.541
 0.496
 0.478
 0.510
 0.585
 0.499
 0.489
 0.515
 0.509
 0.518
 0.542
 0.515
 0.496
 0.496
 0.522
 0.551
 0.521
 0.530
 0.548
 0.489
 0.490
 0.509
 0.504
 0.494
 0.493
 0.497
 0.519
 0.526
 0.499
 0.518
 0.534
 0.499
 0.491
 0.489
 0.523
 0.467
 0.480
 0.485
 0.481
 0.490
 0.529
 0.502
 0.501
 0.536
 0.528

