2 41
1 42
1 51
2 41
1 56
2 36
0 40
0 47
1 38
0 39
0 37
0 45
0 48
2 41
2 46
1 34
2 40
1 33
2 39
0 44
0 46
0 37
2 57
2 33
2 45
1 36
2 45
2 33
0 39
1 36
1 39
1 53
0 53
2 38
0 45
0 44
1 38
1 37
2 37
0 50
0 44
1 42
0 38
0 45
1 36
0 44
2 49
2 41
1 47
2 47
2 43
1 37
1 45
0 40
1 49
0 40
1 32
2 46
1 52
2 30
0 41
0 38
2 40
1 46
0 36
1 60
2 48
1 48
0 38
2 39
1 57
2 39
1 33
1 43
1 45
1 42
1 42
0 31
0 41
1 42
2 55
2 57
2 44
1 33
2 46
1 48
0 59
2 42
1 45
2 29
0 43
0 32
1 49
0 37
1 42
0 42
0 40
0 40
0 29
0 30
1 55
2 52
0 44
1 32
1 51
1 42
1 41
0 28
1 49
0 47
0 48
2 38
2 43
1 41
1 32
2 40
0 39
2 47
2 47
1 54
0 43
1 55
2 46
2 42
0 46
1 38
1 53
0 51
2 39
2 36
0 29
0 35
0 49
0 47
1 39
2 39
1 40
2 40
2 57
0 40
2 37
2 41
2 47
1 40
0 38
2 44
2 46
2 43
0 45
2 32
0 45
1 29
1 39
2 45
1 40
1 43
1 44
1 33
0 46
1 48
1 41
1 41
0 40
0 34
1 42
2 44
1 51
2 59
0 46
2 41
0 46
0 51
1 38
2 48
0 33
0 46
0 43
1 45
1 39
2 53
2 33
0 41
1 42
0 48
2 43
0 39
2 38
1 38
0 47
0 37
2 50
1 33
1 39
2 51
2 27
2 59
0 41
0 47
1 42
1 44
