
 0.529
 0.561
 0.509
 0.475
 0.512
 0.475
 0.509
 0.543
 0.481
 0.482
 0.533
 0.469
 0.553
 0.493
 0.480
 0.487
 0.517
 0.535
 0.532
 0.514
 0.490
 0.494
 0.500
 0.563
 0.497
 0.518
 0.533
 0.451
 0.521
 0.515
 0.526
 0.506
 0.552
 0.483
 0.572
 0.500
 0.497
 0.466
 0.511
 0.511
 0.518
 0.542
 0.505
 0.469
 0.452
 0.548
 0.539
 0.540
 0.511
 0.518
 0.513
 0.535
 0.540
 0.519
 0.495
 0.511
 0.487
 0.476
 0.494
 0.574
 0.536
 0.534
 0.509
 0.493
 0.507
 0.510
 0.521
 0.467
 0.499
 0.536
 0.477
 0.540
 0.496
 0.547
 0.513
 0.532
 0.549
 0.488
 0.511
 0.468
 0.508
 0.513
 0.536
 0.562
 0.495
 0.564
 0.561
 0.474
 0.502
 0.492
 0.482
 0.504
 0.489
 0.504
 0.523
 0.516
 0.487
 0.542
 0.522
 0.506
 0.537
 0.496
 0.502
 0.484
 0.559
 0.474
 0.500
 0.499
 0.547
 0.486
 0.441
 0.448
 0.547
 0.509
 0.520
 0.582
 0.520
 0.569
 0.535
 0.511
 0.519
 0.522
 0.504
 0.521
 0.480
 0.538
 0.523
 0.550
 0.527
 0.520
 0.551
 0.512
 0.558
 0.551
 0.534
 0.573
 0.452
 0.526
 0.552
 0.496
 0.505
 0.518
 0.498
 0.520
 0.510
 0.512
 0.508
 0.505
 0.535
 0.474
 0.491
 0.524
 0.493
 0.557
 0.478
 0.460
 0.530
 0.532
 0.527
 0.533
 0.510
 0.472
 0.530
 0.478
 0.471
 0.555
 0.542
 0.501
 0.484
 0.502
 0.543
 0.483
 0.536
 0.515
 0.487
 0.434
 0.528
 0.484
 0.480
 0.504
 0.548
 0.522
 0.519
 0.546
 0.524
 0.497
 0.459
 0.530
 0.537
 0.513
 0.527
 0.518
 0.450
 0.516
 0.500
 0.490
 0.528
 0.456
 0.467
 0.499

