
 0.494
 0.517
 0.505
 0.448
 0.501
 0.476
 0.434
 0.472
 0.433
 0.469
 0.542
 0.494
 0.489
 0.462
 0.399
 0.515
 0.459
 0.443
 0.472
 0.451
 0.447
 0.407
 0.478
 0.441
 0.411
 0.474
 0.403
 0.475
 0.431
 0.457
 0.471
 0.528
 0.469
 0.457
 0.448
 0.434
 0.494
 0.502
 0.480
 0.442
 0.443
 0.497
 0.480
 0.481
 0.487
 0.437
 0.514
 0.429
 0.501
 0.482
 0.479
 0.473
 0.464
 0.423
 0.515
 0.407
 0.364
 0.434
 0.436
 0.500
 0.488
 0.503
 0.445
 0.422
 0.487
 0.466
 0.432
 0.508
 0.501
 0.429
 0.440
 0.443
 0.430
 0.409
 0.414
 0.476
 0.458
 0.439
 0.432
 0.518
 0.449
 0.504
 0.449
 0.480
 0.447
 0.451
 0.553
 0.448
 0.461
 0.418
 0.459
 0.476
 0.450
 0.444
 0.474
 0.497
 0.469
 0.483
 0.479
 0.520
 0.499
 0.477
 0.478
 0.489
 0.468
 0.425
 0.502
 0.422
 0.471
 0.456
 0.462
 0.418
 0.444
 0.503
 0.479
 0.484
 0.497
 0.453
 0.467
 0.469
 0.454
 0.443
 0.436
 0.392
 0.469
 0.462
 0.416
 0.488
 0.435
 0.494
 0.521
 0.448
 0.464
 0.518
 0.553
 0.526
 0.402
 0.455
 0.484
 0.421
 0.415
 0.443
 0.502
 0.526
 0.464
 0.557
 0.426
 0.486
 0.512
 0.427
 0.417
 0.404
 0.456
 0.459
 0.464
 0.409
 0.504
 0.384
 0.421
 0.438
 0.468
 0.426
 0.431
 0.442
 0.447
 0.516
 0.458
 0.497
 0.354
 0.472
 0.498
 0.476
 0.498
 0.555
 0.501
 0.451
 0.455
 0.472
 0.492
 0.400
 0.510
 0.435
 0.496
 0.459
 0.409
 0.530
 0.454
 0.491
 0.419
 0.402
 0.471
 0.529
 0.479
 0.451
 0.482
 0.446
 0.444
 0.481
 0.502
 0.466

