0.40584090696695896 1
0.41517655454761154 1
0.4241683524342388 1
0.42825409855734814 1
0.4282598344226033 1
0.43176392212815407 1
0.43373783415652745 1
0.434046761056537 1
0.4371873598066896 1
0.44342253773376344 1
0.4436014583282259 1
0.4437054140618407 1
0.44597837448117533 1
0.44653918905320467 1
0.4491057277961174 1
0.45033025891469924 1
0.450409610452707 1
0.4527922875176408 1
0.4530437433549919 1
0.45304375836460353 1
0.4531764441556628 1
0.4544035705294934 1
0.4548127617777265 1
0.45761382834328407 1
0.45826726597828243 1
0.46015013121762827 1
0.4602248906241169 1
0.46032591359394176 1
0.46047250958677693 1
0.46050902643433306 1
0.4607622609073201 1
0.46113852854766785 1
0.4612377675263074 1
0.4620249314753609 1
0.46399715690665844 1
0.46452374106708094 1
0.4651831037407289 1
0.46570957607315394 1
0.46582582408775053 1
0.46661451762739764 1
0.46753351228445644 1
0.4678182402916019 1
0.4682826939952843 1
0.4692274264728055 1
0.469309034937897 1
0.46973006883268226 1
0.47146893287618286 1
0.47252445124388404 1
0.47266155604129134 1
0.47352996079668924 1
0.4739679118981425 1
0.47434363005674635 1
0.4744166641147015 1
0.4754246134508238 1
0.4759205446244 1
0.4760435738067784 1
0.4760614785792933 1
0.4763391493137174 1
0.47636209560490483 1
0.47639643966578693 1
0.4764929861849495 1
0.47748272353387294 1
0.4778365764084223 1
0.4782648000756426 1
0.4786757934953313 1
0.4791594109866065 1
0.4793480027621787 1
0.47972416459441825 1
0.479954491431852 1
0.47997765596702563 1
0.4801022742974637 1
0.48071967227048573 1
0.4810706207756577 1
0.48137024515598514 1
0.48142407727619535 1
0.4822481423364157 1
0.48280481014085164 1
0.4828894013123186 1
0.4829204739476341 1
0.4833285986165214 1
0.4833909478594534 1
0.48443876892429033 1
0.48447196316138075 1
0.48472830181619536 1
0.484877190659325 1
0.48491138545583107 1
0.48649012035729267 1
0.48715525885260413 1
0.48728325949931445 1
0.4873052143312755 1
0.4873741976613584 1
0.4874484652707421 1
0.48746414206347466 1
0.4878556646768243 1
0.4878769222522047 1
0.4879650963588351 1
0.4879998775438816 1
0.48941439005441695 1
0.4894695348011978 1
0.48992494229403405 1
0.4901030654300629 1
0.490502976773561 1
0.49064970615811027 1
0.4910956757645591 1
0.4926355446856352 1
0.4933377252281086 1
0.4934418407160006 1
0.493446406666731 1
0.49376656361471505 1
0.49403746863482395 1
0.4943375949128344 1
0.4943755270600424 1
0.4948034499743767 1
0.4956678640885134 1
0.49585321958658213 1
0.49637215935388457 1
0.49673380398963457 1
0.49683403875195054 1
0.496985545796261 1
0.4972960190457472 1
0.49772667485515903 1
0.49847970163871375 1
0.4997763481396574 1
0.4998016967069834 1
0.4998194410437124 1
0.5002708155547007 1
0.5012736925091115 1
0.5015251800038643 1
0.5027070718496326 1
0.5029796236237395 1
0.5031081272763996 1
0.5031612265009358 1
0.5037389071794975 1
0.5040019530485291 1
0.5041292366630545 1
0.5042977500377919 1
0.5043458888638817 1
0.5053573833590999 1
0.5056705136510903 1
0.505692709919016 1
0.5058953471917899 1
0.5059391333999783 1
0.5059546869430358 1
0.5064772229662183 1
0.5069331998417058 1
0.5071460536911002 1
0.5076793631644089 1
0.5077566337302856 1
0.5084924262011987 1
0.5088024748458129 1
0.508933922438161 1
0.509680214977676 1
0.5105132351741318 1
0.5109250111391069 1
0.5118976050853083 1
0.5121343858597934 1
0.5132397614190586 1
0.5132791632347744 1
0.513465163997567 1
0.5148016144184113 1
0.5151211407181665 1
0.5158502478099286 1
0.5160804017992862 1
0.5170334497464935 1
0.5175246333651056 1
0.51752856395457 1
0.5184600288447218 1
0.5201103152109279 1
0.5210604146112918 1
0.5211111514609454 1
0.5223189106005277 1
0.5233256959913413 1
0.5244061171889984 1
0.5255344666013333 1
0.5256981012289293 1
0.5270551762111758 1
0.5272424266231618 1
0.5286400304681191 1
0.5298148751530539 1
0.5302743555617078 1
0.5306902737166941 1
0.5313041859471407 1
0.533091248245283 1
0.533983816283358 1
0.5371540988933059 1
0.5371913457091579 1
0.5373966992352446 1
0.537673925280857 1
0.5403980149445966 1
0.5411215304251836 1
0.541424596383881 1
0.5442539914904981 1
0.549106597087054 1
0.5506323000218188 1
0.5519599861662356 1
0.5519752297291304 1
0.5560167047946885 1
0.5602345312308471 1
0.5623643437988257 1
0.586120132890981 1
