0.28236155464556545 1
0.2866436993127178 1
0.2910463173800288 1
0.29547965641995944 1
0.2971446486514459 1
0.30061623488411243 1
0.3007381219121249 1
0.3086243864854527 1
0.30946523005029897 1
0.31002275645313765 1
0.3112053722544867 1
0.3139179411082161 1
0.31571872982994126 1
0.3180372449422348 1
0.31807136291911214 1
0.31853500385752137 1
0.3218563851972361 1
0.32446318478996977 1
0.32471271860256207 1
0.3266113679189939 1
0.3267308107703631 1
0.32726407779675876 1
0.3273488255400612 1
0.3274439840570069 1
0.3277292670200778 1
0.32820423049078196 1
0.32853446118488483 1
0.3285855084674633 1
0.3288865664738565 1
0.329259199507551 1
0.3293453608787077 1
0.32985328952826815 1
0.3303408720774063 1
0.3312431736984747 1
0.332791450583861 1
0.33280201950818267 1
0.3332199942954401 1
0.3338391633275171 1
0.33418924342035666 1
0.335159045713312 1
0.33537072698859155 1
0.3354102092351477 1
0.3359967083552898 1
0.3361993689911574 1
0.3362711798903117 1
0.33627239354775923 1
0.33693753939529975 1
0.3370371093543095 1
0.33839705111785007 1
0.33857062195469934 1
0.33878800359147737 1
0.33879801887823224 1
0.3391042236085572 1
0.33941700626600835 1
0.3397059441344544 1
0.3397925009924995 1
0.3400889300110814 1
0.3411023666271821 1
0.34111790579865153 1
0.3411811729696161 1
0.3412005464519604 1
0.3416525629592786 1
0.34197398909535887 1
0.342125401013884 1
0.3422441085833856 1
0.34234662212905387 1
0.34321057227232193 1
0.34373831541400285 1
0.34382030121494794 1
0.3443673180885339 1
0.3445871255758495 1
0.34547430554160163 1
0.34566619581838337 1
0.3456803631817269 1
0.3458160000569297 1
0.34592038064805186 1
0.3465381360522744 1
0.3467318339794413 1
0.3469419669698111 1
0.3474059425356824 1
0.3476675182955191 1
0.34845252597494003 1
0.34868413437013074 1
0.350174348739195 1
0.3504005928647068 1
0.3514543298979225 1
0.35183292265859123 1
0.3520563865156399 1
0.3521221797571093 1
0.35255032944615755 1
0.35265731236460096 1
0.3529914343054598 1
0.35409103229271666 1
0.35411259058622896 1
0.3543992453574256 1
0.35448824492775616 1
0.3549167123825189 1
0.35526965416815515 1
0.35559123991927116 1
0.3557077391839823 1
0.35608557687231973 1
0.3562774671491015 1
0.3563259121043585 1
0.35715846984213284 1
0.35719493224521415 1
0.3577533545397863 1
0.3579566502375544 1
0.3580041005454686 1
0.3582738428727121 1
0.35868717181041054 1
0.3587390320960311 1
0.35958867875454237 1
0.35995813232972607 1
0.35997066851946885 1
0.3607064959617647 1
0.36103141932206995 1
0.36121238108908765 1
0.3612295103651952 1
0.361391910188553 1
0.3617817318934241 1
0.36214222275990693 1
0.3621619140079653 1
0.36243743958539903 1
0.36275590380871525 1
0.363695285319425 1
0.3637539828976471 1
0.3649484800363747 1
0.36507875264189865 1
0.36508926363550914 1
0.36511702269536483 1
0.36542273171883366 1
0.366246226997468 1
0.3663517383573462 1
0.36636159549342273 1
0.3668596905005294 1
0.36734043722142373 1
0.36784089868399905 1
0.3678816708448196 1
0.3679048009168641 1
0.3683969361969968 1
0.3687397030808422 1
0.3690122073504432 1
0.3691542625377363 1
0.36935088055793863 1
0.3704284025155627 1
0.3715739010614665 1
0.37164895081420035 1
0.372342533072753 1
0.37365859947377883 1
0.37441453568028693 1
0.3747300788157377 1
0.3754638575682792 1
0.37575247814053925 1
0.37586003819017205 1
0.37586321764868286 1
0.37619235248064586 1
0.37633059168316985 1
0.37689261241676403 1
0.37696579512404427 1
0.3778013506760285 1
0.37853904416894857 1
0.38022072983428357 1
0.38086692117999066 1
0.38095613829606834 1
0.38255722829468986 1
0.38309766724114924 1
0.3833334328804456 1
0.38441192599179 1
0.38498012399810533 1
0.38539223927835614 1
0.3860157180681724 1
0.387495498169971 1
0.38846603720915135 1
0.39134053043937406 1
0.39146720460587586 1
0.3916106499274006 1
0.39196895598271536 1
0.39226002073161864 1
0.3923803359810989 1
0.3931795110238634 1
0.3961172714250506 1
0.3968288964267846 1
0.39884911547504265 1
0.3995026962865606 1
0.40021050530352575 1
0.4005132947034871 1
0.401318488868294 1
0.40185769729555787 1
0.4035583557888318 1
0.4048281855393911 1
0.4076745615886731 1
0.4091829357826343 1
0.41196207052550465 1
0.41410481166367563 1
0.4143639615729748 1
0.41521726460121905 1
0.41611745813746404 1
0.4237383141044378 1
0.42502212957404006 1
0.4282850543749022 1
