
 0.337
 0.379
 0.336
 0.357
 0.346
 0.355
 0.353
 0.347
 0.329
 0.400
 0.414
 0.358
 0.357
 0.368
 0.369
 0.328
 0.372
 0.358
 0.331
 0.385
 0.372
 0.339
 0.402
 0.341
 0.354
 0.385
 0.363
 0.330
 0.375
 0.354
 0.322
 0.365
 0.310
 0.375
 0.356
 0.384
 0.369
 0.346
 0.361
 0.369
 0.324
 0.360
 0.356
 0.339
 0.392
 0.361
 0.318
 0.335
 0.319
 0.338
 0.428
 0.341
 0.345
 0.414
 0.354
 0.333
 0.336
 0.354
 0.328
 0.424
 0.335
 0.336
 0.376
 0.405
 0.377
 0.351
 0.388
 0.329
 0.301
 0.356
 0.337
 0.342
 0.297
 0.367
 0.327
 0.335
 0.327
 0.376
 0.365
 0.367
 0.386
 0.376
 0.295
 0.358
 0.336
 0.325
 0.301
 0.334
 0.352
 0.381
 0.353
 0.346
 0.347
 0.370
 0.376
 0.349
 0.360
 0.347
 0.355
 0.348
 0.364
 0.316
 0.359
 0.383
 0.383
 0.291
 0.340
 0.347
 0.344
 0.387
 0.366
 0.353
 0.400
 0.380
 0.361
 0.333
 0.368
 0.368
 0.344
 0.392
 0.314
 0.361
 0.374
 0.341
 0.415
 0.282
 0.372
 0.362
 0.369
 0.368
 0.365
 0.287
 0.327
 0.391
 0.374
 0.364
 0.392
 0.329
 0.404
 0.346
 0.358
 0.392
 0.412
 0.416
 0.329
 0.376
 0.399
 0.329
 0.352
 0.342
 0.352
 0.377
 0.359
 0.330
 0.340
 0.360
 0.339
 0.327
 0.339
 0.348
 0.425
 0.401
 0.409
 0.383
 0.366
 0.342
 0.343
 0.365
 0.397
 0.350
 0.401
 0.378
 0.356
 0.342
 0.318
 0.408
 0.309
 0.362
 0.334
 0.366
 0.381
 0.311
 0.362
 0.350
 0.345
 0.333
 0.339
 0.340
 0.327
 0.341
 0.344
 0.365
 0.362
 0.361
 0.391
 0.393
 0.342
 0.396
 0.356
 0.309

