0.48068868424180705 1
0.4812403343859962 1
0.48156856238334733 1
0.48368628699131294 1
0.491050028925167 1
0.49287296213784715 1
0.4930726629870772 1
0.4970703478123131 1
0.4971903617523482 1
0.4985094122718385 1
0.49967447465565107 1
0.5011733028868154 1
0.5012792429818365 1
0.5020201591441565 1
0.5020393005927347 1
0.5024046968041412 1
0.5035251183761891 1
0.5042373979816895 1
0.5057046986446995 1
0.5061638672833834 1
0.5063063663329573 1
0.506737168562604 1
0.5069223510000126 1
0.507327900842429 1
0.5080091761403529 1
0.5082295949464365 1
0.5088198477794706 1
0.5095188700275134 1
0.510733492266498 1
0.5108508304169542 1
0.5118067171251581 1
0.5118240784722928 1
0.5131736807165695 1
0.5135997599777293 1
0.5139995756502673 1
0.5141219235052898 1
0.5141313638580997 1
0.5153164361098164 1
0.5159029701361711 1
0.5161874490605213 1
0.516232567150777 1
0.5162532632578092 1
0.5165069877708749 1
0.5166679322134573 1
0.5166899683938705 1
0.5168572457277903 1
0.5169271420649342 1
0.5176841665893444 1
0.5181924675155255 1
0.5183780968244664 1
0.5184429951062267 1
0.5190106900397093 1
0.519029588368078 1
0.5194897566628034 1
0.5198045104748968 1
0.5200898305123048 1
0.520164793823369 1
0.5201888249661815 1
0.5215993927921265 1
0.5218350950672102 1
0.5221179860444145 1
0.5230084255128684 1
0.5230567512750222 1
0.5231001984361889 1
0.5233523353200973 1
0.5234130737836937 1
0.523763423670926 1
0.5239246726674434 1
0.5239903906411348 1
0.5241320362613489 1
0.5243530876908706 1
0.5244583583601244 1
0.5250991241709786 1
0.525649093395115 1
0.5257601881544006 1
0.5261960707917315 1
0.5267124067700751 1
0.5271565564044258 1
0.5276375460181515 1
0.5276664708251652 1
0.5277596604435046 1
0.5277846368200922 1
0.5283361344547529 1
0.5289158162041072 1
0.5294343319666891 1
0.529623952219642 1
0.5301047534604343 1
0.5301736674481332 1
0.5304717620641157 1
0.5308855430553427 1
0.5310844848754315 1
0.531575009481801 1
0.5317434240152106 1
0.5322517467912122 1
0.5326340174204865 1
0.5329495498969282 1
0.5332181442516547 1
0.533261016754607 1
0.5333968050048052 1
0.5334979731252492 1
0.5336431836017468 1
0.5338161292486361 1
0.534356218664681 1
0.5350469884992554 1
0.5358668221845219 1
0.5359735468818164 1
0.5365427396894791 1
0.536825173730939 1
0.5368566322289531 1
0.5377900333837466 1
0.5379408862720223 1
0.5379967413242317 1
0.5381082973886205 1
0.538311139625813 1
0.5386215430111223 1
0.5393149242882546 1
0.5396004962192165 1
0.539726863015672 1
0.539935296767769 1
0.5401616228718885 1
0.5402960465703278 1
0.5405556937913814 1
0.5405929184483902 1
0.5407695582541767 1
0.5410280036874824 1
0.54132924227318 1
0.5416690718165843 1
0.5420241871543091 1
0.5421985751964415 1
0.5423736709269414 1
0.5427622550313661 1
0.5428308686213462 1
0.543356993176147 1
0.5436488434245775 1
0.5438383011325394 1
0.5438637533977825 1
0.5439054558770388 1
0.5442088034829738 1
0.5448958408644242 1
0.5449713838837359 1
0.5451840838407738 1
0.5455703292696343 1
0.5460903019571681 1
0.54654356006774 1
0.546827407305759 1
0.547617205117099 1
0.5479769303488956 1
0.5481885578189825 1
0.5484953108879318 1
0.5487970490881371 1
0.5488762202084706 1
0.5489546211455315 1
0.5490523801474798 1
0.5492446503246105 1
0.5493211758210851 1
0.5495398514387604 1
0.5499850767117838 1
0.5505004458325911 1
0.5508102592568389 1
0.5509587602442825 1
0.5510366500002479 1
0.5539917871420035 1
0.5546508966119789 1
0.5552200583168135 1
0.5553468011979116 1
0.5559340525662225 1
0.5560452356976904 1
0.5561237661171107 1
0.5562911769788991 1
0.5563045099125743 1
0.5564414963923856 1
0.5565048005957741 1
0.5572761918418381 1
0.557517710092021 1
0.5589741202790541 1
0.5594251292306146 1
0.559532737987457 1
0.5602693199886483 1
0.5603630415625553 1
0.5607151885672268 1
0.5609958074859689 1
0.5610372467898216 1
0.5620706215962152 1
0.5638918256476434 1
0.5673269633150557 1
0.5676788706060497 1
0.5679838389728121 1
0.5684224704538613 1
0.5717193547974859 1
0.5719958096440587 1
0.5723827112195753 1
0.5740408984231188 1
0.57522117463764 1
0.5767748889613865 1
0.5789760916961494 1
0.581307297822412 1
0.5891582701283776 1
0.5895459627460363 1
0.5936125183869736 1
0.621303529966435 1
