
 0.518
 0.537
 0.535
 0.515
 0.556
 0.506
 0.507
 0.493
 0.513
 0.516
 0.541
 0.541
 0.528
 0.516
 0.501
 0.499
 0.511
 0.520
 0.517
 0.590
 0.543
 0.555
 0.536
 0.544
 0.533
 0.530
 0.621
 0.533
 0.514
 0.527
 0.491
 0.497
 0.555
 0.529
 0.542
 0.514
 0.525
 0.523
 0.519
 0.545
 0.559
 0.538
 0.544
 0.561
 0.526
 0.533
 0.554
 0.551
 0.548
 0.501
 0.517
 0.484
 0.530
 0.528
 0.532
 0.541
 0.540
 0.549
 0.536
 0.549
 0.526
 0.575
 0.516
 0.572
 0.537
 0.568
 0.502
 0.537
 0.545
 0.522
 0.594
 0.519
 0.551
 0.522
 0.538
 0.540
 0.560
 0.524
 0.510
 0.574
 0.514
 0.533
 0.530
 0.481
 0.546
 0.534
 0.524
 0.524
 0.556
 0.508
 0.549
 0.502
 0.529
 0.514
 0.518
 0.508
 0.556
 0.544
 0.518
 0.568
 0.520
 0.589
 0.506
 0.543
 0.549
 0.534
 0.500
 0.531
 0.561
 0.504
 0.550
 0.512
 0.562
 0.539
 0.512
 0.541
 0.556
 0.581
 0.577
 0.551
 0.544
 0.497
 0.523
 0.543
 0.561
 0.556
 0.520
 0.572
 0.524
 0.547
 0.564
 0.551
 0.556
 0.572
 0.524
 0.558
 0.544
 0.549
 0.542
 0.493
 0.511
 0.532
 0.560
 0.528
 0.531
 0.542
 0.518
 0.506
 0.482
 0.517
 0.548
 0.533
 0.522
 0.538
 0.545
 0.548
 0.548
 0.557
 0.568
 0.502
 0.541
 0.549
 0.540
 0.516
 0.567
 0.523
 0.528
 0.523
 0.517
 0.539
 0.523
 0.509
 0.507
 0.540
 0.559
 0.540
 0.560
 0.538
 0.524
 0.532
 0.538
 0.557
 0.550
 0.528
 0.481
 0.507
 0.579
 0.520
 0.504
 0.519
 0.526
 0.530
 0.547
 0.517
 0.542
 0.527
 0.534
 0.533
 0.555
 0.546

