
 0.340
 0.340
 0.370
 0.350
 0.310
 0.410
 0.350
 0.280
 0.280
 0.320
 0.290
 0.370
 0.340
 0.350
 0.310
 0.320
 0.260
 0.230
 0.310
 0.410
 0.420
 0.390
 0.320
 0.390
 0.360
 0.350
 0.460
 0.320
 0.320
 0.320
 0.380
 0.330
 0.240
 0.190
 0.270
 0.430
 0.370
 0.220
 0.350
 0.360
 0.290
 0.320
 0.320
 0.330
 0.370
 0.390
 0.320
 0.310
 0.400
 0.420
 0.420
 0.370
 0.300
 0.410
 0.280
 0.340
 0.320
 0.340
 0.450
 0.300
 0.400
 0.280
 0.420
 0.340
 0.300
 0.330
 0.450
 0.310
 0.280
 0.300
 0.320
 0.320
 0.360
 0.380
 0.350
 0.450
 0.360
 0.350
 0.280
 0.380
 0.380
 0.340
 0.280
 0.300
 0.380
 0.290
 0.340
 0.270
 0.360
 0.390
 0.310
 0.330
 0.290
 0.320
 0.340
 0.330
 0.330
 0.310
 0.290
 0.350
 0.340
 0.370
 0.320
 0.470
 0.310
 0.280
 0.350
 0.280
 0.230
 0.280
 0.270
 0.390
 0.330
 0.340
 0.300
 0.350
 0.410
 0.380
 0.300
 0.290
 0.270
 0.310
 0.320
 0.260
 0.290
 0.410
 0.290
 0.400
 0.240
 0.360
 0.460
 0.340
 0.320
 0.430
 0.320
 0.200
 0.340
 0.320
 0.310
 0.340
 0.300
 0.310
 0.460
 0.320
 0.300
 0.450
 0.300
 0.270
 0.280
 0.340
 0.280
 0.390
 0.350
 0.310
 0.240
 0.350
 0.310
 0.230
 0.360
 0.380
 0.360
 0.380
 0.300
 0.340
 0.310
 0.360
 0.350
 0.260
 0.340
 0.350
 0.230
 0.340
 0.350
 0.220
 0.360
 0.360
 0.280
 0.300
 0.300
 0.350
 0.330
 0.390
 0.250
 0.350
 0.450
 0.510
 0.280
 0.320
 0.330
 0.310
 0.270
 0.320
 0.250
 0.460
 0.250
 0.290
 0.250
 0.390
 0.450
 0.440
 0.350
 0.250
 0.300
 0.360
 0.320
 0.280
 0.280
 0.250
 0.300
 0.340
 0.360
 0.310
 0.420
 0.360
 0.380
 0.380
 0.270
 0.390
 0.240
 0.320
 0.380
 0.380
 0.440
 0.350
 0.340
 0.320
 0.260
 0.410
 0.230
 0.380
 0.450
 0.240
 0.280
 0.440
 0.400
 0.460
 0.460
 0.320
 0.290
 0.290
 0.390
 0.340
 0.310
 0.420
 0.300
 0.350
 0.300
 0.240
 0.300
 0.250
 0.270
 0.380
 0.310
 0.340
 0.290
 0.380
 0.290
 0.400
 0.320
 0.330
 0.400
 0.360
 0.350
 0.280
 0.320
 0.280
 0.410
 0.330
 0.340
 0.300
 0.220
 0.320
 0.370
 0.240
 0.340
 0.340
 0.360
 0.240
 0.360
 0.270
 0.460
 0.280
 0.260
 0.230
 0.390
 0.380
 0.390
 0.410
 0.330
 0.330
 0.330
 0.380
 0.240
 0.370
 0.200
 0.300
 0.450
 0.320
 0.250
 0.320
 0.240
 0.280
 0.330
 0.200
 0.380
 0.370
 0.430
 0.430
 0.250
 0.310
 0.400
 0.350
 0.300
 0.220
 0.290
 0.280
 0.330
 0.320
 0.330
 0.240
 0.280
 0.330
 0.390
 0.310
 0.360
 0.320
 0.370
 0.420
 0.220
 0.390
 0.340
 0.280
 0.380
 0.340
 0.260
 0.310
 0.350
 0.290
 0.350
 0.410
 0.290
 0.350
 0.440
 0.360
 0.330
 0.350
 0.360
 0.390
 0.330
 0.360
 0.260
 0.370
 0.390
 0.410
 0.290
 0.340
 0.350
 0.310
 0.260
 0.310
 0.420
 0.340
 0.320
 0.340
 0.360
 0.320
 0.380
 0.360
 0.320
 0.360
 0.340
 0.290
 0.440
 0.350
 0.340
 0.350
 0.300
 0.320
 0.330
 0.370
 0.310
 0.270
 0.340
 0.370
 0.350
 0.260
 0.300
 0.280
 0.330
 0.340
 0.240
 0.280
 0.270
 0.350
 0.330
 0.400
 0.210
 0.320
 0.410
 0.310
 0.410
 0.400
 0.290
 0.320
 0.310
 0.300
 0.320
 0.330
 0.380
 0.390
 0.320
 0.360
 0.390
 0.250
 0.230
 0.380
 0.250
 0.370
 0.340
 0.400
 0.380
 0.340
 0.350
 0.290
 0.310
 0.340
 0.360
 0.430
 0.300
 0.250
 0.280
 0.370
 0.360
 0.280
 0.330
 0.370
 0.290
 0.410
 0.370
 0.430
 0.190
 0.340
 0.340
 0.320
 0.390
 0.400
 0.280
 0.330
 0.380
 0.300
 0.380
 0.360
 0.360
 0.330
 0.320
 0.330
 0.330
 0.380
 0.270
 0.300
 0.330
 0.370
 0.370
 0.290
 0.340
 0.300
 0.340
 0.380
 0.370
 0.350
 0.390
 0.270
 0.260
 0.400
 0.370
 0.240
 0.380
 0.280
 0.400
 0.350
 0.340
 0.280
 0.350
 0.400
 0.280
 0.430
 0.360
 0.360
 0.340
 0.360
 0.400
 0.380
 0.260
 0.330
 0.330
 0.380
 0.310
 0.290
 0.280
 0.390
 0.270
 0.360
 0.360
 0.470
 0.350
 0.490
 0.300
 0.340
 0.350
 0.320
 0.210
 0.340
 0.260
 0.300
 0.420
 0.370
 0.230
 0.330
 0.290
 0.370
 0.400
 0.310
 0.260
 0.310
 0.290
 0.350
 0.440
 0.250
 0.290
 0.320
 0.260
 0.420
 0.280
 0.340
 0.270
 0.420
 0.390
 0.280
 0.400
 0.410
 0.280
 0.400
 0.290
 0.350
 0.310
 0.360
 0.330
 0.330
 0.250
 0.340
 0.270
 0.290
 0.460
 0.360
 0.350
 0.170
 0.340
 0.300
 0.450
 0.350
 0.400
 0.220
 0.320
 0.270
 0.390
 0.240
 0.320
 0.300
 0.280
 0.450
 0.390
 0.320
 0.280
 0.390
 0.340
 0.410
 0.340
 0.310
 0.470
 0.250
 0.300
 0.360
 0.340
 0.300
 0.320
 0.290
 0.370
 0.340
 0.370
 0.320
 0.350
 0.260
 0.360
 0.250
 0.330
 0.270
 0.240
 0.350
 0.440
 0.320

