
 0.471
 0.507
 0.470
 0.481
 0.464
 0.470
 0.487
 0.468
 0.477
 0.487
 0.460
 0.524
 0.539
 0.463
 0.505
 0.491
 0.506
 0.499
 0.539
 0.505
 0.524
 0.518
 0.491
 0.438
 0.518
 0.497
 0.526
 0.485
 0.540
 0.505
 0.470
 0.473
 0.518
 0.481
 0.465
 0.539
 0.545
 0.501
 0.525
 0.558
 0.518
 0.521
 0.522
 0.532
 0.427
 0.497
 0.487
 0.444
 0.459
 0.500
 0.479
 0.461
 0.514
 0.504
 0.574
 0.502
 0.506
 0.568
 0.505
 0.490
 0.468
 0.525
 0.529
 0.510
 0.484
 0.502
 0.527
 0.527
 0.484
 0.475
 0.518
 0.474
 0.529
 0.553
 0.498
 0.519
 0.509
 0.455
 0.504
 0.473
 0.527
 0.547
 0.550
 0.526
 0.553
 0.598
 0.517
 0.523
 0.490
 0.480
 0.459
 0.525
 0.467
 0.425
 0.470
 0.535
 0.499
 0.546
 0.502
 0.509
 0.475
 0.519
 0.527
 0.549
 0.521
 0.466
 0.527
 0.460
 0.484
 0.490
 0.531
 0.475
 0.477
 0.526
 0.514
 0.502
 0.514
 0.531
 0.499
 0.460
 0.551
 0.523
 0.560
 0.477
 0.520
 0.492
 0.494
 0.509
 0.522
 0.516
 0.501
 0.456
 0.511
 0.498
 0.554
 0.503
 0.511
 0.532
 0.461
 0.525
 0.510
 0.522
 0.486
 0.545
 0.468
 0.501
 0.488
 0.517
 0.499
 0.495
 0.495
 0.503
 0.536
 0.520
 0.526
 0.505
 0.478
 0.490
 0.542
 0.502
 0.514
 0.492
 0.492
 0.528
 0.547
 0.519
 0.500
 0.536
 0.534
 0.550
 0.505
 0.514
 0.510
 0.543
 0.498
 0.508
 0.473
 0.486
 0.526
 0.526
 0.516
 0.554
 0.498
 0.555
 0.508
 0.530
 0.500
 0.492
 0.553
 0.492
 0.577
 0.502
 0.510
 0.536
 0.497
 0.542
 0.494
 0.508
 0.492
 0.523

