0 35
0 34
3 46
0 39
1 56
4 46
4 47
4 34
0 54
2 39
3 40
4 40
3 50
3 42
4 35
2 37
1 31
1 51
2 51
2 45
4 59
3 31
0 45
3 48
2 36
4 45
1 31
4 41
2 34
4 46
1 45
4 30
4 38
4 40
4 38
4 29
0 42
3 46
3 38
4 45
1 46
0 39
3 46
3 51
2 50
1 35
2 44
4 45
1 35
2 37
4 47
2 43
4 49
2 43
0 43
1 46
3 42
4 42
4 38
4 40
0 41
1 43
3 41
3 47
3 43
1 36
4 49
1 43
1 52
3 47
0 52
4 42
1 43
3 33
0 43
0 31
1 47
2 34
1 36
0 41
1 44
1 50
2 42
3 42
1 55
0 45
4 38
0 42
0 37
3 44
4 54
3 39
4 50
0 38
3 39
2 46
3 41
3 35
3 40
4 44
2 52
0 38
2 49
3 47
1 50
4 48
4 46
4 54
1 39
2 32
4 52
0 40
4 41
4 44
0 43
0 37
0 29
3 42
4 41
2 41
0 37
2 41
3 50
0 39
1 38
3 53
3 50
0 34
1 43
2 33
3 41
3 36
1 40
0 43
4 49
1 31
3 53
2 31
0 44
1 34
4 52
0 43
0 31
0 49
0 50
1 41
4 48
2 38
1 36
3 55
0 37
0 33
4 36
0 44
2 48
3 42
0 42
2 44
4 36
1 41
2 38
1 51
0 42
2 33
2 36
2 42
3 44
4 43
1 47
1 53
0 58
2 42
4 51
1 47
4 37
4 39
3 50
1 41
4 36
4 48
2 36
0 49
4 38
0 32
4 40
1 39
2 34
2 46
0 34
0 37
3 35
2 50
0 43
4 41
4 38
2 46
0 34
1 40
0 49
3 34
