
 0.492
 0.539
 0.576
 0.602
 0.606
 0.657
 0.697
 0.707
 0.710
 0.710
 0.710
 0.710
 0.710
 0.710
 0.710
 0.710
 0.710
 0.710
 0.710
 0.710
 0.710
 0.710
 0.710
 0.710
 0.710
 0.710
 0.710
 0.710
 0.710
 0.710
 0.710
 0.710
 0.710
 0.710
 0.710
 0.710
 0.710
 0.710
 0.710
 0.710
 0.710
 0.710
 0.710
 0.710
 0.710
 0.710
 0.710
 0.710
 0.710
 0.710
 0.710
 0.710
 0.710
 0.710
 0.710
 0.710
 0.710
 0.710
 0.710
 0.710
 0.710
 0.710
 0.710
 0.710
 0.710
 0.710
 0.710
 0.710
 0.710
 0.710
 0.710
 0.710
 0.710
 0.710
 0.710
 0.710
 0.710
 0.710
 0.710
 0.710
 0.710
 0.710
 0.710
 0.710
 0.710
 0.710
 0.710
 0.710
 0.710
 0.710
 0.710
 0.710
 0.710
 0.710
 0.710
 0.710
 0.710
 0.710
 0.710
 0.710
 0.710
 0.710
 0.710
 0.710
 0.710
 0.710
 0.710
 0.710
 0.710
 0.710
 0.710
 0.710
 0.710
 0.710
 0.710
 0.710
 0.710
 0.710
 0.710
 0.710
 0.710
 0.710
 0.710
 0.710
 0.710
 0.710
 0.710
 0.710
 0.710
 0.710
 0.710
 0.710
 0.710
 0.710
 0.710
 0.710
 0.710
 0.710
 0.710
 0.710
 0.710
 0.710
 0.710
 0.710
 0.710
 0.710
 0.710
 0.710
 0.710
 0.710
 0.710
 0.710
 0.710
 0.710
 0.710
 0.710
 0.710
 0.710
 0.710
 0.710
 0.710
 0.710
 0.710
 0.710
 0.710
 0.710
 0.710
 0.710
 0.710
 0.710
 0.710
 0.710
 0.710
 0.710
 0.710
 0.710
 0.710
 0.710
 0.710
 0.710
 0.710
 0.710
 0.710
 0.710
 0.710
 0.710
 0.710
 0.710
 0.710
 0.710
 0.710
 0.710
 0.710
 0.710
 0.710
 0.710
 0.710
 0.710
 0.710
 0.710

