0.8370024181541025 1
0.837961137925165 1
0.8384404978106965 1
0.8389198576962279 2
0.8393992175817592 1
0.8393992175817593 4
0.8398785774672904 6
0.8398785774672907 18
0.8403579373528218 3
0.8403579373528219 43
0.8408372972383532 11
0.8408372972383533 86
0.8413166571238846 16
0.8413166571238847 180
0.8417960170094159 12
0.8417960170094161 312
0.8422753768949472 27
0.8422753768949474 476
0.8427547367804786 27
0.8427547367804787 728
0.8432340966660099 53
0.8432340966660101 835
0.8437134565515413 23
0.8437134565515414 844
0.8441928164370727 24
0.8441928164370728 658
0.844672176322604 9
0.8446721763226042 403
0.8451515362081353 1
0.8451515362081355 174
0.8456308960936668 21
