0.425418882476337 1
0.42698710732340767 1
0.4308813342700681 1
0.44195310517873376 1
0.44581913373578574 1
0.4459450656506678 1
0.4460246955325287 1
0.4461795869337366 1
0.44713116599332026 1
0.4517100398506605 1
0.4532299638331699 1
0.4548940863630554 1
0.45550159362921855 1
0.45611026043227537 1
0.4567578763465995 1
0.45694358364066767 1
0.45867982327536033 1
0.45918040844482905 1
0.4598070810745714 1
0.4611334347464187 1
0.46265359011847296 1
0.46409073146080565 1
0.46423235931382917 1
0.4651257960556012 1
0.4655649154425061 1
0.46608538978692676 1
0.46622273058296165 1
0.46632626020181583 1
0.46655052664202323 1
0.4677648437676666 1
0.467861950818426 1
0.4690667058028162 1
0.4695218116049429 1
0.4703592419500239 1
0.47191413594966236 1
0.4722376978541867 1
0.4722448067363259 1
0.47231740031927943 1
0.47309719554029633 1
0.476735710357402 1
0.476965071189099 1
0.4781942841905106 1
0.4782594662575628 1
0.4782620764594867 1
0.4787496037492149 1
0.4787897440660118 1
0.47991607886937193 1
0.4808370440749338 1
0.481535076276936 1
0.4817910637173569 1
0.4819053375487465 1
0.48204655801852087 1
0.48213337418400665 1
0.48214707829680525 1
0.48506198631939607 1
0.4862831974431589 1
0.48679904249940376 1
0.48682395029771747 1
0.487041775245533 1
0.48739826320153923 1
0.48761951087419164 1
0.4884450797440434 1
0.4889028944447313 1
0.4891713128572747 1
0.4898024982924804 1
0.4899862093201328 1
0.4907614751700583 1
0.49081992965921634 1
0.4912383811045522 1
0.4914262607542048 1
0.4924788078023445 1
0.4933462763000685 1
0.493395942242974 1
0.4937124592363062 1
0.4941654144969085 1
0.4942452138099733 1
0.49499705507054176 1
0.4950795614994169 1
0.4955333210613263 1
0.4955347635311294 1
0.4957310872250298 1
0.4959637087512799 1
0.49619236999455224 1
0.49627501797492657 1
0.49669198098694733 1
0.49671520194360996 1
0.497116143441467 1
0.4973637900554657 1
0.4974004825448185 1
0.4977951131587436 1
0.49829737616804437 1
0.49851928041303545 1
0.4993695157343814 1
0.49948108579236355 1
0.4996196769568694 1
0.4996490856145032 1
0.49971892678024366 1
0.4997285406463366 1
0.5006703815591912 1
0.5031049454233918 1
0.5035600319346731 1
0.5040619248644939 1
0.5044574675528598 1
0.5053119355319672 1
0.5055690789242206 1
0.505928708920722 1
0.5059417953130951 1
0.5059613107454181 1
0.5067020128861633 1
0.5067321726922916 1
0.5070963734779589 1
0.5076527127783348 1
0.5086500834167165 1
0.508876307139985 1
0.5099011169987826 1
0.510347607451149 1
0.5107113594318757 1
0.5109092466484225 1
0.5113160556010947 1
0.5115199344713937 1
0.5118096627741389 1
0.5119182769662474 1
0.5121676296545017 1
0.5129853569142964 1
0.5145588838302605 1
0.5146902569952635 1
0.5153644866370207 1
0.5158569175622136 1
0.5160835299555748 1
0.5163299255312129 1
0.5164377661478948 1
0.516529426078291 1
0.517067269588188 1
0.5170969008558651 1
0.5171335328902154 1
0.517435861171305 1
0.5176717160416903 1
0.5179414350565801 1
0.5184369626013369 1
0.5202379158014435 1
0.5202863239416673 1
0.5207784505715519 1
0.5207786677802302 1
0.5208254719986987 1
0.5213006167060468 1
0.5213279096904138 1
0.5214741324821798 1
0.5215144601590795 1
0.5217070257970116 1
0.5218290763288003 1
0.5229829618764225 1
0.5239943675348002 1
0.5242468408512838 1
0.5242783044519946 1
0.5249340207008957 1
0.5250702428565581 1
0.5250756308907668 1
0.5256093765728341 1
0.5268357736139816 1
0.5275596110062267 1
0.5280334653092403 1
0.5282072510329543 1
0.5286113457113479 1
0.5288397932838866 1
0.5288984504728601 1
0.5309798422445148 1
0.5316006537185242 1
0.5320199295444813 1
0.532242105054366 1
0.5329280988247571 1
0.5331302147229406 1
0.5332657592149799 1
0.5334303351708648 1
0.5336877337748847 1
0.5342466346262782 1
0.5345601045570332 1
0.5362530103831912 1
0.5365498165793187 1
0.5366677441636215 1
0.5367985082650997 1
0.5370488501044667 1
0.5377614018373188 1
0.5381905133320046 1
0.538260053381223 1
0.5385543584328543 1
0.5397676819751354 1
0.5431451835965221 1
0.5439597520105864 1
0.5456262850694167 1
0.5488577660224617 1
0.551292675584802 1
0.5519239035363217 1
0.5549095527209381 1
0.5560705460648103 1
0.5574343820740666 1
0.568764495397853 1
0.5718947682226511 1
0.5755313497144365 1
0.5787755428317596 1
0.5832169992285283 1
