
 0.496
 0.478
 0.517
 0.543
 0.512
 0.480
 0.510
 0.532
 0.472
 0.492
 0.472
 0.491
 0.466
 0.517
 0.539
 0.491
 0.512
 0.482
 0.506
 0.527
 0.521
 0.472
 0.515
 0.461
 0.446
 0.446
 0.487
 0.534
 0.524
 0.507
 0.495
 0.537
 0.489
 0.521
 0.537
 0.508
 0.491
 0.478
 0.533
 0.512
 0.528
 0.533
 0.520
 0.540
 0.504
 0.490
 0.485
 0.464
 0.479
 0.518
 0.518
 0.503
 0.469
 0.470
 0.532
 0.482
 0.579
 0.511
 0.491
 0.511
 0.507
 0.466
 0.500
 0.507
 0.500
 0.460
 0.487
 0.516
 0.521
 0.555
 0.517
 0.522
 0.468
 0.529
 0.513
 0.497
 0.521
 0.505
 0.477
 0.490
 0.482
 0.470
 0.506
 0.518
 0.524
 0.496
 0.493
 0.511
 0.459
 0.526
 0.516
 0.522
 0.500
 0.504
 0.481
 0.488
 0.532
 0.537
 0.427
 0.533
 0.452
 0.457
 0.506
 0.510
 0.496
 0.517
 0.466
 0.512
 0.446
 0.572
 0.504
 0.524
 0.523
 0.482
 0.464
 0.549
 0.537
 0.536
 0.497
 0.497
 0.506
 0.487
 0.533
 0.496
 0.522
 0.494
 0.482
 0.509
 0.447
 0.535
 0.515
 0.557
 0.431
 0.477
 0.551
 0.482
 0.459
 0.488
 0.546
 0.465
 0.446
 0.453
 0.425
 0.529
 0.516
 0.538
 0.496
 0.455
 0.498
 0.499
 0.456
 0.520
 0.497
 0.494
 0.497
 0.478
 0.538
 0.495
 0.487
 0.525
 0.515
 0.456
 0.468
 0.489
 0.463
 0.500
 0.498
 0.534
 0.472
 0.499
 0.531
 0.525
 0.479
 0.467
 0.499
 0.569
 0.538
 0.521
 0.509
 0.556
 0.496
 0.501
 0.521
 0.457
 0.466
 0.528
 0.473
 0.544
 0.525
 0.528
 0.442
 0.583
 0.529
 0.494
 0.493
 0.576
 0.516
 0.552
 0.517
 0.486

