0 39
2 47
2 49
0 51
2 51
0 37
0 43
1 47
2 49
0 40
2 39
2 52
1 47
0 45
1 45
2 45
2 41
0 37
1 55
2 41
1 36
0 37
1 48
0 41
0 51
1 39
1 53
0 40
2 42
2 49
0 46
2 35
2 42
2 41
0 47
1 44
0 38
2 48
2 53
2 40
2 39
1 49
2 45
0 41
0 41
0 33
2 46
0 38
0 27
1 44
1 35
2 38
2 41
2 37
2 53
0 37
0 41
1 53
2 42
1 36
2 52
2 47
1 38
1 51
2 31
0 32
1 43
2 37
2 45
1 42
2 40
2 44
2 25
0 49
2 57
0 47
1 45
2 44
1 37
0 43
2 41
1 34
1 44
2 27
0 47
0 43
0 46
2 46
2 60
2 48
2 51
0 47
2 40
1 44
0 44
2 47
1 44
1 46
1 40
0 44
2 36
2 44
1 43
0 47
0 33
1 39
1 46
1 45
2 51
0 42
0 39
2 45
1 42
2 32
0 40
2 43
0 44
1 27
1 44
1 48
0 40
0 50
0 48
0 43
0 38
0 31
2 46
2 34
2 51
2 45
2 37
2 40
1 31
2 40
1 46
1 41
0 53
1 44
2 43
1 45
0 37
1 40
0 59
0 45
1 32
1 48
2 49
1 41
2 49
2 44
2 34
0 38
0 44
0 34
1 35
1 33
0 35
0 37
0 43
2 44
2 40
1 35
0 38
0 48
2 38
2 40
0 41
1 53
1 29
1 35
1 57
2 49
0 53
0 39
0 41
2 45
2 50
1 51
1 37
0 42
0 39
1 33
2 48
2 52
0 42
2 41
1 43
2 41
2 39
1 41
1 43
0 45
0 41
0 46
1 43
1 50
0 42
1 47
1 34
1 48
