0.15633157935659636 1
0.18892638144168586 1
0.22112541987126835 1
0.24746466280031224 1
0.27694539313239414 1
0.30770942317690675 1
0.34117547202340687 1
0.367384138253358 1
0.39143659695694333 1
0.40840697147338767 1
0.432551738608606 1
0.4477809729295062 1
0.4596112004892013 1
0.474212039239147 1
0.4763078496709104 1
0.4973226332645815 1
0.5030271860484697 1
0.5203636595140367 1
0.5205948351455455 1
0.5224452205044671 1
0.5248619293762764 1
0.5318209605388755 1
0.5351375035534439 1
0.5484922848102081 1
0.551414990323869 1
0.5546825548586628 1
0.5683368446378487 1
0.5687883999681581 1
0.5699059360962692 1
0.5793501838931077 1
0.5882009697373283 1
0.5948093486438077 1
0.6008125082498514 1
0.6011977250735722 1
0.6113557568610176 1
0.6121348934314704 1
0.6139039701598171 1
0.6143092372886749 1
0.6253548656363547 1
0.627410155207022 1
0.6285625469741387 1
0.6314824897866678 1
0.640691415634609 1
0.640941662121575 1
0.6411420559842997 1
0.6451058779276545 1
0.6452824612681707 1
0.6458119818758653 1
0.6485765989905676 1
0.6502627454942898 1
0.651632593627312 1
0.6563723824011909 1
0.6564345255686418 1
0.6578065975969714 1
0.6610786708775401 1
0.6626671806787626 1
0.662680464716573 1
0.6629646014189764 1
0.6636370466364618 1
0.6645583537859748 1
0.6648238173748261 1
0.6658480206764057 1
0.6660772936059741 1
0.6667209581554475 1
0.667263976014036 1
0.6683423303550269 1
0.6697398406302313 1
0.6698896905298417 1
0.6699324465424632 1
0.6712066518913726 1
0.6716007817589534 1
0.671858633789348 1
0.6719902191901611 1
0.6721408523210606 1
0.6733201103539829 1
0.6736868667979143 1
0.6739134040204566 1
0.6742277006953703 1
0.6746026450646077 1
0.6748979974625877 1
0.6751814774629551 1
0.6753151316654132 1
0.6755941230123226 1
0.6758421377209836 1
0.6760817253283135 1
0.6769058545589075 1
0.6769978157540121 1
0.67729633492603 1
0.6780408036386167 1
0.6781431348288117 1
0.6789045757653825 1
0.6789500997688545 1
0.6793107167089791 1
0.6793588004706763 1
0.6794484201123517 1
0.6798936201732229 1
0.6799566504691734 1
0.6802426085972434 1
0.6803209585164828 1
0.6808515907376655 1
0.6810680074258703 1
0.681257179643396 1
0.6813056690262748 1
0.6814444263539728 1
0.6815229541346096 1
0.6819407166819024 1
0.6821784939530233 1
0.6824601663736845 1
0.6826171961369253 1
0.6835398162264893 1
0.6841532630615141 1
0.6845054452683159 1
0.6845955256542201 1
0.6845985925648894 1
0.684629441390753 1
0.684634069277288 1
0.6847308046560646 1
0.6847371314561841 1
0.6851325949543842 1
0.6851570034566906 1
0.6851573227355705 1
0.6853633577538454 1
0.6853946609172975 1
0.6859771313608195 1
0.6859995842927549 1
0.6860745484952063 1
0.6860978646976914 1
0.6863132619710867 1
0.6863489366787927 1
0.6863903202949236 1
0.6865704067770108 1
0.6867484006873206 1
0.686772263448884 1
0.6871626126579877 1
0.6878510991515161 1
0.6878915690774141 1
0.6882041766861258 1
0.6884339361722566 1
0.6885133071980888 1
0.6886238769739157 1
0.6886306952861074 1
0.6890598555926034 1
0.689226302750866 1
0.6893413311083814 1
0.6896528641368151 1
0.6897317353773494 1
0.689870459984636 1
0.6899099808633365 1
0.6899568626454543 1
0.6899666212808455 1
0.6902024983474957 1
0.6905148558409502 1
0.6905227438007672 1
0.6905807786978145 1
0.6906045593929002 1
0.6906201619534085 1
0.6907872133783151 1
0.691289244386018 1
0.6914437459564514 1
0.6917154329428122 1
0.6918461614477255 1
0.6919885673726054 1
0.6920197029979737 1
0.6921575742130619 1
0.6922269832147013 1
0.6923556547300898 1
0.6924074183962606 1
0.6925094527825469 1
0.6928308254627786 1
0.6928992490101554 1
0.6929771883907981 1
0.693068156119905 1
0.6931534381954167 1
0.6933663373119637 1
0.6936912423751802 1
0.6937027527315305 1
0.6937528533741107 1
0.6941344913841816 1
0.6942397063796525 1
0.6944051627382465 1
0.6949055027477761 1
0.6949569096841236 1
0.6950386236805818 1
0.6950444177975833 1
0.6951654119682346 1
0.6957098544451221 1
0.6959747871133526 1
0.6963479954900568 1
0.696593427057683 1
0.6971925385715722 1
0.6973715020527387 1
0.6974011570460542 1
0.6974265263012497 1
0.6977943814810055 1
0.6978674863336902 1
0.6978725360404472 1
0.697928037278841 1
0.6982282193998536 1
0.698978018598037 1
0.6992923674298963 1
0.6994701235984923 1
0.6995548920125811 1
0.6995898493771532 1
0.6996609804448071 1
0.6996914536738558 1
0.6997810764463748 1
0.7000952239919714 1
0.7001349489896797 1
0.7002389449782044 1
0.7003355986099323 1
0.7006404986633606 1
0.7006629071784678 1
0.7009052280049218 1
0.7012047171488689 1
0.7013146629231055 1
0.7014561011588729 1
0.7015314552826938 1
0.701794588225886 1
0.7018276091269526 1
0.7022693070213827 1
0.7023911222465842 1
0.7030251366143561 1
0.7031195713773507 1
0.7031402625404575 1
0.7034727035330693 1
0.7036633448506077 1
0.7041202412364747 1
0.7047083035383962 1
0.7047263584423937 1
0.7050081398524117 1
0.7051488744352972 1
0.7053101080224357 1
0.7054003502145514 1
0.7056525701120905 1
0.7056592640991872 1
0.705746604335767 1
0.7063636734204088 1
0.7064926508489303 1
0.7068617609016873 1
0.7071001123023581 1
0.7071683548064105 1
0.707526793098667 1
0.7079314825645533 1
0.7079389330264284 1
0.7084288592626572 1
0.7095137134788562 1
0.709740795000575 1
0.7097854964269497 1
0.7109144799314642 1
0.7111766244585559 1
0.711262197384647 1
0.7113071301490657 1
0.7113637800216789 1
0.7113838647735251 1
0.7115667447381191 1
0.7119643831839012 1
0.7120711605123603 1
0.7121415882005492 1
0.7123776669164852 1
0.7124354199698831 1
0.7124901622912052 1
0.7131064080408761 1
0.7134940714801427 1
0.7141399959908007 1
0.7144048572393045 1
0.7144371864330047 1
0.7147407590735839 1
0.7150839876949884 1
0.7153653342604785 1
0.7158040791806936 1
0.7165325769809286 1
0.7168615878673262 1
0.7173323706945308 1
0.7173533983684345 1
0.7176206338602655 1
0.7182800893451403 1
0.7183042451757226 1
0.7185343418569985 1
0.7188173344656801 1
0.7191404099731291 1
0.7199846547402621 1
0.720051573548852 1
0.7201031255435711 1
0.7201130359129612 1
0.7205882883967537 1
0.7206400105365466 1
0.7207163678460076 1
0.7208217719170987 1
0.721293827645903 1
0.7213628828081073 1
0.721382390044485 1
0.7225404003726794 1
0.7226077921168331 1
0.7228592436018021 1
0.723154053155542 1
0.723660946926081 1
0.7240502224694533 1
0.7242000073517945 1
0.7244396566987539 1
0.7245528131470754 1
0.7247042615344111 1
0.7247877494758921 1
0.7248587428056605 1
0.7249103849510249 1
0.7254132723831201 1
0.725502541896073 1
0.7258269743448134 1
0.7262815658220156 1
0.7263406454703691 1
0.72657145905082 1
0.7267738782651221 1
0.7270880422004679 1
0.7272371326655155 1
0.7273693636500116 1
0.7276226949024779 1
0.7280608554666304 1
0.7281966847839549 1
0.7283778637904617 1
0.7287741374303605 1
0.7292797078905486 1
0.7304414705719674 1
0.7306320891923368 1
0.7310141239568536 1
0.7312874839671326 1
0.7317351716374372 1
0.7323926646177231 1
0.7325932269575893 1
0.7328137735310529 1
0.7330081558498245 1
0.733365320975439 1
0.7337238189560372 1
0.7344115981855189 1
0.7345233438633166 1
0.7346432829665128 1
0.7347302056942875 1
0.735495636578451 1
0.7356229394987869 1
0.7370601069703938 1
0.7372281855321233 1
0.7376158335793057 1
0.7378025133145513 1
0.7379613726579518 1
0.7383554563557084 1
0.738522253947797 1
0.7389760539613919 1
0.7390996732530495 1
0.7392516365727968 1
0.7394077332080427 1
0.7396788952514947 1
0.7401118118918796 1
0.7404075691475498 1
0.740614315316099 1
0.7409415132724942 1
0.741726152016313 1
0.7420426170012654 1
0.7421933980076004 1
0.7425356490735936 1
0.7428354112581356 1
0.7428607432398311 1
0.7428670837747855 1
0.7429692611353752 1
0.7434885924865272 1
0.7435001643152266 1
0.7437520167701454 1
0.7438843889594181 1
0.744385963580051 1
0.744993533366937 1
0.7450025629826343 1
0.745443449386944 1
0.7456304108065079 1
0.7460682610261127 1
0.7462266080654366 1
0.7470751206589026 1
0.7476136089514304 1
0.7490791263596583 1
0.7492781131893321 1
0.7498575605398845 1
0.7500389045807303 1
0.750290370556058 1
0.7503949558362525 1
0.7509325092870079 1
0.7513021862124788 1
0.7513199441577674 1
0.7514231098761003 1
0.7515321443647216 1
0.7516241547716236 1
0.751865473410692 1
0.7518724198709441 1
0.7518971184645397 1
0.7521435570991358 1
0.7526503143350495 1
0.752664739785453 1
0.7529433377552908 1
0.753216620128517 1
0.7532899641882559 1
0.7533009786387943 1
0.7535721376520692 1
0.7539489225240823 1
0.7540444235465174 1
0.7543713114459937 1
0.7545959256534484 1
0.7546774102744206 1
0.7546862676714424 1
0.755107125497444 1
0.755477170774203 1
0.7558996904945728 1
0.7562270798246378 1
0.7565692721415682 1
0.7566277430422238 1
0.7566922291126198 1
0.756903726856633 1
0.7570553209743833 1
0.7572874030811477 1
0.7573179514884075 1
0.7578875984502087 1
0.7578955753329306 1
0.7579779058066419 1
0.7583469895643067 1
0.7584817652052103 1
0.7586299440143733 1
0.7588187877431724 1
0.7588296190609453 1
0.7590465859265342 1
0.7591702605466744 1
0.7592345914982157 1
0.7595030837588075 1
0.759571953754729 1
0.7596028302921969 1
0.7596873173341867 1
0.7600175314221765 1
0.7606395138203831 1
0.7608202547027677 1
0.7611152456508816 1
0.7616051408081417 1
0.7617292970816022 1
0.7617577893809998 1
0.7622436849759436 1
0.7630023749086859 1
0.7632683978065161 1
0.7635362408113576 1
0.7641366257841481 1
0.7652636028513181 1
0.7653854398637767 1
0.7661520834737577 1
0.7662022058783973 1
0.7663197781326355 1
0.7666872528103753 1
0.7667211812980741 1
0.7668697152788158 1
0.7670927464328956 1
0.7677542867575348 1
0.7682387377239367 1
0.768572775147973 1
0.768658148230031 1
0.7689102161335929 1
0.7698623999461672 1
0.7699154417169763 1
0.7699209714378997 1
0.7699705720352553 1
0.7703841098036289 1
0.7704547016228342 1
0.7709904949361787 1
0.7712716491670691 1
0.7715111369206603 1
0.7715270480433483 1
0.771960287801358 1
0.7720758831299215 1
0.7721460820217814 1
0.7723675590361327 1
0.7724131409405137 1
0.7725032486447917 1
0.7725504440555641 1
0.7728611660392831 1
0.773198472782246 1
0.7733469183713683 1
0.7734493508083271 1
0.7742382666395439 1
0.7743615718786092 1
0.7748359021003514 1
0.7748419901722609 1
0.7750393791849284 1
0.7750447600132603 1
0.7754236148128573 1
0.7759562937533981 1
0.776046425787718 1
0.7760531359030788 1
0.7766527371930241 1
0.7767581147822603 1
0.7771710614584232 1
0.7772608842866926 1
0.7774408549575342 1
0.7775632500598619 1
0.7778504507153409 1
0.7779932221672189 1
0.7782278653802397 1
0.7786030417432284 1
0.7795055469386417 1
0.7800157577239774 1
0.7801915085894462 1
0.7805353660569362 1
0.7811459129923048 1
0.7811698629320672 1
0.7812286995350303 1
0.7814420967490361 1
0.7816126673290396 1
0.7816662321920118 1
0.7821309468427904 1
0.7824663238177398 1
0.7825951291608966 1
0.7827403458782591 1
0.7830808751695354 1
0.7831818014690035 1
0.7832083143180159 1
0.7832347669501544 1
0.7832454615491945 1
0.7837359638609427 1
0.7838462519907575 1
0.7839565807776545 1
0.7841569857342097 1
0.7841689656539278 1
0.7842133966503942 1
0.7847287679627056 1
0.7847574916952771 1
0.7850581475874643 1
0.7854626299902735 1
0.7857048371052119 1
0.7858014350375468 1
0.7861723832011766 1
0.78649054601146 1
0.7867234612292862 1
0.7867454548138152 1
0.7867659591227548 1
0.7871444503274561 1
0.7871719702939072 1
0.7872479452637865 1
0.7874770225049957 1
0.7875700513709205 1
0.7879053214931938 1
0.7883926478367473 1
0.7885965790076372 1
0.788888900040681 1
0.788950156479868 1
0.7893429455962269 1
0.7895099995442743 1
0.7900725465120888 1
0.7903604484997987 1
0.7904679639185298 1
0.790601913555392 1
0.7906660369368859 1
0.7915275606369659 1
0.7921538382989352 1
0.7925418220166025 1
0.7925806788574374 1
0.7931587862521984 1
0.7931629774705086 1
0.7932142589668403 1
0.7933645302032946 1
0.7934346623772233 1
0.7936625373978496 1
0.7940730752819166 1
0.7941898646640903 1
0.7942415324821916 1
0.7945094825705609 1
0.7945613078101178 1
0.7947792532185276 1
0.7950880551390744 1
0.795146586166128 1
0.7956174140655331 1
0.7958213461551408 1
0.7959980640792282 1
0.796265477662121 1
0.7963696724793493 1
0.7964037734054351 1
0.7964584459524364 1
0.7965205233936022 1
0.7970308269451021 1
0.7974763293579743 1
0.7974854084760533 1
0.7975587378090059 1
0.797900518823828 1
0.7981015009326713 1
0.7981160168475566 1
0.798304450101956 1
0.7983534350404381 1
0.7983630702432978 1
0.7984146549928426 1
0.7989965543534756 1
0.7992141864889021 1
0.7992938934358059 1
0.7994605432128763 1
0.7995402215587121 1
0.7995561803293324 1
0.7995797890485725 1
0.7998966250385678 1
0.800005622684167 1
0.800052644329732 1
0.800650841760928 1
0.8006617675508592 1
0.8007932359486715 1
0.800845567149708 1
0.8014809287900919 1
0.8015459068857027 1
0.8017217965082266 1
0.8020427738653424 1
0.8022983228821206 1
0.8024798152036328 1
0.8028574560704833 1
0.8029871875995042 1
0.8034667026257108 1
0.8035225933589338 1
0.8036220917422388 1
0.8037772995962061 1
0.8043504135477715 1
0.8047053481197184 1
0.8050790767518896 1
0.8056672006295208 1
0.8057917411505984 1
0.8058667197955801 1
0.8058944389832069 1
0.8059728368849305 1
0.8067179174338779 1
0.8067647110858315 1
0.8068153990903025 1
0.8069044404322586 1
0.8069813130363694 1
0.8072176035224626 1
0.807378766517428 1
0.8074600770329151 1
0.8075106760569322 1
0.8075497481097629 1
0.8077949368663938 1
0.8080180732992844 1
0.8083353538847464 1
0.8085067546226754 1
0.8085606125164122 1
0.8086760675039943 1
0.808801220249852 1
0.808853051796208 1
0.8092475789549983 1
0.8092829933310945 1
0.8094044509008335 1
0.8098787456501303 1
0.8101077063760981 1
0.8105510660759282 1
0.8108002364187863 1
0.8111427156770081 1
0.8112034631009013 1
0.8114253760243916 1
0.8115799929502259 1
0.8117579759943254 1
0.8118167364447733 1
0.8120212814143569 1
0.812349823429898 1
0.8130997744879761 1
0.8132030155518511 1
0.8137299204058991 1
0.81408766604787 1
0.8146478652919751 1
0.8147060391078961 1
0.8150539179865414 1
0.8155470003717324 1
0.8166757077169575 1
0.8167637754378713 1
0.8170028578249494 1
0.8173753423333475 1
0.817500706213907 1
0.8175270689360339 1
0.818093230608915 1
0.8181464378799294 1
0.8181661267020567 1
0.8183352207358161 1
0.8185949396781244 1
0.8186153324617779 1
0.8189197652645958 1
0.8194332045395593 1
0.8194444304987677 1
0.8194725235707527 1
0.8194799897689493 1
0.8196071720410576 1
0.819657677060107 1
0.819889323926097 1
0.8204493063866639 1
0.8205804713876308 1
0.8206497733237245 1
0.8208956594699041 1
0.8210874485536833 1
0.8221920441498304 1
0.8222450632782319 1
0.8223058736014723 1
0.8224834009559725 1
0.8225889667130758 1
0.822625222443444 1
0.8231448418984263 1
0.8232374412651903 1
0.8234301765603997 1
0.823675103534475 1
0.8236969433340142 1
0.8237804509565239 1
0.8238652424084509 1
0.8239241114842362 1
0.8245346814897783 1
0.8250796644636473 1
0.8250996772776578 1
0.8256168705791217 1
0.8256492544284836 1
0.8258956462777539 1
0.8260159921578982 1
0.8260556115553719 1
0.8262150729274225 1
0.8270942341029947 1
0.8271467486999785 1
0.8280753245670918 1
0.8282094928364403 1
0.8283575618140191 1
0.8284033431009996 1
0.8284989402675873 1
0.828547354210626 1
0.8286104478469422 1
0.8286527412043723 1
0.8287110674731711 1
0.828972296593857 1
0.8289781246119461 1
0.8293651564387433 1
0.8295465416407823 1
0.8295882792822403 1
0.8302215471150707 1
0.8305164829830824 1
0.8309085330735899 1
0.8310164821198384 1
0.8310324456093643 1
0.8323300832351146 1
0.8325209706702864 1
0.8327364072264254 1
0.8330379095591665 1
0.8330995332531016 1
0.8333477063424383 1
0.8333687979429274 1
0.8335497305622753 1
0.8336777214933916 1
0.8339101213622541 1
0.8339775274526732 1
0.8345580575949543 1
0.8346386884913238 1
0.8349993331576346 1
0.8354192006430324 1
0.8357577537287892 1
0.83580263911738 1
0.8358198641741656 1
0.8358822551121133 1
0.8363009180676977 1
0.8364332595170471 1
0.8364512399764295 1
0.8369702839859702 1
0.8372226665035527 1
0.8374707462369639 1
0.8376283348410188 1
0.8378139093534336 1
0.8380254037565391 1
0.8381297487893442 1
0.8384152303659256 1
0.8384802514441907 1
0.8385099220027958 1
0.8385734987362727 1
0.838798612525557 1
0.8393708746586731 1
0.8395717018482853 1
0.8395793844317926 1
0.8396047804443217 1
0.8398797284398055 1
0.8400936691918095 1
0.8401329102973097 1
0.840171919277363 1
0.840653132828407 1
0.8410746626094056 1
0.8412474203162271 1
0.8413993811353276 1
0.8416259776429509 1
0.8420781514809291 1
0.8423762485186886 1
0.8426813044841305 1
0.8427160776971404 1
0.8428141290697881 1
0.8428653331662586 1
0.8429160424233826 1
0.8429238182951618 1
0.8430589306034844 1
0.8430613399984781 1
0.8432908358608874 1
0.8434181822853593 1
0.8434343613698762 1
0.8441679336250627 1
0.84429490541261 1
0.8446078222558342 1
0.8448505446016084 1
0.8448619996956043 1
0.8450941793173153 1
0.8451870034538315 1
0.8453886452647864 1
0.8455369959400136 1
0.8458798023525008 1
0.8460467612660796 1
0.8462402608786016 1
0.8462808529856842 1
0.8464476575206606 1
0.8470487633893944 1
0.8470798760149382 1
0.8471812857367605 1
0.8472401012769877 1
0.8472732781824888 1
0.8472872656487052 1
0.8476953432844967 1
0.8478502642347377 1
0.8478919375451168 1
0.84790454936602 1
0.8482243146804274 1
0.8483152460043644 1
0.8483663176807822 1
0.8484527540950908 1
0.848504108715301 1
0.8485849493387385 1
0.8486129447570673 1
0.8486131923868658 1
0.8486700441396875 1
0.8487890354554003 1
0.8488053911030203 1
0.8491653177497422 1
0.8493997138638683 1
0.8494152109219858 1
0.8494966201356701 1
0.8495614398992652 1
0.8495822910764249 1
0.8496225236191439 1
0.8497926936965525 1
0.8498664886514459 1
0.849980025170893 1
0.850135753762022 1
0.8502594983539778 1
0.8502904077701872 1
0.8503342051396678 1
0.850675347348778 1
0.8507694706298028 1
0.850777471826263 1
0.8508882428661197 1
0.8509840206212447 1
0.8509932236565211 1
0.8510348264861511 1
0.8512812743663883 1
0.851360844547993 1
0.8513757381659439 1
0.8513961857795042 1
0.8513968316347782 1
0.8515258148864502 1
0.8516873119142376 1
0.8517221027529953 1
0.8517813754921353 1
0.851781482311358 1
0.8519536966665316 1
0.852060243345822 1
0.8521767866106933 1
0.8522128778508049 1
0.8522935611164136 1
0.8523032307246423 1
0.8523678581020636 1
0.8527396903919684 1
0.8528762203122391 1
0.8533424336872235 1
0.8535143097348804 1
0.8536513767430624 1
0.8536544290993752 1
0.8538062912474677 1
0.8538946049429286 1
0.8540358601922373 1
0.8541793028157919 1
0.8543888033554103 1
0.8546844617363074 1
0.8547191277983928 1
0.854798077618841 1
0.8550097429505992 1
0.8550689062945614 1
0.8552563706368842 1
0.8552969712902284 1
0.8553466904762389 1
0.8555390444816956 1
0.8556917484115099 1
0.8558659093643671 1
0.8561049718432476 1
0.8564878610264476 1
0.8566236651159076 1
0.856637645628331 1
0.8568276851176486 1
0.8570218560645174 1
0.8570494349734759 1
0.8570844360692971 1
0.857203969057483 1
0.8572792504454937 1
0.8574355779720578 1
0.8575409948954676 1
0.8575802174351749 1
0.8577702110994037 1
0.8580199361452157 1
0.8581266752372528 1
0.8582267940563817 1
0.8583575361130215 1
0.8584219403507675 1
0.8584233331035555 1
0.8584507644452517 1
0.8585275482810939 1
0.8586031974422538 1
0.8586134041377704 1
0.8588947342829752 1
0.8589115884261107 1
0.8590382024626917 1
0.8591224949585525 1
0.8592643456714006 1
0.8593688886977174 1
0.8594298321460475 1
0.8596124853539535 1
0.8597015472399759 1
0.8597207334315781 1
0.8598280885718596 1
0.8600003104213495 1
0.8600579639719542 1
0.8601761490953074 1
0.8601893926275408 1
0.8601899793693657 1
0.8602112454049203 1
0.8602711642648798 1
0.8607072857132214 1
0.8607184713551845 1
0.8607585246626304 1
0.8611953227673904 1
0.8612901575197388 1
0.8613763718076815 1
0.8615893018076579 1
0.8616028620282479 1
0.8616083109605224 1
0.8617713358461462 1
0.8619002220486931 1
0.8619252840127507 1
0.8619392904867552 1
0.8619466155199359 1
0.8620047336962193 1
0.8620611842696191 1
0.8622254428820298 1
0.8622483244683062 1
0.8624042022194083 1
0.8624891067508585 1
0.8626735692453736 1
0.8628239836186539 1
0.8628407261567532 1
0.8628907948516835 1
0.8630968903328228 1
0.8631348057489792 1
0.8632995929055279 1
0.8639601736579989 1
0.8640208483386231 1
0.8644631590832165 1
0.8645815672348919 1
0.8649535580003117 1
0.8649763732544227 1
0.8650268762825155 1
0.8651993716802446 1
0.8652949679195223 1
0.8653118699563116 1
0.8653519495379599 1
0.8656433643509257 1
0.8656769661939668 1
0.8662253445620667 1
0.8663299058950841 1
0.8664254447161902 1
0.8665598727216275 1
0.866583691349682 1
0.8666515220909902 1
0.866744693525918 1
0.8667803577966902 1
0.8668538500738904 1
0.867019286795645 1
0.8670725177747657 1
0.8672614161281627 1
0.8673747574973114 1
0.8675406662229113 1
0.8677673180898132 1
0.8677914306737239 1
0.8678506842710343 1
0.8680373782924161 1
0.8681104307370494 1
0.8683581316091131 1
0.8684320984149775 1
0.8684537643720316 1
0.8685713194747617 1
0.8686580950504575 1
0.8697104530683607 1
0.8697240143469208 1
0.8697828507465992 1
0.8703078357087226 1
0.8718135612316227 1
0.871927756685754 1
0.872132687394915 1
0.8724077716321467 1
0.875235714053108 1
