
 0.156
 0.189
 0.221
 0.247
 0.277
 0.308
 0.341
 0.367
 0.391
 0.408
 0.433
 0.448
 0.460
 0.474
 0.476
 0.497
 0.503
 0.520
 0.522
 0.521
 0.525
 0.535
 0.532
 0.548
 0.551
 0.555
 0.570
 0.569
 0.568
 0.579
 0.588
 0.595
 0.601
 0.612
 0.601
 0.614
 0.614
 0.611
 0.625
 0.627
 0.629
 0.631
 0.641
 0.641
 0.641
 0.645
 0.646
 0.645
 0.658
 0.649
 0.661
 0.652
 0.650
 0.656
 0.656
 0.665
 0.672
 0.672
 0.670
 0.666
 0.663
 0.667
 0.674
 0.667
 0.670
 0.670
 0.671
 0.665
 0.664
 0.672
 0.674
 0.663
 0.673
 0.663
 0.679
 0.676
 0.668
 0.666
 0.675
 0.675
 0.672
 0.679
 0.684
 0.681
 0.681
 0.675
 0.680
 0.682
 0.676
 0.679
 0.677
 0.678
 0.680
 0.679
 0.685
 0.675
 0.677
 0.680
 0.681
 0.681
 0.685
 0.693
 0.685
 0.676
 0.681
 0.683
 0.685
 0.677
 0.679
 0.680
 0.685
 0.689
 0.685
 0.687
 0.682
 0.685
 0.685
 0.674
 0.678
 0.682
 0.685
 0.689
 0.685
 0.685
 0.686
 0.694
 0.687
 0.689
 0.690
 0.688
 0.682
 0.686
 0.690
 0.690
 0.686
 0.686
 0.685
 0.698
 0.692
 0.687
 0.690
 0.692
 0.688
 0.693
 0.684
 0.690
 0.688
 0.693
 0.688
 0.693
 0.691
 0.689
 0.689
 0.692
 0.693
 0.691
 0.701
 0.686
 0.695
 0.695
 0.700
 0.690
 0.689
 0.693
 0.691
 0.691
 0.692
 0.698
 0.694
 0.691
 0.686
 0.694
 0.695
 0.691
 0.702
 0.692
 0.691
 0.686
 0.700
 0.694
 0.697
 0.694
 0.687
 0.692
 0.699
 0.697
 0.701
 0.692
 0.700
 0.690
 0.693
 0.692
 0.700
 0.695
 0.705
 0.696
 0.698
 0.696
 0.702
 0.702
 0.695
 0.697
 0.703
 0.701
 0.697
 0.700
 0.691
 0.700
 0.702
 0.700
 0.700
 0.699
 0.710
 0.706
 0.702
 0.696
 0.694
 0.697
 0.703
 0.700
 0.699
 0.701
 0.698
 0.704
 0.708
 0.707
 0.703
 0.705
 0.706
 0.703
 0.706
 0.707
 0.712
 0.708
 0.704
 0.713
 0.712
 0.705
 0.714
 0.701
 0.715
 0.708
 0.705
 0.705
 0.701
 0.698
 0.705
 0.706
 0.711
 0.712
 0.711
 0.710
 0.717
 0.707
 0.712
 0.716
 0.714
 0.706
 0.717
 0.711
 0.708
 0.721
 0.710
 0.712
 0.725
 0.712
 0.721
 0.711
 0.719
 0.715
 0.718
 0.715
 0.712
 0.720
 0.725
 0.717
 0.711
 0.723
 0.714
 0.719
 0.721
 0.721
 0.725
 0.727
 0.719
 0.721
 0.713
 0.724
 0.723
 0.720
 0.711
 0.727
 0.723
 0.727
 0.720
 0.721
 0.728
 0.723
 0.718
 0.725
 0.717
 0.726
 0.728
 0.724
 0.727
 0.724
 0.720
 0.726
 0.726
 0.721
 0.731
 0.731
 0.729
 0.718
 0.724
 0.727
 0.725
 0.729
 0.726
 0.728
 0.731
 0.725
 0.732
 0.738
 0.732
 0.728
 0.738
 0.739
 0.737
 0.733
 0.741
 0.734
 0.733
 0.738
 0.735
 0.735
 0.735
 0.743
 0.743
 0.730
 0.733
 0.744
 0.734
 0.739
 0.735
 0.733
 0.739
 0.744
 0.739
 0.742
 0.740
 0.743
 0.740
 0.740
 0.746
 0.736
 0.742
 0.737
 0.743
 0.739
 0.753
 0.743
 0.748
 0.741
 0.743
 0.752
 0.750
 0.749
 0.751
 0.752
 0.750
 0.747
 0.744
 0.738
 0.746
 0.742
 0.753
 0.754
 0.753
 0.753
 0.749
 0.756
 0.752
 0.754
 0.745
 0.745
 0.752
 0.751
 0.745
 0.757
 0.754
 0.746
 0.751
 0.750
 0.752
 0.755
 0.755
 0.750
 0.756
 0.755
 0.757
 0.753
 0.759
 0.744
 0.758
 0.752
 0.760
 0.757
 0.757
 0.757
 0.760
 0.761
 0.757
 0.755
 0.754
 0.761
 0.759
 0.758
 0.759
 0.760
 0.764
 0.755
 0.757
 0.761
 0.762
 0.758
 0.753
 0.751
 0.764
 0.759
 0.759
 0.768
 0.762
 0.768
 0.760
 0.767
 0.758
 0.770
 0.759
 0.769
 0.760
 0.762
 0.765
 0.773
 0.766
 0.778
 0.773
 0.770
 0.770
 0.758
 0.771
 0.763
 0.772
 0.767
 0.762
 0.767
 0.763
 0.766
 0.775
 0.777
 0.769
 0.775
 0.773
 0.774
 0.770
 0.770
 0.780
 0.771
 0.765
 0.773
 0.772
 0.767
 0.772
 0.775
 0.772
 0.778
 0.781
 0.778
 0.766
 0.780
 0.772
 0.775
 0.779
 0.781
 0.770
 0.773
 0.783
 0.772
 0.777
 0.772
 0.769
 0.787
 0.782
 0.778
 0.783
 0.783
 0.777
 0.781
 0.776
 0.781
 0.784
 0.776
 0.780
 0.773
 0.774
 0.785
 0.782
 0.786
 0.782
 0.786
 0.784
 0.781
 0.777
 0.783
 0.787
 0.776
 0.784
 0.775
 0.783
 0.787
 0.795
 0.783
 0.777
 0.789
 0.783
 0.785
 0.789
 0.784
 0.790
 0.784
 0.786
 0.789
 0.788
 0.787
 0.789
 0.788
 0.782
 0.794
 0.787
 0.785
 0.796
 0.784
 0.786
 0.792
 0.794
 0.797
 0.792
 0.795
 0.794
 0.796
 0.785
 0.790
 0.793
 0.794
 0.797
 0.796
 0.793
 0.798
 0.796
 0.790
 0.796
 0.790
 0.798
 0.801
 0.791
 0.788
 0.793
 0.791
 0.793
 0.793
 0.804
 0.798
 0.801
 0.787
 0.799
 0.795
 0.799
 0.798
 0.800
 0.798
 0.803
 0.800
 0.795
 0.797
 0.798
 0.796
 0.804
 0.801
 0.787
 0.800
 0.801
 0.799
 0.795
 0.808
 0.799
 0.798
 0.793
 0.804
 0.803
 0.807
 0.796
 0.805
 0.802
 0.809
 0.802
 0.802
 0.793
 0.802
 0.807
 0.807
 0.801
 0.807
 0.800
 0.797
 0.803
 0.804
 0.800
 0.805
 0.806
 0.798
 0.806
 0.812
 0.809
 0.800
 0.808
 0.806
 0.807
 0.810
 0.815
 0.810
 0.809
 0.807
 0.806
 0.806
 0.812
 0.809
 0.819
 0.818
 0.808
 0.812
 0.811
 0.809
 0.814
 0.809
 0.817
 0.808
 0.808
 0.811
 0.819
 0.819
 0.811
 0.814
 0.817
 0.818
 0.813
 0.812
 0.822
 0.819
 0.811
 0.809
 0.827
 0.807
 0.820
 0.815
 0.807
 0.818
 0.817
 0.820
 0.815
 0.813
 0.802
 0.820
 0.823
 0.823
 0.823
 0.811
 0.824
 0.818
 0.822
 0.809
 0.829
 0.819
 0.819
 0.824
 0.818
 0.821
 0.822
 0.828
 0.826
 0.825
 0.820
 0.817
 0.822
 0.829
 0.826
 0.823
 0.821
 0.816
 0.825
 0.828
 0.818
 0.826
 0.819
 0.825
 0.812
 0.824
 0.833
 0.828
 0.828
 0.829
 0.826
 0.821
 0.835
 0.831
 0.830
 0.826
 0.824
 0.829
 0.824
 0.823
 0.829
 0.836
 0.830
 0.826
 0.829
 0.837
 0.837
 0.836
 0.833
 0.828
 0.833
 0.827
 0.838
 0.831
 0.834
 0.829
 0.821
 0.831
 0.834
 0.833
 0.843
 0.830
 0.838
 0.839
 0.831
 0.834
 0.833
 0.837
 0.843
 0.840
 0.838
 0.840
 0.840
 0.838
 0.840
 0.833
 0.832
 0.836
 0.849
 0.841
 0.842
 0.840
 0.844
 0.835
 0.843
 0.836
 0.839
 0.835
 0.836
 0.836
 0.848
 0.850
 0.843
 0.834
 0.846
 0.843
 0.843
 0.843
 0.840
 0.840
 0.843
 0.835
 0.847
 0.839
 0.839
 0.843
 0.838
 0.845
 0.842
 0.846
 0.847
 0.850
 0.836
 0.847
 0.849
 0.849
 0.838
 0.854
 0.841
 0.852
 0.848
 0.849
 0.849
 0.850
 0.850
 0.846
 0.844
 0.845
 0.849
 0.846
 0.854
 0.851
 0.851
 0.854
 0.852
 0.847
 0.850
 0.851
 0.841
 0.850
 0.841
 0.851
 0.852
 0.851
 0.847
 0.849
 0.858
 0.851
 0.845
 0.848
 0.853
 0.846
 0.846
 0.852
 0.850
 0.845
 0.852
 0.845
 0.850
 0.852
 0.854
 0.848
 0.848
 0.858
 0.859
 0.843
 0.851
 0.854
 0.849
 0.845
 0.847
 0.842
 0.851
 0.852
 0.854
 0.849
 0.848
 0.848
 0.861
 0.858
 0.855
 0.852
 0.862
 0.852
 0.850
 0.856
 0.851
 0.855
 0.850
 0.859
 0.860
 0.852
 0.859
 0.857
 0.843
 0.849
 0.855
 0.855
 0.851
 0.854
 0.848
 0.849
 0.862
 0.860
 0.861
 0.856
 0.863
 0.852
 0.860
 0.867
 0.860
 0.856
 0.856
 0.867
 0.868
 0.857
 0.855
 0.860
 0.853
 0.857
 0.863
 0.858
 0.857
 0.862
 0.855
 0.855
 0.859
 0.868
 0.857
 0.860
 0.862
 0.858
 0.860
 0.853
 0.868
 0.859
 0.854
 0.851
 0.862
 0.861
 0.862
 0.862
 0.865
 0.860
 0.868
 0.862
 0.858
 0.857
 0.858
 0.863
 0.865
 0.867
 0.867
 0.859
 0.859
 0.859
 0.861
 0.866
 0.870
 0.867
 0.851
 0.863
 0.862
 0.872
 0.865
 0.867
 0.867
 0.868
 0.867
 0.863
 0.858
 0.857
 0.856
 0.867
 0.863
 0.862
 0.872
 0.864
 0.868
 0.859
 0.862
 0.865
 0.857
 0.858
 0.863
 0.860
 0.859
 0.866
 0.860
 0.872
 0.868
 0.855
 0.862
 0.870
 0.868
 0.875
 0.865
 0.870
 0.857
 0.864
 0.865
 0.869
 0.870
 0.865
 0.865
 0.872
 0.852
 0.862
 0.858
 0.860
 0.866
 0.869
 0.861
 0.861
 0.862
 0.864
 0.866
 0.866
 0.868
 0.867

