25995 37
197800 50
185439 39
54039 47
151563 42
12691 39
241576 49
225805 49
288067 41
228442 45
186507 54
82762 52
92344 41
241723 44
188908 44
46794 40
9051 42
139815 34
93565 44
158431 47
125103 44
142153 30
3186 46
282210 32
12666 47
194321 47
22361 48
156954 42
93124 38
275678 64
234826 36
82610 44
162182 33
241999 51
41179 46
81180 43
195883 52
231222 43
162324 40
112440 44
8662 32
114489 35
213781 42
164555 41
158132 33
275013 41
277843 32
276537 34
286215 41
245201 54
243994 37
182915 49
153631 42
126623 38
153970 54
201388 31
263372 42
158908 39
274665 44
211382 57
180060 39
191726 41
31866 35
95748 43
134372 43
49160 42
268755 42
38561 33
56575 48
157554 57
145961 42
290165 36
9617 39
236970 33
275301 51
225080 46
190509 49
131820 45
275593 45
230112 44
39013 43
278965 44
57978 38
68650 32
34682 44
280991 43
288632 30
172201 45
277340 28
168520 43
238912 51
112726 54
231806 36
98846 51
117552 37
208309 40
175578 39
148096 27
285640 40
110835 30
117505 47
10993 37
82888 42
16963 57
57241 42
226290 51
143867 53
233769 28
28384 39
296458 41
154629 38
116776 39
113551 35
267834 31
93639 45
181669 41
236655 39
181950 40
116564 29
71502 44
26638 48
99906 59
81937 37
238155 44
107818 47
39901 36
273862 46
271269 20
4574 36
53255 31
159142 55
278602 38
252860 43
95889 41
19223 37
189688 37
187343 40
31293 43
122301 49
19663 51
21447 35
226560 35
47643 37
191297 45
257664 43
75671 22
142829 47
272183 35
157655 30
103683 41
285245 40
239191 52
265680 39
71635 54
31434 39
234548 48
114614 46
215394 40
72245 44
27159 41
151535 48
211528 37
267953 46
38600 43
299681 39
170301 53
15330 43
36194 37
24662 49
9780 38
198866 41
135334 35
96502 50
65467 40
199753 37
89806 50
34046 40
37816 41
280248 42
282293 47
285559 35
274024 40
26294 48
157844 51
238164 43
122132 33
18804 44
69934 36
259604 37
183364 51
213328 41
133397 44
58740 30
123988 38
138790 45
298965 53
5450 48
89644 36
79302 45
182423 43
277311 49
194047 46
177595 37
95895 37
98763 47
29640 41
95796 48
40613 37
108490 45
170304 53
187575 47
28708 48
233101 30
205625 57
276397 40
207279 53
258963 60
262686 50
297048 46
259981 39
179881 37
234270 48
41685 46
260668 42
156268 44
142701 48
58061 54
249419 41
250647 50
225321 38
175451 32
94471 45
106211 40
231404 43
183665 41
292928 55
208176 34
171039 42
62531 32
50082 42
13020 51
54159 40
52556 44
160445 40
147886 49
202086 42
273377 53
194158 45
171125 43
5517 41
33642 48
69453 41
46062 29
140930 44
235594 31
266206 37
112652 40
42491 44
58421 27
6467 50
146282 50
158424 28
7811 43
95713 54
269506 41
299707 43
43805 54
83485 45
230699 43
214538 37
245924 40
63444 36
184111 37
294685 48
43174 34
191579 42
97482 45
239115 35
227101 32
56578 50
277765 49
66751 53
178377 41
288665 36
41052 36
83395 37
171761 37
242206 41
160586 55
67706 45
180435 51
33650 40
206491 42
148324 47
78641 48
158857 38
41998 29
297883 49
241614 48
154014 50
164646 45
70343 35
263364 29
200645 38
175842 47
155738 34
156730 64
208911 34
129457 38
120681 44
165584 37
43644 42
249015 52
244496 41
106274 46
84944 37
213887 47
148857 41
165083 37
39090 32
97607 44
254005 46
209178 38
36738 39
196055 45
276368 33
121909 59
273067 36
209617 38
11456 59
247974 45
159357 48
241983 49
121370 41
130921 45
167200 36
248117 38
68988 42
143989 36
254728 46
106461 50
10179 33
55878 41
70078 45
203930 42
71827 43
35410 52
229126 42
108521 45
206557 46
183371 36
63893 45
161762 36
125153 36
85877 44
33946 40
52988 48
264540 49
11790 38
286011 37
138817 54
253092 50
226403 41
36697 46
144616 31
85656 50
65609 45
239995 38
29818 35
18204 48
108288 37
84479 36
216266 52
136559 40
150 46
45796 42
67463 36
144857 43
219830 45
96991 51
267654 38
157692 42
137124 45
53593 30
182312 45
264763 54
94511 55
1155 43
286086 44
269049 40
146165 40
120995 46
21017 46
178088 40
113421 48
194524 42
95724 31
53766 39
62600 36
228170 49
256992 36
98547 37
279657 53
199531 36
56832 44
275487 43
206632 39
280513 37
202370 45
225730 56
217390 38
145733 32
211535 30
260292 42
244258 43
23444 33
5393 45
63087 33
223448 39
192118 45
47495 39
249049 48
105123 41
69039 40
192038 31
74936 32
273947 38
276598 40
226068 35
101194 43
147485 37
8940 31
86042 54
250830 45
263933 39
254839 56
196357 50
205522 35
135625 46
163301 37
16153 44
120662 39
32641 45
265432 40
91745 42
29150 45
269868 38
90322 42
294731 53
38820 35
202043 35
33690 35
80240 40
10280 44
84446 45
255952 39
226545 42
30835 44
131622 43
100943 35
15276 44
275762 41
103531 37
138425 40
181918 41
70799 44
166931 38
241690 36
208360 33
239224 44
120521 48
217235 37
242985 27
32960 57
134695 49
5520 52
20048 45
210723 30
40935 48
71062 36
107283 42
35837 38
212295 42
96021 32
40816 43
223678 47
4105 33
184424 36
207476 44
172223 42
174246 39
73759 37
208182 47
60013 33
173906 28
137509 46
181296 29
193410 35
293472 40
245419 56
81693 61
29329 38
63762 47
28916 48
200672 34
91068 47
50092 40
76225 42
72169 48
33012 30
36131 45
55798 29
243976 53
194994 44
175439 42
237796 28
96735 47
219074 36
191772 36
151134 53
270452 45
80290 47
134089 46
178429 53
6116 44
8644 50
38945 41
152665 36
130736 55
152114 42
21606 45
278096 54
205663 44
149918 47
7856 44
153115 40
222531 39
251571 42
30690 46
25069 36
66616 37
230486 39
250520 40
156305 48
75327 46
200901 42
13573 53
226418 45
199082 44
53824 45
41295 35
38837 34
223241 46
81527 35
243293 44
239476 36
33211 42
160876 42
268373 41
291810 48
199907 41
213127 40
51650 51
186291 32
230032 42
152542 53
181376 28
192322 52
264384 41
277243 43
96511 42
188305 46
18479 46
143974 41
35307 42
29342 53
142185 44
103699 41
286287 48
133268 48
30077 38
256462 32
46212 39
283433 35
140207 49
213247 42
164243 50
261498 41
277724 48
27866 45
248591 39
35111 40
169744 47
284694 43
230362 42
233717 35
100104 43
297394 37
219937 55
251377 44
86469 32
90049 49
53633 43
117402 47
68251 46
295578 37
112618 26
274974 46
31378 45
15829 38
202292 41
203867 44
225632 56
145362 42
8236 42
216062 46
131679 45
164090 36
94911 48
243185 55
208322 36
155123 42
84864 50
120879 39
195634 46
101412 41
150043 43
259026 39
266793 40
59427 30
262234 47
67028 39
110350 38
199209 38
187042 36
80487 43
185626 53
238543 34
165208 34
9946 35
226403 51
183821 49
205995 42
203135 41
72899 49
122385 48
20754 43
80229 40
188441 46
189595 39
149273 43
66247 53
165436 33
159888 49
178618 28
6365 40
145617 51
83444 32
122645 40
108460 37
171642 45
9564 32
20967 31
12520 41
250879 46
104198 50
228528 46
238839 41
248320 33
82212 53
101219 46
215978 51
133119 42
235076 41
139188 37
35581 35
82862 34
141528 43
27324 45
123848 40
101160 55
2674 40
112644 45
59380 48
127507 50
143555 46
279675 46
203615 46
213547 45
170847 36
128930 33
143590 46
106944 36
170798 41
28918 43
77211 35
23124 43
72766 42
199520 47
198322 35
195851 51
291889 43
193945 48
263143 37
80421 54
299608 38
177615 48
140526 43
137850 37
52573 56
55171 34
66347 41
54787 41
139187 41
172050 41
137244 44
52354 51
79062 25
113461 55
190308 52
107279 35
232821 37
42545 49
24045 51
150729 42
249380 39
259890 36
121141 45
224304 44
293996 48
128993 49
135878 44
258387 45
63741 43
96551 43
208197 46
95940 46
106887 46
42618 43
162324 42
114140 31
19759 40
223683 35
140779 32
98026 45
98435 36
221632 52
214419 29
293443 46
173303 42
83320 38
295590 56
111873 41
252014 39
229178 36
265202 40
76883 41
240930 45
24726 50
204625 36
190703 45
106297 52
146331 35
200978 43
60529 34
274737 55
31832 47
167908 32
256699 42
257541 38
87760 42
95552 47
279476 53
115411 28
227901 36
110874 47
287748 46
158716 40
142962 37
94378 49
291203 38
104518 45
247695 32
60946 43
127756 45
283758 39
120666 48
270906 35
240167 41
211648 41
42298 49
92853 34
229635 42
474 46
49171 46
292089 39
200127 45
207496 38
256959 45
67389 38
214817 28
270191 45
60428 29
5260 32
265652 41
288612 44
97038 45
163161 30
8423 44
267814 36
160484 34
33445 42
39347 40
134707 36
272408 43
275986 41
283914 43
190396 45
164111 55
41196 38
136296 34
154403 39
85510 36
35463 46
226356 36
97707 39
146316 45
208117 36
2083 33
50235 32
3220 49
63477 44
298198 31
3202 41
38471 43
122162 50
216063 42
108823 45
127934 42
74049 41
66577 34
208587 38
71811 60
179761 43
126184 41
197023 41
57918 43
289311 33
126066 50
50503 44
246007 50
155021 38
36985 35
219934 42
2286 39
121142 28
125995 43
202613 35
75566 30
174934 36
147169 47
171657 44
90778 37
143032 43
286201 35
251453 50
241813 43
112853 41
208275 42
84592 43
293596 45
251908 47
60198 45
139413 43
53160 42
87256 40
50901 47
258182 36
141518 45
194395 52
279870 38
43219 46
291370 40
27942 38
28 37
122983 49
211575 40
7216 45
190516 54
231262 42
96619 52
246776 48
275836 49
170848 32
218397 40
96289 45
60303 48
118147 48
19085 33
225038 48
51561 48
57144 47
26657 46
154153 43
23181 42
9798 48
39679 46
104593 41
214899 44
155868 56
74638 39
90333 39
289100 42
107492 48
37832 36
144848 36
154332 43
123444 46
174334 54
224240 43
130607 45
114198 40
58933 45
82726 38
266991 46
102169 41
228219 38
165216 46
29840 40
161555 42
209224 49
107730 46
59479 43
69076 43
177905 57
79374 43
44762 40
250841 29
80839 52
139161 45
88079 36
111114 41
175045 43
17771 42
128786 38
276357 42
84801 44
167676 37
159987 50
282522 38
239546 35
255576 36
112658 34
74473 43
244587 51
298212 37
91876 48
275196 43
245466 41
266814 53
132638 30
216804 43
178106 33
106470 44
97421 32
107987 54
249763 51
34371 43
263949 49
140809 41
170807 54
296028 52
50177 52
115734 52
54130 34
269692 41
293476 37
186242 34
17552 45
118130 44
243327 43
93871 48
265194 44
292002 43
40661 38
80684 45
186164 36
291425 48
42789 32
229572 42
293229 37
191514 45
110725 45
292655 42
30192 38
233545 43
205180 29
225146 42
204765 48
176281 38
