
 0.558
 0.480
 0.452
 0.425
 0.543
 0.514
 0.504
 0.477
 0.535
 0.496
 0.490
 0.467
 0.484
 0.505
 0.488
 0.547
 0.501
 0.481
 0.486
 0.482
 0.471
 0.529
 0.506
 0.452
 0.517
 0.463
 0.484
 0.526
 0.537
 0.478
 0.496
 0.489
 0.537
 0.510
 0.495
 0.499
 0.547
 0.536
 0.494
 0.490
 0.500
 0.522
 0.492
 0.472
 0.479
 0.495
 0.429
 0.548
 0.475
 0.491
 0.506
 0.448
 0.494
 0.430
 0.531
 0.486
 0.480
 0.519
 0.482
 0.499
 0.503
 0.510
 0.507
 0.535
 0.491
 0.518
 0.465
 0.524
 0.508
 0.472
 0.471
 0.505
 0.543
 0.506
 0.451
 0.486
 0.493
 0.494
 0.481
 0.446
 0.466
 0.479
 0.496
 0.480
 0.450
 0.464
 0.514
 0.456
 0.467
 0.507
 0.488
 0.466
 0.467
 0.504
 0.469
 0.448
 0.485
 0.520
 0.476
 0.532
 0.452
 0.484
 0.522
 0.485
 0.477
 0.524
 0.504
 0.493
 0.543
 0.542
 0.472
 0.485
 0.530
 0.470
 0.484
 0.561
 0.496
 0.516
 0.511
 0.440
 0.526
 0.493
 0.518
 0.548
 0.508
 0.562
 0.472
 0.468
 0.492
 0.488
 0.484
 0.516
 0.511
 0.527
 0.494
 0.465
 0.487
 0.503
 0.458
 0.502
 0.534
 0.466
 0.503
 0.539
 0.557
 0.472
 0.503
 0.488
 0.502
 0.496
 0.484
 0.515
 0.497
 0.486
 0.456
 0.481
 0.538
 0.518
 0.441
 0.513
 0.528
 0.495
 0.496
 0.463
 0.531
 0.477
 0.483
 0.482
 0.560
 0.522
 0.493
 0.530
 0.516
 0.496
 0.504
 0.547
 0.518
 0.490
 0.529
 0.487
 0.532
 0.510
 0.497
 0.497
 0.499
 0.524
 0.501
 0.474
 0.525
 0.525
 0.504
 0.518
 0.469
 0.468
 0.545
 0.518
 0.492
 0.483
 0.476
 0.521

