
 0.494
 0.516
 0.517
 0.521
 0.619
 0.672
 0.722
 0.736
 0.740
 0.740
 0.740
 0.740
 0.752
 0.744
 0.746
 0.762
 0.762
 0.762
 0.762
 0.762
 0.762
 0.762
 0.762
 0.762
 0.762
 0.762
 0.762
 0.762
 0.762
 0.762
 0.762
 0.762
 0.762
 0.762
 0.762
 0.762
 0.762
 0.762
 0.762
 0.762
 0.762
 0.762
 0.762
 0.762
 0.762
 0.762
 0.762
 0.762
 0.762
 0.762
 0.762
 0.762
 0.762
 0.762
 0.762
 0.762
 0.762
 0.762
 0.762
 0.762
 0.762
 0.762
 0.762
 0.762
 0.762
 0.762
 0.762
 0.762
 0.762
 0.762
 0.762
 0.762
 0.762
 0.762
 0.762
 0.762
 0.762
 0.762
 0.762
 0.762
 0.762
 0.762
 0.762
 0.762
 0.762
 0.762
 0.762
 0.762
 0.762
 0.762
 0.762
 0.762
 0.762
 0.762
 0.762
 0.762
 0.762
 0.762
 0.762
 0.762
 0.762
 0.762
 0.762
 0.762
 0.762
 0.762
 0.762
 0.762
 0.762
 0.762
 0.762
 0.762
 0.762
 0.762
 0.762
 0.762
 0.762
 0.762
 0.762
 0.762
 0.762
 0.762
 0.762
 0.762
 0.762
 0.762
 0.762
 0.762
 0.762
 0.762
 0.762
 0.762
 0.762
 0.762
 0.762
 0.762
 0.762
 0.762
 0.762
 0.762
 0.762
 0.762
 0.762
 0.762
 0.762
 0.762
 0.762
 0.762
 0.762
 0.762
 0.762
 0.762
 0.762
 0.762
 0.762
 0.762
 0.762
 0.762
 0.762
 0.762
 0.762
 0.762
 0.762
 0.762
 0.762
 0.762
 0.762
 0.762
 0.762
 0.762
 0.762
 0.762
 0.762
 0.762
 0.762
 0.762
 0.762
 0.762
 0.762
 0.762
 0.762
 0.762
 0.762
 0.762
 0.762
 0.762
 0.762
 0.762
 0.762
 0.762
 0.762
 0.762
 0.762
 0.762
 0.762
 0.762
 0.762
 0.762
 0.762
 0.762

