0.4716386698094602 1
0.47257551556803257 1
0.4787417553174185 1
0.4849044708228042 1
0.48571332151305724 1
0.49144563401215646 1
0.4947838267708372 1
0.49567292890924286 1
0.49642387344182703 1
0.4998462454337128 1
0.5001491994059671 1
0.5003817221545865 1
0.5012068945460029 1
0.5024909657375708 1
0.5042633864171606 1
0.5043209825667566 1
0.5056411899269685 1
0.5070401528809297 1
0.5086928268585167 1
0.5088480345968275 1
0.5089299760815497 1
0.5092923353566251 1
0.5105829586943657 1
0.5108038768495606 1
0.5117627842641368 1
0.5124671667186181 1
0.5127532200626949 1
0.512937696250754 1
0.5134883249331037 1
0.513639530731895 1
0.5145650423263096 1
0.5146002593954303 1
0.5146841264452593 1
0.5147291493641881 1
0.5149132067337688 1
0.5180694009723933 1
0.5182071282326552 1
0.5184551597243618 1
0.5185079112181754 1
0.520610249241391 1
0.5206952717378006 1
0.5210221944601331 1
0.5210518871709823 1
0.5211679691650875 1
0.5214087560171471 1
0.5215456811821837 1
0.5221284443393636 1
0.5225089298415692 1
0.523034828884775 1
0.5232996702295641 1
0.5235172187660178 1
0.5238532587059549 1
0.5238703017991442 1
0.5241624671302448 1
0.5243609481232798 1
0.5244850504869101 1
0.5250325684097921 1
0.5251114272770471 1
0.5252117249339886 1
0.5253140611537394 1
0.5254607912234814 1
0.5256326081101331 1
0.5257069671885929 1
0.5261267206386201 1
0.527466962926035 1
0.5279392353871125 1
0.5283959057767962 1
0.5289196421063028 1
0.529325331547225 1
0.530448327395177 1
0.5308940294772437 1
0.5312762875293301 1
0.5315460375736157 1
0.5325112852895276 1
0.5329386133120192 1
0.5331885136703989 1
0.5332899179516007 1
0.5334679084422802 1
0.5334754376949525 1
0.5341169685122875 1
0.534582787117415 1
0.5348995361889558 1
0.5349008107280452 1
0.5349885598604042 1
0.5350016062304523 1
0.5358870116903361 1
0.5365619405500555 1
0.5366634540609437 1
0.5371180319103109 1
0.5371729877321095 1
0.5374828778455722 1
0.5375124785450618 1
0.5376153721820756 1
0.5378200565048616 1
0.5379385104688261 1
0.5380174337387078 1
0.5384340293895109 1
0.538707786677801 1
0.538756535182843 1
0.539804112337454 1
0.5398933554182441 1
0.5408453643013779 1
0.5413022998515391 1
0.541347878150975 1
0.5419258075999467 1
0.5425633699473034 1
0.5426929111123316 1
0.543055081690628 1
0.5446359013471973 1
0.5448279123058539 1
0.5457011392710086 1
0.5458239587489128 1
0.5459033150456947 1
0.5464035269111129 1
0.5465418505380866 1
0.5467640670519165 1
0.5468293019192342 1
0.5470789686078283 1
0.5472641158513213 1
0.5478048516520456 1
0.5483000831172218 1
0.5483651538858829 1
0.5486172944134302 1
0.5487646659928935 1
0.5489206073385978 1
0.5496533826741399 1
0.5497606766061712 1
0.5500518161995348 1
0.5501207622937748 1
0.550690772076307 1
0.5507002455128361 1
0.5510603070442261 1
0.5511864882681131 1
0.5513632755827672 1
0.5514299002116756 1
0.5529988455701029 1
0.5532962881214928 1
0.5535528721006775 1
0.5537988613038077 1
0.5538779254098002 1
0.5539684072981694 1
0.5541191512443647 1
0.5543800261702646 1
0.5543939521863659 1
0.554536860256531 1
0.5548523695077026 1
0.554872961049345 1
0.5550598217885743 1
0.5555181230630939 1
0.5557547037605916 1
0.5568195139752486 1
0.557548203410429 1
0.5579394347782651 1
0.5580974984567502 1
0.5584703103679302 1
0.5585447504180222 1
0.5598046655783979 1
0.560512033490728 1
0.5609071150959388 1
0.5612630403303164 1
0.5614970694441034 1
0.5617598545702529 1
0.5619038440026837 1
0.562135343245225 1
0.5621690841920542 1
0.562174910967283 1
0.5627077441629231 1
0.5634355062199556 1
0.5637268602632173 1
0.5641071678061046 1
0.5641363848567532 1
0.5648327577883177 1
0.5657740828953398 1
0.5657935473725673 1
0.5665464354820138 1
0.5667977059542603 1
0.5667994736265426 1
0.5676889857357396 1
0.5687814539402626 1
0.5687931740032562 1
0.5691983584164113 1
0.5695337583637959 1
0.5724812236443837 1
0.5732436974158087 1
0.5734144489852424 1
0.5797550278165347 1
0.5815545415533034 1
0.5819006729161972 1
0.5819026481894227 1
0.5823761515774923 1
0.5829983096218029 1
0.5852198745393954 1
0.5854883894308551 1
0.586994560358209 1
0.5930243489993118 1
0.5946653077563135 1
0.5972167967073744 1
0.600244820559623 1
0.6032112837728762 1
0.6037537642989542 1
