
 0.525
 0.546
 0.554
 0.500
 0.509
 0.558
 0.554
 0.597
 0.533
 0.551
 0.509
 0.569
 0.521
 0.524
 0.556
 0.538
 0.558
 0.531
 0.562
 0.583
 0.513
 0.555
 0.538
 0.479
 0.518
 0.563
 0.538
 0.548
 0.572
 0.600
 0.561
 0.524
 0.546
 0.513
 0.509
 0.522
 0.533
 0.551
 0.496
 0.554
 0.523
 0.570
 0.538
 0.549
 0.473
 0.540
 0.560
 0.585
 0.554
 0.515
 0.521
 0.537
 0.536
 0.582
 0.543
 0.524
 0.562
 0.472
 0.528
 0.504
 0.535
 0.553
 0.543
 0.573
 0.535
 0.546
 0.540
 0.525
 0.558
 0.564
 0.528
 0.521
 0.582
 0.514
 0.526
 0.513
 0.502
 0.561
 0.506
 0.551
 0.542
 0.532
 0.580
 0.561
 0.541
 0.491
 0.504
 0.526
 0.554
 0.566
 0.524
 0.525
 0.558
 0.500
 0.538
 0.533
 0.567
 0.603
 0.566
 0.550
 0.511
 0.512
 0.525
 0.486
 0.553
 0.509
 0.549
 0.495
 0.524
 0.531
 0.550
 0.547
 0.587
 0.518
 0.541
 0.551
 0.533
 0.547
 0.550
 0.547
 0.562
 0.582
 0.543
 0.511
 0.515
 0.529
 0.549
 0.515
 0.535
 0.585
 0.545
 0.551
 0.523
 0.524
 0.526
 0.519
 0.563
 0.537
 0.539
 0.562
 0.546
 0.562
 0.565
 0.521
 0.548
 0.530
 0.567
 0.547
 0.515
 0.533
 0.555
 0.559
 0.551
 0.555
 0.537
 0.539
 0.533
 0.564
 0.561
 0.554
 0.512
 0.485
 0.595
 0.569
 0.527
 0.515
 0.522
 0.535
 0.557
 0.593
 0.547
 0.555
 0.501
 0.525
 0.500
 0.534
 0.529
 0.507
 0.548
 0.537
 0.604
 0.518
 0.582
 0.496
 0.568
 0.523
 0.537
 0.538
 0.550
 0.535
 0.541
 0.545
 0.573
 0.556
 0.569
 0.554
 0.567
 0.564
 0.521
 0.521

