
 0.507
 0.510
 0.531
 0.531
 0.634
 0.666
 0.680
 0.685
 0.685
 0.685
 0.685
 0.685
 0.685
 0.685
 0.685
 0.685
 0.685
 0.685
 0.685
 0.685
 0.685
 0.685
 0.685
 0.685
 0.685
 0.685
 0.685
 0.685
 0.685
 0.685
 0.685
 0.685
 0.685
 0.685
 0.685
 0.685
 0.685
 0.685
 0.685
 0.685
 0.685
 0.685
 0.685
 0.685
 0.685
 0.685
 0.685
 0.685
 0.685
 0.685
 0.685
 0.685
 0.685
 0.685
 0.685
 0.685
 0.685
 0.685
 0.685
 0.685
 0.685
 0.685
 0.685
 0.685
 0.685
 0.685
 0.685
 0.685
 0.685
 0.685
 0.685
 0.685
 0.685
 0.685
 0.685
 0.685
 0.685
 0.685
 0.685
 0.685
 0.685
 0.685
 0.685
 0.685
 0.685
 0.685
 0.685
 0.685
 0.685
 0.685
 0.685
 0.685
 0.685
 0.685
 0.685
 0.685
 0.685
 0.685
 0.685
 0.685
 0.685
 0.685
 0.685
 0.685
 0.685
 0.685
 0.685
 0.685
 0.685
 0.685
 0.685
 0.685
 0.685
 0.685
 0.685
 0.685
 0.685
 0.685
 0.685
 0.685
 0.685
 0.685
 0.685
 0.685
 0.685
 0.685
 0.685
 0.685
 0.685
 0.685
 0.685
 0.685
 0.685
 0.685
 0.685
 0.685
 0.685
 0.685
 0.685
 0.685
 0.685
 0.685
 0.685
 0.685
 0.685
 0.685
 0.685
 0.685
 0.685
 0.685
 0.685
 0.685
 0.685
 0.685
 0.685
 0.685
 0.685
 0.685
 0.685
 0.685
 0.685
 0.685
 0.685
 0.685
 0.685
 0.685
 0.685
 0.685
 0.685
 0.685
 0.685
 0.685
 0.685
 0.685
 0.685
 0.685
 0.685
 0.685
 0.685
 0.685
 0.685
 0.685
 0.685
 0.685
 0.685
 0.685
 0.685
 0.685
 0.685
 0.685
 0.685
 0.685
 0.685
 0.685
 0.685
 0.685
 0.685
 0.685
 0.685
 0.685

