2 37
2 34
3 38
3 49
1 54
2 45
3 41
3 44
2 46
2 44
0 37
3 40
3 37
1 34
1 47
1 41
1 50
2 41
2 28
0 43
3 35
3 41
0 48
1 44
0 31
0 41
3 31
1 40
1 43
1 33
3 49
2 43
0 39
2 53
2 48
3 43
1 47
1 41
2 44
0 35
3 43
0 45
2 49
1 48
1 36
3 39
2 40
3 43
1 38
0 37
3 37
0 39
0 34
1 33
0 45
0 47
3 39
1 46
2 44
3 43
0 31
3 40
0 37
3 41
0 26
3 31
2 52
3 33
0 43
2 41
0 33
2 43
3 34
1 35
3 35
3 48
0 38
0 33
2 51
0 45
2 33
0 38
0 44
1 37
2 49
3 52
2 35
2 52
3 36
1 49
0 42
2 43
2 33
3 46
0 55
0 52
3 48
3 44
3 49
3 40
0 36
3 40
1 44
2 41
3 42
1 36
1 49
0 50
3 38
1 39
1 54
0 47
1 49
0 41
0 45
2 52
3 42
0 56
3 41
0 47
1 37
2 50
1 28
2 42
3 39
1 39
3 34
1 39
2 42
1 52
3 39
0 46
1 44
3 45
3 40
0 38
0 42
1 42
1 39
2 44
3 41
0 34
3 36
2 47
0 41
3 48
0 43
2 40
1 40
2 47
2 45
0 35
1 40
2 44
1 41
0 52
1 48
3 34
3 42
1 44
2 52
2 47
1 43
0 54
0 40
0 47
1 38
1 42
0 37
3 47
2 44
1 46
3 58
0 43
1 41
3 48
3 28
3 32
0 42
1 34
0 41
3 45
1 38
1 45
2 47
0 44
1 46
3 43
3 48
3 40
1 41
1 40
1 44
2 42
3 40
3 30
2 45
2 47
0 33
1 46
