0.5835896505382338 1
0.5919860231844598 1
0.5927706757764338 1
0.5939218928527328 1
0.5954911980366804 1
0.598629808404576 1
0.6013503306648228 1
0.6044889410327181 1
0.6058749639745034 1
0.6060582462166659 1
0.6070261810508023 1
0.6079941158849386 1
0.6079941158849387 1
0.6084122039925874 1
0.6093801388267238 1
0.6099815091765353 2
0.6103480736608603 2
0.6109494440106716 1
0.6111327262528341 3
0.6113160084949967 1
0.6117340966026457 1
0.6125187491946193 1
0.6127020314367819 1
0.6128853136789445 1
0.6136699662709183 1
0.6142713366207296 2
0.614872706970541 1
0.615239271454866 1
0.6160239240468399 2
0.61602392404684 1
0.6162072062890025 1
0.6168085766388137 1
0.6168085766388138 1
0.6169918588809763 1
0.6177765114729501 1
0.6177765114729502 1
0.6179597937151127 2
0.618561164064924 1
0.6185611640649241 1
0.6191625344147353 2
0.6193458166568979 1
0.6209151218408455 1
0.6212816863251708 1
0.6216997744328195 3
0.621883056674982 1
0.6218830566749821 1
0.6220663389171446 1
0.6223011447826309 1
0.622667709266956 1
0.6234523618589297 1
0.6236356441010923 1
0.6240537322087412 1
0.6244202966930662 1
0.6246035789352287 1
0.6246551025585525 1
0.6252049492850401 2
0.6256230373926889 1
0.6258063196348513 1
0.6269575367111504 1
0.6275589070609616 2
0.6275589070609617 1
0.6283435596529355 2
0.628526841895098 1
0.6285268418950981 2
0.6291282122449094 2
0.629311494487072 1
0.6299128648368832 1
0.6300961470790459 1
0.6302794293212084 1
0.6308807996710197 1
0.6310640819131822 1
0.6310640819131823 1
0.631482170020831 1
0.6316654522629936 2
0.6324501048549674 1
0.63263338709713 2
0.6330514752047788 1
0.6338361277967526 1
0.6338361277967528 1
0.6340194100389153 1
0.6342026922810776 1
0.6342026922810777 2
0.6343859745232403 1
0.6349873448730515 2
0.6349873448730516 2
0.635170627115214 2
0.6351706271152141 1
0.6351706271152142 1
0.635955279707188 1
0.6361385619493505 1
0.6365566500569994 1
0.6365566500569995 1
0.6367399322991618 3
0.6367399322991619 1
0.6369232145413244 1
0.6375245848911357 2
0.6377078671332983 2
0.6381259552409471 1
0.6383092374831096 1
0.6390938900750834 4
0.6400618249092198 2
0.6406631952590313 1
0.6414478478510052 2
0.6416311300931676 2
0.6418144123353301 1
0.6418144123353302 1
0.6432004352771153 1
0.6449530227032255 2
0.6449530227032256 1
0.645554393053037 1
0.6457376752951994 1
0.6463390456450108 1
0.646339045645011 1
0.6467056101293358 1
0.6467056101293359 1
0.6473069804791471 2
0.6476735449634724 1
0.6480916330711212 1
0.6484581975554461 1
0.6488762856630949 1
0.648876285663095 1
0.6490595679052575 2
0.6490595679052577 2
0.6496609382550689 1
0.6498442204972313 2
0.6504455908470426 1
0.6506288730892053 1
0.6514135256811789 1
0.651413525681179 1
0.652198178273153 1
0.6527995486229642 1
0.6537674834571006 1
0.6541340479414258 1
0.6549187005333995 2
0.6549187005333996 1
0.6557033531253734 1
0.6557033531253735 3
0.6574559405514837 1
0.6578740286591324 1
0.6578740286591325 1
0.6580573109012952 2
0.6590252457354316 1
0.660594550919379 1
0.6611959212691909 1
0.6617972916190022 1
0.6629485086953011 1
0.6631317909374634 1
0.663733161287275 1
0.6639164435294375 1
0.6645178138792487 1
0.6660871190631962 1
0.6662704013053588 1
0.6678397064893066 1
0.6689909235656056 1
0.669592293915417 1
0.6730974687676372 1
0.6744834917094228 1
0.6754514265435589 1
0.6772040139696693 1
0.6885557147416286 1
