
 0.638
 0.656
 0.616
 0.642
 0.637
 0.634
 0.617
 0.634
 0.656
 0.618
 0.637
 0.622
 0.664
 0.625
 0.623
 0.615
 0.627
 0.648
 0.625
 0.647
 0.638
 0.649
 0.663
 0.635
 0.606
 0.642
 0.629
 0.655
 0.646
 0.648
 0.649
 0.674
 0.650
 0.622
 0.642
 0.639
 0.607
 0.638
 0.664
 0.606
 0.637
 0.622
 0.610
 0.619
 0.634
 0.653
 0.641
 0.629
 0.668
 0.614
 0.637
 0.632
 0.613
 0.610
 0.634
 0.677
 0.635
 0.635
 0.641
 0.641
 0.642
 0.613
 0.650
 0.635
 0.629
 0.628
 0.629
 0.658
 0.628
 0.621
 0.656
 0.616
 0.638
 0.648
 0.613
 0.631
 0.628
 0.599
 0.650
 0.651
 0.636
 0.628
 0.645
 0.622
 0.649
 0.633
 0.640
 0.635
 0.630
 0.635
 0.630
 0.628
 0.611
 0.618
 0.689
 0.618
 0.665
 0.637
 0.634
 0.633
 0.645
 0.619
 0.594
 0.608
 0.634
 0.625
 0.622
 0.666
 0.635
 0.622
 0.649
 0.639
 0.617
 0.651
 0.637
 0.584
 0.647
 0.649
 0.615
 0.593
 0.612
 0.639
 0.646
 0.622
 0.643
 0.654
 0.650
 0.640
 0.610
 0.645
 0.614
 0.632
 0.592
 0.655
 0.618
 0.604
 0.626
 0.670
 0.625
 0.619
 0.638
 0.608
 0.634
 0.629
 0.658
 0.632
 0.630
 0.637
 0.649
 0.629
 0.631
 0.673
 0.610
 0.647
 0.609
 0.624
 0.639
 0.658
 0.626
 0.655
 0.675
 0.611
 0.669
 0.608
 0.666
 0.638
 0.656
 0.633
 0.619
 0.611
 0.611
 0.635
 0.661
 0.636
 0.654
 0.621
 0.652
 0.595
 0.662
 0.624
 0.619
 0.616
 0.657
 0.611
 0.631
 0.614
 0.623
 0.661
 0.651
 0.624
 0.647
 0.658
 0.659
 0.646
 0.646
 0.616
 0.617
 0.601
 0.663
 0.631

