0.49647981697034965 1
0.5082039762706981 1
0.5126456013567485 1
0.5163411783126879 1
0.516611708576445 1
0.5178078643549897 1
0.5233199099331474 1
0.5270265596846826 1
0.5271762546628178 1
0.5286461635176195 1
0.5288605411478907 1
0.5297002205092153 1
0.5301450106765848 1
0.5317880123703462 1
0.5320289783308879 1
0.5322400771869547 1
0.5324028839261784 1
0.5329419157875297 1
0.5332845180789458 1
0.533373005550847 1
0.5339448190697235 1
0.5357322420199089 1
0.5358439205333724 1
0.5358475576526036 1
0.5368207659159532 1
0.5369846322687518 1
0.5373637314159907 1
0.5380445056043296 1
0.5397103974500885 1
0.54055547061967 1
0.5410043874621722 1
0.5415971696810203 1
0.5420492388909469 1
0.5427942967374491 1
0.5437241668244979 1
0.5439140957519049 1
0.5440006986560831 1
0.5445810688341785 1
0.5448877301571188 1
0.5451692821963731 1
0.5454318094980853 1
0.5455012204073797 1
0.5463421916972588 1
0.5463616554749838 1
0.5465545940630084 1
0.547597936951935 1
0.5478276619254977 1
0.5481012582149007 1
0.548581250580961 1
0.5486606043820096 1
0.54904622282904 1
0.5491446232406898 1
0.5494441206506184 1
0.5494605620078198 1
0.5495228765164992 1
0.5497329583515552 1
0.5503515444006917 1
0.5505596424183029 1
0.5507791439292695 1
0.5507868762965348 1
0.5508872032629931 1
0.5519763363017554 1
0.5525985409129226 1
0.5533254053745534 1
0.5544908827530495 1
0.5553387003498049 1
0.5555068716052225 1
0.5561784299319666 1
0.5568599894455253 1
0.5569356137563706 1
0.5569681957614696 1
0.5570382312044583 1
0.5573317427555822 1
0.557419505249354 1
0.5574210586010228 1
0.5574427057925242 1
0.5577655612548027 1
0.5585023589940277 1
0.5585612835837539 1
0.5587343333318963 1
0.5588101376065121 1
0.558862082020482 1
0.5588971295841086 1
0.5590568472214678 1
0.5593084445960048 1
0.5598387137810644 1
0.5602547287966853 1
0.5611691580726148 1
0.561417307967369 1
0.5615577476690908 1
0.5624991535245766 1
0.5625746765795314 1
0.5629145063652157 1
0.5629917124431242 1
0.5632883565516367 1
0.5639301573036867 1
0.5641182864949487 1
0.5643694291366841 1
0.5648583819018481 1
0.5650326633415454 1
0.5650844934668637 1
0.5650955668408253 1
0.5654432568306779 1
0.5654707485427753 1
0.5658870372516496 1
0.5659007829416121 1
0.5660026577242026 1
0.5666183237334401 1
0.5667872824976782 1
0.5668661104972913 1
0.5669514184208363 1
0.5676223720028992 1
0.5679904877712546 1
0.5679950809451334 1
0.5680440958177827 1
0.5684036164033045 1
0.568796533111943 1
0.5692836722577301 1
0.5694177343379034 1
0.5696327597051457 1
0.5698143647786312 1
0.5699016628454407 1
0.5700770324648614 1
0.570314196022128 1
0.5709338689826087 1
0.5711969693969204 1
0.5719901315934283 1
0.5720408077540688 1
0.5724567012256649 1
0.5725848113514926 1
0.5727806625265843 1
0.5729280808821909 1
0.5734341437206611 1
0.5740031924424805 1
0.5741420758062151 1
0.5744395291433337 1
0.5745459227955656 1
0.5746462370673752 1
0.5747592311185188 1
0.5749115605571575 1
0.5753925681594447 1
0.5755523201215662 1
0.5760006885126402 1
0.5761807044530434 1
0.5766730226086303 1
0.5773213369403224 1
0.5773846227026963 1
0.5774370955154783 1
0.5774812749630365 1
0.5774993871275692 1
0.5781423427909096 1
0.578224743618113 1
0.5803573804284207 1
0.5810326878379309 1
0.5810406359018746 1
0.5817974675055007 1
0.5819642041655948 1
0.5823109154448476 1
0.5825924180036374 1
0.5829260172218255 1
0.5832924858361729 1
0.5834612488163866 1
0.5836915617779613 1
0.583779647320765 1
0.5860545264062871 1
0.5866550735465952 1
0.5867265210795943 1
0.5883591319821738 1
0.5884234927445524 1
0.5886464999614617 1
0.5891929011882069 1
0.5895547770199576 1
0.5902407671433285 1
0.5918281213415697 1
0.5921135954032275 1
0.5924906842032609 1
0.5931839747401564 1
0.5935644314939967 1
0.5939922097505344 1
0.595328301009512 1
0.595334562511003 1
0.5959240381288884 1
0.5965814654324524 1
0.5975390097266013 1
0.5980594285392177 1
0.5983010830294624 1
0.5991124708351092 1
0.5993391359665743 1
0.5998953598248202 1
0.5999214311127663 1
0.6001112215494352 1
0.6007506990817687 1
0.6008734827170854 1
0.6009553955647058 1
0.6039031487390205 1
0.6040072869012469 1
0.6045342763300146 1
0.6059134809990223 1
0.6078546610810074 1
0.6244164675061986 1
