
 0.577
 0.544
 0.527
 0.529
 0.557
 0.553
 0.536
 0.557
 0.550
 0.564
 0.559
 0.601
 0.561
 0.559
 0.575
 0.570
 0.563
 0.549
 0.573
 0.540
 0.588
 0.546
 0.594
 0.582
 0.533
 0.582
 0.592
 0.578
 0.577
 0.560
 0.570
 0.599
 0.517
 0.565
 0.559
 0.564
 0.536
 0.567
 0.566
 0.569
 0.572
 0.549
 0.604
 0.574
 0.559
 0.518
 0.597
 0.600
 0.537
 0.550
 0.583
 0.601
 0.590
 0.530
 0.542
 0.557
 0.544
 0.549
 0.527
 0.549
 0.580
 0.534
 0.508
 0.568
 0.575
 0.575
 0.513
 0.544
 0.583
 0.557
 0.532
 0.545
 0.608
 0.590
 0.598
 0.541
 0.577
 0.545
 0.546
 0.565
 0.532
 0.546
 0.573
 0.557
 0.600
 0.560
 0.587
 0.568
 0.577
 0.548
 0.581
 0.592
 0.552
 0.574
 0.567
 0.553
 0.570
 0.557
 0.576
 0.569
 0.568
 0.574
 0.598
 0.592
 0.589
 0.571
 0.545
 0.548
 0.559
 0.593
 0.570
 0.496
 0.572
 0.516
 0.543
 0.551
 0.565
 0.532
 0.554
 0.598
 0.575
 0.624
 0.601
 0.559
 0.583
 0.563
 0.530
 0.596
 0.537
 0.600
 0.558
 0.557
 0.545
 0.570
 0.547
 0.550
 0.542
 0.559
 0.523
 0.533
 0.556
 0.549
 0.605
 0.556
 0.538
 0.571
 0.573
 0.549
 0.604
 0.576
 0.559
 0.575
 0.594
 0.567
 0.555
 0.561
 0.589
 0.584
 0.566
 0.582
 0.557
 0.588
 0.587
 0.577
 0.532
 0.563
 0.565
 0.548
 0.568
 0.567
 0.562
 0.595
 0.536
 0.576
 0.583
 0.586
 0.541
 0.551
 0.563
 0.565
 0.581
 0.568
 0.573
 0.578
 0.529
 0.551
 0.566
 0.584
 0.537
 0.577
 0.551
 0.606
 0.599
 0.565
 0.533
 0.569
 0.572
 0.595
 0.562
 0.564

