0.43259949388511276 1
0.4401337516843391 1
0.4403581390969717 1
0.4532630393649753 1
0.45451302143221733 1
0.4561566781304955 1
0.4577760193883041 1
0.4585580639587012 1
0.4642949792734483 1
0.4650188488336869 1
0.4663648470576333 1
0.46681470039005085 1
0.46776483380680617 1
0.4694807004100135 1
0.4695742213962809 1
0.47007239017818775 1
0.47054389794449497 1
0.4717834199585266 1
0.47190866870038906 1
0.4724540310225011 1
0.47280653113602705 1
0.4733452532334536 1
0.4736711583681593 1
0.4738521923558336 1
0.47390643878287897 1
0.4745355596432772 1
0.4747332896085937 1
0.47487193377205095 1
0.4761505565822937 1
0.4771705170770319 1
0.4774371275777144 1
0.47811523711357323 1
0.47890215574389067 1
0.47899293130926907 1
0.4791415785074229 1
0.47947358962352365 1
0.47994346431388835 1
0.4799834353327931 1
0.48025990431431714 1
0.481457382758838 1
0.48149190890334753 1
0.48179726414715346 1
0.4822202890054526 1
0.4822880277962473 1
0.4825872936955862 1
0.4827504091611114 1
0.4833822761658603 1
0.48339147625747225 1
0.4842218579925355 1
0.4862547814968876 1
0.4865507793871215 1
0.48675325439477846 1
0.48765557699080586 1
0.4877345454646862 1
0.4879421753866106 1
0.4883304526218645 1
0.4886739321744668 1
0.48935755115462265 1
0.4893600711439874 1
0.4897028470789396 1
0.48990652546013946 1
0.4899962564111229 1
0.48999928464805004 1
0.49019626096398844 1
0.49079637282818633 1
0.49081131739953965 1
0.4921915699036554 1
0.4927189282293894 1
0.4931082510363065 1
0.49324946196013025 1
0.4933690936894908 1
0.4937148403003647 1
0.49384982227905555 1
0.4940496449732723 1
0.49411388435771053 1
0.49456720112350816 1
0.49484199767386683 1
0.4948546340422759 1
0.4953048988330832 1
0.49548663926178393 1
0.4959007049322204 1
0.49619978432057366 1
0.4964915296949983 1
0.49755752922809376 1
0.49766397261937423 1
0.4977441627377963 1
0.4992882786246925 1
0.49987018006211204 1
0.49995253773423465 1
0.5000215025315505 1
0.5000812759088198 1
0.500118886122698 1
0.5004461587365566 1
0.5007362466658016 1
0.5012559828343129 1
0.5013047718261128 1
0.5019413216994275 1
0.5024904993628325 1
0.5025580058547149 1
0.5028537078037228 1
0.503416790866622 1
0.5034634825152405 1
0.5035265814852722 1
0.5036103841178828 1
0.504217090689637 1
0.5046470423938392 1
0.5050800732185138 1
0.5051573588325868 1
0.5056577129726574 1
0.5058346992167446 1
0.5058580470254993 1
0.505985279575563 1
0.5062052210356794 1
0.5067011711910359 1
0.5067731675252388 1
0.5076193260202292 1
0.507705884537257 1
0.5084012984856564 1
0.5084687550455168 1
0.508659472746214 1
0.5089061320767209 1
0.5098788832669618 1
0.5107933509158843 1
0.5112740027096548 1
0.511505946227535 1
0.5116270370298143 1
0.5121245643936387 1
0.5132693090708832 1
0.5134386720657532 1
0.5138198338000306 1
0.5140483994167502 1
0.514051158299888 1
0.5141448582027706 1
0.5143099314047087 1
0.5144313661935809 1
0.5148667740312647 1
0.5155608980364198 1
0.5158410504737856 1
0.5161459982019613 1
0.516245472367958 1
0.5163027071334968 1
0.5166057822310556 1
0.5166424083493802 1
0.5179693508515342 1
0.5191514039338245 1
0.519638693226362 1
0.5196840025707877 1
0.5199115801144452 1
0.51997969557383 1
0.5201553128772849 1
0.5203524369082492 1
0.5209736714766653 1
0.5212197015514319 1
0.521520875307462 1
0.5218694884167088 1
0.5222028286939799 1
0.5222797354012022 1
0.5233522938853321 1
0.5246859082080443 1
0.5248959107459428 1
0.5250404538472564 1
0.52537701716475 1
0.5271216000138219 1
0.5272926103550215 1
0.5281904802599235 1
0.5282615405356976 1
0.528881959188749 1
0.5290981214351231 1
0.5294632470082912 1
0.529565949885418 1
0.5297992217136906 1
0.5304733025485731 1
0.5351408552705577 1
0.5354215194016098 1
0.5357006965745599 1
0.5364799276347837 1
0.5365321139290261 1
0.5366335751776081 1
0.5367011579229839 1
0.5377137506870681 1
0.538184817161764 1
0.5385290036001404 1
0.5387592167193292 1
0.5422683008409624 1
0.5432211938498098 1
0.5436897430759355 1
0.5470558042881984 1
0.5478459758147156 1
0.5499026924807101 1
0.551960242422158 1
0.5543201470772804 1
0.5553375241340931 1
0.5576588282378081 1
0.5582269510535806 1
0.5622346744938211 1
0.5683154947893135 1
0.5707470620046444 1
0.5729935469662037 1
0.5761080951541542 1
0.5827478625245085 1
