
 2.040
 2.190
 2.330
 2.280
 2.220
 2.480
 2.300
 2.110
 2.130
 2.210
 2.260
 2.260
 2.480
 2.290
 2.230
 2.140
 2.090
 1.980
 2.100
 1.940
 2.090
 1.950
 2.390
 2.410
 2.260
 2.150
 2.220
 2.240
 2.190
 2.250
 2.010
 2.370
 2.490
 2.210
 2.260
 2.240
 2.310
 2.270
 2.320
 2.420
 2.050
 2.090
 2.360
 2.670
 2.290
 2.030
 2.280
 2.310
 2.360
 2.230
 2.240
 2.310
 2.230
 2.120
 2.160
 2.430
 2.170
 1.990
 2.140
 2.110
 2.120
 2.170
 2.280
 2.300
 2.250
 2.020
 1.970
 2.360
 2.110
 2.280
 2.120
 2.370
 2.250
 2.400
 2.300
 2.530
 2.050
 2.500
 2.220
 2.110
 2.190
 2.200
 2.030
 1.910
 2.380
 1.840
 2.420
 2.470
 2.020
 2.150

