0.4431448641451686 1
0.4509218278715268 1
0.4575515673322771 1
0.4614005270676758 1
0.4635158643418595 1
0.46432233531718126 1
0.46587190281016094 1
0.46896353780081335 1
0.4715518937431911 1
0.47341377709429516 1
0.4738737232511778 1
0.47423087743620745 1
0.4744016674764903 1
0.47468038783683547 1
0.4781340442521425 1
0.47939764213769026 1
0.48013491461773 1
0.4817610484108847 1
0.4819856112636971 1
0.4825176407899507 1
0.4827882290769763 1
0.48450237159099585 1
0.4849284480230838 1
0.48547762711718734 1
0.4860751454029391 1
0.4876908426607171 1
0.4879439749535239 1
0.48842453226027843 1
0.4886810450308918 1
0.48955403469549025 1
0.49006632805144457 1
0.4900741022399324 1
0.4901979911802776 1
0.4906289421064425 1
0.49170276770560856 1
0.4917724742674431 1
0.493222917806001 1
0.4934226676927635 1
0.493757775213115 1
0.49422111532204693 1
0.49439406860660184 1
0.4950799014500059 1
0.49590649089815103 1
0.49664315765316813 1
0.4968582697373764 1
0.498746489049959 1
0.4992192214927503 1
0.499233483464579 1
0.4995043352355091 1
0.4999886781035792 1
0.5009505612962083 1
0.501407414237014 1
0.5015667232883121 1
0.5020416421209897 1
0.5020433653872761 1
0.5032472081470359 1
0.5035993845211375 1
0.5040752579924046 1
0.5042426587113984 1
0.5056795111347809 1
0.5061007672337275 1
0.5064616993112507 1
0.5065275959183003 1
0.5065843818513077 1
0.5066001101429286 1
0.5071633329899892 1
0.5074415459731573 1
0.5075764647517341 1
0.508850949725918 1
0.5099807552363274 1
0.5102833422908063 1
0.5112004580986027 1
0.511890936096374 1
0.5119545809903803 1
0.512099027456182 1
0.5126219619130982 1
0.5127804346085048 1
0.5128503262617338 1
0.5128531003834671 1
0.5131237319219243 1
0.5136862886618866 1
0.5143685765386798 1
0.5147578010961054 1
0.5150580474808081 1
0.5154632269892933 1
0.5157584054250788 1
0.5163662395579837 1
0.5166885719548404 1
0.5171523326748546 1
0.5171629354057812 1
0.5174826261813574 1
0.5175212073206749 1
0.5184235996630214 1
0.5186350741375455 1
0.5188683564654307 1
0.5190659607868343 1
0.5199695771283318 1
0.520291219134138 1
0.5205888492121518 1
0.5211889554434128 1
0.5213774027483233 1
0.5214462197192621 1
0.5214558280973364 1
0.521592970585123 1
0.5217315367550853 1
0.5217553701595318 1
0.5222951644259642 1
0.5223148913580977 1
0.5224872525700531 1
0.5229410439413162 1
0.5230705547427599 1
0.5231697478938958 1
0.5233490694987512 1
0.5237699578878239 1
0.5241145652217968 1
0.5246121529555192 1
0.5252361136275723 1
0.5256975254626464 1
0.5259196789250155 1
0.526188913386259 1
0.5264307332686913 1
0.5265876729251506 1
0.5269580355676298 1
0.5271374594820861 1
0.5272576015663623 1
0.5273889677374161 1
0.5284635654547003 1
0.5284872586817132 1
0.5286501855419113 1
0.5301691082842613 1
0.5304253171051296 1
0.5306072267270491 1
0.5310311148439053 1
0.5313357708421997 1
0.5327398820588811 1
0.5328843146006265 1
0.5330777681626063 1
0.5333931034421431 1
0.5334064276799614 1
0.5335991982015605 1
0.5341549263741048 1
0.5345559461873739 1
0.5353880358465855 1
0.535659573860052 1
0.5359385742623849 1
0.5360737585581501 1
0.5362644856283569 1
0.5370778810878983 1
0.5395641858242821 1
0.5401286778629173 1
0.5402257089676291 1
0.5404871010938199 1
0.5407048872761261 1
0.5410826383826801 1
0.5411038009392294 1
0.5411363221658609 1
0.5422702843443861 1
0.5424336430427986 1
0.5427606071242898 1
0.5430622946854562 1
0.5431241584220425 1
0.543553553012463 1
0.5445039426602755 1
0.5447611561693062 1
0.5448300809713471 1
0.5449130273237682 1
0.5449275788374864 1
0.5454015814911549 1
0.5455869205438836 1
0.5457336773813606 1
0.5486970101822348 1
0.5490969957697129 1
0.5491410790608188 1
0.5494325504453219 1
0.5497467581798109 1
0.5497761751785063 1
0.5504674168670639 1
0.5507786802736669 1
0.5507804560461412 1
0.5516863762901738 1
0.5532847299317064 1
0.5546393584981764 1
0.5553393806854675 1
0.5567000606973188 1
0.560225696920149 1
0.5607326856330888 1
0.5608631519915263 1
0.560893681480203 1
0.561069638400149 1
0.565214886788026 1
0.5656929426624704 1
0.5682271060283319 1
0.5696003368670988 1
0.569993283374107 1
0.5715242642162666 1
0.5724624464917056 1
0.572992894333844 1
0.5730300517257605 1
0.5733612106259337 1
0.5888204936159531 1
