
 0.545
 0.522
 0.494
 0.573
 0.533
 0.526
 0.502
 0.490
 0.489
 0.536
 0.526
 0.572
 0.534
 0.531
 0.506
 0.517
 0.560
 0.512
 0.527
 0.526
 0.522
 0.512
 0.524
 0.523
 0.494
 0.485
 0.533
 0.528
 0.488
 0.535
 0.486
 0.542
 0.497
 0.493
 0.536
 0.475
 0.549
 0.521
 0.551
 0.522
 0.507
 0.533
 0.551
 0.525
 0.527
 0.568
 0.520
 0.513
 0.488
 0.506
 0.523
 0.508
 0.478
 0.490
 0.557
 0.504
 0.451
 0.555
 0.541
 0.543
 0.464
 0.549
 0.566
 0.491
 0.519
 0.507
 0.512
 0.519
 0.517
 0.524
 0.515
 0.525
 0.519
 0.464
 0.523
 0.516
 0.474
 0.513
 0.561
 0.543
 0.499
 0.545
 0.514
 0.523
 0.461
 0.485
 0.550
 0.495
 0.485
 0.507
 0.518
 0.483
 0.513
 0.565
 0.513
 0.497
 0.506
 0.522
 0.492
 0.521
 0.494
 0.570
 0.527
 0.550
 0.531
 0.542
 0.483
 0.490
 0.545
 0.473
 0.536
 0.541
 0.530
 0.540
 0.543
 0.500
 0.482
 0.504
 0.516
 0.535
 0.555
 0.545
 0.502
 0.499
 0.573
 0.517
 0.553
 0.518
 0.507
 0.496
 0.501
 0.533
 0.527
 0.479
 0.511
 0.522
 0.469
 0.549
 0.507
 0.561
 0.570
 0.531
 0.527
 0.522
 0.503
 0.510
 0.510
 0.561
 0.521
 0.480
 0.474
 0.492
 0.501
 0.549
 0.545
 0.515
 0.482
 0.536
 0.517
 0.472
 0.540
 0.514
 0.474
 0.541
 0.589
 0.502
 0.550
 0.521
 0.513
 0.572
 0.528
 0.499
 0.500
 0.521
 0.545
 0.561
 0.541
 0.493
 0.466
 0.533
 0.540
 0.546
 0.529
 0.546
 0.534
 0.488
 0.540
 0.537
 0.490
 0.509
 0.520
 0.526
 0.544
 0.515
 0.530
 0.552
 0.504
 0.443
 0.458
 0.573

