
 0.553
 0.508
 0.521
 0.491
 0.492
 0.531
 0.484
 0.507
 0.500
 0.515
 0.524
 0.525
 0.481
 0.518
 0.531
 0.503
 0.529
 0.508
 0.504
 0.499
 0.494
 0.502
 0.503
 0.496
 0.515
 0.544
 0.513
 0.501
 0.501
 0.476
 0.532
 0.513
 0.516
 0.517
 0.562
 0.538
 0.536
 0.523
 0.505
 0.491
 0.494
 0.436
 0.495
 0.494
 0.519
 0.526
 0.538
 0.480
 0.534
 0.480
 0.508
 0.558
 0.480
 0.458
 0.485
 0.499
 0.479
 0.542
 0.530
 0.496
 0.502
 0.496
 0.550
 0.505
 0.469
 0.501
 0.508
 0.455
 0.511
 0.549
 0.508
 0.478
 0.498
 0.460
 0.529
 0.506
 0.453
 0.503
 0.492
 0.502
 0.489
 0.522
 0.476
 0.458
 0.513
 0.540
 0.512
 0.521
 0.511
 0.492
 0.510
 0.504
 0.487
 0.529
 0.490
 0.504
 0.450
 0.495
 0.454
 0.534
 0.498
 0.511
 0.471
 0.511
 0.456
 0.524
 0.500
 0.509
 0.490
 0.491
 0.479
 0.558
 0.479
 0.543
 0.495
 0.508
 0.497
 0.521
 0.524
 0.526
 0.490
 0.464
 0.527
 0.498
 0.497
 0.480
 0.536
 0.504
 0.526
 0.510
 0.518
 0.492
 0.535
 0.533
 0.511
 0.508
 0.523
 0.562
 0.503
 0.502
 0.501
 0.526
 0.460
 0.532
 0.518
 0.476
 0.551
 0.514
 0.491
 0.568
 0.486
 0.531
 0.546
 0.487
 0.564
 0.513
 0.452
 0.553
 0.497
 0.514
 0.531
 0.437
 0.526
 0.511
 0.524
 0.490
 0.529
 0.481
 0.502
 0.452
 0.496
 0.512
 0.479
 0.467
 0.478
 0.442
 0.515
 0.501
 0.462
 0.484
 0.519
 0.491
 0.531
 0.488
 0.482
 0.510
 0.487
 0.551
 0.558
 0.563
 0.526
 0.506
 0.483
 0.538
 0.506
 0.455
 0.489
 0.475
 0.530
 0.517

