
 0.447
 0.448
 0.457
 0.459
 0.454
 0.473
 0.468
 0.475
 0.493
 0.485
 0.497
 0.512
 0.512
 0.517
 0.522
 0.521
 0.525
 0.525
 0.534
 0.515
 0.542
 0.545
 0.553
 0.564
 0.545
 0.581
 0.577
 0.586
 0.590
 0.574
 0.578
 0.581
 0.600
 0.575
 0.599
 0.606
 0.610
 0.594
 0.602
 0.608
 0.608
 0.621
 0.597
 0.617
 0.612
 0.640
 0.613
 0.622
 0.637
 0.631
 0.644
 0.625
 0.657
 0.661
 0.626
 0.666
 0.644
 0.635
 0.676
 0.654
 0.651
 0.662
 0.662
 0.652
 0.653
 0.667
 0.666
 0.680
 0.693
 0.676
 0.689
 0.684
 0.712
 0.691
 0.711
 0.725
 0.722
 0.737
 0.723
 0.745
 0.698
 0.720
 0.716
 0.732
 0.711
 0.732
 0.729
 0.696
 0.739
 0.736
 0.746
 0.723
 0.713
 0.745
 0.725
 0.744
 0.740
 0.742
 0.729
 0.740
 0.745
 0.774
 0.727
 0.750
 0.773
 0.765
 0.769
 0.755
 0.777
 0.772
 0.771
 0.758
 0.768
 0.780
 0.782
 0.787
 0.791
 0.784
 0.775
 0.783
 0.749
 0.760
 0.765
 0.793
 0.765
 0.772
 0.771
 0.786
 0.792
 0.775
 0.771
 0.777
 0.767
 0.757
 0.771
 0.780
 0.771
 0.780
 0.790
 0.764
 0.765
 0.788
 0.798
 0.793
 0.787
 0.802
 0.796
 0.792
 0.777
 0.813
 0.815
 0.823
 0.820
 0.805
 0.814
 0.818
 0.784
 0.817
 0.807
 0.826
 0.779
 0.821
 0.809
 0.811
 0.820
 0.819
 0.798
 0.807
 0.832
 0.836
 0.803
 0.827
 0.818
 0.840
 0.822
 0.828
 0.823
 0.822
 0.837
 0.844
 0.811
 0.803
 0.843
 0.846
 0.834
 0.814
 0.816
 0.843
 0.821
 0.824
 0.794
 0.815
 0.854
 0.830
 0.839
 0.839
 0.829
 0.825
 0.854
 0.817
 0.851
 0.827
 0.810
 0.840
 0.808
 0.839
 0.849
 0.815
 0.845
 0.845
 0.849
 0.842
 0.820
 0.855
 0.832
 0.843
 0.820
 0.852
 0.853
 0.844
 0.840
 0.857
 0.832
 0.862
 0.820
 0.856
 0.820
 0.865
 0.849
 0.832
 0.854
 0.849
 0.846
 0.815
 0.857
 0.850
 0.839
 0.842
 0.828
 0.848
 0.837
 0.824
 0.839
 0.826
 0.868
 0.842
 0.859
 0.870
 0.864
 0.866
 0.829
 0.866
 0.854
 0.844
 0.864
 0.867
 0.832
 0.853
 0.865
 0.833
 0.863
 0.868
 0.858
 0.850
 0.849
 0.867
 0.860
 0.845
 0.838
 0.872
 0.859
 0.867
 0.854
 0.865
 0.844
 0.867
 0.878
 0.871
 0.871
 0.871
 0.865
 0.878
 0.866
 0.827
 0.865
 0.877
 0.875
 0.889
 0.872
 0.866
 0.879
 0.885
 0.889
 0.862
 0.870
 0.900
 0.888
 0.867
 0.884
 0.884
 0.881
 0.891
 0.901
 0.897
 0.880
 0.893
 0.866
 0.878
 0.867
 0.884
 0.873
 0.869
 0.907
 0.866
 0.912
 0.891
 0.834
 0.919
 0.864
 0.882
 0.870
 0.879
 0.884
 0.889
 0.896
 0.899
 0.886
 0.886
 0.910
 0.907
 0.883
 0.852
 0.895
 0.890
 0.886
 0.893
 0.895
 0.900
 0.879
 0.896
 0.888
 0.917
 0.879
 0.923
 0.879
 0.887
 0.847
 0.894
 0.927
 0.905
 0.906
 0.896
 0.916
 0.896
 0.898
 0.900
 0.883
 0.915
 0.876
 0.900
 0.913
 0.892
 0.892
 0.899
 0.900
 0.905
 0.887
 0.901
 0.929
 0.871
 0.896
 0.925
 0.910
 0.895
 0.901
 0.923
 0.885
 0.875
 0.884
 0.909
 0.894
 0.900
 0.883
 0.909
 0.870
 0.887
 0.900
 0.884
 0.883
 0.881
 0.884
 0.915
 0.887
 0.901
 0.905
 0.890
 0.912
 0.901
 0.887
 0.905
 0.903
 0.896
 0.902
 0.901
 0.876
 0.885
 0.885
 0.902
 0.905
 0.855
 0.881
 0.927
 0.892
 0.893
 0.931
 0.864
 0.900
 0.904
 0.899
 0.934
 0.902
 0.924
 0.898
 0.903
 0.924
 0.876
 0.902
 0.912
 0.871
 0.877
 0.898
 0.897
 0.882
 0.923
 0.913
 0.902
 0.914
 0.886
 0.891
 0.885
 0.907
 0.877
 0.887
 0.883
 0.864
 0.881
 0.910
 0.921
 0.903
 0.913
 0.887
 0.917
 0.911
 0.895
 0.923
 0.862
 0.890
 0.899
 0.909
 0.883
 0.922
 0.906
 0.874
 0.902
 0.885
 0.901
 0.905
 0.900
 0.898
 0.931
 0.906
 0.890
 0.916
 0.865
 0.906
 0.918
 0.906
 0.904
 0.906
 0.903
 0.903
 0.917
 0.888
 0.895
 0.899
 0.912
 0.899
 0.911
 0.896
 0.899
 0.901
 0.891
 0.884
 0.874
 0.901
 0.894
 0.892
 0.898
 0.925
 0.890
 0.907
 0.922
 0.929
 0.879
 0.914
 0.890
 0.925
 0.900
 0.921
 0.900
 0.913
 0.909
 0.902
 0.921
 0.900
 0.916
 0.896
 0.897
 0.876
 0.908
 0.899
 0.902
 0.923
 0.911
 0.904
 0.890
 0.878
 0.919
 0.873
 0.915
 0.881
 0.887
 0.910
 0.900
 0.931
 0.901
 0.893
 0.883
 0.900
 0.927
 0.906
 0.888
 0.921
 0.906
 0.915
 0.909
 0.885
 0.902
 0.908
 0.873
 0.894
 0.891
 0.914
 0.898
 0.897
 0.899
 0.867
 0.902
 0.922
 0.901
 0.899
 0.904
 0.886
 0.910
 0.913
 0.926
 0.889
 0.912
 0.929
 0.868
 0.916
 0.896
 0.919
 0.911
 0.899
 0.887
 0.900
 0.924
 0.911
 0.921
 0.856
 0.909
 0.895
 0.901
 0.914
 0.895
 0.879
 0.861
 0.909
 0.900
 0.876
 0.877
 0.857
 0.908
 0.879
 0.901
 0.904
 0.891
 0.901
 0.890
 0.912
 0.900
 0.903
 0.885
 0.927
 0.926
 0.915
 0.918
 0.914
 0.908
 0.903
 0.883
 0.909
 0.923
 0.899
 0.906
 0.899
 0.879
 0.899
 0.914
 0.903
 0.898
 0.903
 0.886
 0.917
 0.907
 0.878
 0.903
 0.938
 0.903
 0.920
 0.890
 0.901
 0.916
 0.904
 0.882
 0.922
 0.902
 0.892
 0.903
 0.905
 0.878
 0.911
 0.889
 0.918
 0.895
 0.916
 0.890
 0.872
 0.884
 0.904
 0.877
 0.925
 0.907
 0.902
 0.911
 0.900
 0.898
 0.892
 0.916
 0.843
 0.905
 0.880
 0.941
 0.904
 0.920
 0.880
 0.887
 0.912
 0.911
 0.901
 0.895
 0.922
 0.889
 0.892
 0.878
 0.915
 0.908
 0.938
 0.898
 0.883
 0.913
 0.908
 0.892
 0.869
 0.902
 0.887
 0.922
 0.916
 0.901
 0.912
 0.886
 0.886
 0.921
 0.880
 0.899
 0.891
 0.925
 0.925
 0.911
 0.919
 0.892
 0.909
 0.906
 0.871
 0.910
 0.921
 0.898
 0.928
 0.874
 0.874
 0.881
 0.896
 0.919
 0.896
 0.877
 0.897
 0.895
 0.904
 0.914
 0.890
 0.924
 0.900
 0.895
 0.905
 0.927
 0.900
 0.919
 0.892
 0.905
 0.908
 0.904
 0.903
 0.900
 0.914
 0.886
 0.912
 0.889
 0.926
 0.899
 0.910
 0.897
 0.909
 0.911
 0.886
 0.896
 0.896
 0.921
 0.897
 0.899
 0.904
 0.891
 0.895
 0.908
 0.910
 0.907
 0.920
 0.874
 0.896
 0.919
 0.893
 0.879
 0.910
 0.920
 0.909
 0.890
 0.869
 0.892
 0.910
 0.910
 0.922
 0.905
 0.905
 0.910
 0.931
 0.886
 0.903
 0.903
 0.885
 0.914
 0.917
 0.902
 0.890
 0.904
 0.896
 0.899
 0.927
 0.904
 0.894
 0.897
 0.896
 0.876
 0.930
 0.919
 0.865
 0.912
 0.901
 0.888
 0.894
 0.925
 0.891
 0.906
 0.890
 0.896
 0.908
 0.877
 0.877
 0.929
 0.919
 0.933
 0.913
 0.908
 0.912
 0.898
 0.915
 0.899
 0.900
 0.875
 0.884
 0.900
 0.912
 0.908
 0.907
 0.878
 0.931
 0.900
 0.908
 0.923
 0.909
 0.918
 0.919
 0.921
 0.901
 0.896
 0.916
 0.926
 0.882
 0.886
 0.926
 0.887
 0.921
 0.938
 0.882
 0.919
 0.942
 0.900
 0.912
 0.912
 0.852
 0.884
 0.918
 0.933
 0.869
 0.928
 0.896
 0.922
 0.924
 0.912
 0.921
 0.921
 0.911
 0.907
 0.916
 0.903
 0.915
 0.927
 0.922
 0.905
 0.905
 0.898
 0.907
 0.911
 0.911
 0.871
 0.896
 0.908
 0.888
 0.923
 0.919
 0.929
 0.867
 0.923
 0.933
 0.911
 0.879
 0.896
 0.915
 0.897
 0.900
 0.869
 0.925
 0.918
 0.932
 0.896
 0.922
 0.915
 0.904
 0.885
 0.919
 0.908
 0.896
 0.913
 0.892
 0.886
 0.887
 0.919
 0.885
 0.919
 0.898
 0.903
 0.913
 0.884
 0.916
 0.889
 0.877
 0.898
 0.873
 0.916
 0.923
 0.904
 0.897
 0.898
 0.863
 0.902
 0.922
 0.907
 0.899
 0.894
 0.914
 0.879
 0.907
 0.896
 0.883
 0.928
 0.905
 0.903
 0.927
 0.913
 0.901
 0.929
 0.906
 0.921
 0.894
 0.908
 0.895
 0.917
 0.912
 0.900
 0.911
 0.913
 0.899
 0.911
 0.887
 0.901
 0.906
 0.923
 0.915
 0.908
 0.887
 0.923
 0.921
 0.882
 0.889
 0.894
 0.908
 0.910
 0.910
 0.925
 0.890
 0.910
 0.883
 0.937
 0.934
 0.932
 0.921
 0.921
 0.909
 0.942
 0.894
 0.910
 0.900
 0.889
 0.903
 0.907
 0.906
 0.883
 0.912
 0.872
 0.897
 0.892
 0.907
 0.934
 0.917
 0.933
 0.910
 0.907
 0.894
 0.883
 0.915
 0.916
 0.921
 0.923
 0.924
 0.916
 0.884
 0.925
 0.877
 0.905
 0.917
 0.879
 0.928
 0.906
 0.910
 0.915
 0.874
 0.916
 0.905
 0.903
 0.924
 0.907
 0.914
 0.912
 0.886
 0.891
 0.909
 0.899
 0.930
 0.891
 0.883
 0.915
 0.894
 0.941
 0.917
 0.893
 0.896
 0.907
 0.893
 0.896
 0.910
 0.927
 0.917
 0.921
 0.918
 0.908
 0.917
 0.879
 0.924
 0.906
 0.900
 0.899
 0.914
 0.890
 0.905
 0.922
 0.905
 0.899
 0.898
 0.903
 0.895
 0.906
 0.916
 0.896
 0.888
 0.914
 0.906
 0.907
 0.903
 0.931
 0.932
 0.898
 0.887
 0.919
 0.916
 0.892
 0.893
 0.915
 0.923
 0.927
 0.914
 0.899
 0.915
 0.884
 0.914
 0.893
 0.886
 0.905
 0.916
 0.908
 0.919
 0.914
 0.920
 0.893
 0.885
 0.927
 0.905
 0.902
 0.904
 0.922
 0.918
 0.914
 0.886
 0.888
 0.870
 0.911
 0.907
 0.908
 0.872
 0.943
 0.883
 0.904
 0.926
 0.905
 0.913
 0.934
 0.876
 0.924
 0.922
 0.915
 0.927
 0.928
 0.902
 0.892
 0.873
 0.909
 0.903
 0.882
 0.906
 0.902
 0.894
 0.916
 0.902
 0.917
 0.908
 0.914
 0.931
 0.909
 0.894
 0.874
 0.911
 0.913
 0.905
 0.904
 0.933
 0.924
 0.920
 0.896
 0.870
 0.887
 0.907
 0.939
 0.885
 0.928
 0.896
 0.889
 0.912
 0.906
 0.899
 0.916
 0.910
 0.924
 0.888
 0.868
 0.912
 0.900
 0.933
 0.887
 0.897
 0.890
 0.928
 0.897
 0.898
 0.926
 0.884
 0.921
 0.897
 0.921
 0.874
 0.912
 0.936
 0.911
 0.900
 0.902
 0.902
 0.905
 0.914
 0.898
 0.897
 0.901
 0.881
 0.920
 0.921
 0.904
 0.904
 0.904
 0.931
 0.900
 0.930
 0.946
 0.898
 0.916
 0.907
 0.901
 0.908
 0.890
 0.935
 0.917
 0.927
 0.928
 0.927
 0.931
 0.911
 0.881
 0.903
 0.921
 0.895
 0.911
 0.915
 0.899
 0.894
 0.907
 0.906
 0.891
 0.865
 0.919
 0.927
 0.895
 0.899
 0.921
 0.902
 0.902
 0.886
 0.892
 0.911
 0.885
 0.905
 0.906
 0.884
 0.904
 0.911
 0.912
 0.907
 0.922
 0.910
 0.873
 0.898
 0.932
 0.917
 0.858
 0.927
 0.895
 0.901
 0.921
 0.897
 0.899
 0.915
 0.907
 0.869
 0.898
 0.868
 0.913
 0.906
 0.860
 0.930
 0.909
 0.920
 0.912
 0.905
 0.890
 0.906
 0.912
 0.897
 0.918
 0.884
 0.884
 0.887
 0.886
 0.910
 0.903
 0.915
 0.938
 0.905
 0.884
 0.885
 0.898
 0.890
 0.902
 0.913
 0.891
 0.897
 0.920
 0.913
 0.892
 0.882
 0.913
 0.910
 0.906
 0.888
 0.906
 0.888
 0.901
 0.916
 0.911
 0.911
 0.895
 0.832
 0.896
 0.908
 0.906
 0.913
 0.898
 0.929
 0.909
 0.928
 0.888
 0.917
 0.909
 0.887
 0.913
 0.922
 0.890
 0.892
 0.910
 0.889
 0.900
 0.892
 0.895
 0.899
 0.903
 0.891
 0.888
 0.918
 0.896
 0.919
 0.903
 0.937
 0.912
 0.898
 0.907
 0.930
 0.921
 0.886
 0.881
 0.916
 0.908
 0.918
 0.912
 0.861
 0.923
 0.897
 0.930
 0.899
 0.867
 0.940
 0.897
 0.897
 0.879
 0.881
 0.916
 0.920
 0.916
 0.924
 0.916
 0.899
 0.902
 0.905
 0.891
 0.900
 0.877
 0.922
 0.932
 0.906
 0.909
 0.903
 0.917
 0.909
 0.899
 0.880
 0.903
 0.925
 0.910
 0.915
 0.903
 0.886
 0.920
 0.889
 0.897
 0.933
 0.911
 0.934
 0.923
 0.884
 0.864
 0.893
 0.917
 0.907
 0.932
 0.888
 0.885
 0.897
 0.915
 0.899
 0.914
 0.940
 0.899
 0.897
 0.923
 0.868
 0.883
 0.935
 0.882
 0.898
 0.911
 0.889
 0.888
 0.930
 0.930
 0.913
 0.900
 0.912
 0.920
 0.907
 0.933
 0.933
 0.938
 0.886
 0.889
 0.897
 0.916
 0.938
 0.882
 0.887
 0.868
 0.894
 0.904
 0.911
 0.905
 0.880
 0.910
 0.922
 0.902
 0.891
 0.921
 0.937
 0.916
 0.894
 0.911
 0.901
 0.907
 0.919
 0.898
 0.908
 0.915
 0.896
 0.905
 0.892
 0.915
 0.917
 0.902
 0.936
 0.911
 0.912
 0.921
 0.863
 0.910
 0.910
 0.909
 0.918
 0.892
 0.881
 0.926
 0.900
 0.893
 0.929
 0.916
 0.919
 0.888
 0.906
 0.918
 0.921
 0.885
 0.886
 0.889
 0.863
 0.902
 0.876
 0.927
 0.896
 0.898
 0.890
 0.901
 0.908
 0.911
 0.889
 0.919
 0.918
 0.924
 0.900
 0.919
 0.917
 0.940
 0.898
 0.924
 0.922
 0.899
 0.914
 0.943
 0.919
 0.903
 0.927
 0.899
 0.934
 0.882
 0.868
 0.903
 0.914
 0.924
 0.901
 0.896
 0.914
 0.915
 0.903
 0.917
 0.919
 0.927
 0.915
 0.889
 0.897
 0.914
 0.899
 0.924
 0.896
 0.895
 0.878
 0.898
 0.923
 0.935
 0.931
 0.925
 0.903
 0.887
 0.913
 0.893
 0.892
 0.923
 0.906
 0.924
 0.903
 0.899
 0.919
 0.937
 0.896
 0.886
 0.908
 0.911
 0.911
 0.888
 0.905
 0.913
 0.909
 0.898
 0.910
 0.892
 0.921
 0.894
 0.898
 0.919
 0.906
 0.904
 0.907
 0.924
 0.900
 0.926
 0.880
 0.914
 0.894
 0.897
 0.926
 0.898
 0.905
 0.900
 0.877
 0.914
 0.908
 0.884
 0.883
 0.919
 0.925
 0.917
 0.932
 0.894
 0.900
 0.916
 0.927
 0.894
 0.871
 0.869
 0.910
 0.866
 0.875
 0.898
 0.906
 0.924
 0.903
 0.915
 0.882
 0.916
 0.899
 0.907
 0.911
 0.896
 0.904
 0.896
 0.912
 0.900
 0.892
 0.916
 0.922
 0.893
 0.887
 0.927
 0.908
 0.893
 0.895
 0.901
 0.916
 0.883
 0.897
 0.860
 0.922
 0.928
 0.927
 0.910
 0.897
 0.878
 0.910
 0.910
 0.884
 0.927
 0.916
 0.872
 0.899
 0.896
 0.921
 0.894
 0.929
 0.909
 0.911
 0.874
 0.919
 0.911
 0.902
 0.903
 0.932
 0.922
 0.914
 0.889
 0.927
 0.920
 0.894
 0.893
 0.908
 0.911
 0.898
 0.918
 0.904
 0.889
 0.885
 0.917
 0.911
 0.918
 0.908
 0.888
 0.916
 0.934
 0.918
 0.909
 0.895
 0.925
 0.868
 0.908
 0.908
 0.911
 0.928
 0.919
 0.901
 0.922
 0.937
 0.877
 0.917
 0.923
 0.888
 0.904
 0.899
 0.899
 0.900
 0.905
 0.943
 0.901
 0.924
 0.911
 0.905
 0.912
 0.932
 0.869
 0.934
 0.917
 0.901
 0.931
 0.916
 0.882
 0.931
 0.910
 0.926
 0.885
 0.932
 0.934
 0.899
 0.902
 0.920
 0.894
 0.892
 0.903
 0.856
 0.866
 0.906
 0.876
 0.919
 0.928
 0.907
 0.900
 0.915
 0.920
 0.926
 0.885
 0.914
 0.880
 0.869
 0.912
 0.902
 0.921
 0.900
 0.891
 0.938
 0.919
 0.905
 0.917
 0.913
 0.904
 0.889
 0.890
 0.879
 0.907
 0.909
 0.918
 0.881
 0.896
 0.893
 0.912
 0.919
 0.897
 0.893
 0.903
 0.912
 0.907
 0.888
 0.900
 0.902
 0.911
 0.887
 0.932
 0.925
 0.903
 0.902
 0.916
 0.883
 0.930
 0.916
 0.905
 0.895
 0.926
 0.917
 0.911
 0.900
 0.909
 0.910
 0.891
 0.868
 0.919
 0.934
 0.891
 0.930
 0.892
 0.906
 0.933
 0.902
 0.908
 0.883
 0.896
 0.914
 0.927
 0.909
 0.923
 0.920
 0.906
 0.898
 0.891
 0.882
 0.904
 0.875
 0.925
 0.887
 0.906
 0.890
 0.908
 0.893
 0.914
 0.915
 0.900
 0.904
 0.918
 0.921
 0.888
 0.879
 0.893
 0.914
 0.899
 0.917
 0.912
 0.895
 0.902
 0.910
 0.878
 0.921
 0.920
 0.924
 0.903
 0.926
 0.934
 0.884
 0.931
 0.926
 0.886
 0.934
 0.920
 0.883
 0.926
 0.873
 0.866
 0.915
 0.896
 0.916
 0.932
 0.915
 0.919
 0.895
 0.902
 0.915
 0.903
 0.907
 0.891
 0.938
 0.924
 0.882
 0.900
 0.887
 0.922
 0.898
 0.921
 0.909
 0.878
 0.933
 0.891
 0.907
 0.902
 0.898
 0.914
 0.891
 0.904
 0.887
 0.915
 0.924
 0.921
 0.889
 0.871
 0.930
 0.922
 0.893
 0.945
 0.884
 0.898
 0.916
 0.883
 0.898
 0.891
 0.908
 0.906
 0.901
 0.930
 0.909
 0.921
 0.932
 0.919
 0.910
 0.894
 0.926
 0.911
 0.901
 0.930
 0.893
 0.910
 0.887
 0.887
 0.902
 0.925
 0.887
 0.913
 0.926
 0.911
 0.882
 0.918
 0.939
 0.893
 0.878
 0.908
 0.864
 0.909
 0.893
 0.919
 0.891
 0.902
 0.889
 0.897
 0.870
 0.920
 0.920
 0.897
 0.881
 0.897
 0.925
 0.902
 0.916
 0.917
 0.885
 0.918
 0.900
 0.894
 0.924
 0.886
 0.937
 0.883
 0.898
 0.913
 0.906
 0.902
 0.911
 0.921
 0.891
 0.889
 0.902
 0.905
 0.916
 0.909
 0.899
 0.876
 0.920
 0.918
 0.889
 0.907
 0.916
 0.934
 0.921
 0.930
 0.883
 0.921
 0.896
 0.926
 0.868
 0.907
 0.931
 0.918
 0.916
 0.927
 0.921
 0.907
 0.921
 0.908
 0.868
 0.891
 0.896
 0.895
 0.911
 0.906
 0.923
 0.888
 0.881
 0.905
 0.923
 0.913
 0.913
 0.877
 0.927
 0.900
 0.877
 0.875
 0.936
 0.875
 0.900
 0.879
 0.905
 0.900
 0.904
 0.900
 0.900
 0.883
 0.895
 0.915
 0.895
 0.925
 0.925
 0.908
 0.915
 0.880
 0.921
 0.904
 0.895
 0.906
 0.903
 0.899
 0.929
 0.920
 0.905
 0.928
 0.905
 0.907
 0.907
 0.913
 0.927
 0.920
 0.902
 0.887
 0.909
 0.915
 0.883
 0.908
 0.902
 0.927
 0.899
 0.901
 0.900
 0.913
 0.907
 0.893
 0.939
 0.926
 0.925
 0.906
 0.912
 0.855
 0.902
 0.910
 0.906
 0.917
 0.912
 0.905
 0.906
 0.895
 0.900
 0.914
 0.886
 0.918
 0.915
 0.888
 0.907
 0.892
 0.893
 0.917
 0.898
 0.901
 0.905
 0.898
 0.942
 0.901
 0.918
 0.894
 0.890
 0.914
 0.888
 0.909
 0.880
 0.900
 0.921
 0.889
 0.918
 0.909
 0.903
 0.910
 0.895
 0.914
 0.886
 0.903
 0.914
 0.914
 0.917
 0.916
 0.921
 0.888
 0.878
 0.909
 0.884
 0.917
 0.917
 0.914
 0.924
 0.900
 0.897
 0.927
 0.899
 0.904
 0.895
 0.889
 0.906
 0.926
 0.886
 0.913
 0.921
 0.871
 0.892
 0.901
 0.907
 0.910
 0.887
 0.908
 0.906
 0.936
 0.913
 0.897
 0.901
 0.896
 0.922
 0.917
 0.903
 0.888
 0.881
 0.892
 0.905
 0.915
 0.900
 0.902
 0.895
 0.888
 0.906
 0.922
 0.895
 0.869
 0.924
 0.897
 0.901
 0.913
 0.899
 0.886
 0.885
 0.925
 0.914
 0.886
 0.864
 0.883
 0.914
 0.898
 0.910
 0.910
 0.928
 0.869
 0.910
 0.875
 0.904
 0.882
 0.892
 0.910
 0.913
 0.904
 0.917
 0.914
 0.927
 0.906
 0.898
 0.919
 0.883
 0.927
 0.917
 0.933
 0.902
 0.884
 0.921
 0.883
 0.912
 0.911
 0.874
 0.884
 0.908
 0.916
 0.927
 0.929
 0.933
 0.886
 0.884
 0.907
 0.906
 0.864
 0.883
 0.902
 0.905
 0.898
 0.910
 0.908
 0.893
 0.906
 0.916
 0.911
 0.921
 0.915
 0.918
 0.908
 0.882
 0.888
 0.906
 0.912
 0.905
 0.922
 0.880
 0.899
 0.919
 0.937
 0.893
 0.917
 0.908
 0.886
 0.905
 0.903
 0.912
 0.913
 0.920
 0.890
 0.897
 0.903
 0.919
 0.888
 0.910
 0.910
 0.912
 0.866
 0.904
 0.913
 0.896
 0.903
 0.900
 0.885
 0.899
 0.881
 0.899
 0.902
 0.923
 0.916
 0.909
 0.907
 0.894
 0.925
 0.913
 0.893
 0.878
 0.888
 0.890
 0.904
 0.923
 0.929
 0.903
 0.907
 0.902
 0.901
 0.871
 0.914
 0.914
 0.915
 0.908
 0.884
 0.922
 0.892
 0.921
 0.901
 0.884
 0.910
 0.943
 0.891
 0.929
 0.920
 0.913
 0.895
 0.936
 0.879
 0.922
 0.928
 0.912
 0.882
 0.941
 0.914
 0.926
 0.899
 0.916
 0.904
 0.897
 0.919
 0.891
 0.889
 0.920
 0.941
 0.922
 0.912
 0.913
 0.918
 0.897
 0.877
 0.921
 0.890
 0.884
 0.900
 0.929
 0.879
 0.872
 0.864
 0.914
 0.922
 0.902
 0.880
 0.885
 0.908
 0.908
 0.868
 0.892
 0.919
 0.920
 0.929
 0.891
 0.869
 0.920
 0.907
 0.914
 0.904
 0.929
 0.929
 0.895
 0.913
 0.914
 0.930
 0.886
 0.903
 0.890
 0.923
 0.903
 0.897
 0.902
 0.902
 0.916
 0.907
 0.942
 0.889
 0.917
 0.902
 0.892
 0.880
 0.889
 0.919
 0.927
 0.922
 0.914
 0.916
 0.930
 0.890
 0.907
 0.917
 0.871
 0.900
 0.904
 0.920
 0.921
 0.899
 0.930
 0.896
 0.903
 0.895
 0.886
 0.868
 0.928
 0.912
 0.902
 0.946
 0.894
 0.921
 0.915
 0.895
 0.897
 0.925
 0.889
 0.921
 0.863
 0.885
 0.873
 0.929
 0.912
 0.905
 0.928
 0.910
 0.884
 0.926
 0.929
 0.907
 0.897
 0.890
 0.901
 0.904
 0.917
 0.918
 0.901
 0.906
 0.926
 0.882
 0.892
 0.918
 0.918
 0.893
 0.910
 0.887
 0.901
 0.888
 0.893
 0.889
 0.940
 0.898
 0.922
 0.881
 0.899
 0.907
 0.894
 0.899
 0.916
 0.910
 0.894
 0.903
 0.920
 0.922
 0.903
 0.905
 0.884
 0.902
 0.894
 0.886
 0.923
 0.888
 0.901
 0.928
 0.894
 0.868
 0.924
 0.936
 0.926
 0.880
 0.884
 0.901
 0.878
 0.903
 0.910
 0.900
 0.919
 0.908
 0.922
 0.897
 0.904
 0.889
 0.922
 0.915
 0.916
 0.894
 0.888
 0.903
 0.923
 0.889
 0.902
 0.912
 0.920
 0.907
 0.888
 0.906
 0.905
 0.915
 0.908
 0.892
 0.909
 0.916
 0.907
 0.928
 0.911
 0.901
 0.930
 0.900
 0.886
 0.917
 0.901
 0.914
 0.901
 0.908
 0.890
 0.913
 0.896
 0.889
 0.934
 0.910
 0.928
 0.876
 0.945
 0.921
 0.900
 0.895
 0.905
 0.918
 0.923
 0.916
 0.933
 0.913
 0.887
 0.907
 0.918
 0.916
 0.932
 0.913
 0.913
 0.909
 0.893
 0.901
 0.927
 0.913
 0.899
 0.925
 0.924
 0.907
 0.897
 0.893
 0.906
 0.922
 0.885
 0.913
 0.927
 0.898
 0.894
 0.914
 0.912
 0.913
 0.925
 0.893
 0.912
 0.896
 0.929
 0.901
 0.885
 0.901
 0.901
 0.908
 0.918
 0.900
 0.884
 0.920
 0.928
 0.919
 0.904
 0.899
 0.916
 0.919
 0.902
 0.892
 0.916
 0.928
 0.930
 0.917
 0.903
 0.914
 0.898
 0.908
 0.917
 0.916
 0.905
 0.913
 0.926
 0.917
 0.907
 0.910
 0.917
 0.881
 0.921
 0.909
 0.926
 0.863
 0.878
 0.886
 0.901
 0.921
 0.910
 0.896
 0.861
 0.907
 0.930
 0.931
 0.917
 0.920
 0.905
 0.913
 0.902
 0.921
 0.898
 0.907
 0.910
 0.877
 0.927
 0.901
 0.912
 0.900
 0.914
 0.927
 0.911
 0.908
 0.900
 0.926
 0.901
 0.898
 0.919
 0.903
 0.899
 0.895
 0.902
 0.925
 0.902
 0.916
 0.922
 0.904
 0.928
 0.901
 0.911
 0.907
 0.902
 0.881
 0.928
 0.919
 0.900
 0.915
 0.903
 0.919
 0.897
 0.913
 0.869
 0.906
 0.911
 0.884
 0.911
 0.922
 0.888
 0.907
 0.913
 0.900
 0.893
 0.896
 0.913
 0.910
 0.901
 0.897
 0.902
 0.905
 0.893
 0.919
 0.888
 0.933
 0.873
 0.918
 0.892
 0.927
 0.882
 0.871
 0.891
 0.893
 0.914
 0.887
 0.916
 0.895
 0.915
 0.928
 0.905
 0.925
 0.913
 0.916
 0.875
 0.916
 0.915
 0.927
 0.921
 0.907
 0.920
 0.922
 0.918
 0.917
 0.881
 0.895
 0.892
 0.922
 0.927
 0.929
 0.902
 0.903
 0.890
 0.887
 0.898
 0.895
 0.899
 0.869
 0.941
 0.888
 0.890
 0.881
 0.882
 0.854
 0.894
 0.929
 0.909
 0.925
 0.911
 0.915
 0.908
 0.893
 0.901
 0.916
 0.918
 0.889
 0.917
 0.885
 0.906
 0.909
 0.918
 0.888
 0.924
 0.872
 0.890
 0.861
 0.915
 0.928
 0.922
 0.878
 0.904
 0.908
 0.871
 0.908
 0.901
 0.899
 0.900
 0.921
 0.900
 0.909
 0.904
 0.915
 0.898
 0.888
 0.888
 0.894
 0.904
 0.890
 0.897
 0.893
 0.941
 0.919
 0.899
 0.910
 0.910
 0.903
 0.900
 0.894
 0.896
 0.916
 0.903
 0.905
 0.899
 0.879
 0.907
 0.915
 0.933
 0.900
 0.920
 0.905
 0.907
 0.909
 0.901
 0.901
 0.923
 0.903
 0.907
 0.899
 0.922
 0.903
 0.912
 0.943
 0.926
 0.860
 0.894
 0.919
 0.903
 0.917
 0.902
 0.926
 0.896
 0.888
 0.912
 0.930
 0.897
 0.893
 0.916
 0.915
 0.894
 0.896
 0.918
 0.914
 0.914
 0.894
 0.910
 0.886
 0.900
 0.873
 0.896
 0.897
 0.928
 0.905
 0.914
 0.891
 0.905
 0.915
 0.924
 0.886
 0.897
 0.910
 0.918
 0.911
 0.908
 0.909
 0.919
 0.875
 0.923
 0.926
 0.886
 0.909
 0.910
 0.895
 0.896
 0.913
 0.895
 0.922
 0.891
 0.896
 0.884
 0.877
 0.907
 0.925
 0.909
 0.902
 0.910
 0.920
 0.922
 0.896
 0.909
 0.920
 0.934
 0.911
 0.910
 0.924
 0.879
 0.902
 0.908
 0.883
 0.912
 0.901
 0.908
 0.915
 0.901
 0.889
 0.906
 0.902
 0.905
 0.914
 0.907
 0.909
 0.882
 0.919
 0.917
 0.908
 0.907
 0.899
 0.926
 0.924
 0.914
 0.891
 0.926
 0.908
 0.917
 0.901
 0.885
 0.915
 0.909
 0.900
 0.898
 0.906
 0.926
 0.917
 0.899
 0.921
 0.923
 0.891
 0.905
 0.913
 0.932
 0.879
 0.914
 0.937
 0.911
 0.918
 0.913
 0.934
 0.905
 0.889
 0.918
 0.924
 0.895
 0.887
 0.894
 0.922
 0.916
 0.893
 0.903
 0.912
 0.874
 0.932
 0.911
 0.907
 0.905
 0.934
 0.914
 0.939
 0.903
 0.913
 0.925
 0.938
 0.901
 0.916
 0.874
 0.918
 0.924
 0.890
 0.867
 0.854
 0.919
 0.887
 0.915
 0.902
 0.902
 0.921
 0.886
 0.919
 0.897
 0.898
 0.906
 0.928
 0.912
 0.916
 0.897
 0.889
 0.893
 0.924
 0.903
 0.910
 0.886
 0.893
 0.906
 0.937
 0.896
 0.904
 0.917
 0.895
 0.887
 0.919
 0.890
 0.893
 0.911
 0.892
 0.909
 0.923
 0.897
 0.930
 0.920
 0.892
 0.907
 0.912
 0.896
 0.916
 0.909
 0.881
 0.891
 0.891
 0.911
 0.892
 0.923
 0.903
 0.887
 0.910
 0.919
 0.906
 0.931
 0.887
 0.888
 0.912
 0.902
 0.892
 0.903
 0.913
 0.915
 0.916
 0.923
 0.878
 0.929
 0.893
 0.916
 0.904
 0.914
 0.930
 0.902
 0.893
 0.891
 0.925
 0.887
 0.925
 0.930
 0.925
 0.918
 0.898
 0.943
 0.900
 0.913
 0.893
 0.897
 0.929
 0.918
 0.888
 0.898
 0.916
 0.874
 0.883
 0.892
 0.911
 0.873
 0.922
 0.884
 0.920
 0.896
 0.912
 0.878
 0.878
 0.923
 0.928
 0.920
 0.883
 0.919
 0.905
 0.914
 0.897
 0.917
 0.925
 0.887
 0.901
 0.912
 0.917
 0.891
 0.916
 0.914
 0.924
 0.900
 0.918
 0.905
 0.918
 0.926
 0.879
 0.926
 0.879
 0.915
 0.913
 0.900
 0.909
 0.901
 0.911
 0.918
 0.906
 0.885
 0.912
 0.898
 0.901
 0.901
 0.922
 0.896
 0.888
 0.899
 0.874
 0.882
 0.914
 0.892
 0.906
 0.928
 0.893
 0.928
 0.916
 0.855
 0.910
 0.886
 0.925
 0.898
 0.888
 0.890
 0.900
 0.893
 0.912
 0.892
 0.913
 0.902
 0.915
 0.916
 0.895
 0.911
 0.905
 0.916
 0.932
 0.915
 0.900
 0.910
 0.901
 0.925
 0.913
 0.906
 0.896
 0.917
 0.915
 0.919
 0.889
 0.929
 0.892
 0.934
 0.905
 0.917
 0.919
 0.911
 0.869
 0.893
 0.922
 0.914
 0.894
 0.920
 0.929
 0.898
 0.879
 0.898
 0.891
 0.876
 0.906
 0.889
 0.914
 0.886
 0.929
 0.893
 0.906
 0.927
 0.899
 0.880
 0.903
 0.918
 0.919
 0.885
 0.929
 0.879
 0.899
 0.918
 0.904
 0.887
 0.918
 0.911
 0.925
 0.934
 0.911
 0.898
 0.872
 0.894
 0.889
 0.904
 0.870
 0.901
 0.904
 0.901
 0.900
 0.929
 0.915
 0.915
 0.889
 0.920
 0.870
 0.908
 0.932
 0.914
 0.921
 0.922
 0.914
 0.895
 0.893
 0.911
 0.914
 0.916
 0.928
 0.900
 0.872
 0.903
 0.921
 0.910
 0.886
 0.875
 0.930
 0.923
 0.942
 0.903
 0.912
 0.900
 0.932
 0.925
 0.931
 0.932
 0.896
 0.914
 0.918
 0.918
 0.874
 0.918
 0.917
 0.906
 0.923
 0.902
 0.886
 0.923
 0.906
 0.898
 0.929
 0.909
 0.908
 0.909
 0.915
 0.913
 0.904
 0.857
 0.878
 0.902
 0.922
 0.896
 0.890
 0.926
 0.891
 0.891
 0.920
 0.906
 0.901
 0.926
 0.876
 0.893
 0.911
 0.920
 0.922
 0.914
 0.914
 0.902
 0.884
 0.894
 0.917
 0.905
 0.921
 0.920
 0.873
 0.914
 0.915
 0.900
 0.897
 0.911
 0.911
 0.909
 0.917
 0.879
 0.927
 0.906
 0.899
 0.928
 0.905
 0.893
 0.903
 0.899
 0.904
 0.890
 0.909
 0.907
 0.924
 0.901
 0.897
 0.905
 0.921
 0.894
 0.900
 0.901
 0.935
 0.912
 0.922
 0.927
 0.905
 0.915
 0.917
 0.915
 0.911
 0.888
 0.914
 0.885
 0.908
 0.920
 0.894
 0.926
 0.884
 0.909
 0.896
 0.894
 0.903
 0.900
 0.935
 0.916
 0.901
 0.897
 0.890
 0.897
 0.905
 0.897
 0.921
 0.920
 0.907
 0.888
 0.903
 0.878
 0.861
 0.908
 0.880
 0.881
 0.877
 0.903
 0.911
 0.926
 0.915
 0.922
 0.925
 0.919
 0.895
 0.893
 0.893
 0.896
 0.914
 0.932
 0.912
 0.874
 0.921
 0.910
 0.893
 0.919
 0.915
 0.917
 0.919
 0.882
 0.916
 0.894
 0.910
 0.898
 0.891
 0.909
 0.882
 0.902
 0.909
 0.909
 0.913
 0.907
 0.902
 0.922
 0.922
 0.901
 0.917
 0.910
 0.891
 0.913
 0.928
 0.916
 0.942
 0.897
 0.889
 0.901
 0.902
 0.930
 0.916
 0.917
 0.897
 0.894
 0.882
 0.910
 0.888
 0.905
 0.894
 0.908
 0.889
 0.931
 0.923
 0.898
 0.889
 0.879
 0.912
 0.867
 0.909
 0.879
 0.904
 0.903
 0.913
 0.908
 0.902
 0.904
 0.878
 0.859
 0.880
 0.886
 0.858
 0.924
 0.872
 0.898
 0.887
 0.905
 0.902
 0.903
 0.895
 0.912
 0.894
 0.901
 0.927
 0.893
 0.907
 0.918
 0.888
 0.919
 0.881
 0.923
 0.901
 0.859
 0.910
 0.873
 0.891
 0.912
 0.906
 0.890
 0.919
 0.915
 0.895
 0.902
 0.901
 0.899
 0.873
 0.923
 0.893
 0.920
 0.893
 0.926
 0.892
 0.878
 0.902
 0.930
 0.886
 0.907
 0.867
 0.912
 0.904
 0.880
 0.888
 0.928
 0.929
 0.910
 0.920
 0.914
 0.920
 0.877
 0.930
 0.902
 0.913
 0.914
 0.875
 0.865
 0.911
 0.893
 0.932
 0.918
 0.920
 0.901
 0.904
 0.894
 0.902
 0.898
 0.922
 0.890
 0.893
 0.896
 0.906
 0.899
 0.935
 0.876
 0.919
 0.905
 0.889
 0.916
 0.881
 0.865
 0.907
 0.900
 0.929
 0.916
 0.897
 0.895
 0.924
 0.907
 0.915
 0.944
 0.920
 0.882
 0.910
 0.908
 0.895
 0.921
 0.890
 0.900
 0.941
 0.911
 0.874
 0.918
 0.901
 0.910
 0.903
 0.920
 0.900
 0.894
 0.900
 0.874
 0.898
 0.904
 0.899
 0.907
 0.880
 0.902
 0.886
 0.893
 0.920
 0.921
 0.899
 0.901
 0.891
 0.901
 0.909
 0.904
 0.897
 0.901
 0.934
 0.932
 0.909
 0.914
 0.894
 0.922
 0.886
 0.921
 0.930
 0.903
 0.912
 0.914
 0.925
 0.910
 0.903
 0.945
 0.865
 0.874
 0.905
 0.887
 0.882
 0.915
 0.906
 0.917
 0.890
 0.902
 0.885
 0.925
 0.900
 0.888
 0.903
 0.895
 0.900
 0.915
 0.925
 0.908
 0.925
 0.929
 0.926
 0.923
 0.893
 0.897
 0.923
 0.915
 0.907
 0.897
 0.907
 0.899
 0.887
 0.905
 0.887
 0.915
 0.906
 0.907
 0.915
 0.885
 0.918
 0.918
 0.902
 0.904
 0.906
 0.925
 0.918
 0.908
 0.905
 0.917
 0.914
 0.861
 0.893
 0.870
 0.919
 0.909
 0.909
 0.896
 0.926
 0.925
 0.897
 0.902
 0.924
 0.921
 0.931
 0.923
 0.910
 0.923
 0.919
 0.919
 0.918
 0.917
 0.918
 0.916
 0.861
 0.870
 0.895
 0.895
 0.913
 0.910
 0.917
 0.880
 0.920
 0.934
 0.894
 0.876
 0.902
 0.916
 0.901
 0.941
 0.881
 0.893
 0.932
 0.889
 0.911
 0.897
 0.918
 0.884
 0.900
 0.888
 0.917
 0.882
 0.883
 0.878
 0.868
 0.897
 0.899
 0.905
 0.906
 0.925
 0.914
 0.911
 0.869
 0.921
 0.939
 0.875
 0.871
 0.918
 0.912
 0.910
 0.903
 0.926
 0.912
 0.924
 0.894
 0.913
 0.879
 0.925
 0.921
 0.900
 0.910
 0.915
 0.892
 0.902
 0.914
 0.913
 0.929
 0.901
 0.868
 0.887
 0.871
 0.939
 0.890
 0.930
 0.880
 0.892
 0.916
 0.910
 0.909
 0.909
 0.908
 0.900
 0.914
 0.914
 0.898
 0.902
 0.900
 0.928
 0.888
 0.894
 0.890
 0.915
 0.894
 0.907
 0.900
 0.913
 0.913
 0.886
 0.912
 0.898
 0.924
 0.914
 0.916
 0.917
 0.900
 0.900
 0.923
 0.899
 0.917
 0.869
 0.887
 0.911
 0.899
 0.898
 0.918
 0.926
 0.924
 0.931
 0.921
 0.928
 0.894
 0.910
 0.931
 0.910
 0.898
 0.919
 0.914
 0.880
 0.910
 0.926
 0.899
 0.913
 0.888
 0.902
 0.913
 0.914
 0.878
 0.923
 0.920
 0.919
 0.920
 0.902
 0.917
 0.923
 0.917
 0.903
 0.944
 0.914
 0.889
 0.890
 0.929
 0.910
 0.926
 0.884
 0.907
 0.893
 0.921
 0.891
 0.940
 0.914
 0.915
 0.882
 0.888
 0.919
 0.907
 0.883
 0.907
 0.906
 0.882
 0.903
 0.898
 0.915
 0.897
 0.929
 0.914
 0.919
 0.916
 0.930
 0.926
 0.928
 0.925
 0.916
 0.884
 0.922
 0.887
 0.920
 0.872
 0.918
 0.888
 0.908
 0.902
 0.907
 0.891
 0.923
 0.921
 0.895
 0.905
 0.913
 0.863
 0.920
 0.900
 0.914
 0.887
 0.907
 0.910
 0.899
 0.877
 0.924
 0.880
 0.893
 0.888
 0.906
 0.907
 0.908
 0.902
 0.924
 0.902
 0.914
 0.912
 0.909
 0.902
 0.858
 0.921
 0.889
 0.908
 0.906
 0.898
 0.877
 0.872
 0.895
 0.891
 0.893
 0.888
 0.892
 0.919
 0.911
 0.921
 0.893
 0.908
 0.881
 0.892
 0.913
 0.896
 0.900
 0.921
 0.919
 0.909
 0.903
 0.915
 0.882
 0.888
 0.901
 0.908
 0.891
 0.922
 0.909
 0.922
 0.904
 0.919
 0.918
 0.901
 0.936
 0.900
 0.916
 0.917
 0.881
 0.927
 0.913
 0.885
 0.899
 0.916
 0.876
 0.931
 0.921
 0.910
 0.880
 0.879
 0.901
 0.886
 0.910
 0.919
 0.924
 0.897
 0.893
 0.891
 0.915
 0.923
 0.884
 0.917
 0.927
 0.876
 0.922
 0.907
 0.891
 0.927
 0.902
 0.892
 0.941
 0.882
 0.885
 0.926
 0.901
 0.901
 0.919
 0.916
 0.930
 0.893
 0.911
 0.915
 0.897
 0.927
 0.924
 0.914
 0.902
 0.916
 0.918
 0.909
 0.899
 0.875
 0.923
 0.899
 0.912
 0.916
 0.925
 0.927
 0.894
 0.886
 0.900
 0.897
 0.876
 0.913
 0.920
 0.920
 0.876
 0.901
 0.879
 0.915
 0.935
 0.896
 0.878
 0.914
 0.919
 0.892
 0.935
 0.896
 0.917
 0.891
 0.922
 0.923
 0.864
 0.910
 0.884
 0.908
 0.904
 0.885
 0.913
 0.916
 0.923
 0.930
 0.906
 0.885
 0.923
 0.907
 0.896
 0.920
 0.897
 0.877
 0.921
 0.905
 0.893
 0.891
 0.864
 0.904
 0.921
 0.923
 0.919
 0.907
 0.914
 0.882
 0.916
 0.917
 0.891
 0.884
 0.900
 0.907
 0.908
 0.888
 0.894
 0.921
 0.891
 0.910
 0.905
 0.904
 0.880
 0.917
 0.877
 0.904
 0.903
 0.923
 0.917
 0.913
 0.916
 0.920
 0.906
 0.912
 0.862
 0.901
 0.906
 0.921
 0.913
 0.910
 0.883
 0.934
 0.921
 0.897
 0.919
 0.915
 0.897
 0.920
 0.885
 0.902
 0.865
 0.912
 0.914
 0.878
 0.920
 0.904
 0.895
 0.921
 0.921
 0.893
 0.900
 0.889
 0.915
 0.900
 0.903
 0.911
 0.869
 0.917
 0.911
 0.873
 0.908
 0.906
 0.916
 0.910
 0.878
 0.846
 0.906
 0.939
 0.916
 0.903
 0.897
 0.907
 0.885
 0.885
 0.902
 0.908
 0.908
 0.884
 0.933
 0.929
 0.900
 0.913
 0.899
 0.926
 0.905
 0.925
 0.923
 0.872
 0.922
 0.894
 0.893
 0.921
 0.927
 0.928
 0.910
 0.913
 0.926
 0.913
 0.919
 0.916
 0.899
 0.924
 0.926
 0.934
 0.908
 0.885
 0.915
 0.895
 0.891
 0.919
 0.913
 0.906
 0.906
 0.899
 0.889
 0.896
 0.869
 0.894
 0.928
 0.910
 0.886
 0.916
 0.873
 0.892
 0.903
 0.897
 0.913
 0.883
 0.928
 0.900
 0.874
 0.897
 0.904
 0.913
 0.906
 0.900
 0.906
 0.902
 0.900
 0.939
 0.908
 0.894
 0.933
 0.893
 0.933
 0.894
 0.863
 0.920
 0.888
 0.900
 0.909
 0.928
 0.893
 0.909
 0.909
 0.919
 0.901
 0.902
 0.918
 0.890
 0.908
 0.915
 0.917
 0.913
 0.926
 0.909
 0.920
 0.903
 0.897
 0.898
 0.898
 0.892
 0.920
 0.892
 0.917
 0.936
 0.924
 0.891
 0.895
 0.923
 0.893
 0.907
 0.913
 0.920
 0.907
 0.936
 0.903
 0.907
 0.922
 0.913
 0.886
 0.888
 0.930
 0.912
 0.917
 0.906
 0.932
 0.896
 0.915
 0.908
 0.913
 0.910
 0.894
 0.900
 0.897
 0.919
 0.893
 0.898
 0.895
 0.917
 0.917
 0.906
 0.918
 0.897
 0.884
 0.931
 0.897
 0.882
 0.925
 0.907
 0.900
 0.905
 0.887
 0.866
 0.894
 0.898
 0.912
 0.901
 0.907
 0.921
 0.900
 0.903
 0.909
 0.885
 0.902
 0.884
 0.919
 0.884
 0.918
 0.915
 0.910
 0.906
 0.910
 0.899
 0.905
 0.933
 0.915
 0.917
 0.919
 0.907
 0.934
 0.907
 0.905
 0.920
 0.934
 0.926
 0.887
 0.884
 0.913
 0.913
 0.902
 0.875
 0.917
 0.920
 0.914
 0.943
 0.890
 0.912
 0.911
 0.939
 0.909
 0.891
 0.892
 0.929
 0.896
 0.906
 0.922
 0.919
 0.899
 0.925
 0.908
 0.899
 0.904
 0.904
 0.915
 0.942
 0.901
 0.931
 0.927
 0.911
 0.915
 0.891
 0.898
 0.910
 0.883
 0.908
 0.909
 0.911
 0.899
 0.916
 0.914
 0.902
 0.907
 0.932
 0.920
 0.872
 0.923
 0.898
 0.856
 0.888
 0.910
 0.910
 0.895
 0.926
 0.888
 0.885
 0.905
 0.885
 0.897
 0.904
 0.889
 0.912
 0.903
 0.901
 0.903
 0.904
 0.886
 0.881
 0.932
 0.913
 0.929
 0.924
 0.865
 0.897
 0.916
 0.902
 0.901
 0.907
 0.937
 0.927
 0.911
 0.893
 0.932
 0.898
 0.899
 0.862
 0.896
 0.940
 0.880
 0.919
 0.909
 0.895
 0.904
 0.917
 0.920
 0.901
 0.897
 0.909
 0.901
 0.874
 0.899
 0.884
 0.913
 0.903
 0.912
 0.897
 0.899
 0.904
 0.892
 0.905
 0.868
 0.907
 0.928
 0.897
 0.904
 0.917
 0.937
 0.889
 0.892
 0.892
 0.898
 0.884
 0.934
 0.904
 0.915
 0.912
 0.909
 0.903
 0.913
 0.898
 0.908
 0.909
 0.873
 0.910
 0.908
 0.905
 0.897
 0.871
 0.909
 0.918
 0.905
 0.895
 0.887
 0.892
 0.919
 0.910
 0.897
 0.898
 0.894
 0.921
 0.913
 0.901
 0.890
 0.918
 0.892
 0.919
 0.940
 0.925
 0.907
 0.925
 0.926
 0.892
 0.894
 0.894
 0.883
 0.899
 0.905
 0.879
 0.924
 0.893
 0.920
 0.901
 0.896
 0.906
 0.910
 0.918
 0.899
 0.897
 0.916
 0.921
 0.902
 0.925
 0.887
 0.889
 0.912
 0.873
 0.876
 0.896
 0.914
 0.902
 0.905
 0.898
 0.892
 0.930
 0.927
 0.905
 0.911
 0.914
 0.930
 0.912
 0.910
 0.920
 0.908
 0.929
 0.906
 0.895
 0.911
 0.921
 0.932
 0.921
 0.926
 0.885
 0.914
 0.879
 0.883
 0.900
 0.905
 0.894
 0.903
 0.918
 0.898
 0.892
 0.924
 0.895
 0.881
 0.932
 0.917
 0.921
 0.911
 0.916
 0.882
 0.913
 0.906
 0.894
 0.898
 0.904
 0.911
 0.899
 0.926
 0.899
 0.904
 0.903
 0.898
 0.906
 0.897
 0.871
 0.924
 0.907
 0.900
 0.909
 0.922
 0.892
 0.894
 0.897
 0.942
 0.926
 0.907
 0.910
 0.885
 0.912
 0.905
 0.891
 0.909
 0.886
 0.914
 0.893
 0.898
 0.896
 0.888
 0.935
 0.894
 0.893
 0.897
 0.919
 0.883
 0.914
 0.908
 0.899
 0.889
 0.917
 0.908
 0.890
 0.931
 0.911
 0.924
 0.918
 0.924
 0.912
 0.914
 0.919
 0.871
 0.892
 0.880
 0.891
 0.875
 0.912
 0.888
 0.875
 0.895
 0.886
 0.895
 0.920
 0.904
 0.886
 0.903
 0.914
 0.872
 0.930
 0.912
 0.888
 0.930
 0.898
 0.909
 0.876
 0.933
 0.880
 0.930
 0.894
 0.933
 0.902
 0.906
 0.901
 0.880
 0.874
 0.920
 0.897
 0.927
 0.907
 0.920
 0.931
 0.927
 0.923
 0.911
 0.890
 0.914
 0.922
 0.897
 0.922
 0.926
 0.919
 0.899
 0.927
 0.894
 0.912
 0.897
 0.913
 0.924
 0.922
 0.900
 0.914
 0.916
 0.909
 0.865
 0.916
 0.909
 0.909
 0.914
 0.926
 0.908
 0.926
 0.918
 0.903
 0.905
 0.884
 0.927
 0.920
 0.872
 0.931
 0.919
 0.886
 0.885
 0.913
 0.925
 0.937
 0.909
 0.922
 0.915
 0.904
 0.895
 0.897
 0.899
 0.911
 0.894
 0.902
 0.892
 0.933
 0.905
 0.902
 0.910
 0.939
 0.904
 0.928
 0.900
 0.886
 0.915
 0.908
 0.903
 0.938
 0.901
 0.898
 0.914
 0.913
 0.913
 0.891
 0.913
 0.885
 0.921
 0.901
 0.873
 0.909
 0.923
 0.918
 0.907
 0.932
 0.925
 0.921
 0.925
 0.938
 0.900
 0.890
 0.903
 0.889
 0.882
 0.885
 0.901
 0.907
 0.902
 0.908
 0.882
 0.906
 0.879
 0.887
 0.922
 0.898
 0.890
 0.933
 0.892
 0.910
 0.912
 0.916
 0.931
 0.883
 0.935
 0.895
 0.923
 0.922
 0.909
 0.907
 0.902
 0.920
 0.903
 0.906
 0.914
 0.900
 0.902
 0.878
 0.899
 0.906
 0.901
 0.926
 0.911
 0.902
 0.890
 0.924
 0.889
 0.896
 0.888
 0.906
 0.905
 0.913
 0.898
 0.914
 0.908
 0.904
 0.916
 0.897
 0.926
 0.917
 0.924
 0.896
 0.902
 0.915
 0.891
 0.917
 0.885
 0.901
 0.876
 0.915
 0.899
 0.914
 0.906
 0.910
 0.896
 0.901
 0.902
 0.883
 0.923
 0.891
 0.911
 0.912
 0.920
 0.891
 0.921
 0.917
 0.892
 0.900
 0.908
 0.913
 0.910
 0.915
 0.880
 0.905
 0.908
 0.885
 0.882
 0.900
 0.915
 0.891
 0.871
 0.917
 0.933
 0.900
 0.904
 0.890
 0.940
 0.902
 0.907
 0.919
 0.899
 0.906
 0.868
 0.898
 0.898
 0.929
 0.903
 0.901
 0.884
 0.907
 0.909
 0.902
 0.891
 0.900
 0.883
 0.899
 0.922
 0.878
 0.896
 0.932
 0.909
 0.880
 0.932
 0.907
 0.904
 0.915
 0.907
 0.891
 0.882
 0.911
 0.893
 0.924
 0.911
 0.889
 0.889
 0.923
 0.874
 0.926
 0.895
 0.901
 0.896
 0.885
 0.908
 0.899
 0.899
 0.910
 0.911
 0.902
 0.894
 0.932
 0.888
 0.903
 0.907
 0.912
 0.908
 0.877
 0.902
 0.907
 0.909
 0.885
 0.932
 0.919
 0.905
 0.896
 0.908
 0.927
 0.902
 0.903
 0.923
 0.894
 0.905
 0.886
 0.920
 0.898
 0.909
 0.914
 0.875
 0.906
 0.888
 0.896
 0.904
 0.909
 0.894
 0.929
 0.913
 0.893
 0.900
 0.915
 0.918
 0.932
 0.925
 0.939
 0.908
 0.903
 0.931
 0.913
 0.893
 0.934
 0.920
 0.901
 0.889
 0.885
 0.921
 0.903
 0.923
 0.911
 0.890
 0.910
 0.900
 0.890
 0.907
 0.903
 0.934
 0.922
 0.893
 0.906
 0.904
 0.908
 0.885
 0.915
 0.925
 0.891
 0.905
 0.892
 0.879
 0.921
 0.905
 0.904
 0.941
 0.863
 0.900
 0.902
 0.924
 0.909
 0.931
 0.929
 0.918
 0.900
 0.901
 0.889
 0.897
 0.925
 0.895
 0.922
 0.899
 0.914
 0.909
 0.930
 0.929
 0.884
 0.916
 0.923
 0.914
 0.927
 0.916
 0.909
 0.890
 0.926
 0.907
 0.885
 0.890
 0.903
 0.923
 0.895
 0.932
 0.936
 0.914
 0.933
 0.913
 0.898
 0.904
 0.915

