
 0.480
 0.600
 0.644
 0.648
 0.656
 0.656
 0.656
 0.656
 0.656
 0.656
 0.656
 0.656
 0.656
 0.656
 0.656
 0.656
 0.656
 0.656
 0.656
 0.656
 0.656
 0.656
 0.656
 0.656
 0.656
 0.656
 0.656
 0.656
 0.656
 0.656
 0.656
 0.656
 0.656
 0.656
 0.656
 0.656
 0.656
 0.656
 0.656
 0.656
 0.656
 0.656
 0.656
 0.656
 0.656
 0.656
 0.656
 0.656
 0.656
 0.656
 0.656
 0.656
 0.656
 0.656
 0.656
 0.656
 0.656
 0.656
 0.656
 0.656
 0.656
 0.656
 0.656
 0.656
 0.656
 0.656
 0.656
 0.656
 0.656
 0.656
 0.656
 0.656
 0.656
 0.656
 0.656
 0.656
 0.656
 0.656
 0.656
 0.656
 0.656
 0.656
 0.656
 0.656
 0.656
 0.656
 0.656
 0.656
 0.656
 0.656
 0.656
 0.656
 0.656
 0.656
 0.656
 0.656
 0.656
 0.656
 0.656
 0.656
 0.656
 0.656
 0.656
 0.656
 0.656
 0.656
 0.656
 0.656
 0.656
 0.656
 0.656
 0.656
 0.656
 0.656
 0.656
 0.656
 0.656
 0.656
 0.656
 0.656
 0.656
 0.656
 0.656
 0.656
 0.656
 0.656
 0.656
 0.656
 0.656
 0.656
 0.656
 0.656
 0.656
 0.656
 0.656
 0.656
 0.656
 0.656
 0.656
 0.656
 0.656
 0.656
 0.656
 0.656
 0.656
 0.656
 0.656
 0.656
 0.656
 0.656
 0.656
 0.656
 0.656
 0.656
 0.656
 0.656
 0.656
 0.656
 0.656
 0.656
 0.656
 0.656
 0.656
 0.656
 0.656
 0.656
 0.656
 0.656
 0.656
 0.656
 0.656
 0.656
 0.656
 0.656
 0.656
 0.656
 0.656
 0.656
 0.656
 0.656
 0.656
 0.656
 0.656
 0.656
 0.656
 0.656
 0.656
 0.656
 0.656
 0.656
 0.656
 0.656
 0.656
 0.656
 0.656
 0.656
 0.656
 0.656
 0.656
 0.656

