0.48053430696318583 1
0.48309685470503844 1
0.4837750571834516 1
0.48498680214430984 1
0.4859674741546228 1
0.4863033837614557 1
0.4886939208208074 1
0.48920821956906346 1
0.49046234481755446 1
0.4917154588635521 1
0.49184268738137105 1
0.49272903869616 1
0.4934167594556916 1
0.4943666370668102 1
0.4948981586916076 1
0.49691120629112817 1
0.49747885246227064 1
0.49750770067171857 1
0.4986104825512014 1
0.4988473198643397 1
0.49933282520163097 1
0.5000450759646794 1
0.5007399249997594 1
0.5012357846261885 1
0.5012372918850384 1
0.5018930774919579 1
0.5025419975968601 1
0.5038862960719146 1
0.5044446191057746 1
0.5048260811987322 1
0.5069240410527844 1
0.5096211369311763 1
0.5096471712069193 1
0.5106047975570942 1
0.5122053965313856 1
0.5125506398236681 1
0.5129341148641174 1
0.5134547850622038 1
0.5136818441110172 1
0.5145827746394468 1
0.5149576715851009 1
0.5153416830012444 1
0.5154267653038693 1
0.5173431290866527 1
0.517622167966056 1
0.518075281920946 1
0.5185268108410303 1
0.5205930364884048 1
0.5207760433447829 1
0.521209974273996 1
0.5212474784298928 1
0.5214468016076945 1
0.5219701326167304 1
0.5220306291447151 1
0.5220999229681337 1
0.5231377189182488 1
0.5231463168428372 1
0.5238189771197865 1
0.5242068776484543 1
0.5248351061912689 1
0.5252228719445713 1
0.5253598564570456 1
0.5257463460619639 1
0.5258998122737915 1
0.5259171864857505 1
0.5260767830478799 1
0.5263326670355568 1
0.5263727291277263 1
0.5264855305860453 1
0.526913065763021 1
0.5272551640611963 1
0.527430327902023 1
0.5275683822271088 1
0.5275998065180673 1
0.527607860857191 1
0.527744116774774 1
0.5279675726083546 1
0.5282405956968725 1
0.5292365846822882 1
0.5299892040048834 1
0.5304089957879969 1
0.5304554910389166 1
0.5305245551179087 1
0.5307752601198582 1
0.5307823893087854 1
0.5309989925103615 1
0.5313101905524625 1
0.5315116534802732 1
0.5315375234006957 1
0.5316355829245957 1
0.531693791167453 1
0.5318035722993869 1
0.5326376801687157 1
0.5328625952493041 1
0.5334736747300622 1
0.5336497799953495 1
0.5337575386844136 1
0.5351179121630624 1
0.5354238516251987 1
0.5354783795265853 1
0.5363433200666774 1
0.5363486406628598 1
0.5364893229956821 1
0.5368076106743962 1
0.5370771492845956 1
0.5372148887871777 1
0.5373646020758983 1
0.5376966676763079 1
0.5380003546837417 1
0.5382655083576176 1
0.5391316658644715 1
0.5399578770715252 1
0.5403394148680359 1
0.5407705060173104 1
0.540784826848909 1
0.5418673778780153 1
0.5419010937937777 1
0.5421708534754086 1
0.5422610257224129 1
0.5423555960018255 1
0.5440499869561879 1
0.5443444405704235 1
0.5446630034137011 1
0.5447576569924751 1
0.5450274740280363 1
0.5456471964049293 1
0.5460028941502177 1
0.5465841280108847 1
0.5466862771275962 1
0.5469760391066323 1
0.5470108727811026 1
0.5470770966249558 1
0.5474181105800011 1
0.5478139438506868 1
0.547873535244474 1
0.5479762598042307 1
0.548774756769138 1
0.5492939347611798 1
0.5494429215960327 1
0.5499579937534722 1
0.551402706641489 1
0.5514884891626508 1
0.5526341065249073 1
0.5532032612796034 1
0.553618562299842 1
0.5536992081390566 1
0.5538605414891336 1
0.5546884436381769 1
0.5548436608953758 1
0.5549556960900504 1
0.5552244048872107 1
0.5568389957315035 1
0.5570676439093197 1
0.5572682207705203 1
0.5574282243196922 1
0.5578765938096437 1
0.5581050670189353 1
0.5582526539479515 1
0.5587221220139882 1
0.5590920433992163 1
0.5592905025463898 1
0.5599715861672887 1
0.5604940982423251 1
0.5606435344892017 1
0.5609807550336063 1
0.5610819196886514 1
0.5613622716594187 1
0.5616001093342324 1
0.5616074515847567 1
0.5618627706514958 1
0.5623512556446644 1
0.5630843892452161 1
0.563521179698617 1
0.5640151261169712 1
0.5650882619283385 1
0.566165603560426 1
0.5666252554464383 1
0.5673656291868573 1
0.5687524587362255 1
0.5706128473717915 1
0.5730320957811245 1
0.5734062337838711 1
0.5735135670831153 1
0.5736311875916028 1
0.574012451641303 1
0.5753882597494925 1
0.5797052501150888 1
0.579763456674593 1
0.5807617418158807 1
0.581350845995813 1
0.5830239858911527 1
0.5831515021628476 1
0.5836035665365875 1
0.5850325808091604 1
0.5883843891003476 1
0.5940871410520001 1
0.5944686057015727 1
0.594969010484507 1
0.5954888655093107 1
0.6008259979272125 1
