
 0.526
 0.569
 0.486
 0.501
 0.518
 0.531
 0.542
 0.581
 0.566
 0.537
 0.534
 0.580
 0.526
 0.551
 0.531
 0.521
 0.493
 0.534
 0.562
 0.544
 0.530
 0.513
 0.544
 0.495
 0.549
 0.526
 0.540
 0.565
 0.583
 0.575
 0.485
 0.557
 0.542
 0.528
 0.515
 0.526
 0.541
 0.530
 0.555
 0.571
 0.526
 0.523
 0.492
 0.522
 0.538
 0.489
 0.532
 0.545
 0.505
 0.524
 0.595
 0.531
 0.553
 0.574
 0.594
 0.527
 0.583
 0.584
 0.601
 0.525
 0.585
 0.510
 0.528
 0.559
 0.554
 0.499
 0.551
 0.499
 0.518
 0.561
 0.526
 0.545
 0.548
 0.515
 0.536
 0.528
 0.538
 0.530
 0.573
 0.546
 0.547
 0.558
 0.564
 0.547
 0.527
 0.521
 0.536
 0.522
 0.561
 0.486
 0.527
 0.533
 0.521
 0.542
 0.493
 0.500
 0.492
 0.549
 0.557
 0.533
 0.555
 0.507
 0.567
 0.559
 0.499
 0.528
 0.517
 0.536
 0.547
 0.535
 0.539
 0.561
 0.564
 0.513
 0.501
 0.525
 0.513
 0.533
 0.483
 0.547
 0.526
 0.542
 0.560
 0.562
 0.553
 0.489
 0.515
 0.558
 0.510
 0.497
 0.594
 0.504
 0.522
 0.541
 0.481
 0.567
 0.515
 0.501
 0.531
 0.504
 0.557
 0.535
 0.537
 0.531
 0.525
 0.574
 0.559
 0.560
 0.546
 0.521
 0.519
 0.523
 0.537
 0.554
 0.542
 0.532
 0.528
 0.535
 0.532
 0.494
 0.532
 0.555
 0.537
 0.573
 0.547
 0.512
 0.588
 0.595
 0.514
 0.547
 0.511
 0.484
 0.498
 0.524
 0.497
 0.490
 0.529
 0.555
 0.558
 0.561
 0.521
 0.557
 0.528
 0.554
 0.548
 0.562
 0.563
 0.574
 0.548
 0.550
 0.562
 0.545
 0.503
 0.549
 0.532
 0.540
 0.502
 0.580
 0.538
 0.581

