
 0.980
 1.070
 0.930
 1.170
 1.160
 1.300
 1.100
 1.050
 0.780
 1.130
 0.940
 0.790
 0.890
 1.030
 1.140
 1.020
 1.080
 1.120
 1.070
 0.900
 1.080
 0.880
 1.110
 1.160
 0.990
 0.990
 1.180
 1.150
 0.930
 1.260
 1.250
 1.020
 0.770
 1.030
 0.940
 0.990
 0.890
 1.100
 0.970
 0.960
 1.100
 0.940
 1.140
 1.040
 1.080
 0.940
 1.110
 1.050
 0.880
 0.980
 0.970
 1.070
 0.880
 0.910
 1.010
 1.000
 1.170
 1.000
 0.880
 0.790
 0.910
 0.830
 0.880
 0.960
 1.000
 1.010
 1.050
 1.070
 1.290
 0.850
 0.840
 0.890
 1.070
 1.100
 0.810
 1.020
 0.810
 0.860
 0.980
 0.940
 1.070
 0.850
 1.020
 0.870
 1.040
 1.050
 0.960
 0.740
 1.140
 1.120
 1.110
 0.910
 1.140
 0.960
 0.860
 1.080
 0.920
 0.930
 1.080
 1.050
 0.790
 1.170
 0.970
 1.050
 0.950
 0.900
 0.970
 1.100
 1.020
 1.120
 0.940
 1.100
 0.960
 1.020
 1.080
 0.840
 1.050
 1.010
 0.960
 1.260
 0.990
 1.040
 1.090
 0.880
 1.000
 0.970
 0.810
 0.960
 0.980
 0.880
 0.930
 0.950
 1.150
 0.920
 1.060
 0.820
 1.190
 1.070
 0.940
 0.860
 1.110
 0.960
 0.910
 0.800
 1.230
 0.930
 0.920
 1.230
 0.890
 1.060
 0.970
 1.090
 0.940
 0.780
 0.950
 0.860
 0.990
 1.120
 1.020
 0.880
 1.040
 1.080
 0.950
 1.060
 0.990
 1.040
 1.090
 1.000
 1.060
 1.090
 1.050
 0.880
 0.950
 1.040
 0.940
 1.000
 0.950
 0.950
 0.950
 1.090
 1.110
 1.130
 0.820
 1.210
 1.040
 1.080
 0.970
 1.090
 0.930
 0.880
 0.990
 0.880
 0.990
 0.870
 1.020
 0.910
 1.010
 1.110
 1.170
 0.890

