
 0.491
 0.498
 0.446
 0.458
 0.459
 0.510
 0.448
 0.457
 0.467
 0.418
 0.434
 0.468
 0.458
 0.480
 0.531
 0.497
 0.492
 0.480
 0.476
 0.501
 0.486
 0.398
 0.471
 0.430
 0.490
 0.456
 0.505
 0.472
 0.439
 0.500
 0.475
 0.482
 0.451
 0.442
 0.458
 0.460
 0.466
 0.427
 0.499
 0.426
 0.463
 0.437
 0.491
 0.491
 0.494
 0.463
 0.448
 0.412
 0.485
 0.425
 0.478
 0.470
 0.453
 0.541
 0.447
 0.462
 0.451
 0.478
 0.441
 0.464
 0.448
 0.514
 0.476
 0.421
 0.455
 0.447
 0.514
 0.442
 0.498
 0.447
 0.485
 0.457
 0.470
 0.490
 0.535
 0.462
 0.467
 0.454
 0.478
 0.496
 0.454
 0.464
 0.462
 0.456
 0.474
 0.470
 0.464
 0.446
 0.429
 0.458
 0.506
 0.500
 0.443
 0.423
 0.510
 0.477
 0.437
 0.471
 0.461
 0.506
 0.529
 0.485
 0.458
 0.475
 0.462
 0.461
 0.419
 0.472
 0.448
 0.464
 0.484
 0.451
 0.463
 0.497
 0.442
 0.474
 0.479
 0.433
 0.403
 0.456
 0.478
 0.431
 0.479
 0.460
 0.470
 0.474
 0.451
 0.497
 0.486
 0.459
 0.393
 0.445
 0.465
 0.440
 0.472
 0.483
 0.482
 0.470
 0.442
 0.451
 0.473
 0.421
 0.474
 0.452
 0.472
 0.468
 0.424
 0.494
 0.487
 0.504
 0.467
 0.477
 0.433
 0.437
 0.474
 0.502
 0.524
 0.472
 0.447
 0.461
 0.430
 0.423
 0.491
 0.466
 0.440
 0.456
 0.501
 0.482
 0.505
 0.469
 0.465
 0.469
 0.500
 0.446
 0.459
 0.510
 0.434
 0.421
 0.452
 0.458
 0.519
 0.423
 0.494
 0.498
 0.420
 0.506
 0.463
 0.486
 0.459
 0.470
 0.454
 0.452
 0.501
 0.454
 0.490
 0.428
 0.474
 0.474
 0.470
 0.479

