0.469979160202815 1
0.4735609407640362 1
0.4774220150362239 1
0.48159822238908795 1
0.4818998196617883 1
0.4824049862112729 1
0.4833134540382808 1
0.48532710408751234 1
0.4879765597637446 1
0.4887949879165056 1
0.4896142697742781 1
0.49035021745648877 1
0.4908665874141655 1
0.4910035692597266 1
0.4914990102303728 1
0.4915459393778856 1
0.4915730701331181 1
0.4924925097687989 1
0.4950985279489775 1
0.4953233089654032 1
0.4956276166430926 1
0.4956680291210509 1
0.4958208511529886 1
0.4966039953662184 1
0.49667517070437184 1
0.49829495156553494 1
0.49838445094165285 1
0.49850953565256295 1
0.49953796745527596 1
0.5003325616350556 1
0.5004107739877174 1
0.5010157630984049 1
0.5014934452333019 1
0.5025830146768703 1
0.5036072972637673 1
0.5037461342325489 1
0.5040009359023965 1
0.5041017984496525 1
0.5046868380947712 1
0.5050076908148832 1
0.5052134349101012 1
0.5057462969063689 1
0.5065008626547706 1
0.5065215239156512 1
0.5067911764994255 1
0.5070245171018767 1
0.5070475757296731 1
0.5075903928192919 1
0.5077026674346157 1
0.5081082419060463 1
0.5083035049409685 1
0.5084476981928615 1
0.5089693904728715 1
0.5093650819414105 1
0.5095686397641724 1
0.5096929001957193 1
0.510142550152906 1
0.5109725651600253 1
0.5110697973004236 1
0.5112052614258347 1
0.511260435261359 1
0.5113649030663123 1
0.511429282039843 1
0.5116725837324082 1
0.5121673689589791 1
0.5122981696231539 1
0.512504084732612 1
0.5128682454908597 1
0.5130323331144152 1
0.5131218389037338 1
0.5136606719735931 1
0.5138232439009888 1
0.5138333759389179 1
0.5138644648245541 1
0.5139078546489093 1
0.5142128732970463 1
0.5148513582982575 1
0.5162374647168104 1
0.516682776733369 1
0.5170354290316516 1
0.5172877113640969 1
0.5173775410443446 1
0.5174262208272579 1
0.5174903104153487 1
0.5176533715982056 1
0.5179561850684408 1
0.5181296782449184 1
0.5182636566079422 1
0.5188944213708919 1
0.5193180803771187 1
0.5194569809959213 1
0.5201666375582567 1
0.5203174650261474 1
0.5213531050578893 1
0.5219382591178008 1
0.5219980503539485 1
0.5220299434458211 1
0.5229361365348002 1
0.5240017936894855 1
0.5242792342008369 1
0.5251926168879106 1
0.5255403652206431 1
0.5257868631669549 1
0.5258855014026478 1
0.5261649665509909 1
0.5262671228295326 1
0.5268449209168934 1
0.5269466454276772 1
0.5273649367432238 1
0.527431169260211 1
0.527541803582106 1
0.5279047865942402 1
0.5288457918277238 1
0.5290331854020784 1
0.5294905818380964 1
0.5297833810886425 1
0.5299963348171228 1
0.5304880096799032 1
0.5306460566138991 1
0.5306875682699017 1
0.5307319507262608 1
0.5307431884644419 1
0.5308499168334117 1
0.5309382601088669 1
0.5312930883260354 1
0.5318674623052636 1
0.5319782483763184 1
0.5320165491091118 1
0.5320524083976998 1
0.5320978441274642 1
0.5323201293157276 1
0.5325607390590182 1
0.5331806335264008 1
0.5339624993359151 1
0.5349968115712475 1
0.535326089291828 1
0.536081165331544 1
0.5365621449250834 1
0.5369763913700808 1
0.5373609891313474 1
0.5380532156271517 1
0.538355182379301 1
0.5387093041578314 1
0.5387846137269351 1
0.5389517197164363 1
0.5390883698626325 1
0.5397269082110191 1
0.5398864933510147 1
0.5401232100331913 1
0.5402469886516674 1
0.5403026731348843 1
0.5403866777902843 1
0.5404205150317115 1
0.5405536139110908 1
0.5407663960673071 1
0.5407931178522445 1
0.5414758126037394 1
0.542025857829156 1
0.5422654640421561 1
0.5423748439280404 1
0.5424732825431059 1
0.5426466917835664 1
0.543555901384702 1
0.5441767695528178 1
0.5443179869939083 1
0.5446946767717973 1
0.544717647185077 1
0.5447571819033626 1
0.5466744421238565 1
0.546679583418965 1
0.5471102578680653 1
0.5480657150868677 1
0.5481317008703703 1
0.5481562107648935 1
0.5486740950793508 1
0.549171440905564 1
0.5502817702008764 1
0.5508643765299996 1
0.551491776881625 1
0.5521335573369609 1
0.5540984475243902 1
0.5553921917363636 1
0.555872715660692 1
0.556715293120309 1
0.5581661535960181 1
0.5586668489822091 1
0.5596290505724304 1
0.5602490241516294 1
0.560520626976722 1
0.5610137559007833 1
0.5611429722367959 1
0.5611956976103363 1
0.5628353009512369 1
0.5634521329576446 1
0.5652902394419952 1
0.5659043032364743 1
0.5669833138883085 1
0.5723241807696712 1
0.5758450781039346 1
0.5825406216357031 1
