0.4625861513165669 1
0.4662074890161669 1
0.4736063439292782 1
0.47773822400466365 1
0.48051728469512384 1
0.48106533422259873 1
0.48304938298354877 1
0.4855352657616123 1
0.48726174311141174 1
0.4878745381511488 1
0.48868645096789537 1
0.48928885384931065 1
0.4910076197137316 1
0.4910127478375114 1
0.4953212087997207 1
0.4957190362010931 1
0.4965381282327646 1
0.4972612611554688 1
0.4980526081722637 1
0.4982104836855005 1
0.4995719426996913 1
0.5015880346649808 1
0.5054708692205161 1
0.5063374703198297 1
0.5065872069823342 1
0.508172983639911 1
0.5084507656985251 1
0.5085256640850291 1
0.5088216783333914 1
0.5096652688039367 1
0.5102825809084113 1
0.5109314721908027 1
0.5128498731538449 1
0.5129316133557513 1
0.5130955335320891 1
0.5140240314122458 1
0.5141579159903723 1
0.5144220973490551 1
0.5153436391346213 1
0.5157010906840539 1
0.5158297153721874 1
0.5159609373876881 1
0.5159957680150542 1
0.5168791138577502 1
0.5169467077505027 1
0.5170947261965743 1
0.517736666258987 1
0.5187120802358104 1
0.518753789592525 1
0.5192246560261891 1
0.5194091225322242 1
0.5201866524105561 1
0.5211186771984494 1
0.5216031416018341 1
0.5221328886534079 1
0.5235197250311052 1
0.5237168912802784 1
0.524018354378548 1
0.5240873291193292 1
0.5242451601588585 1
0.5245245835982151 1
0.5258302065938156 1
0.5260219048442802 1
0.5260779277886786 1
0.5261313050200984 1
0.5264745918564437 1
0.5267255346768903 1
0.5267953986070002 1
0.5276237500452987 1
0.5277782371445061 1
0.5282640901753404 1
0.5284070118457416 1
0.5287027039674109 1
0.5288531422325664 1
0.5289191798842495 1
0.5290808134794072 1
0.5291150706759651 1
0.5293559719457658 1
0.5298377336383202 1
0.5300040131897648 1
0.5300686056081636 1
0.5300688729476439 1
0.5308233314060385 1
0.5310961146913797 1
0.5311712742716632 1
0.5312377131672467 1
0.5317123428664263 1
0.5335311048516186 1
0.5343605184747114 1
0.5347513262511715 1
0.5353210735167997 1
0.5354959602082663 1
0.5355968908990599 1
0.5357909213359651 1
0.5376061768854808 1
0.5380341359150205 1
0.538503978430013 1
0.5387802153821314 1
0.5391313524619037 1
0.5398320938590554 1
0.5400136631379803 1
0.5402625175563612 1
0.5403039712693194 1
0.5411696586230632 1
0.5417029738129602 1
0.5420111348268756 1
0.5423259289593556 1
0.5426880017877338 1
0.5427464834926464 1
0.5429202406234765 1
0.5430679606906776 1
0.5434739112880334 1
0.5439869777515804 1
0.5442339874848655 1
0.5444709456213613 1
0.5458851891270922 1
0.546019530713912 1
0.5461829593475696 1
0.546247294008764 1
0.5462520623763718 1
0.5463239211961034 1
0.5463592056296568 1
0.5471773522418681 1
0.547468930334563 1
0.5474825429804517 1
0.5476730396735036 1
0.5481097539213503 1
0.548142615069293 1
0.5483214506896134 1
0.5486979133728538 1
0.5488842781131664 1
0.5490129494619945 1
0.5494811796964878 1
0.5495416039350166 1
0.5504700157039996 1
0.5508607188785277 1
0.5513700592778774 1
0.5515106587201325 1
0.5520792884225945 1
0.5520828136865275 1
0.552354379766397 1
0.5523583544258142 1
0.5530841669274262 1
0.5531584909523743 1
0.5533648886917633 1
0.5543489745521002 1
0.5544656088686106 1
0.5549172454026259 1
0.5549611090302714 1
0.5550575303223428 1
0.5558467665577589 1
0.55664364672162 1
0.5568229092797753 1
0.5574610655764288 1
0.5578536331907854 1
0.5579403248430063 1
0.5579802526123682 1
0.5603510561847939 1
0.5604109749507198 1
0.5606073316476853 1
0.5627309180214511 1
0.5632010808104533 1
0.5634848847199273 1
0.5636998826840436 1
0.5641520296972157 1
0.5642858467233208 1
0.5657914665388752 1
0.5664940331276168 1
0.5665967733677192 1
0.56685202247736 1
0.5670696002970594 1
0.5685655766497046 1
0.5693605010768507 1
0.5697841828981918 1
0.5701493978574849 1
0.5703197024837251 1
0.5710033132750556 1
0.5711415466118964 1
0.5715064586267857 1
0.5724621366862255 1
0.5729397330598431 1
0.5732451448384299 1
0.5734010595264105 1
0.5751981546801807 1
0.57627397315622 1
0.5771958722133956 1
0.577559074058871 1
0.5791230336782955 1
0.5795610738947771 1
0.5799673376424154 1
0.580252960964007 1
0.5813321772850978 1
0.5818462726958997 1
0.5837382323812559 1
0.588979257091212 1
0.589348847161802 1
0.600041293211074 1
0.6060880859011434 1
0.6259445620574516 1
0.6268712724971397 1
