
 0.527
 0.556
 0.567
 0.549
 0.564
 0.514
 0.566
 0.513
 0.517
 0.478
 0.572
 0.519
 0.563
 0.522
 0.532
 0.543
 0.540
 0.524
 0.535
 0.581
 0.526
 0.570
 0.531
 0.548
 0.536
 0.553
 0.546
 0.552
 0.481
 0.552
 0.546
 0.555
 0.513
 0.552
 0.538
 0.525
 0.549
 0.520
 0.540
 0.582
 0.554
 0.542
 0.488
 0.553
 0.589
 0.569
 0.552
 0.531
 0.566
 0.584
 0.519
 0.519
 0.543
 0.522
 0.510
 0.564
 0.466
 0.553
 0.489
 0.546
 0.546
 0.516
 0.563
 0.495
 0.550
 0.500
 0.486
 0.515
 0.529
 0.555
 0.524
 0.529
 0.529
 0.528
 0.510
 0.561
 0.529
 0.560
 0.528
 0.531
 0.483
 0.491
 0.571
 0.516
 0.580
 0.576
 0.524
 0.506
 0.526
 0.573
 0.514
 0.507
 0.563
 0.511
 0.555
 0.521
 0.530
 0.497
 0.524
 0.526
 0.498
 0.535
 0.626
 0.573
 0.564
 0.552
 0.580
 0.558
 0.542
 0.540
 0.526
 0.570
 0.546
 0.573
 0.547
 0.548
 0.572
 0.600
 0.516
 0.463
 0.516
 0.571
 0.579
 0.557
 0.505
 0.509
 0.481
 0.497
 0.560
 0.567
 0.569
 0.539
 0.551
 0.487
 0.535
 0.567
 0.513
 0.627
 0.531
 0.543
 0.474
 0.530
 0.577
 0.551
 0.543
 0.517
 0.606
 0.538
 0.558
 0.543
 0.580
 0.527
 0.508
 0.530
 0.540
 0.508
 0.558
 0.528
 0.549
 0.557
 0.496
 0.528
 0.544
 0.526
 0.570
 0.489
 0.546
 0.534
 0.542
 0.557
 0.491
 0.539
 0.517
 0.548
 0.514
 0.509
 0.536
 0.530
 0.578
 0.529
 0.544
 0.546
 0.550
 0.502
 0.518
 0.524
 0.548
 0.589
 0.547
 0.534
 0.498
 0.539
 0.547
 0.554
 0.549
 0.544
 0.541
 0.519
 0.529
 0.575

