
 0.512
 0.554
 0.637
 0.693
 0.721
 0.732
 0.764
 0.745
 0.756
 0.759
 0.763
 0.763
 0.763
 0.763
 0.763
 0.763
 0.763
 0.763
 0.763
 0.763
 0.763
 0.763
 0.763
 0.763
 0.763
 0.763
 0.763
 0.763
 0.763
 0.763
 0.763
 0.763
 0.763
 0.763
 0.763
 0.763
 0.763
 0.763
 0.763
 0.763
 0.763
 0.763
 0.763
 0.763
 0.763
 0.763
 0.763
 0.763
 0.763
 0.763
 0.763
 0.763
 0.763
 0.763
 0.763
 0.763
 0.763
 0.763
 0.763
 0.763
 0.763
 0.763
 0.763
 0.763
 0.763
 0.763
 0.763
 0.763
 0.763
 0.763
 0.763
 0.763
 0.763
 0.763
 0.763
 0.763
 0.763
 0.763
 0.763
 0.763
 0.763
 0.763
 0.763
 0.763
 0.763
 0.763
 0.763
 0.763
 0.763
 0.763
 0.763
 0.763
 0.763
 0.763
 0.763
 0.763
 0.763
 0.763
 0.763
 0.763
 0.763
 0.763
 0.763
 0.763
 0.763
 0.763
 0.763
 0.763
 0.763
 0.763
 0.763
 0.763
 0.763
 0.763
 0.763
 0.763
 0.763
 0.763
 0.763
 0.763
 0.763
 0.763
 0.763
 0.763
 0.763
 0.763
 0.763
 0.763
 0.763
 0.763
 0.763
 0.763
 0.763
 0.763
 0.763
 0.763
 0.763
 0.763
 0.763
 0.763
 0.763
 0.763
 0.763
 0.763
 0.763
 0.763
 0.763
 0.763
 0.763
 0.763
 0.763
 0.763
 0.763
 0.763
 0.763
 0.763
 0.763
 0.763
 0.763
 0.763
 0.763
 0.763
 0.763
 0.763
 0.763
 0.763
 0.763
 0.763
 0.763
 0.763
 0.763
 0.763
 0.763
 0.763
 0.763
 0.763
 0.763
 0.763
 0.763
 0.763
 0.763
 0.763
 0.763
 0.763
 0.763
 0.763
 0.763
 0.763
 0.763
 0.763
 0.763
 0.763
 0.763
 0.763
 0.763
 0.763
 0.763
 0.763
 0.763
 0.763

