1 36
2 39
0 41
1 35
2 38
2 45
0 39
0 47
2 44
0 46
0 53
0 51
2 35
0 43
2 41
0 35
0 44
1 40
0 47
1 45
1 50
2 44
2 39
0 38
2 47
0 36
1 38
1 36
0 43
0 37
1 44
1 35
1 48
2 35
2 29
1 44
2 43
1 45
1 46
1 51
1 43
1 37
1 50
0 52
2 30
1 43
0 43
1 39
0 45
2 40
1 53
2 53
2 46
1 37
1 39
0 45
0 43
2 54
2 48
2 45
1 41
2 38
1 35
0 33
2 47
1 36
1 42
2 40
1 38
0 40
0 44
0 48
1 51
0 39
2 48
2 42
1 33
0 38
1 46
2 40
1 42
1 46
2 55
1 27
1 43
0 40
1 52
0 40
0 44
0 44
0 37
1 49
2 34
0 33
1 37
1 51
0 39
0 49
0 37
2 39
0 44
1 36
2 32
1 29
0 46
2 40
0 38
2 48
0 43
2 36
1 38
0 35
1 40
2 35
2 37
0 44
0 38
0 28
2 58
2 46
2 40
0 36
1 43
2 40
1 49
1 39
0 47
0 43
0 44
0 47
0 37
1 36
0 53
0 33
1 30
1 38
0 45
0 32
2 40
2 45
1 35
2 53
1 43
1 51
1 52
0 54
0 41
2 38
2 42
1 41
2 39
0 32
1 42
2 37
2 33
2 48
2 44
2 40
1 37
0 35
0 32
1 45
0 41
0 38
2 37
1 43
0 50
2 45
1 49
2 36
0 42
1 42
2 47
1 37
0 45
2 48
1 41
0 47
2 56
1 42
1 40
2 37
2 34
2 39
1 42
1 37
0 38
2 39
2 48
0 41
2 46
0 34
0 44
0 47
2 51
0 28
0 29
1 41
0 36
0 47
