15 0.0970620563151241
0 0.9250083806439923
1 0.6202527625123897
11 0.427349089843276
34 0.18767669610089754
39 0.04819999986931811
44 0.3384684395858244
18 0.24242103054590125
24 0.6546018362706446
30 0.5583913225341612
35 0.7845148576125407
41 0.5772518038869082
36 0.8738927703801165
33 0.22101570226118017
22 0.5766945454101913
2 0.43502789402219
26 0.7794330243990477
3 0.6882620429889725
12 0.9840425114580019
27 0.5701600185807304
13 0.3500369499990482
19 0.5793589792002216
31 0.4712356073429149
25 0.5409676997045698
28 0.4921917675763926
20 0.34053741511586866
47 0.4376141576434074
21 0.24665398086783852
4 0.9099520830488104
5 0.682815171504015
6 0.798961235608819
45 0.985784018483855
32 0.6948801272348989
42 0.7327415843052293
43 0.3306191803735292
7 0.782369217727405
46 0.20558874797262483
49 0.4894762010614132
8 0.7510056090258643
23 0.553374336835136
48 0.3129928158234878
29 0.8564213140643008
37 0.3641808578461784
9 0.7524514361143058
14 0.3521110318891504
40 0.02621479497953416
16 0.8967596454817441
17 0.4942619690544138
10 0.1523286791883447
38 0.7480437314418934
