0 43
0 45
3 42
3 29
3 41
3 42
2 38
3 44
0 35
2 47
0 49
1 39
3 49
3 37
0 40
0 36
0 43
2 46
2 37
3 50
1 41
0 39
2 37
0 32
0 52
2 44
2 54
1 33
0 47
0 51
1 37
3 42
1 24
2 47
1 37
1 44
2 38
2 39
1 45
1 38
2 39
3 34
0 39
1 45
1 37
0 35
3 37
2 50
2 34
2 46
2 35
2 45
2 45
2 41
2 42
1 35
2 40
1 42
3 43
2 42
1 48
2 51
1 44
3 31
2 37
2 50
2 40
2 44
1 43
1 49
3 46
1 43
2 35
0 52
3 38
1 44
2 43
0 41
0 39
2 46
2 48
2 38
0 49
2 38
0 42
3 52
2 42
3 34
1 30
1 44
1 37
2 39
2 51
0 50
1 38
0 41
1 50
3 45
3 41
0 52
3 39
2 36
0 41
0 55
1 35
3 42
3 36
0 41
2 41
1 39
0 39
1 38
0 41
0 41
0 38
3 50
0 50
1 40
1 37
2 38
3 45
3 39
2 42
2 53
3 42
0 49
0 30
1 51
2 29
2 39
0 54
2 36
0 48
1 39
0 46
0 44
3 62
0 53
1 51
3 31
0 43
1 48
2 46
0 39
0 45
2 43
0 47
2 37
1 42
1 52
2 38
1 39
2 36
0 43
2 40
1 31
3 47
2 50
0 34
0 40
2 41
0 28
2 50
2 44
2 37
2 42
0 41
2 47
3 44
0 40
2 34
3 48
0 45
2 36
3 35
2 42
2 31
2 44
3 55
3 36
3 42
2 35
3 49
0 39
1 55
0 38
2 40
2 38
0 42
0 25
1 40
2 44
3 52
3 45
0 32
1 40
1 50
0 38
0 37
2 46
