
 0.417
 0.593
 0.664
 0.669
 0.744
 0.786
 0.795
 0.813
 0.853
 0.865
 0.865
 0.865
 0.865
 0.865
 0.865
 0.865
 0.865
 0.865
 0.865
 0.865
 0.865
 0.865
 0.865
 0.865
 0.865
 0.865
 0.865
 0.865
 0.865
 0.865
 0.865
 0.865
 0.865
 0.865
 0.865
 0.865
 0.865
 0.865
 0.865
 0.865
 0.865
 0.865
 0.865
 0.865
 0.865
 0.865
 0.865
 0.865
 0.865
 0.865
 0.865
 0.865
 0.865
 0.865
 0.865
 0.865
 0.865
 0.865
 0.865
 0.865
 0.865
 0.865
 0.865
 0.865
 0.865
 0.865
 0.865
 0.865
 0.865
 0.865
 0.865
 0.865
 0.865
 0.865
 0.865
 0.865
 0.865
 0.865
 0.865
 0.865
 0.865
 0.865
 0.865
 0.865
 0.865
 0.865
 0.865
 0.865
 0.865
 0.865
 0.865
 0.865
 0.865
 0.865
 0.865
 0.865
 0.865
 0.865
 0.865
 0.865
 0.865
 0.865
 0.865
 0.865
 0.865
 0.865
 0.865
 0.865
 0.865
 0.865
 0.865
 0.865
 0.865
 0.865
 0.865
 0.865
 0.865
 0.865
 0.865
 0.865
 0.865
 0.865
 0.865
 0.865
 0.865
 0.865
 0.865
 0.865
 0.865
 0.865
 0.865
 0.865
 0.865
 0.865
 0.865
 0.865
 0.865
 0.865
 0.865
 0.865
 0.865
 0.865
 0.865
 0.865
 0.865
 0.865
 0.865
 0.865
 0.865
 0.865
 0.865
 0.865
 0.865
 0.865
 0.865
 0.865
 0.865
 0.865
 0.865
 0.865
 0.865
 0.865
 0.865
 0.865
 0.865
 0.865
 0.865
 0.865
 0.865
 0.865
 0.865
 0.865
 0.865
 0.865
 0.865
 0.865
 0.865
 0.865
 0.865
 0.865
 0.865
 0.865
 0.865
 0.865
 0.865
 0.865
 0.865
 0.865
 0.865
 0.865
 0.865
 0.865
 0.865
 0.865
 0.865
 0.865
 0.865
 0.865
 0.865
 0.865

