
 0.467
 0.487
 0.515
 0.552
 0.498
 0.492
 0.495
 0.538
 0.506
 0.488
 0.495
 0.511
 0.498
 0.467
 0.461
 0.539
 0.467
 0.508
 0.523
 0.486
 0.501
 0.482
 0.481
 0.453
 0.495
 0.489
 0.506
 0.518
 0.488
 0.487
 0.506
 0.470
 0.503
 0.500
 0.492
 0.529
 0.475
 0.442
 0.498
 0.459
 0.502
 0.506
 0.508
 0.483
 0.531
 0.546
 0.494
 0.549
 0.438
 0.487
 0.541
 0.493
 0.449
 0.512
 0.508
 0.511
 0.496
 0.563
 0.520
 0.483
 0.477
 0.469
 0.471
 0.499
 0.503
 0.509
 0.552
 0.483
 0.487
 0.477
 0.478
 0.464
 0.493
 0.492
 0.475
 0.511
 0.510
 0.502
 0.480
 0.534
 0.502
 0.478
 0.468
 0.505
 0.482
 0.516
 0.487
 0.475
 0.526
 0.530
 0.487
 0.482
 0.479
 0.521
 0.496
 0.477
 0.506
 0.495
 0.449
 0.526
 0.463
 0.512
 0.497
 0.488
 0.519
 0.482
 0.497
 0.429
 0.487
 0.530
 0.460
 0.519
 0.516
 0.493
 0.495
 0.484
 0.498
 0.532
 0.524
 0.493
 0.494
 0.495
 0.472
 0.509
 0.483
 0.473
 0.533
 0.477
 0.523
 0.497
 0.498
 0.464
 0.504
 0.523
 0.491
 0.462
 0.509
 0.449
 0.472
 0.476
 0.450
 0.496
 0.490
 0.536
 0.504
 0.487
 0.484
 0.514
 0.497
 0.505
 0.475
 0.540
 0.479
 0.484
 0.454
 0.467
 0.506
 0.586
 0.463
 0.569
 0.505
 0.517
 0.475
 0.504
 0.462
 0.544
 0.500
 0.500
 0.510
 0.529
 0.509
 0.482
 0.500
 0.476
 0.526
 0.437
 0.523
 0.533
 0.487
 0.470
 0.507
 0.518
 0.472
 0.500
 0.445
 0.457
 0.474
 0.519
 0.500
 0.479
 0.500
 0.526
 0.494
 0.503
 0.507
 0.519
 0.501
 0.501
 0.504
 0.487

