0.4387158126721669 1
0.4418701647323676 1
0.4460874034141273 1
0.45145822184083195 1
0.45260730475619587 1
0.45693495070786644 1
0.45830249142346213 1
0.4614606920306801 1
0.4622390066991267 1
0.46429921708029903 1
0.4654869422382977 1
0.4669897486318772 1
0.46719154288274256 1
0.46901127705363327 1
0.4692825337557586 1
0.4707051698231552 1
0.4710872097845312 1
0.4722763298518015 1
0.4730309180198659 1
0.47438084536043895 1
0.47520129213638357 1
0.47549435205629365 1
0.47617476350113397 1
0.4765659880463636 1
0.47707789379546256 1
0.4775704604587201 1
0.47769420034403026 1
0.478520092033243 1
0.47859459104207064 1
0.4789380367881301 1
0.47902744570917194 1
0.48003261545809495 1
0.4807394307845572 1
0.480954075643595 1
0.48119331942624144 1
0.48129250410073654 1
0.4813077022175075 1
0.4814596332096234 1
0.4822039967504404 1
0.4823480899830966 1
0.48393582119039186 1
0.4843725476374479 1
0.4850003931280563 1
0.4857063833160084 1
0.487069913332997 1
0.4875359875042553 1
0.48766891372607063 1
0.4882964552009107 1
0.48843896423232347 1
0.48938227037464244 1
0.48989732379774587 1
0.4899280435716751 1
0.49069020213991116 1
0.490777598681698 1
0.49147813376183597 1
0.4919895848566287 1
0.4924238704304345 1
0.49360350188867735 1
0.49369223734996226 1
0.49371692018960045 1
0.49376511047267846 1
0.4945607309979207 1
0.49461859538767156 1
0.4951818537599423 1
0.4967025877945976 1
0.4969994316483492 1
0.49744228064607127 1
0.4978251036407446 1
0.49844675920217507 1
0.49860329679900367 1
0.49909654753871713 1
0.4993172857875294 1
0.49970207129986577 1
0.49985521203531474 1
0.49985777327333436 1
0.5001875737705116 1
0.5009354977248981 1
0.5014138488187305 1
0.5018157766611681 1
0.5018352061719761 1
0.5019260612983437 1
0.5020970910291545 1
0.5022185018117313 1
0.5027215699470342 1
0.5030465374277961 1
0.5030658954260101 1
0.503568757791825 1
0.5041771620820437 1
0.5042629124165147 1
0.5045548625008517 1
0.504631174770924 1
0.5054341356781591 1
0.5054780783180292 1
0.5056285622262803 1
0.5058390608402832 1
0.5063218380511342 1
0.506485443969801 1
0.5066670761570332 1
0.5074201637653067 1
0.5076031508469367 1
0.508173087316209 1
0.5089486190654534 1
0.5091809355330337 1
0.5092955260777399 1
0.5096947852731267 1
0.509711970790503 1
0.5102646920027496 1
0.5110105510444601 1
0.5111447383448328 1
0.5115236342397922 1
0.5118977903751226 1
0.5119185856902121 1
0.5121037969765775 1
0.5128063036375395 1
0.5128868184464203 1
0.5136751581785243 1
0.5141017908474556 1
0.5146256671094913 1
0.5148195416008651 1
0.5149229402537068 1
0.5156226203788468 1
0.5164374487064304 1
0.5164457791263505 1
0.5171388111615216 1
0.5176665807235684 1
0.5183530219775849 1
0.5184178528059422 1
0.5184800967291019 1
0.5185415708489931 1
0.5186940945630477 1
0.5188970261506026 1
0.5193716672499787 1
0.5199960253715382 1
0.5202968556474252 1
0.520509151811149 1
0.5209360300727961 1
0.5209893153291756 1
0.5210245896578956 1
0.5218725961493964 1
0.5218811090249191 1
0.5226320334695227 1
0.5229693276760008 1
0.5236826814315099 1
0.5244308234110236 1
0.5246109645258035 1
0.5246645965978385 1
0.5247754451009976 1
0.5249719564259343 1
0.5252018875930766 1
0.5252275148763607 1
0.5253556392103853 1
0.5261395827039237 1
0.5261657752463528 1
0.5261871748953816 1
0.5261905259906592 1
0.5268825082725921 1
0.5268862235016433 1
0.5272320062658722 1
0.5274130701886246 1
0.5277685245227199 1
0.5289751863485064 1
0.5299500665851709 1
0.530023380210748 1
0.5303190449783014 1
0.5312717904626725 1
0.5313540177433544 1
0.5316081120377365 1
0.5336549055480245 1
0.5336804035685748 1
0.5348275721213367 1
0.5348992368635592 1
0.5357622328426345 1
0.5361262384898587 1
0.5373191227447333 1
0.5374334603933554 1
0.5380190357077885 1
0.5384377555612117 1
0.5398029804895286 1
0.5417109096190054 1
0.5418300668757372 1
0.5420933023578637 1
0.5422402770691684 1
0.5423338737267709 1
0.5435128872090625 1
0.5435401233240138 1
0.5437520648311764 1
0.543832193541174 1
0.544706613199196 1
0.544762679503426 1
0.5458295854670486 1
0.5467661300964073 1
0.5483494240547065 1
0.5487990025865027 1
0.549035413422411 1
0.551497144760886 1
0.5519879573702048 1
0.5559978966737521 1
0.5575762281121134 1
0.5713107011713134 1
0.5741831118896268 1
