1 45
3 50
1 42
0 48
3 40
2 31
1 36
2 41
0 30
4 42
3 34
4 25
1 45
1 38
4 35
4 27
4 36
1 38
0 36
3 27
1 45
2 44
3 34
0 32
1 38
1 50
2 36
4 38
3 43
1 45
0 40
0 43
0 38
4 44
2 44
4 43
0 49
1 39
1 41
3 38
3 31
3 54
2 37
0 53
3 42
4 51
1 44
1 36
3 43
1 47
4 38
3 40
2 27
4 39
4 46
2 49
4 33
1 36
2 36
3 40
2 50
3 41
0 43
3 36
3 31
1 46
0 40
4 47
3 42
2 36
1 34
1 46
1 44
1 52
0 51
3 43
3 40
0 37
1 43
0 36
1 36
3 44
2 30
1 31
0 34
2 46
4 46
3 43
2 40
2 53
2 44
1 37
1 49
3 49
4 44
0 43
2 53
1 46
1 35
1 41
0 55
4 55
0 39
3 47
0 40
2 33
1 43
4 41
0 47
2 43
1 37
3 35
1 40
0 37
0 41
0 42
0 35
4 40
0 43
4 35
3 56
4 43
1 40
1 52
1 35
4 42
1 45
4 40
1 37
2 51
2 46
3 35
2 42
2 43
3 43
1 44
1 43
3 44
3 48
1 51
3 42
0 45
2 38
0 40
1 51
3 36
0 43
0 55
0 42
3 31
1 33
3 37
4 41
1 41
0 43
0 46
4 32
2 48
3 37
0 35
0 40
4 40
4 39
1 58
3 48
4 43
3 49
4 40
1 28
0 49
1 44
4 36
0 46
0 37
0 34
0 35
1 40
4 48
3 49
2 47
1 54
3 41
1 38
2 46
2 37
3 37
0 42
2 33
4 45
3 46
1 39
1 41
4 41
4 29
3 40
2 44
2 36
3 34
4 39
3 35
