
 0.536
 0.624
 0.713
 0.718
 0.720
 0.729
 0.725
 0.725
 0.727
 0.731
 0.731
 0.731
 0.731
 0.731
 0.731
 0.731
 0.731
 0.731
 0.731
 0.731
 0.731
 0.731
 0.731
 0.731
 0.731
 0.731
 0.731
 0.731
 0.731
 0.731
 0.731
 0.731
 0.731
 0.731
 0.731
 0.731
 0.731
 0.731
 0.731
 0.731
 0.731
 0.731
 0.731
 0.731
 0.731
 0.731
 0.731
 0.731
 0.731
 0.731
 0.731
 0.731
 0.731
 0.731
 0.731
 0.731
 0.731
 0.731
 0.731
 0.731
 0.731
 0.731
 0.731
 0.731
 0.731
 0.731
 0.731
 0.731
 0.731
 0.731
 0.731
 0.731
 0.731
 0.731
 0.731
 0.731
 0.731
 0.731
 0.731
 0.731
 0.731
 0.731
 0.731
 0.731
 0.731
 0.731
 0.731
 0.731
 0.731
 0.731
 0.731
 0.731
 0.731
 0.731
 0.731
 0.731
 0.731
 0.731
 0.731
 0.731
 0.731
 0.731
 0.731
 0.731
 0.731
 0.731
 0.731
 0.731
 0.731
 0.731
 0.731
 0.731
 0.731
 0.731
 0.731
 0.731
 0.731
 0.731
 0.731
 0.731
 0.731
 0.731
 0.731
 0.731
 0.731
 0.731
 0.731
 0.731
 0.731
 0.731
 0.731
 0.731
 0.731
 0.731
 0.731
 0.731
 0.731
 0.731
 0.731
 0.731
 0.731
 0.731
 0.731
 0.731
 0.731
 0.731
 0.731
 0.731
 0.731
 0.731
 0.731
 0.731
 0.731
 0.731
 0.731
 0.731
 0.731
 0.731
 0.731
 0.731
 0.731
 0.731
 0.731
 0.731
 0.731
 0.731
 0.731
 0.731
 0.731
 0.731
 0.731
 0.731
 0.731
 0.731
 0.731
 0.731
 0.731
 0.731
 0.731
 0.731
 0.731
 0.731
 0.731
 0.731
 0.731
 0.731
 0.731
 0.731
 0.731
 0.731
 0.731
 0.731
 0.731
 0.731
 0.731
 0.731
 0.731
 0.731
 0.731
 0.731

