0.4254243354247521 1
0.4354045347247555 1
0.4446576551806458 1
0.4483264481267989 1
0.45009004814177694 1
0.45185454584325463 1
0.45251092020261013 1
0.45331334268920265 1
0.4544409145478291 1
0.45527631455666634 1
0.4556773225880198 1
0.4577051861732354 1
0.4594319607668435 1
0.46648644442780557 1
0.46658610560450997 1
0.46666746199561054 1
0.4667264137826195 1
0.467405465124342 1
0.46854685657621575 1
0.47021639471761445 1
0.4705744753696768 1
0.47301400413049843 1
0.4733881767504927 1
0.473987457339891 1
0.4777664459985229 1
0.47781969069251845 1
0.47834245638677997 1
0.478434677895968 1
0.4786342998680732 1
0.4793175924622514 1
0.47953641894564525 1
0.4795561475922225 1
0.4798601182252249 1
0.4805130988167465 1
0.483316636816786 1
0.4836872996406692 1
0.483954959816826 1
0.4841205998034442 1
0.4853105922548893 1
0.486167449683151 1
0.48649851295337465 1
0.48650060673498535 1
0.4868156507873887 1
0.48725598661344127 1
0.4875199930942572 1
0.4875307918699838 1
0.48765433037637357 1
0.48827485925032504 1
0.4886860331541951 1
0.4888720452853635 1
0.4890982515409692 1
0.4902144514444634 1
0.490220282473674 1
0.49068874472592067 1
0.491236138710885 1
0.49175756201092197 1
0.4920306446214909 1
0.4922690619268708 1
0.4925354312077184 1
0.4931659418644707 1
0.493321455366131 1
0.49378784010627624 1
0.49418963113115466 1
0.49451833847333126 1
0.4945233814147381 1
0.49474519379860127 1
0.49517271504172244 1
0.49559948974319695 1
0.4956402618471409 1
0.4957813598191464 1
0.49658566812067756 1
0.4977796616292064 1
0.49789734963669546 1
0.49814302037105584 1
0.4991560454578744 1
0.4994972540785738 1
0.4998741437513741 1
0.49989694909020504 1
0.5003203381575182 1
0.5003944254480356 1
0.5007286736422631 1
0.5016045539237568 1
0.5017194974701183 1
0.5017473088494668 1
0.5020908424545001 1
0.5026734263996642 1
0.5026961823209709 1
0.5030185867038351 1
0.5030910644528035 1
0.5035167706919116 1
0.5037043773046198 1
0.5038058894097192 1
0.5054348363458729 1
0.5058816147485754 1
0.5067951410223664 1
0.507101272552657 1
0.507711776714858 1
0.5080891927236936 1
0.5082371460999109 1
0.5083622576675023 1
0.5084693511017337 1
0.5091859641803874 1
0.5093398970992716 1
0.5095543478287902 1
0.5095890569948477 1
0.5107528844911506 1
0.5110419854539703 1
0.5111770528296803 1
0.5114261918736578 1
0.5118250111047123 1
0.5120347356208077 1
0.5126723220344384 1
0.5128217842611835 1
0.5129298079588895 1
0.51358669362686 1
0.5140838331599904 1
0.5141420705717714 1
0.5141941177033815 1
0.5143250536034201 1
0.5152589135133675 1
0.5154455913496985 1
0.516312423296385 1
0.5167557389462892 1
0.5167874949187106 1
0.517797645044385 1
0.5186540741649993 1
0.5187074216829992 1
0.5188200057654648 1
0.519322140548743 1
0.5198526032431505 1
0.5199562714616416 1
0.5200613286132034 1
0.5201746590658292 1
0.520411001861415 1
0.5223203736881142 1
0.5226832859112844 1
0.5226833427356721 1
0.523162966980492 1
0.5234188566410793 1
0.5236099514334263 1
0.5237189533087799 1
0.5260671592608888 1
0.5272921135954425 1
0.527761915202489 1
0.5278210108378922 1
0.5278546644761525 1
0.5279038714221015 1
0.5292204294787027 1
0.529334623795239 1
0.5307017567867299 1
0.5307688788339121 1
0.5319879523143249 1
0.532095387658602 1
0.532365711976837 1
0.5328506342291943 1
0.5344101422880287 1
0.5355021258790787 1
0.5357578749554638 1
0.5362569854430225 1
0.5364555363296074 1
0.5373184863957795 1
0.5377268420052939 1
0.5382352770594278 1
0.5383309164724686 1
0.5389582970894566 1
0.5391155861245881 1
0.5392163868509672 1
0.5407407282421781 1
0.5408110520038908 1
0.5425023991690622 1
0.543191445690129 1
0.5437947951450843 1
0.544254033274909 1
0.5442552370624472 1
0.5443463184169532 1
0.5456467150929033 1
0.5459189812911918 1
0.5464660868957146 1
0.5474716090322373 1
0.5486681651430702 1
0.5488565385560432 1
0.5492815589930218 1
0.5496020231725814 1
0.5500273415476314 1
0.5532747544402511 1
0.5534742534696826 1
0.5546565668072433 1
0.554867161566276 1
0.5556551680278695 1
0.5558492008699004 1
0.5561522285969963 1
0.556469759345225 1
0.5573892927275765 1
0.5580479798154065 1
0.5580916171099927 1
0.5592354848029981 1
0.5653830546953575 1
0.5676651851394953 1
0.583091960344006 1
0.5848283169641528 1
