
 0.546
 0.498
 0.568
 0.488
 0.507
 0.494
 0.541
 0.508
 0.529
 0.459
 0.538
 0.536
 0.502
 0.523
 0.558
 0.425
 0.508
 0.479
 0.523
 0.556
 0.498
 0.519
 0.536
 0.546
 0.467
 0.493
 0.532
 0.508
 0.559
 0.499
 0.515
 0.473
 0.500
 0.492
 0.526
 0.489
 0.553
 0.467
 0.520
 0.555
 0.522
 0.546
 0.498
 0.509
 0.511
 0.539
 0.490
 0.495
 0.531
 0.555
 0.547
 0.480
 0.493
 0.489
 0.495
 0.486
 0.492
 0.469
 0.478
 0.470
 0.528
 0.480
 0.511
 0.541
 0.435
 0.474
 0.524
 0.488
 0.532
 0.499
 0.467
 0.500
 0.454
 0.529
 0.453
 0.556
 0.519
 0.514
 0.500
 0.492
 0.513
 0.502
 0.513
 0.495
 0.489
 0.510
 0.484
 0.471
 0.487
 0.543
 0.558
 0.549
 0.520
 0.452
 0.556
 0.506
 0.533
 0.523
 0.544
 0.520
 0.550
 0.549
 0.450
 0.503
 0.536
 0.531
 0.467
 0.480
 0.473
 0.585
 0.495
 0.484
 0.486
 0.503
 0.491
 0.514
 0.512
 0.565
 0.493
 0.514
 0.537
 0.556
 0.518
 0.544
 0.553
 0.488
 0.519
 0.583
 0.517
 0.515
 0.534
 0.528
 0.503
 0.539
 0.514
 0.544
 0.510
 0.516
 0.483
 0.557
 0.503
 0.466
 0.544
 0.507
 0.538
 0.528
 0.481
 0.528
 0.504
 0.491
 0.504
 0.508
 0.502
 0.478
 0.458
 0.505
 0.524
 0.501
 0.538
 0.496
 0.509
 0.479
 0.478
 0.543
 0.527
 0.478
 0.511
 0.519
 0.514
 0.445
 0.497
 0.504
 0.550
 0.539
 0.448
 0.484
 0.511
 0.488
 0.490
 0.517
 0.455
 0.500
 0.513
 0.520
 0.508
 0.494
 0.536
 0.487
 0.496
 0.453
 0.487
 0.532
 0.456
 0.502
 0.549
 0.523
 0.512
 0.485
 0.520
 0.496

