
 0.433
 0.379
 0.357
 0.374
 0.405
 0.392
 0.454
 0.399
 0.405
 0.430
 0.380
 0.408
 0.378
 0.404
 0.413
 0.436
 0.405
 0.412
 0.409
 0.402
 0.368
 0.416
 0.379
 0.396
 0.403
 0.376
 0.386
 0.415
 0.458
 0.432
 0.449
 0.381
 0.379
 0.363
 0.427
 0.404
 0.409
 0.402
 0.357
 0.369
 0.386
 0.438
 0.392
 0.384
 0.395
 0.379
 0.432
 0.405
 0.426
 0.407
 0.417
 0.406
 0.411
 0.390
 0.411
 0.408
 0.430
 0.407
 0.377
 0.416
 0.401
 0.432
 0.428
 0.376
 0.380
 0.360
 0.401
 0.421
 0.391
 0.412
 0.411
 0.403
 0.399
 0.405
 0.404
 0.433
 0.388
 0.432
 0.428
 0.399
 0.415
 0.398
 0.379
 0.434
 0.391
 0.434
 0.394
 0.399
 0.432
 0.377
 0.440
 0.384
 0.429
 0.415
 0.420
 0.406
 0.383
 0.395
 0.398
 0.435
 0.395
 0.384
 0.399
 0.406
 0.441
 0.417
 0.403
 0.401
 0.393
 0.404
 0.431
 0.411
 0.402
 0.393
 0.382
 0.439
 0.433
 0.400
 0.405
 0.388
 0.389
 0.427
 0.424
 0.377
 0.415
 0.432
 0.367
 0.375
 0.433
 0.439
 0.406
 0.414
 0.398
 0.416
 0.437
 0.407
 0.397
 0.382
 0.420
 0.452
 0.440
 0.442
 0.397
 0.389
 0.412
 0.408
 0.419
 0.443
 0.401
 0.444
 0.403
 0.388
 0.398
 0.375
 0.395
 0.407
 0.404
 0.428
 0.421
 0.381
 0.415
 0.434
 0.414
 0.376
 0.409
 0.424
 0.368
 0.405
 0.422
 0.400
 0.415
 0.409
 0.380
 0.402
 0.416
 0.407
 0.447
 0.429
 0.456
 0.413
 0.417
 0.404
 0.420
 0.419
 0.389
 0.405
 0.466
 0.386
 0.414
 0.370
 0.390
 0.386
 0.432
 0.410
 0.429
 0.439
 0.372
 0.399
 0.418
 0.408
 0.395
 0.433
 0.391
 0.406
 0.425
 0.364
 0.407
 0.392
 0.380
 0.395
 0.424
 0.395
 0.363
 0.360
 0.424
 0.405
 0.378
 0.420
 0.411
 0.400
 0.420
 0.383
 0.422
 0.355
 0.416
 0.396
 0.405
 0.380
 0.433
 0.409
 0.433
 0.424
 0.400
 0.427
 0.422
 0.438
 0.409
 0.399
 0.445
 0.438
 0.420
 0.395
 0.449
 0.431
 0.414
 0.432
 0.407
 0.421
 0.394
 0.422
 0.394
 0.407
 0.400
 0.408
 0.417
 0.414
 0.384
 0.414
 0.389
 0.380
 0.383
 0.345
 0.405
 0.417
 0.399
 0.444
 0.375
 0.422
 0.356
 0.444
 0.410
 0.439
 0.400
 0.403
 0.388
 0.418
 0.433
 0.420
 0.413
 0.380
 0.437
 0.364
 0.425
 0.396
 0.412
 0.403
 0.392
 0.365
 0.449
 0.430
 0.412
 0.381
 0.439
 0.432
 0.454
 0.377
 0.415
 0.400
 0.393
 0.415
 0.371
 0.412
 0.389
 0.408
 0.390
 0.370
 0.409
 0.391
 0.401
 0.384
 0.401
 0.357
 0.378
 0.416
 0.376
 0.402
 0.389
 0.396
 0.409
 0.421
 0.474
 0.405
 0.434
 0.445
 0.393
 0.423
 0.398
 0.422
 0.379
 0.332
 0.398
 0.458
 0.393
 0.406
 0.405
 0.433
 0.408
 0.364
 0.411
 0.362
 0.428
 0.397
 0.427
 0.416
 0.423
 0.398
 0.403
 0.404
 0.415
 0.419
 0.380
 0.374
 0.439
 0.409
 0.437
 0.447
 0.409
 0.399
 0.446
 0.385
 0.383
 0.387
 0.399
 0.377
 0.382
 0.421
 0.436
 0.419
 0.393
 0.418
 0.414
 0.422
 0.407
 0.398
 0.403
 0.385
 0.420
 0.420
 0.389
 0.435
 0.392
 0.368
 0.423
 0.410
 0.366
 0.423
 0.369
 0.429
 0.421
 0.418
 0.400
 0.377
 0.388
 0.425
 0.376
 0.386
 0.385
 0.418
 0.396
 0.408
 0.388
 0.381
 0.386
 0.402
 0.385
 0.459
 0.408
 0.379
 0.397
 0.378
 0.409
 0.419
 0.426
 0.425
 0.419
 0.399
 0.398
 0.392
 0.426
 0.366
 0.403
 0.416
 0.410
 0.394
 0.391
 0.376
 0.413
 0.445
 0.409
 0.393
 0.395
 0.394
 0.432
 0.438
 0.419
 0.395
 0.386
 0.413
 0.412
 0.431
 0.407
 0.409
 0.364
 0.409
 0.383
 0.398
 0.441
 0.418
 0.460
 0.433
 0.433
 0.425
 0.429
 0.388
 0.406
 0.403
 0.422
 0.378
 0.392
 0.354
 0.403
 0.442
 0.432
 0.396
 0.391
 0.381
 0.385
 0.418
 0.390
 0.419
 0.366
 0.415
 0.391
 0.393
 0.405
 0.403
 0.443
 0.392
 0.395
 0.383
 0.392
 0.386
 0.428
 0.455
 0.367
 0.455
 0.418
 0.402
 0.378
 0.403
 0.347
 0.440
 0.449
 0.376
 0.410
 0.375
 0.385
 0.444
 0.398
 0.425
 0.416
 0.435
 0.396
 0.398
 0.402
 0.399
 0.418
 0.395
 0.399
 0.385
 0.433
 0.380
 0.411
 0.399
 0.372
 0.387
 0.423
 0.406
 0.411
 0.400
 0.424
 0.430
 0.441
 0.391
 0.418
 0.394
 0.388
 0.391
 0.401
 0.428
 0.394
 0.406
 0.421
 0.405
 0.387
 0.389
 0.397
 0.406
 0.408
 0.424
 0.411
 0.392
 0.360
 0.408
 0.391
 0.414
 0.372
 0.416
 0.415
 0.374
 0.379
 0.446
 0.435
 0.388
 0.377
 0.390
 0.419
 0.419
 0.422
 0.404
 0.375
 0.433
 0.403
 0.430
 0.424
 0.411
 0.388
 0.428
 0.417
 0.420
 0.385
 0.407
 0.412
 0.401
 0.428
 0.393
 0.375
 0.406
 0.424
 0.410
 0.413
 0.407
 0.385
 0.426
 0.412
 0.470
 0.423
 0.405
 0.422
 0.434
 0.399
 0.373
 0.404
 0.449
 0.387
 0.405
 0.429
 0.404
 0.442
 0.399
 0.418
 0.422
 0.404
 0.399
 0.403
 0.389
 0.434
 0.419
 0.411
 0.411
 0.387
 0.361
 0.435
 0.417
 0.411
 0.400
 0.385
 0.353
 0.400
 0.406
 0.425
 0.400
 0.444
 0.429
 0.408
 0.378
 0.353
 0.370
 0.433
 0.372
 0.429
 0.421
 0.400
 0.426
 0.382
 0.440
 0.396
 0.453
 0.371
 0.387
 0.389
 0.392
 0.378
 0.437
 0.398
 0.365
 0.405
 0.389
 0.410
 0.417
 0.390
 0.398
 0.449
 0.426
 0.389
 0.429
 0.381
 0.394
 0.377
 0.381
 0.418
 0.409
 0.381
 0.404
 0.375
 0.381
 0.413
 0.452
 0.387
 0.382
 0.418
 0.399
 0.416
 0.382
 0.418
 0.421
 0.323
 0.393
 0.399
 0.402
 0.405
 0.372
 0.414
 0.398
 0.384
 0.409
 0.421
 0.418
 0.395
 0.411
 0.375
 0.403
 0.417
 0.468
 0.400
 0.388
 0.424
 0.380
 0.405
 0.413
 0.421
 0.420
 0.399
 0.406
 0.375
 0.418
 0.424
 0.417
 0.419
 0.342
 0.420
 0.437
 0.369
 0.398
 0.462
 0.349
 0.430
 0.403
 0.439
 0.395
 0.429
 0.366
 0.415
 0.419
 0.428
 0.408
 0.384
 0.443
 0.398
 0.405
 0.418
 0.352
 0.431
 0.387
 0.396
 0.387
 0.400
 0.400
 0.373
 0.383
 0.383
 0.431
 0.416
 0.398
 0.382
 0.395
 0.403
 0.409
 0.446
 0.432
 0.407
 0.438
 0.422
 0.423
 0.405
 0.381
 0.414
 0.419
 0.381
 0.426
 0.396
 0.375
 0.391
 0.403
 0.400
 0.408
 0.403
 0.412
 0.441
 0.427
 0.399
 0.398
 0.399
 0.438
 0.387
 0.407
 0.428
 0.438
 0.418
 0.415
 0.376
 0.398
 0.391
 0.400
 0.405
 0.412
 0.376
 0.416
 0.418
 0.425
 0.387
 0.399
 0.374
 0.367
 0.445
 0.418
 0.403
 0.417
 0.378
 0.379
 0.422
 0.403
 0.412
 0.410
 0.401
 0.431
 0.388
 0.434
 0.430
 0.423
 0.414
 0.397
 0.436
 0.380
 0.432
 0.422
 0.420
 0.383
 0.386
 0.377
 0.428
 0.435
 0.394
 0.387
 0.423
 0.435
 0.363
 0.381
 0.419
 0.410
 0.428
 0.375
 0.405
 0.409
 0.418
 0.409
 0.373
 0.420
 0.381
 0.409
 0.419
 0.401
 0.386
 0.393
 0.359
 0.442
 0.384
 0.397
 0.418
 0.464
 0.403
 0.422
 0.407
 0.402
 0.445
 0.411
 0.405
 0.371
 0.452
 0.392
 0.387
 0.423
 0.400
 0.403
 0.393
 0.390
 0.378
 0.397
 0.408
 0.452
 0.388
 0.367
 0.410
 0.413
 0.420
 0.357
 0.391
 0.408
 0.408
 0.382
 0.428
 0.387
 0.363
 0.444
 0.416
 0.380
 0.438
 0.399
 0.413
 0.376
 0.380
 0.410
 0.412
 0.381
 0.379
 0.450
 0.390
 0.391
 0.398
 0.417
 0.412
 0.407
 0.387
 0.441
 0.432
 0.398
 0.377
 0.403
 0.376
 0.414
 0.421
 0.399
 0.399
 0.448
 0.379
 0.393
 0.453
 0.386
 0.429
 0.399
 0.398
 0.401
 0.446
 0.405
 0.387
 0.388
 0.444
 0.414
 0.375
 0.433
 0.408
 0.388
 0.394
 0.386
 0.410
 0.404
 0.398
 0.415
 0.399
 0.395
 0.389
 0.366
 0.432
 0.398
 0.396
 0.427
 0.422
 0.385
 0.378
 0.393
 0.438
 0.386
 0.408
 0.406
 0.396
 0.403
 0.399
 0.358
 0.389
 0.401
 0.418
 0.405
 0.422
 0.358
 0.393
 0.404
 0.405
 0.415
 0.444
 0.405
 0.372
 0.402
 0.395
 0.398
 0.388
 0.385
 0.398
 0.422
 0.402
 0.395
 0.406
 0.434
 0.399
 0.395
 0.349
 0.401
 0.431
 0.403
 0.414
 0.394
 0.416
 0.405
 0.427
 0.420
 0.386
 0.402
 0.391
 0.421
 0.380
 0.376
 0.432
 0.380
 0.444
 0.441
 0.399
 0.409
 0.419
 0.392
 0.396
 0.360
 0.439
 0.394
 0.402
 0.397
 0.409
 0.418
 0.399
 0.444
 0.405
 0.374
 0.398
 0.381
 0.391
 0.442
 0.396
 0.405
 0.412
 0.413
 0.417
 0.404
 0.414
 0.365
 0.410
 0.409
 0.385
 0.411
 0.426
 0.423
 0.437
 0.416
 0.436
 0.414
 0.409
 0.400
 0.380
 0.394
 0.412
 0.423
 0.373
 0.405
 0.396
 0.415
 0.414
 0.432
 0.387
 0.400
 0.382
 0.426
 0.430
 0.404
 0.405
 0.414
 0.386
 0.423
 0.421
 0.424
 0.399
 0.392
 0.387
 0.426
 0.409
 0.424
 0.421
 0.425
 0.439
 0.379
 0.391
 0.406
 0.450
 0.381
 0.405
 0.384
 0.414
 0.426
 0.419
 0.376
 0.408
 0.411
 0.401
 0.423
 0.399
 0.392
 0.425
 0.383
 0.383
 0.389
 0.399
 0.389
 0.451
 0.395
 0.443
 0.339
 0.402
 0.413
 0.391
 0.386
 0.418
 0.381
 0.384
 0.398
 0.418
 0.375
 0.423
 0.393
 0.347
 0.454
 0.368
 0.405
 0.403
 0.431
 0.378
 0.419
 0.407
 0.391
 0.377
 0.423
 0.398
 0.444
 0.379
 0.386
 0.412
 0.371
 0.391
 0.396
 0.420
 0.418
 0.388
 0.409
 0.373
 0.390
 0.417
 0.427
 0.431
 0.379
 0.419
 0.391
 0.398
 0.392
 0.415
 0.420
 0.406
 0.448
 0.443
 0.409
 0.412
 0.447
 0.423
 0.428
 0.403
 0.435
 0.447
 0.401
 0.345
 0.428
 0.354
 0.396
 0.391
 0.412
 0.418
 0.423
 0.397
 0.429
 0.387
 0.424
 0.370
 0.416
 0.407
 0.439
 0.383
 0.409
 0.398
 0.404
 0.428
 0.394
 0.459
 0.366
 0.410
 0.373
 0.400
 0.405
 0.411
 0.408
 0.392
 0.392
 0.386
 0.436
 0.426
 0.383
 0.403
 0.410
 0.439
 0.411
 0.415
 0.417
 0.399
 0.418
 0.412
 0.411
 0.403
 0.368
 0.383
 0.392
 0.437
 0.392
 0.379
 0.407
 0.398
 0.445
 0.398
 0.332
 0.396
 0.451
 0.407
 0.397
 0.364
 0.419
 0.410
 0.408
 0.382
 0.426
 0.407
 0.397
 0.416
 0.409
 0.449
 0.380
 0.391
 0.385
 0.385
 0.452
 0.418
 0.364
 0.389
 0.369
 0.403
 0.393
 0.347
 0.396
 0.393
 0.405
 0.407
 0.402
 0.445
 0.426
 0.399
 0.405
 0.394
 0.421
 0.390
 0.380
 0.373
 0.368
 0.371
 0.409
 0.437
 0.422
 0.434
 0.384
 0.398
 0.401
 0.373
 0.430
 0.439
 0.454
 0.410
 0.406
 0.450
 0.388
 0.401
 0.406
 0.387
 0.388
 0.393
 0.420
 0.450
 0.458
 0.381
 0.393
 0.421
 0.387
 0.417
 0.372
 0.404
 0.397
 0.417
 0.406
 0.427
 0.437
 0.398
 0.367
 0.422
 0.432
 0.394
 0.419
 0.463
 0.424
 0.415
 0.425
 0.400
 0.413
 0.384
 0.395
 0.411
 0.399
 0.401
 0.420
 0.360
 0.386
 0.394
 0.405
 0.378
 0.413
 0.400
 0.395
 0.408
 0.402
 0.371
 0.434
 0.405
 0.412
 0.379
 0.411
 0.425
 0.429
 0.436
 0.408
 0.429
 0.397
 0.409
 0.416
 0.387
 0.373
 0.412
 0.404
 0.431
 0.411
 0.412
 0.430
 0.420
 0.384
 0.376
 0.444
 0.414
 0.405
 0.419
 0.408
 0.394
 0.399
 0.417
 0.429
 0.414
 0.425
 0.396
 0.388
 0.438
 0.441
 0.391
 0.398
 0.406
 0.374
 0.464
 0.394
 0.432
 0.400
 0.414
 0.413
 0.385
 0.409
 0.394
 0.404
 0.421
 0.376
 0.372
 0.403
 0.411
 0.419
 0.352
 0.387
 0.415
 0.399
 0.394
 0.434
 0.439
 0.410
 0.442
 0.385
 0.402
 0.429
 0.428
 0.400
 0.414
 0.427
 0.419
 0.390
 0.375
 0.392
 0.379
 0.423
 0.365
 0.432
 0.406
 0.389
 0.381
 0.423
 0.397
 0.443
 0.393
 0.407
 0.435
 0.394
 0.409
 0.439
 0.356
 0.363
 0.378
 0.403
 0.439
 0.380
 0.410
 0.432
 0.387
 0.377
 0.369
 0.390
 0.361
 0.417
 0.409
 0.417
 0.423
 0.436
 0.401
 0.409
 0.397
 0.407
 0.413
 0.381
 0.386
 0.387
 0.406
 0.384
 0.404
 0.437
 0.418
 0.387
 0.383
 0.407
 0.425
 0.410
 0.407
 0.388
 0.427
 0.403
 0.415
 0.417
 0.393
 0.415
 0.403
 0.431
 0.372
 0.380
 0.430
 0.424
 0.427
 0.384
 0.360
 0.403
 0.379
 0.424
 0.358
 0.421
 0.444
 0.416
 0.420
 0.377
 0.443
 0.404
 0.418
 0.413
 0.395
 0.386
 0.373
 0.378
 0.417
 0.405
 0.421
 0.393
 0.420
 0.433
 0.408
 0.410
 0.426
 0.398
 0.426
 0.408
 0.398
 0.406
 0.441
 0.415
 0.418
 0.393
 0.392
 0.426
 0.407
 0.400
 0.414
 0.420
 0.414
 0.423
 0.430
 0.397
 0.400
 0.358
 0.460
 0.399
 0.397
 0.396
 0.395
 0.415
 0.373
 0.399
 0.412
 0.417
 0.404
 0.377
 0.433
 0.405
 0.368
 0.431
 0.396
 0.414
 0.419
 0.401
 0.417
 0.393
 0.402
 0.421
 0.399
 0.381
 0.377
 0.386
 0.410
 0.415
 0.431
 0.391
 0.434
 0.420
 0.430
 0.430
 0.387
 0.416
 0.409
 0.384
 0.403
 0.408
 0.399
 0.428
 0.346
 0.405
 0.389
 0.417
 0.434
 0.387
 0.394
 0.398
 0.411
 0.409
 0.424
 0.392
 0.415
 0.393
 0.390
 0.416
 0.441
 0.413
 0.376
 0.377
 0.372
 0.420
 0.356
 0.383
 0.397
 0.390
 0.425
 0.394
 0.395
 0.413
 0.444
 0.420
 0.433
 0.394
 0.419
 0.399
 0.407
 0.402
 0.436
 0.357
 0.368
 0.407
 0.435
 0.367
 0.411
 0.390
 0.434
 0.412
 0.428
 0.402
 0.388
 0.403
 0.405
 0.393
 0.355
 0.422
 0.414
 0.430
 0.453
 0.416
 0.398
 0.414
 0.407
 0.413
 0.424
 0.395
 0.411
 0.407
 0.373
 0.388
 0.399
 0.378
 0.370
 0.419
 0.415
 0.412
 0.403
 0.440
 0.351
 0.417
 0.397
 0.410
 0.386
 0.406
 0.364
 0.416
 0.392
 0.423
 0.399
 0.401
 0.409
 0.415
 0.391
 0.411
 0.399
 0.385
 0.332
 0.375
 0.441
 0.407
 0.391
 0.408
 0.436
 0.410
 0.390
 0.409
 0.428
 0.412
 0.428
 0.425
 0.383
 0.404
 0.393
 0.417
 0.377
 0.407
 0.392
 0.446
 0.402
 0.404
 0.376
 0.422
 0.385
 0.401
 0.416
 0.416
 0.421
 0.423
 0.384
 0.398
 0.430
 0.418
 0.387
 0.465
 0.430
 0.394
 0.416
 0.408
 0.411
 0.391
 0.376
 0.403
 0.373
 0.396
 0.385
 0.403
 0.418
 0.373
 0.386
 0.417
 0.401
 0.451
 0.419
 0.365
 0.378
 0.441
 0.420
 0.397
 0.391
 0.400
 0.442
 0.408
 0.404
 0.414
 0.405
 0.413
 0.401
 0.418
 0.414
 0.444
 0.452
 0.399
 0.454
 0.418
 0.413
 0.407
 0.452
 0.355
 0.408
 0.381
 0.390
 0.423
 0.351
 0.394
 0.377
 0.427
 0.445
 0.387
 0.415
 0.368
 0.418
 0.421
 0.391
 0.394
 0.395
 0.393
 0.380
 0.392
 0.381
 0.403
 0.405
 0.426
 0.430
 0.446
 0.408
 0.405
 0.377
 0.384
 0.393
 0.398
 0.395
 0.428
 0.389
 0.412
 0.398
 0.433
 0.410
 0.371
 0.429
 0.394
 0.391
 0.413
 0.424
 0.433
 0.439
 0.370
 0.440
 0.378
 0.371
 0.423
 0.373
 0.365
 0.394
 0.422
 0.425
 0.412
 0.466
 0.380
 0.451
 0.347
 0.469
 0.407
 0.403
 0.363
 0.409
 0.384
 0.420
 0.413
 0.423
 0.402
 0.385
 0.463
 0.387
 0.427
 0.421
 0.405
 0.448
 0.388
 0.434
 0.401
 0.428
 0.406
 0.385
 0.418
 0.435
 0.459
 0.410
 0.410
 0.407
 0.419
 0.397
 0.395
 0.419
 0.412
 0.385
 0.387
 0.471
 0.430
 0.425
 0.375
 0.431
 0.398
 0.424
 0.421
 0.351
 0.376
 0.354
 0.442
 0.425
 0.427
 0.406
 0.426
 0.416
 0.407
 0.391
 0.406
 0.420
 0.425
 0.418
 0.384
 0.462
 0.385
 0.397
 0.435
 0.388
 0.435
 0.406
 0.416
 0.439
 0.396
 0.381
 0.362
 0.410
 0.350
 0.437
 0.438
 0.429
 0.399
 0.367
 0.430
 0.357
 0.402
 0.419
 0.384
 0.367
 0.387
 0.414
 0.425
 0.392
 0.428
 0.432
 0.357
 0.404
 0.410
 0.414
 0.372
 0.419
 0.400
 0.417
 0.412
 0.364
 0.375
 0.435
 0.394
 0.435
 0.432
 0.421
 0.372
 0.391
 0.410
 0.399
 0.390
 0.402
 0.407
 0.420
 0.419
 0.398
 0.389
 0.390
 0.388
 0.391
 0.375
 0.355
 0.388
 0.408
 0.409
 0.415
 0.410
 0.388
 0.391
 0.388
 0.403
 0.419
 0.403
 0.392
 0.418
 0.379
 0.436
 0.399
 0.420
 0.407
 0.405
 0.427
 0.377
 0.453
 0.407
 0.404
 0.397
 0.425
 0.423
 0.456
 0.392
 0.408
 0.422
 0.428
 0.366
 0.384
 0.407
 0.403
 0.426
 0.408
 0.415
 0.405
 0.394
 0.384
 0.387
 0.415
 0.373
 0.380
 0.371
 0.449
 0.412
 0.426
 0.424
 0.382
 0.402
 0.388
 0.446
 0.394
 0.397
 0.414
 0.435
 0.358
 0.387
 0.411
 0.387
 0.403
 0.421
 0.429
 0.424
 0.386
 0.373
 0.377
 0.381
 0.445
 0.392
 0.407
 0.407
 0.449
 0.449
 0.387
 0.431
 0.359
 0.427
 0.426
 0.427
 0.439
 0.442
 0.411
 0.377
 0.424
 0.387
 0.423
 0.399
 0.426
 0.446
 0.436
 0.400
 0.413
 0.401
 0.393
 0.415
 0.409
 0.414
 0.416
 0.403
 0.442
 0.385
 0.447
 0.414
 0.395
 0.414
 0.426
 0.393
 0.381
 0.388
 0.412
 0.404
 0.383
 0.435
 0.428
 0.415
 0.380
 0.425
 0.383
 0.409
 0.402
 0.391
 0.415
 0.398
 0.429
 0.409
 0.430
 0.411
 0.474
 0.397
 0.406
 0.419
 0.440
 0.368
 0.419
 0.423
 0.416
 0.405
 0.471
 0.402
 0.446
 0.396
 0.405
 0.420
 0.407
 0.400
 0.390
 0.401
 0.405
 0.367
 0.411
 0.368
 0.385
 0.362
 0.417
 0.374
 0.401
 0.389
 0.400
 0.425
 0.346
 0.395
 0.396
 0.415
 0.381
 0.418
 0.391
 0.399
 0.429
 0.386
 0.405
 0.397
 0.395
 0.420
 0.441
 0.411
 0.345
 0.374
 0.370
 0.424
 0.424
 0.427
 0.463
 0.355
 0.383
 0.401
 0.386
 0.408
 0.403
 0.425
 0.438
 0.396
 0.402
 0.406
 0.412
 0.405
 0.432
 0.412
 0.413
 0.440
 0.396
 0.396
 0.390
 0.396
 0.421
 0.396
 0.432
 0.421
 0.447
 0.403
 0.425
 0.471
 0.393
 0.375
 0.412
 0.399
 0.368
 0.406
 0.392
 0.372
 0.413
 0.420
 0.410
 0.349
 0.437
 0.367
 0.390
 0.396
 0.401
 0.457
 0.434
 0.402
 0.426
 0.345
 0.404
 0.409
 0.410
 0.407
 0.455
 0.425
 0.365
 0.407
 0.417
 0.412
 0.404
 0.413
 0.396
 0.405
 0.424
 0.408
 0.416
 0.424
 0.434
 0.429
 0.401
 0.411
 0.382
 0.397
 0.381
 0.403
 0.428
 0.420
 0.427
 0.402
 0.389
 0.421
 0.398
 0.417
 0.430
 0.396
 0.417
 0.433
 0.444
 0.431
 0.391
 0.421
 0.405
 0.462
 0.394
 0.416
 0.380
 0.420
 0.396
 0.410
 0.435
 0.429
 0.414
 0.368
 0.400
 0.349
 0.428
 0.367
 0.359
 0.391
 0.399
 0.386
 0.414
 0.387
 0.401
 0.428
 0.405
 0.408
 0.382
 0.409
 0.423
 0.416
 0.409
 0.417
 0.413
 0.399
 0.410
 0.437
 0.372
 0.398
 0.420
 0.406
 0.367
 0.428
 0.444
 0.378
 0.371
 0.386
 0.448
 0.411
 0.428
 0.419
 0.416
 0.378
 0.400
 0.362
 0.374
 0.406
 0.384
 0.384
 0.440
 0.392
 0.363
 0.385
 0.405
 0.423
 0.389
 0.435
 0.396
 0.370
 0.412
 0.395
 0.373
 0.443
 0.400
 0.433
 0.414
 0.385
 0.392
 0.424
 0.405
 0.391
 0.431
 0.402
 0.383
 0.413
 0.436
 0.419
 0.396
 0.413
 0.397
 0.385
 0.393
 0.400
 0.421
 0.459
 0.392
 0.400
 0.407
 0.380
 0.414
 0.377
 0.407
 0.410
 0.423
 0.411
 0.420
 0.399
 0.389
 0.387
 0.410
 0.397
 0.408
 0.419
 0.430
 0.382
 0.417
 0.396
 0.379
 0.368
 0.430
 0.435
 0.375
 0.390
 0.359
 0.403
 0.414
 0.402
 0.391
 0.399
 0.441
 0.381
 0.430
 0.409
 0.386
 0.399
 0.397
 0.424
 0.437
 0.377
 0.368
 0.384
 0.390
 0.428
 0.407
 0.416
 0.417
 0.399
 0.399
 0.413
 0.418
 0.390
 0.381
 0.435
 0.438
 0.430
 0.418
 0.400
 0.452
 0.376
 0.408
 0.391
 0.377
 0.384
 0.414
 0.439
 0.429
 0.391
 0.406
 0.411
 0.395
 0.422
 0.353
 0.391
 0.402
 0.432
 0.409
 0.422
 0.391
 0.367
 0.390
 0.416
 0.399
 0.388
 0.448
 0.400
 0.368
 0.436
 0.424
 0.377
 0.413
 0.406
 0.438
 0.410
 0.397
 0.441
 0.364
 0.409
 0.442
 0.426
 0.393
 0.394
 0.385
 0.375
 0.467
 0.416
 0.403
 0.366
 0.424
 0.446
 0.383
 0.394
 0.422
 0.396
 0.391
 0.401
 0.372
 0.435
 0.426
 0.397
 0.407
 0.405
 0.436
 0.420
 0.429
 0.378
 0.419
 0.415
 0.370
 0.401
 0.423
 0.409
 0.414
 0.390
 0.402
 0.391
 0.415
 0.433
 0.401
 0.442
 0.433
 0.446
 0.404
 0.406
 0.408
 0.406
 0.432
 0.395
 0.429
 0.407
 0.370
 0.396
 0.368
 0.403
 0.422
 0.415
 0.411
 0.367
 0.416
 0.409
 0.403
 0.405
 0.398
 0.421
 0.416
 0.410
 0.397
 0.411
 0.421
 0.409
 0.418
 0.417
 0.403
 0.428
 0.407
 0.371
 0.394
 0.413
 0.404
 0.417
 0.386
 0.343
 0.403
 0.454
 0.415
 0.409
 0.391
 0.400
 0.371
 0.429
 0.397
 0.396
 0.425
 0.420
 0.381
 0.415
 0.420
 0.409
 0.362
 0.384
 0.387
 0.388
 0.396
 0.362
 0.415
 0.436
 0.422
 0.413
 0.383
 0.410
 0.397
 0.419
 0.401
 0.424
 0.427
 0.399
 0.382
 0.388
 0.387
 0.393
 0.389
 0.406
 0.415
 0.399
 0.426
 0.374
 0.398
 0.394
 0.430
 0.399
 0.385
 0.392
 0.384
 0.421
 0.419
 0.408
 0.412
 0.423
 0.414
 0.420
 0.402
 0.405
 0.407
 0.433
 0.403
 0.403
 0.428
 0.412
 0.416
 0.426
 0.406
 0.418
 0.413
 0.420
 0.374
 0.399
 0.395
 0.379
 0.381
 0.436
 0.377
 0.440
 0.390
 0.447
 0.431
 0.408
 0.400
 0.387
 0.405
 0.414
 0.402
 0.414
 0.404
 0.442
 0.432
 0.386
 0.371
 0.402
 0.400
 0.430
 0.425
 0.413
 0.418
 0.402
 0.394
 0.400
 0.385
 0.453
 0.431
 0.411
 0.415
 0.413
 0.413
 0.455
 0.390
 0.406
 0.377
 0.428
 0.424
 0.395
 0.414
 0.386
 0.373
 0.389
 0.416
 0.425
 0.392
 0.420
 0.438
 0.413
 0.409
 0.369
 0.416
 0.391
 0.421
 0.370
 0.378
 0.383
 0.376
 0.369
 0.416
 0.362
 0.411
 0.430
 0.392
 0.423
 0.395
 0.399
 0.387
 0.382
 0.458
 0.421
 0.459
 0.422
 0.386
 0.400
 0.452
 0.413
 0.386
 0.406
 0.437
 0.421
 0.344
 0.414
 0.396
 0.384
 0.413
 0.425
 0.397
 0.395
 0.389
 0.388
 0.411
 0.402
 0.405
 0.422
 0.408
 0.384
 0.413
 0.415
 0.417
 0.411
 0.417
 0.401
 0.419
 0.365
 0.405
 0.393
 0.361
 0.393
 0.430
 0.439
 0.414
 0.424
 0.391
 0.408
 0.431
 0.422
 0.387
 0.422
 0.424
 0.414
 0.360
 0.402
 0.380
 0.360
 0.396
 0.404
 0.409
 0.407
 0.395
 0.410
 0.416
 0.398
 0.431
 0.381
 0.422
 0.394
 0.405
 0.405
 0.407
 0.422
 0.409
 0.365
 0.401
 0.400
 0.400
 0.373
 0.451
 0.404
 0.388
 0.474
 0.380
 0.410
 0.435
 0.403
 0.367
 0.405
 0.434
 0.407
 0.397
 0.418
 0.414
 0.392
 0.437
 0.353
 0.441
 0.452
 0.395
 0.408
 0.393
 0.370
 0.446
 0.393
 0.400
 0.395
 0.459
 0.397
 0.416
 0.420
 0.390
 0.409
 0.344
 0.409
 0.428
 0.395
 0.404
 0.418
 0.390
 0.398
 0.390
 0.393
 0.422
 0.385
 0.364
 0.410
 0.411
 0.437
 0.434
 0.409
 0.431
 0.389
 0.390
 0.417
 0.408
 0.402
 0.428
 0.408
 0.409
 0.372
 0.369
 0.420
 0.394
 0.383
 0.410
 0.348
 0.417
 0.381
 0.435
 0.366
 0.404
 0.407
 0.392
 0.360
 0.408
 0.397
 0.428
 0.408
 0.402
 0.413
 0.411
 0.410
 0.406
 0.372
 0.399
 0.416
 0.448
 0.396
 0.426
 0.409
 0.426
 0.403
 0.388
 0.417
 0.399
 0.381
 0.425
 0.406
 0.441
 0.391
 0.442
 0.373
 0.387
 0.394
 0.378
 0.398
 0.459
 0.396
 0.442
 0.392
 0.394
 0.413
 0.419
 0.380
 0.381
 0.409
 0.393
 0.391
 0.372
 0.395
 0.419
 0.433
 0.396
 0.417
 0.414
 0.424
 0.430
 0.384
 0.402
 0.419
 0.414
 0.415
 0.396
 0.403
 0.423
 0.414
 0.424
 0.418
 0.354
 0.402
 0.414
 0.395
 0.381
 0.400
 0.375
 0.392
 0.441
 0.387
 0.386
 0.422
 0.392
 0.399
 0.426
 0.367
 0.441
 0.417
 0.393
 0.387
 0.461
 0.408
 0.432
 0.423
 0.382
 0.451
 0.423
 0.404
 0.377
 0.421
 0.379
 0.386
 0.404
 0.472
 0.453
 0.357
 0.430
 0.442
 0.418
 0.410
 0.454
 0.406
 0.419
 0.425
 0.402
 0.411
 0.428
 0.401
 0.408
 0.403
 0.413
 0.393
 0.399
 0.395
 0.414
 0.396
 0.433
 0.409
 0.404
 0.376
 0.370
 0.426
 0.371
 0.409
 0.412
 0.417
 0.414
 0.407
 0.389
 0.453
 0.419
 0.401
 0.395
 0.375
 0.402
 0.397
 0.408
 0.381
 0.445
 0.401
 0.396
 0.374
 0.406
 0.456
 0.409
 0.435
 0.401
 0.374
 0.428
 0.437
 0.394
 0.409
 0.432
 0.359
 0.411
 0.401
 0.409
 0.402
 0.411
 0.424
 0.385
 0.466
 0.389
 0.418
 0.411
 0.386
 0.417
 0.413
 0.421
 0.398
 0.411
 0.399
 0.396
 0.398
 0.451
 0.438
 0.365
 0.393
 0.444
 0.411
 0.435
 0.409
 0.417
 0.400
 0.423
 0.380
 0.386
 0.424
 0.425
 0.424
 0.387
 0.393
 0.440
 0.438
 0.397
 0.397
 0.412
 0.411
 0.426
 0.418
 0.411
 0.451
 0.422
 0.382
 0.369
 0.360
 0.394
 0.419
 0.428
 0.408
 0.418
 0.423
 0.409
 0.425
 0.413
 0.415
 0.439
 0.398
 0.430
 0.431
 0.406
 0.358
 0.401
 0.373
 0.408
 0.378
 0.444
 0.414
 0.404
 0.415
 0.429
 0.386
 0.403
 0.436
 0.400
 0.376
 0.399
 0.416
 0.419
 0.357
 0.389
 0.376
 0.442
 0.417
 0.388
 0.397
 0.390
 0.419
 0.376
 0.375
 0.380
 0.438
 0.401
 0.379
 0.394
 0.352
 0.404
 0.360
 0.388
 0.376
 0.403
 0.420
 0.414
 0.426
 0.386
 0.413
 0.391
 0.404
 0.400
 0.401
 0.427
 0.412
 0.375
 0.367
 0.395
 0.416
 0.411
 0.357
 0.392
 0.387
 0.425
 0.416
 0.361
 0.406
 0.408
 0.430
 0.416
 0.367
 0.411
 0.358
 0.403
 0.411
 0.408
 0.422
 0.415
 0.395
 0.388
 0.414
 0.416
 0.379
 0.427
 0.461
 0.413
 0.393
 0.413
 0.399
 0.392
 0.390
 0.426
 0.427
 0.406
 0.412
 0.406
 0.396
 0.446
 0.419
 0.394
 0.390
 0.433
 0.338
 0.404
 0.354
 0.437
 0.391
 0.412
 0.425
 0.453
 0.395
 0.440
 0.423
 0.402
 0.418
 0.409
 0.364
 0.426
 0.406
 0.402
 0.381
 0.379
 0.395
 0.412
 0.425
 0.430
 0.448
 0.402
 0.374
 0.450
 0.413
 0.407
 0.408
 0.388
 0.393
 0.430
 0.423
 0.405
 0.373
 0.433
 0.412
 0.387
 0.391
 0.432
 0.408
 0.389
 0.356
 0.397
 0.437
 0.407
 0.385
 0.404
 0.434
 0.418
 0.429
 0.369
 0.456
 0.390
 0.441
 0.404
 0.403
 0.413
 0.382
 0.409
 0.424
 0.398
 0.412
 0.376
 0.386
 0.372
 0.418
 0.401
 0.411
 0.391
 0.372
 0.390
 0.382
 0.399
 0.445
 0.401
 0.389
 0.394
 0.397
 0.435
 0.416
 0.364
 0.397
 0.401
 0.453
 0.429
 0.400
 0.408
 0.412
 0.419
 0.397
 0.414
 0.415
 0.424
 0.365
 0.423
 0.424
 0.434
 0.422
 0.435
 0.391
 0.437
 0.392
 0.385
 0.396
 0.403
 0.387
 0.397
 0.363
 0.411
 0.389
 0.416
 0.399
 0.383
 0.408
 0.409
 0.394
 0.413
 0.445
 0.398
 0.466
 0.379
 0.383
 0.402
 0.394
 0.404
 0.407
 0.410
 0.395
 0.458
 0.432
 0.415
 0.366
 0.386
 0.381
 0.398
 0.396
 0.429
 0.387
 0.406
 0.425
 0.364
 0.380
 0.388
 0.422
 0.403
 0.398
 0.401
 0.392
 0.410
 0.426
 0.446
 0.402
 0.432
 0.369
 0.416
 0.369
 0.389
 0.399
 0.401
 0.404
 0.346
 0.416
 0.399
 0.457
 0.400
 0.419
 0.387
 0.406
 0.435
 0.436
 0.375
 0.405
 0.403
 0.439
 0.412
 0.398
 0.439
 0.403
 0.379
 0.410
 0.378
 0.397
 0.441
 0.426
 0.427
 0.410
 0.397
 0.402
 0.421
 0.390
 0.400
 0.398
 0.393
 0.432
 0.394
 0.410
 0.430
 0.434
 0.377
 0.462
 0.369
 0.386
 0.394
 0.406
 0.384
 0.391
 0.384
 0.397
 0.432
 0.400
 0.406
 0.376
 0.392
 0.416
 0.412
 0.431
 0.387
 0.425
 0.445
 0.427
 0.430
 0.384
 0.428
 0.386
 0.418
 0.416
 0.390
 0.366
 0.398
 0.422
 0.427
 0.415
 0.417
 0.378
 0.437
 0.402
 0.407
 0.425
 0.405
 0.393
 0.404
 0.404
 0.378
 0.401
 0.396
 0.398
 0.373
 0.410
 0.418
 0.397
 0.424
 0.403
 0.405
 0.390
 0.393
 0.362
 0.394
 0.411
 0.441
 0.404
 0.391
 0.431
 0.406
 0.454
 0.404
 0.435
 0.400
 0.394
 0.427
 0.418
 0.387
 0.406
 0.384
 0.375
 0.441
 0.418
 0.394
 0.410
 0.423
 0.393
 0.398
 0.382
 0.404
 0.402
 0.428
 0.379
 0.419
 0.389
 0.382
 0.411
 0.403
 0.421
 0.447
 0.429
 0.423
 0.464
 0.401
 0.411
 0.404
 0.380
 0.454
 0.431
 0.400
 0.422
 0.426
 0.382
 0.399
 0.378
 0.380
 0.391
 0.414
 0.393
 0.436
 0.418
 0.421
 0.423
 0.393
 0.412
 0.358
 0.442
 0.395
 0.426
 0.433
 0.433
 0.398
 0.399
 0.385
 0.380
 0.406
 0.419
 0.396
 0.405
 0.372
 0.387
 0.381
 0.436
 0.399
 0.397
 0.415
 0.405
 0.480
 0.386
 0.424
 0.389
 0.420
 0.418
 0.373
 0.421
 0.409
 0.445
 0.435
 0.428
 0.410
 0.414
 0.375
 0.382
 0.411
 0.400
 0.423
 0.411
 0.381
 0.393
 0.418
 0.359
 0.385
 0.404
 0.370
 0.407
 0.419
 0.404
 0.431
 0.391
 0.395
 0.401
 0.387
 0.412
 0.357
 0.379
 0.387
 0.396
 0.428
 0.388
 0.427
 0.415
 0.387
 0.438
 0.395
 0.405
 0.451
 0.404
 0.424
 0.408
 0.414
 0.413
 0.417
 0.392
 0.383
 0.431
 0.369
 0.404
 0.374
 0.369
 0.425
 0.375
 0.389
 0.384
 0.413
 0.405
 0.397
 0.435
 0.425
 0.386
 0.441
 0.443
 0.386
 0.414
 0.390
 0.388
 0.398
 0.405
 0.419
 0.387
 0.396
 0.388
 0.438
 0.426
 0.435
 0.381
 0.393
 0.430
 0.386
 0.422
 0.392
 0.433
 0.414
 0.385
 0.424
 0.395
 0.375
 0.395
 0.398
 0.414
 0.408
 0.422
 0.384
 0.391
 0.401
 0.394
 0.417
 0.393
 0.420
 0.396
 0.394
 0.423
 0.433
 0.417
 0.405
 0.414
 0.352
 0.401
 0.377
 0.384
 0.374
 0.394
 0.406
 0.420
 0.408
 0.418
 0.423
 0.408
 0.401
 0.410
 0.415
 0.429
 0.385
 0.410
 0.401
 0.404
 0.413
 0.405
 0.398
 0.395
 0.382
 0.387
 0.396
 0.387
 0.395
 0.450
 0.427
 0.397
 0.424
 0.414
 0.372
 0.379
 0.433
 0.395
 0.380
 0.419
 0.387
 0.404
 0.411
 0.398
 0.441
 0.417
 0.412
 0.391
 0.402
 0.387
 0.436
 0.407
 0.411
 0.410
 0.414
 0.397
 0.418
 0.416
 0.402
 0.396
 0.407
 0.389
 0.393
 0.381
 0.391
 0.419
 0.410
 0.449
 0.385
 0.407
 0.366
 0.389
 0.436
 0.379
 0.386
 0.399
 0.367
 0.384
 0.383
 0.400
 0.453
 0.393
 0.414
 0.408
 0.391
 0.376
 0.412
 0.421
 0.403
 0.403
 0.405
 0.417
 0.367
 0.386
 0.394
 0.401
 0.425
 0.431
 0.373
 0.427
 0.412
 0.427
 0.422
 0.379
 0.378
 0.374
 0.375
 0.417
 0.408
 0.395
 0.421
 0.386
 0.390
 0.403
 0.405
 0.417
 0.403
 0.427
 0.386
 0.385
 0.408
 0.410
 0.396
 0.422
 0.390
 0.439
 0.456
 0.448
 0.400
 0.430
 0.406
 0.386
 0.405
 0.387
 0.396
 0.357
 0.461
 0.429
 0.378
 0.391
 0.395
 0.386
 0.391
 0.398
 0.415
 0.403
 0.418
 0.453
 0.386
 0.409
 0.433
 0.397
 0.408
 0.390
 0.421
 0.456
 0.393
 0.375
 0.384
 0.400
 0.404
 0.414
 0.397
 0.411
 0.410
 0.394
 0.339
 0.409
 0.414
 0.397
 0.415
 0.407
 0.393
 0.418
 0.434
 0.394
 0.403
 0.418
 0.405
 0.371
 0.423
 0.427
 0.425
 0.408
 0.415
 0.356
 0.399
 0.421
 0.408
 0.451
 0.367
 0.405
 0.385
 0.436
 0.383
 0.437
 0.428
 0.429
 0.379
 0.371
 0.401
 0.427
 0.402
 0.396
 0.391
 0.380
 0.398
 0.429
 0.398
 0.426
 0.425
 0.412
 0.451
 0.383
 0.382
 0.392
 0.381
 0.422
 0.393
 0.403
 0.410
 0.419
 0.401
 0.424
 0.385
 0.390
 0.395
 0.385
 0.425
 0.439
 0.408
 0.410
 0.403
 0.426
 0.372
 0.410
 0.387
 0.392
 0.414
 0.427
 0.448
 0.399
 0.386
 0.378
 0.412
 0.413
 0.422
 0.405
 0.393
 0.396
 0.420
 0.383
 0.389
 0.402
 0.411
 0.376
 0.399
 0.435
 0.395
 0.381
 0.419
 0.393
 0.405
 0.445
 0.437
 0.423
 0.419
 0.405
 0.404
 0.409
 0.445
 0.404
 0.376
 0.429
 0.452
 0.395
 0.381
 0.374
 0.435
 0.377
 0.410
 0.380
 0.384
 0.358
 0.385
 0.401
 0.408
 0.395
 0.400
 0.404
 0.431
 0.409
 0.397
 0.395
 0.426
 0.417
 0.406
 0.388
 0.408
 0.420
 0.358
 0.377
 0.384
 0.371
 0.405
 0.426
 0.407
 0.418
 0.448
 0.441
 0.367
 0.410
 0.392
 0.403
 0.389
 0.406
 0.399
 0.420
 0.444
 0.391
 0.396
 0.450
 0.412
 0.391
 0.416
 0.420
 0.420
 0.426
 0.391
 0.407
 0.396
 0.381
 0.405
 0.387
 0.397
 0.401
 0.389
 0.420
 0.407
 0.352
 0.412
 0.387
 0.409
 0.427
 0.357
 0.379
 0.418
 0.410
 0.395
 0.374
 0.409
 0.455
 0.379
 0.438
 0.417
 0.433
 0.376
 0.401
 0.372
 0.395
 0.441
 0.396
 0.401
 0.356
 0.395
 0.433
 0.417
 0.427
 0.440
 0.402
 0.388
 0.422
 0.423
 0.387
 0.409
 0.387
 0.374
 0.441
 0.423
 0.438
 0.402
 0.391
 0.415
 0.377
 0.386
 0.394
 0.434
 0.429
 0.371
 0.406
 0.397
 0.429
 0.391
 0.409
 0.406
 0.401
 0.407
 0.396
 0.412
 0.384
 0.389
 0.388
 0.433
 0.396
 0.401
 0.393
 0.401
 0.410
 0.428
 0.432
 0.367
 0.372
 0.400
 0.409
 0.422
 0.387
 0.393
 0.435
 0.369
 0.422
 0.433
 0.457
 0.389
 0.424
 0.373
 0.419
 0.396
 0.399
 0.416
 0.425
 0.414
 0.375
 0.418
 0.446
 0.391
 0.370
 0.418
 0.400
 0.396
 0.394
 0.442
 0.419
 0.415
 0.413
 0.414
 0.391
 0.405
 0.431
 0.412
 0.405
 0.392
 0.376
 0.400
 0.400
 0.385
 0.438
 0.428
 0.403
 0.398
 0.425
 0.403
 0.396
 0.413
 0.414
 0.370
 0.396
 0.387
 0.363
 0.409
 0.388
 0.404
 0.410
 0.418
 0.415
 0.408
 0.414
 0.399
 0.382
 0.405
 0.433
 0.423
 0.430
 0.413
 0.406
 0.414
 0.466
 0.404
 0.398
 0.394
 0.443
 0.400
 0.390
 0.406
 0.382
 0.413
 0.375
 0.406
 0.424
 0.371
 0.444
 0.367
 0.424
 0.382
 0.353
 0.399
 0.474
 0.407
 0.406
 0.460
 0.393
 0.423
 0.422
 0.379
 0.404
 0.411
 0.405
 0.382
 0.377
 0.409
 0.412
 0.415
 0.399
 0.393
 0.397
 0.366
 0.375
 0.383
 0.406
 0.435
 0.383
 0.381
 0.400
 0.396
 0.407
 0.396
 0.354
 0.393
 0.430
 0.405
 0.418
 0.401
 0.426
 0.439
 0.456
 0.418
 0.385
 0.405
 0.406
 0.394
 0.447
 0.402
 0.370
 0.381
 0.389
 0.407
 0.389
 0.409
 0.379
 0.407
 0.428
 0.407
 0.398
 0.403
 0.447
 0.412
 0.396
 0.385
 0.407
 0.423
 0.390
 0.383
 0.406
 0.445
 0.412
 0.399
 0.397
 0.380
 0.376
 0.420
 0.376
 0.407
 0.447
 0.415
 0.432
 0.413
 0.402
 0.432
 0.425
 0.388
 0.388
 0.397
 0.392
 0.418
 0.389
 0.343
 0.412
 0.385
 0.373
 0.399
 0.418
 0.378
 0.407
 0.427
 0.447
 0.417
 0.381
 0.446
 0.401
 0.415
 0.363
 0.463
 0.396
 0.366
 0.450
 0.405
 0.392
 0.402
 0.399
 0.419
 0.408
 0.391
 0.413
 0.442
 0.384
 0.367
 0.422
 0.398
 0.378
 0.383
 0.386
 0.409
 0.426
 0.432
 0.387
 0.395
 0.413
 0.421
 0.416
 0.404
 0.474
 0.411
 0.418
 0.398
 0.453
 0.440
 0.385
 0.397
 0.367
 0.401
 0.397
 0.412
 0.439
 0.399
 0.392
 0.402
 0.392
 0.396
 0.365
 0.398
 0.445
 0.398
 0.411
 0.385
 0.424
 0.380
 0.424
 0.441
 0.397
 0.432
 0.409
 0.416
 0.394
 0.394
 0.379
 0.427
 0.426
 0.404
 0.403
 0.434
 0.388
 0.389
 0.427
 0.376
 0.410
 0.413
 0.428
 0.418
 0.422
 0.423
 0.454
 0.381
 0.433
 0.397
 0.401
 0.373
 0.424
 0.448
 0.438
 0.438
 0.417
 0.456
 0.444
 0.416
 0.428
 0.398
 0.369
 0.408
 0.383
 0.424
 0.391
 0.402
 0.384
 0.368
 0.416
 0.378
 0.408
 0.387
 0.397
 0.442
 0.399
 0.359
 0.423
 0.422
 0.440
 0.440
 0.394
 0.410
 0.415
 0.426
 0.416
 0.423
 0.414
 0.383
 0.398
 0.370
 0.428
 0.441
 0.411
 0.372
 0.444
 0.459
 0.400
 0.435
 0.371
 0.408
 0.403
 0.391
 0.428
 0.425
 0.398
 0.387
 0.445
 0.389
 0.372
 0.395
 0.400
 0.390
 0.360
 0.387
 0.406
 0.410
 0.389
 0.437
 0.384
 0.385
 0.457
 0.417
 0.367
 0.401
 0.405
 0.421
 0.424
 0.404
 0.386
 0.413
 0.424
 0.422
 0.398
 0.397
 0.383
 0.416
 0.407
 0.417
 0.401
 0.423
 0.490
 0.399
 0.397
 0.371
 0.421
 0.426
 0.389
 0.431
 0.383
 0.391
 0.432
 0.380
 0.424
 0.376
 0.385
 0.408
 0.386
 0.422
 0.400
 0.387
 0.411
 0.362
 0.377
 0.439
 0.448
 0.415
 0.379
 0.409
 0.382
 0.377
 0.411
 0.420
 0.382
 0.391
 0.392
 0.400
 0.400
 0.414
 0.413
 0.412
 0.382
 0.407
 0.392
 0.379
 0.395
 0.426
 0.406
 0.430
 0.392
 0.412
 0.423
 0.398
 0.426
 0.391
 0.423
 0.434
 0.396
 0.438
 0.399
 0.389
 0.400
 0.407
 0.411
 0.421
 0.400
 0.378
 0.424
 0.398
 0.445
 0.402
 0.407
 0.444
 0.431
 0.406
 0.400
 0.453
 0.393
 0.408
 0.420
 0.433
 0.428
 0.408
 0.447
 0.410
 0.373
 0.438
 0.392
 0.427
 0.394
 0.411
 0.414
 0.389
 0.405
 0.414
 0.416
 0.383
 0.382
 0.382
 0.416
 0.398
 0.410
 0.429
 0.434
 0.388
 0.371
 0.408
 0.400
 0.430
 0.391
 0.379
 0.413
 0.403
 0.404
 0.411
 0.380
 0.362
 0.405
 0.358
 0.400
 0.387
 0.367
 0.390
 0.412
 0.436
 0.363
 0.448
 0.361
 0.417
 0.425
 0.377
 0.386
 0.439
 0.394
 0.387
 0.415
 0.398
 0.393
 0.426
 0.383
 0.415
 0.417
 0.392
 0.422
 0.395
 0.392
 0.449
 0.395
 0.409
 0.417
 0.438
 0.395
 0.365
 0.403
 0.452
 0.398
 0.386
 0.408
 0.423
 0.433
 0.406
 0.392
 0.422
 0.365
 0.390
 0.390
 0.412
 0.388
 0.378
 0.389
 0.370
 0.427
 0.400
 0.433
 0.379
 0.392
 0.370
 0.411
 0.378
 0.382
 0.418
 0.431
 0.386
 0.438
 0.414
 0.390
 0.398
 0.405
 0.415
 0.409
 0.382
 0.416
 0.416
 0.381
 0.378
 0.411
 0.452
 0.391
 0.404
 0.415
 0.392
 0.399
 0.414
 0.422
 0.387
 0.397
 0.418
 0.384
 0.355
 0.409
 0.443
 0.396
 0.409
 0.403
 0.378
 0.342
 0.430
 0.395
 0.427
 0.389
 0.397
 0.381
 0.423
 0.398
 0.395
 0.376
 0.446
 0.404
 0.388
 0.418
 0.427
 0.406
 0.435
 0.418
 0.413
 0.451
 0.412
 0.378
 0.396
 0.447
 0.406
 0.401
 0.403
 0.447
 0.411
 0.365
 0.433
 0.425
 0.392
 0.416
 0.397
 0.386
 0.395
 0.429
 0.373
 0.413
 0.411
 0.383
 0.439
 0.398
 0.416
 0.428
 0.434
 0.394
 0.415
 0.448
 0.415
 0.391
 0.394
 0.368
 0.384
 0.370
 0.395
 0.432
 0.429
 0.377
 0.424
 0.407
 0.392
 0.430
 0.372
 0.399
 0.431
 0.442
 0.432
 0.402
 0.393
 0.413
 0.368
 0.391
 0.407
 0.370
 0.440
 0.390
 0.402
 0.394
 0.410
 0.433
 0.408
 0.445
 0.411
 0.363
 0.402
 0.382
 0.384
 0.389
 0.404
 0.432
 0.404
 0.401
 0.415
 0.410
 0.403
 0.432
 0.403
 0.419
 0.409
 0.370
 0.401
 0.423
 0.408
 0.397
 0.461
 0.415
 0.416
 0.395
 0.418
 0.396
 0.409
 0.385
 0.415
 0.377
 0.383
 0.403
 0.374
 0.418
 0.390
 0.402
 0.463
 0.383
 0.398
 0.422
 0.421
 0.424
 0.419
 0.421
 0.384
 0.426
 0.395
 0.412
 0.443
 0.374
 0.389
 0.382
 0.384
 0.376
 0.394
 0.415
 0.397
 0.433
 0.391
 0.422
 0.429
 0.369
 0.389
 0.369
 0.400
 0.381
 0.385
 0.425
 0.373
 0.421
 0.419
 0.421
 0.445
 0.415
 0.370
 0.407
 0.400
 0.394
 0.360
 0.410
 0.384
 0.387
 0.455
 0.422
 0.436
 0.415
 0.427
 0.396
 0.378
 0.393
 0.384
 0.445
 0.403
 0.384
 0.433
 0.392
 0.390
 0.409
 0.445
 0.401
 0.395
 0.361
 0.426
 0.385
 0.425
 0.423
 0.391
 0.370
 0.432
 0.389
 0.397
 0.387
 0.402
 0.399
 0.439
 0.394
 0.423
 0.400
 0.413
 0.450
 0.422
 0.410
 0.444
 0.375
 0.393
 0.385
 0.396
 0.432
 0.411
 0.432
 0.406
 0.384
 0.407
 0.396
 0.397
 0.381
 0.383
 0.374
 0.380
 0.388
 0.421
 0.436
 0.377
 0.380
 0.388
 0.402
 0.446
 0.378
 0.397
 0.418
 0.361
 0.396
 0.384
 0.402
 0.420
 0.417
 0.406
 0.371
 0.413
 0.383
 0.435
 0.402
 0.377
 0.391
 0.404
 0.418
 0.357
 0.404
 0.422
 0.384
 0.381
 0.427
 0.429
 0.385
 0.400
 0.396
 0.394
 0.416
 0.393
 0.418
 0.366
 0.425
 0.387
 0.375
 0.440
 0.405
 0.390
 0.413
 0.409
 0.368
 0.404
 0.416
 0.390
 0.424
 0.417
 0.431
 0.407
 0.406
 0.374
 0.396
 0.458
 0.392
 0.397
 0.416
 0.423
 0.433
 0.401
 0.368
 0.334
 0.388
 0.401
 0.408
 0.410
 0.404
 0.390
 0.387
 0.382
 0.369
 0.391
 0.375
 0.439
 0.407
 0.421
 0.452
 0.365
 0.435
 0.410
 0.372
 0.402
 0.412
 0.409
 0.374
 0.416
 0.419
 0.381
 0.381
 0.354
 0.395
 0.387
 0.384
 0.380
 0.392
 0.364
 0.381
 0.421
 0.391
 0.417
 0.433
 0.423
 0.397
 0.409
 0.386
 0.421
 0.385
 0.401
 0.428
 0.386
 0.404
 0.400
 0.439
 0.398
 0.404
 0.405
 0.374
 0.384
 0.398
 0.435
 0.428
 0.366
 0.425
 0.456
 0.421
 0.420
 0.389
 0.391
 0.369
 0.433
 0.393
 0.434
 0.387
 0.410
 0.392
 0.388
 0.352
 0.407
 0.425
 0.387
 0.421
 0.419
 0.403
 0.403
 0.386
 0.428
 0.386
 0.385
 0.396
 0.398
 0.420
 0.404
 0.401
 0.409
 0.430
 0.420
 0.405
 0.397
 0.450
 0.388
 0.347
 0.375
 0.350
 0.402
 0.401
 0.421
 0.424
 0.410
 0.416
 0.386
 0.388
 0.419
 0.401
 0.370
 0.418
 0.400
 0.376
 0.391
 0.394
 0.439
 0.402
 0.378
 0.447
 0.424
 0.437
 0.410
 0.390
 0.416
 0.435
 0.389
 0.382
 0.387
 0.434

