13 0.999529631524519
14 0.8685135883545579
15 0.9368478524310171
16 0.8193467675630944
17 0.8003902999802689
18 0.7681901401861394
19 0.25178657034344665
20 0.8720432605499996
21 0.6510187281076186
22 0.8363989583115238
23 0.9099502289762765
24 0.130723397547732
25 0.6040987636625426
26 0.891974204461399
27 0.9246047339099621
28 0.9191253483595936
29 0.8818352387367338
30 0.7441143034881774
31 0.3934557197162184
32 0.7785320411034352
33 0.9454854544817525
34 0.9309332315634096
35 0.6753334019011037
36 0.7701751478270056
37 0.33972118963899356
38 0.3821422334122757
39 0.3744992440758934
40 0.09015159520243043
41 0.382531043530005
42 0.4459560179289266
43 0.9830690160538653
44 0.5643878568306645
45 0.18250466844925373
46 0.3892626213870699
47 0.7713044683370508
48 0.713257652895578
49 0.7827240500745085
50 0.30529171483133277
1 0.2583305099920763
2 0.8792806695323592
3 0.39340749682684484
4 0.29094874064482135
5 0.2626306471931157
6 0.22610329113448058
7 0.08589091451531694
8 0.4936872924415199
9 0.50474701086397
10 0.5670799182307399
11 0.1497585874624504
12 0.774833629783126
