0.37650109577111357 1
0.3844956397320257 1
0.39157640918075065 1
0.39547929326487163 1
0.3969357398744289 1
0.39787162872817566 1
0.4018377952537993 1
0.4020713003559959 1
0.40268755779308735 1
0.40311368645318085 1
0.4049419579683869 1
0.4051192163793913 1
0.4055760596813274 1
0.40772191415129944 1
0.409950800749623 1
0.4104022616750712 1
0.41133870775264386 1
0.41228881125501454 1
0.4125640256218058 1
0.41261357965689854 1
0.4127971458812569 1
0.41320015622631573 1
0.4137310810494836 1
0.4173424609218862 1
0.42006886216662237 1
0.42050605666357704 1
0.42056136108850223 1
0.42165393691399833 1
0.4230080916555603 1
0.4241838784302399 1
0.42436138553599306 1
0.42517079755984094 1
0.42584401885893797 1
0.42627793814283665 1
0.4267548722886159 1
0.42753240251255137 1
0.4276020506472883 1
0.4293486527852031 1
0.43049695947363803 1
0.4307351794417788 1
0.43080397686877975 1
0.4334445553742166 1
0.43383351167827583 1
0.43401093049581063 1
0.4341997925804737 1
0.4343958872080622 1
0.43473005792242586 1
0.43518570469415496 1
0.4353698160963446 1
0.43549821019660845 1
0.4369211940821398 1
0.43712171495673213 1
0.43732952367790134 1
0.43844095423786733 1
0.43847502982461123 1
0.440531493660704 1
0.44096745132303405 1
0.44101966543447796 1
0.4411045907556207 1
0.44136172592761247 1
0.4424509369509657 1
0.44272406080352317 1
0.4428818802254108 1
0.4434200745308325 1
0.4441602900706128 1
0.4443381297059913 1
0.44468689487308644 1
0.4452078083749016 1
0.4454629280769044 1
0.4455550597693302 1
0.44581570052732056 1
0.4458545115883845 1
0.4459501750640622 1
0.4467482896193322 1
0.4467977790958307 1
0.44727129582666925 1
0.4482545900463071 1
0.44975194866331564 1
0.4499214048386827 1
0.45016805503171575 1
0.45050926970203137 1
0.45084209002949727 1
0.45084324464018816 1
0.45109240987531096 1
0.4523229188027282 1
0.45329842285702776 1
0.45418341197399137 1
0.4545889122931191 1
0.454972692710715 1
0.45498568120450505 1
0.45515575858496293 1
0.4552588983627048 1
0.4559838866440302 1
0.456143098609415 1
0.45691636212406167 1
0.45741055217594734 1
0.457456364629836 1
0.45762336449801616 1
0.45833470311193203 1
0.45833940141502494 1
0.4589929866090575 1
0.45941126568101504 1
0.4595626909198324 1
0.46033394845115183 1
0.46048410682412055 1
0.46050058620640966 1
0.4606589089487232 1
0.4612984022623723 1
0.46169873551324947 1
0.4621910135091298 1
0.4622399194069623 1
0.4622743303617384 1
0.4629138258116909 1
0.4629289452151399 1
0.4648443342905939 1
0.4650248523191724 1
0.46534332102932735 1
0.46573716325929937 1
0.4675355021504369 1
0.4676140636617656 1
0.46800997007811956 1
0.4683073641491514 1
0.4689657591653056 1
0.4692042270583279 1
0.4706639729000452 1
0.4706829917107108 1
0.47093797307904034 1
0.4710821377665107 1
0.47202928037186487 1
0.472266303010977 1
0.472385437286311 1
0.4736837873493321 1
0.4743027531591518 1
0.4760686351968693 1
0.4771118238656644 1
0.4771379889302772 1
0.4773586242351692 1
0.47892449049696123 1
0.47923024627702554 1
0.4796032671870573 1
0.47990576155903364 1
0.479952021025929 1
0.4804979856005512 1
0.4807881611404855 1
0.48085649271165515 1
0.4810533450621698 1
0.48123530248511903 1
0.4817457864412205 1
0.48188146364147244 1
0.4827350139852113 1
0.482743815008645 1
0.48278904291536967 1
0.48293057372910864 1
0.48346217075565806 1
0.4839204050757923 1
0.48402016411898274 1
0.48453594844524245 1
0.4845703702279506 1
0.4852469291049429 1
0.486791363385439 1
0.4868841797922542 1
0.48845456969022444 1
0.4884578059191264 1
0.48857309450948544 1
0.4893183441280706 1
0.48953226824232693 1
0.489868573747691 1
0.49067103414720853 1
0.49193954886444247 1
0.49242714368337565 1
0.49243369082219035 1
0.49351548198772904 1
0.4940451024444419 1
0.49409383344956637 1
0.49443972496565947 1
0.4977061918437054 1
0.49995769045643973 1
0.5003312549940752 1
0.5005132488126585 1
0.5046070572572741 1
0.5048607066112555 1
0.504879073357722 1
0.5051010543467935 1
0.5061673186867567 1
0.5064874220918619 1
0.506708669749041 1
0.5074013246193071 1
0.5084971503458103 1
0.5091992674438466 1
0.5096438594881813 1
0.5099839424339503 1
0.5111697718365518 1
0.5130722038302803 1
0.5139592586069157 1
0.5164097791706562 1
0.5180365827662083 1
0.520015124573361 1
0.5277516612938978 1
0.5288165917990116 1
0.5394826763035299 1
