0 42
0 49
0 33
0 38
0 51
0 35
0 41
0 34
0 35
0 35
0 33
0 45
0 48
0 39
0 41
0 52
0 38
0 46
0 40
0 42
0 36
0 35
0 38
0 40
0 53
0 50
0 38
0 49
0 42
0 42
0 43
0 38
0 38
0 41
0 38
0 55
0 44
0 43
0 34
0 33
0 43
0 40
0 37
0 46
0 36
0 50
0 24
0 48
0 50
0 35
0 42
0 39
0 48
0 44
0 40
0 46
0 37
0 37
0 34
0 45
0 56
0 53
0 50
0 48
0 31
0 42
0 52
0 47
0 51
0 48
0 45
0 43
0 43
0 53
0 49
0 33
0 37
0 50
0 42
0 46
0 36
0 55
0 39
0 43
0 46
0 45
0 41
0 38
0 55
0 46
0 42
0 41
0 48
0 48
0 37
0 36
0 36
0 33
0 38
0 41
0 47
0 33
0 39
0 40
0 44
0 39
0 45
0 37
0 44
0 36
0 44
0 31
0 41
0 32
0 49
0 38
0 36
0 35
0 46
0 34
0 49
0 50
0 36
0 42
0 48
0 47
0 39
0 44
0 50
0 45
0 37
0 50
0 53
0 42
0 52
0 40
0 50
0 49
0 49
0 41
0 45
0 50
0 29
0 45
0 37
0 49
0 47
0 44
0 47
0 39
0 36
0 43
0 43
0 34
0 41
0 47
0 43
0 35
0 55
0 38
0 41
0 40
0 43
0 44
0 41
0 49
0 33
0 44
0 45
0 45
0 35
0 48
0 31
0 34
0 46
0 36
0 40
0 34
0 53
0 45
0 44
0 46
0 37
0 44
0 50
0 51
0 43
0 49
0 31
0 53
0 27
0 55
0 46
0 40
0 37
0 41
0 29
0 43
0 39
0 42
