0.45154046307132384 1
0.4539531856702436 1
0.4601199147353561 1
0.46494339046041167 1
0.4653861105169386 1
0.46711179382780466 1
0.4672791574222096 1
0.4717968024039469 1
0.4721798082192727 1
0.4739433960409021 1
0.4742519755510676 1
0.4743452900155777 1
0.4743807510242909 1
0.475433049203269 1
0.47553597276497195 1
0.4762837485843424 1
0.4762889880366188 1
0.4783898697070501 1
0.4815848876396098 1
0.48238838536948364 1
0.4825327371956984 1
0.4835956975767697 1
0.4842372516555637 1
0.485038883808525 1
0.48521544562962743 1
0.48527651363522706 1
0.4855229905923376 1
0.4857483270168946 1
0.48605277485601467 1
0.48608246287423607 1
0.4868505085125863 1
0.48727961189154706 1
0.48809576785865644 1
0.4888529278234113 1
0.4889476667811308 1
0.48905781457373493 1
0.48953639138912414 1
0.48972158192721965 1
0.4910227356852534 1
0.4911581894250866 1
0.49138996089807796 1
0.4919687842795936 1
0.49205311524067546 1
0.49217837771079614 1
0.4924453461819728 1
0.4927189979262982 1
0.49288803956936184 1
0.4930350318349801 1
0.49329795309277413 1
0.49356882444631933 1
0.4936284533965683 1
0.49384215749571714 1
0.494080329084287 1
0.49433984071653037 1
0.49504288489964293 1
0.4954631359519807 1
0.49552668580589976 1
0.49571324008285894 1
0.49592067348186825 1
0.49634458187591596 1
0.4968107837683901 1
0.49711657670439524 1
0.4979588032512944 1
0.498003059802222 1
0.4985154109261748 1
0.4989312453169428 1
0.49903988910268715 1
0.49932718882008054 1
0.4998112440891366 1
0.5000099464346455 1
0.5007428252619603 1
0.5018264074714377 1
0.5020754204046969 1
0.5022004409514073 1
0.5042860575743344 1
0.5044630979606194 1
0.5046501976968168 1
0.5049630823907794 1
0.5049676289155969 1
0.5053377953038622 1
0.5053425152413362 1
0.5060368137361358 1
0.5062556204614939 1
0.5064000083642228 1
0.5072356386800506 1
0.5072793142547617 1
0.5075889144008482 1
0.5084450693041422 1
0.5086947527406247 1
0.5088270081003279 1
0.5095494644461198 1
0.5098478582104709 1
0.5115932093199256 1
0.5116847491645571 1
0.5123887738569524 1
0.5126175890005674 1
0.5127362543478011 1
0.5127685218014575 1
0.5130529536350206 1
0.5134812751029001 1
0.5135695244049308 1
0.5143543837274662 1
0.5148802360459255 1
0.5150515678962541 1
0.5152466055909217 1
0.5156276487310282 1
0.516206767452908 1
0.5170432602138072 1
0.5171239467185443 1
0.5176904664008076 1
0.5188989236818524 1
0.5189944919827749 1
0.5198329716017007 1
0.5198836449265992 1
0.5202668015137906 1
0.5208083119605067 1
0.5209814449735273 1
0.5217834847583367 1
0.5219805630857388 1
0.522827258373297 1
0.5229104351525028 1
0.5232367509950104 1
0.5239913100315622 1
0.5245469415129136 1
0.5246807641658066 1
0.5247169979441967 1
0.5247313128809752 1
0.525013884626556 1
0.525565530556594 1
0.5256679188126189 1
0.5260684691105467 1
0.526418289554815 1
0.5264261088223031 1
0.5265233183195835 1
0.5265900350228201 1
0.5277083169643729 1
0.5277650736042072 1
0.5280278527416202 1
0.5287781641364919 1
0.5287875894935613 1
0.5290035730511995 1
0.5294896831473619 1
0.5298304614967587 1
0.5299617426023915 1
0.530720534045892 1
0.5308587210896918 1
0.5310390075790614 1
0.531139380307916 1
0.5312904421368551 1
0.5314178842257719 1
0.5320499465202125 1
0.5322281124426058 1
0.5328527429042584 1
0.5335703550021883 1
0.5338550537531233 1
0.5345543706716447 1
0.5347812157031815 1
0.5354565216978445 1
0.5363460903777455 1
0.536471280550583 1
0.5370379535449166 1
0.5371487630651636 1
0.5377012361601197 1
0.5401735762174676 1
0.5409293318738247 1
0.5417470125473467 1
0.541968350781879 1
0.5425694951742963 1
0.5427013572295105 1
0.5427216286645379 1
0.5438925574440511 1
0.5447272399983882 1
0.5453114561991901 1
0.5454680760959667 1
0.5454896586635024 1
0.5457913240337924 1
0.5468433754675105 1
0.5468674857252747 1
0.5490998849756044 1
0.5498719979846817 1
0.5504422249905613 1
0.5521131168623254 1
0.5530919753951697 1
0.5547087042867183 1
0.5561756283461025 1
0.5563008074349224 1
0.5624032787664884 1
0.5655255352245522 1
0.5656041798403293 1
0.5659563139999286 1
0.5683479556928362 1
0.5693056587286602 1
0.5711458392176385 1
0.5714776692258611 1
0.5714875930304335 1
0.5790499524763849 1
0.5866578925834857 1
0.5876127444310532 1
0.5880864367325338 1
0.5958441749187731 1
