
 0.532
 0.571
 0.535
 0.528
 0.515
 0.527
 0.475
 0.498
 0.484
 0.546
 0.490
 0.566
 0.513
 0.524
 0.467
 0.482
 0.486
 0.507
 0.472
 0.484
 0.566
 0.555
 0.492
 0.522
 0.507
 0.487
 0.529
 0.529
 0.569
 0.571
 0.506
 0.510
 0.486
 0.587
 0.537
 0.495
 0.499
 0.474
 0.485
 0.532
 0.525
 0.465
 0.521
 0.528
 0.556
 0.485
 0.556
 0.520
 0.525
 0.487
 0.542
 0.526
 0.485
 0.545
 0.530
 0.516
 0.492
 0.516
 0.502
 0.474
 0.502
 0.547
 0.545
 0.531
 0.476
 0.531
 0.496
 0.526
 0.579
 0.460
 0.531
 0.523
 0.525
 0.486
 0.596
 0.491
 0.494
 0.489
 0.496
 0.497
 0.508
 0.526
 0.528
 0.478
 0.513
 0.526
 0.519
 0.541
 0.501
 0.508
 0.502
 0.452
 0.496
 0.588
 0.553
 0.499
 0.568
 0.505
 0.536
 0.482
 0.509
 0.500
 0.509
 0.474
 0.523
 0.520
 0.493
 0.454
 0.512
 0.523
 0.531
 0.492
 0.495
 0.499
 0.518
 0.552
 0.543
 0.588
 0.527
 0.494
 0.476
 0.517
 0.467
 0.476
 0.513
 0.531
 0.483
 0.500
 0.540
 0.515
 0.525
 0.489
 0.506
 0.529
 0.490
 0.488
 0.496
 0.531
 0.499
 0.533
 0.512
 0.535
 0.538
 0.513
 0.514
 0.493
 0.492
 0.510
 0.544
 0.494
 0.514
 0.505
 0.522
 0.494
 0.543
 0.571
 0.542
 0.545
 0.493
 0.535
 0.513
 0.545
 0.504
 0.491
 0.517
 0.537
 0.497
 0.534
 0.474
 0.489
 0.491
 0.547
 0.505
 0.526
 0.472
 0.519
 0.506
 0.550
 0.515
 0.505
 0.504
 0.465
 0.534
 0.530
 0.486
 0.525
 0.512
 0.529
 0.562
 0.550
 0.505
 0.498
 0.521
 0.549
 0.566
 0.520
 0.536
 0.543
 0.494
 0.493

