0 40
0 40
0 39
0 43
0 35
3 37
3 39
2 40
3 44
0 44
3 47
2 48
2 48
3 31
2 35
2 47
0 44
3 43
2 41
0 45
0 46
2 41
2 46
2 27
3 40
1 53
2 53
3 37
3 42
0 42
0 47
2 27
0 53
2 35
2 37
2 44
2 48
0 42
0 47
1 53
3 47
0 40
1 41
0 50
3 38
1 45
2 33
0 43
3 34
1 44
1 46
3 39
2 38
1 35
0 42
1 36
3 40
1 44
2 42
3 43
3 53
3 39
1 42
1 26
2 39
0 30
1 44
0 33
0 40
3 44
1 31
2 48
3 52
1 49
3 43
0 50
2 47
1 40
2 46
0 47
1 42
0 39
2 33
2 49
3 50
1 47
3 43
1 40
2 44
1 45
3 61
3 29
1 51
2 46
3 41
2 28
1 35
1 43
1 31
3 35
3 42
1 41
1 47
0 51
2 43
3 35
0 54
1 37
2 37
3 51
1 37
3 40
0 50
0 36
0 39
2 59
3 37
3 44
1 44
0 42
2 42
1 43
2 34
3 47
1 43
0 48
1 36
1 47
1 40
3 36
2 47
2 51
2 52
0 39
1 41
1 42
2 43
2 43
0 38
3 40
1 48
0 41
1 40
1 44
1 38
1 44
2 28
2 47
1 44
1 41
1 50
1 29
0 50
3 51
2 35
2 37
3 37
2 49
1 42
0 57
2 39
3 42
0 45
3 39
2 28
0 48
1 44
3 48
3 31
2 46
1 34
3 39
3 35
1 59
2 42
1 51
1 40
1 49
1 41
1 36
0 54
0 43
0 55
0 55
3 49
0 42
2 55
0 36
1 35
3 44
3 49
2 32
0 31
3 46
2 40
3 51
1 38
3 30
0 44
1 34
