2 33
4 38
3 46
0 42
4 41
2 35
2 41
0 37
1 43
4 37
4 33
0 42
4 48
3 41
3 35
4 36
1 41
1 46
4 39
1 49
3 38
0 45
4 54
0 39
4 43
0 36
4 36
0 20
1 38
1 44
3 44
4 42
4 49
0 51
0 46
2 48
4 46
3 31
2 44
3 46
0 46
4 39
1 44
1 41
0 43
0 31
3 47
0 51
1 36
1 41
2 60
1 42
4 40
1 42
0 39
0 37
2 37
1 42
1 55
3 27
3 43
1 46
0 44
0 47
3 52
1 51
1 39
0 38
3 33
3 43
0 42
0 52
2 38
0 51
4 45
4 49
0 43
4 44
2 41
4 40
2 45
0 38
0 44
3 41
3 54
1 47
1 37
4 39
0 46
4 41
3 42
1 44
3 46
1 48
4 31
3 37
2 51
3 44
3 49
0 39
4 46
3 39
0 41
2 34
3 42
0 38
4 38
2 47
1 41
4 45
0 50
4 51
2 50
1 34
1 34
4 32
3 38
1 48
0 38
0 52
0 44
1 36
1 43
1 45
1 46
3 38
1 50
0 39
4 63
4 34
3 35
3 45
3 39
4 30
3 41
1 41
3 48
4 44
1 39
4 41
2 42
1 49
2 42
3 38
1 44
2 49
2 43
0 34
1 46
4 51
2 42
4 42
2 35
2 48
4 38
1 43
3 45
3 32
3 40
1 36
4 48
3 36
4 39
0 42
1 55
4 44
2 29
0 40
3 35
1 51
2 45
2 49
0 33
1 42
0 40
2 36
1 52
4 35
0 44
3 46
1 46
1 44
0 37
2 34
2 34
4 31
3 40
2 57
0 47
2 37
1 38
1 39
2 54
3 40
2 38
1 34
1 36
2 38
2 42
0 41
