0.30095818876491576 1
0.3045071860382681 1
0.30471487485199455 1
0.3061803279754135 1
0.3064097515594362 1
0.30733762742919213 1
0.3087552127285432 1
0.3097059593048687 1
0.31155253078993267 1
0.31160518575248985 1
0.3117691588187376 1
0.3128091643308688 1
0.3146451236075252 1
0.3158924771435741 1
0.31661981925791954 1
0.31664879051086514 1
0.31865891608166597 1
0.3191632118551159 1
0.3202009907363509 1
0.3209470698067824 1
0.32179613933410406 1
0.3247540678945721 1
0.326730970385399 1
0.32760519518089737 1
0.3282819075288177 1
0.3290621045761265 1
0.32925862237636166 1
0.3296505694973319 1
0.3296885034589783 1
0.33002506957648015 1
0.3314139246622554 1
0.33167720685768015 1
0.33198790445440257 1
0.33212238706722663 1
0.3325849739632243 1
0.33265857418665795 1
0.3333793383738767 1
0.33351358511484797 1
0.33434033757316733 1
0.3352590331884754 1
0.33602806438980987 1
0.3362060231751005 1
0.33658942656788093 1
0.3367261174854953 1
0.3370273336425666 1
0.3371332625185984 1
0.33759048514491724 1
0.3377093508650969 1
0.33785061137545375 1
0.33803874506253523 1
0.3381461454971319 1
0.3385101350521975 1
0.3385632075309082 1
0.3388105565323326 1
0.33897297984931285 1
0.3390230324845485 1
0.33907213082781157 1
0.33924987723487227 1
0.33928480821479184 1
0.3394721288988311 1
0.34066191515588623 1
0.3418701856354266 1
0.34239009683716276 1
0.34276899003226957 1
0.3428090494100154 1
0.3429040497762829 1
0.34308967989165245 1
0.34323036327081985 1
0.3437059867614048 1
0.3437837390614272 1
0.344312195455711 1
0.3445494509796783 1
0.3448670428048837 1
0.34519236165207773 1
0.3455221733656692 1
0.34560594995525146 1
0.34643369706091365 1
0.3464689458065473 1
0.3469614986028335 1
0.3473742687354484 1
0.34740594253568247 1
0.3475041223604608 1
0.34772721052108435 1
0.3477967947893425 1
0.3478257081115771 1
0.34802322202351293 1
0.34817807276602375 1
0.34829709810123965 1
0.3483306389469276 1
0.3486689943887089 1
0.3487035313460975 1
0.3487804471494552 1
0.3495194540502623 1
0.3496151896983975 1
0.35005246171118265 1
0.3501158870328255 1
0.35146607141072883 1
0.35154984800031097 1
0.3517290189786917 1
0.3521840567938424 1
0.3524908965860677 1
0.3537999675438136 1
0.3538269136006273 1
0.3551341769079883 1
0.3553853404298239 1
0.3555319652098596 1
0.35574322896898536 1
0.35591282420602965 1
0.35684803161088524 1
0.3573330118327022 1
0.35738046214061653 1
0.35744073149737077 1
0.3574932283092497 1
0.35752734628612715 1
0.35807134185188055 1
0.35827261235351643 1
0.35847809286245247 1
0.3585445394919279 1
0.35928344664229556 1
0.35959706433205363 1
0.359726340825877 1
0.36087801664450153 1
0.361458757472434 1
0.3620470642429612 1
0.36314467147117463 1
0.3631555831191906 1
0.3633625535127976 1
0.3634171757407754 1
0.36432526061203363 1
0.36472362604509434 1
0.36488165771047404 1
0.36513224410112016 1
0.3654223142026804 1
0.36581213590755135 1
0.36633757099400244 1
0.36772048321455164 1
0.3677324437374626 1
0.36824113116251345 1
0.3684771326736625 1
0.3685952037169058 1
0.36872251440966586 1
0.36922786276116987 1
0.370412267886798 1
0.3705485581500069 1
0.3708399406646242 1
0.3714183135727302 1
0.37177890465918023 1
0.37187766161514807 1
0.3724135309688652 1
0.37242972499269855 1
0.3725111336624542 1
0.37253565386873033 1
0.37258197340788823 1
0.3726088365760102 1
0.37277444081585925 1
0.37327471916977595 1
0.3742959877258212 1
0.37452980442580225 1
0.3747416438517602 1
0.37539840558614673 1
0.3771886239191924 1
0.3773207621058125 1
0.3777364523314628 1
0.3778700640105334 1
0.3780275170803658 1
0.37853203039956296 1
0.3791346641484696 1
0.38037615770798405 1
0.38068283934953095 1
0.380991228891024 1
0.3818583819864252 1
0.38267853819151276 1
0.38282973256429065 1
0.3835375415812558 1
0.38394689638350693 1
0.38427150197809806 1
0.3851227563165878 1
0.38658699578255906 1
0.38668998623944945 1
0.3872668875889903 1
0.38819011097731243 1
0.3887056356949648 1
0.3901451968039817 1
0.39091064935675746 1
0.39206495099632604 1
0.3932425188293526 1
0.3937364617598703 1
0.3940437205326067 1
0.39690323339644346 1
0.39826341103183693 1
0.3994581675360397 1
0.40408844335671645 1
0.40444690902706726 1
0.40530134135971047 1
0.4078598739383284 1
0.40804842514156353 1
0.4099206292755543 1
0.41464346128585555 1
0.43022912880311615 1
0.43634220456906625 1
