
 0.356
 0.404
 0.320
 0.319
 0.365
 0.392
 0.332
 0.339
 0.378
 0.342
 0.368
 0.384
 0.357
 0.310
 0.372
 0.356
 0.339
 0.373
 0.305
 0.332
 0.373
 0.338
 0.338
 0.363
 0.328
 0.317
 0.390
 0.339
 0.345
 0.348
 0.394
 0.408
 0.350
 0.346
 0.337
 0.373
 0.361
 0.348
 0.382
 0.350
 0.370
 0.369
 0.387
 0.338
 0.333
 0.357
 0.366
 0.317
 0.388
 0.330
 0.336
 0.381
 0.349
 0.349
 0.373
 0.354
 0.371
 0.374
 0.362
 0.368
 0.348
 0.379
 0.358
 0.363
 0.339
 0.346
 0.366
 0.312
 0.375
 0.327
 0.368
 0.415
 0.363
 0.383
 0.309
 0.378
 0.312
 0.339
 0.319
 0.405
 0.343
 0.380
 0.355
 0.316
 0.348
 0.345
 0.365
 0.375
 0.360
 0.377
 0.347
 0.369
 0.364
 0.373
 0.373
 0.349
 0.328
 0.372
 0.361
 0.355
 0.315
 0.357
 0.363
 0.394
 0.330
 0.338
 0.358
 0.352
 0.333
 0.371
 0.313
 0.360
 0.322
 0.352
 0.372
 0.430
 0.343
 0.350
 0.342
 0.344
 0.301
 0.387
 0.329
 0.359
 0.408
 0.357
 0.343
 0.331
 0.347
 0.337
 0.404
 0.346
 0.348
 0.354
 0.358
 0.371
 0.377
 0.335
 0.347
 0.338
 0.351
 0.384
 0.350
 0.357
 0.359
 0.325
 0.358
 0.343
 0.393
 0.436
 0.375
 0.337
 0.339
 0.399
 0.381
 0.369
 0.387
 0.379
 0.307
 0.368
 0.339
 0.305
 0.385
 0.383
 0.334
 0.341
 0.384
 0.378
 0.365
 0.339
 0.336
 0.356
 0.312
 0.321
 0.348
 0.306
 0.343
 0.348
 0.352
 0.372
 0.330
 0.334
 0.391
 0.410
 0.344
 0.339
 0.332
 0.397
 0.344
 0.352
 0.398
 0.306
 0.389
 0.345
 0.348
 0.346
 0.333
 0.329
 0.365
 0.337

