
 1.980
 0.000
 3.930
 0.010
 1.980
 0.010
 0.000
 0.000
 0.010
 0.000
 1.990
 0.000
 0.000
 1.960
 2.000
 2.000
 2.000
 0.020
 0.000
 0.000
 0.000
 0.000
 0.000
 0.000
 0.020
 0.030
 3.930
 0.000
 0.000
 0.000
 0.020
 0.010
 0.020
 0.020
 0.000
 0.010
 0.000
 0.010
 0.010
 0.020
 0.000
 0.000
 0.010
 0.020
 0.010
 0.010
 1.970
 1.970
 0.530
 0.010
 0.000
 3.950
 0.020
 0.000
 1.970
 0.520
 0.000
 5.940
 1.970
 1.980
 0.000
 1.950
 0.010
 0.010
 0.010
 0.000
 0.000
 0.000
 0.010
 1.990
 1.970
 0.010
 0.000
 1.970
 0.010
 1.970
 0.020
 0.020
 0.010
 0.000
 0.010
 1.460
 0.000
 0.020
 1.970
 0.000
 0.010
 0.000
 2.000
 0.000
 1.960
 0.030
 1.970
 0.000
 0.000
 0.010
 0.000
 0.000
 0.010
 0.000
 0.000
 0.000
 3.950
 0.040
 0.000
 0.010
 0.030
 0.000
 0.010
 0.000
 0.010
 0.010
 0.000
 0.010
 3.930
 0.000
 0.000
 0.000
 0.000
 0.010
 0.020
 0.000
 0.000
 0.000
 0.000
 0.010
 0.010
 1.980
 1.970
 0.010
 0.000
 0.020
 0.020
 0.010
 0.000
 0.000
 0.010
 1.960
 1.990
 0.010
 0.030
 0.000
 0.000
 1.980
 0.000
 0.020
 0.000
 0.010
 0.010
 0.010
 1.970
 3.920
 0.010
 0.000
 3.940
 0.010
 0.020
 0.020
 0.000
 0.000
 1.960
 0.010
 1.960
 0.000
 1.990
 1.970
 0.000
 0.000
 0.020
 0.000
 0.000
 0.020
 0.010
 0.020
 0.010
 0.000
 1.970
 0.000
 0.000
 0.000
 0.010
 0.000
 0.010
 0.000
 0.000
 0.020
 0.000
 0.000
 0.000
 0.010
 0.010
 1.990
 0.030
 0.030
 0.010
 1.970
 1.960
 0.030
 1.950
 0.020
 0.000
 0.010
 0.000
 1.970
 0.010
 0.010
 0.000
 0.000
 3.960
 0.000
 0.020
 0.010
 1.480
 0.000
 1.980
 2.010
 0.010
 1.960
 0.020
 0.000
 0.020
 0.500
 0.010
 0.010
 0.000
 0.000
 0.010
 0.000
 0.020
 0.000
 3.970
 0.010
 0.010
 0.010
 3.950
 0.030
 0.000
 0.000
 1.950
 1.980
 0.010
 0.000
 0.010
 1.980
 0.000
 0.010
 1.970
 0.010
 0.000
 0.020
 0.020
 1.960
 0.030
 0.020
 5.930
 0.010
 0.010
 0.000
 0.010
 0.010
 0.000
 0.010
 0.000
 0.000
 0.010
 0.000
 0.000
 0.000
 1.960
 0.000
 0.010
 0.000
 0.020
 0.000
 0.020
 0.510
 0.000
 0.030
 0.020
 0.040
 0.000
 0.010
 0.000
 0.000
 1.950
 0.020
 1.990
 0.020
 0.010
 0.010
 0.000
 0.010
 0.000
 0.000
 0.000
 0.010
 0.020
 0.010
 0.000
 0.000
 3.940
 0.010
 0.500
 1.960
 0.020
 0.030
 0.000
 0.020
 0.020
 1.970
 0.000
 0.000
 0.000
 1.960
 0.020
 0.000
 0.000
 0.010
 0.030
 5.990
 1.970
 0.010
 0.030
 0.000
 0.000
 0.010
 0.010
 0.000
 3.950
 0.000
 0.010
 0.000
 0.000
 0.010
 0.010
 0.000
 0.010
 0.010
 0.000
 1.960
 0.030
 0.010
 0.000
 0.010
 3.920
 0.010
 0.000
 3.970
 0.010
 0.000
 0.010
 0.020
 0.000
 0.020
 0.000
 0.010
 0.000
 0.000
 0.010
 0.010
 0.010
 0.020
 1.470
 0.000
 1.970
 0.000
 0.020
 0.020
 1.970
 0.010
 1.460
 0.010
 0.000
 0.010
 0.020
 0.000
 0.000
 0.030
 0.000
 1.950
 0.010
 0.010
 0.010
 1.980
 0.020
 0.010
 0.020
 0.000
 1.470
 0.010
 0.000
 0.010
 0.000
 0.040
 0.040
 0.000
 0.020
 0.000
 0.010
 1.980

