
 0.492
 0.549
 0.484
 0.597
 0.680
 0.729
 0.729
 0.729
 0.729
 0.729
 0.729
 0.729
 0.729
 0.729
 0.729
 0.729
 0.729
 0.729
 0.729
 0.729
 0.729
 0.729
 0.729
 0.729
 0.729
 0.729
 0.729
 0.729
 0.729
 0.729
 0.729
 0.729
 0.729
 0.729
 0.729
 0.729
 0.729
 0.729
 0.729
 0.729
 0.729
 0.729
 0.729
 0.729
 0.729
 0.729
 0.729
 0.729
 0.729
 0.729
 0.729
 0.729
 0.729
 0.729
 0.729
 0.751
 0.751
 0.751
 0.751
 0.751
 0.751
 0.751
 0.751
 0.751
 0.751
 0.751
 0.751
 0.751
 0.751
 0.751
 0.751
 0.751
 0.751
 0.751
 0.751
 0.751
 0.751
 0.751
 0.751
 0.751
 0.751
 0.751
 0.751
 0.751
 0.751
 0.751
 0.751
 0.751
 0.751
 0.751
 0.751
 0.751
 0.751
 0.751
 0.751
 0.751
 0.751
 0.751
 0.751
 0.751
 0.751
 0.751
 0.751
 0.751
 0.751
 0.751
 0.751
 0.751
 0.751
 0.751
 0.751
 0.751
 0.751
 0.751
 0.751
 0.751
 0.751
 0.751
 0.751
 0.751
 0.751
 0.751
 0.751
 0.751
 0.751
 0.751
 0.751
 0.751
 0.751
 0.751
 0.751
 0.751
 0.751
 0.751
 0.751
 0.751
 0.751
 0.751
 0.751
 0.751
 0.751
 0.751
 0.751
 0.751
 0.751
 0.751
 0.751
 0.751
 0.751
 0.751
 0.751
 0.751
 0.751
 0.751
 0.751
 0.751
 0.751
 0.751
 0.751
 0.751
 0.751
 0.751
 0.751
 0.751
 0.751
 0.751
 0.751
 0.751
 0.751
 0.751
 0.751
 0.751
 0.751
 0.751
 0.751
 0.751
 0.751
 0.751
 0.751
 0.751
 0.751
 0.751
 0.751
 0.751
 0.751
 0.751
 0.751
 0.751
 0.751
 0.751
 0.751
 0.751
 0.751
 0.751
 0.751
 0.751
 0.751
 0.751
 0.751
 0.751

