
 0.487
 0.463
 0.446
 0.451
 0.398
 0.459
 0.452
 0.433
 0.488
 0.486
 0.483
 0.473
 0.411
 0.446
 0.474
 0.522
 0.484
 0.467
 0.474
 0.467
 0.455
 0.478
 0.424
 0.467
 0.462
 0.478
 0.452
 0.482
 0.451
 0.443
 0.450
 0.449
 0.474
 0.494
 0.492
 0.484
 0.440
 0.430
 0.489
 0.396
 0.420
 0.464
 0.451
 0.455
 0.456
 0.480
 0.488
 0.428
 0.439
 0.474
 0.469
 0.482
 0.461
 0.465
 0.476
 0.452
 0.445
 0.442
 0.466
 0.453
 0.422
 0.450
 0.451
 0.475
 0.436
 0.507
 0.470
 0.430
 0.467
 0.482
 0.413
 0.457
 0.477
 0.420
 0.456
 0.494
 0.440
 0.449
 0.489
 0.462
 0.498
 0.496
 0.456
 0.456
 0.453
 0.456
 0.467
 0.457
 0.495
 0.470
 0.459
 0.452
 0.464
 0.401
 0.426
 0.498
 0.414
 0.432
 0.474
 0.459
 0.462
 0.489
 0.473
 0.432
 0.529
 0.410
 0.438
 0.422
 0.449
 0.458
 0.446
 0.478
 0.429
 0.450
 0.497
 0.484
 0.452
 0.451
 0.482
 0.464
 0.460
 0.446
 0.507
 0.417
 0.460
 0.445
 0.435
 0.472
 0.459
 0.481
 0.468
 0.478
 0.450
 0.427
 0.479
 0.477
 0.419
 0.436
 0.395
 0.513
 0.439
 0.484
 0.448
 0.441
 0.468
 0.445
 0.445
 0.460
 0.440
 0.432
 0.518
 0.465
 0.458
 0.459
 0.460
 0.460
 0.437
 0.463
 0.472
 0.433
 0.444
 0.424
 0.467
 0.504
 0.495
 0.437
 0.433
 0.492
 0.419
 0.460
 0.425
 0.441
 0.430
 0.480
 0.463
 0.429
 0.458
 0.436
 0.466
 0.517
 0.397
 0.446
 0.468
 0.447
 0.469
 0.475
 0.442
 0.464
 0.487
 0.450
 0.485
 0.506
 0.468
 0.470
 0.470
 0.435
 0.437
 0.451
 0.452
 0.472

