
 0.465
 0.590
 0.633
 0.633
 0.633
 0.641
 0.641
 0.641
 0.641
 0.641
 0.641
 0.641
 0.641
 0.641
 0.641
 0.641
 0.641
 0.641
 0.641
 0.641
 0.641
 0.641
 0.641
 0.641
 0.641
 0.641
 0.641
 0.641
 0.641
 0.641
 0.641
 0.641
 0.641
 0.641
 0.641
 0.641
 0.641
 0.641
 0.641
 0.641
 0.641
 0.641
 0.641
 0.641
 0.641
 0.641
 0.641
 0.641
 0.641
 0.641
 0.641
 0.641
 0.641
 0.641
 0.641
 0.641
 0.641
 0.641
 0.641
 0.641
 0.641
 0.641
 0.641
 0.641
 0.641
 0.641
 0.641
 0.641
 0.641
 0.641
 0.641
 0.641
 0.641
 0.641
 0.641
 0.641
 0.641
 0.641
 0.641
 0.641
 0.641
 0.641
 0.641
 0.641
 0.641
 0.641
 0.641
 0.641
 0.641
 0.641
 0.641
 0.641
 0.641
 0.641
 0.641
 0.641
 0.641
 0.641
 0.641
 0.641
 0.641
 0.641
 0.641
 0.641
 0.641
 0.641
 0.641
 0.641
 0.641
 0.641
 0.641
 0.641
 0.641
 0.641
 0.641
 0.641
 0.641
 0.641
 0.641
 0.641
 0.641
 0.641
 0.641
 0.641
 0.641
 0.641
 0.641
 0.641
 0.641
 0.641
 0.641
 0.641
 0.641
 0.641
 0.641
 0.641
 0.641
 0.641
 0.641
 0.641
 0.641
 0.641
 0.641
 0.641
 0.641
 0.641
 0.641
 0.641
 0.641
 0.641
 0.641
 0.641
 0.641
 0.641
 0.641
 0.641
 0.641
 0.641
 0.641
 0.641
 0.641
 0.641
 0.641
 0.641
 0.641
 0.641
 0.641
 0.641
 0.641
 0.641
 0.641
 0.641
 0.641
 0.641
 0.641
 0.641
 0.641
 0.641
 0.641
 0.641
 0.641
 0.641
 0.641
 0.641
 0.641
 0.641
 0.641
 0.641
 0.641
 0.641
 0.641
 0.641
 0.641
 0.641
 0.641
 0.641
 0.641
 0.641
 0.641
 0.641

