0.3967119619940606 1
0.39990362075806585 1
0.40015709606161187 1
0.40368436261476204 1
0.40701015425027526 1
0.40701211388026126 1
0.4075978591759981 1
0.4078705626783928 1
0.41006476703919625 1
0.4110836977565823 1
0.41147320259801107 1
0.4116503613423045 1
0.4123379022966728 1
0.41362982500180334 1
0.41392153696979533 1
0.4141573190111007 1
0.41478522023125586 1
0.4148629882018933 1
0.4159377023571318 1
0.4162303575179086 1
0.4162924651007085 1
0.4171522920658083 1
0.4174889265729606 1
0.4178178484873915 1
0.418542091169598 1
0.4186208755774372 1
0.4189908637346674 1
0.41917086233812056 1
0.41924732538620696 1
0.41924826857899133 1
0.41942390266748264 1
0.4198144971905299 1
0.4199906394976219 1
0.42003032757345343 1
0.4203435158556297 1
0.42079512827985865 1
0.42085149318072884 1
0.4219127950634655 1
0.4226527713779265 1
0.42271342754934155 1
0.4227907605457952 1
0.4229082165922646 1
0.4229092330294659 1
0.4232419379958403 1
0.42334176374368016 1
0.4234940351324184 1
0.42361294259027266 1
0.4238082398517962 1
0.4238850646296494 1
0.4240822482767421 1
0.42422023744461074 1
0.4242202374446108 2
0.42519802867478007 1
0.42521950498896444 1
0.42527870974899395 1
0.4254343189346863 1
0.42551078198277287 1
0.42553029866697123 1
0.4257676053640788 1
0.4261982496927243 1
0.4263343421942182 1
0.4268051095728786 1
0.4268829507879333 1
0.42695977556578635 1
0.42723618887570775 1
0.42764912966130664 1
0.4282531496823017 1
0.4283891792201846 1
0.42839019565738634 1
0.4284884967494236 1
0.42893916598086795 1
0.42907715514873673 1
0.42915593955657577 1
0.42937031852811414 1
0.4294075284745527 1
0.42954551764242155 1
0.4296032607102602 1
0.4298386810217989 1
0.43020917739763026 1
0.43066420086323043 1
0.43078114869109846 1
0.430818866856138 1
0.43103324582767605 1
0.43105232753769096 1
0.43142376710630637 1
0.4314443002277064 1
0.43154165812695916 1
0.4315817811769743 1
0.431679647294828 1
0.4318749445563517 1
0.43199327055118814 1
0.4319942869883896 1
0.4321680346913119 1
0.43230696705196503 1
0.43248369082207505 1
0.4327563210800525 1
0.43283365407650654 1
0.4328737038821046 1
0.43291382693211955 1
0.43330391323656614 1
0.43330529140353435 1
0.43336354268997385 1
0.43354216312645816 1
0.43418572473445094 1
0.4345380928738578 1
0.43461586084449544 1
0.43461636906309614 1
0.4347338251095651 1
0.4347930195887891 1
0.43506369021678054 1
0.43514625767656345 1
0.43518158123743333 1
0.43532007862390265 1
0.4354394943003576 1
0.43545806779177154 1
0.4354791091317721 1
0.435496220930995 1
0.43557261073466413 1
0.43582950736038734 1
0.43587057360318704 1
0.4358877586468266 1
0.43641626909332554 1
0.43645827852890967 1
0.4368469866663882 1
0.43684792985917265 1
0.4369658208798253 1
0.43706368699767884 1
0.4372598542075699 1
0.43739791661985583 1
0.4375525826127636 1
0.43755309083136446 1
0.4377493312856726 1
0.43800325184420785 1
0.438082544470648 1
0.4391782267214701 1
0.43927507640212204 1
0.43927805246930973 1
0.43931432950376975 1
0.4396069846645464 1
0.4398609681866931 1
0.44045100475297466 1
0.44050736965384496 1
0.44052841099384543 1
0.4413720693525069 1
0.44152811351238264 1
0.4420352208891145 1
0.44213504663695424 1
0.4424462752891449 1
0.4430545133362673 1
0.4430746114834833 1
0.44311415307048074 1
0.443464189569329 1
0.4437019312406207 1
0.4444839169906655 1
0.44448442520926634 1
0.44467870603358833 1
0.445070751968021 1
0.4459721636753268 1
0.446226582171657 1
0.44654078689103505 1
0.4468897337082651 1
0.4469312349252483 1
0.4469498816610792 1
0.4474006138561347 1
0.44747933530036244 1
0.44769516568328627 1
0.44783031499199555 1
0.44789140613759426 1
0.44808713837330166 1
0.44816541456253994 1
0.4485760339883861 1
0.448828131124964 1
0.4517872724002008 1
0.4518460421860469 1
0.4519256965422535 1
0.4520226194673227 1
0.45233442958253095 1
0.45297936935749156 1
0.454447009676336 1
0.4544480261135373 1
0.45621115117151184 1
0.4566996118124127 1
0.4573269315695502 1
0.4582479229246653 1
0.458483269991787 1
0.4594609879775394 1
0.46022498169918846 1
0.46057727659417835 1
0.4611043356292921 1
0.46343470573600654 1
0.46380861315320926 1
0.46556883538841304 1
0.4658028042885665 1
0.46668701039062077 1
0.46676340019429025 1
0.46692141426495815 1
0.46971963864675687 1
0.4741631703102943 1
0.47608242305336745 1
