0.3954083211761858 1
0.4052940661568433 1
0.40637684447326144 1
0.41273937103583075 1
0.41347580799117906 1
0.41584851281472607 1
0.4161576157656903 1
0.4177625177499648 1
0.42431687163361154 1
0.42450885331688865 1
0.42506808282260794 1
0.42530187221535437 1
0.42572896305656643 1
0.42673811027076153 1
0.4272591052056136 1
0.42797667688776786 1
0.42899308197965597 1
0.4289952270586185 1
0.43085468658177406 1
0.43107961365437725 1
0.43369658608922734 1
0.4343432851666773 1
0.4346418494794022 1
0.4352516185244809 1
0.4354071993158668 1
0.435863196738427 1
0.43744365781324257 1
0.4378593836982931 1
0.4393332407430075 1
0.440338996836666 1
0.4413026518797198 1
0.44170267465218055 1
0.442022439527038 1
0.44228334196998453 1
0.4423656386518156 1
0.44247482938099053 1
0.44255093625485037 1
0.44290217226249035 1
0.4431067388159688 1
0.4435321422708411 1
0.44388579627096886 1
0.44473421914370315 1
0.4447356984294232 1
0.4447620655096861 1
0.44488707628400226 1
0.44565512983020156 1
0.4469881269269411 1
0.44727464330829625 1
0.4479889964974422 1
0.44931237410960606 1
0.44954194488421556 1
0.4495439162944061 1
0.4500381732763811 1
0.45005400037098847 1
0.4502101861907034 1
0.4510826436075808 1
0.45117340763707964 1
0.4514445561851862 1
0.45156014980764597 1
0.4523142716157515 1
0.4532229665404296 1
0.4534587237969244 1
0.45360256514301717 1
0.4540727387024735 1
0.45574822112756247 1
0.45609073255748533 1
0.4562437706519127 1
0.4564032052675769 1
0.45654801744046564 1
0.4566568180217409 1
0.45811718958398734 1
0.45817975101530045 1
0.4581914295670775 1
0.4588334314594205 1
0.4588611262918739 1
0.4609252582025827 1
0.4611829501624036 1
0.4613699083636639 1
0.4617391085332923 1
0.46218116351199284 1
0.4623269784525628 1
0.4623716561052025 1
0.4630648887179633 1
0.46308678986852997 1
0.46312718790347623 1
0.463205553624081 1
0.46330508226613104 1
0.4634994952854861 1
0.46408460693586334 1
0.46438535191467195 1
0.464756171513546 1
0.4647723341042709 1
0.46489177670507403 1
0.4657782946027729 1
0.4660665212319754 1
0.46661837828002894 1
0.466626784180712 1
0.468993737143559 1
0.46943512167549933 1
0.46944029808408716 1
0.47007895939301103 1
0.47035631301799513 1
0.47065989686661025 1
0.4708691469745277 1
0.4713029184598057 1
0.47162919325125074 1
0.4717277721048304 1
0.4724050648191049 1
0.4727139318675331 1
0.47296652727090616 1
0.47304829512014657 1
0.4730706488061145 1
0.47396946591567113 1
0.47431031694962994 1
0.474727358559824 1
0.4750378788862919 1
0.4754985554789781 1
0.4757710680353203 1
0.4760332822222694 1
0.4761683964367843 1
0.4763621565800028 1
0.4768744646154613 1
0.47847170635913594 1
0.478889979643324 1
0.4789175036713367 1
0.479192466447482 1
0.4795100767388651 1
0.4795276092874418 1
0.48007740553847633 1
0.4802940556683845 1
0.48061932792303286 1
0.4812933960963715 1
0.48153028900843564 1
0.48168766345833225 1
0.481982001426804 1
0.48210254386858337 1
0.4832083006593988 1
0.48377214458918927 1
0.4840694376612679 1
0.48529884808117935 1
0.4855461555161265 1
0.48556110069568625 1
0.4857496228712319 1
0.48608039349659465 1
0.4860843934736949 1
0.48620635191493883 1
0.4864322130881228 1
0.48646444551649837 1
0.4867994450417765 1
0.48730064909862264 1
0.4875352963648213 1
0.48881739504814115 1
0.4888540948956912 1
0.4889669881846332 1
0.48907205841369794 1
0.490026421058859 1
0.4907915959693808 1
0.4913117675310869 1
0.4914086610291456 1
0.4919982811582795 1
0.49317752328095255 1
0.49352082772893013 1
0.4935672581957586 1
0.49390749938513195 1
0.49404300643787297 1
0.49483296091446716 1
0.49531887067972336 1
0.49566457254298596 1
0.49610389143076816 1
0.4961339870990087 1
0.4968893707455299 1
0.49760571638819756 1
0.49763566140245713 1
0.4983231924540988 1
0.498566526969669 1
0.49941976348207584 1
0.5010894265319725 1
0.5012423333503316 1
0.5024139953084739 1
0.5033007333315908 1
0.5043398006321951 1
0.5056456322223959 1
0.5064187483532091 1
0.5064343447430322 1
0.5079026674587602 1
0.508283696070245 1
0.5088730122928847 1
0.5093152913707886 1
0.5100356538412152 1
0.5106319324363097 1
0.5122651870476574 1
0.5127477474034734 1
0.5134726797959129 1
0.5149054493584996 1
0.5165652488084969 1
0.5235524220248357 1
0.525236828307743 1
0.5264483034228253 1
0.5276368604414615 1
0.5299949569661535 1
