
 0.479
 0.434
 0.458
 0.481
 0.434
 0.436
 0.484
 0.467
 0.441
 0.494
 0.442
 0.442
 0.495
 0.486
 0.431
 0.444
 0.450
 0.450
 0.499
 0.497
 0.451
 0.444
 0.469
 0.482
 0.463
 0.513
 0.475
 0.469
 0.482
 0.405
 0.506
 0.395
 0.496
 0.489
 0.458
 0.501
 0.445
 0.463
 0.471
 0.498
 0.453
 0.462
 0.486
 0.456
 0.476
 0.456
 0.439
 0.473
 0.525
 0.499
 0.490
 0.498
 0.461
 0.486
 0.485
 0.470
 0.416
 0.425
 0.486
 0.526
 0.435
 0.475
 0.480
 0.446
 0.451
 0.483
 0.457
 0.480
 0.450
 0.442
 0.496
 0.445
 0.463
 0.465
 0.489
 0.413
 0.498
 0.462
 0.450
 0.482
 0.486
 0.473
 0.471
 0.475
 0.431
 0.491
 0.489
 0.496
 0.467
 0.443
 0.476
 0.456
 0.480
 0.506
 0.462
 0.493
 0.426
 0.482
 0.476
 0.528
 0.489
 0.424
 0.445
 0.495
 0.481
 0.464
 0.452
 0.524
 0.472
 0.479
 0.508
 0.435
 0.488
 0.461
 0.471
 0.447
 0.487
 0.457
 0.450
 0.449
 0.515
 0.511
 0.501
 0.463
 0.470
 0.456
 0.454
 0.406
 0.454
 0.466
 0.509
 0.452
 0.476
 0.459
 0.462
 0.486
 0.530
 0.503
 0.484
 0.466
 0.459
 0.427
 0.435
 0.512
 0.480
 0.445
 0.474
 0.487
 0.429
 0.453
 0.463
 0.440
 0.447
 0.473
 0.425
 0.506
 0.479
 0.494
 0.494
 0.513
 0.427
 0.508
 0.443
 0.478
 0.477
 0.472
 0.491
 0.413
 0.464
 0.486
 0.517
 0.451
 0.486
 0.465
 0.502
 0.473
 0.492
 0.472
 0.510
 0.437
 0.494
 0.491
 0.443
 0.504
 0.474
 0.465
 0.509
 0.458
 0.469
 0.428
 0.425
 0.416
 0.429
 0.418
 0.442
 0.442
 0.463
 0.448
 0.438
 0.461

