0.43552576505531926 1
0.4461864368714364 1
0.4510682687149829 1
0.45263229147655326 1
0.45305111244189705 1
0.45449884805797064 1
0.4551152879863829 1
0.4564831567978049 1
0.45915204508032287 1
0.46080094349717515 1
0.46235654188950126 1
0.4646840666351102 1
0.4646908166848883 1
0.4659855381006961 1
0.46709839886109505 1
0.4677991725909378 1
0.4679630461098801 1
0.46824759842376046 1
0.4684716202546855 1
0.46872914612466615 1
0.4692018949293009 1
0.47010399852867574 1
0.4706385115204308 1
0.47294482406693567 1
0.47313706510119036 1
0.4735639472100031 1
0.47419321875938836 1
0.4753085050544058 1
0.47574288043746144 1
0.4766795999302624 1
0.47716858924997463 1
0.47750278687708025 1
0.47800869576001837 1
0.47826207747193483 1
0.4790897468210825 1
0.47933627114277405 1
0.4794366603907554 1
0.4794989298881799 1
0.4797651791358906 1
0.48013682582271755 1
0.48041110924639957 1
0.4805970164187163 1
0.48106677632314293 1
0.481090198316085 1
0.4811604395169279 1
0.4811962463759222 1
0.48149800318149916 1
0.48157056805197235 1
0.48184161383023005 1
0.4830905536282504 1
0.48325582121310356 1
0.4835706033758568 1
0.48369342792133674 1
0.4850941415729676 1
0.48590591303334013 1
0.4859214423420969 1
0.48649522445870125 1
0.4875221770748799 1
0.4880687967854252 1
0.48810092969257113 1
0.4883042638139141 1
0.4883704219765522 1
0.48837468325815714 1
0.4887174303005991 1
0.4894251480285725 1
0.49103575951226647 1
0.49142944826635093 1
0.492333254368769 1
0.49236232759578624 1
0.4930232678813738 1
0.49415937287763745 1
0.49492210981911244 1
0.49677418674416407 1
0.4973945391392758 1
0.49756866289141294 1
0.49760653368917124 1
0.4978804892741319 1
0.49789679026112177 1
0.49791326745262915 1
0.49804231614819783 1
0.49815759135976384 1
0.4981625514500021 1
0.4987779300869517 1
0.4989222456631214 1
0.49893520559848314 1
0.4992216830117037 1
0.49932206571823096 1
0.4996599081215063 1
0.5005042169176158 1
0.5013172149892269 1
0.5016862410821171 1
0.5024234968414083 1
0.5025316771242836 1
0.5026805246274897 1
0.5027128344732676 1
0.5029852563063583 1
0.5030032153915784 1
0.5034588400388963 1
0.5043763672953504 1
0.5047117372376712 1
0.5050125521385012 1
0.5050468284687554 1
0.5059087382194495 1
0.5061975824520475 1
0.5062470196880835 1
0.5076667837736473 1
0.5076746908780746 1
0.5077908868673966 1
0.5081969574433898 1
0.5084492403933318 1
0.5085078587497494 1
0.508528381719672 1
0.5097280974076778 1
0.5099749164222555 1
0.5104618995493247 1
0.5104683967903645 1
0.5105827988682998 1
0.5106921174007101 1
0.5110816513149585 1
0.5122004540655144 1
0.5127036939453307 1
0.513754929203179 1
0.5139485324931596 1
0.5140166124180847 1
0.514488412042531 1
0.5146367080687928 1
0.5154247354765334 1
0.5157545447272273 1
0.5158111498940837 1
0.5158577801649785 1
0.5160398620673571 1
0.5161585091079501 1
0.5167061244853265 1
0.5168859132144733 1
0.5173720815731043 1
0.5174812145921104 1
0.5181486988618424 1
0.5182238812991632 1
0.5183389197297714 1
0.5185272017026307 1
0.520223647449762 1
0.520836319486084 1
0.5211563180716987 1
0.52178542818945 1
0.5221321499048811 1
0.522496491396838 1
0.5227000206577022 1
0.522751753921338 1
0.5234064342400468 1
0.5236160416870118 1
0.524475847568824 1
0.5247673505603818 1
0.5252672804799401 1
0.5253208714437182 1
0.5259812919194544 1
0.526053975533305 1
0.5264006950583752 1
0.526966499070178 1
0.526989072122332 1
0.5272780513367057 1
0.5274627870317325 1
0.5275046435251317 1
0.5277885787408448 1
0.5294744992177115 1
0.5294986878841341 1
0.5315193549666415 1
0.5319658690065725 1
0.5331304283525512 1
0.5331992371914217 1
0.5333579771408176 1
0.534288870454955 1
0.5343965078804344 1
0.5345319169630008 1
0.5353405330890019 1
0.5361017230499358 1
0.5364326674228318 1
0.5380036382806896 1
0.5413139949994156 1
0.5422436005033416 1
0.5427967332491453 1
0.5438661708613545 1
0.5449780825967947 1
0.5464861934826708 1
0.5465153029496076 1
0.5466178144822306 1
0.5481135608497315 1
0.5489727090398749 1
0.5510165870462105 1
0.5531658049389265 1
0.5533196561286591 1
0.5536272932318542 1
0.553712373140105 1
0.5568363250007359 1
0.5579654581449794 1
0.5593754425067439 1
0.5665781694773502 1
0.5674990852171594 1
0.5727753570434955 1
0.5871693993912767 1
0.5895448283061555 1
