0.45786288388910223 1
0.46093533620758903 1
0.47571218443577656 1
0.48456699491876953 1
0.4860774986864596 1
0.4861752629895545 1
0.49767107913740366 1
0.5000230017375773 1
0.5011352055850115 1
0.5031268287401761 1
0.5055793874401273 1
0.5056862170494355 1
0.5083665874464638 1
0.508415379862123 1
0.5091769893971086 1
0.5092341245983029 1
0.5094822012785322 1
0.5105989789862955 1
0.5119920131731428 1
0.5137951671807685 1
0.5139060477561062 1
0.5141102251449143 1
0.5141998091993476 1
0.5153785626165782 1
0.5156168136316803 1
0.5160121377032096 1
0.516140856584937 1
0.516860943484458 1
0.5184541463522434 1
0.5191092601496566 1
0.5199614598092934 1
0.5205134449654975 1
0.5211261877156117 1
0.521399147436979 1
0.5218336204908957 1
0.5219417002454594 1
0.5219575849167095 1
0.5221177780334696 1
0.5222541152550256 1
0.5228645815361835 1
0.5228980725052893 1
0.5257644813961027 1
0.5257978637441875 1
0.5262723231582701 1
0.5263943370908257 1
0.5303196402046058 1
0.5308906144771374 1
0.5309107069046536 1
0.5309148505447371 1
0.5316761491413582 1
0.5316810471111889 1
0.5316857892765252 1
0.5327243553500116 1
0.5329395227521647 1
0.5331233440421823 1
0.5337592686117066 1
0.5339056984480003 1
0.5342017904717844 1
0.5345745715556945 1
0.5347086693784011 1
0.5348517705132726 1
0.5350146794636745 1
0.5351035130751993 1
0.5353036362053233 1
0.5358540229308324 1
0.5360073807237202 1
0.5363460340899869 1
0.536358522114519 1
0.5365371936687037 1
0.536785314791397 1
0.5368186633008671 1
0.5370993478716573 1
0.5371687451322718 1
0.5372904834055336 1
0.5380857917221964 1
0.5389107114755648 1
0.540510849010016 1
0.541007852868465 1
0.541443302861474 1
0.5416652857503644 1
0.5422058439950495 1
0.5425688529758446 1
0.5430135927295577 1
0.5435542293153662 1
0.5435620422455737 1
0.5443448636276965 1
0.5450381942696727 1
0.5451131234313309 1
0.5452852512584463 1
0.5461199909882197 1
0.5473158715300621 1
0.5473309482587667 1
0.5474976105116162 1
0.5482984752533362 1
0.5490893549158605 1
0.5491147561769689 1
0.5499822031368607 1
0.550014539984557 1
0.5502261849571078 1
0.5511681771462145 1
0.5512289845937296 1
0.5515752436668648 1
0.5525298369208794 1
0.5532079842206126 1
0.5533092262011743 1
0.553356916173535 1
0.5540310436621322 1
0.5541220681527043 1
0.5543706141852577 1
0.5549304866544671 1
0.5549850312818482 1
0.5553442639280076 1
0.5560012092705238 1
0.5563108954855089 1
0.5567081178523848 1
0.5576315994409766 1
0.558027346672131 1
0.5589387319894207 1
0.5590392056542453 1
0.5595225854944953 1
0.5596430313256211 1
0.5597964824018529 1
0.5599111675917967 1
0.5600694840164298 1
0.560158984698672 1
0.5607140369460507 1
0.561568960130696 1
0.5620939067011317 1
0.562199063759039 1
0.5625345448161697 1
0.5628447578834563 1
0.5632614874900626 1
0.5638295777956358 1
0.564067897028566 1
0.5647571212665774 1
0.5654507112897127 1
0.5654617175451492 1
0.5655897192129672 1
0.565682819819692 1
0.5658872322755307 1
0.5674613837681464 1
0.5677930332662514 1
0.5683042879164887 1
0.5685193456272417 1
0.5686270805326474 1
0.5687852863366267 1
0.5697064248401075 1
0.569832487582382 1
0.5701029091272725 1
0.5706499095555835 1
0.571133939565525 1
0.571468524988095 1
0.5716624722759264 1
0.5723951887872861 1
0.5730711800724559 1
0.5731366521236807 1
0.5732393479214789 1
0.5736490573692916 1
0.5745151962619808 1
0.5748599669428835 1
0.5749861940896619 1
0.5764482212707395 1
0.5765482776397833 1
0.5767490218338807 1
0.5770090290765365 1
0.5770542623136289 1
0.577153377467678 1
0.57720646269658 1
0.5772651132954583 1
0.5774969000472248 1
0.5781190134070558 1
0.5781628725684489 1
0.5785557119420672 1
0.5800931795320873 1
0.5816218219857032 1
0.5817731605533512 1
0.5818604964991254 1
0.5823299369916782 1
0.5824352480354854 1
0.5825610414241318 1
0.5830308761325458 1
0.5830475645541475 1
0.5843228927005069 1
0.5848410738477523 1
0.5879548816963017 1
0.5892497936856421 1
0.5923854431226492 1
0.5925565576664727 1
0.5927827584190553 1
0.5944951986425784 1
0.594843252874803 1
0.5975608586247235 1
0.598124287515444 1
0.5983552604798266 1
0.5993668486302369 1
0.6002522432027092 1
0.6028373693761911 1
0.6041747233139217 1
0.6144704216590192 1
0.6254859233199228 1
