15 0.06284158916084037
0 0.29328386764321024
1 0.6439051837190074
11 0.7594333364748338
34 0.41488782953796344
39 0.6136405762716206
44 0.549079387883338
18 0.3203488377590876
24 0.8191207080188077
30 0.3907264653305125
35 0.46672928200231434
41 0.15440192123205154
36 0.49933797927352264
33 0.7926746292402892
22 0.836386283748149
2 0.13148542723634382
26 0.8230189694221293
3 0.044322495298320774
12 0.3776033687763187
27 0.8862327208372983
13 0.9825508364880637
19 0.6868617720074339
31 0.2954567235885156
25 0.4712023612648105
28 0.9306025511766974
20 0.43685347155695586
47 0.07724900717321448
21 0.5300682629226333
4 0.6538169264793785
5 0.9988889334281149
6 0.903006779380618
45 0.129674907488743
32 0.27994828211025047
42 0.26676539831320645
43 0.5740436535965451
7 0.3608575905977094
46 0.8421821630693141
49 0.6687770123762815
8 0.11920800086554695
23 0.7436696382162192
48 0.802655737479844
29 0.18715928391666448
37 0.6882043837022133
9 0.7264747322099948
14 0.9545238932483077
40 0.697824710489714
16 0.822070693189287
17 0.9271467647097932
10 0.4708958404656953
38 0.21362996956577773
