
 0.422
 0.519
 0.549
 0.556
 0.566
 0.564
 0.571
 0.575
 0.575
 0.575
 0.575
 0.575
 0.575
 0.575
 0.575
 0.575
 0.575
 0.575
 0.575
 0.575
 0.575
 0.575
 0.575
 0.575
 0.575
 0.575
 0.575
 0.575
 0.575
 0.575
 0.575
 0.575
 0.575
 0.575
 0.575
 0.575
 0.575
 0.575
 0.575
 0.575
 0.575
 0.575
 0.575
 0.575
 0.575
 0.575
 0.575
 0.575
 0.575
 0.575
 0.575
 0.575
 0.575
 0.575
 0.575
 0.575
 0.575
 0.575
 0.575
 0.575
 0.575
 0.575
 0.575
 0.575
 0.575
 0.575
 0.575
 0.575
 0.575
 0.575
 0.575
 0.575
 0.575
 0.575
 0.575
 0.575
 0.575
 0.575
 0.575
 0.575
 0.575
 0.575
 0.575
 0.575
 0.575
 0.575
 0.575
 0.575
 0.575
 0.575
 0.575
 0.575
 0.575
 0.575
 0.575
 0.575
 0.575
 0.575
 0.575
 0.575
 0.575
 0.575
 0.575
 0.575
 0.575
 0.575
 0.575
 0.575
 0.575
 0.575
 0.575
 0.575
 0.575
 0.575
 0.575
 0.575
 0.575
 0.575
 0.575
 0.575
 0.575
 0.575
 0.575
 0.575
 0.575
 0.575
 0.575
 0.575
 0.575
 0.575
 0.575
 0.575
 0.575
 0.575
 0.575
 0.575
 0.575
 0.575
 0.575
 0.575
 0.575
 0.575
 0.575
 0.575
 0.575
 0.575
 0.575
 0.575
 0.575
 0.575
 0.575
 0.575
 0.575
 0.575
 0.575
 0.575
 0.575
 0.575
 0.575
 0.575
 0.575
 0.575
 0.575
 0.575
 0.575
 0.575
 0.575
 0.575
 0.575
 0.575
 0.575
 0.575
 0.575
 0.575
 0.575
 0.575
 0.575
 0.575
 0.575
 0.575
 0.575
 0.575
 0.575
 0.575
 0.575
 0.575
 0.575
 0.575
 0.575
 0.575
 0.575
 0.575
 0.575
 0.575
 0.575
 0.575
 0.575
 0.575
 0.575
 0.575

