0.4191305558594092 1
0.4203662586762147 1
0.4214830962375307 1
0.4242892206549131 1
0.4245495344847416 1
0.4304380935510091 1
0.431211492981504 1
0.4322013624385569 1
0.4335544602909135 1
0.4363931351471661 1
0.43881238700276015 1
0.4393511933335003 1
0.4437444034768664 1
0.4442667326168548 1
0.4443007377052931 1
0.44450548819637814 1
0.44484494959535786 1
0.44615420134506856 1
0.44823217204923244 1
0.4482634477522013 1
0.4484995353925513 1
0.44960547463983763 1
0.45025458310495436 1
0.45100110462429155 1
0.45311051128333046 1
0.45396040577180846 1
0.45416683599545543 1
0.4543594699641289 1
0.4555081651728309 1
0.45593587615675496 1
0.4572521127057879 1
0.4577487645708582 1
0.45874243080896776 1
0.4593769061352366 1
0.46077744434617246 1
0.4608037546260755 1
0.461314091155039 1
0.4619767596769007 1
0.46349026568011614 1
0.46399152887037354 1
0.4642147056230373 1
0.4646862959321464 1
0.4654994459859656 1
0.465965256937383 1
0.4662724780592664 1
0.46631959702879977 1
0.4680072828692891 1
0.468035161280472 1
0.468340472075569 1
0.46873915527837295 1
0.4696908073970107 1
0.46982655002943247 1
0.4701014032636067 1
0.4704889798353959 1
0.4711390966727912 1
0.4716415449737926 1
0.47207432165891916 1
0.4721539531113479 1
0.47244626429045816 1
0.4736189252701738 1
0.4741634157123443 1
0.4744524010383113 1
0.4750912831486145 1
0.4755244957805223 1
0.4759297578977635 1
0.4763405871887525 1
0.4771551651422597 1
0.4771756426919395 1
0.47717722987459593 1
0.47952950621977175 1
0.479820738475983 1
0.48008920949587386 1
0.48072882746692536 1
0.4811522219492294 1
0.4812875068717644 1
0.48296984028555506 1
0.48332075163347843 1
0.48364685359532744 1
0.4837141548813364 1
0.48513411873243256 1
0.4851658699008319 1
0.4854675123520049 1
0.48547422343659263 1
0.4856427925213093 1
0.4860536140541764 1
0.486124894123731 1
0.48624000636279974 1
0.4864336450807232 1
0.4866712467634832 1
0.48684052833050606 1
0.48768797277212195 1
0.4877271110894958 1
0.48817412550379197 1
0.48865164777617187 1
0.48901225409988053 1
0.48904867417280456 1
0.4890579130529201 1
0.4895943469824619 1
0.4897451085512139 1
0.4908303803182056 1
0.4911783195641158 1
0.49155924346418073 1
0.49156074039663217 1
0.4918914356617002 1
0.4920325840193439 1
0.4932126004965274 1
0.4933168715367921 1
0.49338563436978944 1
0.49485697977043436 1
0.49490900479517735 1
0.4952710953874395 1
0.4957326118714635 1
0.4957951251133248 1
0.49596059303666834 1
0.4962408416316585 1
0.4969910044137591 1
0.49699187105712583 1
0.497830959954726 1
0.49795007450899115 1
0.4981811327761706 1
0.4982189364268303 1
0.4984324860652049 1
0.49858441046227187 1
0.49861379783197834 1
0.49897557600120857 1
0.4991298548361344 1
0.4997879227298615 1
0.49990185384075003 1
0.5001295133804041 1
0.500597146206568 1
0.5009886503939092 1
0.5010550116905341 1
0.5011451134990718 1
0.5011509650593199 1
0.5012938088028939 1
0.5015452943486253 1
0.5024363801267231 1
0.5034065586694008 1
0.5036749831597227 1
0.5039390039002181 1
0.5042229042115607 1
0.5043172239396355 1
0.5044393454046342 1
0.5045301457047848 1
0.5045466268830929 1
0.504706395015796 1
0.5050522125890636 1
0.5057116911852655 1
0.5057811423006515 1
0.5058935193871966 1
0.5072469171853115 1
0.5079349220651752 1
0.5080571926459035 1
0.5085176969294218 1
0.5086374938934604 1
0.5087027651773358 1
0.5091779769476843 1
0.5095195264124854 1
0.5095331073048921 1
0.5095363358074908 1
0.5101682127284701 1
0.5103402449196077 1
0.511043255746037 1
0.511053956074863 1
0.5111146484026299 1
0.5111356588393066 1
0.5121571609781037 1
0.5129962398977833 1
0.5131152587281863 1
0.5135306887269553 1
0.5143162192569545 1
0.5147071727512547 1
0.5147823994858111 1
0.5162961031534263 1
0.5163855229943589 1
0.5172543041565855 1
0.5176766549090172 1
0.5189754325948513 1
0.5199669469689782 1
0.5206022308928709 1
0.5214529446685121 1
0.5215246870970222 1
0.5254427012079995 1
0.5256472919780532 1
0.5261185275368355 1
0.5263660576482512 1
0.5275612265048977 1
0.5298689826926919 1
0.5315777729868798 1
0.5338724498166044 1
0.5341647780665034 1
0.5344159766441247 1
0.5353616062136956 1
0.5396485870075584 1
0.5408833314059514 1
0.5460735910810005 1
0.5515265307505198 1
0.5527066236580829 1
0.5534522734454554 1
0.5584567045398834 1
