0.422569154111892 1
0.423163322542312 1
0.4303319928347178 1
0.4436551979181364 1
0.44976865222337437 1
0.45536674375361613 1
0.457062323148833 1
0.4587828678646905 1
0.4595903225647271 1
0.46009640214450853 1
0.46064849724328155 1
0.46227189872066704 1
0.463737254746017 1
0.4639069259687904 1
0.46414188721172217 1
0.4647454887464819 1
0.4648548946390674 1
0.4657201042093263 1
0.4666099613081526 1
0.4671510457886265 1
0.4675696788290205 1
0.46774737404063704 1
0.46922907059728675 1
0.46933586432744145 1
0.4694562972947913 1
0.4705111381996078 1
0.4711104023719116 1
0.47116697379194156 1
0.4715263456500157 1
0.47165846425423696 1
0.4722148328898826 1
0.47242475892360297 1
0.47243825528175826 1
0.47270657111297454 1
0.4730764367564044 1
0.47346554515646827 1
0.4736612180982434 1
0.4742728648309781 1
0.47459687738277473 1
0.47467684655110964 1
0.4750928478538481 1
0.47587565424931744 1
0.4761781894306856 1
0.47628913773219367 1
0.4768512888445164 1
0.47736940123432503 1
0.47829321207781045 1
0.4791633179357691 1
0.4794326905279773 1
0.4799077717989214 1
0.48030933253415065 1
0.4820148631513122 1
0.48213050396532 1
0.48303087132581735 1
0.4838016047651336 1
0.48480623502479697 1
0.48569060640525175 1
0.48572865287989797 1
0.48613192456260124 1
0.48711393562468097 1
0.4872958329937881 1
0.48811284984561987 1
0.48817322655079765 1
0.48860118888698645 1
0.488650702065654 1
0.4887871721919034 1
0.48901752769374324 1
0.4892369090574579 1
0.48964772801734086 1
0.4897558553777188 1
0.4898699848064536 1
0.49002517795249745 1
0.49059976849975107 1
0.4907780774018267 1
0.49118157880982366 1
0.49145589915080334 1
0.49156346764125525 1
0.4917112117099478 1
0.49175550772635385 1
0.4922029866226545 1
0.49251380133282696 1
0.4934723597068237 1
0.49365017579698994 1
0.49367128920073144 1
0.49385076969246894 1
0.49390419949195724 1
0.49396734094174155 1
0.4941577324500731 1
0.49428190185872045 1
0.49438367530061067 1
0.4949416368330796 1
0.49506469064444375 1
0.49573797330713226 1
0.4957949684592091 1
0.49623678735078597 1
0.49641323228423695 1
0.4964497435561344 1
0.49744762673971854 1
0.4974793267053166 1
0.4980363780299548 1
0.4981181633464588 1
0.4987289905484949 1
0.4991153550502146 1
0.4993449110941727 1
0.499464913515325 1
0.49971061469543376 1
0.49977384468540487 1
0.4998656795403933 1
0.5000407153363129 1
0.5004517418970038 1
0.5010217706762706 1
0.5013347950239982 1
0.5013731577855887 1
0.5016771408798955 1
0.5019698014419824 1
0.5020748513611819 1
0.5021848178751164 1
0.5028118656316597 1
0.5028156715140674 1
0.5028943779528279 1
0.5032600375801192 1
0.503300647521857 1
0.5035589399081247 1
0.5036144902197981 1
0.5038978786321736 1
0.5045017779576603 1
0.5046048744195685 1
0.5048393486932029 1
0.5050568305322504 1
0.505580813025411 1
0.5059272677157869 1
0.5059818657296843 1
0.5063389967550168 1
0.5067965998718411 1
0.5074863149188392 1
0.5076350957062161 1
0.5092526159186161 1
0.5097087539179419 1
0.5115462903549503 1
0.5118370410016482 1
0.5119270481942665 1
0.5123261917102827 1
0.5123655246393709 1
0.512429935362235 1
0.5124363204909053 1
0.5127776256639446 1
0.5130028171186575 1
0.5133501989508725 1
0.5134159682492558 1
0.5135909795667043 1
0.5136857582673626 1
0.5140066116586888 1
0.5140901892322771 1
0.5146023554568765 1
0.5147019995489298 1
0.5150081801976505 1
0.5152179556922039 1
0.5159046482775613 1
0.5163324653398079 1
0.5172900196976832 1
0.5174544461285733 1
0.5176849692415469 1
0.5183514305685969 1
0.518594780712396 1
0.5188024612824208 1
0.5190352118894566 1
0.5191228613527875 1
0.5191968672087385 1
0.5193294874076283 1
0.5195959942795723 1
0.5202692510999029 1
0.5206793758373225 1
0.5255403547263013 1
0.5266323529225971 1
0.5280184009849515 1
0.5283615046103074 1
0.5286680996922024 1
0.5293456926583212 1
0.5294362250781439 1
0.5314418678378113 1
0.5321035440001319 1
0.5329542983008774 1
0.5339177125795558 1
0.5354279249406353 1
0.5369065866283512 1
0.5371124730338497 1
0.5395761771635785 1
0.5411886164308249 1
0.5426706890660763 1
0.5431611428635295 1
0.5440995426181721 1
0.5487009750679204 1
0.5489145460747807 1
0.5507389664778379 1
0.5526202312801045 1
0.558303658799647 1
0.5600524178787988 1
0.5650790960773756 1
0.5833388600364277 1
0.5892588247660594 1
