
 0.487
 0.513
 0.502
 0.460
 0.535
 0.464
 0.505
 0.516
 0.480
 0.497
 0.486
 0.492
 0.489
 0.466
 0.520
 0.521
 0.477
 0.510
 0.450
 0.489
 0.549
 0.503
 0.537
 0.490
 0.500
 0.495
 0.501
 0.558
 0.468
 0.457
 0.474
 0.544
 0.464
 0.491
 0.498
 0.560
 0.487
 0.478
 0.512
 0.469
 0.462
 0.502
 0.514
 0.491
 0.500
 0.465
 0.494
 0.500
 0.565
 0.471
 0.532
 0.460
 0.551
 0.533
 0.515
 0.476
 0.527
 0.492
 0.489
 0.583
 0.503
 0.504
 0.498
 0.491
 0.486
 0.467
 0.503
 0.517
 0.476
 0.534
 0.494
 0.496
 0.518
 0.423
 0.506
 0.504
 0.515
 0.482
 0.494
 0.455
 0.475
 0.529
 0.512
 0.490
 0.474
 0.484
 0.519
 0.505
 0.553
 0.485
 0.529
 0.496
 0.515
 0.537
 0.471
 0.501
 0.490
 0.499
 0.507
 0.502
 0.500
 0.494
 0.543
 0.512
 0.519
 0.514
 0.495
 0.493
 0.469
 0.526
 0.509
 0.531
 0.503
 0.472
 0.444
 0.517
 0.473
 0.464
 0.589
 0.506
 0.507
 0.505
 0.528
 0.529
 0.488
 0.469
 0.489
 0.505
 0.543
 0.472
 0.508
 0.430
 0.513
 0.506
 0.496
 0.477
 0.476
 0.499
 0.480
 0.479
 0.504
 0.490
 0.473
 0.501
 0.492
 0.499
 0.512
 0.486
 0.506
 0.471
 0.499
 0.512
 0.519
 0.500
 0.518
 0.479
 0.528
 0.519
 0.423
 0.496
 0.488
 0.473
 0.475
 0.502
 0.472
 0.492
 0.472
 0.491
 0.540
 0.461
 0.516
 0.494
 0.541
 0.512
 0.514
 0.513
 0.475
 0.489
 0.467
 0.493
 0.483
 0.512
 0.465
 0.513
 0.494
 0.468
 0.549
 0.519
 0.472
 0.519
 0.514
 0.515
 0.497
 0.503
 0.494
 0.496
 0.459
 0.520
 0.482
 0.494

