0 41
2 54
2 46
0 48
2 47
2 43
2 47
0 41
0 52
0 33
2 41
0 46
2 50
2 54
3 40
2 37
1 46
1 43
3 44
0 37
1 33
1 50
1 39
2 44
2 37
2 42
3 44
3 35
3 41
2 44
3 29
1 35
0 46
0 44
0 37
2 48
0 37
1 51
3 40
0 46
1 57
1 39
3 41
1 40
0 40
0 34
1 60
2 44
2 51
1 51
0 47
3 45
0 36
0 38
2 50
1 48
1 36
0 33
3 50
2 46
0 46
1 39
2 35
1 46
1 39
0 34
0 39
2 42
1 50
2 32
0 41
1 39
0 39
3 35
1 43
0 40
1 47
0 34
1 38
2 42
0 39
3 47
0 41
3 43
1 32
0 43
0 49
0 42
2 32
2 44
1 39
1 37
3 48
0 38
0 45
2 45
2 32
0 52
1 38
1 35
2 46
1 56
3 48
2 37
2 37
1 47
0 30
2 33
3 41
2 43
0 34
2 37
1 38
0 37
1 33
2 49
2 41
1 35
2 36
1 36
0 40
2 41
1 45
3 44
2 48
1 38
3 40
1 47
2 44
2 36
0 45
3 39
1 43
3 40
0 42
0 49
1 40
3 43
0 41
3 46
2 30
2 41
1 42
3 36
1 48
2 49
2 45
2 36
2 53
2 53
0 47
1 38
0 53
2 46
1 48
1 46
3 45
0 33
2 41
0 37
1 56
0 45
0 50
1 38
0 29
1 34
0 39
2 44
1 38
1 43
0 35
2 44
0 32
2 48
3 41
2 35
1 40
0 40
0 45
3 44
0 30
2 44
2 48
0 49
3 41
0 33
3 44
0 37
2 44
0 41
2 53
1 49
3 31
2 36
0 47
1 47
3 54
2 49
1 41
3 63
