0.45272498807781614 1
0.45787627105136275 1
0.45842889205747234 1
0.4589937130820996 1
0.4594205776754029 1
0.4595059727516078 1
0.4614011530748324 1
0.4622805904581691 1
0.46254324641212613 1
0.4671740579200456 1
0.4696737253223525 1
0.47116035040853604 1
0.4713003572492213 1
0.4715104922884036 1
0.4718391399560602 1
0.47184241236082824 1
0.472226799193966 1
0.4727695131531454 1
0.47303498993304893 1
0.47338046427247155 1
0.47420515206128677 1
0.4745393774886594 1
0.47459851649377005 1
0.47551414157637434 1
0.4759861848662761 1
0.47630277818106154 1
0.47900637179169014 1
0.4795249026087928 1
0.48253648138432614 1
0.4826913650514115 1
0.48285938357885255 1
0.4830658619217544 1
0.4837565777215497 1
0.48402934009253934 1
0.48576983435620286 1
0.48626992776434036 1
0.48653528024900067 1
0.48778235716407203 1
0.4878713264467621 1
0.4881353306955314 1
0.48849155925188453 1
0.48938452825146206 1
0.4899480726569265 1
0.49055831289345697 1
0.49055994727821073 1
0.4907207307572618 1
0.4910218040273587 1
0.4913651929400581 1
0.4913745022249376 1
0.4914186706560048 1
0.49157794785223513 1
0.49162525945695457 1
0.49210888683691345 1
0.49306423912045333 1
0.49352789656441615 1
0.49354638788671573 1
0.49364389634930966 1
0.4937878296800368 1
0.49522089097531113 1
0.49534930197179833 1
0.4960655479336953 1
0.49613104059986035 1
0.49671200449822384 1
0.49733379274541734 1
0.49740544846817386 1
0.49844687106944413 1
0.49934786745329646 1
0.49958404518073996 1
0.5004766196826254 1
0.5007220235721114 1
0.5008159389091724 1
0.5012848196737552 1
0.5018118124568636 1
0.5022445864213875 1
0.5026820398675154 1
0.5028566647081888 1
0.5030136493542271 1
0.5030304819521874 1
0.5030676777527564 1
0.5031609385017107 1
0.5035496810197033 1
0.5036298525942859 1
0.5036299151228145 1
0.5037671052128866 1
0.5040722729052082 1
0.504798290819859 1
0.5049563516078082 1
0.5050371873906119 1
0.505129672443927 1
0.5054220608088011 1
0.5060203429550801 1
0.506044433572782 1
0.5069879474500611 1
0.5070608527336251 1
0.5075884068122616 1
0.5078883724802835 1
0.507920029273438 1
0.5096894603235076 1
0.5099401112828761 1
0.5111216988229981 1
0.5119130441310551 1
0.511929200576515 1
0.5120482739378424 1
0.5122266422614746 1
0.512294605108687 1
0.5124171726507284 1
0.5126294546684211 1
0.5133016677753288 1
0.5141282935445197 1
0.5144923755175208 1
0.5145095768037105 1
0.5146530917783636 1
0.5153004759962284 1
0.5156697932754141 1
0.5157660343759152 1
0.516534215390535 1
0.5165825869024727 1
0.516600962255942 1
0.5167467021272433 1
0.5170363957549102 1
0.5173554050680047 1
0.5175200279251634 1
0.5179990534918697 1
0.5181829725498922 1
0.5185077487904867 1
0.5185861001833147 1
0.5190835087387726 1
0.5200381491864495 1
0.5202452453157027 1
0.5204773546393423 1
0.5212156281006628 1
0.5216719989996474 1
0.5230812318532957 1
0.5233527168808548 1
0.523859803387851 1
0.523900456856513 1
0.5248617902302983 1
0.5248737627200513 1
0.5255040503560597 1
0.525548963884028 1
0.5259810930312812 1
0.526665785205525 1
0.5267975335911226 1
0.5268338799059309 1
0.5269469232452056 1
0.5273323464758929 1
0.5274641850992527 1
0.5279963672072597 1
0.528487512601491 1
0.5291558932224099 1
0.5302155373608494 1
0.5305092156679752 1
0.531547210662972 1
0.5317433794686212 1
0.5323438479949063 1
0.5324912170551721 1
0.5327649883841499 1
0.534742691367525 1
0.5347549003162828 1
0.5354001788701735 1
0.5358616365944885 1
0.5363548619542756 1
0.5366194689852023 1
0.5372036205945416 1
0.5379292734416755 1
0.5381585786006466 1
0.5382430619741913 1
0.5384181084176767 1
0.5386961340107718 1
0.5398776359364095 1
0.5402729968010231 1
0.5410409913707876 1
0.5441080305667371 1
0.5463619172770253 1
0.5473942956355269 1
0.5481098870163005 1
0.5486434630718705 1
0.551010590668538 1
0.5510762650584027 1
0.5514848313405036 1
0.5532393457656933 1
0.5564528872969045 1
0.5572983917634797 1
0.558960031044196 1
0.5593887405598633 1
0.5605024225887966 1
0.5609865597266581 1
0.561638659401826 1
0.5653483907747201 1
0.5666018711126996 1
0.568002995152848 1
0.5695433866628857 1
0.5696442872847389 1
0.5708009785512168 1
0.5710270696796923 1
0.5726256543230932 1
0.5734224083180465 1
0.5735829536637941 1
0.5870772092003321 1
0.5885424311887033 1
