
 0.506
 0.450
 0.508
 0.476
 0.516
 0.500
 0.570
 0.444
 0.484
 0.511
 0.556
 0.510
 0.513
 0.546
 0.501
 0.538
 0.463
 0.472
 0.488
 0.496
 0.510
 0.541
 0.493
 0.464
 0.516
 0.516
 0.538
 0.497
 0.509
 0.494
 0.489
 0.479
 0.514
 0.502
 0.520
 0.494
 0.514
 0.487
 0.488
 0.485
 0.476
 0.494
 0.475
 0.527
 0.478
 0.524
 0.524
 0.516
 0.521
 0.488
 0.461
 0.581
 0.506
 0.520
 0.504
 0.497
 0.511
 0.528
 0.514
 0.502
 0.475
 0.515
 0.542
 0.488
 0.526
 0.505
 0.484
 0.419
 0.512
 0.465
 0.521
 0.455
 0.522
 0.485
 0.486
 0.533
 0.526
 0.572
 0.493
 0.462
 0.510
 0.466
 0.497
 0.577
 0.497
 0.518
 0.557
 0.465
 0.476
 0.509
 0.519
 0.471
 0.550
 0.482
 0.501
 0.500
 0.496
 0.521
 0.503
 0.508
 0.519
 0.564
 0.482
 0.458
 0.485
 0.490
 0.482
 0.479
 0.527
 0.559
 0.509
 0.542
 0.506
 0.471
 0.484
 0.528
 0.541
 0.509
 0.496
 0.531
 0.486
 0.534
 0.500
 0.491
 0.557
 0.520
 0.529
 0.523
 0.507
 0.470
 0.490
 0.488
 0.557
 0.480
 0.527
 0.518
 0.511
 0.502
 0.544
 0.504
 0.512
 0.496
 0.463
 0.579
 0.485
 0.524
 0.520
 0.525
 0.464
 0.493
 0.487
 0.537
 0.528
 0.483
 0.484
 0.504
 0.548
 0.510
 0.477
 0.460
 0.534
 0.546
 0.431
 0.548
 0.506
 0.462
 0.518
 0.532
 0.532
 0.438
 0.506
 0.558
 0.509
 0.489
 0.502
 0.466
 0.548
 0.499
 0.514
 0.549
 0.498
 0.500
 0.554
 0.470
 0.538
 0.506
 0.507
 0.517
 0.508
 0.537
 0.476
 0.574
 0.512
 0.538
 0.479
 0.444
 0.525
 0.573
 0.494
 0.491

