1 47
1 44
2 46
2 44
1 39
0 45
1 40
2 36
2 46
2 43
1 41
1 37
1 44
0 40
1 36
1 46
0 33
0 33
0 49
0 50
2 40
1 31
1 49
1 45
0 46
0 45
2 39
2 45
2 50
1 50
0 32
1 43
1 50
1 34
1 46
2 42
0 40
1 46
1 43
0 49
0 41
2 25
0 48
1 43
2 39
0 47
2 42
0 49
1 44
1 51
0 40
0 51
0 43
2 41
2 33
2 32
1 28
2 43
1 47
1 51
1 38
2 42
2 54
0 40
0 49
2 35
1 55
1 36
2 32
1 39
2 48
1 43
1 38
1 37
1 44
0 43
2 44
0 52
2 51
2 45
2 41
1 39
2 46
2 44
0 37
0 38
2 41
1 25
2 40
0 41
1 44
0 50
1 43
0 37
0 32
2 44
2 44
1 39
0 51
2 54
1 41
0 41
1 36
0 47
0 44
0 39
0 40
0 37
1 25
0 35
0 36
1 44
0 48
1 47
2 49
0 40
2 46
0 36
2 45
0 38
2 46
1 33
1 46
0 43
2 41
0 43
1 44
2 34
2 49
2 43
0 48
0 52
1 46
0 43
1 39
0 42
2 45
2 44
1 38
0 40
2 38
2 51
1 36
2 41
1 45
2 26
1 37
2 45
2 50
0 34
2 41
2 48
2 51
1 48
1 45
0 37
1 44
2 54
0 49
2 40
2 50
1 37
0 35
1 46
0 49
2 45
2 36
2 37
2 35
2 39
0 45
2 40
1 54
1 31
0 30
2 45
2 39
2 39
0 33
2 37
0 40
2 44
0 48
2 38
1 52
2 49
2 45
0 41
1 37
0 49
0 43
0 29
2 51
0 25
2 34
2 55
1 38
1 30
0 60
1 47
