0.42088798507510183 1
0.4313190189727264 1
0.431362742808507 1
0.4374873545092645 1
0.4407176338467979 1
0.44222182082426464 1
0.4451794139527617 1
0.4460102111208711 1
0.4460826504692127 1
0.4461634794163263 1
0.4469551971859911 1
0.4470441690477287 1
0.44782013980458824 1
0.4479410466296026 1
0.45042874811103956 1
0.45123800314176854 1
0.45384953860869415 1
0.45452662944462624 1
0.4564894938246741 1
0.4589134075493295 1
0.4590922882831894 1
0.4603723748366963 1
0.46273368561396716 1
0.46375173798451885 1
0.4641581383859193 1
0.46509770802644806 1
0.4672213742204769 1
0.468234555980521 1
0.4685916076220467 1
0.4696143618434134 1
0.4707004559230962 1
0.4721232505626765 1
0.4722717546414595 1
0.4722913612704474 1
0.47241739478026196 1
0.47285560207396266 1
0.47292220008193675 1
0.4732880280572285 1
0.4733762135659903 1
0.47384561275356796 1
0.47421243982334943 1
0.4750660916049776 1
0.47582187040583096 1
0.47605950998298074 1
0.4761509145073903 1
0.4767232235235413 1
0.4769041100674805 1
0.47756661916462095 1
0.47785010554952073 1
0.4783077879472271 1
0.4793777955298296 1
0.48020809360291034 1
0.48149682834385227 1
0.4817455039071554 1
0.48184192607968024 1
0.48224448709140477 1
0.4829310213702581 1
0.4829950031959068 1
0.48333569896136663 1
0.48379546871501433 1
0.4837993544262368 1
0.4838573723087313 1
0.4838752978686686 1
0.48396539241323394 1
0.484762523114001 1
0.48498890042022 1
0.48558908578554316 1
0.48572926629951085 1
0.48587959553106996 1
0.48608239005102816 1
0.48614578482906706 1
0.4866412186529297 1
0.4868113681497866 1
0.4869228048247486 1
0.4872624912678851 1
0.4878468028258513 1
0.48791687718132004 1
0.48823208480402064 1
0.4884531181088071 1
0.4887276079161002 1
0.4891972047455579 1
0.4892923418695439 1
0.48968036467044984 1
0.4900989892479639 1
0.4902589757953523 1
0.49063406937050663 1
0.49066080521182037 1
0.49125662579420765 1
0.49206238272710434 1
0.49226373136665935 1
0.4930251790673074 1
0.4933398233553183 1
0.49343715216949185 1
0.49417077088892286 1
0.4942034741046683 1
0.49440681662860264 1
0.49447954373974795 1
0.49455761210756566 1
0.4955559230020636 1
0.4958028197033113 1
0.49608465311538447 1
0.4970001720472403 1
0.4972943571645848 1
0.4977925339419621 1
0.4981891488259517 1
0.4984393922869713 1
0.4987729014207152 1
0.49938931338671777 1
0.5000368089195547 1
0.5001245720467726 1
0.5004353531864973 1
0.5008131416357462 1
0.5008613433066559 1
0.5012551278055478 1
0.5014906324632566 1
0.5020813088349861 1
0.50217510999602 1
0.5028002846014501 1
0.5037135915333285 1
0.5039703860526563 1
0.5044622607845956 1
0.5047125007069934 1
0.5047414409881141 1
0.5052925370094387 1
0.5058806593613712 1
0.5059860138935744 1
0.5062495107618219 1
0.5064913908844819 1
0.5065368577353745 1
0.5067961979418023 1
0.5083176244245231 1
0.5090155422232397 1
0.509652784768312 1
0.5096794135174698 1
0.5102966117882484 1
0.5103948477832193 1
0.5108485798244212 1
0.5112624514949079 1
0.5117003193313698 1
0.5119299175599771 1
0.5123453061028771 1
0.5132948686853984 1
0.5135301442498627 1
0.5139617401348883 1
0.5141613121181684 1
0.5153519110574423 1
0.5162536980153657 1
0.5167006625135292 1
0.516763967398287 1
0.5176008641810639 1
0.5177382499067931 1
0.518149753937261 1
0.5184398282548229 1
0.518451646426325 1
0.5191992903815579 1
0.5203798130529892 1
0.5208932717389474 1
0.521252137763278 1
0.52143447608864 1
0.5223467557455048 1
0.5233424512513012 1
0.5236516177996513 1
0.5237023518588491 1
0.5239799994861564 1
0.5252918529367032 1
0.5254491604127051 1
0.5273327952757039 1
0.5293072560923906 1
0.5295255670413551 1
0.5297322154279798 1
0.5307486259373599 1
0.531228947893691 1
0.5323737325742036 1
0.5338131797871286 1
0.5338443154728717 1
0.5339798890338247 1
0.5344748117620646 1
0.5345097513463539 1
0.534555013025932 1
0.5355482284473755 1
0.5364995254147927 1
0.537336999900505 1
0.5373533244161737 1
0.5381282624246172 1
0.5389422723654839 1
0.5396343750176125 1
0.5440714305063361 1
0.5441558332447919 1
0.5459381474748806 1
0.5461109004796867 1
0.5461248234573758 1
0.5490468771486862 1
0.5517104021723273 1
0.5520472873628286 1
0.5534282108850737 1
0.5592574706466373 1
0.5618318750759098 1
0.5620087612800346 1
0.5636428707269854 1
0.5680570244094774 1
