0.26571193854108704 1
0.2819902934199967 1
0.2846361760692386 1
0.2855518518410719 1
0.2857583269973508 1
0.28854366250656455 1
0.29022721521735323 1
0.29216650104271996 1
0.29243222887914583 1
0.29426797061005533 1
0.29576118279332975 1
0.3004470571632219 1
0.308296759583029 1
0.30851958837817717 1
0.3099866895369452 1
0.3116494800955158 1
0.311780564239724 1
0.3152609315367906 1
0.31598666450679963 1
0.31643689168983885 1
0.31970786080887525 1
0.32125969284919764 1
0.32165944841648975 1
0.3220473028559397 1
0.3225248701183233 1
0.3236212871827117 1
0.32369250408892875 1
0.32485519130600865 1
0.3248933017444391 1
0.3253273942987133 1
0.32566151623957196 1
0.3260046823134655 1
0.326264626899701 1
0.32656407722611547 1
0.32696919706308664 1
0.3278513899199428 1
0.3278972325478786 1
0.32806110392980153 1
0.3282780915440487 1
0.32886125159064394 1
0.3288728166266663 1
0.329781478629114 1
0.3301860213348954 1
0.33062452386687613 1
0.3315412522167634 1
0.33228276169445237 1
0.3325456498673462 1
0.33294083584189615 1
0.33315666919376447 1
0.33377834033319564 1
0.33380186589212874 1
0.3340786036626522 1
0.3344456130611929 1
0.3362141728807593 1
0.3364114457533255 1
0.3371488031544257 1
0.33721785211122274 1
0.33770617140658615 1
0.33815166938184676 1
0.3384421569995603 1
0.3386903006779211 1
0.3397863002261562 1
0.3401783067421953 1
0.34022780573986366 1
0.3409595578319157 1
0.34098079736488396 1
0.3415594296384649 1
0.3416272480760663 1
0.3420361838978065 1
0.3428621233530837 1
0.34299134191619585 1
0.3436736764349122 1
0.34441200645409054 1
0.34443471754562394 1
0.3444921252095819 1
0.34451769945826977 1
0.34492127101033093 1
0.34517086275363434 1
0.34553634219337065 1
0.34601409110005493 1
0.346361803273068 1
0.346588865569139 1
0.3467382522915317 1
0.34785982608845445 1
0.34862951214215276 1
0.34950008056791787 1
0.35029084800390614 1
0.35036363522429775 1
0.3507806388578348 1
0.35094760973829286 1
0.35116898900414084 1
0.3518112641451117 1
0.35234941852996404 1
0.3524104590700323 1
0.3525419438686461 1
0.3527937622428458 1
0.35291304694353676 1
0.35303409747488446 1
0.353342568440711 1
0.3534270986382663 1
0.3535027255221897 1
0.3542273056941777 1
0.354379135128856 1
0.3544359656616245 1
0.35468134739762797 1
0.35547513467709096 1
0.35570374672242944 1
0.35575479400500776 1
0.3559784358031981 1
0.35615836555706903 1
0.3571832075941558 1
0.35723546853418187 1
0.35760370845191825 1
0.35791992993335575 1
0.3580503606895577 1
0.35815332765282526 1
0.3585195423744296 1
0.3587783561919092 1
0.3593432970185389 1
0.35942991180729505 1
0.3600048458914151 1
0.36010036399380313 1
0.3609133482788267 1
0.3609913599443243 1
0.36138930786123163 1
0.3614718707933661 1
0.3617147264588648 1
0.36230398752136417 1
0.3627008046695152 1
0.36299268242146027 1
0.36345967929516443 1
0.3639006076776826 1
0.36422374171370847 1
0.3643677641664225 1
0.3650452880530273 1
0.36529361337568894 1
0.36550747946213624 1
0.3656369155709955 1
0.365981313628442 1
0.366084380811677 1
0.36649315701838114 1
0.36697350971674453 1
0.36699850683424295 1
0.3671192395998765 1
0.368054447004732 1
0.36910973378721557 1
0.36960830424118646 1
0.36995383306738927 1
0.3703065154875502 1
0.37093496452451435 1
0.37095530916057895 1
0.3717861594679352 1
0.37207565243830615 1
0.37209657420556025 1
0.3723734715911194 1
0.3725452516393315 1
0.37295939358007213 1
0.3735197831400655 1
0.3747073677242044 1
0.3747863322173169 1
0.37486571569094046 1
0.3749374263701275 1
0.3757997688334176 1
0.3761103666797006 1
0.376829581117652 1
0.3783544671011609 1
0.3784670736547583 1
0.378679491676263 1
0.37979242053019907 1
0.3806817853071194 1
0.3814426682671526 1
0.38282973256429054 1
0.38306835989638366 1
0.383771358281237 1
0.3840139780748828 1
0.3845394366549564 1
0.3855435165398252 1
0.3856182475320153 1
0.3859308705744306 1
0.38883109766837676 1
0.389710686733554 1
0.3899283094097019 1
0.3913798545352521 1
0.39290781975730454 1
0.3932928308300635 1
0.39385459219818253 1
0.39397850442232696 1
0.39741215669334695 1
0.3976403497581742 1
0.3999972163482676 1
0.40028410699131706 1
0.40086679012668985 1
0.40282447828068085 1
0.40387797427452704 1
0.4078243658272197 1
0.410439309958095 1
0.4120198957056161 1
0.4134387709192315 1
0.4266841239913166 1
0.42951913497498323 1
