
 0.294
 0.309
 0.322
 0.412
 0.340
 0.356
 0.400
 0.308
 0.370
 0.342
 0.300
 0.346
 0.357
 0.331
 0.366
 0.360
 0.366
 0.384
 0.376
 0.378
 0.393
 0.312
 0.367
 0.353
 0.427
 0.315
 0.355
 0.361
 0.327
 0.286
 0.334
 0.356
 0.343
 0.285
 0.325
 0.380
 0.333
 0.408
 0.410
 0.340
 0.361
 0.316
 0.350
 0.364
 0.333
 0.352
 0.375
 0.354
 0.349
 0.330
 0.389
 0.334
 0.366
 0.352
 0.342
 0.403
 0.356
 0.355
 0.333
 0.373
 0.347
 0.282
 0.325
 0.328
 0.371
 0.337
 0.344
 0.366
 0.338
 0.338
 0.385
 0.381
 0.413
 0.310
 0.336
 0.334
 0.353
 0.326
 0.394
 0.289
 0.346
 0.359
 0.341
 0.377
 0.367
 0.341
 0.334
 0.336
 0.383
 0.378
 0.324
 0.363
 0.353
 0.329
 0.296
 0.332
 0.386
 0.352
 0.344
 0.266
 0.372
 0.344
 0.364
 0.351
 0.367
 0.386
 0.397
 0.345
 0.351
 0.370
 0.357
 0.400
 0.324
 0.369
 0.354
 0.327
 0.354
 0.372
 0.320
 0.343
 0.364
 0.398
 0.292
 0.363
 0.370
 0.359
 0.316
 0.325
 0.353
 0.368
 0.391
 0.361
 0.372
 0.329
 0.376
 0.346
 0.375
 0.373
 0.353
 0.342
 0.354
 0.384
 0.359
 0.358
 0.394
 0.312
 0.326
 0.330
 0.381
 0.332
 0.356
 0.365
 0.375
 0.359
 0.361
 0.286
 0.350
 0.379
 0.358
 0.375
 0.339
 0.366
 0.292
 0.345
 0.358
 0.328
 0.345
 0.362
 0.337
 0.340
 0.350
 0.365
 0.348
 0.353
 0.383
 0.321
 0.358
 0.322
 0.390
 0.360
 0.390
 0.338
 0.374
 0.401
 0.290
 0.404
 0.347
 0.344
 0.328
 0.371
 0.363
 0.386
 0.351
 0.326
 0.430
 0.323
 0.328
 0.393
 0.362
 0.372

