0 42
0 42
0 33
0 44
0 40
0 41
0 44
0 41
0 51
0 38
0 44
0 62
0 51
0 35
0 29
0 45
0 40
0 44
0 45
0 33
0 42
0 47
0 40
0 49
0 44
0 49
0 37
0 42
0 51
0 44
0 42
0 42
0 44
0 43
0 49
0 34
0 51
0 45
0 36
0 40
0 44
0 34
0 38
0 50
0 37
0 47
0 56
0 34
0 48
0 27
0 36
0 38
0 45
0 45
0 39
0 35
0 29
0 48
0 37
0 34
0 31
0 44
0 48
0 50
0 43
0 39
0 46
0 39
0 40
0 47
0 39
0 42
0 36
0 36
0 33
0 49
0 31
0 45
0 45
0 47
0 37
0 42
0 49
0 50
0 45
0 52
0 51
0 60
0 42
0 53
0 42
0 46
0 39
0 46
0 44
0 40
0 34
0 39
0 39
0 43
0 35
0 48
0 38
0 37
0 45
0 35
0 55
0 40
0 40
0 49
0 37
0 37
0 47
0 38
0 34
0 38
0 45
0 42
0 52
0 43
0 46
0 55
0 51
0 55
0 44
0 38
0 48
0 50
0 30
0 61
0 45
0 39
0 35
0 45
0 47
0 40
0 40
0 33
0 43
0 34
0 50
0 38
0 38
0 31
0 32
0 45
0 43
0 34
0 35
0 42
0 40
0 48
0 42
0 50
0 46
0 42
0 31
0 31
0 33
0 44
0 52
0 43
0 49
0 39
0 31
0 42
0 40
0 52
0 33
0 35
0 47
0 46
0 31
0 49
0 41
0 37
0 42
0 38
0 43
0 40
0 32
0 46
0 43
0 34
0 43
0 35
0 38
0 36
0 40
0 33
0 41
0 43
0 50
0 48
0 40
0 40
0 55
0 38
0 41
0 45
