
 0.532
 0.618
 0.630
 0.642
 0.646
 0.646
 0.646
 0.646
 0.646
 0.646
 0.646
 0.646
 0.646
 0.646
 0.646
 0.646
 0.646
 0.646
 0.646
 0.646
 0.646
 0.659
 0.659
 0.659
 0.659
 0.659
 0.659
 0.659
 0.659
 0.659
 0.659
 0.659
 0.659
 0.659
 0.659
 0.659
 0.659
 0.659
 0.659
 0.659
 0.659
 0.659
 0.659
 0.659
 0.659
 0.659
 0.659
 0.659
 0.659
 0.659
 0.659
 0.659
 0.659
 0.659
 0.659
 0.659
 0.659
 0.659
 0.659
 0.659
 0.659
 0.659
 0.659
 0.659
 0.659
 0.659
 0.659
 0.659
 0.659
 0.659
 0.659
 0.659
 0.659
 0.659
 0.659
 0.659
 0.659
 0.659
 0.659
 0.659
 0.659
 0.659
 0.659
 0.659
 0.659
 0.659
 0.659
 0.659
 0.659
 0.659
 0.659
 0.659
 0.659
 0.659
 0.659
 0.659
 0.659
 0.659
 0.659
 0.659
 0.659
 0.659
 0.659
 0.659
 0.659
 0.659
 0.659
 0.659
 0.659
 0.659
 0.659
 0.659
 0.659
 0.659
 0.659
 0.659
 0.659
 0.659
 0.659
 0.659
 0.659
 0.659
 0.659
 0.659
 0.659
 0.659
 0.659
 0.659
 0.659
 0.659
 0.659
 0.659
 0.659
 0.659
 0.659
 0.659
 0.659
 0.659
 0.659
 0.659
 0.659
 0.659
 0.659
 0.659
 0.659
 0.659
 0.659
 0.659
 0.659
 0.659
 0.659
 0.659
 0.659
 0.659
 0.659
 0.659
 0.659
 0.659
 0.659
 0.659
 0.659
 0.659
 0.659
 0.659
 0.659
 0.659
 0.659
 0.659
 0.659
 0.659
 0.659
 0.659
 0.659
 0.659
 0.659
 0.659
 0.659
 0.659
 0.659
 0.659
 0.659
 0.659
 0.659
 0.659
 0.659
 0.659
 0.659
 0.659
 0.659
 0.659
 0.659
 0.659
 0.659
 0.659
 0.659
 0.659
 0.659
 0.659
 0.659
 0.659

