0 46
2 39
1 45
0 46
0 46
0 40
1 34
4 40
4 52
1 47
0 43
0 53
0 39
3 38
2 39
1 45
1 44
2 52
3 40
1 46
4 34
3 44
0 44
4 31
3 37
2 47
1 48
4 36
0 37
1 53
4 52
2 37
2 42
1 51
3 58
3 39
4 43
0 44
1 49
0 46
4 37
1 54
2 57
3 33
4 42
3 46
4 42
0 36
1 46
1 52
3 47
2 34
4 46
1 39
1 35
0 55
3 36
0 42
2 47
0 45
4 42
1 55
1 47
3 39
2 42
3 36
4 51
4 34
2 46
2 48
1 35
4 38
1 36
1 42
2 39
4 44
1 37
2 34
2 45
1 46
1 42
1 52
0 54
2 42
1 33
1 39
1 34
1 36
2 46
2 39
2 35
0 47
0 36
4 48
4 39
2 41
1 37
3 45
4 38
1 35
2 36
3 55
1 30
3 41
1 36
0 43
2 51
1 39
1 47
2 46
0 47
0 54
1 34
0 38
2 41
2 37
1 40
3 40
3 44
4 48
2 38
4 48
2 51
0 51
4 30
1 52
0 42
3 43
4 52
3 39
0 36
1 40
1 38
2 33
4 54
4 38
3 40
3 42
0 50
4 29
4 41
4 49
4 50
1 36
1 51
3 53
2 53
1 44
0 53
4 39
2 34
1 43
3 48
4 44
3 45
2 51
0 55
1 42
1 53
3 34
1 39
4 43
2 51
4 42
1 46
1 40
1 39
4 41
4 49
1 49
4 42
3 40
2 54
3 37
0 40
3 26
0 38
3 51
2 30
4 43
0 39
2 31
4 40
0 43
2 36
1 36
2 36
3 42
4 41
0 39
4 43
0 40
2 36
3 38
2 39
3 38
2 38
4 53
3 53
0 35
