
 2.390
 2.570
 2.690
 2.500
 2.810
 2.670
 2.730
 2.490
 2.340
 2.340
 2.470
 2.700
 2.360
 2.420
 2.500
 2.240
 2.580
 2.240
 2.490
 2.380
 2.470
 2.520
 2.450
 2.340
 2.720
 2.310
 2.550
 2.520
 2.660
 2.540
 2.530
 2.150
 2.670
 2.610
 2.960
 2.520
 2.310
 2.680
 2.340
 2.390
 2.350
 2.400
 2.510
 2.310
 2.320
 2.460
 2.550
 2.330
 2.670
 2.340
 2.470
 2.780
 2.400
 2.320
 2.430
 2.680
 2.720
 2.250
 2.540
 2.300
 2.710
 2.720
 2.340
 2.730
 2.750
 2.600
 2.580
 2.090
 2.210
 2.530
 2.320
 2.760
 2.940
 2.520
 2.630
 2.440
 2.460
 2.530
 2.280
 2.580

