0.42009415722819937 1
0.4337874677825608 1
0.4377726980009131 1
0.43780247325554866 1
0.43816032877086725 1
0.44122722386481905 1
0.4444146330581971 1
0.4451514149371589 1
0.4463958138074122 1
0.44930900719913824 1
0.4502575846386437 1
0.4514707520734381 1
0.45163650176483755 1
0.4528135247766032 1
0.4542848984881104 1
0.45670795524443347 1
0.45704554931956326 1
0.45859344984335865 1
0.4589525903692095 1
0.45899502300849293 1
0.45902756479488344 1
0.45932415590393477 1
0.45967361145506985 1
0.46004215806528237 1
0.46172350980494803 1
0.461915617747257 1
0.46202680829331205 1
0.46279183248433875 1
0.4643888606814503 1
0.46442970403216377 1
0.4653417822814722 1
0.4670187032039236 1
0.46791383829543093 1
0.468422765897543 1
0.4693000596974266 1
0.46991479280885584 1
0.4702178802091857 1
0.47081915557974346 1
0.4710126012670381 1
0.4710940902269842 1
0.4713558158916626 1
0.47219215622451555 1
0.4723472821097763 1
0.4726762360128707 1
0.4728733292713529 1
0.4734383955016193 1
0.47362963784432677 1
0.4746826312231604 1
0.4751298187105498 1
0.4753741321367631 1
0.47544092666363674 1
0.4764154733530085 1
0.4765459599339128 1
0.47738226978138537 1
0.4776968452905044 1
0.47840334071164387 1
0.4793908642596949 1
0.48086391069458784 1
0.48195211233525975 1
0.48308083075661457 1
0.48322002436848904 1
0.48335286499980706 1
0.4836562773553106 1
0.48376909649236793 1
0.4842013708880777 1
0.48469867300362574 1
0.48472945071042534 1
0.48564372734382993 1
0.4859207333159049 1
0.48638486675261844 1
0.4868471326486865 1
0.48691495627447445 1
0.48730097995997623 1
0.4875107621809155 1
0.4884524111000741 1
0.48878398593985983 1
0.49044462585896986 1
0.4910700780985709 1
0.4912119024395006 1
0.49326176319210757 1
0.4937713481989966 1
0.49378855525507537 1
0.4938882275722593 1
0.4939420374248716 1
0.4939454995980003 1
0.4940965090325578 1
0.4944941709854871 1
0.4951606782605527 1
0.49578804187880776 1
0.49587686239970247 1
0.49594238136624474 1
0.49632047927775014 1
0.4971635711165958 1
0.4974433648718984 1
0.49748105872185944 1
0.4974885061967446 1
0.4981028780587095 1
0.4983917030639659 1
0.49902354303688656 1
0.4994425375496557 1
0.500221096853242 1
0.5006569380267021 1
0.5010669746223795 1
0.5014811661485684 1
0.50169014418157 1
0.501726133399868 1
0.5020243305279013 1
0.5031488007817846 1
0.5037790939837127 1
0.5039971941395364 1
0.5040708454625953 1
0.5044855540743921 1
0.5053112937442689 1
0.5056061710906685 1
0.5056413449819159 1
0.5056727885318725 1
0.5056741925122844 1
0.5063447304673379 1
0.5070581479443341 1
0.5074007666221312 1
0.5074117558435615 1
0.5079910060431158 1
0.50806869328083 1
0.5082484302124309 1
0.5088923721828273 1
0.5090038892493346 1
0.5096402382221459 1
0.5096963307082885 1
0.5100473945730932 1
0.5112594016442075 1
0.5113209107764132 1
0.5115623096163695 1
0.5121089109708915 1
0.5123243978066203 1
0.5128810735090414 1
0.5129104077195632 1
0.513811953475009 1
0.5140815586910412 1
0.5141585365119007 1
0.5142323859079083 1
0.5160040317598267 1
0.5167127386287746 1
0.5170935670439057 1
0.5175033177028263 1
0.5177499288674594 1
0.5179175658544393 1
0.5195333941276088 1
0.5195350354633996 1
0.5196552892226834 1
0.5199616220750664 1
0.520149021176422 1
0.5215022317259712 1
0.5220487198580708 1
0.5227817520109036 1
0.5228605861940817 1
0.5230531250933939 1
0.5233979913645597 1
0.5234807304950213 1
0.5236842961379695 1
0.5239018592502386 1
0.5242462162070204 1
0.5243636920066682 1
0.5244101867100439 1
0.5244764755570668 1
0.5249166612201358 1
0.525190489948962 1
0.5257675199212707 1
0.5258684242028098 1
0.5282123577828952 1
0.5283429657008365 1
0.528828141993755 1
0.5292110170559987 1
0.5298868742566083 1
0.5308325210988906 1
0.5319725775252067 1
0.5322668337782664 1
0.5332670575899524 1
0.5335667225790333 1
0.5346512028444305 1
0.5348802342676432 1
0.5351553035786241 1
0.5353356147006515 1
0.5359343768046848 1
0.5371871060337187 1
0.5381250601202052 1
0.5401577105186741 1
0.5407340006504279 1
0.5409704417943875 1
0.5414659728827748 1
0.5435069993897813 1
0.5437143837972577 1
0.544468190821142 1
0.5448758620737246 1
0.5509187760390267 1
0.5511806473348649 1
0.5512652725742323 1
0.5519653362722436 1
0.555276132751097 1
0.5669773837356928 1
0.5689280929823632 1
