
 0.567
 0.471
 0.445
 0.459
 0.508
 0.524
 0.494
 0.535
 0.452
 0.502
 0.506
 0.535
 0.514
 0.506
 0.470
 0.513
 0.514
 0.491
 0.464
 0.487
 0.512
 0.524
 0.541
 0.505
 0.487
 0.459
 0.525
 0.506
 0.504
 0.499
 0.569
 0.468
 0.544
 0.524
 0.449
 0.520
 0.475
 0.454
 0.523
 0.511
 0.496
 0.462
 0.516
 0.471
 0.464
 0.511
 0.497
 0.533
 0.510
 0.483
 0.486
 0.483
 0.484
 0.551
 0.473
 0.538
 0.441
 0.444
 0.499
 0.508
 0.523
 0.544
 0.531
 0.494
 0.488
 0.484
 0.469
 0.488
 0.459
 0.535
 0.537
 0.510
 0.506
 0.509
 0.507
 0.438
 0.498
 0.462
 0.498
 0.479
 0.504
 0.491
 0.487
 0.497
 0.457
 0.526
 0.508
 0.541
 0.523
 0.471
 0.471
 0.459
 0.496
 0.467
 0.494
 0.484
 0.512
 0.457
 0.504
 0.502
 0.520
 0.534
 0.501
 0.490
 0.512
 0.465
 0.506
 0.524
 0.473
 0.459
 0.463
 0.473
 0.526
 0.478
 0.524
 0.504
 0.551
 0.489
 0.520
 0.545
 0.524
 0.475
 0.477
 0.502
 0.496
 0.450
 0.513
 0.536
 0.494
 0.478
 0.476
 0.475
 0.529
 0.438
 0.552
 0.503
 0.472
 0.518
 0.451
 0.518
 0.517
 0.494
 0.500
 0.481
 0.485
 0.475
 0.514
 0.468
 0.494
 0.485
 0.522
 0.501
 0.483
 0.523
 0.462
 0.460
 0.507
 0.453
 0.494
 0.544
 0.529
 0.518
 0.438
 0.486
 0.446
 0.525
 0.486
 0.523
 0.530
 0.541
 0.509
 0.507
 0.497
 0.520
 0.520
 0.472
 0.495
 0.460
 0.497
 0.528
 0.522
 0.496
 0.540
 0.482
 0.517
 0.510
 0.514
 0.551
 0.470
 0.528
 0.535
 0.474
 0.532
 0.477
 0.493
 0.420
 0.555
 0.501
 0.434
 0.532

