0 43
0 37
0 48
0 48
0 52
0 46
0 49
0 47
0 40
0 38
0 31
0 47
0 54
0 45
0 38
0 39
0 36
0 42
0 46
0 45
0 45
0 37
0 53
0 33
0 36
0 40
0 38
0 48
0 41
0 40
0 43
0 44
0 47
0 39
0 33
0 33
0 42
0 38
0 35
0 33
0 51
0 42
0 35
0 41
0 46
0 29
0 42
0 38
0 43
0 50
0 43
0 45
0 45
0 50
0 43
0 50
0 46
0 46
0 42
0 45
0 40
0 43
0 51
0 38
0 36
0 29
0 49
0 47
0 43
0 39
0 43
0 41
0 45
0 47
0 43
0 51
0 50
0 41
0 47
0 31
0 38
0 33
0 34
0 39
0 46
0 43
0 42
0 40
0 44
0 39
0 40
0 40
0 47
0 45
0 41
0 48
0 29
0 35
0 45
0 42
0 46
0 31
0 50
0 51
0 42
0 50
0 31
0 53
0 45
0 38
0 51
0 37
0 41
0 40
0 36
0 32
0 36
0 51
0 50
0 41
0 50
0 42
0 53
0 33
0 43
0 43
0 36
0 35
0 26
0 43
0 44
0 39
0 44
0 46
0 38
0 43
0 34
0 48
0 43
0 45
0 49
0 46
0 41
0 30
0 39
0 33
0 48
0 40
0 49
0 38
0 39
0 35
0 45
0 45
0 35
0 37
0 63
0 43
0 42
0 36
0 43
0 45
0 27
0 49
0 37
0 45
0 51
0 38
0 41
0 32
0 50
0 47
0 38
0 38
0 41
0 44
0 35
0 46
0 26
0 40
0 62
0 31
0 39
0 44
0 41
0 42
0 41
0 44
0 46
0 48
0 48
0 44
0 47
0 40
0 35
0 40
0 40
0 43
0 31
0 32
