
 2.130
 2.300
 1.930
 2.010
 1.870
 1.940
 1.920
 1.940
 2.140
 2.010
 2.230
 2.020
 2.030
 2.010
 1.930
 1.780
 1.990
 2.240
 2.070
 1.970
 2.040
 1.880
 2.040
 2.130
 1.890
 1.910
 1.620
 1.820
 1.920
 2.210
 1.900
 2.060
 1.710
 2.200
 1.960
 2.010
 1.800
 2.140
 1.920
 1.950
 1.840
 2.070
 1.920
 1.990
 2.170
 2.040
 2.190
 1.860
 1.970
 1.830
 2.230
 1.920
 2.100
 1.770
 2.040
 1.950
 1.810
 2.320
 1.810
 2.020
 1.980
 2.010
 2.060
 2.080
 2.060
 2.150
 2.010
 2.000
 2.180
 2.120
 2.050
 1.890
 1.970
 2.050
 1.950
 2.250
 2.030
 1.840
 2.240
 1.930
 2.070
 2.010
 2.090
 1.970
 1.820
 2.070
 2.100
 2.020
 2.050
 1.950
 2.200
 1.910
 2.040
 1.820
 1.800
 1.980
 1.980
 1.870
 1.800
 2.180

