0.4616941608641784 1
0.46441000386041664 1
0.470010971437094 1
0.4700506223390484 1
0.47016665897374016 1
0.4701811711814338 1
0.47432719606637536 1
0.47570461289983657 1
0.4759531378587593 1
0.47607404481862026 1
0.4775276381187424 1
0.479020062764947 1
0.4791404517502649 1
0.4817540004959918 1
0.48201054937047333 1
0.48266768551301875 1
0.4839184506245982 1
0.4852783535383471 1
0.48599732284073466 1
0.48657147398734596 1
0.4879964724261318 1
0.48879463116538124 1
0.48916608569583764 1
0.4892200711085731 1
0.48926987640720987 1
0.48947935564660433 1
0.4897570203517547 1
0.4900456346171228 1
0.490303132612092 1
0.4922104095556707 1
0.492224773495304 1
0.49380230337182346 1
0.4942149383364621 1
0.494403851301652 1
0.49455407751127645 1
0.49537053697476274 1
0.4953723110130842 1
0.4956606540381824 1
0.4960514526922617 1
0.4970957302543396 1
0.49720856766520866 1
0.4976095367196502 1
0.4977745639586292 1
0.49805154127556306 1
0.49811260210511193 1
0.49835566975893775 1
0.49871292122386807 1
0.49979955071834825 1
0.499818785054492 1
0.5008753049631762 1
0.5013892015146396 1
0.5023518573781314 1
0.5025549320005149 1
0.5026128834117995 1
0.502815312672819 1
0.5032381604779135 1
0.5033580670394104 1
0.5035378643025927 1
0.5040166820627956 1
0.5050238320598052 1
0.5060766650712557 1
0.5061902498533322 1
0.5064383740693942 1
0.5066234750778087 1
0.5075136241354223 1
0.5082557545254254 1
0.5084742842610815 1
0.5092830161861361 1
0.5098448569072417 1
0.510680017163388 1
0.5110247027696101 1
0.5111656605138901 1
0.5112555429955554 1
0.5122323620768647 1
0.5125238239269784 1
0.5139078752929 1
0.5139312693657153 1
0.5141427753969853 1
0.5142951362876752 1
0.5149365597307454 1
0.5156614628259747 1
0.5162978158444916 1
0.5164363983933031 1
0.5167540179844513 1
0.5168321125326116 1
0.5174103473308211 1
0.5183800079954399 1
0.5187981717694428 1
0.518840585153177 1
0.5194679541484438 1
0.5196220848145818 1
0.519800982497788 1
0.5199745167466144 1
0.5202796050946809 1
0.5206670826543399 1
0.5206685209260367 1
0.5210209446678773 1
0.5213478615076163 1
0.5217647079768545 1
0.5218436767174759 1
0.5230562822447407 1
0.523346329157365 1
0.5233568462281355 1
0.5236456215981294 1
0.5243213592091646 1
0.5252953005079543 1
0.526686100019058 1
0.5268213029277601 1
0.5269295929831229 1
0.5272420931671481 1
0.5279364787291221 1
0.5280711451334371 1
0.5284582339368891 1
0.5286030291796172 1
0.5291901207541315 1
0.5296672711932379 1
0.5313593076083392 1
0.5316868171988516 1
0.5317813249136623 1
0.5320224445203979 1
0.5321875991242386 1
0.5328198368207007 1
0.5328813923843344 1
0.532897225376086 1
0.5331262395329573 1
0.5336757733630164 1
0.5338945315593151 1
0.5345084176471881 1
0.5355923866989025 1
0.5355996993067609 1
0.5356031691973566 1
0.5356056227166919 1
0.5356711753631556 1
0.5360422199652002 1
0.5364471296521122 1
0.5372711605927922 1
0.5381239072689623 1
0.5381445932512563 1
0.5386727673437186 1
0.5389014316550099 1
0.5393345820846862 1
0.5393950251111711 1
0.539686240272287 1
0.5402456935988009 1
0.5403399173168704 1
0.5408025007769524 1
0.5413857553274269 1
0.5420692465696902 1
0.542377364301738 1
0.5427407734379803 1
0.5432519088121667 1
0.5434078045673644 1
0.5434460835876234 1
0.5439974487279423 1
0.5445521915802487 1
0.5447205893908349 1
0.5447308296432154 1
0.5450272355140594 1
0.5455850877795495 1
0.5465027183347188 1
0.5467337255185322 1
0.5471063270147731 1
0.5477269215932166 1
0.5486186877037735 1
0.5490836505385555 1
0.5513383516071072 1
0.551684428818729 1
0.5525446842462564 1
0.5528117819985519 1
0.5529413624129363 1
0.5531064913298342 1
0.5550456580344201 1
0.5552465570092774 1
0.5558364922526533 1
0.5567663652804316 1
0.5569580650168728 1
0.5573435988325438 1
0.5577474025011232 1
0.5577830607083671 1
0.5580108408883947 1
0.5601897216348988 1
0.5605763428436156 1
0.5609244545387384 1
0.5617530058474675 1
0.5626912357709606 1
0.5645662597930159 1
0.5650629241453999 1
0.5670028949337528 1
0.5677064191242945 1
0.5690715948282319 1
0.5731588749678667 1
0.5734078688230128 1
0.5742522041640827 1
0.5834598282959065 1
0.5858970296737491 1
0.5894269835601498 1
0.5913438097287804 1
0.5923158445762531 1
0.5966344838182571 1
0.5968335781432564 1
