
 0.553
 0.495
 0.525
 0.489
 0.504
 0.484
 0.511
 0.514
 0.495
 0.527
 0.565
 0.557
 0.503
 0.513
 0.494
 0.536
 0.524
 0.545
 0.488
 0.508
 0.517
 0.497
 0.521
 0.516
 0.462
 0.517
 0.557
 0.536
 0.528
 0.547
 0.532
 0.524
 0.527
 0.501
 0.492
 0.553
 0.569
 0.586
 0.547
 0.506
 0.511
 0.500
 0.500
 0.556
 0.498
 0.545
 0.544
 0.549
 0.503
 0.523
 0.489
 0.490
 0.533
 0.539
 0.521
 0.504
 0.568
 0.553
 0.511
 0.494
 0.533
 0.470
 0.510
 0.470
 0.546
 0.528
 0.523
 0.478
 0.532
 0.529
 0.485
 0.490
 0.551
 0.558
 0.498
 0.506
 0.520
 0.512
 0.541
 0.503
 0.497
 0.521
 0.533
 0.535
 0.489
 0.536
 0.534
 0.533
 0.511
 0.565
 0.549
 0.476
 0.508
 0.495
 0.532
 0.514
 0.498
 0.538
 0.555
 0.501
 0.476
 0.520
 0.506
 0.470
 0.527
 0.536
 0.479
 0.482
 0.516
 0.537
 0.539
 0.589
 0.555
 0.591
 0.531
 0.519
 0.520
 0.519
 0.539
 0.505
 0.548
 0.543
 0.521
 0.498
 0.547
 0.597
 0.574
 0.534
 0.520
 0.489
 0.545
 0.499
 0.536
 0.496
 0.508
 0.573
 0.540
 0.557
 0.542
 0.563
 0.486
 0.543
 0.545
 0.530
 0.470
 0.538
 0.482
 0.536
 0.553
 0.536
 0.514
 0.583
 0.540
 0.522
 0.518
 0.514
 0.561
 0.515
 0.492
 0.503
 0.519
 0.487
 0.527
 0.509
 0.483
 0.522
 0.558
 0.541
 0.592
 0.464
 0.562
 0.528
 0.543
 0.543
 0.539
 0.540
 0.476
 0.523
 0.494
 0.529
 0.560
 0.479
 0.516
 0.503
 0.561
 0.517
 0.507
 0.558
 0.489
 0.552
 0.496
 0.573
 0.502
 0.532
 0.490
 0.474
 0.597
 0.498
 0.567
 0.542

