
 0.468
 0.453
 0.467
 0.474
 0.477
 0.506
 0.459
 0.491
 0.472
 0.536
 0.520
 0.514
 0.468
 0.487
 0.463
 0.493
 0.483
 0.497
 0.430
 0.473
 0.509
 0.499
 0.511
 0.455
 0.486
 0.481
 0.463
 0.516
 0.518
 0.444
 0.505
 0.485
 0.497
 0.484
 0.475
 0.561
 0.450
 0.459
 0.486
 0.423
 0.476
 0.523
 0.508
 0.497
 0.453
 0.446
 0.517
 0.482
 0.504
 0.482
 0.436
 0.513
 0.442
 0.498
 0.446
 0.503
 0.508
 0.504
 0.490
 0.497
 0.516
 0.510
 0.505
 0.486
 0.510
 0.465
 0.476
 0.441
 0.491
 0.523
 0.503
 0.469
 0.489
 0.490
 0.399
 0.463
 0.514
 0.466
 0.465
 0.443
 0.485
 0.459
 0.495
 0.491
 0.450
 0.536
 0.512
 0.470
 0.491
 0.478
 0.489
 0.515
 0.500
 0.459
 0.440
 0.404
 0.440
 0.481
 0.495
 0.460
 0.506
 0.452
 0.491
 0.427
 0.505
 0.528
 0.508
 0.529
 0.506
 0.455
 0.531
 0.509
 0.527
 0.501
 0.465
 0.500
 0.501
 0.492
 0.504
 0.480
 0.494
 0.486
 0.486
 0.471
 0.513
 0.480
 0.438
 0.452
 0.485
 0.458
 0.479
 0.482
 0.503
 0.490
 0.480
 0.509
 0.503
 0.490
 0.507
 0.520
 0.505
 0.477
 0.551
 0.396
 0.517
 0.463
 0.446
 0.497
 0.503
 0.493
 0.459
 0.520
 0.463
 0.536
 0.488
 0.497
 0.451
 0.519
 0.479
 0.552
 0.405
 0.483
 0.496
 0.497
 0.432
 0.459
 0.468
 0.485
 0.511
 0.462
 0.464
 0.473
 0.441
 0.454
 0.501
 0.468
 0.454
 0.489
 0.514
 0.452
 0.482
 0.470
 0.478
 0.492
 0.465
 0.488
 0.460
 0.454
 0.525
 0.538
 0.487
 0.498
 0.517
 0.455
 0.482
 0.421
 0.466
 0.475
 0.457
 0.534

