
 0.591
 0.617
 0.613
 0.573
 0.631
 0.605
 0.556
 0.591
 0.649
 0.564
 0.563
 0.567
 0.587
 0.520
 0.593
 0.588
 0.671
 0.605
 0.608
 0.531
 0.587
 0.652
 0.614
 0.618
 0.591
 0.567
 0.626
 0.579
 0.625
 0.568
 0.643
 0.611
 0.629
 0.555
 0.631
 0.646
 0.588
 0.597
 0.632
 0.582
 0.601
 0.651
 0.571
 0.623
 0.578
 0.652
 0.606
 0.587
 0.647
 0.630
 0.596
 0.561
 0.583
 0.654
 0.583
 0.574
 0.603
 0.598
 0.613
 0.596
 0.577
 0.610
 0.615
 0.654
 0.601
 0.585
 0.591
 0.615
 0.600
 0.640
 0.632
 0.575
 0.612
 0.617
 0.600
 0.571
 0.607
 0.604
 0.616
 0.605
 0.635
 0.598
 0.627
 0.587
 0.676
 0.587
 0.601
 0.619
 0.551
 0.573
 0.586
 0.588
 0.571
 0.576
 0.659
 0.654
 0.642
 0.655
 0.580
 0.570
 0.634
 0.552
 0.605
 0.588
 0.581
 0.603
 0.603
 0.591
 0.549
 0.588
 0.571
 0.620
 0.652
 0.647
 0.599
 0.539
 0.583
 0.603
 0.616
 0.586
 0.616
 0.552
 0.621
 0.631
 0.611
 0.592
 0.639
 0.607
 0.570
 0.596
 0.619
 0.594
 0.582
 0.601
 0.638
 0.565
 0.582
 0.611
 0.618
 0.601
 0.601
 0.573
 0.610
 0.567
 0.609
 0.544
 0.628
 0.576
 0.592
 0.578
 0.610
 0.613
 0.586
 0.680
 0.601
 0.570
 0.554
 0.628
 0.616
 0.632
 0.577
 0.609
 0.623
 0.569
 0.556
 0.626
 0.618
 0.626
 0.597
 0.674
 0.600
 0.638
 0.634
 0.594
 0.650
 0.575
 0.626
 0.528
 0.630
 0.575
 0.626
 0.626
 0.628
 0.576
 0.608
 0.602
 0.664
 0.604
 0.630
 0.590
 0.629
 0.574
 0.595
 0.636
 0.595
 0.610
 0.576
 0.576
 0.615
 0.562

