0.4095971218098161 1
0.42170213053650174 1
0.44030143647979636 1
0.44090198112883866 1
0.4443176841166907 1
0.44565643428788265 1
0.4483257545648971 1
0.44881914697595127 1
0.4497559172123099 1
0.45013714294363116 1
0.4507552326855438 1
0.4507781667009462 1
0.4540514525427703 1
0.45418081155580464 1
0.4545477134255631 1
0.456196951025713 1
0.458384136977176 1
0.45936536514839277 1
0.45977849200406296 1
0.46056278707315346 1
0.46075837715750934 1
0.4608426214804146 1
0.4614799088753434 1
0.46274491608161517 1
0.4647504583698046 1
0.46672310745045137 1
0.46706081476140526 1
0.4673059146953838 1
0.46775990135563406 1
0.4679971479853182 1
0.46807205356150833 1
0.46836310274233545 1
0.4684257170078321 1
0.46873037829449166 1
0.46920290208687027 1
0.4692663542882425 1
0.4694254826386586 1
0.4712641592066131 1
0.4715361045348711 1
0.47171107875556506 1
0.472121642908307 1
0.47274609243423116 1
0.47333371067479385 1
0.4736797660186353 1
0.4738803985533482 1
0.4741852160266798 1
0.4743194801612909 1
0.4751182817668901 1
0.4756874303963447 1
0.476690065508651 1
0.4771132563137289 1
0.47758366127939794 1
0.4778975918108157 1
0.4780857446100437 1
0.4788391464282817 1
0.47927472249622355 1
0.4793225628729301 1
0.4800940336257088 1
0.48067085551813427 1
0.4814553218435754 1
0.48158986184940916 1
0.48224593468777927 1
0.4823009396878002 1
0.4825979154688955 1
0.48301035809991594 1
0.48333793782994705 1
0.4843542686415924 1
0.48660499307593563 1
0.4866784083830087 1
0.48681724505396046 1
0.48692056221204827 1
0.48745346975116083 1
0.4876191317912314 1
0.4882312800990245 1
0.4888438825565442 1
0.48887905297522594 1
0.4890774758526398 1
0.48908200915628636 1
0.4895234328083064 1
0.49014134584383123 1
0.49068145396264023 1
0.4907517256412639 1
0.49097638482615014 1
0.4912345572142127 1
0.49184896661036764 1
0.4922746578643588 1
0.4928366144326197 1
0.49308512398276116 1
0.49326076655645396 1
0.49342458502760844 1
0.4939025299496809 1
0.49413651871518366 1
0.4944876264488164 1
0.49556249575289724 1
0.4956965811863337 1
0.4959626233686107 1
0.49669459092485835 1
0.4968847740931519 1
0.4970985632515061 1
0.49718060704591743 1
0.4978045919638791 1
0.4985311972215492 1
0.49920813984696644 1
0.49970819823476353 1
0.4998279334377734 1
0.5005636988821205 1
0.5008742066804588 1
0.5009604765285208 1
0.5010591454112712 1
0.5014204841881897 1
0.5017967699673312 1
0.5018223910880231 1
0.5020906641835685 1
0.5022013126663771 1
0.5027730110780348 1
0.5028109702236828 1
0.5028784884277016 1
0.5035307684671294 1
0.5039827503129309 1
0.5043464457716145 1
0.5043852508472442 1
0.5048877011545087 1
0.5050546329493806 1
0.5054258539809112 1
0.505693959761982 1
0.5060556203765566 1
0.5061836843309905 1
0.5068988311496629 1
0.5075872167647506 1
0.5077244406596311 1
0.507770126807566 1
0.5081832545677778 1
0.5087212642857774 1
0.5090445830025319 1
0.5095021102050964 1
0.5096746908888901 1
0.5097968180410752 1
0.5098274328689087 1
0.51031295450527 1
0.5103341220854989 1
0.5104363702974202 1
0.5104753086401833 1
0.5115210267686434 1
0.5118343503725873 1
0.511911909182958 1
0.5121200568068673 1
0.5125755864844854 1
0.5146135973933923 1
0.5146428548678895 1
0.5150534864026919 1
0.5151362399529823 1
0.5154147831746307 1
0.5154640251371078 1
0.5154854198457837 1
0.5157468589916437 1
0.5159207201961615 1
0.5162264657695854 1
0.516576580529468 1
0.5170766230005361 1
0.5173407158298395 1
0.5178150270262012 1
0.5188012399712488 1
0.5188496647236276 1
0.5211746504445439 1
0.5213196410301889 1
0.5213592737154046 1
0.5218804284516287 1
0.5221376966001812 1
0.5224846667553369 1
0.5234558835191638 1
0.5238414227487544 1
0.5251020142614004 1
0.5255850669840872 1
0.5256684445599606 1
0.5265782072981917 1
0.5270693756804627 1
0.5281708439093535 1
0.5301683543294784 1
0.5306369452548808 1
0.5314500889302157 1
0.5322666407920414 1
0.5323749198765022 1
0.5325801146109153 1
0.5328152159333578 1
0.5330697017650787 1
0.5347448912607691 1
0.536300302307809 1
0.5405853267685923 1
0.5418583263556228 1
0.5422225602812264 1
0.5454933360380118 1
0.5463942304964132 1
0.5467461195207037 1
0.5468090654427271 1
0.5472393541956988 1
0.5608165264451528 1
0.5627399468959947 1
0.5653418130203616 1
0.5675275929118127 1
0.5778245398558486 1
