
 0.527
 0.504
 0.496
 0.515
 0.459
 0.483
 0.490
 0.519
 0.531
 0.474
 0.488
 0.521
 0.515
 0.510
 0.501
 0.501
 0.526
 0.512
 0.545
 0.446
 0.494
 0.496
 0.472
 0.493
 0.491
 0.506
 0.510
 0.522
 0.456
 0.503
 0.510
 0.469
 0.494
 0.498
 0.497
 0.512
 0.523
 0.468
 0.512
 0.502
 0.461
 0.501
 0.472
 0.503
 0.505
 0.533
 0.465
 0.468
 0.471
 0.526
 0.521
 0.463
 0.563
 0.530
 0.568
 0.516
 0.531
 0.477
 0.492
 0.482
 0.492
 0.487
 0.542
 0.448
 0.469
 0.480
 0.478
 0.481
 0.489
 0.468
 0.450
 0.504
 0.461
 0.508
 0.487
 0.483
 0.478
 0.502
 0.504
 0.461
 0.454
 0.547
 0.515
 0.510
 0.489
 0.444
 0.533
 0.467
 0.478
 0.493
 0.487
 0.561
 0.533
 0.449
 0.528
 0.509
 0.497
 0.481
 0.450
 0.541
 0.517
 0.502
 0.510
 0.501
 0.467
 0.422
 0.510
 0.516
 0.458
 0.454
 0.525
 0.500
 0.493
 0.473
 0.499
 0.474
 0.451
 0.499
 0.460
 0.461
 0.467
 0.536
 0.524
 0.483
 0.515
 0.475
 0.479
 0.502
 0.491
 0.508
 0.508
 0.500
 0.505
 0.484
 0.469
 0.508
 0.565
 0.410
 0.451
 0.455
 0.532
 0.510
 0.479
 0.482
 0.532
 0.547
 0.504
 0.468
 0.476
 0.522
 0.522
 0.513
 0.515
 0.491
 0.515
 0.469
 0.506
 0.474
 0.487
 0.489
 0.517
 0.578
 0.490
 0.505
 0.493
 0.488
 0.509
 0.503
 0.547
 0.468
 0.512
 0.527
 0.473
 0.479
 0.510
 0.441
 0.518
 0.519
 0.535
 0.497
 0.477
 0.546
 0.474
 0.497
 0.482
 0.521
 0.487
 0.496
 0.491
 0.507
 0.516
 0.440
 0.494
 0.542
 0.472
 0.515
 0.517
 0.501
 0.489
 0.506

