0.445395786248055 1
0.45135501006198164 1
0.45344847779803665 1
0.4555121997022992 1
0.4577448325886845 1
0.4589593558520182 1
0.4623371594294882 1
0.46367866932989876 1
0.4637614823355774 1
0.46829630240072584 1
0.4713071050897735 1
0.4719059456899292 1
0.4730088081517727 1
0.4741561681621438 1
0.4743082743109258 1
0.4745229904123245 1
0.47487668900385094 1
0.4764022513295639 1
0.4771484117566247 1
0.4794265764320313 1
0.47954433419085285 1
0.47955925340908884 1
0.47989929145122595 1
0.4811613777009025 1
0.4825450115135982 1
0.4829391507251141 1
0.4834415186329053 1
0.4872902687401091 1
0.48757553649053326 1
0.4878138812189824 1
0.4888832115587188 1
0.4891437474301664 1
0.48953549824121934 1
0.48978771404581695 1
0.48984127185956067 1
0.490314365159687 1
0.4904961135975933 1
0.49077544006042567 1
0.4908083322120202 1
0.4919705599357281 1
0.4920521075889176 1
0.49208255331038336 1
0.4921996069139604 1
0.49226818273241085 1
0.4924446737943773 1
0.49255064177472435 1
0.4926849597689986 1
0.4927098277565451 1
0.49351005366774636 1
0.49404475274574794 1
0.4945636338452424 1
0.49509299761521836 1
0.4954748829583644 1
0.4955541940037561 1
0.4969820530725662 1
0.49729088115691034 1
0.4975762438603742 1
0.49813534547583205 1
0.4982279065336323 1
0.49897766164835916 1
0.4992446293937781 1
0.49961917639214454 1
0.4997279574412476 1
0.49989873756609277 1
0.5000169785846404 1
0.500113805685327 1
0.5005474813260594 1
0.5008671586410387 1
0.5015116640289671 1
0.5018744857653453 1
0.5026705286040891 1
0.5026760278152268 1
0.5026819571788842 1
0.5033021414399752 1
0.5033450231123476 1
0.5038084647032062 1
0.5038200697723314 1
0.5038466355604793 1
0.5045670956066715 1
0.5047819616371834 1
0.5050307780762365 1
0.5050593034196001 1
0.5053978527284648 1
0.505730674288146 1
0.5059940488297052 1
0.5065074524444562 1
0.5070045842706148 1
0.5073518063260651 1
0.5086910983234878 1
0.5088115718015167 1
0.5089847418192354 1
0.5090322837287397 1
0.5090503967848015 1
0.5094924418767234 1
0.509597236051649 1
0.5102965831582575 1
0.5109666280495712 1
0.5113055901523892 1
0.5113156263619104 1
0.5114604556840632 1
0.5117671424942803 1
0.5123156490443567 1
0.5125057003135797 1
0.5128004480759997 1
0.5135064178559988 1
0.5137277355698575 1
0.5139163576344845 1
0.5146492935952446 1
0.5146725015747021 1
0.5156465855635204 1
0.5160623159871124 1
0.516644694541432 1
0.5169817903687428 1
0.5183388665126248 1
0.518520761189333 1
0.5186317042096542 1
0.5187106375421066 1
0.5191629824825834 1
0.5194146064876141 1
0.5197449820818294 1
0.5198166950665154 1
0.5203747045220466 1
0.5207870082931947 1
0.5209867754578671 1
0.521229893721 1
0.5216225817114301 1
0.521712509090626 1
0.5222665533236618 1
0.5223507610704476 1
0.5225073409605807 1
0.5227045895311395 1
0.5232951812021229 1
0.5233586648348223 1
0.523637882426046 1
0.524082856457231 1
0.524201974110612 1
0.5245485473252409 1
0.524553131454603 1
0.5247342693657145 1
0.5248996188883052 1
0.5250197456364828 1
0.5253705234217326 1
0.5257594103480944 1
0.5258853852587624 1
0.5265099926535217 1
0.5267329984278444 1
0.5269947407442763 1
0.5277187987263122 1
0.5279910361064153 1
0.5282512215124353 1
0.5289772772691795 1
0.5291776765962944 1
0.5301069822005642 1
0.5308371081786945 1
0.5309083916042194 1
0.5309553431885885 1
0.5310452888342438 1
0.5316652230707422 1
0.531727932187207 1
0.5318363973415703 1
0.5319343088647264 1
0.5319511727702034 1
0.5322155766871988 1
0.5336911622122572 1
0.5339893916851375 1
0.5340071052660843 1
0.534441700927448 1
0.5345129578962613 1
0.5347740649413897 1
0.534946634900276 1
0.5350215408627358 1
0.5365617720653215 1
0.53725553556717 1
0.5388506586731517 1
0.5405025085524331 1
0.5429345656483267 1
0.5429353683580636 1
0.5436319138889188 1
0.5438052237625287 1
0.5461250158366542 1
0.5461787443706904 1
0.5474652533556363 1
0.5485604218389099 1
0.5488084821540266 1
0.5493755445816731 1
0.5504973158702205 1
0.5525797515833751 1
0.5537046768236322 1
0.5557947249254754 1
0.5577879800057798 1
0.5588522991088652 1
0.5619531842738015 1
0.5623636108753457 1
0.5625856941260517 1
0.5631573896178069 1
0.5655948779915779 1
0.5682624357059829 1
0.5765021689746438 1
0.5834928825021451 1
0.5871011929016579 1
