
 0.524
 0.519
 0.535
 0.537
 0.544
 0.528
 0.526
 0.546
 0.505
 0.509
 0.513
 0.520
 0.509
 0.534
 0.506
 0.535
 0.509
 0.537
 0.503
 0.563
 0.499
 0.522
 0.476
 0.512
 0.543
 0.587
 0.525
 0.491
 0.522
 0.475
 0.534
 0.539
 0.487
 0.500
 0.499
 0.534
 0.520
 0.526
 0.502
 0.491
 0.549
 0.474
 0.535
 0.523
 0.509
 0.534
 0.445
 0.511
 0.494
 0.583
 0.556
 0.497
 0.553
 0.525
 0.535
 0.503
 0.489
 0.568
 0.500
 0.505
 0.505
 0.511
 0.495
 0.525
 0.509
 0.490
 0.521
 0.492
 0.462
 0.488
 0.505
 0.514
 0.515
 0.559
 0.543
 0.531
 0.541
 0.513
 0.453
 0.566
 0.523
 0.510
 0.532
 0.483
 0.516
 0.532
 0.459
 0.515
 0.498
 0.481
 0.519
 0.547
 0.494
 0.501
 0.516
 0.517
 0.506
 0.562
 0.510
 0.529
 0.497
 0.529
 0.503
 0.523
 0.500
 0.474
 0.483
 0.490
 0.464
 0.501
 0.544
 0.509
 0.496
 0.507
 0.480
 0.532
 0.554
 0.514
 0.524
 0.492
 0.527
 0.531
 0.468
 0.530
 0.492
 0.493
 0.519
 0.558
 0.550
 0.492
 0.495
 0.498
 0.504
 0.483
 0.520
 0.528
 0.507
 0.480
 0.532
 0.522
 0.525
 0.490
 0.495
 0.527
 0.498
 0.503
 0.493
 0.519
 0.490
 0.505
 0.514
 0.524
 0.521
 0.531
 0.489
 0.500
 0.527
 0.522
 0.512
 0.458
 0.471
 0.525
 0.525
 0.456
 0.519
 0.532
 0.546
 0.493
 0.464
 0.479
 0.518
 0.549
 0.503
 0.492
 0.528
 0.500
 0.504
 0.531
 0.472
 0.488
 0.562
 0.511
 0.477
 0.511
 0.521
 0.473
 0.549
 0.504
 0.480
 0.532
 0.523
 0.475
 0.563
 0.577
 0.502
 0.507
 0.451
 0.517
 0.492
 0.490

