1 31
0 48
0 33
1 49
1 44
1 52
1 57
1 48
0 40
0 38
0 38
1 55
1 40
0 40
0 47
1 42
0 42
1 38
0 47
0 55
0 51
1 45
0 43
0 41
1 37
1 35
0 44
1 49
1 41
1 48
0 50
1 50
0 44
1 40
0 38
1 37
1 45
1 47
1 30
0 35
0 46
0 44
1 31
1 40
1 49
1 39
0 38
1 32
1 37
0 41
1 42
0 42
1 41
0 40
1 41
0 40
0 38
1 38
1 40
1 45
0 44
1 44
1 50
0 43
1 49
1 54
0 36
1 38
0 45
1 37
1 36
1 39
0 45
1 41
1 54
1 44
0 46
1 53
0 47
0 34
0 32
1 33
0 38
1 48
0 40
1 37
1 39
1 49
0 37
1 38
1 40
1 41
0 44
0 38
1 41
0 56
0 38
1 34
0 51
1 44
0 52
0 33
0 54
0 32
1 55
0 34
0 39
0 46
0 54
0 45
0 43
0 36
0 58
0 41
0 45
1 46
1 39
1 43
1 38
0 37
0 39
1 42
1 39
0 49
1 28
1 46
0 52
0 45
0 36
0 38
1 46
1 37
1 48
1 33
0 47
0 40
0 36
0 34
1 45
1 40
1 46
0 46
1 49
0 44
0 28
1 48
1 42
0 43
0 41
0 41
0 41
0 56
1 40
0 44
0 42
1 38
1 39
1 35
1 42
0 36
1 37
0 44
0 43
1 40
1 45
1 42
0 45
1 46
1 38
1 49
0 38
0 31
0 43
0 32
0 46
0 41
0 52
0 34
0 36
1 37
0 33
0 53
0 34
0 36
0 38
1 42
0 34
1 47
1 42
0 51
0 51
1 45
1 35
1 44
0 53
1 34
0 37
0 37
1 40
1 43
