0.457611576544076 1
0.46198782235447683 1
0.46329509195981655 1
0.46495125313925784 1
0.4663466213856409 1
0.4671756901428627 1
0.4681241871267085 1
0.4694103510538036 1
0.47092480622918437 1
0.47171403348192903 1
0.47172163858541855 1
0.4721093521495688 1
0.47271204633914576 1
0.4728300844282372 1
0.47350752456973827 1
0.4735280291444255 1
0.4759444190406682 1
0.47675333162829014 1
0.4772945320122411 1
0.4780615383609979 1
0.4782781254082359 1
0.4785674080166226 1
0.47871757174297896 1
0.4791969470776508 1
0.47923237858265905 1
0.4798323966772173 1
0.48016666204420705 1
0.48023231668902305 1
0.4806731734418514 1
0.4811250025099576 1
0.4811683328192852 1
0.48196223385972053 1
0.4832561563459022 1
0.48353185360408507 1
0.4838781822669166 1
0.48401173080578935 1
0.48516671332225214 1
0.48524638198974457 1
0.4853633833273077 1
0.48588910052130185 1
0.48607328396012334 1
0.48667120300479544 1
0.4868107385703016 1
0.4870442441721428 1
0.4872443886790339 1
0.48725109253155074 1
0.48795969885410395 1
0.4881656021203201 1
0.49106223649138586 1
0.4970640966221102 1
