
 0.524
 0.537
 0.504
 0.517
 0.516
 0.532
 0.546
 0.525
 0.537
 0.563
 0.555
 0.553
 0.539
 0.538
 0.534
 0.545
 0.550
 0.552
 0.549
 0.551
 0.545
 0.522
 0.533
 0.547
 0.545
 0.515
 0.549
 0.529
 0.554
 0.538
 0.538
 0.532
 0.544
 0.544
 0.541
 0.545
 0.521
 0.547
 0.543
 0.548
 0.546
 0.542
 0.533
 0.567
 0.532
 0.541
 0.543
 0.545
 0.536
 0.542
 0.544
 0.539
 0.536
 0.567
 0.534
 0.549
 0.543
 0.534
 0.538
 0.539
 0.543
 0.521
 0.558
 0.546
 0.532
 0.549
 0.538
 0.542
 0.550
 0.530
 0.552
 0.547
 0.536
 0.557
 0.546
 0.529
 0.550
 0.534
 0.530
 0.551
 0.542
 0.537
 0.559
 0.542
 0.538
 0.555
 0.551
 0.545
 0.547
 0.539
 0.533
 0.531
 0.535
 0.555
 0.541
 0.535
 0.546
 0.545
 0.538
 0.555
 0.532
 0.542
 0.540
 0.554
 0.534
 0.513
 0.548
 0.545
 0.537
 0.543
 0.534
 0.548
 0.551
 0.556
 0.548
 0.544
 0.549
 0.537
 0.544
 0.543
 0.543
 0.557
 0.537
 0.552
 0.540
 0.534
 0.533
 0.535
 0.546
 0.543
 0.539
 0.552
 0.550
 0.549
 0.521
 0.532
 0.545
 0.546
 0.535
 0.553
 0.538
 0.533
 0.558
 0.558
 0.556
 0.522
 0.538
 0.535
 0.540
 0.542
 0.555
 0.527
 0.545
 0.558
 0.541
 0.560
 0.525
 0.536
 0.514
 0.536
 0.535
 0.535
 0.550
 0.540
 0.534
 0.549
 0.551
 0.540
 0.552
 0.558
 0.530
 0.540
 0.538
 0.541
 0.553
 0.535
 0.528
 0.558
 0.544
 0.532
 0.523
 0.540
 0.528
 0.544
 0.547
 0.550
 0.541
 0.543
 0.540
 0.531
 0.549
 0.531
 0.541
 0.544
 0.545
 0.528
 0.545
 0.554
 0.547
 0.543
 0.539
 0.542
 0.542
 0.558
 0.571
 0.544
 0.546
 0.547
 0.544
 0.557
 0.547
 0.531
 0.535
 0.549
 0.522
 0.537
 0.537
 0.536
 0.531
 0.543
 0.531
 0.543
 0.543
 0.545
 0.546
 0.551
 0.537
 0.547
 0.539
 0.541
 0.538
 0.542
 0.539
 0.539
 0.540
 0.556
 0.557
 0.547
 0.546
 0.544
 0.539
 0.537
 0.553
 0.537
 0.546
 0.553
 0.528
 0.528
 0.532
 0.543
 0.554
 0.524
 0.525
 0.534
 0.523
 0.540
 0.531
 0.542
 0.514
 0.550
 0.565
 0.543
 0.561
 0.541
 0.531
 0.549
 0.546
 0.532
 0.539
 0.546
 0.535
 0.546
 0.554
 0.540
 0.541
 0.536
 0.545
 0.528
 0.550
 0.557
 0.539
 0.530
 0.522
 0.547
 0.542
 0.534
 0.553
 0.541
 0.528
 0.539
 0.549
 0.543
 0.548
 0.528
 0.552
 0.556
 0.520
 0.544
 0.551
 0.541
 0.560
 0.541
 0.537
 0.536
 0.530
 0.546
 0.551
 0.547
 0.544
 0.533
 0.540
 0.553
 0.533
 0.544
 0.545
 0.520
 0.541
 0.554
 0.538
 0.541
 0.537
 0.538
 0.533
 0.525
 0.548
 0.530
 0.538
 0.527
 0.533
 0.534
 0.536
 0.531
 0.551
 0.555
 0.555
 0.540
 0.524
 0.539
 0.553
 0.552
 0.560
 0.547
 0.548
 0.534
 0.549
 0.515
 0.537
 0.536
 0.533
 0.545
 0.532
 0.549
 0.535
 0.535
 0.527
 0.530
 0.544
 0.551
 0.528
 0.544
 0.526
 0.553
 0.546
 0.546
 0.546
 0.537
 0.556
 0.527
 0.520
 0.505
 0.538
 0.552
 0.547
 0.547
 0.547
 0.532
 0.532
 0.534
 0.552
 0.545
 0.539
 0.542
 0.546
 0.548
 0.516
 0.543
 0.525
 0.517
 0.541
 0.516
 0.523
 0.532
 0.538
 0.536
 0.544
 0.531
 0.533
 0.555
 0.533
 0.543
 0.545
 0.523
 0.557
 0.533
 0.542
 0.544
 0.546
 0.526
 0.547
 0.563
 0.521
 0.546
 0.542
 0.531
 0.524
 0.525
 0.537
 0.541
 0.539
 0.547
 0.535
 0.530
 0.538
 0.548
 0.553
 0.525
 0.544
 0.550
 0.549
 0.550
 0.530
 0.552
 0.561
 0.542
 0.544
 0.551
 0.551
 0.545
 0.542
 0.549
 0.553
 0.555
 0.557
 0.536
 0.532
 0.549
 0.534
 0.546
 0.516
 0.524
 0.537
 0.544
 0.541
 0.540
 0.551
 0.561
 0.562
 0.543
 0.550
 0.543
 0.539
 0.538
 0.519
 0.528
 0.548
 0.533
 0.529
 0.553
 0.553
 0.543
 0.535
 0.546
 0.531
 0.531
 0.552
 0.542
 0.550
 0.522
 0.554
 0.549
 0.551
 0.551
 0.524
 0.545
 0.528
 0.552
 0.552
 0.547
 0.529
 0.535
 0.538
 0.527
 0.534
 0.544
 0.537
 0.549
 0.548
 0.548
 0.531
 0.540
 0.531
 0.543
 0.532
 0.525
 0.548
 0.547
 0.541
 0.531
 0.532
 0.538
 0.561
 0.540
 0.530
 0.542
 0.533
 0.545
 0.535
 0.538
 0.522
 0.538
 0.562
 0.508
 0.526
 0.549
 0.556
 0.558
 0.544
 0.562
 0.529
 0.536
 0.556
 0.534
 0.536
 0.526
 0.547
 0.550
 0.550
 0.526
 0.550
 0.526
 0.543
 0.541
 0.533
 0.518
 0.535
 0.542
 0.533
 0.538
 0.531
 0.538
 0.538
 0.544
 0.556
 0.542
 0.538
 0.545
 0.555
 0.523
 0.540
 0.544
 0.539
 0.534
 0.548
 0.545
 0.531
 0.542
 0.540
 0.548
 0.508
 0.540
 0.544
 0.560
 0.553
 0.551
 0.533
 0.539
 0.542
 0.537
 0.519
 0.520
 0.541
 0.522
 0.558
 0.540
 0.530
 0.543
 0.522
 0.543
 0.538
 0.565
 0.537
 0.546
 0.545
 0.550
 0.535
 0.524
 0.559
 0.538
 0.554
 0.535
 0.546
 0.554
 0.531
 0.529
 0.562
 0.533
 0.546
 0.550
 0.534
 0.528
 0.547
 0.543
 0.538
 0.550
 0.537
 0.547
 0.562
 0.531
 0.547
 0.548
 0.549
 0.539
 0.552
 0.543
 0.533
 0.551
 0.541
 0.548
 0.551
 0.540
 0.544
 0.535
 0.540
 0.545
 0.554
 0.519
 0.553
 0.549
 0.537
 0.529
 0.541
 0.560
 0.541
 0.533
 0.542
 0.546
 0.551
 0.536
 0.553
 0.535
 0.542
 0.523
 0.543
 0.542
 0.534
 0.540
 0.542
 0.533
 0.536
 0.551
 0.531
 0.526
 0.544
 0.551
 0.521
 0.524
 0.543
 0.546
 0.537
 0.554
 0.559
 0.544
 0.537
 0.525
 0.558
 0.530
 0.517
 0.521
 0.534
 0.542
 0.538
 0.540
 0.526
 0.542
 0.541
 0.550
 0.543
 0.565
 0.524
 0.538
 0.548
 0.548
 0.540
 0.539
 0.536
 0.532
 0.550
 0.540
 0.539
 0.534
 0.554
 0.540
 0.537
 0.547
 0.555
 0.539
 0.551
 0.551
 0.548
 0.529
 0.523
 0.538
 0.544
 0.539
 0.534
 0.549
 0.535
 0.546
 0.544
 0.542
 0.533
 0.545
 0.553
 0.520
 0.535
 0.533
 0.546
 0.526
 0.559
 0.541
 0.528
 0.554
 0.539
 0.549
 0.540
 0.520
 0.557
 0.538
 0.533
 0.544
 0.551
 0.550
 0.544
 0.539
 0.536
 0.534
 0.538
 0.544
 0.553
 0.532
 0.540
 0.543
 0.541
 0.534
 0.537
 0.545
 0.537
 0.542
 0.524
 0.546
 0.543
 0.536
 0.535
 0.541
 0.527
 0.546
 0.534
 0.555
 0.549
 0.549
 0.547
 0.517
 0.535
 0.549
 0.542
 0.549
 0.536
 0.550
 0.541
 0.537
 0.540
 0.552
 0.526
 0.546
 0.544
 0.543
 0.533
 0.551
 0.523
 0.547
 0.529
 0.538
 0.549
 0.538
 0.542
 0.556
 0.536
 0.537
 0.551
 0.547
 0.549
 0.535
 0.546
 0.529
 0.554
 0.557
 0.545
 0.538
 0.539
 0.534
 0.547
 0.536
 0.528
 0.543
 0.546
 0.528
 0.546
 0.541
 0.535
 0.546
 0.530
 0.552
 0.552
 0.540
 0.539
 0.545
 0.535
 0.547
 0.558
 0.537
 0.528
 0.535
 0.551
 0.550
 0.530
 0.549
 0.533
 0.538
 0.543
 0.534
 0.539
 0.552
 0.547
 0.535
 0.527
 0.543
 0.543
 0.536
 0.530
 0.548
 0.542
 0.541
 0.548
 0.526
 0.543
 0.540
 0.534
 0.534
 0.540
 0.542
 0.528
 0.529
 0.536
 0.551
 0.533
 0.520
 0.526
 0.554
 0.548
 0.535
 0.539
 0.540
 0.528
 0.538
 0.547
 0.528
 0.541
 0.536
 0.558
 0.551
 0.533
 0.521
 0.529
 0.532
 0.542
 0.526
 0.541
 0.546
 0.543
 0.531
 0.556
 0.543
 0.554
 0.555
 0.554
 0.546
 0.534
 0.529
 0.554
 0.547
 0.539
 0.532
 0.543
 0.546
 0.555
 0.533
 0.544
 0.549
 0.536
 0.539
 0.541
 0.536
 0.516
 0.541
 0.514
 0.538
 0.526
 0.557
 0.530
 0.533
 0.537
 0.530
 0.545
 0.534
 0.542
 0.558
 0.542
 0.532
 0.533
 0.554
 0.543
 0.550
 0.549
 0.525
 0.555
 0.543
 0.526
 0.541
 0.532
 0.540
 0.546
 0.531
 0.544
 0.530
 0.541
 0.543
 0.545
 0.548
 0.532
 0.545
 0.529
 0.548
 0.542
 0.534
 0.542
 0.544
 0.526
 0.526
 0.528
 0.532
 0.538
 0.524
 0.534
 0.561
 0.525
 0.538
 0.527
 0.553
 0.536
 0.549
 0.551
 0.569
 0.538
 0.549
 0.524
 0.562
 0.529
 0.547
 0.535
 0.545
 0.546
 0.527
 0.546
 0.529
 0.572
 0.527
 0.531
 0.553
 0.545
 0.548
 0.542
 0.526
 0.531
 0.538
 0.551
 0.549
 0.543
 0.553
 0.539
 0.542

