11611 40
6996 40
21146 38
10994 36
28411 49
17 47
10169 39
13876 45
14119 52
2614 42
6801 29
10086 45
10219 43
1333 36
24544 40
24095 38
21554 48
8252 41
7396 41
18138 48
568 45
918 49
8246 36
22710 40
25142 33
6840 51
22664 50
8422 41
23412 42
15054 48
17864 42
7304 52
24742 35
18299 32
7203 35
21212 41
28986 37
5026 46
3420 42
14305 35
26324 47
20865 35
8755 42
15524 58
7267 50
4203 50
27327 38
15661 33
6976 41
10332 30
14465 48
11974 50
9737 47
13026 34
9267 42
11312 50
8320 31
21559 45
20394 41
472 40
19062 28
14992 34
11029 33
19900 35
16748 42
4064 33
7057 35
23945 33
3857 41
24203 44
12813 43
7690 57
16370 35
21065 35
21251 40
16816 40
23167 42
22589 43
37 43
13160 38
8076 45
18774 47
1970 52
4445 30
12831 44
12375 41
17160 57
12217 43
5608 43
10306 40
15647 39
17240 44
3369 44
26880 39
2555 35
6509 44
27046 51
26018 39
13529 40
10653 40
26530 51
10238 46
5945 41
14778 37
17591 44
29636 45
1438 45
29766 45
25176 38
24128 48
17429 39
14738 41
7071 37
6980 49
19698 33
24690 48
28616 54
17091 32
24634 56
10415 38
3035 51
21646 47
28498 41
20470 43
23073 39
19531 32
21986 42
17429 45
27860 35
9471 41
11474 45
2724 38
4405 44
14974 37
3660 28
6165 48
25760 49
21112 52
17769 46
27722 40
17742 37
5681 36
9205 35
301 57
3090 49
9585 35
20361 38
23101 46
26190 34
18196 34
28384 51
25659 40
22852 40
7096 55
15912 45
12957 54
28239 38
11916 27
29235 38
1822 27
11799 41
12994 35
18937 35
8495 38
11030 56
21267 56
20903 38
6502 36
6030 42
2194 41
538 41
12964 40
24137 48
29576 33
10236 37
100 41
28485 28
20893 34
9504 34
27088 33
5993 51
10222 43
18691 42
25425 33
29227 35
13928 43
1025 51
8696 40
22630 44
8153 33
3564 42
15045 41
26917 42
25599 37
15819 27
17769 41
25864 35
22351 51
15070 44
26207 39
27380 27
13299 41
9920 29
5611 42
15589 37
27343 40
28290 45
20809 54
22655 53
20794 31
22921 34
4356 36
28313 50
29324 38
6524 43
25373 40
21435 42
25472 38
29932 41
10526 54
11593 33
29997 36
10053 50
13488 39
9287 49
11415 39
35 38
3843 42
11524 41
18709 42
21850 31
669 42
14558 46
17619 31
1504 34
10009 33
27910 38
963 35
9254 38
9114 40
13364 35
8199 39
21566 36
3672 28
9288 44
18900 34
28136 50
17302 36
14557 52
18915 32
15977 39
25278 40
17440 40
6835 41
3577 41
16905 41
13065 42
21866 38
21180 29
23025 47
28548 37
22431 32
28584 42
6962 49
17522 51
7668 47
19334 36
18635 27
15628 49
21598 40
19860 42
2796 41
5555 43
11965 35
3966 46
3142 34
4416 54
2701 30
7165 37
24612 49
27666 42
611 45
11538 42
26420 42
12326 39
3169 41
282 55
8248 50
28065 38
15350 54
11690 47
21658 31
27646 40
9084 39
5109 39
8052 49
8386 42
29335 55
6444 39
23486 52
13621 31
25839 46
17909 31
19316 33
27674 33
19323 48
6130 44
5974 43
19561 50
25451 32
14235 45
15260 38
19528 34
18876 49
7313 39
14204 35
8630 54
3613 38
16556 34
21005 29
14817 53
14414 47
15502 41
10638 46
9458 53
27077 45
2110 40
24504 38
15865 38
3443 54
12896 53
4981 44
6242 47
9444 44
19998 37
11894 40
5485 34
1808 50
18964 31
23759 37
9455 42
10958 44
24054 48
2224 55
11789 36
4298 49
9112 44
23314 36
6838 38
5377 45
15508 50
24029 43
7147 44
434 35
4218 43
7440 51
11811 46
14522 36
16968 43
13696 29
27211 36
4792 40
21315 35
18355 36
13955 40
18576 32
6740 44
13099 35
3387 53
8683 43
3184 33
7236 42
3706 43
17733 40
10013 31
1458 55
9672 33
7533 38
2138 38
18011 46
10924 37
28263 38
10938 50
23875 49
12237 32
25792 37
769 47
15636 30
14473 51
13605 42
17110 47
26522 40
17664 42
8720 38
19930 53
17556 59
7462 35
28546 48
15491 38
15931 31
23237 38
27868 29
1723 38
24566 38
304 47
22102 39
16289 53
27350 49
20169 26
24612 31
12776 40
4779 39
21229 44
12152 52
28816 36
24632 35
8195 51
3556 52
572 40
11919 44
1408 47
2447 30
860 44
11607 28
17394 42
5152 44
23107 52
16642 48
9338 32
10053 45
578 37
12403 50
20664 45
4369 45
19649 47
27103 46
16629 50
8823 29
27439 44
5686 29
17735 51
9742 47
27884 42
2473 45
4841 40
21994 38
16252 37
25260 32
9127 35
14652 40
20198 45
622 53
534 47
4473 41
5787 44
17010 46
5940 47
155 32
9388 41
18676 39
23158 39
2920 45
1016 42
9627 41
18891 43
16205 37
1575 40
12666 38
27952 38
9201 32
25506 30
24103 35
7482 49
15610 50
11576 49
19965 43
23481 48
10299 55
27977 44
24420 53
17701 45
22548 34
3529 32
15741 35
10979 41
25272 43
4555 35
9437 40
24157 45
24986 40
17031 48
12124 42
130 42
17342 49
15740 37
23399 32
20051 41
7836 40
26569 40
16308 39
3444 31
26704 41
24614 53
20052 32
5871 46
11185 36
19507 38
11289 41
8876 38
7129 43
310 40
2810 47
15218 36
15427 36
5422 36
10457 42
27834 38
26967 41
18273 42
949 36
23659 43
2650 37
7041 40
4752 35
23224 42
2621 41
6326 49
19280 39
14003 41
11091 43
569 32
18593 46
9682 36
76 45
23069 53
16257 37
28903 45
7020 35
20668 52
18290 36
25648 31
17584 43
12638 53
3001 53
19180 44
5870 34
22874 40
24156 37
14413 50
79 50
27345 43
3172 42
23763 47
11949 39
3712 33
5019 48
18805 56
3404 42
27215 47
11180 32
24657 44
13592 37
16294 54
11360 34
21655 44
13953 49
22958 44
3672 48
27820 45
8057 43
26666 42
20768 45
1690 39
16798 43
16389 38
6767 47
28356 46
8027 34
13679 45
26951 46
2006 41
12890 45
9817 40
19003 53
5930 47
19040 39
2660 43
10979 41
15765 45
23430 28
3440 54
17448 35
13788 36
14689 45
655 40
11001 45
11267 45
6982 50
27253 41
11940 41
12289 44
3926 32
18513 32
4128 36
6046 57
12423 47
21507 40
29922 42
5354 47
22299 47
12594 39
11706 40
17134 53
28311 48
17231 35
11821 40
25710 38
6479 43
6366 47
6672 42
22148 37
16766 38
25848 36
24446 26
2351 39
28882 46
29669 49
19229 48
13347 34
27430 51
14401 35
7354 42
1104 40
26751 39
914 48
4521 35
24296 44
24624 42
20425 37
14652 38
16687 44
27518 45
14999 56
3551 51
16307 42
28247 39
17972 45
2197 48
2185 47
19782 35
7208 46
26025 43
29288 25
6545 41
23828 44
17643 37
19309 48
6748 54
20871 40
21351 39
19151 44
16304 32
10435 41
8314 39
10372 35
6452 44
4055 48
11495 49
11433 56
13566 45
9541 46
29352 45
20343 50
10618 41
18061 42
16910 54
8281 30
25459 30
18115 40
22101 36
24912 41
11475 31
7999 56
14243 29
23435 37
1214 47
15533 31
20191 27
27942 39
3376 43
3225 44
22038 40
27370 38
17963 42
18564 42
28288 44
19211 44
23548 48
2888 48
28142 49
12247 38
24409 36
18194 32
25956 39
20850 43
3818 41
9393 45
20022 38
3811 51
22935 38
9782 43
16612 44
8369 48
22644 30
20026 42
26713 33
4887 37
8265 47
5603 47
19016 45
9669 35
24285 34
4534 36
28599 31
12637 42
8237 46
16281 48
26268 42
2941 42
29457 46
23917 35
18739 59
19205 32
9790 42
25135 43
24773 56
21848 47
9299 52
23219 44
26957 42
2906 39
10748 54
16983 46
23127 46
13894 46
11991 43
8586 38
15394 33
14622 29
25481 34
10396 35
18395 38
25369 56
28859 42
6359 44
11749 47
21531 41
37 59
19953 48
14732 45
3781 38
24303 54
19491 30
13902 48
17827 37
19822 39
2505 42
6821 56
16157 46
21379 41
24037 43
17143 34
19589 41
428 30
28971 38
28069 52
9130 36
22387 38
26022 39
12716 41
18429 56
9676 53
704 50
11044 36
14193 42
1273 40
26424 45
23883 55
6081 41
6476 52
6931 41
25102 43
29036 43
2215 48
19583 45
13225 42
9576 47
9580 46
27307 41
23662 41
13343 38
26195 43
7777 60
12385 51
24151 24
6824 39
1091 46
11097 37
24970 43
24921 35
22262 41
22976 50
8536 39
2933 56
1985 47
16704 45
19889 37
28919 41
28531 44
24847 47
24776 39
11480 51
25143 36
20702 32
16796 20
24133 39
21084 44
15432 33
12232 59
14090 45
10384 46
14733 41
14787 33
8876 42
20466 44
11388 52
12906 34
7469 33
13129 32
26816 44
20000 49
10458 34
22855 30
11237 41
22745 46
26345 39
22083 44
8219 46
4617 45
28334 33
19971 58
15210 39
1070 31
7905 45
10192 41
27218 42
19129 49
28108 52
4586 48
26022 50
7774 45
821 54
2888 46
22184 36
26258 45
28225 45
4389 29
21778 40
25446 33
29445 47
15160 53
23982 36
22441 38
28686 43
14508 41
19720 50
21059 47
11255 39
16457 45
25126 38
266 57
18629 32
6441 42
27033 43
29384 50
13152 33
29964 46
656 40
2769 50
7106 47
18671 40
12414 48
17763 50
29678 43
263 50
23209 32
17972 33
28894 48
11752 47
9620 37
19399 38
3751 60
900 29
2218 36
9591 36
24675 49
18126 41
21703 40
9815 44
8000 43
10898 56
24734 39
27277 44
12417 51
14448 40
2143 40
28617 46
2284 46
26719 52
2803 39
17315 30
14311 34
1698 43
16594 56
6219 48
487 46
23709 37
9878 31
12171 38
21064 35
5846 42
6445 41
22685 41
17165 39
8555 42
26213 37
4773 38
12923 44
19343 37
22918 40
23316 42
12143 47
21764 42
10711 38
20955 33
4241 34
1227 38
7906 51
3148 38
28635 30
16694 43
24184 45
10925 46
25926 45
1089 45
5265 49
9 42
7986 47
29167 32
16479 38
28182 39
27618 44
29702 38
13770 37
23271 41
1611 38
9171 25
7442 44
1775 35
18915 36
26566 40
20447 51
22957 42
8222 47
13695 43
19169 42
5295 43
26496 31
12152 41
10493 36
11344 50
21934 61
27205 32
24521 35
13502 47
21478 31
10117 34
27486 46
6718 42
14320 33
3785 46
4343 36
4992 39
8825 36
22263 37
5115 38
16426 39
1022 39
12480 38
3365 42
