
 0.000
 0.000
 0.000
 0.010
 2.000
 0.030
 1.980
 0.000
 0.000
 0.000
 0.000
 0.000
 0.000
 0.000
 0.000
 0.000
 0.000
 0.000
 3.970
 0.000
 0.000
 0.010
 0.000
 0.000
 0.010
 0.010
 0.010
 0.000
 0.000
 0.000
 0.000
 0.000
 0.010
 0.000
 1.960
 0.010
 0.000
 0.010
 0.000
 2.000
 0.020
 0.000
 0.010
 0.000
 3.970
 0.000
 0.000
 0.030
 2.000
 0.020
 0.000
 0.010
 0.000
 0.000
 2.000
 0.000
 0.010
 0.000
 0.000
 0.000
 0.000
 0.000
 0.010
 0.010
 0.000
 2.000
 0.000
 0.000
 0.010
 0.010
 0.000
 0.010
 0.010
 0.000
 0.000
 0.000
 0.000
 0.000
 0.000
 0.010
 1.970
 0.000
 0.000
 0.000
 0.010
 0.000
 0.010
 0.000
 0.000
 0.000
 0.000
 0.010
 3.980
 0.000
 0.010
 0.000
 0.000
 0.000
 0.000
 0.000
 0.010
 0.000
 0.000
 2.000
 2.000
 0.000
 0.000
 0.000
 0.000
 0.000
 1.960
 0.010
 1.970
 0.020
 0.000
 0.000
 0.010
 0.000
 0.000
 0.000
 2.000
 0.000
 0.000
 3.970
 2.000
 0.010
 0.000
 0.000
 0.000
 0.000
 0.010
 0.000
 0.000
 0.010
 0.010
 0.010
 0.000
 0.000
 0.000
 0.000
 0.000
 0.000
 2.000
 0.000
 0.010
 0.000
 2.000
 3.950
 0.000
 3.960
 0.000
 0.000
 0.000
 0.000
 0.000
 0.000
 0.000
 0.000
 0.000
 0.010
 0.000
 1.970
 0.000
 0.010
 0.010
 1.970
 0.010
 0.000
 0.010
 0.020
 0.000
 0.000
 0.000
 2.000
 0.000
 0.010
 3.970
 0.000
 0.000
 0.010
 0.000
 0.000
 0.010
 0.010
 0.000
 3.970
 0.010
 0.000
 2.000
 0.000
 0.000
 0.010
 0.000
 0.000
 0.000
 0.010
 0.000
 0.000
 0.000
 0.000
 0.010
 0.010
 0.010
 0.000
 0.000
 0.010
 0.000
 1.990
 0.000
 0.000
 0.000
 0.000
 2.000
 0.000
 0.000
 0.000
 0.010
 0.000
 0.000
 0.010
 1.970
 0.000
 0.000
 0.000
 2.000
 0.000
 0.000
 0.000
 0.000
 2.010
 0.010
 0.000
 1.970
 1.970
 0.000
 0.000
 0.000
 0.000
 0.000
 0.010
 0.000
 0.000
 1.940
 0.010
 0.000
 0.000
 0.010
 0.000
 0.000
 0.000
 0.010
 1.980
 0.010
 0.000
 0.000
 0.010
 2.000
 0.000
 2.000
 0.000
 0.000
 0.000
 1.990
 0.000
 0.010
 0.000
 1.990
 0.000
 0.000
 2.000
 0.020
 0.000
 0.000
 0.010
 0.000
 1.970
 0.000
 1.930
 0.000
 0.000
 2.000
 0.000
 0.000
 0.000
 0.000
 0.000
 0.000
 0.000
 0.000
 0.010
 0.010
 0.000
 0.000
 0.010
 0.000
 0.030
 0.000
 0.010
 1.980
 0.000
 0.000
 0.000
 0.010
 0.000
 0.000
 0.000
 0.030
 1.980
 0.000
 0.000
 0.000
 0.000
 0.030
 0.000
 0.000
 0.010
 0.000
 0.000
 0.000
 0.000
 0.010
 0.000
 2.000
 0.000
 0.000
 0.020
 0.000
 0.000
 0.010
 0.000
 0.010
 0.000
 0.000
 0.000
 0.000
 0.000
 2.000
 0.010
 0.000
 0.000
 0.010
 1.990
 0.000
 0.000
 2.000
 0.000
 0.000
 0.000
 0.000
 2.000
 0.010
 0.000
 0.000
 3.970
 0.000
 0.000
 0.000
 0.000
 0.000
 0.000
 0.000
 0.000
 1.930
 0.000
 0.000
 0.000
 0.000
 0.000
 0.000
 2.000
 0.000
 0.000
 0.000
 1.990
 0.000
 0.010
 0.010
 0.000
 0.000
 0.000
 2.000
 2.000
 1.970
 0.000
 0.010
 0.000
 0.010
 0.010
 0.010
 0.000
 5.970
 0.000
 0.000
 0.000
 0.000
 0.000
 0.000
 0.000
 0.000
 0.000
 0.000
 0.010
 0.000
 0.000
 0.000
 0.000
 0.000
 0.000
 0.010
 0.000
 0.000
 0.010
 0.000
 0.000
 0.010
 0.000
 0.000
 0.010
 0.000
 0.000
 0.000
 0.000
 1.970
 0.000
 0.000
 1.980
 0.000
 0.010
 0.000
 1.970
 0.000
 0.010
 2.000
 0.000
 0.000
 0.000
 0.000
 0.010
 0.000
 0.010
 1.980
 0.000
 0.000
 0.010
 0.000
 0.000
 1.970
 0.000
 0.010
 0.000
 0.000
 0.000
 0.000
 1.970
 0.000
 0.000
 0.000
 0.000
 1.970
 0.010
 0.000
 0.000
 0.010
 0.000
 0.000
 0.010
 0.000
 0.010
 0.010
 1.960
 1.940
 2.000
 0.000
 0.000
 0.000
 0.000
 0.010
 0.000
 0.000
 0.000
 2.010
 2.000
 0.000
 0.010
 0.030
 0.010
 0.010
 0.000
 2.000
 0.000
 1.960
 2.000
 0.000
 0.000
 0.000
 0.010
 0.010
 0.000
 0.010
 0.010
 0.000
 0.010
 0.000
 0.000
 0.000
 0.010
 3.970
 0.000
 0.000
 0.000
 0.000
 0.000
 2.000
 0.010
 0.010
 0.000
 0.010
 0.000
 0.000
 0.000
 0.010
 0.000
 0.020
 0.000
 0.000
 0.000
 0.010
 0.000
 1.990
 1.970
 0.000
 0.010
 0.000
 0.000
 0.000
 0.000
 0.000
 0.000
 0.000
 0.000
 0.000
 0.000
 0.000
 0.000
 0.010
 0.000
 0.000
 0.000
 0.000
 0.000
 1.940
 0.000
 0.000
 0.000
 0.000
 0.000
 0.020
 0.000
 3.930
 0.000
 2.000
 0.000
 0.010
 0.000
 0.000
 0.000
 0.000
 0.000
 0.000
 2.000
 0.000
 0.020
 0.000
 0.000
 0.000
 0.010
 0.000
 2.000
 0.000
 0.000
 0.000
 0.000
 0.010
 0.000
 0.000
 0.010
 0.010
 0.000
 0.000
 2.000
 0.010
 0.000
 0.010
 0.000
 0.000
 0.010
 0.010
 0.000
 1.970
 0.000

