
 0.455
 0.583
 0.629
 0.711
 0.726
 0.730
 0.736
 0.753
 0.753
 0.753
 0.753
 0.753
 0.753
 0.753
 0.753
 0.753
 0.753
 0.753
 0.753
 0.753
 0.753
 0.753
 0.753
 0.753
 0.753
 0.753
 0.753
 0.753
 0.753
 0.753
 0.753
 0.753
 0.753
 0.753
 0.753
 0.753
 0.753
 0.753
 0.753
 0.753
 0.753
 0.753
 0.753
 0.753
 0.753
 0.753
 0.753
 0.753
 0.753
 0.753
 0.753
 0.753
 0.753
 0.753
 0.753
 0.753
 0.753
 0.753
 0.753
 0.753
 0.753
 0.753
 0.753
 0.753
 0.753
 0.753
 0.753
 0.753
 0.753
 0.753
 0.753
 0.753
 0.753
 0.753
 0.753
 0.753
 0.753
 0.753
 0.753
 0.753
 0.753
 0.753
 0.753
 0.753
 0.753
 0.753
 0.753
 0.753
 0.753
 0.753
 0.753
 0.753
 0.753
 0.753
 0.753
 0.753
 0.753
 0.753
 0.753
 0.753
 0.753
 0.753
 0.753
 0.753
 0.753
 0.753
 0.753
 0.753
 0.753
 0.753
 0.753
 0.753
 0.753
 0.753
 0.753
 0.753
 0.753
 0.753
 0.753
 0.753
 0.753
 0.753
 0.753
 0.753
 0.753
 0.753
 0.753
 0.753
 0.753
 0.753
 0.753
 0.753
 0.753
 0.753
 0.753
 0.753
 0.753
 0.753
 0.753
 0.753
 0.753
 0.753
 0.753
 0.753
 0.753
 0.753
 0.753
 0.753
 0.753
 0.753
 0.753
 0.753
 0.753
 0.753
 0.753
 0.753
 0.753
 0.753
 0.753
 0.753
 0.753
 0.753
 0.753
 0.753
 0.753
 0.753
 0.753
 0.753
 0.753
 0.753
 0.753
 0.753
 0.753
 0.753
 0.753
 0.753
 0.753
 0.753
 0.753
 0.753
 0.753
 0.753
 0.753
 0.753
 0.753
 0.753
 0.753
 0.753
 0.753
 0.753
 0.753
 0.753
 0.753
 0.753
 0.753
 0.753
 0.753
 0.753
 0.753
 0.753

