0.3874710706169197 1
0.3992551821502754 1
0.4003870656626472 1
0.40284338072831916 1
0.40430362267946973 1
0.4049214144253675 1
0.4064448400635877 1
0.4119119446596664 1
0.4126298609479051 1
0.4127403894572964 1
0.4134612245530766 1
0.4143324201721802 1
0.41539446302707306 1
0.4155366750651225 1
0.4170384858396131 1
0.41716858103024085 1
0.41727369710062717 1
0.4193606717926021 1
0.42130905858970147 1
0.421415609328758 1
0.42335047864242464 1
0.42393305817673904 1
0.4240233666525643 1
0.42471741445397443 1
0.42591032802208145 1
0.42809006214341866 1
0.4285420603608924 1
0.42973905682382324 1
0.42993220101915985 1
0.431931678109135 1
0.43194813969067447 1
0.4345174344085553 1
0.4351865620853671 1
0.43523793769029245 1
0.4356344701770181 1
0.4383165561836471 1
0.4384724970085312 1
0.43851858980648034 1
0.44049995810175163 1
0.4408441333940999 1
0.44130575259133337 1
0.4415958880811602 1
0.4417702136214723 1
0.44197812612702203 1
0.44234894987082995 1
0.4431714070035922 1
0.4432167544460973 1
0.4445251130795864 1
0.4455113117055492 1
0.4458821196402791 1
0.4461409142804736 1
0.4462137816902535 1
0.4464821236096683 1
0.4473128151677531 1
0.44751106720662165 1
0.4476245728918353 1
0.4487513403574514 1
0.4497131725490798 1
0.44982509201486615 1
0.45028696751460606 1
0.4514248785794605 1
0.4518070305646905 1
0.45183093062029966 1
0.4522589926802937 1
0.452332721341536 1
0.45296149058120655 1
0.45454265321005527 1
0.4546073362326585 1
0.4552885937683228 1
0.4557900103222169 1
0.456244063521136 1
0.45719232693545886 1
0.457474588086393 1
0.4574985517153341 1
0.4576247520942491 1
0.4589505642301374 1
0.45905157990121326 1
0.4591801249489306 1
0.4591898396689336 1
0.4592013287168593 1
0.45937238849546647 1
0.45944825788749083 1
0.46036035203685516 1
0.4605806761741538 1
0.4613761516093987 1
0.461674135045201 1
0.4617596697513685 1
0.4619337273947732 1
0.4623144456530525 1
0.4635557128119973 1
0.46362320939853413 1
0.46364537089325963 1
0.46368941947166387 1
0.4639693245555304 1
0.4641019447590937 1
0.46417214465302625 1
0.4643091702379251 1
0.4644608119520746 1
0.4645638804708364 1
0.4648155793533424 1
0.4648394836495992 1
0.4653298239632332 1
0.46599427963712065 1
0.4663614012927039 1
0.46667474922725555 1
0.4675471268267261 1
0.467763123173531 1
0.4685961986041945 1
0.4696299025036471 1
0.46966229391481173 1
0.4705465836495288 1
0.4709199969179299 1
0.4709925194337154 1
0.4715349913034701 1
0.4715966522584475 1
0.4720721894662465 1
0.4720801139812119 1
0.4723356865585035 1
0.4725342093295608 1
0.4738886851378875 1
0.47391528591693166 1
0.47415193422243457 1
0.47420508759722496 1
0.4742970518958898 1
0.47443026441297975 1
0.47468474747532163 1
0.4749579401925107 1
0.4749773411289393 1
0.47579366201316425 1
0.4761190093719375 1
0.4764338138530318 1
0.4764399997494321 1
0.4768722697871868 1
0.47767810577362346 1
0.4777447690627868 1
0.47797187375102984 1
0.47861686207473275 1
0.4787017755959073 1
0.4793777225514557 1
0.4797037044836635 1
0.48001821566722597 1
0.4801235832293907 1
0.4801484759842827 1
0.48017171327471325 1
0.48017861593599453 1
0.4802473057467102 1
0.4805827800688799 1
0.48225016416822575 1
0.48288093403966903 1
0.4833347674403787 1
0.48349714118398557 1
0.4840944296682945 1
0.4842216063992224 1
0.4848520614315892 1
0.48508824666578276 1
0.48511288050978935 1
0.485377315416595 1
0.48590839544617226 1
0.48633135277682027 1
0.486521286029869 1
0.4874342903483116 1
0.48765629949192474 1
0.4885990643202909 1
0.4890920336956176 1
0.48984998026427384 1
0.4898567901147931 1
0.49014456288478064 1
0.49016931316468537 1
0.4912587228939874 1
0.4916748926695033 1
0.49167715831619085 1
0.49433816459835206 1
0.4948545574689148 1
0.4950972362102283 1
0.4962280501466242 1
0.49681948223759353 1
0.4985075395248863 1
0.4998893863701495 1
0.4999498245019427 1
0.500261652962428 1
0.5003418946383984 1
0.5014956640035758 1
0.5015545013095305 1
0.5033621732119786 1
0.5045791764577391 1
0.5048823953316642 1
0.5054696400341004 1
0.5062564364631066 1
0.5075900393704024 1
0.5112818599470397 1
0.5115840530094728 1
0.5116471314595741 1
0.5117464453714142 1
0.5172735982658007 1
0.52187509041125 1
0.5277984455334509 1
0.5299464740271731 1
0.5363454786993023 1
0.5379000466410732 1
0.5431266092423224 1
