0 0.3486957166189373
1 0.49314574185866744
14 0.2720992869181902
52 0.29837032307139755
128 0.09334669068210388
146 0.12278909884494216
152 0.16513878025126671
373 0.8067101097065423
432 0.43976191568003653
481 0.5095151421276922
462 0.2740034823572519
221 0.08348632611435958
499 0.4546830408742508
295 0.8483628773905089
162 0.7574414936232613
209 0.5241235083189126
441 0.06788941513694513
264 0.11325843206928754
294 0.9999908880150328
480 0.82821100705057
467 0.037692587716814274
377 0.4586991063076986
458 0.9185218447900986
299 0.7450734906516575
305 0.16844537821548733
210 0.25913247126144645
256 0.061768739191766286
139 0.18626439417998264
370 0.02632456341293199
403 0.7164020039373916
257 0.9091739784114223
144 0.7671229278816438
115 0.07257887599988322
239 0.5155342029360948
191 0.12243643305470664
258 0.5868237978991548
37 0.4751648303133511
101 0.16202019246056687
482 0.9679808923983346
137 0.8156726349416354
69 0.514307774024752
342 0.2514116433385898
13 0.07452417763411301
26 0.004435847344014032
355 0.2472420736826344
349 0.39761616563987967
396 0.9723849949558272
141 0.9748806251503257
312 0.060019969010478125
303 0.4314855069260992
22 0.4799096966477904
38 0.9744531241893014
426 0.1270986243677179
248 0.3099001499536175
413 0.6016679380566495
261 0.33085818471368444
192 0.40111513499871165
247 0.1697954991100723
225 0.7489536936005605
241 0.29487722428022833
220 0.8879608745328698
131 0.24839379303801834
251 0.2951520653191322
483 0.30256036232872774
164 0.7134493889016983
55 0.8991679666704346
59 0.23810643612694915
84 0.40838444101171956
448 0.9260875182830008
175 0.29186571146145146
297 0.6425996400710445
215 0.06304787186147665
179 0.4345629122946775
64 0.11988708949771065
103 0.329171267492943
263 0.8270890061857671
89 0.5404402853737271
186 0.11804076748728243
317 0.09586465987201453
474 0.2584129904890453
104 0.7163235365492548
135 0.09391540779109431
194 0.7724756326814438
410 0.8220196679345674
32 0.17127757274982058
56 0.51774359863905
154 0.8664622616553616
436 0.2819992301215378
445 0.25403388892869605
100 0.020126655682127792
177 0.11906415382876978
341 0.7075046044312815
70 0.48337559559514753
173 0.7962228497358519
469 0.036254999046034575
206 0.1280567050772844
283 0.5351059388078895
368 0.3426048674936544
122 0.6827868401530304
444 0.08265091815632042
285 0.4058644443016214
369 0.17866442967140272
379 0.6701082362731359
431 0.9601615988980707
449 0.18543739247767566
490 0.049982675487130646
195 0.5301045490390868
440 0.7725684533051568
265 0.0564279650595364
86 0.05754348703738488
41 0.055783179476287525
347 0.5075007113589056
2 0.07038020021184677
3 0.2876474413423191
99 0.026033261436032684
133 0.698126767382284
301 0.342002452927183
489 0.37492309256312184
354 0.3010312039520201
39 0.0674712195229521
136 0.47629214468444914
414 0.10301304719130555
123 0.7049261235710497
167 0.8936158897057112
234 0.2902339922206253
363 0.5523097931384747
365 0.2488207621321049
309 0.4602899980052506
330 0.0641471805594197
4 0.5038183244658178
5 0.3518218679758195
452 0.3434103809930046
411 0.18205799573279102
245 0.7607461459131072
383 0.06676669311456096
315 0.7258581309936588
182 0.7416102524256463
484 0.9475663730896947
273 0.08650050608457327
307 0.7839922482836127
244 0.28581173871012644
109 0.5653356657206207
392 0.541418941377027
339 0.8049278701405965
476 0.40338902700368695
475 0.9389292085763158
459 0.7834583982506774
464 0.4464795984245342
187 0.4372612315175963
288 0.4829717582325187
149 0.35083527617943944
43 0.36766715406229766
351 0.4426345766197203
374 0.3591042841750589
321 0.19540891556058748
196 0.09303691284298721
408 0.743793113494597
447 0.465161715523986
232 0.33220165604160723
54 0.7157217019010184
33 0.9752727615743666
280 0.30376922001930273
96 0.6389029434160525
485 0.61920967209283
230 0.12717108647191233
378 0.9690533520527719
495 0.754217313106066
253 0.34783298862619416
142 0.3607106308099779
40 0.2794083216518011
61 0.06987608080308727
174 0.11390668112656255
404 0.570457267266156
250 0.7021884232689546
320 0.13666934357486393
327 0.6923276140336441
402 0.31795751571466324
199 0.13414572748430675
229 0.41373800004836214
113 0.030540532593639425
451 0.993537718028728
329 0.06150361105520663
36 0.3008048040546021
6 0.8419072955688582
7 0.05396962489848334
53 0.6185178846623813
266 0.3131340403039603
202 0.34636848295422507
398 0.3443738284491783
493 0.31730059593501214
286 0.5818755409197157
471 0.17984711368100748
216 0.09251585796444783
117 0.334774739996198
124 0.6293606988834944
153 0.7995733039340898
268 0.4442129619958096
325 0.7844009221417141
326 0.7740662742444369
361 0.5728902028023387
151 0.797501268202285
364 0.19033685456597138
66 0.514559616929638
68 0.7830108856270608
238 0.8753149725113709
388 0.7985972682548685
322 0.2113913539204363
358 0.6434601990539031
316 0.5945828482597226
205 0.304408171900834
227 0.6126714161497622
73 0.1887277927970229
412 0.8206061219242837
453 0.9552910439953075
159 0.7932318543361778
218 0.25735519707646215
278 0.24566776937339496
340 0.9478518228943902
270 0.7608686635507926
393 0.1560112306019833
80 0.5610655403689704
372 0.042099569371393364
399 0.6519679050353859
130 0.18481966720673293
454 0.6582945266594012
249 0.910227187648985
132 0.5597359775989309
118 0.3322017020269915
77 0.9862868178737941
25 0.13514295093620232
473 0.1398219959260647
58 0.6065167089909035
19 0.2056474327064075
23 0.5021574159815799
94 0.31238797189751055
108 0.051985273574657986
310 0.7969577630156119
385 0.7722558667240108
387 0.06992461402046812
401 0.331484935416412
42 0.8445912250736737
161 0.09360373487317364
338 0.617320950483574
95 0.37869478281313984
107 0.7090255131588793
170 0.3195892180239155
443 0.4683503979368845
165 0.5334527081359948
346 0.07254327318646192
287 0.3170100511203675
343 0.32778105438785865
8 0.5707161384799573
16 0.8204062815132122
31 0.11727821098382452
255 0.8029793004365486
468 0.0018380788320647712
406 0.6871768401643639
422 0.025951939299511784
430 0.5284141906491577
421 0.3218411589292812
293 0.12940998743939636
331 0.7763382936235826
246 0.6752750284644089
366 0.006583198290820658
456 0.06227219599913181
30 0.7677814576714688
423 0.8071212829154205
233 0.3125444456178832
407 0.3397346956594314
90 0.19962377479322058
197 0.0037690796501848034
384 0.8862145509152055
277 0.09094566111742741
323 0.7249870742979917
156 0.28085672560709296
112 0.061624253350146985
47 0.18023635294368678
418 0.8717868117654296
428 0.387087717314614
461 0.3421666732430114
254 0.898019235036019
333 0.9484975808013019
85 0.5320712046154561
171 0.6723785108046325
427 0.18982942783094114
110 0.15258953454056623
81 0.2438525370027793
20 0.6146143164054801
114 0.10341608365403465
417 0.6011105154059266
160 0.14876553351101995
242 0.835556560573332
334 0.04332293044282354
208 0.6526044764987265
284 0.5014016285745205
375 0.47884934987138805
207 0.19380048207936496
121 0.003687491068099402
158 0.517771213484034
439 0.9137737477735574
45 0.24373224815616013
498 0.9378098238816327
292 0.4659247685219975
357 0.915510875373616
362 0.9979965817806169
455 0.5224759733442442
166 0.8874994609730439
168 0.16235804320455427
271 0.5497167801362073
337 0.687136089168774
409 0.24109346014269584
27 0.8824225638383085
17 0.04782511522416766
18 0.5102012954527252
204 0.6757761550096015
228 0.3965607694040757
492 0.5222072931840047
212 0.5683796539307601
88 0.42720263233882316
243 0.714643512568691
262 0.1555955059676487
92 0.8475671119696976
75 0.4036226973162623
87 0.5220792783001065
193 0.2040710977522191
97 0.13444909406918737
134 0.9301611988178152
51 0.3564577423173382
429 0.061274536820377534
183 0.5101329197353055
60 0.14443143508950462
29 0.22548505836540167
185 0.5122060360058861
352 0.46910174124072124
394 0.713368760755047
219 0.7375665210045841
281 0.37549984440764506
181 0.7761827449543663
224 0.25664252709696134
486 0.6029606822432253
344 0.6197135915583022
433 0.9991103617440054
477 0.23117321590736772
419 0.6693971343927373
223 0.02047887246186486
425 0.2098153100799086
371 0.018968702044349972
446 0.07445120252208615
35 0.9586394087545391
9 0.056184614678011835
15 0.8046819877059846
28 0.11671505162476525
416 0.13354155196535733
236 0.014519187070545558
386 0.16018646584193075
126 0.4348677334676899
180 0.7906130126709471
356 0.8549316233004831
74 0.09104766075960058
328 0.3185660947680442
360 0.9042851859380305
200 0.6448575819678514
291 0.9074925397345069
78 0.6031817580921791
34 0.4105964997551119
457 0.503143215463882
466 0.8326390455071777
296 0.5497361677700289
217 0.9378712777971628
290 0.36551571707994923
44 0.39605475999075734
24 0.3544014894266998
189 0.18459372281412045
82 0.5304077285041255
304 0.05093935955799389
332 0.8149984552439001
143 0.049996951688062174
48 0.5007728172437884
65 0.44305521726220354
389 0.08103741197089065
213 0.0974156139895982
319 0.8756659382002329
472 0.41833126847187263
106 0.04625799698055644
203 0.8423778126325568
275 0.7199098598823047
120 0.4027285526032407
155 0.5341695786062323
442 0.6925890671196537
222 0.5050980036814675
252 0.12738310793464536
260 0.44450831353806197
335 0.6980353090369084
272 0.8571344765811196
491 0.642596407991429
300 0.25285981147612446
259 0.7389664346323349
314 0.7923394996071257
308 0.4535452976050458
178 0.2034331948608512
211 0.7425506455215866
111 0.18180799218284904
63 0.4082500770298867
380 0.8983459924899739
465 0.46280687892587347
83 0.12093430750289647
231 0.12514455687255854
105 0.1657880840745124
57 0.4627053378713375
62 0.3468197033721895
306 0.6407321813697323
190 0.4494989836215071
226 0.08989796282975393
302 0.5496957707446133
71 0.6002067683203842
125 0.18184227618819082
267 0.29384713170869214
176 0.15145268178370874
235 0.36256323978778937
497 0.9442893903840972
201 0.4896158233443839
49 0.8410208720834759
12 0.9732717428520463
127 0.5641268855281527
318 0.30219951594075034
415 0.5666464404734236
437 0.8982232109393689
479 0.1740744957454592
188 0.7045384829795476
397 0.9158373331215778
311 0.9866668881610354
460 0.6414574931927846
282 0.8637810994183406
116 0.5456519903993559
198 0.7386802539478998
148 0.025878631938201502
353 0.24244591307167473
376 0.3964585389992652
435 0.20737044943823824
324 0.6345460524412775
46 0.9788851318186833
91 0.3845463940528183
214 0.25206361566968216
478 3.39027501308542E-4
98 0.25376583941083086
102 0.3180961968055338
138 0.9374018355231791
157 0.1515324398933553
163 0.5101770393489491
237 0.8246723908705176
496 0.7020969721422454
487 0.14945310969792358
390 0.18999844554584833
420 0.1901478816659783
169 0.7852243635726626
391 0.5690850688635454
438 0.8590944635736206
129 0.8006130341287065
172 0.877885132001116
494 0.4667785787754716
269 0.33888659415029054
488 0.14643082991785117
359 0.2543925195768718
150 0.26952666390878444
274 0.6932684266019135
279 0.037047228852832514
240 0.17755202692897942
367 0.09818905335735961
313 0.7176785293219857
350 0.8982012746139508
470 0.043904084448809
348 0.4710960117463213
72 0.8578075424961401
289 0.8173336469456967
140 0.7100181658722545
276 0.7287839772607898
336 0.602185283153697
382 0.8545262585202263
67 0.8693269924069054
11 0.9801002647433202
10 0.38713173433067627
298 0.48697861811234844
381 0.41384538999590414
93 0.18878042740104972
405 0.7863674532931317
424 0.406864267508531
463 0.7638988040038495
345 0.3337110712706576
395 0.7455489111063123
76 0.9756016323951805
434 0.8223666518608717
79 0.0646890276134009
21 0.972685829942512
147 0.1123659163814964
119 0.33265541635659845
145 0.02610561479291673
450 0.5339482509102726
184 0.6535009566010799
400 0.8473274355802559
50 0.004727604833720367
