
 0.464
 0.476
 0.428
 0.426
 0.474
 0.438
 0.480
 0.486
 0.472
 0.486
 0.442
 0.415
 0.435
 0.512
 0.482
 0.448
 0.473
 0.505
 0.432
 0.459
 0.474
 0.478
 0.459
 0.446
 0.528
 0.500
 0.479
 0.452
 0.436
 0.479
 0.442
 0.453
 0.480
 0.495
 0.492
 0.424
 0.452
 0.423
 0.499
 0.464
 0.471
 0.472
 0.471
 0.476
 0.446
 0.503
 0.479
 0.517
 0.443
 0.404
 0.468
 0.465
 0.429
 0.485
 0.538
 0.475
 0.485
 0.459
 0.530
 0.421
 0.481
 0.413
 0.455
 0.435
 0.443
 0.506
 0.470
 0.441
 0.508
 0.413
 0.460
 0.412
 0.455
 0.472
 0.417
 0.464
 0.445
 0.494
 0.489
 0.459
 0.450
 0.432
 0.490
 0.467
 0.488
 0.474
 0.458
 0.500
 0.446
 0.449
 0.472
 0.465
 0.487
 0.469
 0.464
 0.543
 0.485
 0.512
 0.430
 0.464
 0.483
 0.474
 0.446
 0.501
 0.452
 0.447
 0.450
 0.496
 0.459
 0.457
 0.502
 0.459
 0.452
 0.468
 0.480
 0.522
 0.456
 0.480
 0.490
 0.466
 0.400
 0.405
 0.470
 0.475
 0.399
 0.464
 0.500
 0.416
 0.457
 0.435
 0.462
 0.484
 0.442
 0.465
 0.476
 0.490
 0.462
 0.492
 0.456
 0.536
 0.497
 0.446
 0.478
 0.414
 0.464
 0.471
 0.451
 0.465
 0.483
 0.512
 0.421
 0.491
 0.495
 0.419
 0.462
 0.464
 0.505
 0.484
 0.474
 0.417
 0.440
 0.462
 0.417
 0.480
 0.403
 0.476
 0.387
 0.461
 0.466
 0.442
 0.480
 0.413
 0.475
 0.483
 0.450
 0.464
 0.480
 0.438
 0.500
 0.441
 0.455
 0.461
 0.472
 0.474
 0.478
 0.489
 0.459
 0.406
 0.439
 0.430
 0.511
 0.490
 0.477
 0.485
 0.448
 0.505
 0.425
 0.457
 0.424
 0.487

