
 1.140
 1.030
 0.980
 1.120
 1.060
 1.040
 1.070
 1.060
 1.090
 1.010
 1.060
 1.100
 1.020
 1.200
 0.970
 0.970
 0.920
 0.970
 0.860
 0.820
 0.880
 0.990
 1.060
 0.810
 0.960
 0.990
 0.940
 1.000
 1.220
 0.920
 0.990
 1.010
 0.870
 0.990
 1.030
 1.100
 1.200
 0.960
 1.160
 0.990
 0.880
 0.770
 1.070
 0.970
 1.100
 1.130
 1.140
 1.010
 0.740
 1.170
 0.940
 1.010
 0.950
 0.930
 1.000
 1.040
 0.950
 1.100
 0.900
 1.010
 0.840
 0.970
 0.900
 0.850
 0.930
 1.040
 1.070
 1.010
 1.020
 1.030
 1.110
 0.990
 0.820
 1.140
 1.040
 1.100
 0.840
 1.050
 0.920
 0.950
 0.870
 0.960
 1.060
 0.900
 0.890
 1.240
 0.930
 1.000
 1.050
 1.030
 1.040
 1.030
 1.050
 0.990
 1.130
 0.990
 0.770
 1.150
 0.980
 1.100
 0.910
 0.980
 0.880
 1.210
 0.910
 0.960
 1.090
 0.830
 0.990
 1.030
 0.700
 0.860
 0.940
 1.030
 1.070
 1.080
 0.830
 1.010
 1.190
 1.080
 0.840
 0.960
 0.970
 1.060
 0.800
 0.800
 1.110
 1.030
 0.970
 0.890
 1.070
 1.060
 1.070
 1.030
 0.970
 0.940
 1.090
 1.030
 0.890
 1.060
 0.980
 1.050
 0.910
 0.920
 1.060
 0.910
 0.960
 1.010
 1.080
 0.980
 0.960
 0.970
 0.990
 1.290
 1.020
 0.860
 1.000
 0.970
 0.960
 0.950
 0.770
 0.830
 1.090
 0.810
 0.920
 1.070
 1.200
 0.930
 0.910
 0.970
 0.950
 1.280
 0.980
 1.110
 0.910
 1.140
 0.920
 1.100
 0.920
 1.020
 0.990
 1.140
 1.110
 1.000
 0.940
 1.280
 0.950
 1.050
 1.010
 1.050
 1.120
 1.050
 0.920
 1.060
 0.930
 1.100
 1.070
 1.000
 1.120
 1.080

