0.4282874741055008 1
0.4380879381489774 1
0.44806682516390695 1
0.45040049636634083 1
0.45049534622067067 1
0.4524500491304764 1
0.45563217463284017 1
0.46046507975672424 1
0.46397504598069456 1
0.4674521855966389 1
0.4691337351720027 1
0.46990472963010577 1
0.47200657295482634 1
0.472337672177918 1
0.4733263914830252 1
0.473841357697351 1
0.4739598247689469 1
0.4755556193590562 1
0.4765013657396975 1
0.4817074012110274 1
0.48186651513164463 1
0.4821677054121028 1
0.4825517114106656 1
0.4850146124175236 1
0.48533197292800295 1
0.4859192153049518 1
0.4860329293381358 1
0.48620295474431935 1
0.4869804448532157 1
0.48741530979961967 1
0.488916712706137 1
0.4889876718473866 1
0.4890324832545266 1
0.4891556384730261 1
0.48982919444300016 1
0.49086823027046356 1
0.49137626360965214 1
0.4916784041910387 1
0.49178068958804494 1
0.4921579896778814 1
0.49240215034961743 1
0.4929471275043615 1
0.49302984228555063 1
0.49313548518176853 1
0.4937258013752313 1
0.4941644742315186 1
0.494211774093132 1
0.49436389540953324 1
0.4950277209322095 1
0.49512766055721114 1
0.4952592907687693 1
0.49616796528395085 1
0.4965790519217087 1
0.49661472896731307 1
0.496912976044547 1
0.4973904209489292 1
0.49815858435185917 1
0.49850018511927674 1
0.4993027078080242 1
0.4994670197815361 1
0.4996207799646729 1
0.4996265591568201 1
0.4998362796019217 1
0.5002109135852542 1
0.5002785201020131 1
0.5010871364678914 1
0.5013160304489016 1
0.5015291273330778 1
0.5015538153932743 1
0.5018646335959084 1
0.5027158197747746 1
0.5027369787668667 1
0.5030511656773351 1
0.5032102113899452 1
0.5032527977564438 1
0.503380643256756 1
0.5035038152138686 1
0.5035970554007991 1
0.5038626694401142 1
0.5044672725724909 1
0.5054187860698491 1
0.5056236263497852 1
0.5059045442751716 1
0.5060433413967106 1
0.5064182096514254 1
0.5065125658768812 1
0.5065590263928342 1
0.5068724836772455 1
0.508492349125224 1
0.5086038754741272 1
0.5090981365247048 1
0.5093479218306576 1
0.509987444861026 1
0.5101110622567278 1
0.5103305722416099 1
0.5106612461465673 1
0.5112132925124803 1
0.5113053489057724 1
0.5116629107044101 1
0.512078349207242 1
0.5127050551784946 1
0.5130431348320443 1
0.5130512234142931 1
0.5131148269383462 1
0.5131831174268547 1
0.5133821069851375 1
0.5137817444197431 1
0.5138140942511531 1
0.5139010316202226 1
0.514419408968127 1
0.5152460772951618 1
0.5158454897321328 1
0.5162764026878511 1
0.5164042342769158 1
0.5164702428000707 1
0.516946109573367 1
0.5173041751601005 1
0.5175001837045147 1
0.5184065983742099 1
0.5186644396819142 1
0.5186722908573717 1
0.5187571638505272 1
0.5191951779607187 1
0.5192574209737496 1
0.5192793741246308 1
0.5193682420899735 1
0.5194120815247254 1
0.5194459345288361 1
0.5194752998655452 1
0.5198045341822308 1
0.5209969229778025 1
0.5215504079545784 1
0.5218787180912678 1
0.5219633993658437 1
0.5222733204028893 1
0.522580870346287 1
0.5228990008257955 1
0.5231344680169742 1
0.5232283665653097 1
0.523499870110866 1
0.5238674909271616 1
0.5251511300082394 1
0.5251639509283063 1
0.5259537640098693 1
0.5259580030482354 1
0.5261637918785794 1
0.5262228026534279 1
0.5273947317611833 1
0.5278915913592931 1
0.5280115670903885 1
0.5285978084529472 1
0.5286972074010611 1
0.5296774625672428 1
0.5298940338636143 1
0.5300642207336845 1
0.5307565578373601 1
0.5313399151481808 1
0.5315403242090665 1
0.5321390352135472 1
0.532161083470224 1
0.5330290517474091 1
0.5336417075301978 1
0.5343307851422002 1
0.5359847057500055 1
0.5364043236247733 1
0.5365113387814596 1
0.5374420228282039 1
0.5388385590294941 1
0.5391407124934747 1
0.5394416262581891 1
0.539967451739091 1
0.5402715621327465 1
0.5407618303398833 1
0.5408523944615585 1
0.5411211968518002 1
0.5415626728807051 1
0.5430197323628622 1
0.5435617922309549 1
0.5437135559036519 1
0.5443121136261752 1
0.5451449285041253 1
0.5462328036285311 1
0.5479913370431287 1
0.5491528128753553 1
0.5530148933879802 1
0.5535849543411703 1
0.5539173556681765 1
0.5540639766567849 1
0.5564746719452335 1
0.55690026359453 1
0.5607323978023484 1
0.5608071689152464 1
0.5613829484587116 1
0.5618620706259734 1
0.5629269699371602 1
0.563555053016033 1
0.5665742158670843 1
0.5715241987215777 1
0.5716944480332479 1
0.5743569075815084 1
