
 0.513
 0.491
 0.549
 0.496
 0.514
 0.500
 0.524
 0.540
 0.497
 0.516
 0.482
 0.511
 0.564
 0.499
 0.486
 0.464
 0.497
 0.452
 0.519
 0.512
 0.493
 0.513
 0.502
 0.554
 0.525
 0.509
 0.519
 0.500
 0.544
 0.530
 0.509
 0.460
 0.510
 0.567
 0.489
 0.494
 0.514
 0.523
 0.539
 0.542
 0.531
 0.523
 0.537
 0.456
 0.532
 0.500
 0.507
 0.492
 0.500
 0.514
 0.497
 0.490
 0.533
 0.516
 0.522
 0.511
 0.515
 0.504
 0.506
 0.499
 0.544
 0.506
 0.500
 0.536
 0.523
 0.513
 0.499
 0.503
 0.487
 0.525
 0.497
 0.532
 0.518
 0.541
 0.503
 0.574
 0.489
 0.518
 0.467
 0.519
 0.491
 0.528
 0.519
 0.482
 0.513
 0.489
 0.470
 0.498
 0.472
 0.572
 0.537
 0.541
 0.546
 0.428
 0.519
 0.495
 0.485
 0.534
 0.450
 0.492
 0.539
 0.517
 0.528
 0.516
 0.504
 0.493
 0.485
 0.541
 0.492
 0.545
 0.438
 0.511
 0.507
 0.526
 0.554
 0.512
 0.503
 0.544
 0.487
 0.554
 0.532
 0.510
 0.517
 0.530
 0.516
 0.527
 0.492
 0.509
 0.543
 0.503
 0.534
 0.474
 0.513
 0.486
 0.504
 0.473
 0.506
 0.553
 0.482
 0.526
 0.522
 0.477
 0.501
 0.503
 0.539
 0.495
 0.505
 0.536
 0.526
 0.523
 0.519
 0.561
 0.530
 0.519
 0.548
 0.510
 0.495
 0.519
 0.540
 0.519
 0.448
 0.508
 0.556
 0.513
 0.522
 0.489
 0.572
 0.563
 0.476
 0.474
 0.526
 0.469
 0.483
 0.502
 0.503
 0.529
 0.450
 0.506
 0.494
 0.561
 0.493
 0.561
 0.507
 0.486
 0.522
 0.531
 0.494
 0.501
 0.529
 0.521
 0.472
 0.562
 0.520
 0.494
 0.523
 0.557
 0.504
 0.514
 0.502
 0.519

