14 0.11033211185616554
5 0.47742661441415724
0 0.9780093340485648
31 0.2893257585104111
1 0.5820669732926447
35 0.7655071813622015
23 0.2815163839511752
34 0.30229684587560457
49 0.2976022552882036
16 0.3234116315679405
20 0.9599199874417939
45 0.5378396933049757
59 0.252196669971294
13 0.6817653992177258
46 0.7441370472829416
69 0.8147033174578996
54 0.7392399770764129
21 0.30468190271202167
64 0.755639971288855
53 0.7067868282116481
62 0.8756429236977891
24 0.8649904847524817
2 0.3911533029937717
3 0.5757240433295253
30 0.6283104095959114
68 0.6220834093754032
61 0.32122783741501504
4 0.5307555224918142
6 0.5036992626582452
43 0.22933953299048893
63 0.48551207874311053
36 0.6439329352154548
7 0.5507623990411905
8 0.3547292805604908
12 0.71234604832435
50 0.8875778261269318
51 0.5150446571205936
67 0.9253448213537984
66 0.8082920621397933
41 0.9014969061550974
47 0.003753410549061642
29 0.41973907964252377
38 0.6792723716009985
15 0.014303427206229458
27 0.6590100217090452
25 0.07569504392392801
58 0.6902859230903166
17 0.6961882085130414
11 0.7713863760958292
48 0.8602024200025664
28 0.20898821248094646
55 0.5273704273383284
44 0.33302214551794274
65 0.0678526275555753
57 0.8902586255340913
52 0.8817957623101799
32 0.32419035964627596
18 0.30977783724613206
22 0.7580126382454311
33 0.9131015803285385
42 0.8543156476741072
37 0.06121574405368291
9 0.03729299434700617
10 0.20420088966740446
40 0.11299172603264918
19 0.7742291678986342
26 0.5114037783138048
60 0.686854604067143
39 0.5060251099845827
56 0.9641662321841526
