1 45
0 39
0 40
1 39
1 37
1 44
0 43
1 41
1 47
0 35
0 37
1 57
0 56
1 49
0 44
1 32
0 44
1 46
0 43
1 45
1 42
1 37
0 53
1 43
0 34
1 38
1 40
1 36
0 45
1 40
0 28
1 50
0 33
1 42
1 40
0 35
0 34
0 40
1 47
1 48
0 38
0 31
1 39
1 35
0 49
0 50
1 43
0 41
0 41
1 50
0 37
1 49
1 51
1 40
0 33
1 36
1 49
1 35
1 43
1 61
0 43
1 46
0 43
0 41
0 39
1 36
1 36
1 42
1 41
1 34
1 41
1 43
1 50
0 55
0 46
1 39
1 40
1 49
1 32
0 53
1 41
1 35
0 44
1 47
1 38
0 44
1 37
0 40
0 38
0 63
1 43
0 54
1 54
0 40
0 36
1 51
0 41
1 50
1 35
1 52
0 43
1 37
1 51
1 49
0 48
1 49
0 53
0 42
0 34
0 42
0 48
0 50
1 45
1 46
0 40
0 39
1 44
1 38
0 41
1 45
1 40
0 49
1 41
1 48
1 43
1 35
1 46
0 39
1 51
1 45
0 48
1 45
0 43
0 42
0 44
1 50
1 35
1 35
1 37
0 47
1 32
0 40
0 34
1 45
0 43
0 43
1 42
1 38
0 46
1 37
0 55
1 41
1 43
1 39
1 41
0 41
1 41
1 34
1 30
0 45
1 39
0 56
1 34
1 37
0 40
0 44
1 45
1 40
0 44
0 39
1 35
0 44
0 45
1 46
0 39
1 45
1 38
1 55
0 48
0 50
1 31
0 46
0 44
1 38
0 32
0 40
0 35
0 24
0 46
0 47
0 43
0 46
0 36
1 47
0 30
1 34
0 33
1 38
1 45
0 31
