0.44546548736965724 1
0.4818612208189738 1
0.4912823541068353 1
0.4919950612485857 1
0.4940610916266946 1
0.49962217412404025 1
0.5015333419066063 1
0.5028000830039392 1
0.5033246745615079 1
0.5036715979231442 1
0.5042302641960789 1
0.5055436053672046 1
0.5057609582777345 1
0.5060043371993893 1
0.5060211663537894 1
0.5061505499539619 1
0.5079071145270051 1
0.5093373735465949 1
0.5100032948311056 1
0.510816277918467 1
0.5109385351717773 1
0.5111330500310729 1
0.5117572492139206 1
0.5124450057346556 1
0.51254760673222 1
0.512775620166438 1
0.5135553967417619 1
0.5151731809058329 1
0.5151976675331607 1
0.5155996292273608 1
0.5157602857728351 1
0.5159363404621332 1
0.5159818612011902 1
0.5162562486765856 1
0.5163860929642682 1
0.517242423491238 1
0.5179208151463748 1
0.5179610425467124 1
0.5191959492594918 1
0.5193031763122482 1
0.5195775169983927 1
0.519798667943462 1
0.5198610855632748 1
0.5203935100338287 1
0.5207413489043528 1
0.5213566535738466 1
0.5214932180058615 1
0.5220298621151456 1
0.5220524705660519 1
0.5224366223996038 1
0.5228548457047062 1
0.5232967367811938 1
0.5233616586805778 1
0.5237538776102668 1
0.5241327111120422 1
0.5241376577144458 1
0.5241377548039872 1
0.5244426167744761 1
0.5244846176977124 1
0.5246220451866231 1
0.5249619820462772 1
0.5257785313380254 1
0.5261029808605212 1
0.5263331395771973 1
0.526909320765012 1
0.527157739569102 1
0.5277603296842578 1
0.5288504373965722 1
0.5294970135687191 1
0.5299740790871801 1
0.5300060008134877 1
0.5302943550377902 1
0.5306886284134279 1
0.5308759002527573 1
0.5310051696202727 1
0.5317712162245924 1
0.5319434981209753 1
0.532113272045446 1
0.5321257723505165 1
0.532345061901114 1
0.5323644089903851 1
0.5327382012844987 1
0.5327441095545992 1
0.5329040422663611 1
0.5329291409762567 1
0.5330047249786196 1
0.5333200842456257 1
0.5333228097537029 1
0.5334880118709825 1
0.5334978439943907 1
0.5339268052499027 1
0.5339298726926789 1
0.5340970985641722 1
0.5341365398398049 1
0.5353915808488631 1
0.5354195216909892 1
0.5359016810632905 1
0.5363819756052302 1
0.5367762497612101 1
0.5368471847947903 1
0.5368945612630864 1
0.5370518388118577 1
0.5379233979642865 1
0.5385483991944833 1
0.5386179776412433 1
0.5388535088355827 1
0.5390773130561393 1
0.539291835473452 1
0.5393738100133959 1
0.5395892025370241 1
0.5397962985522174 1
0.5398358315829644 1
0.5399273671728733 1
0.5405277023656422 1
0.540906917663448 1
0.5415816099526196 1
0.5416585261355641 1
0.5417078483457808 1
0.5417207921253905 1
0.5417679163292495 1
0.5419025518136192 1
0.5426629703740636 1
0.542931503181371 1
0.5434033127087838 1
0.543635557966676 1
0.5442739938429163 1
0.5447817269912657 1
0.5448982840133715 1
0.5450584371038727 1
0.5453515092747927 1
0.5455416090719769 1
0.5461285629507113 1
0.5464779893310248 1
0.5466078741352403 1
0.5466247610492405 1
0.5471550454783553 1
0.5480959875581712 1
0.5483737423334955 1
0.5490191011088463 1
0.5493291261022062 1
0.5493345339610526 1
0.5493598975733058 1
0.5495893404624518 1
0.5502579864170624 1
0.5503951954180284 1
0.5506555112747512 1
0.55142124585226 1
0.5514673886923187 1
0.5514998847730845 1
0.55234702828135 1
0.5524251244920478 1
0.5534764830156298 1
0.5535534448768307 1
0.5536837236781558 1
0.5537072409177577 1
0.5537437739026246 1
0.5537741224029364 1
0.5540667964348633 1
0.5541436061123762 1
0.5541549281153023 1
0.5544468937547482 1
0.5548659935424832 1
0.5563380496275577 1
0.55744707115426 1
0.5574525482007374 1
0.5590923809877617 1
0.5592779904269467 1
0.5593198651178048 1
0.560018656585829 1
0.5609449684144874 1
0.5612702954843801 1
0.5613131316106433 1
0.5615760537162603 1
0.5616690268459142 1
0.561704369937987 1
0.5617402948486658 1
0.5621668673491437 1
0.5624737998535396 1
0.5635001509535088 1
0.5635658983385493 1
0.5636688297751371 1
0.5646714958104896 1
0.567724506774527 1
0.5686702639025495 1
0.5707481231695182 1
0.5729485917031759 1
0.5730499037039003 1
0.5742102504320115 1
0.5786142106472261 1
0.579481057350263 1
0.5801860706266604 1
0.5812246058214766 1
0.5824539512311707 1
0.5831515592175133 1
0.5895724111893652 1
0.5917040117721198 1
0.5938365282602817 1
0.5968342545289521 1
0.5981397762801955 1
0.6001702681837884 1
