
 0.534
 0.520
 0.537
 0.559
 0.549
 0.579
 0.522
 0.531
 0.542
 0.573
 0.534
 0.503
 0.562
 0.508
 0.526
 0.562
 0.532
 0.518
 0.445
 0.511
 0.539
 0.520
 0.530
 0.530
 0.554
 0.515
 0.529
 0.564
 0.551
 0.561
 0.574
 0.546
 0.526
 0.525
 0.524
 0.553
 0.562
 0.559
 0.539
 0.527
 0.537
 0.535
 0.527
 0.520
 0.530
 0.564
 0.600
 0.516
 0.533
 0.500
 0.547
 0.506
 0.556
 0.511
 0.539
 0.554
 0.538
 0.536
 0.515
 0.554
 0.534
 0.491
 0.533
 0.590
 0.565
 0.559
 0.503
 0.513
 0.546
 0.597
 0.551
 0.521
 0.516
 0.543
 0.547
 0.548
 0.516
 0.531
 0.533
 0.550
 0.546
 0.524
 0.552
 0.594
 0.521
 0.541
 0.523
 0.543
 0.551
 0.516
 0.512
 0.552
 0.516
 0.545
 0.544
 0.549
 0.517
 0.525
 0.532
 0.549
 0.547
 0.514
 0.494
 0.504
 0.524
 0.532
 0.539
 0.513
 0.540
 0.531
 0.550
 0.521
 0.524
 0.562
 0.532
 0.539
 0.554
 0.544
 0.579
 0.583
 0.519
 0.520
 0.482
 0.532
 0.540
 0.555
 0.571
 0.492
 0.506
 0.506
 0.534
 0.523
 0.554
 0.541
 0.504
 0.548
 0.550
 0.502
 0.533
 0.524
 0.557
 0.532
 0.537
 0.529
 0.592
 0.560
 0.561
 0.506
 0.580
 0.542
 0.512
 0.551
 0.533
 0.569
 0.533
 0.533
 0.564
 0.518
 0.528
 0.545
 0.543
 0.554
 0.554
 0.510
 0.554
 0.516
 0.523
 0.542
 0.511
 0.542
 0.561
 0.539
 0.554
 0.522
 0.581
 0.562
 0.562
 0.524
 0.549
 0.526
 0.533
 0.557
 0.568
 0.573
 0.542
 0.545
 0.509
 0.582
 0.542
 0.545
 0.533
 0.506
 0.535
 0.598
 0.540
 0.537
 0.519
 0.536
 0.522
 0.540

