0.5662407725937849 1
0.6475730384378748 1
0.6485077362854546 1
0.6498760939472525 1
0.6504792437999558 1
0.6525550177372124 1
0.6531415422122753 1
0.6542852525127426 1
0.6544117771778004 1
0.6556844205269247 1
0.6560774155025134 1
0.6572775048535766 1
0.6580508944825532 1
0.6589453166060838 1
0.6598353212711325 1
0.6621940149557083 1
0.6625331718637422 1
0.6671472168520737 1
0.6672629115292388 1
0.6682538983969539 1
0.6724189484874513 1
0.67295083513748 1
0.6787677192763445 1
0.6794394758931926 1
0.6796325450315706 1
0.6825307064196957 1
0.6843306121729775 1
0.6881228593049826 1
0.7031548110555383 1
0.7033305904901327 1
0.7033996757811714 1
0.70365334521319 1
0.7039079241378576 1
0.7039605095609568 1
0.7052000254872715 1
0.7054280194233121 1
0.7054917862090795 1
0.7055408023733429 1
0.7066742684334741 1
0.7067731525459596 1
0.7068353082554593 1
0.7072908362017353 1
0.707396400365745 1
0.7074380394621691 1
0.7078228841244829 1
0.7084232109541634 1
0.7087460777263419 1
0.7092647358893217 1
0.7093636847190645 1
0.7093736400698553 1
0.7096107612496365 1
0.709765987321963 1
0.7099194832087565 1
0.7099656959018217 1
0.710253026593239 1
0.7104721158458077 1
0.7105928960669018 1
0.7106460276514638 1
0.7109542540777303 1
0.7110056092853713 1
0.7110391839578133 1
0.7110874373256549 1
0.7111506630310228 1
0.7112326205646948 1
0.7115938013443195 1
0.7115986550469613 1
0.7116404027251757 1
0.7117792291147735 1
0.711843266735741 1
0.7118644358052805 1
0.7118788270464463 1
0.7119072802409885 1
0.7119270230189448 1
0.7120036449859385 1
0.7120742543405545 1
0.7121173324840133 1
0.7121183296216829 1
0.7121488643716144 1
0.7122586080333497 1
0.7123507945077686 1
0.7123815810944082 1
0.7125009486138703 1
0.7125649394682593 1
0.7125741381797273 1
0.7126581567646083 1
0.7129003800672852 1
0.7129727343802466 1
0.7129914367708111 1
0.7131723625072199 1
0.713222345539377 1
0.7132507082361959 1
0.713390345443795 1
0.7134113120152931 1
0.7134332852941594 1
0.7134605851168903 1
0.7134753252593439 1
0.7135579540126428 1
0.7135681495417409 1
0.7136521409115996 1
0.7136596396614578 1
0.7136950251558991 1
0.7137113743212732 1
0.7138608156362638 1
0.7138691657891275 1
0.714158622358485 1
0.7141644631848036 1
0.7141858647125718 1
0.714258773516199 1
0.714283421231857 1
0.7142988575198884 1
0.7143005445135461 1
0.714346466233701 1
0.7143876744270841 1
0.7143924322034291 1
0.7144699021316019 1
0.7145518798910717 1
0.7146926920693236 1
0.7147161143517206 1
0.7147930919479726 1
0.7147992125072427 1
0.7148015975430566 1
0.7148044968951265 1
0.7148810839903611 1
0.7149153158118879 1
0.7149911946324783 1
0.7150449300194602 1
0.7150751872890831 1
0.7151659414115048 1
0.7151764060296805 1
0.7151864086084996 1
0.7151935702840246 1
0.7152137016919313 1
0.7152339234086545 1
0.7152749392457498 1
0.7152911813032299 1
0.7152947048633754 1
0.715377211087054 1
0.7154010215084542 1
0.7154471827572435 1
0.7154599858173939 1
0.7154874269281245 1
0.7154998882786886 1
0.7155347287319244 1
0.7157477442552663 1
0.7157559649847615 1
0.7157724740004917 1
0.7158000623282015 1
0.7158542413086063 1
0.7158630423070143 1
0.7159858226117332 1
0.7160282337554703 1
0.7160486678128293 1
0.7160728538561807 1
0.7161234544950024 1
0.7161913941119842 1
0.71620186251667 1
0.7162520625396125 1
0.7163318314485915 1
0.7164208300256121 1
0.716457044644268 1
0.7164893236976841 1
0.7165741517319207 1
0.7166786107977002 1
0.7166998512923008 1
0.7167081595365553 1
0.716820999290624 1
0.7168662516616907 1
0.7168985500597569 1
0.7169144612244613 1
0.7169568217029396 1
0.7169710912053229 1
0.7169928841781709 1
0.7169943304426226 1
0.7170189869498462 1
0.7170527767811173 1
0.7170958487103412 1
0.7170986812148896 1
0.7170995392494344 1
0.7171233034891025 1
0.7171471833146366 1
0.7171712324004123 1
0.7171804128093419 1
0.71720597435737 1
0.7172224259305275 1
0.7172784993032145 1
0.7172954021351321 1
0.7173257429612867 1
0.7173276491163962 1
0.7173409197905244 1
0.7173511892626852 1
0.7173711425431043 1
0.7173807691449124 1
0.7174289386261311 1
0.7175331088300303 1
0.7175654395574145 1
0.7175692258867884 1
0.7176241925682068 1
0.7176341069814278 1
0.7176467732147914 1
0.7177323417500256 1
0.7177552647916174 1
0.717801705743297 1
0.7178327493715703 1
0.7178428619510714 1
0.7178864745413172 1
0.7179029694998976 1
0.7179369726637616 1
0.7179573653554386 1
0.7180523757524296 1
0.7180884317574626 1
0.718094715447737 1
0.7182368521891738 1
0.7182500580982337 1
0.7182657142872223 1
0.7182726488297126 1
0.7182764124981154 1
0.7182948081530074 1
0.7183411339083337 1
0.7183453522765048 1
0.7184591596567006 1
0.7184630850082894 1
0.7184804743674164 1
0.7184885862638049 1
0.7185011975071464 1
0.7185231820638565 1
0.718574884923138 1
0.7186298332084914 1
0.7186965092161248 1
0.7187500255654261 1
0.7187891829550087 1
0.718843891199936 1
0.7188627735413773 1
0.7188998293634833 1
0.7189052312368376 1
0.7189404982047317 1
0.7189472518689255 1
0.7190471025018156 1
0.7191631154263247 1
0.7191732694973971 1
0.7192191530132287 1
0.7192215615546498 1
0.7192231224179124 1
0.7193378938091557 1
0.7193565879693299 1
0.7193754648928228 1
0.7193781580473536 1
0.7193863785511153 1
0.7194058599645975 1
0.719406355480119 1
0.7194302408880394 1
0.7194497741679764 1
0.7194565287900655 1
0.7194883797411311 1
0.7195197462624368 1
0.7195437255419548 1
0.7195712803885906 1
0.7196064121221284 1
0.7196271020330474 1
0.7196893018560903 1
0.7196900367675806 1
0.7196939833792051 1
0.7197398008847845 1
0.719786544499511 1
0.7198854208578054 1
0.7199624291009641 1
0.719962893879166 1
0.7199856977460843 1
0.720085858014109 1
0.720096645082355 1
0.7201672345066629 1
0.7201914452307318 1
0.7202014130250836 1
0.720408914013559 1
0.7204152187886796 1
0.7204200743558847 1
0.7204268197462798 1
0.7204568935328658 1
0.7204954773893653 1
0.720500781675785 1
0.7205328047235205 1
0.7205406433233257 1
0.7205421689433408 1
0.7205767350026067 1
0.7206109741214856 1
0.7206262955157782 1
0.7206491739043348 1
0.7206904177056582 1
0.7207119423375846 1
0.7207815982055382 1
0.720809437849931 1
0.7208551894510361 1
0.7209546563267945 1
0.7209650250588598 1
0.7210372625332439 1
0.7210634466764579 1
0.7211367509645428 1
0.7212002268691502 1
0.721213163679203 1
0.7212386833155665 1
0.7213059932602435 1
0.7213073145486748 1
0.7213169535587686 1
0.7213220336287044 1
0.7213389545862102 1
0.7213414260971679 1
0.7213422402453269 1
0.7214056572361833 1
0.7214501294326577 1
0.721458793510122 1
0.7214625418544686 1
0.7215477885361776 1
0.7215820769795842 1
0.7216662749078088 1
0.7217711119766518 1
0.7217977734954683 1
0.7218066664192588 1
0.7218370893693474 1
0.721844668023396 1
0.7219963394452835 1
0.7221166321623126 1
0.7221184633702156 1
0.7221326211992686 1
0.7221478051977065 1
0.7221489315628412 1
0.7221565334583546 1
0.7221652893252054 1
0.7223075349093303 1
0.7223377175750721 1
0.7223525452723852 1
0.7223643355016255 1
0.7224100787713972 1
0.7224236221156987 1
0.7225514612628852 1
0.722562489168043 1
0.7225841014845552 1
0.7225885747345382 1
0.7225898383925876 1
0.7226162903209393 1
0.7226220323643534 1
0.7226424793410536 1
0.7226618322438892 1
0.7226899679314632 1
0.7226911515506008 1
0.7227048460397332 1
0.7227092999251529 1
0.7227288248630027 1
0.7227346416785168 1
0.7227801107007009 1
0.722803355336921 1
0.7228208013664682 1
0.7228235511904149 1
0.7228336883318535 1
0.722859252194053 1
0.7228748056541345 1
0.7228792003108068 1
0.7229090728287461 1
0.7230979575695489 1
0.7231234773907922 1
0.7231706424197124 1
0.7231736486461136 1
0.7232154969422522 1
0.723222480820539 1
0.723269679615191 1
0.7232902471437118 1
0.7233083433191458 1
0.7233360116949439 1
0.7234201358374142 1
0.7234352532626909 1
0.7234926215631371 1
0.7235282164190128 1
0.7236675864953553 1
0.7237599412265058 1
0.7237681587949978 1
0.7238031111500474 1
0.7238084013084802 1
0.7238345315553841 1
0.7238800206124246 1
0.7238878800828679 1
0.7238924534056292 1
0.7239428765722411 1
0.7239627485790885 1
0.7240143982641736 1
0.7240265752266417 1
0.7240640251171387 1
0.7240903805372475 1
0.7240942153500015 1
0.7241912418918638 1
0.724386497613877 1
0.7244552837986223 1
0.7244629243952266 1
0.7244893150770885 1
0.7245108642483148 1
0.7245112615415084 1
0.7245743647547273 1
0.724611898651967 1
0.7248285218162658 1
0.724848843734987 1
0.7248655345073517 1
0.724867565709605 1
0.7249085907450311 1
0.724953377819677 1
0.7249757432961085 1
0.7249811630862347 1
0.7250005501246481 1
0.7250544235970083 1
0.725056183892891 1
0.7251560904287347 1
0.7251837762970156 1
0.725214323771386 1
0.7252441583643713 1
0.7252972217867315 1
0.7253438892947187 1
0.7253490157294941 1
0.7253769565250898 1
0.725441619255232 1
0.7255076532885623 1
0.725538211146568 1
0.7256329467261312 1
0.7257411326134895 1
0.7257473452521501 1
0.7258545536833144 1
0.7259356410015094 1
0.7259925560074536 1
0.726044545391141 1
0.7260475736930332 1
0.7260983620678155 1
0.7263308498253566 1
0.7263445733804608 1
0.7264269719233283 1
0.7265573318815207 1
0.7265997814043704 1
0.7266463512932606 1
0.7266783026698255 1
0.7266787170369956 1
0.7266937119266089 1
0.7267747647246948 1
0.7268996043936927 1
0.726900666426623 1
0.7270122200261017 1
0.727037704199146 1
0.7271801442104017 1
0.7272294891341856 1
0.7272339621359372 1
0.7273055365510097 1
0.7273469480868472 1
0.7273475581685782 1
0.7273557581432869 1
0.7273660173135581 1
0.7273859855450141 1
0.7274469187859827 1
0.7274789303561663 1
0.7275098389112233 1
0.7275277946518958 1
0.7275658070563963 1
0.7275687238163611 1
0.7275794968626222 1
0.7276115798684701 1
0.7276295793254812 1
0.7277317404745759 1
0.7278724587286374 1
0.7279840551169457 1
0.7279864723705751 1
0.7281342479562789 1
0.7282883265835861 1
0.7284051521021679 1
0.728748380130549 1
0.7287756392669832 1
0.728858727883293 1
0.7288824734861684 1
0.7289085805785235 1
0.7290615562145909 1
0.7290988569281216 1
0.7293598537261461 1
0.7295208205846001 1
0.7298800803121106 1
0.7299301096745398 1
0.7299956065458619 1
0.730023405383018 1
0.7302471679887157 1
0.7302612220796998 1
0.730456443009828 1
0.7305251732475647 1
0.7313295445696419 1
0.7314901005086768 1
0.7315159157099183 1
0.7315389563959444 1
0.7316944621935633 1
0.7317244803249804 1
0.7320033827635473 1
0.7321359543585163 1
0.7321740895544677 1
0.7323558342832547 1
0.7327001095012888 1
0.7330895464501951 1
0.73337908400119 1
0.7341549583282763 1
0.7346387480618083 1
0.7350963734380929 1
0.736200681688429 1
0.7368486333579419 1
