7 0.36897289747862716
3 0.6441319401057781
0 0.13194421457108196
1 0.7956309716153818
2 0.3912847162876997
4 0.7247657406570254
5 0.1643353864253868
6 0.4105899848161577
8 0.2872149147278792
9 0.040038597678343835
10 0.9478286431383569
11 0.3333176038054213
12 0.05631019396594117
13 0.8571503384849508
14 0.9711088475123025
15 0.5746659472009574
16 0.8827533143786747
17 0.2483654797177719
18 0.7825676898639193
19 0.26881896170897246
20 0.06294680660954788
21 0.3089899831962848
22 0.8846776793883372
23 0.37407870068634397
24 0.5688511161711909
25 0.10365745965147177
26 0.8175891396166401
27 0.08627413732289324
28 0.12993549336400478
29 0.0027474037636426862
