0.5872781076326167 1
0.5906000002426748 1
0.5929539580185963 1
0.5980284380547647 1
0.598996372888901 1
0.6003823958306862 1
0.6035210061985816 1
0.6040708529250692 1
0.6050903113825296 1
0.6070261810508023 1
0.6076275514006136 1
0.6080456395082625 1
0.60859548623475 2
0.6087787684769126 1
0.6097467033110489 1
0.6101647914186977 1
0.6127020314367819 2
0.6128853136789445 1
0.6133034017865933 1
0.6134866840287557 1
0.6136699662709184 1
0.6142713366207296 2
0.6150559892127034 1
0.615239271454866 1
0.6154225536970287 1
0.6158406418046773 1
0.6160239240468399 1
0.6168085766388137 1
0.6169918588809762 2
0.6175932292307876 2
0.6175932292307877 1
0.6177765114729502 3
0.6179597937151127 1
0.6183778818227615 1
0.618561164064924 1
0.6193458166568979 1
0.6199471870067093 1
0.6201304692488718 1
0.6203137514910344 1
0.6209151218408456 1
0.6215164921906571 1
0.6216997744328195 2
0.621883056674982 2
0.6234523618589298 1
0.6240537322087412 1
0.6242370144509036 1
0.6244202966930663 1
0.624838384800715 1
0.6250216670428774 1
0.6253882315272026 1
0.6258063196348513 1
0.6259896018770139 1
0.6259896018770141 1
0.6265909722268252 1
0.6269575367111504 1
0.6273756248187992 2
0.6283435596529355 3
0.6283435596529356 2
0.6285268418950981 2
0.6287101241372606 1
0.6291282122449094 2
0.6293114944870718 1
0.6299128648368832 1
0.6299128648368834 2
0.6300961470790458 2
0.6305142351866947 2
0.6306975174288572 1
0.6308807996710197 6
0.6310640819131822 1
0.6316654522629935 2
0.6316654522629936 1
0.6318487345051561 1
0.6320320167473187 1
0.6324501048549674 1
0.6326333870971299 1
0.63263338709713 3
0.6330514752047788 2
0.6334180396891038 3
0.6334180396891039 1
0.6336528455545901 1
0.6342026922810776 1
0.6342026922810777 1
0.6343859745232403 3
0.6345692567654028 1
0.6349873448730515 2
0.6353539093573767 1
0.635588715222863 2
0.6361385619493505 2
0.6363733678148368 1
0.6365566500569994 1
0.6367399322991618 2
0.6371580204068106 1
0.6373413026489732 1
0.6373413026489733 1
0.6375245848911356 1
0.6383092374831095 1
0.6383092374831096 1
0.6389106078329209 1
0.6390938900750835 1
0.6398785426670572 1
0.6398785426670573 3
0.6400618249092198 2
0.6406631952590311 2
0.6408464775011937 2
0.6416311300931676 1
0.6420492182008164 1
0.6424157826851414 2
0.6425990649273039 1
0.6432004352771153 2
0.6433837175192778 1
0.6438018056269266 1
0.6438018056269267 1
0.6439850878690894 1
0.6457376752951993 1
0.646339045645011 1
0.6465223278871732 1
0.6473069804791471 2
0.6474902627213097 3
0.6474902627213099 1
0.6479083508289585 1
0.6480916330711212 1
0.6490595679052575 1
0.6496609382550689 1
0.6500275027393938 1
0.6504455908470426 1
0.6508121553313678 1
0.652198178273153 1
0.6523814605153158 1
0.6525647427574781 1
0.6531661131072893 1
0.6539507656992634 2
0.6547354182912372 2
0.655520070883211 1
0.65593815899086 1
0.6563047234751851 1
0.6566712879595099 1
0.6570893760671587 1
0.6574559405514837 1
0.6582405931434577 1
0.6586586812511065 1
0.6598098983274053 1
0.6599931805695679 1
0.6604112686772168 1
0.6623471383454895 1
0.6627652264531383 1
0.662948508695301 1
0.6713448813415271 2
0.672914186525475 1
0.6779886665616434 1
0.6836645169476229 1
0.6846324517817591 1
0.6856003866158954 1
