
 0.454
 0.547
 0.556
 0.580
 0.580
 0.580
 0.580
 0.580
 0.580
 0.580
 0.580
 0.580
 0.580
 0.580
 0.580
 0.580
 0.580
 0.580
 0.580
 0.580
 0.580
 0.580
 0.580
 0.580
 0.580
 0.580
 0.580
 0.580
 0.580
 0.580
 0.580
 0.580
 0.580
 0.580
 0.580
 0.580
 0.580
 0.580
 0.580
 0.580
 0.580
 0.580
 0.580
 0.580
 0.580
 0.580
 0.580
 0.580
 0.580
 0.580
 0.580
 0.580
 0.580
 0.580
 0.580
 0.580
 0.580
 0.580
 0.580
 0.580
 0.580
 0.580
 0.580
 0.580
 0.580
 0.580
 0.580
 0.580
 0.580
 0.580
 0.580
 0.580
 0.580
 0.580
 0.580
 0.580
 0.580
 0.580
 0.580
 0.580
 0.580
 0.580
 0.580
 0.580
 0.580
 0.580
 0.580
 0.580
 0.580
 0.580
 0.580
 0.580
 0.580
 0.580
 0.580
 0.580
 0.580
 0.580
 0.580
 0.580
 0.580
 0.580
 0.580
 0.580
 0.580
 0.580
 0.580
 0.580
 0.580
 0.580
 0.580
 0.580
 0.580
 0.580
 0.580
 0.580
 0.580
 0.580
 0.580
 0.580
 0.580
 0.580
 0.580
 0.580
 0.580
 0.580
 0.580
 0.580
 0.580
 0.580
 0.580
 0.580
 0.580
 0.580
 0.580
 0.580
 0.580
 0.580
 0.580
 0.580
 0.580
 0.580
 0.580
 0.580
 0.580
 0.580
 0.580
 0.580
 0.580
 0.580
 0.580
 0.580
 0.580
 0.580
 0.580
 0.580
 0.580
 0.580
 0.580
 0.580
 0.580
 0.580
 0.580
 0.580
 0.580
 0.580
 0.580
 0.580
 0.580
 0.580
 0.580
 0.580
 0.580
 0.580
 0.580
 0.580
 0.580
 0.580
 0.580
 0.580
 0.580
 0.580
 0.580
 0.580
 0.580
 0.580
 0.580
 0.580
 0.580
 0.580
 0.580
 0.580
 0.580
 0.580
 0.580
 0.580
 0.580
 0.580
 0.580
 0.580

