4 52
4 42
3 41
3 41
3 26
3 42
2 48
3 40
2 46
3 41
4 48
4 48
1 39
3 40
2 45
2 40
3 62
1 42
0 41
3 34
2 40
1 45
0 41
2 39
3 38
1 39
1 31
1 58
4 40
4 37
1 39
3 47
4 43
2 48
3 42
0 44
1 32
2 42
0 52
1 50
3 42
1 36
2 41
3 40
1 38
3 45
2 47
3 46
2 46
1 44
1 28
0 38
1 37
2 42
4 50
4 45
2 39
0 40
3 42
3 36
4 35
3 46
3 34
4 45
2 38
2 40
0 40
0 45
0 49
0 35
3 51
1 36
3 51
0 38
2 35
1 40
1 44
4 33
0 43
0 40
2 39
2 34
3 35
2 40
1 52
4 48
0 47
4 48
0 49
3 46
2 51
2 40
4 41
4 43
0 40
0 50
1 38
4 43
0 48
2 39
4 33
2 33
2 43
1 31
0 46
0 41
0 40
0 37
2 47
4 44
3 40
0 46
4 49
0 41
0 39
1 35
2 40
0 41
0 39
1 47
3 46
1 41
4 43
0 46
3 48
1 40
2 58
3 44
0 43
3 49
2 36
2 40
2 38
4 46
3 35
3 55
0 42
2 41
0 43
2 49
2 45
3 31
2 33
3 39
1 57
1 44
3 38
0 51
0 34
1 43
4 50
4 36
2 44
1 41
2 45
2 52
1 47
1 35
2 37
4 33
1 47
4 54
1 47
0 25
1 40
3 46
4 40
0 47
3 36
3 46
3 49
3 49
0 46
4 41
4 44
3 54
0 54
2 40
0 38
3 34
1 52
0 46
0 47
1 40
1 43
4 40
0 43
3 34
1 28
3 49
4 53
1 56
2 43
1 45
3 46
2 42
1 39
0 35
1 51
0 50
