0.4302065526478398 1
0.43059248583115095 1
0.43565578173099195 1
0.43732582115577917 1
0.43784053608473333 1
0.4379925290671796 1
0.43806549856812327 1
0.445754391567951 1
0.4461607701103379 1
0.44657380477070113 1
0.44666704770196924 1
0.45306514026379796 1
0.45353599326771243 1
0.4544433214898623 1
0.45543998730194934 1
0.4568130316131942 1
0.45752761083270727 1
0.4576763084840875 1
0.4584699984074221 1
0.45853511201332936 1
0.45947194618637477 1
0.45989876523768664 1
0.46000342240824293 1
0.46005666318272903 1
0.4600662471598346 1
0.4602483308384266 1
0.4614649234509509 1
0.46160444630165 1
0.462843489016182 1
0.46333859000616884 1
0.4634459041178591 1
0.4641970585541426 1
0.4642832200411577 1
0.4653418586100901 1
0.4657941315523587 1
0.4697567318913381 1
0.46977192374588533 1
0.47033897553859355 1
0.47037443628140735 1
0.4708360451299072 1
0.47118864720472253 1
0.4716029770019386 1
0.47162521978320077 1
0.4717338666485492 1
0.47233738348960974 1
0.4724722817402847 1
0.4725105064542489 1
0.47289610609674426 1
0.4740080125748627 1
0.4754846261704809 1
0.4755950546819909 1
0.47592551571897446 1
0.476298493699883 1
0.4764896171125981 1
0.47649193151606284 1
0.4769300054719453 1
0.4771216432388284 1
0.47725256562296053 1
0.47760294783594115 1
0.4780298849375565 1
0.4784086315956613 1
0.4797007606216516 1
0.4798178570247327 1
0.4798971760980359 1
0.4803272916009432 1
0.480567438879077 1
0.4807312450338672 1
0.4813881341167919 1
0.48139042944246463 1
0.48140843856042376 1
0.48216465510794754 1
0.4833903621439953 1
0.4836412169252193 1
0.4845683044726837 1
0.48508043108253596 1
0.48539250468109235 1
0.4863324660832202 1
0.4864519080007132 1
0.4865244000844774 1
0.4870596886532074 1
0.4885244442849952 1
0.4888789230570055 1
0.48952153698947354 1
0.4899850801076688 1
0.4912336641971573 1
0.49146108042058473 1
0.49210736621985474 1
0.4928639601578994 1
0.4930955674455676 1
0.4936483780118606 1
0.4937603954050735 1
0.49430867417769364 1
0.49442126325148655 1
0.4949030508789405 1
0.4956847525015384 1
0.4957167001193714 1
0.49631572742588803 1
0.49689078514257545 1
0.4971514944004023 1
0.49895072293689763 1
0.4994060434574809 1
0.49983813851736664 1
0.49984368878532587 1
0.5001248080782926 1
0.5001329986129287 1
0.5004165806239633 1
0.5005489650109937 1
0.5005955028433965 1
0.5031106248032917 1
0.5033067674293288 1
0.5036370184753667 1
0.5036803830775841 1
0.5039183298266267 1
0.5045458720346129 1
0.5051002725119735 1
0.5052976416055995 1
0.5056166172465029 1
0.5064395605677179 1
0.5065989703221798 1
0.5066528834968614 1
0.5066823983283971 1
0.506919408489168 1
0.5075020867496677 1
0.5075478673609947 1
0.5076379300937063 1
0.5079926170629957 1
0.5087906636310349 1
0.5091191584632501 1
0.5094180278441898 1
0.5096887471095596 1
0.5116734503384496 1
0.511790076862698 1
0.5123545714673658 1
0.5128944328723057 1
0.5134441267102564 1
0.5138208549746457 1
0.5142740716343318 1
0.5145897513465022 1
0.5146557426894137 1
0.515182621408534 1
0.5152538517092979 1
0.5154685098499303 1
0.5163148420725912 1
0.5164742495368696 1
0.516730530180564 1
0.5174272466734842 1
0.517508343848937 1
0.5180716914376358 1
0.5184886799256762 1
0.5190277352729589 1
0.5193494229307926 1
0.5194675882582066 1
0.520405811750769 1
0.5204449649235453 1
0.5215936896353462 1
0.5217695278329362 1
0.5224392051770358 1
0.5229023006804158 1
0.5232399025084575 1
0.5235987242835981 1
0.5249339676890936 1
0.5249735922465943 1
0.525719972443577 1
0.5259473863943408 1
0.526800829695504 1
0.5269142188456426 1
0.5272399682969767 1
0.5275169916561753 1
0.5294214348725448 1
0.5302022524970765 1
0.5305255304532709 1
0.5313301435400329 1
0.5314495002633361 1
0.5318278402919502 1
0.5337048181861906 1
0.534062869923162 1
0.5343498456437401 1
0.534715431039608 1
0.5348890590296097 1
0.5364253081903694 1
0.5372977700148592 1
0.5374278482977377 1
0.5378479494842737 1
0.538610952893942 1
0.5389913835666197 1
0.5407416765819116 1
0.5408405758557582 1
0.5424148009585728 1
0.543067500781245 1
0.5430767923900651 1
0.5439243216850437 1
0.5439450190298348 1
0.5445850890244577 1
0.5462541167216025 1
0.5469097894547681 1
0.5486631199745318 1
0.5544186530086259 1
0.5576605374819849 1
0.5590903754079136 1
0.5661372116626023 1
