
 0.472
 0.476
 0.438
 0.543
 0.531
 0.527
 0.490
 0.526
 0.508
 0.472
 0.509
 0.504
 0.477
 0.489
 0.455
 0.544
 0.494
 0.481
 0.447
 0.480
 0.542
 0.470
 0.522
 0.472
 0.480
 0.518
 0.513
 0.459
 0.531
 0.460
 0.436
 0.507
 0.458
 0.486
 0.477
 0.431
 0.478
 0.481
 0.496
 0.465
 0.534
 0.503
 0.470
 0.558
 0.472
 0.516
 0.538
 0.547
 0.460
 0.517
 0.460
 0.463
 0.534
 0.515
 0.559
 0.546
 0.509
 0.481
 0.504
 0.505
 0.497
 0.500
 0.554
 0.496
 0.470
 0.494
 0.478
 0.529
 0.494
 0.458
 0.460
 0.508
 0.534
 0.505
 0.501
 0.478
 0.457
 0.483
 0.485
 0.508
 0.500
 0.539
 0.473
 0.476
 0.430
 0.463
 0.474
 0.486
 0.530
 0.515
 0.491
 0.503
 0.500
 0.517
 0.453
 0.491
 0.462
 0.525
 0.527
 0.494
 0.484
 0.528
 0.446
 0.493
 0.525
 0.523
 0.526
 0.482
 0.466
 0.490
 0.516
 0.487
 0.524
 0.522
 0.487
 0.495
 0.437
 0.458
 0.501
 0.519
 0.520
 0.464
 0.471
 0.500
 0.459
 0.473
 0.518
 0.508
 0.513
 0.492
 0.438
 0.446
 0.454
 0.522
 0.461
 0.481
 0.505
 0.485
 0.535
 0.475
 0.544
 0.504
 0.531
 0.515
 0.506
 0.512
 0.496
 0.515
 0.463
 0.480
 0.470
 0.539
 0.493
 0.536
 0.477
 0.476
 0.510
 0.523
 0.499
 0.514
 0.489
 0.485
 0.537
 0.506
 0.545
 0.512
 0.566
 0.518
 0.507
 0.472
 0.541
 0.512
 0.543
 0.520
 0.438
 0.476
 0.537
 0.476
 0.527
 0.480
 0.460
 0.535
 0.481
 0.497
 0.519
 0.541
 0.515
 0.509
 0.464
 0.447
 0.549
 0.499
 0.519
 0.471
 0.500
 0.532
 0.454
 0.514
 0.507
 0.507

