1 38
3 50
1 44
1 54
0 45
0 38
2 39
3 47
1 37
0 32
0 39
2 39
0 40
0 45
3 43
3 44
2 38
0 50
2 45
2 38
3 48
1 43
2 41
1 28
0 39
3 55
3 34
1 37
1 44
0 30
0 36
1 35
2 35
2 42
1 43
2 43
0 58
2 37
1 29
3 39
2 41
1 41
2 48
1 37
1 40
3 33
1 43
0 43
0 49
0 34
2 46
0 48
0 49
1 35
0 37
2 42
3 43
2 48
2 54
2 44
0 49
1 34
2 26
2 49
0 45
0 35
3 44
3 47
1 46
0 50
0 37
1 43
1 50
0 47
0 46
0 46
0 45
2 43
3 40
2 44
1 50
2 42
2 40
0 46
1 45
1 47
2 42
2 38
0 36
2 44
1 46
1 45
1 51
2 44
3 40
3 42
0 30
0 35
1 41
0 40
1 54
2 57
2 40
0 33
1 29
1 59
0 52
1 47
2 42
0 37
0 44
0 44
0 35
2 36
0 36
2 41
3 36
1 53
0 52
2 46
2 41
0 53
1 42
0 43
3 42
2 50
1 33
2 45
0 37
3 36
3 59
0 47
0 41
0 45
0 47
1 36
1 40
2 43
1 46
2 54
2 32
2 43
1 51
1 30
3 47
2 31
3 47
1 39
0 35
0 36
1 34
2 49
0 32
1 43
0 47
0 38
0 53
1 48
2 61
1 45
0 49
1 46
0 42
1 54
2 47
3 43
0 40
1 35
3 44
2 46
1 31
1 36
3 40
1 37
2 32
3 36
1 36
2 40
2 40
2 38
0 31
3 44
3 48
0 44
0 50
2 43
0 30
1 40
3 56
1 41
3 38
1 46
2 48
0 33
2 27
2 36
1 36
2 39
1 31
3 49
