0.42279741980917124 1
0.42664977975075774 1
0.43835440018049665 1
0.4404982778376635 1
0.44697228416549883 1
0.4476940314173256 1
0.44868075809953845 1
0.449481615780103 1
0.44971052335101325 1
0.4514973919640648 1
0.4515386431687049 1
0.45197007262894767 1
0.4529310450773237 1
0.4545381076750185 1
0.4563459516602262 1
0.4564439723636624 1
0.4565837107541164 1
0.4588683067331153 1
0.4607761548965295 1
0.4609388996821924 1
0.4632376952403765 1
0.46487729664238814 1
0.46670028198870306 1
0.4667718608609976 1
0.46710936349309856 1
0.4671878029917623 1
0.4685808688559651 1
0.46936354180090056 1
0.46961494100045376 1
0.4697940454096591 1
0.4706182709258875 1
0.47334712824557806 1
0.47393575823503176 1
0.474229212805601 1
0.47434721428812177 1
0.47463669989374874 1
0.47575506688190144 1
0.47589982040910006 1
0.47619400587120614 1
0.4767688903348351 1
0.4775667424709419 1
0.4780219234581389 1
0.4783913484543298 1
0.4786536017385819 1
0.4795804744526844 1
0.4799755149580937 1
0.4801089413801713 1
0.48028688470678627 1
0.4803199445587568 1
0.48058457557109885 1
0.48076352812147294 1
0.48085997556228216 1
0.4809480417270429 1
0.48149599532203674 1
0.48162044325650805 1
0.48179629328891616 1
0.48207541335124937 1
0.48261027122625416 1
0.4826244497713036 1
0.48280181749886564 1
0.48304513520443604 1
0.483122041224068 1
0.48364934961588874 1
0.484059856560801 1
0.4854157658285612 1
0.4864004158642218 1
0.48687022462243695 1
0.4869550519289316 1
0.4869868594169122 1
0.4873703612989558 1
0.48737949425492716 1
0.48759812324689916 1
0.4883016013456855 1
0.48845857733294984 1
0.4893406624204947 1
0.49005295882140176 1
0.4905136704637228 1
0.4908108034679507 1
0.49146138926912114 1
0.49182655869038167 1
0.49235416433235135 1
0.49249364591822625 1
0.49286424242704174 1
0.49299100984482047 1
0.4932576481894417 1
0.49354061514227404 1
0.49374690116739633 1
0.49421567891185475 1
0.49422022896663975 1
0.4959305461320054 1
0.49622256540097426 1
0.4962480878891743 1
0.4970884887521879 1
0.49713207613161986 1
0.4971627391799702 1
0.49729425093306545 1
0.49856900283282213 1
0.498738218548301 1
0.49875339697220045 1
0.4989819343597592 1
0.4994419957329844 1
0.49946676308215077 1
0.5004022403397219 1
0.500404592476665 1
0.5014847155166573 1
0.5016610976010207 1
0.5017987761966687 1
0.5020692287707004 1
0.5034547039208547 1
0.5040207596064035 1
0.5042058267487204 1
0.5047000135072931 1
0.504871384656835 1
0.5056814241274323 1
0.5064404687061775 1
0.5066144201576317 1
0.507690832520819 1
0.5080652581360432 1
0.5081562208296275 1
0.5081948870184955 1
0.5084680669891339 1
0.5084755910175575 1
0.5085813600849785 1
0.5095799581835464 1
0.5099810651357988 1
0.5100155357104393 1
0.5104775058230018 1
0.5114444668470531 1
0.5116973861671711 1
0.5117392870075915 1
0.5125016747099999 1
0.5131228866357397 1
0.5144503266223301 1
0.5147116310999192 1
0.5155367834844784 1
0.5157394950576321 1
0.5160062369273223 1
0.5177439943657367 1
0.5179659894956662 1
0.5180978317739974 1
0.5187673429598589 1
0.5187889208763241 1
0.5188883937970169 1
0.5193689718190599 1
0.519579324696122 1
0.5198431412834615 1
0.5206215161604881 1
0.5209926771964427 1
0.5213732841304028 1
0.5217800550681744 1
0.5226638975458262 1
0.5243381635853542 1
0.5259518897041412 1
0.5265011149156497 1
0.526654736539301 1
0.5267012288270437 1
0.527107590462693 1
0.5271880542860945 1
0.5278460207311351 1
0.5285487403918786 1
0.5299991737022007 1
0.5316607949616676 1
0.5317644457186618 1
0.53178769393237 1
0.531861617110671 1
0.5321042066573716 1
0.5334692505800241 1
0.5336968229302685 1
0.5339892865090851 1
0.5346091096592896 1
0.5347531342973992 1
0.534887401562855 1
0.5350203059920972 1
0.5356703676333012 1
0.5357397805521318 1
0.5358582398027617 1
0.5359452966772327 1
0.53601823587101 1
0.5361730590735619 1
0.536536558433792 1
0.5371485461904135 1
0.5376325106857207 1
0.5383849363853253 1
0.538657638706332 1
0.5390037179741083 1
0.5402189854290789 1
0.541474234909327 1
0.5431885799219826 1
0.5441493274967247 1
0.5451700756293492 1
0.5468398423759296 1
0.551740101711745 1
0.553608184072356 1
0.5543332557987207 1
0.5613513441406139 1
0.5628149509541583 1
0.5636580027605607 1
0.5706777004933384 1
0.5795592712944206 1
0.5856190016160437 1
