
 0.493
 0.499
 0.452
 0.491
 0.536
 0.501
 0.536
 0.543
 0.554
 0.537
 0.485
 0.519
 0.526
 0.473
 0.516
 0.524
 0.527
 0.488
 0.483
 0.499
 0.487
 0.505
 0.510
 0.538
 0.564
 0.534
 0.536
 0.438
 0.496
 0.527
 0.536
 0.470
 0.496
 0.503
 0.547
 0.474
 0.480
 0.487
 0.470
 0.532
 0.487
 0.482
 0.492
 0.580
 0.539
 0.499
 0.499
 0.456
 0.499
 0.538
 0.509
 0.461
 0.478
 0.535
 0.496
 0.447
 0.508
 0.467
 0.528
 0.522
 0.508
 0.486
 0.489
 0.518
 0.456
 0.474
 0.492
 0.512
 0.530
 0.465
 0.540
 0.467
 0.512
 0.507
 0.488
 0.527
 0.563
 0.518
 0.474
 0.476
 0.479
 0.453
 0.508
 0.483
 0.554
 0.483
 0.471
 0.527
 0.534
 0.494
 0.481
 0.492
 0.448
 0.527
 0.484
 0.502
 0.481
 0.502
 0.450
 0.487
 0.508
 0.536
 0.504
 0.535
 0.532
 0.502
 0.467
 0.506
 0.513
 0.535
 0.493
 0.427
 0.500
 0.491
 0.463
 0.520
 0.480
 0.475
 0.491
 0.478
 0.497
 0.545
 0.515
 0.494
 0.452
 0.500
 0.508
 0.510
 0.536
 0.510
 0.490
 0.532
 0.459
 0.494
 0.571
 0.521
 0.521
 0.505
 0.487
 0.476
 0.533
 0.513
 0.519
 0.481
 0.481
 0.529
 0.469
 0.520
 0.469
 0.586
 0.523
 0.455
 0.480
 0.467
 0.483
 0.544
 0.519
 0.499
 0.541
 0.484
 0.514
 0.493
 0.497
 0.451
 0.521
 0.511
 0.480
 0.423
 0.539
 0.482
 0.561
 0.532
 0.476
 0.537
 0.461
 0.532
 0.449
 0.494
 0.482
 0.483
 0.478
 0.508
 0.477
 0.457
 0.481
 0.506
 0.488
 0.516
 0.504
 0.480
 0.440
 0.535
 0.518
 0.516
 0.519
 0.449
 0.510
 0.497
 0.552
 0.497

