2 33
3 39
3 34
3 55
0 33
0 36
1 48
2 53
2 40
1 41
2 51
2 45
0 50
3 30
2 42
0 42
2 46
1 33
1 38
2 54
2 49
1 36
1 47
1 42
3 33
3 40
2 38
2 52
0 48
2 32
2 44
1 44
3 46
0 48
2 41
3 50
1 33
2 44
0 58
0 42
3 48
2 39
3 47
3 48
0 54
1 38
1 32
0 42
2 53
2 45
3 42
3 43
0 46
0 33
2 35
1 43
3 44
3 47
3 31
1 33
0 60
2 37
3 48
1 46
0 37
2 43
3 39
2 39
1 51
3 31
1 49
0 44
3 52
0 28
1 42
1 47
1 44
1 45
2 45
2 40
3 41
3 38
2 50
2 42
1 54
1 35
1 42
2 28
2 45
2 46
3 42
0 55
1 44
0 51
3 34
1 42
3 56
0 34
3 38
0 34
3 37
0 27
3 36
2 43
1 54
1 32
0 43
3 46
3 30
0 50
1 41
3 34
0 41
3 39
1 33
0 44
3 39
2 45
0 48
2 29
3 38
2 39
3 40
2 32
1 41
0 27
1 42
0 36
2 56
3 42
2 44
3 38
0 41
2 43
0 36
2 34
3 43
3 49
0 52
2 46
2 37
1 37
3 37
1 36
3 34
3 41
1 39
1 42
3 55
3 46
2 39
0 45
2 45
3 44
2 40
1 40
0 33
1 45
2 40
2 41
2 54
2 44
2 44
3 54
1 47
0 39
0 37
2 34
2 50
0 38
0 47
2 47
2 40
1 40
0 45
1 41
1 49
0 47
2 59
3 29
0 49
3 36
1 41
2 40
3 46
0 46
2 35
2 42
1 49
3 28
1 45
2 49
3 44
3 40
2 47
0 48
0 43
1 44
2 47
1 34
