3 39
2 40
2 43
0 39
2 35
0 32
2 38
3 44
2 29
0 50
0 41
1 39
1 40
0 43
2 43
3 39
3 43
0 36
0 48
1 46
3 50
3 43
3 43
1 43
1 52
2 45
2 49
1 39
3 39
1 36
1 40
3 41
0 34
1 44
0 27
0 37
3 34
0 43
0 42
3 48
2 33
3 49
3 44
0 46
1 58
1 52
2 44
2 51
3 52
2 42
0 49
0 35
3 34
2 39
0 36
3 62
1 43
3 46
0 38
1 34
1 40
3 51
0 37
2 44
1 38
2 49
1 52
2 37
3 35
1 42
2 47
3 44
0 45
3 46
2 39
3 40
3 33
1 41
0 34
2 49
2 46
0 43
0 31
1 41
2 37
1 21
2 45
0 42
1 51
2 37
3 34
0 48
2 32
2 45
3 39
3 42
3 42
3 53
0 38
3 41
2 41
0 39
0 45
0 32
0 52
3 44
1 38
1 42
0 52
3 38
1 58
1 38
1 57
0 41
3 41
0 46
3 50
3 48
3 40
1 44
1 29
2 42
1 38
0 35
2 44
2 53
0 39
3 39
3 42
2 47
2 57
3 33
3 44
1 46
1 43
2 52
3 47
0 36
1 37
2 45
2 51
1 36
1 53
2 42
0 37
3 40
0 42
2 48
3 46
0 39
2 40
3 50
0 41
1 45
2 38
2 46
2 43
1 45
3 43
3 41
1 40
3 28
1 60
2 38
2 41
3 38
0 44
1 38
1 43
2 40
1 39
0 38
1 40
0 49
1 34
0 49
3 41
2 36
3 28
3 51
2 42
3 48
2 45
3 45
3 37
3 34
3 47
3 40
3 44
2 54
2 32
0 41
3 52
3 47
2 48
2 35
2 52
3 47
3 30
3 39
