0.4206510516400301 1
0.4272093181353773 1
0.44048897493164746 1
0.44071150920627294 1
0.4465038918879351 1
0.44937716520356596 1
0.4505164663945843 1
0.4527225695763367 1
0.4536388267784684 1
0.45404133100602306 1
0.4557633588664741 1
0.4561077586707251 1
0.4574143303995685 1
0.4580144056475358 1
0.46023885427781935 1
0.4605680153754866 1
0.4607810641024684 1
0.4608884340728345 1
0.4615264849662322 1
0.462935605336105 1
0.462988630661775 1
0.4645966382703664 1
0.4648061574473081 1
0.4652572594553389 1
0.46566024910308096 1
0.4661808398429692 1
0.4663772444998567 1
0.46679389955235245 1
0.4673104121178095 1
0.4673789160392712 1
0.4675442256520592 1
0.4681126221626893 1
0.46836122118659823 1
0.4683627365406047 1
0.46865464186496875 1
0.4689676652511538 1
0.46994156705729995 1
0.4706279353116961 1
0.4708859754488274 1
0.4708991340165273 1
0.4712211927195048 1
0.4717719093802909 1
0.47307184417372966 1
0.47382788971512096 1
0.47388762310025634 1
0.47406409260496546 1
0.4745343302203078 1
0.4750475908324592 1
0.4752532781618729 1
0.47731591029650566 1
0.47781310038408337 1
0.4782176511119774 1
0.47832016340490285 1
0.4789548736369085 1
0.4800647365878041 1
0.48112691153413584 1
0.4813572882817344 1
0.48196064588744114 1
0.48229224368198426 1
0.48288679553570224 1
0.4834952448096787 1
0.48363350986040826 1
0.48457429813723807 1
0.48457757240040356 1
0.4846028103181581 1
0.48511971470678533 1
0.48593060347091693 1
0.48606337182554826 1
0.486829650207346 1
0.48718856877376815 1
0.4878558471519864 1
0.4880465961801282 1
0.48840391366777874 1
0.4888707089802714 1
0.4892579707425455 1
0.48950134023233005 1
0.48953011018921444 1
0.4904718955175054 1
0.4905113366117312 1
0.49103382634126497 1
0.4910832742162694 1
0.4914048507179818 1
0.49143831406894384 1
0.49154975729624545 1
0.49187765007411266 1
0.49207273550492453 1
0.49211512384598827 1
0.4925170433235291 1
0.4926858973151175 1
0.49280845116957595 1
0.4933431456195169 1
0.4933651990011045 1
0.49351071280715286 1
0.49389291609335345 1
0.4940056304424371 1
0.49519568925099344 1
0.4954599702278822 1
0.4967398464840339 1
0.49722659009047293 1
0.49733155669852463 1
0.4975900683750952 1
0.49781387123627996 1
0.4978816849281597 1
0.4983304033736399 1
0.4996865602091418 1
0.4999353463118996 1
0.5000305979904351 1
0.5005090414884757 1
0.5005798082650138 1
0.5009554692714838 1
0.5020535753647678 1
0.5031453076006168 1
0.5034264003693011 1
0.5036922778172365 1
0.5037261152658903 1
0.5037291239209474 1
0.5040835205307538 1
0.5042083464383096 1
0.5044556851893951 1
0.5051402576766043 1
0.5054288528071104 1
0.5056761888687222 1
0.5056958179403769 1
0.5057067265405498 1
0.5058817882673801 1
0.5061146197614026 1
0.5064376542051376 1
0.507312671933874 1
0.5081260554335165 1
0.5088343571802185 1
0.5093237163691009 1
0.5095662305803156 1
0.5096434475587696 1
0.5096680368417791 1
0.5097782983614482 1
0.5099072647602273 1
0.5111308826284369 1
0.5112017415792416 1
0.5118700094769055 1
0.5121973949669332 1
0.5127593087339122 1
0.5129058461765276 1
0.5132968914176128 1
0.5135853900644823 1
0.5136655417895437 1
0.514386222479661 1
0.5146410415401182 1
0.5146959272506554 1
0.5147303550334624 1
0.5165768154752199 1
0.5168383570569359 1
0.5178564002128995 1
0.5179013749238923 1
0.5192065801517814 1
0.5192995079179499 1
0.5199797961416311 1
0.520265154227276 1
0.5205331259207846 1
0.5205391303548957 1
0.5217047442588528 1
0.5218146374461263 1
0.5230887600100481 1
0.5231231336237354 1
0.524146597732486 1
0.5255185552416962 1
0.5255653723093168 1
0.5257733018255839 1
0.5263443146254854 1
0.5263989924911217 1
0.5274944644618925 1
0.5280119000029119 1
0.528147083296885 1
0.5288350530582506 1
0.5288426494051146 1
0.529138900187776 1
0.5295457181490887 1
0.5298817513834453 1
0.531230862294694 1
0.5327810401068264 1
0.5328065906137883 1
0.5331843054428621 1
0.5333115685188367 1
0.5334724810625084 1
0.5346519929486404 1
0.534714922389443 1
0.5347852606512672 1
0.5350787768545772 1
0.5366277077400443 1
0.5400243590300036 1
0.5402391813635855 1
0.5421626458546315 1
0.5432510034548159 1
0.5442648766030203 1
0.5447880233097855 1
0.5460222230889613 1
0.5472224534183341 1
0.5548766484344837 1
0.5744399019816029 1
0.5860947490369278 1
0.601741216334891 1
