
 0.488
 0.440
 0.518
 0.498
 0.457
 0.508
 0.490
 0.466
 0.494
 0.501
 0.456
 0.526
 0.498
 0.470
 0.475
 0.522
 0.493
 0.485
 0.468
 0.504
 0.480
 0.492
 0.540
 0.519
 0.529
 0.500
 0.487
 0.504
 0.487
 0.533
 0.506
 0.521
 0.483
 0.515
 0.586
 0.510
 0.530
 0.486
 0.471
 0.461
 0.421
 0.467
 0.458
 0.474
 0.463
 0.494
 0.465
 0.543
 0.484
 0.545
 0.461
 0.517
 0.497
 0.514
 0.497
 0.503
 0.485
 0.520
 0.535
 0.488
 0.509
 0.465
 0.471
 0.544
 0.510
 0.540
 0.490
 0.504
 0.454
 0.524
 0.500
 0.479
 0.472
 0.468
 0.514
 0.533
 0.535
 0.512
 0.513
 0.492
 0.547
 0.482
 0.517
 0.474
 0.528
 0.512
 0.506
 0.478
 0.467
 0.505
 0.526
 0.493
 0.427
 0.529
 0.511
 0.471
 0.468
 0.456
 0.474
 0.495
 0.506
 0.462
 0.529
 0.488
 0.477
 0.489
 0.513
 0.510
 0.467
 0.493
 0.475
 0.491
 0.514
 0.478
 0.478
 0.515
 0.465
 0.531
 0.491
 0.485
 0.495
 0.523
 0.454
 0.481
 0.542
 0.528
 0.460
 0.533
 0.504
 0.491
 0.490
 0.526
 0.471
 0.492
 0.441
 0.500
 0.523
 0.498
 0.505
 0.501
 0.513
 0.473
 0.469
 0.527
 0.493
 0.461
 0.519
 0.509
 0.504
 0.537
 0.501
 0.535
 0.506
 0.498
 0.449
 0.502
 0.526
 0.466
 0.520
 0.533
 0.521
 0.492
 0.486
 0.518
 0.453
 0.530
 0.511
 0.510
 0.468
 0.507
 0.463
 0.491
 0.489
 0.574
 0.602
 0.526
 0.485
 0.493
 0.447
 0.482
 0.533
 0.481
 0.475
 0.535
 0.497
 0.555
 0.503
 0.510
 0.506
 0.494
 0.515
 0.483
 0.466
 0.504
 0.522
 0.451
 0.546
 0.469
 0.506
 0.491

