0.41283195757487834 1
0.4148483378139346 1
0.42106048546255176 1
0.42382873005537897 1
0.4285134529121325 1
0.4370347125587464 1
0.43773659397516723 1
0.44091767203537074 1
0.44112160544858975 1
0.4457269492092075 1
0.4468563387535856 1
0.4480182272649293 1
0.4509965297666259 1
0.4520735075832895 1
0.45215704338754975 1
0.4527355084784638 1
0.453635473050457 1
0.45444160826884505 1
0.45633818601818354 1
0.4570076200401539 1
0.4572915975478874 1
0.4578677967553414 1
0.45933121479356714 1
0.46034874872029724 1
0.46067334367858964 1
0.46078588664888576 1
0.46096286218277543 1
0.4611276003491775 1
0.46136601788177267 1
0.46181667769528234 1
0.4621226360568238 1
0.4625021331001402 1
0.46483211925502393 1
0.4655202670456031 1
0.4656373286905147 1
0.4666501914734528 1
0.468066584548431 1
0.46832933437051366 1
0.46835019569939734 1
0.4688954628430113 1
0.46943394516481407 1
0.47031032954963814 1
0.4704904905587959 1
0.4705548619398137 1
0.4722412884142964 1
0.47259794458551846 1
0.47485541919048 1
0.4749191915793382 1
0.4750542687593626 1
0.4752059509636919 1
0.4764807798404787 1
0.4764855258955896 1
0.476546658088577 1
0.4769809657519311 1
0.47725523137332077 1
0.477292181774962 1
0.47734571538810167 1
0.4779244704628347 1
0.4789938868914463 1
0.47902333334786845 1
0.4796585437893093 1
0.48022005937268114 1
0.4805788257954901 1
0.48125328754746044 1
0.4814372413642086 1
0.481799765288933 1
0.4825937277091692 1
0.4829001119806978 1
0.48301740983337227 1
0.48493656388696527 1
0.48524835528601984 1
0.48559125140147313 1
0.48614641108941514 1
0.4864700190949863 1
0.4865333200693692 1
0.48677207838275416 1
0.487208365041733 1
0.487297146190202 1
0.48852694292458504 1
0.4885334358791936 1
0.4892154666053986 1
0.48935944073745374 1
0.48955378217862555 1
0.49233590130898414 1
0.4923392470544876 1
0.4926244249661565 1
0.4927630702134395 1
0.49347797008616295 1
0.493571571240584 1
0.49373465495323576 1
0.4940538836051636 1
0.49448603058888063 1
0.4944900350011109 1
0.49497572399113127 1
0.4950428759314394 1
0.4954260668458299 1
0.49543124701419505 1
0.4954905433992431 1
0.4957967292578908 1
0.49585532760100265 1
0.4972385164948349 1
0.49749437354157 1
0.4976518098646778 1
0.4976567863003398 1
0.4977217240214923 1
0.4985119145896126 1
0.49905157306118225 1
0.49918948845006583 1
0.49951416329050247 1
0.49998420011687084 1
0.5003472704597202 1
0.5004045916593953 1
0.5008858186861773 1
0.5009701076952398 1
0.5014278739318004 1
0.5015051642961343 1
0.5019741920691667 1
0.5022554168599744 1
0.5023018017527753 1
0.5024348405136259 1
0.5027837457067873 1
0.5029520458561898 1
0.5029971189103806 1
0.5033063086816526 1
0.5034985316904244 1
0.503592842266967 1
0.5037625768608234 1
0.5038534853421462 1
0.5038668715124168 1
0.5042254141737686 1
0.5052305154261217 1
0.505313382426315 1
0.5056656073487722 1
0.5071364253806506 1
0.5077015134931782 1
0.5079667299367497 1
0.5083001925441973 1
0.5083186176892611 1
0.5084058928611944 1
0.5085668395867718 1
0.5087081151634988 1
0.5092770509574575 1
0.5095206273263281 1
0.5099855916422932 1
0.5104693959224785 1
0.510504553740573 1
0.5105722573371684 1
0.5115749533739793 1
0.5120512162157569 1
0.5122678266852667 1
0.5126417489404772 1
0.513059286198249 1
0.5138477131947092 1
0.5138546458982161 1
0.5138887154766614 1
0.5150101478324445 1
0.5157356147492044 1
0.515917324753186 1
0.5160136215752985 1
0.5171808455894166 1
0.5178240031418628 1
0.518330164936438 1
0.5183571947322345 1
0.5185338808581034 1
0.5193243460607433 1
0.520793174038145 1
0.5208830226862013 1
0.5209019818142171 1
0.5219568671411278 1
0.5226009259919662 1
0.5230306614859638 1
0.5230998483904014 1
0.523108331048854 1
0.5235881370431713 1
0.5239107933045952 1
0.5267563918121938 1
0.5268849671468276 1
0.5276440226565294 1
0.527923097382116 1
0.5280946809330981 1
0.5295216440627912 1
0.5300822360086861 1
0.5301732675386716 1
0.5304344893609492 1
0.532247488754846 1
0.5332662065867995 1
0.533319952725343 1
0.5343361666018147 1
0.5358164861961489 1
0.5358231170884399 1
0.5377243730940496 1
0.541625329934176 1
0.5445245010021402 1
0.5460117465324815 1
0.5464111846118869 1
0.552177215992115 1
0.5521834229014906 1
0.5574627884991579 1
0.5586533205881813 1
0.5604633223483264 1
