
 0.498
 0.508
 0.504
 0.501
 0.523
 0.479
 0.522
 0.502
 0.492
 0.512
 0.475
 0.489
 0.510
 0.454
 0.494
 0.500
 0.479
 0.493
 0.468
 0.486
 0.477
 0.557
 0.476
 0.519
 0.477
 0.506
 0.494
 0.509
 0.483
 0.499
 0.461
 0.559
 0.489
 0.521
 0.534
 0.536
 0.527
 0.497
 0.552
 0.512
 0.421
 0.437
 0.429
 0.542
 0.505
 0.536
 0.523
 0.458
 0.476
 0.513
 0.503
 0.532
 0.533
 0.516
 0.492
 0.495
 0.461
 0.456
 0.510
 0.475
 0.502
 0.500
 0.481
 0.489
 0.477
 0.495
 0.498
 0.465
 0.518
 0.501
 0.502
 0.507
 0.486
 0.438
 0.499
 0.504
 0.470
 0.489
 0.475
 0.530
 0.477
 0.502
 0.515
 0.461
 0.486
 0.461
 0.508
 0.460
 0.468
 0.472
 0.413
 0.528
 0.509
 0.457
 0.446
 0.457
 0.481
 0.504
 0.496
 0.441
 0.530
 0.528
 0.505
 0.494
 0.521
 0.502
 0.508
 0.560
 0.487
 0.481
 0.533
 0.497
 0.468
 0.485
 0.462
 0.487
 0.524
 0.517
 0.467
 0.508
 0.473
 0.495
 0.485
 0.490
 0.447
 0.518
 0.523
 0.516
 0.478
 0.441
 0.530
 0.483
 0.552
 0.523
 0.530
 0.493
 0.475
 0.494
 0.514
 0.471
 0.424
 0.477
 0.500
 0.514
 0.480
 0.503
 0.498
 0.469
 0.527
 0.469
 0.415
 0.503
 0.494
 0.499
 0.504
 0.451
 0.528
 0.514
 0.513
 0.495
 0.524
 0.496
 0.461
 0.501
 0.503
 0.546
 0.470
 0.500
 0.546
 0.463
 0.521
 0.545
 0.482
 0.483
 0.448
 0.466
 0.480
 0.511
 0.453
 0.487
 0.518
 0.509
 0.452
 0.487
 0.510
 0.503
 0.512
 0.519
 0.459
 0.504
 0.516
 0.493
 0.452
 0.538
 0.495
 0.466
 0.508
 0.462
 0.454
 0.511

