0.3933531740669982 1
0.41402185227682714 1
0.41439868849662775 1
0.4327333305955554 1
0.4329456240019439 1
0.44099258099425226 1
0.44135461920805436 1
0.4440638192855502 1
0.4442146486082411 1
0.44616127705124164 1
0.4516204506320271 1
0.45227323778367884 1
0.4527517093883718 1
0.4531421963040507 1
0.4531684492611918 1
0.45340571579990185 1
0.4547883605968463 1
0.4550496851121264 1
0.4557930644841115 1
0.457395167362396 1
0.45786114450362775 1
0.4592738223051729 1
0.4619166858270857 1
0.46303706437714864 1
0.4637353811450754 1
0.4641934534225359 1
0.46509611409203977 1
0.4654079209790052 1
0.46557539904949463 1
0.46653870752374743 1
0.466918641398933 1
0.4672215807005263 1
0.46736391952865136 1
0.4674317541306065 1
0.4675251655021602 1
0.46759574754795785 1
0.468552744344605 1
0.46882740557784 1
0.46890058672605084 1
0.469194785945111 1
0.4692578145643258 1
0.47010112781343416 1
0.47060811614980674 1
0.4708369428477476 1
0.471069531850558 1
0.47149843143229075 1
0.4715040454645079 1
0.4715537261428054 1
0.4716356732000358 1
0.4720467601612516 1
0.4721957439327939 1
0.4725743516212916 1
0.4728663593587064 1
0.4731488309409928 1
0.4731828439372287 1
0.4737112098016016 1
0.47415295267838914 1
0.47439398247656483 1
0.4753625165721482 1
0.47543574409550104 1
0.4758761482691737 1
0.4759609604678881 1
0.47662571537550746 1
0.47700919320353885 1
0.47704330821725915 1
0.4793298624065196 1
0.47958092468810376 1
0.47969905500516463 1
0.4798036393835774 1
0.48005868397804924 1
0.4801230518320763 1
0.48024393576314667 1
0.48075834480732105 1
0.483258356394529 1
0.483657707169783 1
0.4836581581995795 1
0.48389794324458973 1
0.48478570135631716 1
0.48503123216563165 1
0.48510788402162247 1
0.48513406936432557 1
0.48561806433543625 1
0.48594100969241866 1
0.48594539223667893 1
0.4864130620259964 1
0.4867854087446761 1
0.4877020592987226 1
0.48785176346441517 1
0.4883461548345454 1
0.48948160280666747 1
0.4904570640617235 1
0.49049758225086876 1
0.4909714783083471 1
0.4914774598143751 1
0.49187676663677016 1
0.491904438323677 1
0.4920901766059802 1
0.49234593770217466 1
0.49282608989622767 1
0.49287782427383564 1
0.49308331192283555 1
0.49315532974409715 1
0.4939563361003058 1
0.4939928956495775 1
0.4939947044226928 1
0.4942077629514502 1
0.4943177374224319 1
0.49444132479171166 1
0.4944679729514981 1
0.49478552537868237 1
0.4951574738625326 1
0.49539193002598786 1
0.4954111401915196 1
0.49617749531759436 1
0.496414932182698 1
0.4965703245939492 1
0.49659422234797096 1
0.49737542984768074 1
0.49800093794622247 1
0.4989048751263293 1
0.4992509327201046 1
0.49952627245138503 1
0.5001926367646675 1
0.5002142104552632 1
0.5007099337505305 1
0.5008012565656802 1
0.5008264298929078 1
0.5010053412674845 1
0.5010583472941961 1
0.5011166126147127 1
0.5022771781370973 1
0.5026332389870407 1
0.5027068521463858 1
0.5030694603047997 1
0.5035745998508625 1
0.5039163918775558 1
0.5040860469739522 1
0.504987170630405 1
0.5052633027237073 1
0.5058064420646418 1
0.5059267787952533 1
0.5060691235293959 1
0.5076948349539222 1
0.5080042634678432 1
0.5083175278867017 1
0.50873209824475 1
0.5091396180458335 1
0.5094543377901616 1
0.5096654334784266 1
0.51008093783227 1
0.5100892647049906 1
0.5101328005651472 1
0.5107802173761715 1
0.510796447192889 1
0.511084768980524 1
0.5112285532188391 1
0.5114039917305253 1
0.5124175691466072 1
0.5135191301580084 1
0.5135217301970288 1
0.5148627350942587 1
0.515221053520005 1
0.5152836878843585 1
0.516001053382569 1
0.5174323768573006 1
0.5182728800649986 1
0.5183065707806699 1
0.5191103856909156 1
0.520394634065826 1
0.5207886149594725 1
0.5234837873468924 1
0.524112991769098 1
0.5241408194596491 1
0.5241596867917524 1
0.5241999272347398 1
0.5244890464690921 1
0.5262519969851457 1
0.5285794853923806 1
0.52865361064285 1
0.5301182319166332 1
0.5307916664034201 1
0.5317114590713049 1
0.5317375855122558 1
0.5329907141031079 1
0.533063336664042 1
0.5345182087610624 1
0.5350301165117499 1
0.5386043308317231 1
0.5399403401800028 1
0.5415051322322174 1
0.5449171900688213 1
0.548672099607475 1
0.5497046086923748 1
0.5528083862089844 1
0.5546057680311912 1
0.5567668695012599 1
0.5593742439279487 1
0.5620179563034201 1
0.5743546043333063 1
0.5788242514663378 1
