
 0.494
 0.535
 0.493
 0.472
 0.505
 0.485
 0.490
 0.469
 0.510
 0.477
 0.532
 0.579
 0.511
 0.483
 0.488
 0.521
 0.518
 0.559
 0.466
 0.516
 0.455
 0.524
 0.506
 0.481
 0.515
 0.467
 0.523
 0.472
 0.510
 0.524
 0.501
 0.455
 0.574
 0.480
 0.471
 0.474
 0.508
 0.468
 0.539
 0.542
 0.511
 0.510
 0.490
 0.470
 0.498
 0.469
 0.524
 0.545
 0.488
 0.494
 0.464
 0.494
 0.494
 0.511
 0.533
 0.484
 0.486
 0.508
 0.477
 0.520
 0.493
 0.503
 0.414
 0.524
 0.526
 0.514
 0.509
 0.485
 0.514
 0.458
 0.496
 0.472
 0.502
 0.480
 0.553
 0.501
 0.480
 0.562
 0.492
 0.500
 0.511
 0.506
 0.497
 0.472
 0.475
 0.480
 0.468
 0.504
 0.503
 0.510
 0.465
 0.489
 0.444
 0.474
 0.505
 0.501
 0.549
 0.517
 0.501
 0.476
 0.456
 0.555
 0.473
 0.540
 0.504
 0.529
 0.486
 0.469
 0.472
 0.444
 0.453
 0.471
 0.535
 0.509
 0.511
 0.480
 0.487
 0.467
 0.486
 0.524
 0.495
 0.459
 0.479
 0.519
 0.494
 0.462
 0.550
 0.500
 0.500
 0.453
 0.475
 0.477
 0.494
 0.467
 0.499
 0.532
 0.464
 0.488
 0.393
 0.457
 0.474
 0.501
 0.495
 0.471
 0.469
 0.508
 0.441
 0.506
 0.497
 0.467
 0.485
 0.453
 0.473
 0.486
 0.433
 0.467
 0.492
 0.471
 0.441
 0.499
 0.473
 0.533
 0.495
 0.529
 0.469
 0.492
 0.476
 0.491
 0.531
 0.453
 0.530
 0.452
 0.465
 0.491
 0.512
 0.484
 0.496
 0.518
 0.497
 0.485
 0.509
 0.493
 0.492
 0.494
 0.515
 0.414
 0.493
 0.503
 0.504
 0.495
 0.433
 0.463
 0.557
 0.452
 0.484
 0.446
 0.515
 0.501
 0.480
 0.473

