
 0.566
 0.624
 0.679
 0.708
 0.721
 0.723
 0.728
 0.728
 0.728
 0.728
 0.728
 0.728
 0.728
 0.728
 0.728
 0.728
 0.728
 0.728
 0.728
 0.728
 0.728
 0.728
 0.728
 0.728
 0.728
 0.728
 0.728
 0.728
 0.728
 0.728
 0.728
 0.728
 0.728
 0.728
 0.728
 0.728
 0.728
 0.728
 0.728
 0.728
 0.728
 0.728
 0.728
 0.728
 0.728
 0.728
 0.728
 0.728
 0.728
 0.728
 0.728
 0.728
 0.728
 0.728
 0.728
 0.728
 0.728
 0.728
 0.728
 0.728
 0.728
 0.728
 0.728
 0.728
 0.728
 0.728
 0.728
 0.728
 0.728
 0.728
 0.728
 0.728
 0.728
 0.728
 0.728
 0.728
 0.728
 0.728
 0.728
 0.728
 0.728
 0.728
 0.728
 0.728
 0.728
 0.728
 0.728
 0.728
 0.728
 0.728
 0.728
 0.728
 0.728
 0.728
 0.728
 0.728
 0.728
 0.728
 0.728
 0.728
 0.728
 0.728
 0.728
 0.728
 0.728
 0.728
 0.728
 0.728
 0.728
 0.728
 0.728
 0.728
 0.728
 0.728
 0.728
 0.728
 0.728
 0.728
 0.728
 0.728
 0.728
 0.728
 0.728
 0.728
 0.728
 0.728
 0.728
 0.728
 0.728
 0.728
 0.728
 0.728
 0.728
 0.728
 0.728
 0.728
 0.728
 0.728
 0.728
 0.728
 0.728
 0.728
 0.728
 0.728
 0.728
 0.728
 0.728
 0.728
 0.728
 0.728
 0.728
 0.728
 0.728
 0.728
 0.728
 0.728
 0.728
 0.728
 0.728
 0.728
 0.728
 0.728
 0.728
 0.728
 0.728
 0.728
 0.728
 0.728
 0.728
 0.728
 0.728
 0.728
 0.728
 0.728
 0.728
 0.728
 0.728
 0.728
 0.728
 0.728
 0.728
 0.728
 0.728
 0.728
 0.728
 0.728
 0.728
 0.728
 0.728
 0.728
 0.728
 0.728
 0.728
 0.728
 0.728
 0.728
 0.728
 0.728
 0.728
 0.728

