2 44
1 46
2 43
1 39
1 41
1 38
1 36
1 40
0 37
2 56
0 34
2 37
1 38
2 42
0 53
0 33
0 44
2 37
0 49
0 50
1 33
1 40
0 36
2 46
0 45
1 36
1 33
1 42
0 37
2 39
2 38
2 27
0 35
0 33
0 32
2 40
1 37
2 35
1 39
2 35
2 49
2 40
2 44
0 38
2 42
2 59
1 41
2 36
1 38
2 59
0 29
2 53
0 36
1 34
0 41
1 44
0 39
0 48
2 43
0 27
2 40
1 39
0 56
0 42
2 43
2 38
2 48
2 42
1 37
1 39
2 49
1 47
2 38
0 47
1 45
0 49
0 36
2 44
2 32
2 55
2 42
0 33
2 50
2 41
1 44
1 41
0 30
0 47
2 35
2 40
0 51
1 30
0 31
2 34
2 42
1 38
1 40
2 32
2 34
2 33
2 44
1 41
1 51
0 30
1 43
2 43
1 40
0 38
0 38
0 35
0 47
2 33
0 48
1 41
2 34
1 41
0 49
0 49
2 31
2 44
0 48
0 39
2 39
1 41
0 41
2 43
0 47
0 38
1 36
0 52
1 39
1 38
2 47
0 30
1 35
2 41
2 36
2 47
1 35
1 49
1 34
2 39
1 36
1 36
1 35
0 32
0 33
1 42
0 49
1 37
0 55
2 42
0 41
2 45
2 37
1 47
1 45
2 33
2 47
1 35
2 38
0 47
2 48
1 40
2 53
0 48
2 43
2 37
0 40
0 24
2 54
1 40
1 42
2 36
2 54
1 48
1 41
1 50
2 39
0 42
1 49
1 37
1 44
2 36
1 38
1 41
0 53
0 47
1 42
0 49
1 42
2 34
2 41
0 38
1 38
0 39
1 37
1 53
2 45
1 51
