0.48382196083080337 1
0.49245321915068485 1
0.5213220972284656 1
0.5245297044780564 1
0.5283042247231978 1
0.5420024695277005 1
0.5478411900595324 1
0.5590746050465024 1
0.5648868993045929 1
0.5698256954916447 1
0.572317734084475 1
0.5818644922526702 1
0.5903746620099847 1
0.5959970618058895 1
0.5966436170934153 1
0.5995978993670698 1
0.6011510011249045 1
0.6029438900161821 1
0.6036032171098906 1
0.6058524315386501 1
0.610802606491396 1
0.6311733563735372 1
0.650205884147113 1
0.6564016008094622 1
0.6625909916183391 1
0.6719485201552114 1
0.6719860242932941 1
0.6733151236367594 1
0.6755202725167929 1
0.6773758478451852 1
0.6798080868448875 1
0.6817415031462327 1
0.6820880162987242 1
0.6828229047908321 1
0.6836001559085765 1
0.6837129061736971 1
0.6840019968654789 1
0.6840766716423085 1
0.6848130930119629 1
0.6853660700819745 1
0.6854569899914603 1
0.6857510991787571 1
0.686062711644819 1
0.686461232734572 1
0.6865656235401257 1
0.6867555519058215 1
0.6867650454780249 1
0.6868693700764658 1
0.6869359941885429 1
0.6877998868035781 1
0.6878851037225031 1
0.6881386074266893 1
0.6884099794909431 1
0.6885974040741978 1
0.6887809232883795 1
0.6891235950933199 1
0.6891508216131749 1
0.6891850466924615 1
0.6892299192486487 1
0.6895078337141111 1
0.6896206609299632 1
0.6900324704042734 1
0.6917768636451548 1
0.6918332769466776 1
0.6919289210076156 1
0.6927267904503772 1
0.6935747953490569 1
0.694678975888216 1
0.6946938767513022 1
0.6954694547060734 1
0.6958172282321956 1
0.6960249637828108 1
0.6966791148733571 1
0.6970642258689882 1
0.6978696811809657 1
0.6983376574027945 1
0.6994352604821756 1
0.7007070471160943 1
0.7015001509692711 1
0.7016247800034504 1
0.7018812761381997 1
0.7020441085143952 1
0.7025079231376308 1
0.7033180637971453 1
0.7035309642389752 1
0.7070249339848951 1
0.7073334297594148 1
0.7087187176071732 1
0.7091702984295238 1
0.709955128358384 1
0.7103416094978965 1
0.712176743800109 1
0.7130541828086515 1
0.7152061431854082 1
0.7161865636612321 1
0.7210521499194652 1
0.7229715181967181 1
0.7250818572171847 1
0.7250986343763334 1
0.7257491651383327 1
