
 0.00000 1.00000 2.00000 3.00000 4.00000 5.00000 6.00000 7.00000 8.00000 9.00000
 0.03560 -0.01960 0.04320 0.03840 0.04560 -0.01880 -0.01880 0.04960 0.03920 -0.01700
 0.02064 -0.03896 0.02740 0.06504 0.03200 -0.03332 -0.03484 0.03400 0.02588 -0.03156
 0.05606 -0.05288 0.06318 0.08968 0.06656 -0.04575 -0.04799 0.07680 0.05678 -0.04139
 0.08293 -0.02838 0.08742 0.11523 0.09600 -0.02432 -0.05897 0.11148 0.08314 -0.05026
 0.10764 -0.04130 0.07763 0.14093 0.11957 -0.03684 -0.06634 0.14255 0.10609 -0.05716
 0.12618 -0.05430 0.09780 0.16027 0.13736 -0.04889 -0.07428 0.16855 0.12385 -0.06517
 0.14501 -0.03186 0.11308 0.17728 0.15640 -0.03044 -0.06247 0.18869 0.14130 -0.07166
 0.16096 -0.01081 0.12938 0.19497 0.17391 -0.01591 -0.06705 0.20715 0.15830 -0.07614
 0.17658 -0.02209 0.14131 0.21696 0.18907 -0.02765 -0.07278 0.22261 0.17093 -0.08072
 0.18790 -0.03176 0.13582 0.23554 0.18174 -0.03537 -0.07703 0.23665 0.16421 -0.08586
 0.19942 -0.04139 0.12909 0.24990 0.17406 -0.04325 -0.08168 0.24740 0.15824 -0.09214
 0.19387 -0.04775 0.12189 0.24344 0.16701 -0.05152 -0.08794 0.24253 0.14927 -0.09620
 0.20834 -0.05492 0.11441 0.25966 0.18304 -0.05582 -0.09282 0.25493 0.16307 -0.10074
 0.21900 -0.06273 0.10713 0.26960 0.19960 -0.06075 -0.09864 0.26638 0.17683 -0.10594
 0.21262 -0.06770 0.09806 0.26316 0.19441 -0.06867 -0.10353 0.26133 0.17109 -0.11068
 0.22462 -0.07291 0.09076 0.27272 0.20691 -0.07279 -0.10810 0.27155 0.18653 -0.11619
 0.21869 -0.07831 0.08334 0.28192 0.19984 -0.07884 -0.11344 0.28226 0.17954 -0.12048
 0.23267 -0.06459 0.09950 0.29675 0.21222 -0.06717 -0.10246 0.29346 0.19059 -0.11188
 0.24320 -0.05224 0.11452 0.30735 0.22376 -0.05767 -0.09481 0.30009 0.20207 -0.10263
 0.25000 -0.05799 0.12889 0.31695 0.23257 -0.06354 -0.09795 0.30552 0.21600 -0.10589
 0.25829 -0.06433 0.12128 0.32276 0.24128 -0.06865 -0.10209 0.31427 0.22745 -0.11025
 0.25411 -0.06915 0.11327 0.33151 0.23614 -0.07373 -0.10648 0.32246 0.22292 -0.11602
 0.24963 -0.07657 0.10698 0.34079 0.23110 -0.08063 -0.11236 0.32025 0.21942 -0.12101
 0.24469 -0.08081 0.09972 0.33695 0.22589 -0.08701 -0.11642 0.31632 0.21475 -0.12606
 0.25086 -0.08627 0.09195 0.34452 0.23752 -0.09143 -0.11992 0.32498 0.22419 -0.13142
 0.26079 -0.09106 0.08479 0.35340 0.24774 -0.09701 -0.12526 0.33284 0.23431 -0.13755
 0.26967 -0.09698 0.07852 0.36093 0.25719 -0.10171 -0.12955 0.33898 0.24164 -0.14019
 0.27886 -0.10202 0.07154 0.37170 0.26619 -0.10529 -0.13405 0.34578 0.25102 -0.14432
 0.28775 -0.09061 0.08319 0.37943 0.27554 -0.09608 -0.13834 0.35338 0.25734 -0.14881
 0.29609 -0.09446 0.07677 0.38893 0.28144 -0.10107 -0.14372 0.36335 0.26650 -0.15247
 0.30426 -0.08648 0.08717 0.39611 0.28692 -0.08840 -0.13463 0.37129 0.27719 -0.14149
 0.31078 -0.09188 0.10032 0.40228 0.29350 -0.09343 -0.14016 0.37979 0.28601 -0.14599
 0.30662 -0.09907 0.09705 0.41181 0.28968 -0.09824 -0.14479 0.38807 0.28209 -0.15191
 0.30318 -0.10449 0.09237 0.42088 0.28573 -0.10292 -0.14837 0.39575 0.27995 -0.15639
 0.31086 -0.09498 0.10499 0.42808 0.29353 -0.09444 -0.15369 0.40078 0.28692 -0.16241
 0.31950 -0.10062 0.09981 0.43481 0.30081 -0.10100 -0.15786 0.40624 0.29402 -0.16683
 0.33022 -0.10455 0.09476 0.44277 0.31013 -0.10466 -0.16099 0.41510 0.30068 -0.17238
 0.32592 -0.11225 0.08983 0.44896 0.30732 -0.10851 -0.16524 0.41249 0.29811 -0.17674
 0.33455 -0.10155 0.10177 0.45847 0.31245 -0.09477 -0.16997 0.41899 0.30534 -0.18120
 0.34188 -0.10610 0.09752 0.46429 0.31873 -0.09927 -0.17502 0.42628 0.31288 -0.18523
 0.34695 -0.11099 0.09333 0.47248 0.32491 -0.10391 -0.17851 0.43244 0.32023 -0.19030
 0.35353 -0.11534 0.10147 0.47782 0.33401 -0.10939 -0.18442 0.43979 0.32517 -0.19485
 0.36028 -0.10675 0.11110 0.48760 0.33911 -0.10002 -0.19000 0.44481 0.33187 -0.19944
 0.35767 -0.10995 0.10722 0.49371 0.33430 -0.10333 -0.19461 0.45072 0.32814 -0.20244
 0.35366 -0.11514 0.10308 0.49065 0.33148 -0.10676 -0.19976 0.44754 0.32469 -0.20744
 0.35108 -0.11760 0.09885 0.49659 0.32871 -0.11073 -0.20321 0.45468 0.31901 -0.21171
 0.35754 -0.12140 0.09475 0.50434 0.33731 -0.11514 -0.20753 0.46175 0.32412 -0.21520
 0.35365 -0.12487 0.08975 0.50140 0.33539 -0.11914 -0.21154 0.45813 0.32086 -0.21850
 0.36016 -0.11622 0.09897 0.50603 0.34121 -0.11349 -0.20493 0.46192 0.32910 -0.21257
 0.36845 -0.11926 0.10848 0.51135 0.34812 -0.11659 -0.20897 0.46727 0.33505 -0.21607
 0.36621 -0.12461 0.10398 0.50790 0.34402 -0.12130 -0.21095 0.46587 0.33130 -0.22163
 0.37269 -0.12899 0.09968 0.50390 0.35282 -0.12471 -0.21494 0.47020 0.33743 -0.22693
 0.37906 -0.13273 0.10728 0.50191 0.36069 -0.12878 -0.21978 0.47846 0.34766 -0.23052
 0.37477 -0.13735 0.10379 0.49925 0.35638 -0.13256 -0.22447 0.47518 0.34473 -0.23526
 0.38271 -0.12592 0.11529 0.49731 0.36459 -0.12459 -0.22796 0.48386 0.35070 -0.23781
 0.39043 -0.11778 0.12339 0.49487 0.37244 -0.11859 -0.22013 0.49005 0.35957 -0.23041
 0.38569 -0.12205 0.12049 0.49191 0.36919 -0.12367 -0.22447 0.48733 0.35499 -0.23405
 0.39094 -0.12716 0.12827 0.48950 0.37483 -0.12801 -0.22853 0.49472 0.36245 -0.23812
 0.39876 -0.13109 0.13687 0.48674 0.37899 -0.13181 -0.23339 0.50253 0.36943 -0.24092
 0.40788 -0.12143 0.14698 0.48473 0.38652 -0.12314 -0.23012 0.51208 0.37567 -0.23113
 0.40435 -0.12604 0.14328 0.48240 0.38280 -0.12705 -0.23289 0.51976 0.37158 -0.23491
 0.40112 -0.12951 0.13936 0.47981 0.37950 -0.13150 -0.23745 0.51633 0.36720 -0.23880
 0.40650 -0.12173 0.14621 0.47768 0.38474 -0.12481 -0.22990 0.52398 0.37410 -0.22899
 0.41580 -0.12507 0.15483 0.47500 0.39182 -0.12958 -0.23358 0.53109 0.38299 -0.23210
 0.42507 -0.11618 0.16179 0.47247 0.39881 -0.12167 -0.22533 0.53876 0.38767 -0.22331
 0.43287 -0.11930 0.15778 0.47822 0.40516 -0.12575 -0.22868 0.54390 0.38344 -0.22718
 0.43683 -0.12232 0.15356 0.48447 0.41237 -0.13034 -0.23213 0.54920 0.39045 -0.22917
 0.44194 -0.11396 0.16025 0.49169 0.41893 -0.12488 -0.22424 0.55368 0.39905 -0.23351
 0.44843 -0.11782 0.16643 0.49799 0.42627 -0.12841 -0.22870 0.55851 0.40503 -0.23790
 0.44471 -0.12265 0.16308 0.50255 0.42329 -0.13280 -0.23293 0.56313 0.40254 -0.24199
 0.44101 -0.12556 0.15908 0.50854 0.41975 -0.13635 -0.23615 0.56080 0.39867 -0.24737
 0.44606 -0.12996 0.15537 0.51485 0.42561 -0.14111 -0.24005 0.56607 0.40422 -0.25119
 0.44934 -0.13427 0.15148 0.51899 0.43274 -0.14443 -0.24394 0.57070 0.40994 -0.25488
 0.45456 -0.12677 0.15956 0.52419 0.43786 -0.13582 -0.23681 0.57495 0.41976 -0.24822
 0.46012 -0.13055 0.16720 0.52986 0.44284 -0.13952 -0.24039 0.57865 0.42387 -0.25201
 0.45739 -0.13391 0.16396 0.52720 0.43861 -0.14268 -0.24343 0.57685 0.42140 -0.25648
 0.46220 -0.13805 0.16984 0.53157 0.44218 -0.14660 -0.24632 0.58164 0.42830 -0.26025
 0.46929 -0.14219 0.16696 0.53983 0.43812 -0.15111 -0.25114 0.58535 0.42507 -0.26328
 0.46685 -0.14436 0.16415 0.54722 0.43477 -0.15454 -0.25530 0.59077 0.42157 -0.26722
 0.47126 -0.13469 0.17026 0.55174 0.44038 -0.14547 -0.24712 0.59369 0.42627 -0.26046
 0.47665 -0.13976 0.17757 0.55676 0.44438 -0.14930 -0.24987 0.59792 0.43116 -0.26440
 0.47449 -0.14293 0.17381 0.56103 0.44161 -0.15329 -0.25454 0.59548 0.42774 -0.26862
 0.47951 -0.14580 0.16998 0.56583 0.44793 -0.15694 -0.25727 0.59823 0.43274 -0.27394
 0.48610 -0.15045 0.17566 0.57011 0.45292 -0.16048 -0.26041 0.60160 0.43934 -0.27612
 0.49035 -0.14296 0.18227 0.57440 0.45930 -0.15298 -0.25645 0.60647 0.44362 -0.28067
 0.48885 -0.14616 0.17955 0.57890 0.45586 -0.15651 -0.26010 0.61017 0.44020 -0.28500
 0.49305 -0.15076 0.17543 0.58399 0.46168 -0.15965 -0.26436 0.61321 0.44531 -0.28880
 0.49018 -0.15516 0.17201 0.58151 0.45956 -0.16315 -0.26715 0.61040 0.44268 -0.29171
 0.49536 -0.15819 0.17870 0.58548 0.46563 -0.16669 -0.27117 0.61620 0.44796 -0.29586
 0.50117 -0.15214 0.18708 0.58844 0.46981 -0.15788 -0.27565 0.61783 0.45387 -0.29981
 0.50586 -0.15675 0.19410 0.59374 0.47615 -0.16152 -0.27859 0.62070 0.45960 -0.30318
 0.50316 -0.16037 0.19104 0.59831 0.47462 -0.16472 -0.28250 0.61837 0.45829 -0.30712
 0.50098 -0.16349 0.18758 0.60265 0.47219 -0.16746 -0.28574 0.62164 0.45621 -0.31046
 0.49909 -0.16797 0.18411 0.60501 0.46916 -0.17098 -0.28938 0.62636 0.45340 -0.31461
 0.50409 -0.17120 0.19070 0.61035 0.47463 -0.17390 -0.29380 0.63337 0.45935 -0.31842
 0.51030 -0.17492 0.18726 0.61480 0.48089 -0.17753 -0.29723 0.63882 0.46390 -0.32338
 0.50782 -0.17991 0.18270 0.61270 0.47832 -0.18077 -0.29972 0.63705 0.46156 -0.32849
 0.51336 -0.18224 0.17946 0.61943 0.48323 -0.18402 -0.30387 0.64018 0.46684 -0.33113
 0.51649 -0.18550 0.17681 0.62297 0.48089 -0.18798 -0.30906 0.64510 0.46397 -0.33502
 0.52123 -0.17807 0.18494 0.62679 0.48466 -0.18225 -0.31290 0.64926 0.46983 -0.33815

