
 0.52830
 0.52132
 0.55907
 0.58186
 0.61080
 0.60360
 0.63117
 0.65640
 0.65021
 0.67199
 0.66259
 0.67195
 0.68408
 0.67332
 0.68209
 0.69003
 0.68546
 0.68282
 0.69469
 0.70204
 0.68912
 0.68923
 0.67738
 0.68915
 0.69193
 0.68537
 0.69787
 0.70702
 0.70162
 0.70733
 0.69668
 0.69183
 0.69706
 0.71305
 0.69547
 0.69602
 0.71521
 0.70150
 0.69834
 0.70872
 0.71218
 0.70188
 0.70996
 0.72575
 0.70917
 0.72105
 0.71619
 0.72297
 0.72508
 0.72510
 0.48382
 0.49245
 0.52453
 0.54200
 0.54784
 0.57232
 0.56489
 0.56983
 0.59037
 0.59664
 0.59960
 0.59600
 0.60115
 0.60294
 0.60585
 0.68919
 0.68780
 0.68575
 0.67981
 0.67552
 0.68676
 0.68646
 0.68400
 0.68657
 0.68371
 0.69273
 0.68860
 0.68687
 0.69468
 0.68360
 0.68841
 0.68174
 0.68951
 0.69944
 0.69357
 0.68789
 0.68606
 0.70353
 0.68694
 0.68481
 0.69178
 0.69582
 0.70332
 0.68814
 0.70071
 0.68878
 0.68677
 0.71034
 0.68962
 0.70251

