0.5409256610044489 1
0.5434845225239502 1
0.5451115920703105 1
0.5497754739185673 1
0.5501916219624231 1
0.550688248800437 1
0.5520173422439888 1
0.5542593810872369 1
0.5546755291310926 1
0.5574141948123547 1
0.5627922008072757 1
0.5644382874449073 1
0.5672764490115988 1
0.567990573158263 1
0.5716421842392212 1
0.5718596815478711 1
0.5728719523151703 1
0.572971277682773 1
0.5731699284179785 1
0.5732692537855812 1
0.5737847271970398 1
0.574082873817675 1
0.5753124713757972 1
0.5756294645698768 1
0.5765233928783016 1
0.5769395409221574 1
0.5769397114399842 1
0.5778526568396805 1
0.5794797263860405 1
0.5795788812358164 1
0.580293346418134 1
0.5810073000469711 1
0.5811067959324007 1
0.5813244637588778 1
0.5816222693438592 1
0.5821377427553176 1
0.5823363934905231 1
0.5825352147435554 1
0.5827338654787608 1
0.5830508586728408 1
0.5838643081871076 1
0.584062958922313 1
0.5848765789544064 1
0.584975904322009 1
0.5849759043220092 1
0.5851934016306594 1
0.5862056723979583 1
0.5865036485007665 1
0.5870191219122252 1
0.588031392679524 1
0.5885281900353647 1
0.5889631846526651 1
0.5890434929289963 1
0.5896396156524396 1
0.5896586327437111 1
0.5898571129610896 1
0.5902734315227723 1
0.5905715781434074 1
0.5905717486612342 1
0.5910680344635941 1
0.5911862064046417 1
0.5916828332426554 1
0.5922978025395433 2
0.5931114225716368 1
0.593111422571637 1
0.5934284157657167 1
0.5939438891771751 2
0.5951546401618528 1
0.5954527867824878 1
0.5955522826679174 1
0.5958691053441703 1
0.5959684307117732 1
0.5963657321821841 1
0.5963844082378018 1
0.5969805309612454 1
0.5981914524637497 1
0.5985082751400026 1
0.5988064217606377 1
0.5997191966425072 1
0.6000361898365869 1
0.6012659579125361 1
0.6020605608533582 1
0.6031910035617044 2
0.6031910035617046 1
0.6034699625732415 1
0.6036876303997183 1
0.6039857770203534 1
0.6042031038111769 1
0.6043025996966063 1
0.6045012504318118 1
0.6046005757994146 1
0.6050167238432702 1
0.6053146999460786 1
0.6055323677725556 1
0.6058303438753638 1
0.6058491904488084 1
0.6063269707133775 1
0.6075567387893268 1
0.6076560641569295 1
0.608072382718612 1
0.6081717080862146 1
0.608469684189023 1
0.6089851576004814 1
0.6093826295887194 1
0.6099974283677805 1
0.6099975988856072 1
0.6106927059409997 1
0.6110096991350794 1
0.611525172546538 1
0.6117239937995701 1
0.6118421657406177 1
0.6119414911082203 1
0.6128542659900899 1
0.6130340701518505 1
0.6131524126107248 1
0.6133508928281036 1
0.6134694058048046 1
0.6135685606545804 1
0.6136678860221834 1
0.6138665367573889 1
0.6140651874925943 1
0.6143631635954024 1
0.614878637006861 1
0.6148788075246878 1
0.6157915824065572 1
0.6158909077741599 1
0.6160090797152074 1
0.616108575600637 1
0.6162079009682396 1
0.6168038531738561 1
0.6172200012177118 1
0.6172200012177119 1
0.6177356451469971 1
0.6182324425028378 1
0.6192445427523099 1
0.6195615359463895 1
0.6197600161637683 1
0.620256643001782 1
0.6204743108282591 1
0.6206729615634645 1
0.620791133504512 1
0.62118860549275 1
0.6217042494220352 1
0.6221013803746192 1
0.6226973325802357 1
0.6238279458064091 1
0.624144768482662 1
0.6245420699530729 1
0.6246602418941205 1
0.6252563646175636 1
0.6253555194673397 1
0.6260698141318303 1
0.6260698141318304 1
0.6268834341639239 2
0.6270820848991293 1
0.6286098290778868 1
0.6292247983747749 1
0.6294234491099803 1
0.6295416210510278 1
0.6297402717862333 1
0.6308328508298635 1
0.6309700398621825 1
0.6315473160121812 1
0.6321621147912423 1
0.6329945813967806 1
0.6332925574995888 1
0.633590533602397 1
0.6343046577490609 1
0.6348012845870746 1
0.6356337511926128 1
0.6366461924777387 1
0.6377576180948133 1
0.6387698888621126 1
0.6387700593799395 1
0.6389685395973179 1
0.6393848581590006 1
0.6406146262349498 1
0.6409314489112028 1
0.6414280757492166 1
0.6415275716346461 1
0.6430362987221317 1
0.6431544706631793 1
0.6440862626363204 1
0.644266237315908 1
0.645079516312348 1
0.6457136732183342 1
0.6460114788033157 1
0.6470237495706148 1
0.6504765393985406 1
0.6552585931878453 1
0.6571836388370137 1
0.6605561203886083 1
0.6607547711238138 1
0.662679816772982 1
0.6724425750867966 1
0.6822241799740563 1
