
 0.591
 0.646
 0.615
 0.616
 0.600
 0.627
 0.639
 0.609
 0.608
 0.597
 0.605
 0.600
 0.636
 0.605
 0.599
 0.638
 0.625
 0.626
 0.614
 0.614
 0.633
 0.576
 0.596
 0.613
 0.623
 0.603
 0.568
 0.605
 0.598
 0.629
 0.557
 0.596
 0.617
 0.682
 0.589
 0.583
 0.541
 0.572
 0.635
 0.625
 0.585
 0.634
 0.587
 0.611
 0.625
 0.606
 0.616
 0.580
 0.585
 0.621
 0.603
 0.582
 0.620
 0.554
 0.550
 0.604
 0.641
 0.590
 0.608
 0.596
 0.592
 0.572
 0.574
 0.543
 0.604
 0.630
 0.624
 0.573
 0.617
 0.581
 0.583
 0.625
 0.624
 0.663
 0.608
 0.611
 0.644
 0.617
 0.603
 0.593
 0.582
 0.606
 0.581
 0.605
 0.577
 0.595
 0.584
 0.613
 0.594
 0.589
 0.587
 0.657
 0.610
 0.563
 0.633
 0.582
 0.632
 0.642
 0.620
 0.620
 0.645
 0.643
 0.622
 0.585
 0.604
 0.589
 0.616
 0.614
 0.591
 0.586
 0.641
 0.613
 0.584
 0.578
 0.574
 0.551
 0.581
 0.610
 0.641
 0.650
 0.601
 0.599
 0.590
 0.618
 0.661
 0.603
 0.596
 0.583
 0.604
 0.591
 0.609
 0.580
 0.634
 0.593
 0.643
 0.573
 0.621
 0.630
 0.612
 0.575
 0.602
 0.632
 0.616
 0.552
 0.545
 0.613
 0.661
 0.592
 0.618
 0.588
 0.577
 0.606
 0.627
 0.555
 0.573
 0.620
 0.590
 0.591
 0.608
 0.612
 0.614
 0.612
 0.646
 0.564
 0.629
 0.644
 0.615
 0.631
 0.672
 0.550
 0.647
 0.627
 0.579
 0.631
 0.608
 0.629
 0.595
 0.637
 0.639
 0.622
 0.594
 0.621
 0.639
 0.639
 0.567
 0.590
 0.577
 0.612
 0.655
 0.619
 0.614
 0.593
 0.596
 0.616
 0.606
 0.573
 0.626
 0.613
 0.585
 0.592

