3 0.20273349153458287
0 0.5819819256146787
1 0.9971714762386951
28 0.46772168732593045
26 0.7456762947864332
21 0.4935593231516322
25 0.40837097193758276
2 0.5624928484084486
4 0.275479731166942
16 0.6517211728455169
24 0.7644940750323397
5 0.5275822255646962
23 0.7149295618480332
14 0.9355054582465522
6 0.885520097594043
20 0.3567254967439555
29 0.6202674251879359
15 0.674767540909954
7 0.07000018667861518
12 0.46158263193323523
13 0.7286372563669944
17 0.7123894538778585
11 0.8534584296811004
22 0.3117730705464441
27 0.8908160726855886
8 0.3553314107281784
9 0.5051604835786888
18 0.3752135360567729
19 0.494236163079684
10 0.32454860225047355
