87 50
96 38
53 42
92 44
34 46
91 39
33 47
11 35
46 54
77 43
89 40
92 43
33 45
78 49
89 33
16 45
97 44
31 41
0 32
60 45
62 51
38 46
85 38
48 42
31 46
90 43
60 50
69 42
76 46
4 48
4 43
98 42
33 43
64 48
71 45
32 50
8 42
57 52
73 39
8 39
49 54
65 35
5 44
39 54
38 42
22 41
1 43
67 52
45 37
12 52
19 47
14 26
51 37
50 35
41 49
85 33
82 52
2 43
60 51
53 36
33 48
97 33
62 50
37 36
37 28
40 49
19 40
77 44
38 33
1 61
55 38
97 30
45 29
78 44
80 35
19 49
24 34
17 42
84 51
28 46
45 50
10 39
0 31
27 38
41 35
64 41
64 41
89 39
52 42
0 44
2 42
53 34
21 41
93 45
37 28
65 46
94 41
66 42
64 29
54 35
