0.5798496698205268 1
0.585708802448669 1
0.5874613898747792 1
0.5923525876687851 1
0.5937386106105702 1
0.5968772209784656 1
0.5984465261624135 1
0.5986298084045759 1
0.5988130906467384 1
0.599781025480875 1
0.6009837661804975 1
0.6029196358487704 1
0.6038875706829068 1
0.6054568758668545 1
0.6068428988086398 1
0.6072094632929648 1
0.6084122039925874 1
0.60859548623475 1
0.6093801388267238 1
0.6109494440106716 2
0.6114992907371594 1
0.611917378844808 2
0.6125187491946193 1
0.6127020314367819 3
0.6133034017865934 1
0.6134866840287558 1
0.6158406418046773 1
0.6160239240468399 1
0.6168085766388137 2
0.6175932292307877 1
0.6177765114729501 1
0.6179597937151127 1
0.618561164064924 1
0.6185611640649241 1
0.6187444463070866 1
0.6191625344147355 1
0.6199471870067091 1
0.6199471870067093 2
0.6203137514910343 1
0.6209151218408456 1
0.6216997744328195 2
0.621883056674982 1
0.6218830566749821 1
0.6224844270247936 1
0.6228509915091185 1
0.6234523618589298 1
0.6240537322087412 1
0.6242370144509036 2
0.6242370144509037 1
0.6250216670428774 2
0.6250216670428775 1
0.6252049492850401 2
0.625623037392689 1
0.6258063196348513 1
0.6258063196348514 1
0.625989601877014 1
0.6267742544689878 1
0.6275589070609616 2
0.6277421893031242 1
0.6279769951686105 1
0.6285268418950981 1
0.6294947767292345 3
0.6299128648368832 1
0.6300961470790458 1
0.6300961470790459 1
0.6302794293212084 1
0.6306975174288572 3
0.6308807996710196 1
0.6308807996710197 2
0.6312988877786686 1
0.6314821700208311 1
0.6314821700208312 1
0.6316654522629935 1
0.6316654522629936 1
0.6322668226128049 1
0.6326333870971299 1
0.63263338709713 1
0.6330514752047788 1
0.6332347574469412 1
0.6332347574469414 2
0.6336013219312664 1
0.6340194100389152 2
0.6343859745232403 1
0.6348040626308891 1
0.6349873448730516 1
0.635955279707188 1
0.6363733678148369 1
0.6365566500569994 3
0.6367399322991618 1
0.6369232145413244 1
0.6371580204068107 1
0.6373413026489732 3
0.6373413026489733 1
0.6375245848911357 2
0.6379426729987845 1
0.6381259552409471 1
0.6383092374831096 2
0.6390938900750835 2
0.6394604545594084 1
0.6396952604248948 1
0.6396952604248949 1
0.6398785426670573 1
0.6400618249092198 1
0.6406631952590311 1
0.6408464775011937 3
0.6412130419855187 1
0.6414478478510052 1
0.6418144123353301 1
0.6422325004429789 2
0.6424157826851414 3
0.6425990649273039 1
0.6425990649273041 1
0.6439850878690891 1
0.6441683701112517 2
0.6443516523534143 1
0.6449530227032256 1
0.645136304945388 1
0.6457376752951995 1
0.6463390456450108 2
0.6465223278871732 2
0.6465223278871735 1
0.6467056101293358 1
0.6467056101293359 1
0.6473069804791471 2
0.6474902627213097 2
0.6482749153132836 1
0.648274915313284 1
0.6484581975554462 1
0.6488762856630949 1
0.6490595679052575 1
0.6496609382550689 2
0.6504455908470428 1
0.6506288730892051 1
0.6506288730892054 1
0.6508121553313677 1
0.6512302434390166 1
0.651413525681179 1
0.6515968079233416 1
0.6520148960309905 1
0.6523814605153155 2
0.6531661131072893 1
0.6531661131072894 2
0.6531661131072896 1
0.6545521360490746 1
0.6563047234751849 1
0.658841963493269 1
0.6598098983274053 1
0.6611959212691906 1
0.661379203511353 3
0.6621638561033268 1
0.662163856103327 1
0.6639164435294371 1
0.6645178138792486 1
0.6653024664712227 1
0.6664536835475213 1
0.6711615990993647 1
0.6719462516913386 1
0.6736988391174487 1
0.6752681443013967 1
0.6760527968933705 1
