
 0.625
 0.638
 0.641
 0.651
 0.619
 0.611
 0.665
 0.631
 0.599
 0.653
 0.645
 0.639
 0.644
 0.626
 0.647
 0.634
 0.649
 0.644
 0.624
 0.671
 0.632
 0.632
 0.623
 0.662
 0.659
 0.624
 0.622
 0.637
 0.613
 0.638
 0.649
 0.639
 0.622
 0.637
 0.619
 0.629
 0.630
 0.637
 0.637
 0.640
 0.611
 0.662
 0.644
 0.638
 0.620
 0.628
 0.629
 0.624
 0.637
 0.642
 0.637
 0.661
 0.647
 0.613
 0.640
 0.636
 0.618
 0.597
 0.641
 0.631
 0.625
 0.612
 0.633
 0.637
 0.647
 0.642
 0.600
 0.618
 0.598
 0.616
 0.632
 0.645
 0.594
 0.626
 0.648
 0.646
 0.639
 0.631
 0.625
 0.618
 0.642
 0.653
 0.636
 0.626
 0.608
 0.650
 0.647
 0.646
 0.641
 0.622
 0.641
 0.642
 0.652
 0.625
 0.643
 0.620
 0.631
 0.623
 0.619
 0.613
 0.633
 0.629
 0.631
 0.647
 0.647
 0.637
 0.644
 0.619
 0.633
 0.640
 0.638
 0.653
 0.633
 0.622
 0.641
 0.613
 0.676
 0.651
 0.653
 0.630
 0.661
 0.601
 0.635
 0.631
 0.617
 0.646
 0.613
 0.592
 0.630
 0.655
 0.621
 0.674
 0.652
 0.638
 0.661
 0.643
 0.627
 0.616
 0.651
 0.628
 0.637
 0.664
 0.647
 0.631
 0.641
 0.633
 0.611
 0.620
 0.675
 0.660
 0.652
 0.650
 0.638
 0.635
 0.640
 0.637
 0.651
 0.630
 0.604
 0.586
 0.603
 0.607
 0.628
 0.620
 0.625
 0.661
 0.612
 0.651
 0.622
 0.605
 0.599
 0.631
 0.648
 0.617
 0.666
 0.652
 0.672
 0.647
 0.642
 0.631
 0.624
 0.587
 0.665
 0.626
 0.628
 0.648
 0.613
 0.633
 0.609
 0.647
 0.607
 0.629
 0.650
 0.634
 0.642
 0.609
 0.656
 0.634
 0.634
 0.580

