0.4690344075246805 1
0.4768175363602608 1
0.4770263281068356 1
0.4770662292944325 1
0.4830000191053368 1
0.4838843782933749 1
0.4855117538584792 1
0.4855192316956963 1
0.485691653583172 1
0.4884070390383567 1
0.4885895054030049 1
0.48863484727298734 1
0.48916037665298207 1
0.49044400144115924 1
0.49131491756395185 1
0.4927814449373007 1
0.49369202366802656 1
0.4940069437061161 1
0.4951305429812629 1
0.4951435755209628 1
0.49542877752117725 1
0.49605595069976516 1
0.4961854130658946 1
0.4962564298140419 1
0.4967452008660138 1
0.49726891341504287 1
0.5013811036732876 1
0.5014351397034171 1
0.5016144869237753 1
0.5022356948274345 1
0.502331738139555 1
0.5024572097610933 1
0.5031199018488995 1
0.5035628839453955 1
0.5040558006643467 1
0.5043957950162953 1
0.5045308026400573 1
0.505039392014882 1
0.5052953430017518 1
0.5069153390747988 1
0.5070760162433195 1
0.5080689426911511 1
0.5081364616057938 1
0.5081758845393056 1
0.5086805780952124 1
0.508721342269761 1
0.5087340935312643 1
0.5090109126797412 1
0.5099948477602224 1
0.5101114007707223 1
0.5101393374067495 1
0.510749876372242 1
0.5112432237378165 1
0.5114311216486082 1
0.5114987327743866 1
0.5117722160011274 1
0.5119468079307423 1
0.5121794003878707 1
0.5132326074036834 1
0.5134896634754028 1
0.5135592515924321 1
0.5143985855945551 1
0.5145526381906909 1
0.5147170195552764 1
0.5147225294802752 1
0.5148492848457201 1
0.5149197519867398 1
0.5149699881925094 1
0.5150470581016708 1
0.5157082123122093 1
0.5159169490408153 1
0.5160210488671574 1
0.5160507568795378 1
0.5169081737190353 1
0.5169474125350381 1
0.5169659956535324 1
0.5170282799064378 1
0.5171041866611404 1
0.5173655108427666 1
0.5176850989690596 1
0.5180478728897578 1
0.5183139638796724 1
0.5185034317273906 1
0.5187447134607628 1
0.5192301154659682 1
0.5192924775831917 1
0.5193247899246483 1
0.5198392121427095 1
0.5199737247919286 1
0.5201185701537046 1
0.5201989255866646 1
0.520459934433476 1
0.5204781453007606 1
0.5207142693874686 1
0.5215108524634192 1
0.5216810832554305 1
0.5220107017290242 1
0.5232919253394439 1
0.5234003764086499 1
0.5238151046758714 1
0.5239105123067946 1
0.5241324056223395 1
0.5244111131815992 1
0.5245507697180014 1
0.5248078737838484 1
0.5249712889503645 1
0.5254471971697192 1
0.5256068731290828 1
0.5258733580158254 1
0.5259732612382131 1
0.5265238357432218 1
0.5268008949609253 1
0.5269054377442223 1
0.5270944018192322 1
0.527300922810958 1
0.5276871050052477 1
0.5279144094904132 1
0.5279548366021412 1
0.5279732230561667 1
0.5283059033531209 1
0.528972742136951 1
0.5290425750993657 1
0.5293152614434258 1
0.5293897559304427 1
0.5307842321334973 1
0.5315272551400109 1
0.5321208447076696 1
0.5321309875747715 1
0.5322788847273859 1
0.5323376853348811 1
0.5326078705152814 1
0.5326485762102723 1
0.5329164443121635 1
0.5335205599624873 1
0.5343304295102118 1
0.5345266250859184 1
0.5345850573036356 1
0.5347649172512393 1
0.5348196923964552 1
0.5348347532517292 1
0.5348818547993881 1
0.5350583728674987 1
0.5351522726998892 1
0.5351534830654455 1
0.5353082057364407 1
0.5355418379637609 1
0.5356396431859881 1
0.5366577449100748 1
0.5370288550800688 1
0.5374382807517414 1
0.5377769087476816 1
0.5380689394683305 1
0.5383242085507256 1
0.5387560541039009 1
0.5388314591596931 1
0.5395482056748336 1
0.5398404735570206 1
0.5401906785085852 1
0.5415856861193529 1
0.5419135619929683 1
0.5423309988701901 1
0.5426517752727132 1
0.5440988759858034 1
0.5441240238071202 1
0.5452528938952939 1
0.545286973122606 1
0.5458324348638258 1
0.5469373992626773 1
0.5472895143217901 1
0.5483309589441392 1
0.5509648977250517 1
0.5517307103503731 1
0.5524820149110191 1
0.5525240344052472 1
0.5529972845637701 1
0.5537254951405355 1
0.5542694973446691 1
0.5546874770686275 1
0.5556104275262923 1
0.5556391841384795 1
0.5556932118283563 1
0.5560508958899361 1
0.5561131779432569 1
0.5562875682588864 1
0.5570861018065197 1
0.5574468931454283 1
0.5581194223018286 1
0.559207808161979 1
0.5593295790003652 1
0.5607803043540666 1
0.5609142074908902 1
0.5623563023272751 1
0.5632566404030634 1
0.5645172134615162 1
0.5694327192148487 1
0.5701844943614988 1
0.5712172503018997 1
0.5765806757099052 1
0.5773589908211426 1
0.5781985509028015 1
