
 0.490
 0.532
 0.532
 0.537
 0.538
 0.505
 0.523
 0.533
 0.554
 0.523
 0.561
 0.547
 0.522
 0.488
 0.517
 0.486
 0.507
 0.520
 0.535
 0.520
 0.534
 0.525
 0.535
 0.516
 0.525
 0.538
 0.532
 0.563
 0.535
 0.510
 0.561
 0.527
 0.538
 0.559
 0.552
 0.534
 0.524
 0.544
 0.515
 0.517
 0.527
 0.507
 0.494
 0.497
 0.524
 0.565
 0.495
 0.512
 0.540
 0.535
 0.510
 0.486
 0.548
 0.502
 0.535
 0.539
 0.515
 0.524
 0.536
 0.536
 0.578
 0.519
 0.528
 0.527
 0.528
 0.570
 0.504
 0.524
 0.556
 0.557
 0.544
 0.526
 0.535
 0.535
 0.525
 0.532
 0.502
 0.469
 0.533
 0.489
 0.515
 0.512
 0.556
 0.511
 0.509
 0.526
 0.518
 0.486
 0.496
 0.556
 0.529
 0.577
 0.516
 0.496
 0.517
 0.535
 0.477
 0.496
 0.514
 0.501
 0.535
 0.515
 0.495
 0.501
 0.553
 0.516
 0.557
 0.512
 0.519
 0.559
 0.569
 0.527
 0.513
 0.529
 0.504
 0.556
 0.531
 0.525
 0.532
 0.508
 0.516
 0.537
 0.509
 0.517
 0.477
 0.494
 0.526
 0.518
 0.540
 0.514
 0.520
 0.477
 0.484
 0.556
 0.518
 0.528
 0.517
 0.519
 0.511
 0.520
 0.493
 0.505
 0.510
 0.505
 0.545
 0.539
 0.489
 0.508
 0.508
 0.542
 0.502
 0.509
 0.522
 0.562
 0.489
 0.542
 0.515
 0.511
 0.556
 0.533
 0.520
 0.497
 0.577
 0.495
 0.543
 0.540
 0.535
 0.521
 0.520
 0.491
 0.509
 0.527
 0.511
 0.528
 0.545
 0.503
 0.551
 0.502
 0.528
 0.547
 0.552
 0.542
 0.483
 0.519
 0.513
 0.515
 0.558
 0.517
 0.546
 0.553
 0.537
 0.555
 0.571
 0.529
 0.554
 0.504
 0.529
 0.515
 0.522
 0.519

