0.27853768664714346 1
0.2868447104488789 1
0.29159253957667824 1
0.29296941064591986 1
0.29504359806462177 1
0.3034875486558242 1
0.3050436325231747 1
0.3069274610882566 1
0.3099012884056366 1
0.3107519062178681 1
0.3120251094790627 1
0.31215059494609715 1
0.3125426014621361 1
0.3129108413798723 1
0.3166493676420545 1
0.3188626072663226 1
0.3194422925874856 1
0.31954641381313237 1
0.31979344504884233 1
0.3201562788771717 1
0.3216295639405349 1
0.3217801811821234 1
0.3224941909654319 1
0.3226793033446808 1
0.32322323951536525 1
0.32323887990163186 1
0.3246392765298068 1
0.3247490213906073 1
0.3251693626333338 1
0.32524816897576797 1
0.3252511902836005 1
0.3252587628580699 1
0.325580742631717 1
0.3262769272175911 1
0.32662048877837285 1
0.32710010473051093 1
0.3281438264769718 1
0.328175995514534 1
0.3283533229410833 1
0.3284169078777623 1
0.32851206639470804 1
0.3293754629004095 1
0.3296968890364898 1
0.33023691046679565 1
0.3304092676461971 1
0.33138240901269933 1
0.3315994545576577 1
0.33168861374302416 1
0.33281040508569393 1
0.3330583891490189 1
0.3337887511068391 1
0.3340381253043953 1
0.3355213442301799 1
0.335736105213531 1
0.3359333013597525 1
0.3359345135528426 1
0.3359899722774853 1
0.3373640828687273 1
0.3379068647770328 1
0.3383545475634614 1
0.3383659529844477 1
0.3385154993218766 1
0.33863504192368515 1
0.3387411898098215 1
0.33883873310834167 1
0.33894927264607877 1
0.3406703007333976 1
0.3418979446952823 1
0.3420663277392364 1
0.34213956984158556 1
0.34230974220981897 1
0.3431250115259774 1
0.34378878556539183 1
0.34385123973331455 1
0.344082194740499 1
0.3459347076264315 1
0.34614279046268875 1
0.3476926735636958 1
0.34829328211647054 1
0.34853451177588496 1
0.3488317537975092 1
0.3494807070855737 1
0.3495900344302209 1
0.35102284113532745 1
0.35118762574025963 1
0.35140524988076527 1
0.35147509351449835 1
0.35222492917463016 1
0.35242625760697743 1
0.3529778440733055 1
0.3531230787191095 1
0.3534123541437333 1
0.35386665521265875 1
0.3539366584614281 1
0.3540267704744092 1
0.35487780726715207 1
0.3552586662633221 1
0.35582124063448317 1
0.35605684665874365 1
0.35607939959959894 1
0.3565761044724738 1
0.35703934475647764 1
0.35721446387823663 1
0.35829516529437166 1
0.3593207440776838 1
0.3596842562519994 1
0.3601549094954364 1
0.3603052908651723 1
0.36040241664753914 1
0.36062743025385535 1
0.36064461892503147 1
0.3609488563899357 1
0.3610477714965817 1
0.36166765331173356 1
0.3616694609621186 1
0.3616771931516237 1
0.361682974937456 1
0.3618375663144919 1
0.36206065447511543 1
0.36215517793016067 1
0.36248854626304605 1
0.3627892271086563 1
0.36394960627050665 1
0.3660238171828309 1
0.3663804920645448 1
0.36663775660228465 1
0.3666429627212851 1
0.36789788836227544 1
0.36817273559372266 1
0.3681900838799349 1
0.3694138116370832 1
0.3694843920170419 1
0.37071008703961134 1
0.37087072103231233 1
0.37101108565093577 1
0.37166566257415456 1
0.3718112149856727 1
0.3722294491384055 1
0.3723451354000744 1
0.3725563991592004 1
0.3726663021706795 1
0.3729709586160945 1
0.3731407134681748 1
0.37345870078026877 1
0.3741210267547405 1
0.37422896396515626 1
0.374334892841188 1
0.37463174084028117 1
0.3747020019901679 1
0.3747658059369513 1
0.3748003414299824 1
0.3748845120420954 1
0.3752912630526674 1
0.3767224385841728 1
0.3771768992681342 1
0.37761222234160413 1
0.37778473913604155 1
0.37810372109547863 1
0.3784809831169844 1
0.37904910340212533 1
0.37913752584126637 1
0.3793595416333727 1
0.3796242968517203 1
0.37975496347977483 1
0.3801812475877273 1
0.3807267147120457 1
0.3816212262128975 1
0.38192228421929075 1
0.3819414218297823 1
0.3820547416359824 1
0.38205474163598246 1
0.3834002970260746 1
0.38342805608593034 1
0.3835473172929988 1
0.38482706257987354 1
0.386060566048765 1
0.38611242633438564 1
0.38628859949855615 1
0.3864110636577579 1
0.3867578046770507 1
0.38679883667287457 1
0.3894527688078081 1
0.38950943972554064 1
0.39170420076436796 1
0.39416143199040776 1
0.39422346864217694 1
0.3943913564488032 1
0.395291391364842 1
0.3971404654267882 1
0.3978572371524543 1
0.3982364649750233 1
0.401737599591825 1
0.40260955815182164 1
0.40496543009457214 1
0.40505856341538604 1
0.40713593029259876 1
0.4108791842982016 1
0.41141586665496066 1
0.41472145462524784 1
0.41863658989385955 1
