
 0.373
 0.398
 0.375
 0.366
 0.387
 0.359
 0.368
 0.293
 0.357
 0.386
 0.311
 0.360
 0.402
 0.378
 0.378
 0.327
 0.325
 0.320
 0.379
 0.384
 0.336
 0.354
 0.317
 0.362
 0.386
 0.338
 0.372
 0.369
 0.374
 0.386
 0.394
 0.381
 0.375
 0.373
 0.390
 0.319
 0.377
 0.375
 0.339
 0.411
 0.382
 0.356
 0.332
 0.361
 0.373
 0.330
 0.336
 0.341
 0.362
 0.375
 0.320
 0.374
 0.312
 0.354
 0.336
 0.362
 0.371
 0.323
 0.344
 0.362
 0.355
 0.357
 0.356
 0.351
 0.360
 0.354
 0.403
 0.334
 0.338
 0.342
 0.369
 0.348
 0.326
 0.292
 0.323
 0.392
 0.362
 0.353
 0.351
 0.378
 0.374
 0.329
 0.325
 0.344
 0.348
 0.325
 0.310
 0.377
 0.383
 0.368
 0.358
 0.352
 0.346
 0.415
 0.323
 0.364
 0.407
 0.352
 0.361
 0.342
 0.372
 0.328
 0.375
 0.389
 0.368
 0.394
 0.339
 0.325
 0.387
 0.360
 0.356
 0.279
 0.325
 0.411
 0.382
 0.386
 0.312
 0.395
 0.379
 0.355
 0.342
 0.360
 0.331
 0.357
 0.320
 0.305
 0.353
 0.342
 0.339
 0.303
 0.361
 0.361
 0.382
 0.366
 0.329
 0.380
 0.349
 0.350
 0.378
 0.337
 0.328
 0.332
 0.330
 0.343
 0.362
 0.349
 0.322
 0.336
 0.326
 0.295
 0.383
 0.419
 0.373
 0.382
 0.336
 0.351
 0.327
 0.351
 0.353
 0.338
 0.367
 0.333
 0.313
 0.375
 0.380
 0.339
 0.373
 0.405
 0.379
 0.334
 0.397
 0.398
 0.371
 0.328
 0.330
 0.319
 0.367
 0.371
 0.394
 0.333
 0.385
 0.344
 0.287
 0.362
 0.346
 0.322
 0.405
 0.363
 0.372
 0.325
 0.339
 0.328
 0.362
 0.322
 0.307
 0.380
 0.372
 0.349
 0.313
 0.382

