0 40
0 45
0 36
0 37
0 42
0 40
0 47
0 49
0 38
0 50
0 45
0 41
0 39
0 42
0 48
0 35
0 40
0 33
0 37
0 35
0 40
0 46
0 32
0 50
0 39
0 50
0 39
0 43
0 38
0 51
0 47
0 34
0 40
0 57
0 46
0 42
0 48
0 40
0 42
0 42
0 40
0 40
0 40
0 34
0 45
0 39
0 47
0 43
0 40
0 49
0 54
0 46
0 32
0 38
0 43
0 36
0 61
0 42
0 30
0 39
0 40
0 38
0 50
0 40
0 49
0 44
0 40
0 48
0 41
0 42
0 37
0 41
0 56
0 42
0 44
0 47
0 39
0 44
0 40
0 35
0 45
0 34
0 57
0 41
0 44
0 49
0 39
0 37
0 45
0 56
0 35
0 47
0 50
0 43
0 50
0 27
0 50
0 41
0 39
0 38
0 36
0 46
0 44
0 52
0 54
0 36
0 40
0 38
0 45
0 36
0 37
0 45
0 42
0 45
0 40
0 38
0 50
0 52
0 33
0 46
0 27
0 41
0 50
0 47
0 46
0 36
0 43
0 38
0 54
0 48
0 38
0 42
0 43
0 53
0 36
0 48
0 52
0 39
0 40
0 46
0 50
0 50
0 48
0 38
0 39
0 40
0 36
0 38
0 38
0 42
0 44
0 51
0 41
0 43
0 46
0 37
0 41
0 49
0 37
0 51
0 33
0 42
0 50
0 38
0 35
0 42
0 47
0 38
0 37
0 39
0 35
0 40
0 45
0 41
0 49
0 39
0 46
0 37
0 45
0 48
0 38
0 43
0 40
0 41
0 57
0 40
0 45
0 46
0 44
0 45
0 46
0 46
0 47
0 57
0 34
0 46
0 37
0 45
0 45
0 44
