0.4169518144004266 1
0.43152607329651177 1
0.4603890346424574 1
0.46136055595342834 1
0.4698602540390282 1
0.4711165034297092 1
0.47371547546060955 1
0.47968483280879787 1
0.48125142276769395 1
0.48184396855056527 1
0.4828403208757555 1
0.48320206788734227 1
0.4881600288221017 1
0.4890759342929936 1
0.4892846987255417 1
0.48935150164937496 1
0.48951532017475946 1
0.4901849611230435 1
0.49035033392161936 1
0.49188280302519544 1
0.492644742458574 1
0.49359059587839843 1
0.49393459150652047 1
0.4956828568147928 1
0.497445719643614 1
0.49754699563189964 1
0.4977587949653216 1
0.500937038037664 1
0.5014053038765148 1
0.501946505867356 1
0.5019817904025736 1
0.5020796403902458 1
0.5021073954158201 1
0.5022203716579703 1
0.5022423454271354 1
0.503135328188309 1
0.5031718611363908 1
0.503552481120346 1
0.5043735943755007 1
0.5060659084421463 1
0.5060986833931697 1
0.5061462840756044 1
0.5062128560971506 1
0.5063956190392594 1
0.508285064315282 1
0.5086934141142033 1
0.5091385024541073 1
0.509362243203542 1
0.5097625952576262 1
0.5100592137637103 1
0.5120670200992117 1
0.5122413614158827 1
0.5122644000180521 1
0.5124731522148781 1
0.5125058546289382 1
0.5129747689837603 1
0.5131288594340792 1
0.5132332200342946 1
0.5137851324123147 1
0.5142091066664947 1
0.5142581586807327 1
0.5144969232368911 1
0.5148367936898063 1
0.5149395785952204 1
0.5159493194530242 1
0.5159972002961802 1
0.5161089914210958 1
0.516409484662303 1
0.5167818856960191 1
0.5174547800660045 1
0.5178407258089309 1
0.518231773707453 1
0.5191508455654535 1
0.519594540654344 1
0.519609232295822 1
0.5203440994042335 1
0.5208285132939641 1
0.5213801962552115 1
0.5214021390038716 1
0.5214211609436011 1
0.5216231538746803 1
0.5216947048076309 1
0.5217176948164187 1
0.5218290152313675 1
0.5219349690179675 1
0.5220682882837113 1
0.5223443746674167 1
0.5224910860283681 1
0.522656069733754 1
0.5228598966652447 1
0.5230309273834707 1
0.5233314212954401 1
0.5237325496545389 1
0.5238112079956176 1
0.5238528701287103 1
0.5241376473740831 1
0.5242066619836713 1
0.5242575487088125 1
0.5243796276347354 1
0.5246237567992691 1
0.5269777646490625 1
0.5270391478107956 1
0.5281106874563603 1
0.5283071703779015 1
0.5287691614758793 1
0.5290980238479421 1
0.5297340770607303 1
0.5300052516775723 1
0.5301292304064601 1
0.5304608815746429 1
0.5310121733239029 1
0.5315727398460415 1
0.5319094565702566 1
0.5319347291798164 1
0.532730234845001 1
0.5329672390767644 1
0.5333134934168416 1
0.5340044786400064 1
0.5343204690979673 1
0.5346166548743649 1
0.5349010423113458 1
0.5352963286345398 1
0.5355255335076469 1
0.5359666458983423 1
0.5360068830848957 1
0.5369901004499452 1
0.5375951204179136 1
0.5383334708084743 1
0.5386157900850069 1
0.5390757800506164 1
0.5391001126722839 1
0.5391765942440514 1
0.5392540835578566 1
0.5392945115137799 1
0.539863688483308 1
0.5399523426051722 1
0.541021614345864 1
0.5412396354817368 1
0.5416317037056485 1
0.5416523205866658 1
0.541792380559596 1
0.5418067311576609 1
0.5418087479678104 1
0.542173037230479 1
0.5426123563019383 1
0.5429639303645903 1
0.5430974508471016 1
0.5437226378939085 1
0.5440750761559149 1
0.5442312761312668 1
0.5459603854148191 1
0.5464794089003302 1
0.5465551701206336 1
0.5466377434884726 1
0.54690868286046 1
0.5475285092540151 1
0.5491806232093309 1
0.5497280833722761 1
0.5501843744510342 1
0.5505286757955404 1
0.5515781097298025 1
0.552073502200456 1
0.5527120854804204 1
0.5531849718557674 1
0.5534030847349422 1
0.5536294767662784 1
0.5536899464408612 1
0.5539798294931454 1
0.5552572793801376 1
0.5552631556604714 1
0.5555295130188032 1
0.5556829716325546 1
0.5560448623749474 1
0.5563853460446642 1
0.5563864901408988 1
0.5565510549969939 1
0.5568123813418188 1
0.5569801989328245 1
0.5583144229227722 1
0.559920385297273 1
0.5602961790007611 1
0.5609366683761093 1
0.56103792427617 1
0.5622765516138591 1
0.5623107955847991 1
0.56334096197197 1
0.5639948783159588 1
0.566902866369648 1
0.5670194873947574 1
0.568941310937297 1
0.5712193708711418 1
0.5735471524471002 1
0.5736148427383069 1
0.5799218526112372 1
0.580479204665475 1
0.5810424117948794 1
0.5883831082506196 1
0.5888962900998865 1
0.5977543646871636 1
0.5981239166970773 1
