3 49
1 39
2 39
4 51
4 36
3 40
0 49
1 47
4 43
1 49
0 34
4 46
2 36
1 49
4 31
4 38
4 40
2 38
2 41
4 53
3 43
1 36
2 41
0 52
0 37
1 33
3 48
3 38
4 34
1 43
3 53
0 40
3 37
2 43
4 39
0 42
0 37
3 34
0 45
4 48
2 36
3 51
3 36
1 42
0 40
1 41
1 33
3 27
3 43
1 49
3 35
3 45
0 47
0 47
0 41
0 52
2 47
0 32
4 45
4 40
3 48
1 45
1 44
0 38
3 47
0 51
2 46
2 55
4 37
4 33
2 35
1 43
0 40
4 46
2 39
3 42
4 33
1 51
3 39
3 35
3 47
1 47
1 49
1 47
2 35
4 62
0 42
0 39
3 38
0 39
0 52
2 48
4 35
4 32
2 41
2 43
3 44
0 47
0 52
4 38
2 48
3 38
1 32
3 35
4 47
0 37
1 45
1 45
0 57
0 35
1 52
1 36
0 49
0 55
0 35
3 39
2 49
4 43
1 41
4 49
2 45
0 29
4 38
0 42
0 37
2 37
2 36
2 58
0 37
4 43
3 37
4 56
4 44
1 56
3 23
1 44
1 46
3 40
4 52
4 40
2 28
2 44
2 35
2 49
4 52
3 45
3 37
0 36
4 40
2 58
0 36
3 35
4 43
2 50
1 42
4 38
1 49
0 35
1 38
1 46
1 40
4 37
0 39
2 31
4 47
1 49
1 47
0 35
2 36
4 39
0 37
2 45
2 40
3 44
1 41
1 43
4 41
4 54
2 49
0 47
1 55
0 40
0 40
0 47
3 48
3 42
1 36
0 44
1 37
0 47
2 45
3 41
2 43
4 39
3 37
0 41
4 39
2 44
2 45
2 41
