0.42348191746210284 1
0.4358684967476378 1
0.4391605934275098 1
0.44193916686817647 1
0.44455965928483715 1
0.4460444093885023 1
0.44695710030985014 1
0.4476820882098568 1
0.44999975706677925 1
0.45025498561408794 1
0.4537900788000415 1
0.45391818712365606 1
0.45626494835113074 1
0.45675414020933536 1
0.45701094263388997 1
0.4586987847057989 1
0.4595173428502 1
0.45988234974402736 1
0.4601439300942795 1
0.4608947252820016 1
0.4628908139265252 1
0.4629032243786423 1
0.46323483207464333 1
0.46624842376880765 1
0.46705930538235085 1
0.4675280500864757 1
0.4678388268948192 1
0.4686928965062773 1
0.46958268110635637 1
0.46974668108693657 1
0.4698005913060588 1
0.4701302761898922 1
0.4705220691185057 1
0.47056464899701006 1
0.4705748288345044 1
0.4712819917137605 1
0.4733928021056042 1
0.47368539046247526 1
0.47462034868408165 1
0.47512293993682275 1
0.4752784561111409 1
0.47597062719053534 1
0.4760635387883579 1
0.4765434586450274 1
0.4769153402322094 1
0.4770868982974278 1
0.47720615896100477 1
0.4772700377408106 1
0.4788351829270498 1
0.4790058860361166 1
0.47960928344267695 1
0.4802870298280573 1
0.4803347945936992 1
0.48113543047165974 1
0.4811478296316889 1
0.482167754963737 1
0.48347212345520224 1
0.4842047123079305 1
0.48491208641199146 1
0.48516241416175454 1
0.4862245786282915 1
0.48654362216820923 1
0.4871090105706805 1
0.48796944939833997 1
0.488049780948421 1
0.4886141409400328 1
0.4887115180332031 1
0.4889337381657032 1
0.4891743138077727 1
0.48925877419480557 1
0.4895188958504611 1
0.4904556482194121 1
0.49080759744839075 1
0.49091817551541256 1
0.49106304945419543 1
0.49117158066060623 1
0.4917668458476752 1
0.4924161653563354 1
0.4949621393619223 1
0.4950756839280976 1
0.4951427053436975 1
0.49548830292206536 1
0.49559383559023845 1
0.49572409046457394 1
0.49586557114238794 1
0.49678404574799395 1
0.49713265647929106 1
0.49749112055662326 1
0.49779070914589546 1
0.49882334330148204 1
0.49888134725161587 1
0.4995272166060512 1
0.4997498178434829 1
0.4997754822601577 1
0.4998353895500109 1
0.49997738453779134 1
0.5000513430550542 1
0.500517540876973 1
0.500774692623073 1
0.5012099861223979 1
0.5018269921746712 1
0.5019408420865351 1
0.5019565656127647 1
0.5020495973752342 1
0.5023022018470819 1
0.5025417035776065 1
0.503018288119466 1
0.5031010801267413 1
0.5036983724309895 1
0.5038024706669115 1
0.5039380105882095 1
0.505821689191376 1
0.5059244553707132 1
0.5067173309574085 1
0.5068551984798159 1
0.507034653650934 1
0.5071528510983273 1
0.5079900451834262 1
0.5082717700868055 1
0.5084586213095034 1
0.5085967335690311 1
0.5090872661843142 1
0.5096902675437603 1
0.5108624987307209 1
0.5111620133823732 1
0.511606071888442 1
0.5118993871903502 1
0.5119942224128736 1
0.5123660119958459 1
0.5124961516556561 1
0.5127294200540163 1
0.5133201722283728 1
0.513339210153141 1
0.515340783008499 1
0.5159849775797045 1
0.5163159303355966 1
0.5172864994856082 1
0.5180148847541433 1
0.5182715765956449 1
0.518559128010167 1
0.5186237582430191 1
0.5199099393847468 1
0.5210836005805749 1
0.5212523768136993 1
0.5213245541337619 1
0.5217362257830969 1
0.5218829185473775 1
0.523090093546996 1
0.523770010668831 1
0.5249462193662482 1
0.5250038738042049 1
0.5253758037695799 1
0.525395518874671 1
0.5260562429135035 1
0.5276067404731559 1
0.527723747039402 1
0.5283985560139675 1
0.5301461840768674 1
0.5306428727324135 1
0.531480180257188 1
0.531862936698571 1
0.5323706326857629 1
0.5324616770573636 1
0.5325332396415605 1
0.533733409760424 1
0.5342560404911356 1
0.5343108727583884 1
0.5343291607911386 1
0.5346615668811678 1
0.5392380185165045 1
0.539317081580223 1
0.5397772494699681 1
0.5423583142358273 1
0.5424850939650582 1
0.5458292237702297 1
0.5465959150134916 1
0.5478127545172152 1
0.5479611466106561 1
0.5483145256591206 1
0.5491263746918249 1
0.5499516027116611 1
0.5499755720283175 1
0.5514225529166946 1
0.5527534801059778 1
0.5536971461002519 1
0.5538172662539578 1
0.5573734498758752 1
0.5593158406517825 1
0.5608339784110672 1
0.56084754984457 1
0.5611335024113817 1
0.5633647399042431 1
0.5644589268323427 1
0.5649984344642431 1
0.5661713021982236 1
0.5719392580664259 1
0.5719476916266357 1
0.5723748665059728 1
0.5801498341757773 1
0.5952572459644613 1
