
 0.550
 0.516
 0.532
 0.504
 0.525
 0.501
 0.499
 0.534
 0.489
 0.526
 0.490
 0.450
 0.496
 0.501
 0.489
 0.470
 0.533
 0.457
 0.521
 0.518
 0.519
 0.485
 0.489
 0.471
 0.500
 0.480
 0.498
 0.534
 0.512
 0.557
 0.550
 0.466
 0.572
 0.561
 0.501
 0.491
 0.521
 0.507
 0.506
 0.491
 0.542
 0.495
 0.512
 0.506
 0.469
 0.491
 0.513
 0.572
 0.512
 0.553
 0.484
 0.470
 0.517
 0.540
 0.502
 0.531
 0.463
 0.504
 0.565
 0.508
 0.481
 0.502
 0.522
 0.481
 0.516
 0.468
 0.475
 0.495
 0.467
 0.509
 0.564
 0.479
 0.482
 0.548
 0.508
 0.551
 0.508
 0.525
 0.512
 0.539
 0.495
 0.502
 0.489
 0.475
 0.475
 0.504
 0.523
 0.497
 0.439
 0.502
 0.531
 0.476
 0.511
 0.499
 0.477
 0.521
 0.500
 0.503
 0.522
 0.559
 0.497
 0.518
 0.460
 0.515
 0.492
 0.532
 0.489
 0.454
 0.486
 0.456
 0.520
 0.510
 0.470
 0.477
 0.485
 0.566
 0.546
 0.548
 0.477
 0.513
 0.477
 0.487
 0.561
 0.534
 0.513
 0.446
 0.532
 0.459
 0.496
 0.500
 0.547
 0.474
 0.479
 0.447
 0.497
 0.572
 0.511
 0.549
 0.507
 0.512
 0.488
 0.528
 0.554
 0.542
 0.450
 0.563
 0.502
 0.528
 0.525
 0.436
 0.473
 0.483
 0.507
 0.457
 0.500
 0.554
 0.490
 0.491
 0.445
 0.448
 0.423
 0.468
 0.454
 0.480
 0.507
 0.471
 0.534
 0.561
 0.463
 0.476
 0.548
 0.580
 0.509
 0.539
 0.503
 0.595
 0.525
 0.480
 0.492
 0.477
 0.496
 0.442
 0.503
 0.460
 0.488
 0.495
 0.500
 0.471
 0.500
 0.471
 0.463
 0.524
 0.470
 0.487
 0.528
 0.530
 0.460
 0.535
 0.519
 0.461

