2 40
4 47
0 25
4 48
4 54
0 42
3 36
0 44
4 45
4 37
2 45
4 46
0 45
1 48
0 54
0 49
2 43
4 44
1 42
3 42
1 39
1 43
0 33
3 51
1 26
1 42
4 51
0 36
3 51
3 40
2 27
1 44
0 41
0 50
2 45
2 42
3 44
4 39
3 44
2 43
2 40
3 39
2 39
4 44
3 38
2 34
2 42
3 46
3 35
3 45
4 38
3 41
4 43
2 50
1 40
1 61
2 52
4 42
1 53
2 39
1 33
0 38
3 42
4 31
3 46
2 46
3 38
1 41
4 51
3 38
3 36
1 40
0 34
0 46
2 43
3 44
3 46
2 47
2 43
2 46
2 48
3 48
4 50
0 43
1 50
4 43
3 40
1 25
2 34
2 34
4 39
3 47
1 40
0 30
4 46
3 36
4 36
0 40
4 40
2 39
0 36
3 33
0 33
0 29
2 50
2 45
4 52
2 50
3 40
0 38
1 43
1 43
4 40
4 42
3 35
4 43
3 45
4 40
3 46
1 45
4 43
4 37
0 50
4 47
4 35
0 38
3 44
2 44
2 52
0 47
4 33
0 41
0 49
1 38
0 33
3 45
3 55
1 51
1 52
1 44
1 42
1 37
3 38
0 43
3 40
3 48
4 59
0 48
1 42
1 42
4 36
2 29
2 45
1 32
0 32
4 49
2 43
2 47
4 28
4 41
3 43
3 55
0 34
4 43
4 39
2 43
2 32
2 39
2 45
1 41
3 31
0 42
1 40
2 42
3 39
3 39
2 29
3 39
2 43
0 37
4 38
1 49
2 33
4 50
0 39
3 40
3 46
0 47
2 41
0 36
2 26
3 44
3 43
4 50
1 45
0 40
1 54
3 46
2 43
2 39
