0.38907394868999234 1
0.39487567735630485 1
0.4016287349333654 1
0.4086445869336785 1
0.4087548057711983 1
0.4087715254636814 1
0.41061001052452156 1
0.41256755037099885 1
0.41362162064841956 1
0.4185245812105229 1
0.419996164705845 1
0.4203013247490584 1
0.4208105203038874 1
0.4212179394440212 1
0.42184653951942097 1
0.4230583011779829 1
0.42325406233244145 1
0.42374454261078315 1
0.4243530638837423 1
0.4244543673883725 1
0.42589158933033067 1
0.4261585580111739 1
0.42734313712379884 1
0.4280992199649231 1
0.4296168961049263 1
0.4302053060588914 1
0.43086912744505773 1
0.43136469915056785 1
0.4319557325378148 1
0.43282958983212944 1
0.4337265068976241 1
0.43387223419303217 1
0.4341420482652817 1
0.43428240926447975 1
0.4343688019537089 1
0.43439834237812874 1
0.43582502098875225 1
0.4358683744950727 1
0.43596148150779557 1
0.43665555522432514 1
0.4370752393661998 1
0.4383102788569426 1
0.43840321305204727 1
0.43894836543313 1
0.4389491961108447 1
0.43929866281441904 1
0.4408235794390549 1
0.4418993100933905 1
0.44194258610060744 1
0.4429173047297476 1
0.4433810961812555 1
0.44349979300189285 1
0.4440413057906003 1
0.44544923207457837 1
0.44571976916848777 1
0.44763172117304206 1
0.4481837704090365 1
0.44820892518029387 1
0.4489503113572969 1
0.4492171688901799 1
0.4493928584851991 1
0.4494255883827738 1
0.4502077388332464 1
0.45067901969875007 1
0.45125360919001656 1
0.45155471157418453 1
0.4517664857377249 1
0.4518493958654559 1
0.4521403812475534 1
0.45305266664136346 1
0.45337088205706566 1
0.453557316779265 1
0.453836926585138 1
0.45425319845448475 1
0.45434531557258706 1
0.4547129608462159 1
0.454745045782569 1
0.45487973693862216 1
0.4550979991206245 1
0.45522319388444976 1
0.4552560703019504 1
0.45558776383662464 1
0.45582349016316764 1
0.45615102242362715 1
0.45657001116012474 1
0.45682460067644626 1
0.45776210203453954 1
0.45932604158115176 1
0.4596274782631462 1
0.45990051125327974 1
0.46020304666384204 1
0.4603238869898988 1
0.4606786646626329 1
0.46108951309875307 1
0.4617641473874917 1
0.462135142380798 1
0.4622080599764847 1
0.4627353690784538 1
0.46300141058503025 1
0.4635848383079773 1
0.46373334751306783 1
0.46374287592695934 1
0.4642720743764393 1
0.464853777238254 1
0.46526194851697433 1
0.4654200238599931 1
0.46543261853363205 1
0.4663770770979515 1
0.4667835287720679 1
0.46679396102454573 1
0.4672716122640183 1
0.4674351955120958 1
0.4675800536452662 1
0.46786614890373796 1
0.4679114657842536 1
0.4680489869458518 1
0.46810903662979564 1
0.4681635454133846 1
0.46820116842813386 1
0.4684166522549038 1
0.47010599572719314 1
0.4704103185805542 1
0.4705364854553535 1
0.4705557369496816 1
0.4708976778413576 1
0.4709356374617987 1
0.47142482009484615 1
0.47245346994238174 1
0.47246876825403983 1
0.4729214842718351 1
0.4730977593658654 1
0.4732031394563567 1
0.47386109832661744 1
0.47461601613278176 1
0.4746180550748341 1
0.47492521399964716 1
0.4751422584461858 1
0.4772471798675354 1
0.4775060581191064 1
0.4777986040120689 1
0.48004870210427986 1
0.4802815563116419 1
0.4802867492690578 1
0.48066536863986575 1
0.4809787838545648 1
0.48099667499494636 1
0.48121494437549805 1
0.48123425238540757 1
0.4817880471711322 1
0.4826195004279974 1
0.4830451085903605 1
0.4859348495967217 1
0.48657722447918644 1
0.48704381493426285 1
0.48748502064061916 1
0.48828745934493417 1
0.48830499788011855 1
0.48921340948376496 1
0.4896050888520407 1
0.48961167465782246 1
0.48990293215328995 1
0.49093186793828847 1
0.4911926500305674 1
0.4913941884446404 1
0.49152578951615356 1
0.49211123856600864 1
0.4923070695180361 1
0.4926443606773362 1
0.4930818185096277 1
0.4933131236139193 1
0.49345389593074557 1
0.49394106282321254 1
0.49580820986398133 1
0.49759398985205067 1
0.4981786554917541 1
0.4987885293227023 1
0.4997518148979004 1
0.5005492690872549 1
0.5011421954184432 1
0.5012490378112816 1
0.5014072211350311 1
0.5016102556712909 1
0.5017421492817606 1
0.5021789988067141 1
0.5021956504920159 1
0.5025564748151132 1
0.5032107459453411 1
0.5036022240904586 1
0.5061095248856907 1
0.507397889277421 1
0.5083564766087036 1
0.5096476600715022 1
0.5098669805137932 1
0.5123453147053545 1
0.5146678312054296 1
0.516836887982684 1
0.517014677953124 1
0.5188748362146528 1
0.5294994225568643 1
0.5421041228509733 1
