
 0.456
 0.449
 0.437
 0.519
 0.501
 0.477
 0.499
 0.455
 0.471
 0.490
 0.446
 0.491
 0.487
 0.461
 0.443
 0.468
 0.465
 0.493
 0.436
 0.468
 0.510
 0.496
 0.421
 0.431
 0.448
 0.475
 0.455
 0.451
 0.501
 0.449
 0.455
 0.454
 0.460
 0.450
 0.498
 0.452
 0.462
 0.503
 0.466
 0.434
 0.428
 0.460
 0.467
 0.455
 0.517
 0.438
 0.502
 0.468
 0.409
 0.475
 0.453
 0.483
 0.461
 0.481
 0.444
 0.449
 0.500
 0.468
 0.451
 0.475
 0.419
 0.480
 0.465
 0.493
 0.452
 0.487
 0.470
 0.456
 0.464
 0.448
 0.439
 0.492
 0.422
 0.413
 0.434
 0.442
 0.449
 0.465
 0.434
 0.512
 0.454
 0.431
 0.455
 0.471
 0.452
 0.463
 0.411
 0.483
 0.467
 0.414
 0.458
 0.443
 0.493
 0.480
 0.473
 0.503
 0.432
 0.395
 0.482
 0.501
 0.434
 0.420
 0.434
 0.465
 0.468
 0.402
 0.488
 0.456
 0.471
 0.508
 0.423
 0.481
 0.443
 0.471
 0.487
 0.421
 0.464
 0.441
 0.462
 0.438
 0.468
 0.494
 0.424
 0.436
 0.488
 0.472
 0.474
 0.460
 0.460
 0.430
 0.470
 0.427
 0.517
 0.409
 0.498
 0.424
 0.490
 0.490
 0.478
 0.473
 0.420
 0.501
 0.486
 0.493
 0.454
 0.457
 0.430
 0.439
 0.424
 0.434
 0.492
 0.457
 0.491
 0.423
 0.464
 0.515
 0.478
 0.481
 0.481
 0.463
 0.473
 0.468
 0.480
 0.467
 0.437
 0.409
 0.507
 0.442
 0.502
 0.471
 0.453
 0.491
 0.506
 0.529
 0.389
 0.504
 0.464
 0.452
 0.468
 0.426
 0.426
 0.433
 0.454
 0.492
 0.439
 0.467
 0.448
 0.472
 0.481
 0.459
 0.542
 0.489
 0.462
 0.455
 0.445
 0.502
 0.436
 0.475
 0.502
 0.510

