0 34
3 35
3 37
0 43
2 44
1 47
1 31
3 41
0 32
1 44
2 29
1 43
0 46
3 42
0 53
2 37
2 39
0 37
0 39
0 40
0 37
2 27
1 48
1 37
1 52
1 44
3 46
2 39
2 32
1 38
2 35
2 50
3 41
0 43
1 44
0 37
3 38
1 43
2 30
1 45
1 48
1 43
3 36
0 39
2 40
1 37
1 40
0 35
3 52
3 27
1 42
1 30
1 46
2 39
2 34
3 48
0 34
2 40
3 36
1 35
2 51
2 42
1 42
0 46
1 43
0 37
2 36
1 58
1 36
1 44
3 28
3 34
2 37
0 38
3 39
3 38
1 54
1 53
0 31
2 51
0 49
0 50
3 39
2 46
2 44
1 45
3 42
0 43
2 46
2 43
3 39
2 51
2 34
1 31
0 37
3 40
0 46
2 36
0 38
2 33
3 53
3 38
3 47
1 45
0 41
3 36
2 46
3 41
1 42
1 39
2 39
0 46
1 30
3 53
3 50
2 36
3 44
2 52
0 40
0 38
2 38
0 38
2 38
3 36
1 47
3 41
1 43
2 54
1 48
3 40
2 51
2 39
1 38
1 40
3 40
1 33
0 54
2 41
2 36
1 42
3 45
3 40
2 43
0 43
0 50
2 40
1 55
2 60
3 50
2 44
0 45
2 48
0 42
1 41
3 37
3 35
3 43
1 44
2 45
2 44
0 37
0 52
1 42
1 49
2 43
1 39
3 29
1 40
0 41
0 42
3 38
2 51
1 47
0 41
1 40
3 49
0 53
3 41
2 44
0 36
0 35
1 47
0 57
3 40
0 45
1 39
2 52
1 35
3 34
1 48
2 53
0 41
1 42
3 53
0 50
3 38
0 41
1 40
3 38
2 47
