0.4216678800496219 1
0.42510473379824854 1
0.42546707301722764 1
0.42619277296945973 1
0.43642484911248325 1
0.4388835034296447 1
0.4406180288268661 1
0.44261980053469907 1
0.44558664188071184 1
0.4464736394916324 1
0.44722253766814435 1
0.4508275288426381 1
0.45125757559967633 1
0.4518081943086152 1
0.4520094855306641 1
0.4538440780017434 1
0.4545348327933606 1
0.4546599397030603 1
0.45529575231741115 1
0.4554099059765737 1
0.45591059952473445 1
0.4571780720444366 1
0.45723104831524986 1
0.45790091275332706 1
0.4590292987699843 1
0.4596631601670357 1
0.4610361246576618 1
0.46189352467721834 1
0.46189795907266806 1
0.4620413296226004 1
0.4624558620691252 1
0.46318258358044795 1
0.46376955602624625 1
0.46409187725098566 1
0.4648809416999575 1
0.46527634159653486 1
0.4669725038357364 1
0.4670096198839955 1
0.4679776843999631 1
0.4686659144084211 1
0.46885567510608295 1
0.4691685413676 1
0.47034893149364904 1
0.4705112440725785 1
0.4707211462560009 1
0.47073714657334753 1
0.47149807802810956 1
0.4720487410692263 1
0.47208894273122054 1
0.4720954182873017 1
0.4722235109291076 1
0.4726690331622659 1
0.4737116394922893 1
0.4740720790617333 1
0.47415469494398216 1
0.4742944599372646 1
0.47487896978287514 1
0.47597193264591037 1
0.4761380315725401 1
0.47720728462402123 1
0.47782136705382056 1
0.47791968804256435 1
0.4780006842334163 1
0.4780134537684602 1
0.47834155435422 1
0.47854521167215813 1
0.4785682384371991 1
0.4790098781328326 1
0.47911426504557025 1
0.4800833313671445 1
0.48041001262165195 1
0.48059071168415335 1
0.4806062590086354 1
0.4806805307176292 1
0.48170922223871493 1
0.4823910159614469 1
0.4824556038325341 1
0.4828014700460645 1
0.4833560941042417 1
0.48345593710983686 1
0.4836151939874824 1
0.4837825978754447 1
0.4838397017287933 1
0.48429953049983404 1
0.48436280533069925 1
0.4843793659041434 1
0.48459576301285634 1
0.48796898022927904 1
0.4885573037310509 1
0.4888890529717211 1
0.4892116184039683 1
0.4907107958206754 1
0.490974174876338 1
0.4912446191012364 1
0.49162393762972945 1
0.4918632443444166 1
0.4919673218666395 1
0.49205523268926965 1
0.49218414650744274 1
0.4922478263229427 1
0.49259235313810273 1
0.4932969708184102 1
0.4934284195168926 1
0.4934802576630864 1
0.49372575651908873 1
0.49402131099323854 1
0.49415643923613745 1
0.4945333139672076 1
0.49479446363819507 1
0.49534532552756544 1
0.4954149311665865 1
0.4955439932735747 1
0.4958624571725232 1
0.49616059589859995 1
0.4962675497166707 1
0.4962869120554363 1
0.49640246710036756 1
0.49687130900841336 1
0.4968931053277247 1
0.49703396950017137 1
0.4974975038916626 1
0.4976357638947339 1
0.49769747783409224 1
0.4980645836963784 1
0.498582660100995 1
0.49892619491270357 1
0.4990303072606639 1
0.4990798186256901 1
0.49916375845588257 1
0.4993625329709903 1
0.5000161362912074 1
0.5002096904771913 1
0.5003152587298364 1
0.5010790382721578 1
0.5016419655260804 1
0.5029023836730718 1
0.5029379416314024 1
0.5029485384351058 1
0.5039634167547268 1
0.5052594393364943 1
0.5055604079964915 1
0.505628481869304 1
0.5056489040237175 1
0.5057341356111777 1
0.5071430291881337 1
0.5079373308126961 1
0.5083402533234657 1
0.5084954414352655 1
0.5086351486392894 1
0.5090279254912343 1
0.5090544710437186 1
0.5092999505467007 1
0.5100836416965397 1
0.5109527256446377 1
0.5119026867211794 1
0.5121194256055849 1
0.513162910718864 1
0.5133813775173875 1
0.5145841336397349 1
0.5147833883268229 1
0.5156231725493655 1
0.5162809212518288 1
0.516520944092129 1
0.5169160790897228 1
0.5175752767525671 1
0.5177248020239683 1
0.5184753669219004 1
0.5187986097943468 1
0.5188486146839044 1
0.5188882774490934 1
0.5189972946308283 1
0.5191464193201362 1
0.5204826651479321 1
0.5208240807395951 1
0.5210418183377479 1
0.5212785955639437 1
0.5219435190890306 1
0.5231420148788132 1
0.5252153170391796 1
0.526753678306945 1
0.5268897289802643 1
0.5294040645241964 1
0.5304890179357679 1
0.5307984687528393 1
0.5314183785081722 1
0.5315436642451932 1
0.5316371972352582 1
0.5344108452196462 1
0.5357485899517593 1
0.5359052096313873 1
0.538066345986721 1
0.5380784873798624 1
0.5392477216575949 1
0.5448982592264047 1
0.5450891247808515 1
0.5461732246484207 1
0.5506081345353506 1
0.5513426079313117 1
0.5563717164247993 1
0.567996508158776 1
