
 0.484
 0.502
 0.441
 0.499
 0.512
 0.425
 0.482
 0.479
 0.523
 0.426
 0.509
 0.496
 0.556
 0.492
 0.495
 0.452
 0.534
 0.498
 0.519
 0.493
 0.501
 0.478
 0.509
 0.507
 0.503
 0.455
 0.471
 0.546
 0.455
 0.474
 0.492
 0.480
 0.509
 0.477
 0.496
 0.451
 0.515
 0.496
 0.531
 0.500
 0.462
 0.472
 0.488
 0.476
 0.518
 0.491
 0.496
 0.472
 0.462
 0.489
 0.518
 0.479
 0.451
 0.483
 0.493
 0.531
 0.494
 0.474
 0.498
 0.468
 0.497
 0.492
 0.478
 0.529
 0.478
 0.465
 0.515
 0.497
 0.508
 0.452
 0.462
 0.499
 0.482
 0.481
 0.481
 0.497
 0.517
 0.465
 0.454
 0.519
 0.492
 0.479
 0.497
 0.489
 0.489
 0.458
 0.479
 0.472
 0.457
 0.463
 0.446
 0.494
 0.500
 0.471
 0.460
 0.530
 0.461
 0.498
 0.520
 0.509
 0.494
 0.499
 0.467
 0.568
 0.495
 0.510
 0.483
 0.462
 0.525
 0.521
 0.516
 0.483
 0.493
 0.459
 0.474
 0.496
 0.508
 0.456
 0.506
 0.470
 0.478
 0.457
 0.476
 0.447
 0.503
 0.517
 0.491
 0.500
 0.496
 0.522
 0.467
 0.499
 0.484
 0.539
 0.551
 0.485
 0.521
 0.478
 0.519
 0.425
 0.508
 0.422
 0.446
 0.505
 0.503
 0.455
 0.492
 0.532
 0.516
 0.471
 0.484
 0.484
 0.512
 0.469
 0.464
 0.519
 0.506
 0.513
 0.545
 0.484
 0.518
 0.469
 0.506
 0.538
 0.492
 0.532
 0.482
 0.521
 0.551
 0.484
 0.439
 0.499
 0.480
 0.473
 0.538
 0.527
 0.475
 0.491
 0.527
 0.499
 0.511
 0.464
 0.504
 0.536
 0.519
 0.469
 0.506
 0.493
 0.455
 0.472
 0.495
 0.471
 0.513
 0.443
 0.481
 0.545
 0.474
 0.495
 0.536
 0.436

