
 0.000
 0.020
 3.990
 0.000
 0.000
 0.000
 0.000
 0.000
 0.010
 0.030
 0.000
 0.000
 0.010
 0.000
 2.000
 0.000
 0.010
 4.000
 0.000
 3.970
 1.990
 0.000
 0.000
 1.980
 5.940
 0.000
 0.010
 0.020
 0.000
 3.970
 6.000
 0.000
 0.000
 2.000
 1.990
 0.000
 0.000
 0.000
 0.000
 0.000
 1.990
 0.000
 0.000
 2.000
 0.030
 5.990
 0.000
 0.000
 4.000
 0.000
 0.000
 2.000
 0.010
 0.000
 3.990
 1.980
 0.000
 0.000
 0.020
 0.000
 0.000
 0.000
 0.010
 3.990
 2.000
 0.000
 0.000
 3.980
 0.000
 0.000
 0.000
 0.000
 0.040
 0.020
 0.000
 0.000
 0.000
 3.990
 2.000
 0.000
 4.000
 0.020
 0.000
 0.000
 0.000
 0.000
 2.000
 6.000
 0.010
 0.000
 2.000
 2.000
 0.010
 0.000
 0.000
 4.000
 4.000
 0.000
 0.000
 0.000
 0.000
 0.000
 0.010
 0.010
 0.000
 0.000
 2.000
 0.010
 0.010
 0.010
 2.000
 3.990
 6.000
 4.000
 0.000
 0.000
 0.000
 0.010
 5.990
 0.020
 0.000
 0.010
 0.000
 0.000
 0.020
 0.000
 0.000
 0.000
 4.000
 0.000
 0.020
 4.000
 0.000
 0.000
 0.000
 0.000
 2.000
 2.000
 0.020
 0.020
 0.000
 2.000
 2.000
 0.000
 0.010
 2.000
 1.990
 0.000
 1.990
 7.970
 0.000
 3.990
 0.000
 1.980
 3.990
 0.000
 0.000
 0.010
 1.980
 0.020
 0.010
 0.000
 0.000
 0.010
 0.000
 1.990
 0.000
 0.000
 0.000
 0.000
 2.000
 1.970
 0.000
 0.000
 3.970
 0.000
 0.000
 0.000
 1.990
 0.010
 4.000
 2.000
 1.950
 0.020
 0.000
 0.000
 0.000
 2.000
 0.000
 0.000
 0.000
 1.980
 0.000
 4.000
 0.010
 5.980
 0.000
 0.000
 0.010
 0.000

