
 0.485
 0.602
 0.642
 0.664
 0.666
 0.670
 0.670
 0.670
 0.670
 0.670
 0.670
 0.670
 0.670
 0.670
 0.670
 0.670
 0.670
 0.670
 0.670
 0.670
 0.670
 0.670
 0.670
 0.670
 0.670
 0.670
 0.670
 0.670
 0.670
 0.670
 0.670
 0.670
 0.670
 0.670
 0.670
 0.670
 0.670
 0.670
 0.670
 0.670
 0.670
 0.670
 0.670
 0.670
 0.670
 0.670
 0.670
 0.670
 0.670
 0.670
 0.670
 0.670
 0.670
 0.670
 0.670
 0.670
 0.670
 0.670
 0.670
 0.670
 0.670
 0.670
 0.670
 0.670
 0.670
 0.670
 0.670
 0.670
 0.670
 0.670
 0.670
 0.670
 0.670
 0.670
 0.670
 0.670
 0.670
 0.670
 0.670
 0.670
 0.670
 0.670
 0.670
 0.670
 0.670
 0.670
 0.670
 0.670
 0.670
 0.670
 0.670
 0.670
 0.670
 0.670
 0.670
 0.670
 0.670
 0.670
 0.670
 0.670
 0.670
 0.670
 0.670
 0.670
 0.670
 0.670
 0.670
 0.670
 0.670
 0.670
 0.670
 0.670
 0.670
 0.670
 0.670
 0.670
 0.670
 0.670
 0.670
 0.670
 0.670
 0.670
 0.670
 0.670
 0.670
 0.670
 0.670
 0.670
 0.670
 0.670
 0.670
 0.670
 0.670
 0.670
 0.670
 0.670
 0.670
 0.670
 0.670
 0.670
 0.670
 0.670
 0.670
 0.670
 0.670
 0.670
 0.670
 0.670
 0.670
 0.670
 0.670
 0.670
 0.670
 0.670
 0.670
 0.670
 0.670
 0.670
 0.670
 0.670
 0.670
 0.670
 0.670
 0.670
 0.670
 0.670
 0.670
 0.670
 0.670
 0.670
 0.670
 0.670
 0.670
 0.670
 0.670
 0.670
 0.670
 0.670
 0.670
 0.670
 0.670
 0.670
 0.670
 0.670
 0.670
 0.670
 0.670
 0.670
 0.670
 0.670
 0.670
 0.670
 0.670
 0.670
 0.670
 0.670
 0.670
 0.670
 0.670
 0.670

