0.4087227240951145 1
0.4205110017718151 1
0.42796305820805947 1
0.431933162140071 1
0.4386424234672353 1
0.44404763501116706 1
0.4473078254112387 1
0.4513359789771102 1
0.4552047382582045 1
0.45724630704479774 1
0.4578810864717745 1
0.45792705051260646 1
0.45880371981122414 1
0.45901587569440744 1
0.4597679858694012 1
0.4603829870290951 1
0.46231457536094867 1
0.46391756959321023 1
0.4649770627699855 1
0.4652327538561841 1
0.4660547270036572 1
0.4662773662418855 1
0.4675595574927111 1
0.4677704899616668 1
0.46810176782818547 1
0.46859699565768503 1
0.4687087052791988 1
0.4689827502644324 1
0.4692039445464246 1
0.46925973204991556 1
0.470061942934873 1
0.4721675682074209 1
0.4723467813914814 1
0.4733856118568248 1
0.47487150498758723 1
0.47498365892609457 1
0.4754317678189923 1
0.4760346271459571 1
0.47641607131684766 1
0.47655157479865645 1
0.4771284919677231 1
0.4776273230904268 1
0.4776623249362396 1
0.47861183236548477 1
0.4788224879964006 1
0.4790213689528196 1
0.4806722059082017 1
0.4810986118990913 1
0.48186583684700257 1
0.48198320549648327 1
0.4822685243155557 1
0.482644216720024 1
0.4830170968447922 1
0.48303664518037726 1
0.4830631709321272 1
0.4832649332937225 1
0.4835632390043115 1
0.483668520637388 1
0.48370191499127435 1
0.4844411399661795 1
0.48469659562737893 1
0.4850018433615253 1
0.48548410544273984 1
0.4855207237542428 1
0.4865986846492775 1
0.4866306639085278 1
0.4870907861115279 1
0.48782981389469554 1
0.48798893266693427 1
0.48837316483563675 1
0.4886322257977829 1
0.488920335315845 1
0.48935618858238533 1
0.4896075235874816 1
0.489627282733023 1
0.48979770869089984 1
0.4905594394627709 1
0.49213121491690637 1
0.49213935023266453 1
0.4927764934373229 1
0.49305295789109543 1
0.4931631836340668 1
0.493243509929036 1
0.49402925479400495 1
0.49427483580434456 1
0.49437016930038846 1
0.49477194584503 1
0.4962670873088172 1
0.4973202508787578 1
0.499288711305077 1
0.4996612900605561 1
0.499676460282736 1
0.5000569024777645 1
0.500720783590877 1
0.5007548119602672 1
0.5018636655119117 1
0.5019765072284208 1
0.5030552109282324 1
0.5031691835012456 1
0.5035065675108968 1
0.5036587743337363 1
0.5036736157977362 1
0.5038787974842339 1
0.5040311522517115 1
0.5044856802633866 1
0.5045744173971813 1
0.5047709020276195 1
0.5052093843041605 1
0.5054790418888354 1
0.5058060641840689 1
0.506088548397492 1
0.506311767736233 1
0.5064056678311012 1
0.5067063561857477 1
0.5069886249876417 1
0.5072908369632666 1
0.5077784852282511 1
0.5087416888133539 1
0.5093217336702558 1
0.5098141755942863 1
0.5101112282489424 1
0.5101431570330347 1
0.5106149097942534 1
0.5107257923211009 1
0.5109659647384658 1
0.5110082830930321 1
0.5111991403665914 1
0.5115320300080555 1
0.5119070901651449 1
0.5122413737912215 1
0.5122890817232415 1
0.5129769113196212 1
0.5130489836724411 1
0.5135206850525155 1
0.5140128565958112 1
0.5142486392552613 1
0.5144699382494925 1
0.5147381933983604 1
0.5147577756663784 1
0.515232314159346 1
0.5152520523752436 1
0.5153786296283733 1
0.5153873889168616 1
0.5155298724812171 1
0.5161260031206616 1
0.5171472951183431 1
0.517313168494711 1
0.5175338656004471 1
0.5179555001943379 1
0.5194520419206268 1
0.5199349779652457 1
0.5206527379474248 1
0.5207337693686483 1
0.521378627524389 1
0.5217557188945413 1
0.521850902074777 1
0.5227192719776572 1
0.5231604634134928 1
0.5250001367009836 1
0.525212939430076 1
0.5255370596439416 1
0.5255665602262772 1
0.5261559322038891 1
0.5271578537764118 1
0.5272476651813647 1
0.5278398423656003 1
0.5293810384637476 1
0.5299523345737454 1
0.5302286286149596 1
0.5304983318695807 1
0.5317913280656346 1
0.5325658524442471 1
0.5345895862552651 1
0.5354478120910526 1
0.5355181682313003 1
0.5360949319816093 1
0.5365031913224128 1
0.5382813414859495 1
0.5389033708892579 1
0.542966464406327 1
0.5443044849845604 1
0.5453258408081819 1
0.5458146810164791 1
0.546203005783281 1
0.5464016997790949 1
0.5467150959013773 1
0.548838382692669 1
0.549961092810619 1
0.5502148074909584 1
0.5508657576632893 1
0.5521307980796708 1
0.5522376659057121 1
0.5553288002124108 1
0.5558235041503272 1
0.5582948881240911 1
0.5599250058082859 1
0.5601740365897574 1
0.5637703486029452 1
0.5724061971274719 1
0.5726289175795001 1
