
 0.481
 0.476
 0.512
 0.558
 0.490
 0.515
 0.468
 0.482
 0.457
 0.459
 0.501
 0.572
 0.484
 0.509
 0.518
 0.543
 0.469
 0.521
 0.503
 0.507
 0.485
 0.506
 0.522
 0.513
 0.483
 0.492
 0.546
 0.469
 0.458
 0.458
 0.521
 0.504
 0.473
 0.545
 0.504
 0.469
 0.544
 0.505
 0.489
 0.517
 0.504
 0.504
 0.510
 0.485
 0.532
 0.481
 0.516
 0.512
 0.530
 0.523
 0.510
 0.477
 0.515
 0.468
 0.504
 0.459
 0.537
 0.551
 0.487
 0.476
 0.535
 0.515
 0.505
 0.518
 0.573
 0.492
 0.466
 0.477
 0.494
 0.409
 0.511
 0.483
 0.484
 0.505
 0.510
 0.484
 0.439
 0.499
 0.504
 0.507
 0.487
 0.508
 0.493
 0.556
 0.502
 0.470
 0.547
 0.506
 0.483
 0.501
 0.486
 0.493
 0.460
 0.514
 0.516
 0.513
 0.464
 0.539
 0.530
 0.444
 0.493
 0.515
 0.479
 0.526
 0.475
 0.512
 0.511
 0.512
 0.500
 0.527
 0.560
 0.495
 0.469
 0.485
 0.555
 0.472
 0.488
 0.483
 0.521
 0.552
 0.519
 0.529
 0.530
 0.497
 0.496
 0.466
 0.515
 0.482
 0.511
 0.525
 0.484
 0.468
 0.482
 0.511
 0.478
 0.455
 0.514
 0.564
 0.462
 0.550
 0.428
 0.475
 0.472
 0.478
 0.506
 0.490
 0.533
 0.509
 0.546
 0.494
 0.490
 0.525
 0.500
 0.432
 0.447
 0.514
 0.536
 0.503
 0.507
 0.491
 0.494
 0.479
 0.506
 0.511
 0.487
 0.493
 0.514
 0.560
 0.550
 0.515
 0.536
 0.489
 0.500
 0.465
 0.460
 0.469
 0.483
 0.552
 0.527
 0.488
 0.451
 0.479
 0.517
 0.523
 0.549
 0.535
 0.520
 0.522
 0.538
 0.505
 0.526
 0.526
 0.546
 0.528
 0.421
 0.475
 0.465
 0.488
 0.489
 0.502

