
 30.540
 5.150
 5.900
 4.700
 25.340
 9.460
 5.580
 17.570
 5.910
 12.980
 5.260
 5.270
 6.400
 4.670
 5.430
 4.890
 7.850
 4.830
 84.950
 38.710
 7.640
 5.210
 4.670
 260.900
 8.180
 5.020
 25.700
 5.670
 9.170
 5.310
 9.010
 92.580
 5.160
 4.990
 4.510
 4.780
 5.990
 28.820
 5.240
 5.100
 23.590
 5.140
 5.510
 5.000
 5.120
 14.240
 612.520
 9.390
 22.540
 5.120
 1161.940
 5.750
 4.810
 17.570
 5.180
 4.910
 5.070
 5.010
 221.220
 5.480
 927.270
 15.540
 13.680
 5.190
 4.790
 5.010
 7.030
 4.780
 5.300
 5.190
 20.130
 5.110
 265.100
 5.000
 4.950
 41.380
 24.910
 4.710
 19.740
 5.870
 5.190
 5.310
 7.290
 5.340
 406.220
 6.910
 30.020
 16.300
 53.440
 47.380
 5.190
 5.490
 16.160
 10.300
 4.920
 4.910
 19.440
 4.810
 5.190
 9.360

