
 2.070
 2.250
 2.040
 2.360
 2.450
 2.280
 2.380
 2.000
 2.240
 2.330
 2.120
 2.260
 2.090
 2.290
 2.340
 2.170
 1.990
 2.440
 2.280
 2.220
 2.150
 1.970
 2.250
 2.320
 1.960
 2.350
 2.270
 2.260
 2.240
 2.170
 2.080
 2.320
 2.370
 2.070
 2.080
 2.200
 2.570
 2.470
 2.070
 2.180
 2.490
 2.610
 2.210
 1.970
 2.170
 2.020
 1.860
 2.200
 2.150
 2.280
 2.180
 2.310
 2.130
 2.270
 2.390
 2.300
 2.180
 2.260
 2.180
 2.440
 2.130
 2.060
 2.240
 2.530
 2.160
 2.600
 2.300
 1.910
 2.290
 2.630
 2.160
 2.020
 2.430
 2.100
 1.980
 2.390
 2.090
 2.320
 2.390
 2.190
 2.500
 2.290
 2.210
 2.120
 2.090
 2.100
 2.110
 1.920
 2.240
 1.950

