0.3985818284566781 1
0.40014615219812555 1
0.40942904888148945 1
0.4162698009167443 1
0.4179965208629449 1
0.4187033412466066 1
0.4215227050206501 1
0.42474209691748827 1
0.42583899882827 1
0.42760102410628703 1
0.42963381521137955 1
0.43145452073943497 1
0.4315769105330838 1
0.43464299780890775 1
0.4350328101263964 1
0.43617320447145813 1
0.4364115922614167 1
0.4368049074032395 1
0.4370076070266793 1
0.43755084881213124 1
0.43780481848386094 1
0.43832969714146 1
0.43836820758768325 1
0.4389209098168269 1
0.4393523281610392 1
0.4394965169051723 1
0.4399569188040636 1
0.44203005770645154 1
0.4423391408347361 1
0.44252289304432063 1
0.4427045642988115 1
0.44276640457555516 1
0.4434366093305519 1
0.44369518996265567 1
0.4443134784951896 1
0.4443969317311878 1
0.44489311618108196 1
0.4449073753580429 1
0.44581305023176526 1
0.44582235179722846 1
0.4459907555468313 1
0.4469755746562382 1
0.4472296839101012 1
0.4474372650547574 1
0.44791794505862753 1
0.4482059528964164 1
0.44841674737016923 1
0.44844147379727284 1
0.4490964105671699 1
0.44933148932430883 1
0.4505591434260344 1
0.45081660876298524 1
0.4512503825658963 1
0.4514679890666723 1
0.4519932926250179 1
0.4522630093757576 1
0.4528908925793247 1
0.454214797879953 1
0.45422459734385223 1
0.4545806424335756 1
0.45499411392956424 1
0.4552946976445779 1
0.45533280538614107 1
0.4557063449934553 1
0.45588700187721776 1
0.45657680849726107 1
0.45715628292067684 1
0.4580368341822373 1
0.45835816725439504 1
0.4599246639137172 1
0.45996757890309165 1
0.4607688753400959 1
0.46125584594616575 1
0.4616150627072864 1
0.46240534541378664 1
0.4626588260495712 1
0.4627061320184602 1
0.4632577805325151 1
0.46383305731759267 1
0.464831500996116 1
0.4650184107783511 1
0.4656906576697889 1
0.46578456606009894 1
0.46579178104051056 1
0.46834389962761064 1
0.4683628129293686 1
0.4688436195003134 1
0.46938620946501736 1
0.4695039412277694 1
0.4695130416299225 1
0.46975678186783854 1
0.4703213350485999 1
0.4710437283268692 1
0.4710855863342591 1
0.47112054751306887 1
0.4714914743623233 1
0.4717548123828563 1
0.4719140819565017 1
0.4719372317757538 1
0.4720409307041546 1
0.47317872654042736 1
0.47343451830607497 1
0.4740920597221871 1
0.4742803910340713 1
0.47430780117872146 1
0.474506821190816 1
0.4747073853187962 1
0.47476840604673 1
0.4755709738076581 1
0.4764429059075106 1
0.4766326477190626 1
0.4769193162841707 1
0.47730790498498765 1
0.47747384538587206 1
0.4776247753233341 1
0.4777473066717355 1
0.47813562606927157 1
0.47873962938936665 1
0.478839453038244 1
0.479443375369257 1
0.4811301182778003 1
0.48153815001473743 1
0.48165303758191486 1
0.48196627038139084 1
0.48230171870132915 1
0.4824055919441209 1
0.48266189783065916 1
0.48271992954651227 1
0.48280952196415305 1
0.4833342322769402 1
0.48371900800701506 1
0.4837199934065557 1
0.4837269525386102 1
0.4839317463541203 1
0.4844902267612187 1
0.4847390594966794 1
0.48535304180284067 1
0.4854343610785579 1
0.4855238177432224 1
0.48556108551533333 1
0.48707061543022656 1
0.4872927635928692 1
0.4873007412457147 1
0.48742251124902247 1
0.48755714017114554 1
0.48802373275945227 1
0.48839920244718354 1
0.48846076244972975 1
0.4888699114714508 1
0.4896851825737831 1
0.49018844694396435 1
0.49030253488223474 1
0.4908623113150523 1
0.4908952534494436 1
0.49126666781250045 1
0.4913877981710447 1
0.4925243216894145 1
0.49348548370483686 1
0.49350154182686545 1
0.4938478888570929 1
0.4947195684466761 1
0.49484772272294586 1
0.49504397288542307 1
0.4956020810525408 1
0.49562375669823994 1
0.49662581789983645 1
0.4975340327289953 1
0.49763041311894524 1
0.49773324349315956 1
0.4982737325599988 1
0.49858497234945665 1
0.5001092404580129 1
0.5009721958509648 1
0.5013083420085542 1
0.5019661879914357 1
0.5031121538647083 1
0.5031299492092209 1
0.5036740938637638 1
0.5045669652450148 1
0.5048357037971619 1
0.5051727965023054 1
0.5059993965721258 1
0.5071579775416201 1
0.5078776285315026 1
0.5087199054543469 1
0.5088332235535128 1
0.5111548711114837 1
0.5112174411567697 1
0.5118213981988972 1
0.5119700101162379 1
0.5121638481920017 1
0.5152733935081205 1
0.5167471526711958 1
0.5187225647677485 1
0.5220322906717998 1
0.526810697194457 1
0.5277348108170713 1
0.5293140993496199 1
0.5399142059854259 1
0.5487900471949841 1
