
 0.485
 0.475
 0.447
 0.472
 0.519
 0.469
 0.445
 0.448
 0.483
 0.442
 0.529
 0.505
 0.496
 0.495
 0.452
 0.461
 0.498
 0.471
 0.465
 0.477
 0.501
 0.418
 0.487
 0.505
 0.482
 0.469
 0.435
 0.487
 0.498
 0.490
 0.501
 0.491
 0.438
 0.517
 0.472
 0.484
 0.488
 0.482
 0.460
 0.425
 0.477
 0.507
 0.474
 0.454
 0.512
 0.483
 0.490
 0.478
 0.484
 0.503
 0.439
 0.471
 0.478
 0.460
 0.473
 0.443
 0.488
 0.443
 0.482
 0.477
 0.443
 0.482
 0.439
 0.472
 0.483
 0.494
 0.409
 0.444
 0.445
 0.438
 0.487
 0.479
 0.438
 0.476
 0.448
 0.475
 0.399
 0.471
 0.484
 0.488
 0.470
 0.458
 0.503
 0.502
 0.462
 0.483
 0.485
 0.495
 0.486
 0.494
 0.448
 0.512
 0.462
 0.464
 0.478
 0.476
 0.463
 0.474
 0.488
 0.500
 0.475
 0.498
 0.437
 0.491
 0.437
 0.439
 0.457
 0.455
 0.527
 0.456
 0.451
 0.508
 0.463
 0.493
 0.472
 0.435
 0.447
 0.540
 0.448
 0.453
 0.522
 0.511
 0.457
 0.440
 0.477
 0.491
 0.466
 0.451
 0.428
 0.431
 0.443
 0.498
 0.463
 0.481
 0.436
 0.465
 0.466
 0.426
 0.515
 0.484
 0.504
 0.482
 0.479
 0.486
 0.470
 0.495
 0.489
 0.528
 0.485
 0.473
 0.511
 0.456
 0.474
 0.400
 0.490
 0.422
 0.505
 0.454
 0.444
 0.493
 0.416
 0.468
 0.447
 0.506
 0.452
 0.470
 0.509
 0.455
 0.471
 0.470
 0.458
 0.451
 0.468
 0.509
 0.455
 0.479
 0.438
 0.436
 0.430
 0.451
 0.491
 0.484
 0.419
 0.432
 0.497
 0.446
 0.487
 0.512
 0.499
 0.449
 0.446
 0.442
 0.444
 0.449
 0.496
 0.446
 0.455
 0.466
 0.549
 0.461

