0.3687949938172017 1
0.37425483162089784 1
0.37556924069104974 1
0.3773281449955669 1
0.3784293973954553 1
0.38165915054504923 1
0.3853090029075568 1
0.3855318084372509 1
0.38901812323445895 1
0.39261998559355304 1
0.3958226357226166 1
0.397547527982219 1
0.3988269612542367 1
0.3989963291915952 1
0.39972768512213414 1
0.39978597151569084 1
0.4001010885329174 1
0.40038487517753046 1
0.4004646908181923 1
0.40050680015526197 1
0.40447315888789537 1
0.4045327412862856 1
0.40563708364749185 1
0.40612631073715283 1
0.4072574422185938 1
0.4093477760603736 1
0.40952978750445995 1
0.40987835900052916 1
0.4109681250403957 1
0.411065108661462 1
0.4114283666710594 1
0.4130966936860549 1
0.4131016687656983 1
0.41406434584144486 1
0.4141307337644103 1
0.4143874142885501 1
0.4147382383895546 1
0.4149260676431444 1
0.41499262047714586 1
0.4149938398556558 1
0.4153373438098661 1
0.416417883690624 1
0.416457475117191 1
0.41652662319783557 1
0.416688093785793 1
0.4167944256811838 1
0.41711394597339535 1
0.41715886373217326 1
0.4182535140538059 1
0.418827922902456 1
0.4190462868288294 1
0.4190853652690083 1
0.4191343361688432 1
0.41930160431063096 1
0.4193861571137497 1
0.419623625945692 1
0.4196275965156051 1
0.4197139124584568 1
0.4197704260392422 1
0.42006050673729356 1
0.4202582809198021 1
0.4208550367035109 1
0.4209581778724973 1
0.42138246659469814 1
0.42153629819820465 1
0.42167738336791183 1
0.42196744993225394 1
0.4223042002850958 1
0.42233065586245727 1
0.42257239221295245 1
0.4226812814378416 1
0.42275067616498047 1
0.42279524012867115 1
0.4229572546971244 1
0.42310576960419405 1
0.42334890886272963 1
0.4233492865664995 1
0.4235238631915377 1
0.4236304968500732 1
0.423903310293245 1
0.4241999439661469 1
0.4243975339978126 1
0.425433572955 1
0.4255867639429395 1
0.42574896089666064 1
0.4259100087623625 1
0.425938410050388 1
0.42752403397362654 1
0.42753316606754843 1
0.4276577304461908 1
0.4281615185063151 1
0.42853314260990416 1
0.4286723694154708 1
0.429728881077247 1
0.4297406391945375 1
0.43000218926448264 1
0.4304938003943938 1
0.43061504632261943 1
0.4313186454139863 1
0.43169367620232263 1
0.4318893396276337 1
0.43192565533496735 1
0.43237824021656623 1
0.43246834630302317 1
0.4334499680091842 1
0.43350287148979627 1
0.434392138800603 1
0.43439855687795725 1
0.4344063931973798 1
0.4344476087367501 1
0.43458812407727515 1
0.4350738942810104 1
0.436050965853191 1
0.436335386520546 1
0.43748997971003756 1
0.43764510507395143 1
0.437999264268023 1
0.43834945789518664 1
0.43921220360560737 1
0.44004984521682095 1
0.44008435947106966 1
0.4401940936087214 1
0.4402020170659563 1
0.4405661160303124 1
0.4405928069826465 1
0.4415902712981446 1
0.4416470472101638 1
0.44173051167093474 1
0.44232043639856444 1
0.44302979752808513 1
0.44317549070429263 1
0.4435271481443464 1
0.443813421704686 1
0.44396035474318646 1
0.44474532878334616 1
0.4448062290297792 1
0.44483264849763016 1
0.44532474988178256 1
0.44575687303018 1
0.4458027606207255 1
0.44582207986628797 1
0.4460510134711195 1
0.4464660954380746 1
0.4477534913165905 1
0.4479900126772043 1
0.4481392593441202 1
0.448260760592088 1
0.4490428109730806 1
0.4490663877027052 1
0.44910408441421723 1
0.4491156607654388 1
0.4493321140355389 1
0.4497403007121236 1
0.45038118553506157 1
0.45077450963082305 1
0.4517233701498518 1
0.4517545201880316 1
0.45187091929927037 1
0.4521060736976834 1
0.4559026600537983 1
0.45617204166364933 1
0.45633780305799837 1
0.45668136655941455 1
0.4570936715355256 1
0.45739218885987204 1
0.4577930177985427 1
0.4600867917908173 1
0.4609028946824097 1
0.46098807504325323 1
0.4622125819555765 1
0.4624895938391445 1
0.462866091595737 1
0.46310188873698555 1
0.46421295651437666 1
0.46461912731029004 1
0.4656449963840588 1
0.46576615233296315 1
0.46627382796129224 1
0.4662962015863654 1
0.4667056041951605 1
0.46692560156062035 1
0.4689688529759762 1
0.46929968971492736 1
0.4693157125892937 1
0.4695139110209847 1
0.46966261414197663 1
0.47006868541527314 1
0.4709529205144472 1
0.471750375029541 1
0.47231385559133776 1
0.47252310307029033 1
0.4728741980192515 1
0.4730444529138389 1
0.47327022365201593 1
0.4737197229453466 1
0.47394161380089544 1
0.474183772057204 1
0.4742705660527479 1
0.48365930346450875 1
0.49167185211903236 1
