
 0.432
 0.433
 0.463
 0.448
 0.410
 0.457
 0.470
 0.458
 0.446
 0.438
 0.413
 0.440
 0.450
 0.473
 0.430
 0.415
 0.442
 0.429
 0.393
 0.449
 0.444
 0.463
 0.440
 0.472
 0.466
 0.428
 0.438
 0.444
 0.446
 0.452
 0.406
 0.466
 0.436
 0.417
 0.435
 0.424
 0.417
 0.422
 0.396
 0.414
 0.465
 0.451
 0.473
 0.419
 0.415
 0.386
 0.457
 0.417
 0.473
 0.452
 0.445
 0.445
 0.439
 0.369
 0.445
 0.426
 0.421
 0.377
 0.440
 0.434
 0.419
 0.417
 0.420
 0.473
 0.464
 0.385
 0.461
 0.414
 0.423
 0.419
 0.423
 0.444
 0.378
 0.474
 0.399
 0.449
 0.438
 0.420
 0.422
 0.424
 0.446
 0.467
 0.448
 0.415
 0.382
 0.389
 0.437
 0.401
 0.446
 0.443
 0.419
 0.434
 0.416
 0.420
 0.440
 0.431
 0.420
 0.432
 0.409
 0.442
 0.428
 0.432
 0.442
 0.472
 0.414
 0.457
 0.428
 0.374
 0.492
 0.466
 0.411
 0.376
 0.411
 0.434
 0.423
 0.424
 0.448
 0.436
 0.411
 0.426
 0.424
 0.435
 0.449
 0.474
 0.442
 0.456
 0.423
 0.431
 0.429
 0.416
 0.466
 0.430
 0.462
 0.418
 0.399
 0.422
 0.422
 0.443
 0.452
 0.434
 0.400
 0.462
 0.424
 0.434
 0.426
 0.419
 0.400
 0.423
 0.400
 0.410
 0.430
 0.445
 0.448
 0.456
 0.413
 0.469
 0.470
 0.421
 0.471
 0.430
 0.423
 0.432
 0.446
 0.456
 0.425
 0.415
 0.398
 0.470
 0.422
 0.426
 0.404
 0.405
 0.432
 0.407
 0.421
 0.452
 0.441
 0.460
 0.423
 0.419
 0.415
 0.449
 0.406
 0.400
 0.469
 0.417
 0.461
 0.484
 0.420
 0.441
 0.474
 0.469
 0.423
 0.474
 0.420
 0.450
 0.449
 0.467
 0.428
 0.400

