0.4188300813023052 1
0.43097601733299223 1
0.4363517549915622 1
0.4365914504826462 1
0.4373147020717165 1
0.43978411957850194 1
0.4417810032465567 1
0.442672947532896 1
0.4436455508419554 1
0.4460286493205544 1
0.451757426670519 1
0.4534601195922303 1
0.4574661167961417 1
0.4586388751139643 1
0.4600328657267869 1
0.46197468744426895 1
0.46207401470790205 1
0.46279782779411965 1
0.4628515872119504 1
0.46293216235842244 1
0.4648601823215953 1
0.46494445897481496 1
0.46535155763584335 1
0.46644545118199665 1
0.4673913781608821 1
0.4678704196300415 1
0.4679067235537534 1
0.4684653322229104 1
0.46904124786691426 1
0.46929794636081956 1
0.4702241628253833 1
0.47123712448493543 1
0.4713869489009786 1
0.4715799773186844 1
0.4716858654366154 1
0.4723451598701196 1
0.47540775085756004 1
0.47669682512500244 1
0.477314257355957 1
0.4776203185493407 1
0.47819888487897194 1
0.4785448382821001 1
0.4790672215132103 1
0.47921977165627255 1
0.47940682068395707 1
0.4798293364843748 1
0.4803359609824732 1
0.48078950863716735 1
0.481956099690004 1
0.482495583597598 1
0.4826045323048437 1
0.4831263958204813 1
0.48354907511238004 1
0.4842609982696434 1
0.4847399935561726 1
0.48504727228722166 1
0.48506282904742476 1
0.48529997219263493 1
0.48575788663013525 1
0.4859412250235994 1
0.48613546817687203 1
0.48710293506915436 1
0.48738056474034885 1
0.4876549417396895 1
0.48806864455719556 1
0.4885318485349017 1
0.48892426921416615 1
0.48915389227239764 1
0.4891656693139832 1
0.4893516134167561 1
0.4896695116048651 1
0.4910048648288805 1
0.49130484393081614 1
0.4917569217250957 1
0.49225053346081993 1
0.4924811426278318 1
0.49252094881649655 1
0.49331117329960555 1
0.4934198176494376 1
0.49394707921299164 1
0.49681949618645005 1
0.49698040997923715 1
0.4970880018097406 1
0.4979361362797685 1
0.49800843067591916 1
0.4981197976520615 1
0.49897919132946 1
0.4995511779312399 1
0.4996207954494059 1
0.4999347344178111 1
0.5001457793981864 1
0.5001826397829541 1
0.5006507231909527 1
0.5006751551027024 1
0.5010295206962232 1
0.5011681384316599 1
0.5012591245693435 1
0.5012829603941664 1
0.5015974187729042 1
0.5019101337162657 1
0.5019699808357531 1
0.5031446781508309 1
0.5033620275422972 1
0.5035570302139907 1
0.5040998185459724 1
0.5048753147561199 1
0.5049296928778021 1
0.50549198245663 1
0.5056457964426969 1
0.5059493982249795 1
0.5070832953194215 1
0.507088544606042 1
0.5071274396977272 1
0.5078729362177666 1
0.5086232951848636 1
0.5087670945233567 1
0.5088979820280661 1
0.5099486444993455 1
0.5100590977617243 1
0.5105233675857841 1
0.5111803140967925 1
0.5115667694953013 1
0.5119325426829513 1
0.5122314368197808 1
0.5124523779813189 1
0.5129709587254504 1
0.5141512102446909 1
0.5146860624849006 1
0.5148330806235126 1
0.515250247007417 1
0.5156260737794548 1
0.5156439975652729 1
0.5161812377242029 1
0.5163391018939557 1
0.5165613952612585 1
0.516565938334598 1
0.5165930179401497 1
0.5167589373605268 1
0.5178450570411764 1
0.5179921075044963 1
0.5183021483144673 1
0.5184910633039577 1
0.519140992395 1
0.5197932967659549 1
0.5199689576689268 1
0.5212746619138708 1
0.5219059761745166 1
0.5221130603648454 1
0.5229045146775733 1
0.5231694712704774 1
0.5236409168322798 1
0.5250409803441964 1
0.5251393115993176 1
0.5258391806715311 1
0.5258884674197014 1
0.526483650163541 1
0.5265575069267571 1
0.5274316855062363 1
0.5275023583474714 1
0.5289011371777187 1
0.5291745089877321 1
0.5296773579941128 1
0.5300992097496775 1
0.5301892233121719 1
0.5303068351708429 1
0.53148553336678 1
0.5332562347563686 1
0.5334688445577609 1
0.5341080519179207 1
0.5341368762139569 1
0.5342708930602883 1
0.5343346032301545 1
0.5347779166294924 1
0.5352803874363695 1
0.5353454746774942 1
0.5357395311599941 1
0.535826784774953 1
0.5369072653551957 1
0.5373832549005716 1
0.537690907929552 1
0.5385387776265416 1
0.5389900778613181 1
0.5393379635602651 1
0.5395723761775344 1
0.5397531569864957 1
0.5400128004922968 1
0.540720917060998 1
0.5408284055237309 1
0.5417960199950912 1
0.5426309530958867 1
0.5487930383174345 1
0.5491228346878803 1
0.5535090119148905 1
0.5542462087982408 1
0.5557633936034939 1
0.5560765304721954 1
0.5588804592504736 1
0.5598806250323084 1
0.56788756196053 1
0.5965395712267055 1
