
 0.526
 0.489
 0.534
 0.493
 0.501
 0.471
 0.478
 0.479
 0.511
 0.486
 0.492
 0.515
 0.485
 0.506
 0.530
 0.470
 0.505
 0.510
 0.527
 0.484
 0.540
 0.597
 0.524
 0.492
 0.533
 0.501
 0.483
 0.536
 0.537
 0.535
 0.497
 0.459
 0.443
 0.437
 0.489
 0.468
 0.477
 0.509
 0.527
 0.501
 0.465
 0.509
 0.517
 0.518
 0.503
 0.491
 0.452
 0.494
 0.499
 0.485
 0.491
 0.484
 0.507
 0.490
 0.469
 0.462
 0.554
 0.511
 0.466
 0.521
 0.568
 0.489
 0.463
 0.472
 0.539
 0.502
 0.530
 0.543
 0.467
 0.525
 0.536
 0.503
 0.528
 0.523
 0.501
 0.507
 0.522
 0.539
 0.538
 0.479
 0.489
 0.500
 0.518
 0.480
 0.505
 0.453
 0.513
 0.507
 0.465
 0.502
 0.460
 0.482
 0.500
 0.479
 0.520
 0.540
 0.518
 0.465
 0.540
 0.498
 0.492
 0.522
 0.497
 0.498
 0.469
 0.493
 0.535
 0.542
 0.526
 0.477
 0.493
 0.512
 0.501
 0.541
 0.529
 0.497
 0.517
 0.500
 0.560
 0.486
 0.541
 0.530
 0.525
 0.457
 0.509
 0.500
 0.500
 0.475
 0.549
 0.517
 0.419
 0.489
 0.529
 0.534
 0.556
 0.554
 0.512
 0.498
 0.468
 0.487
 0.437
 0.472
 0.506
 0.533
 0.431
 0.518
 0.440
 0.504
 0.549
 0.559
 0.480
 0.512
 0.516
 0.442
 0.519
 0.526
 0.481
 0.537
 0.508
 0.556
 0.523
 0.482
 0.514
 0.539
 0.472
 0.479
 0.516
 0.504
 0.534
 0.444
 0.530
 0.462
 0.488
 0.516
 0.505
 0.487
 0.517
 0.520
 0.531
 0.501
 0.488
 0.515
 0.471
 0.436
 0.483
 0.463
 0.486
 0.446
 0.502
 0.478
 0.485
 0.534
 0.485
 0.512
 0.468
 0.535
 0.515
 0.463
 0.516
 0.510

