2 43
0 26
2 50
1 35
0 43
1 62
2 33
0 46
0 43
0 36
2 28
1 47
2 36
0 41
1 40
0 45
1 51
0 41
2 32
0 43
1 47
0 36
2 32
2 49
0 44
0 40
2 49
0 39
1 34
2 40
0 26
1 42
1 43
2 49
0 49
0 45
2 58
0 54
2 26
2 38
1 40
2 27
2 41
0 45
2 46
1 27
1 36
1 42
0 55
1 47
2 41
2 36
2 38
1 42
2 48
0 33
0 39
1 38
0 43
0 38
1 46
0 36
0 37
0 34
0 36
1 41
0 54
0 41
1 38
1 42
2 35
0 37
0 31
0 37
1 38
2 37
2 53
2 25
0 35
1 46
1 41
0 42
1 41
0 52
2 43
2 41
0 38
0 38
2 50
1 39
2 41
1 44
1 46
2 36
0 41
2 37
2 39
1 40
1 40
1 43
1 46
1 41
1 41
0 56
1 47
2 45
1 53
1 41
2 41
2 37
2 41
1 48
0 44
1 45
1 39
1 37
0 38
1 51
2 38
0 54
0 41
0 45
2 41
1 36
1 45
0 29
2 37
0 36
0 42
0 41
1 50
0 36
0 28
1 41
1 43
2 43
0 51
1 33
2 51
2 43
2 45
2 52
0 47
1 36
0 50
2 35
0 42
0 31
0 37
2 29
1 40
0 40
1 33
2 41
2 49
2 31
1 45
0 44
2 41
2 37
1 40
2 32
0 49
1 45
1 47
1 26
2 41
2 46
0 40
2 50
1 47
1 43
0 50
2 40
2 45
2 34
0 35
0 54
1 40
2 41
1 54
0 35
1 47
1 46
2 42
0 41
2 45
1 28
2 42
0 44
2 37
0 41
0 57
1 47
2 29
0 46
2 47
1 33
1 39
1 45
