0.5103271906736664 1
0.5123418895725496 1
0.5232843867892722 1
0.5286323086761562 1
0.5293569890828681 1
0.5345455686484997 1
0.5354901912320821 1
0.535647739222472 1
0.5359313054306329 1
0.5382580761346238 1
0.5383234944967767 1
0.5391723987903972 1
0.539989208825346 1
0.5418445654029765 1
0.5436077923523706 1
0.5448002982237167 1
0.5448942221828164 1
0.5467513730913098 1
0.5472209928868071 1
0.549237486116553 1
0.550619634236961 1
0.5510928426941833 1
0.5514685385305811 1
0.5526646330636531 1
0.5548956854776818 1
0.5551525404197591 1
0.5556221602152561 1
0.5558100081334553 1
0.5559978560516542 1
0.5571957449155885 1
0.55848576340776 1
0.5600575537772294 1
0.5613475722694008 1
0.5618153977340353 1
0.562100758273059 1
0.5626375907615719 1
0.5634829063934673 1
0.56348470072433 1
0.5636761373042544 1
0.5644911530083399 1
0.5646825895882643 1
0.5658768897904732 1
0.5658786841213364 1
0.5661604559986347 1
0.5664422278759327 1
0.5664422278759331 1
0.5667257940840943 1
0.5671669082826447 1
0.5677322463681043 1
0.5678261703272037 1
0.5679218886171656 1
0.5694936789866353 1
0.5698711691538962 1
0.5709715453970058 1
0.5717265257315265 1
0.5723572821791391 1
0.5726390540564377 1
0.5732716048349125 1
0.5732716048349126 1
0.5732965217701337 1
0.5733655287940119 1
0.5735533767122107 1
0.5745616233270838 1
0.5754051446281162 1
0.5758765587544764 1
0.5760376954065913 1
0.5761619192934998 1
0.5770762419492735 1
0.57716837157751 1
0.5771683715775102 1
0.5782687478206199 1
0.5789298041960415 1
0.5790219338242782 1
0.579184864807256 1
0.5792787887663556 1
0.5795605606436538 1
0.5797466142309902 1
0.580315540978175 1
0.5805015945655109 1
0.5808790847327715 1
0.581038427054024 1
0.5812280693030859 1
0.5813201989313227 1
0.5827077300443186 1
0.5828937836316547 1
0.5829877075907542 1
0.5839959542056273 1
0.5842795204137881 1
0.5843716500420252 1
0.5844673683319868 1
0.5844673683319871 1
0.5846534219193233 1
0.5851248360456832 1
0.5853798966568979 1
0.5862270066196557 1
0.5872352532345287 1
0.5878945152790876 1
0.588619195685799 1
0.5886191956857991 1
0.5886191956857992 1
0.5888070436039983 1
0.5888088379348608 1
0.5891827394403959 1
0.5893705873585949 1
0.5894680999794195 1
0.5900970620961696 1
0.5903788339734678 1
0.591199232670142 1
0.5919524186738002 1
0.5921420609228618 1
0.5922359848819613 1
0.5925831751214126 1
0.5934284907533077 1
0.5935260033741326 1
0.5938059809205681 1
0.5947203035763418 1
0.5950977937436022 1
0.5951899233718387 1
0.5971124926424853 1
0.5974917771406085 1
0.5979613969361057 1
0.5981492448543048 1
0.5982431688134042 1
0.5984310167316028 1
0.5987127886089014 1
0.5987782069710544 1
0.5990635675100779 1
0.5993453393873764 1
0.6002863733092334 1
0.6011067720059078 1
0.6022089425798799 1
0.6022992778772545 1
0.6023967904980789 1
0.6027724863344767 1
0.6028682046244389 1
0.6031517708325997 1
0.6034032427820896 1
0.6034989610720516 1
0.6036868089902501 1
0.6043460710348091 1
0.6044399949939088 1
0.6049768274824217 1
0.6050689571106583 1
0.6052585993597198 1
0.6056360895269804 1
0.6057300134860797 1
0.6066443361418534 1
0.6066443361418536 1
0.6069261080191517 1
0.6069261080191519 1
0.607303598186412 1
0.607491446104611 1
0.6078671419410088 1
0.6083100504704225 1
0.6089675181841187 1
0.6093468026822417 1
0.6096939929216932 1
0.609791505542518 1
0.6100696887580912 1
0.6101672013789162 1
0.6105446915461762 1
0.6125861017111432 1
0.6128411623223581 1
0.6129617975475412 1
0.613027215909694 1
0.6135004243669165 1
0.6143172344018655 1
0.6143172344018657 1
0.6145086709817899 1
0.6146929302382632 1
0.6154497049036468 1
0.6157047655148616 1
0.6167379290649554 1
0.6193179660492977 1
0.6201668703429186 1
0.620700114169706 1
0.6233758694440105 1
0.6234697934031106 1
0.6240369258194322 1
0.62441262165583 1
0.624761606226144 1
0.6258940767279261 1
0.6270883769301346 1
0.6280966235450078 1
0.6296666195836149 1
0.6299501857917756 1
0.6302355463307999 1
0.6312419986148099 1
0.6322502452296827 1
0.6334730510288383 1
0.6341056018073136 1
0.6349491231083456 1
0.6381635052020261 1
0.6395759532502434 1
0.6409313901045678 1
0.6415906521491267 1
0.6447378215497913 1
0.6451099287244635 1
0.6476935543705317 1
0.6642372397544901 1
