2 40
2 43
2 44
2 40
2 44
0 31
0 39
1 47
1 48
0 46
2 42
3 40
0 42
3 28
0 59
0 49
3 42
3 48
0 49
1 52
0 36
2 42
0 35
1 38
3 51
0 42
1 35
3 45
1 45
2 46
2 36
1 45
0 42
2 35
1 44
2 42
0 41
1 43
0 36
0 38
2 42
1 33
3 37
1 50
0 49
1 45
0 45
1 31
1 37
0 39
3 56
1 43
3 39
2 31
1 43
2 32
2 40
0 38
2 31
2 33
0 38
3 44
1 39
1 44
3 49
3 44
2 32
3 42
1 28
1 47
3 37
1 45
3 36
1 34
0 29
2 39
3 41
1 46
1 47
3 40
3 49
3 35
1 36
1 31
0 35
0 31
2 43
1 40
1 45
2 38
2 42
0 44
2 36
2 36
3 40
2 37
0 51
1 54
2 50
3 33
3 38
3 37
2 39
1 41
0 36
2 40
2 39
0 45
0 47
1 37
3 41
0 38
3 39
1 34
0 54
2 39
0 38
3 38
3 36
1 46
0 59
2 46
0 50
2 50
3 51
3 41
2 37
2 40
1 39
1 41
3 55
0 41
1 33
2 51
1 40
3 46
2 42
2 40
1 46
2 48
2 42
1 46
3 47
3 41
0 37
3 34
0 37
3 45
1 34
0 47
1 41
2 49
0 39
1 42
1 41
0 48
3 40
1 36
0 46
0 59
2 44
2 45
1 38
3 37
0 42
3 41
3 37
1 33
1 46
1 49
0 44
3 37
2 40
0 47
2 42
1 53
3 49
3 36
0 41
2 41
3 40
1 45
1 46
3 56
2 51
3 36
2 40
1 39
1 47
3 39
3 48
0 46
1 35
0 48
0 36
1 51
0 52
3 35
1 46
0 50
