0.4239170547495848 1
0.44138606632593136 1
0.44674356974167656 1
0.44979349784686895 1
0.4499041277445506 1
0.4512714043670769 1
0.45195955201149685 1
0.45522687321218724 1
0.4560828909528704 1
0.45712611498956596 1
0.4584512777223232 1
0.45862926509383706 1
0.4615054235015703 1
0.4623407974023647 1
0.4625491039631807 1
0.46332162245309116 1
0.4639415239422033 1
0.46562744872017503 1
0.4656562242557411 1
0.4661427799491608 1
0.4662714283223923 1
0.4703115400744192 1
0.4704037247747416 1
0.47047837136435144 1
0.47082577581673235 1
0.47172588862970377 1
0.47188135023583333 1
0.47252660733194085 1
0.4728104630012349 1
0.47403159752568064 1
0.47487564053939463 1
0.4751807470163385 1
0.4754514520041646 1
0.4756526873267243 1
0.4758409817202531 1
0.4766098011646813 1
0.4774462212379298 1
0.47746119985554325 1
0.47762681370727705 1
0.47772925436107494 1
0.4786736117734197 1
0.4802584834652938 1
0.4804009210932799 1
0.48136154709825374 1
0.48158649801568293 1
0.4816214660984224 1
0.48206755200510115 1
0.48252131399951054 1
0.4827087752859968 1
0.48271331635948606 1
0.4828788703534795 1
0.4836274546542878 1
0.48364716534130636 1
0.4843708699704124 1
0.48549054193641455 1
0.4855228213583323 1
0.4855885367852368 1
0.4856443751926481 1
0.48591887359087854 1
0.48592634088826236 1
0.486363068511676 1
0.4866414696240956 1
0.48747855611343127 1
0.4879626697725275 1
0.4879887265116946 1
0.48813712348355986 1
0.48975888170795157 1
0.4898148028371888 1
0.48999336428272044 1
0.49020139808699736 1
0.49029998664931296 1
0.49058806198942206 1
0.49064662413128113 1
0.4907847244596812 1
0.4916563014923391 1
0.4917089274720775 1
0.4924005913184171 1
0.4946619764518762 1
0.49483076698218315 1
0.495130305998579 1
0.4955096784878839 1
0.4960738065091849 1
0.4962743973013927 1
0.49694440606842166 1
0.4978440689861842 1
0.4978567502007906 1
0.4980305929439551 1
0.4980695653732643 1
0.49818259178610746 1
0.4984313849947957 1
0.49850680159488014 1
0.4987638244666106 1
0.49883074270016303 1
0.49891783152997077 1
0.500132795764 1
0.5002611225399086 1
0.5003941439474677 1
0.5007857021696992 1
0.5017364718526826 1
0.5020999407351039 1
0.5023129432387554 1
0.5029398248144034 1
0.5030740445185885 1
0.503186212252876 1
0.5034280034697884 1
0.5039285764809559 1
0.5051056702926222 1
0.5051522642796928 1
0.5055404930876484 1
0.5060668279892027 1
0.5064745463228139 1
0.5070918199270793 1
0.5072133240156486 1
0.5078859331917268 1
0.5082781326886281 1
0.5089275632841395 1
0.509145691966789 1
0.5091932829490993 1
0.509746116146937 1
0.5109678070724041 1
0.5118503698739838 1
0.5126883114834215 1
0.5127853304020195 1
0.5128063512023389 1
0.5129838151020661 1
0.5133007460154294 1
0.5133633234241237 1
0.5139182334798011 1
0.5141481461128848 1
0.5145442758622102 1
0.5152715722499558 1
0.5157240097803016 1
0.5159187328437129 1
0.5162616760571037 1
0.5165739014104173 1
0.517654912439817 1
0.5177400216479056 1
0.5180598711496475 1
0.5181142597106401 1
0.5184689650512572 1
0.5186970707269484 1
0.5188911478625896 1
0.519937927603174 1
0.520231025801335 1
0.5209074361187849 1
0.5217223926748076 1
0.5218846892409812 1
0.5219055498295946 1
0.5219230754431599 1
0.522097659680411 1
0.522644968358647 1
0.522668129072488 1
0.5234603693789527 1
0.5235238366609984 1
0.5235681260946724 1
0.5237112243771007 1
0.5239501764628476 1
0.5242643107850753 1
0.5247721180099901 1
0.5250081694263374 1
0.5253211352266184 1
0.5261017337262942 1
0.5263101020377559 1
0.5276503634999287 1
0.5280297065945367 1
0.5288347060335318 1
0.5292987860664334 1
0.530863207257636 1
0.5322712223776734 1
0.5329077786253699 1
0.5334056915316828 1
0.5345397144851344 1
0.5351611939451648 1
0.535507521662019 1
0.5361835893227564 1
0.5362984879376929 1
0.5367074299323256 1
0.5380820846455848 1
0.5400374105412343 1
0.5401894449891494 1
0.5409142491845904 1
0.5415125414974815 1
0.5426582585921925 1
0.5428876169405609 1
0.5451039525879319 1
0.5453284182342952 1
0.5461366978976655 1
0.5466828307387578 1
0.5473538593531261 1
0.5497212543131216 1
0.5497934917841569 1
0.5509223708657395 1
0.5529078668597979 1
0.5530475191526767 1
0.554580891949048 1
0.559835831525064 1
0.5622046843664492 1
0.5651886056827097 1
0.5671026184896718 1
0.5848018289410178 1
