0.4783307427505676 1
0.48417961012109734 1
0.48694383506236555 1
0.4870195927699276 1
0.48712001210700456 1
0.4899656874933382 1
0.494081380878219 1
0.49468157362753845 1
0.49651069965671435 1
0.496783812859649 1
0.49682965850888466 1
0.4977269854852697 1
0.49808282506507673 1
0.49860169830612977 1
0.5015819239599653 1
0.5019343232646051 1
0.5026155173050126 1
0.5035515925911661 1
0.5047091145453613 1
0.5055685573772988 1
0.5066521564656292 1
0.5074372423848844 1
0.5081076213814292 1
0.5085282356234979 1
0.5087686709312809 1
0.5102336808377277 1
0.5105029750762102 1
0.5115151819024966 1
0.5117732935831831 1
0.5117733223080372 1
0.5119080258675228 1
0.5126763483885458 1
0.5128841260297772 1
0.5135675274399952 1
0.5140612585158205 1
0.514090310395656 1
0.5144128344578707 1
0.5148036323598457 1
0.5152826032782795 1
0.5152902069133601 1
0.5156787926970765 1
0.5159027530009257 1
0.5162120033123081 1
0.5165400305214737 1
0.5166747801362949 1
0.5172996631106601 1
0.5174043606152012 1
0.518055931922827 1
0.5190220739163846 1
0.5192534405356293 1
0.5196665125007998 1
0.520384775552144 1
0.5205260714838097 1
0.520985787015391 1
0.5214595555185477 1
0.5218225840688303 1
0.5220515812019516 1
0.5220778964300735 1
0.5222562184316033 1
0.5223288603243361 1
0.5231619918160137 1
0.524651289812299 1
0.5257622852238708 1
0.5260395083151334 1
0.5260890104212884 1
0.5261069186764982 1
0.5267269427313983 1
0.5272589804096376 1
0.5272837019641794 1
0.5274102348773335 1
0.527413167724645 1
0.5275859102053746 1
0.5276256585775976 1
0.5285500110838516 1
0.5286710479125446 1
0.5287682072547358 1
0.5287825102063763 1
0.5288811471747421 1
0.5290829783240628 1
0.5302294985196799 1
0.5304414038764407 1
0.5315624393005784 1
0.5322888670516209 1
0.5322935335689994 1
0.5324249651095656 1
0.53252032429512 1
0.5325460551457186 1
0.5325543087739938 1
0.5327053909111826 1
0.5332160695252413 1
0.534459384606977 1
0.5345979463112173 1
0.5348793417547583 1
0.5355782975536888 1
0.5356027276295822 1
0.5357897360944474 1
0.5361792944333841 1
0.5364057394747794 1
0.5367725991406401 1
0.5367885095382072 1
0.5371254834762357 1
0.5373023987210747 1
0.5378541490756902 1
0.5380566140796411 1
0.5385117443513598 1
0.5387432388546323 1
0.539035752508948 1
0.5391772734191362 1
0.5392060560901133 1
0.5392115293518556 1
0.5393466702645325 1
0.5398848497664214 1
0.5399869010038884 1
0.5408595027024199 1
0.5408636836254079 1
0.5415785977380946 1
0.5420702513421989 1
0.542215874801197 1
0.5424799447745814 1
0.5430747693574421 1
0.5433024430489812 1
0.5435079021851782 1
0.543621754259943 1
0.5436322338929679 1
0.544057491781714 1
0.5441659734772216 1
0.5446040951805832 1
0.5446105714016912 1
0.5447612028544019 1
0.5448952869074323 1
0.5452004011335427 1
0.545663393749254 1
0.545779776144278 1
0.5460637388510718 1
0.546302029074246 1
0.54654263332943 1
0.5470816116498114 1
0.5478116583953652 1
0.5479298669249512 1
0.5482410590851352 1
0.5482540417995688 1
0.5485663496425867 1
0.5488952634590796 1
0.5489631555345024 1
0.5492739228381514 1
0.5498305464480133 1
0.5503053148126581 1
0.5503339787115354 1
0.5507865200517419 1
0.5512761243884202 1
0.5513125984218213 1
0.5516247997884284 1
0.5516842081228039 1
0.5523519776137056 1
0.5530171757525253 1
0.5537195897286947 1
0.5539711414444699 1
0.5544630950773375 1
0.554602397429399 1
0.5553689888756812 1
0.5555130753534459 1
0.5556034739682415 1
0.5568154206366669 1
0.5571441892386502 1
0.5571728451138965 1
0.5580161894165714 1
0.5585363559334854 1
0.5587812917826134 1
0.5591883712819412 1
0.5600234088731606 1
0.5603220412343225 1
0.5607252598641832 1
0.5612966664576389 1
0.5613087492825858 1
0.5615905294189373 1
0.5616688629305046 1
0.5620928461137714 1
0.5632174878759311 1
0.563251547526231 1
0.5638584576793453 1
0.5643440613152463 1
0.5645611289680581 1
0.5666763846384576 1
0.5670876351687599 1
0.5677875368837624 1
0.5679906985822902 1
0.5690518747310964 1
0.5700984197984562 1
0.5710466325866327 1
0.5710926604911306 1
0.5752900730144195 1
0.5756026887821136 1
0.5783387841750568 1
0.5798373296857224 1
0.5819161862148251 1
0.5824490989380297 1
0.5832656136933384 1
0.5833375487283144 1
0.5838675756071743 1
0.5865851254879848 1
