
 0.521
 0.571
 0.570
 0.578
 0.578
 0.578
 0.578
 0.578
 0.603
 0.617
 0.621
 0.621
 0.621
 0.621
 0.621
 0.621
 0.621
 0.621
 0.621
 0.621
 0.621
 0.621
 0.621
 0.621
 0.621
 0.621
 0.621
 0.621
 0.621
 0.621
 0.621
 0.621
 0.621
 0.621
 0.621
 0.621
 0.621
 0.621
 0.621
 0.621
 0.621
 0.621
 0.621
 0.621
 0.621
 0.621
 0.621
 0.621
 0.621
 0.621
 0.621
 0.621
 0.621
 0.621
 0.621
 0.621
 0.621
 0.621
 0.621
 0.621
 0.621
 0.621
 0.621
 0.621
 0.621
 0.621
 0.621
 0.621
 0.621
 0.621
 0.621
 0.621
 0.621
 0.621
 0.621
 0.621
 0.621
 0.621
 0.621
 0.621
 0.621
 0.621
 0.621
 0.621
 0.621
 0.621
 0.621
 0.621
 0.621
 0.621
 0.621
 0.621
 0.621
 0.621
 0.621
 0.621
 0.621
 0.621
 0.621
 0.621
 0.621
 0.621
 0.621
 0.621
 0.621
 0.621
 0.621
 0.621
 0.621
 0.621
 0.621
 0.621
 0.621
 0.621
 0.621
 0.621
 0.621
 0.621
 0.621
 0.621
 0.621
 0.621
 0.621
 0.621
 0.621
 0.621
 0.621
 0.621
 0.621
 0.621
 0.621
 0.621
 0.621
 0.621
 0.621
 0.621
 0.621
 0.621
 0.621
 0.621
 0.621
 0.621
 0.621
 0.621
 0.621
 0.621
 0.621
 0.621
 0.621
 0.621
 0.621
 0.621
 0.621
 0.621
 0.621
 0.621
 0.621
 0.621
 0.621
 0.621
 0.621
 0.621
 0.621
 0.621
 0.621
 0.621
 0.621
 0.621
 0.621
 0.621
 0.621
 0.621
 0.621
 0.621
 0.621
 0.621
 0.621
 0.621
 0.621
 0.621
 0.621
 0.621
 0.621
 0.621
 0.621
 0.621
 0.621
 0.621
 0.621
 0.621
 0.621
 0.621
 0.621
 0.621
 0.621
 0.621
 0.621
 0.621
 0.621
 0.621

