0.43655093830975283 1
0.4383723919725216 1
0.443971607845862 1
0.44661813961313607 1
0.4517151499327419 1
0.4553059828566741 1
0.45568157748622184 1
0.45839927773703404 1
0.45872452864684093 1
0.46046259803078565 1
0.4611274371887248 1
0.46217603104727345 1
0.4630861320991948 1
0.46339818101398206 1
0.4646721887998313 1
0.4654381922092014 1
0.4661623707205934 1
0.4665459711894192 1
0.46705314725424946 1
0.467402683760716 1
0.46760162079063333 1
0.4678227188819422 1
0.46848252977307503 1
0.46939878419721254 1
0.4701966463210955 1
0.4702710211841205 1
0.47044335853521674 1
0.47094634846141625 1
0.4712050710930297 1
0.47125720884216177 1
0.4716815313169006 1
0.47454358781087813 1
0.47474570352973317 1
0.47496989351156016 1
0.47501259446218974 1
0.4760687991404396 1
0.47616648768994574 1
0.4768487827202209 1
0.47686246719213676 1
0.47687369106169664 1
0.4770193145400349 1
0.4772435195802302 1
0.4774191971327075 1
0.47783052286203825 1
0.4784708598201232 1
0.4785877700068209 1
0.4788486220527897 1
0.47884928349746647 1
0.4797593048348104 1
0.47981911962244583 1
0.4800096511215654 1
0.4806146982396317 1
0.48195600413401196 1
0.4822592227202398 1
0.4825928371781882 1
0.4826497290689483 1
0.48469765354809696 1
0.48484123375697213 1
0.48503284737547453 1
0.4850329656304379 1
0.4861281163869303 1
0.48615113716288905 1
0.4866654805968286 1
0.4867954209926999 1
0.49003064424294007 1
0.4912081129038174 1
0.4912287391263726 1
0.491671667634847 1
0.4920335363384556 1
0.4920868969168301 1
0.4923572559320067 1
0.49249988415451784 1
0.4926053842518926 1
0.4931183220999598 1
0.49313877569538106 1
0.49322324265751405 1
0.4932345000444045 1
0.49381056543138757 1
0.4949333448982029 1
0.49638754285128994 1
0.4965600697879281 1
0.49807322698422657 1
0.4983134084544485 1
0.4994037306431887 1
0.49960755496946624 1
0.4998686560581791 1
0.49999659957811077 1
0.5001998474666444 1
0.5021620366222285 1
0.5021673317484484 1
0.502724592958949 1
0.5027857897844544 1
0.5029177190847487 1
0.5030215009503451 1
0.5035478729616445 1
0.5038954367952893 1
0.5040542871161758 1
0.5041117951712899 1
0.5044633009747393 1
0.5044955046877908 1
0.5048511580905345 1
0.5052694533862468 1
0.5053921692397195 1
0.5054852774085627 1
0.5061265580791379 1
0.5064613927488586 1
0.5076283776078685 1
0.5080388732743265 1
0.5089780553026185 1
0.5090160281435795 1
0.5091638365003617 1
0.5092849350737516 1
0.5093953036875394 1
0.5095271447538695 1
0.5100634216804232 1
0.5101965277425936 1
0.5105236644606065 1
0.5105490564166119 1
0.5109329688367445 1
0.5110333103536244 1
0.5112296262581097 1
0.511624233588229 1
0.5116920561549761 1
0.5118826943811603 1
0.5122064599904831 1
0.5130653824024812 1
0.5133087406678247 1
0.5134526416745779 1
0.5138726221986257 1
0.5140182215963991 1
0.5147622125219354 1
0.5149196613399482 1
0.5149542848032378 1
0.5152198285926197 1
0.5152259952783309 1
0.5153953239478071 1
0.5159462104138897 1
0.515983481157029 1
0.5170743652641565 1
0.5171842294548908 1
0.5175524552013011 1
0.5175876281780473 1
0.5178603166087985 1
0.5182005893226002 1
0.5194252741320454 1
0.5195924304063267 1
0.5197562423335927 1
0.5219257864545598 1
0.5219321335886137 1
0.5226931339269645 1
0.5228430371965643 1
0.5231352164619328 1
0.5237865075906949 1
0.5243073286007699 1
0.5245466675968529 1
0.5245704248728535 1
0.5250403525990648 1
0.5253059191756122 1
0.5256870067418674 1
0.5259654103695968 1
0.5283364465169682 1
0.5284384627941952 1
0.5289347187837198 1
0.5296511867152783 1
0.529914321919048 1
0.5302217104026232 1
0.5303829848642657 1
0.5307434033708904 1
0.5325833040130139 1
0.5325910555920431 1
0.533235279845968 1
0.5336490952532571 1
0.5347681144581337 1
0.5368118208459525 1
0.5372727115558513 1
0.5381156922515759 1
0.5385802140346398 1
0.5396195750422634 1
0.539881508959688 1
0.5408395545773391 1
0.5409220149613332 1
0.5432459980304823 1
0.5432894462884514 1
0.5433844763398205 1
0.543735185168704 1
0.544305415406559 1
0.5450234024044954 1
0.5462084245537409 1
0.5469818292385465 1
0.5478720806621065 1
0.5507855989897998 1
0.5511482642445007 1
0.5514169357061705 1
0.5527240013503141 1
0.5534068544682469 1
0.5542923708589906 1
0.5656862799094298 1
0.5660046066133606 1
0.5669490643187582 1
0.578148145863493 1
