
 0.463
 0.538
 0.566
 0.533
 0.513
 0.518
 0.482
 0.480
 0.502
 0.567
 0.504
 0.529
 0.483
 0.512
 0.509
 0.471
 0.498
 0.487
 0.553
 0.480
 0.551
 0.461
 0.478
 0.476
 0.505
 0.503
 0.493
 0.517
 0.504
 0.437
 0.468
 0.515
 0.544
 0.554
 0.526
 0.510
 0.530
 0.540
 0.503
 0.470
 0.471
 0.497
 0.469
 0.547
 0.539
 0.543
 0.492
 0.512
 0.511
 0.541
 0.543
 0.515
 0.512
 0.477
 0.544
 0.475
 0.460
 0.492
 0.504
 0.545
 0.491
 0.510
 0.551
 0.493
 0.504
 0.477
 0.511
 0.498
 0.509
 0.485
 0.515
 0.541
 0.467
 0.476
 0.482
 0.513
 0.505
 0.505
 0.506
 0.513
 0.510
 0.530
 0.511
 0.515
 0.518
 0.475
 0.475
 0.491
 0.525
 0.551
 0.537
 0.522
 0.524
 0.470
 0.514
 0.520
 0.477
 0.511
 0.523
 0.548
 0.493
 0.506
 0.493
 0.503
 0.531
 0.546
 0.492
 0.478
 0.477
 0.517
 0.528
 0.533
 0.578
 0.462
 0.483
 0.553
 0.452
 0.509
 0.499
 0.480
 0.463
 0.519
 0.516
 0.485
 0.509
 0.518
 0.566
 0.502
 0.500
 0.493
 0.466
 0.528
 0.530
 0.495
 0.479
 0.514
 0.524
 0.500
 0.533
 0.515
 0.481
 0.459
 0.534
 0.467
 0.486
 0.511
 0.468
 0.470
 0.471
 0.504
 0.523
 0.525
 0.516
 0.479
 0.485
 0.475
 0.518
 0.535
 0.458
 0.494
 0.540
 0.512
 0.509
 0.490
 0.496
 0.508
 0.500
 0.525
 0.492
 0.523
 0.455
 0.438
 0.508
 0.467
 0.543
 0.485
 0.503
 0.492
 0.522
 0.525
 0.468
 0.500
 0.477
 0.465
 0.447
 0.505
 0.504
 0.530
 0.456
 0.472
 0.520
 0.465
 0.526
 0.487
 0.515
 0.444
 0.477
 0.479
 0.537
 0.486

