0 37
1 34
0 48
0 37
0 46
0 40
1 46
0 34
0 38
0 46
1 27
1 50
1 41
0 38
1 35
0 45
0 49
1 44
0 50
1 42
1 41
0 49
1 43
0 37
1 53
1 39
0 41
1 40
1 39
0 45
0 42
0 39
1 38
1 32
0 48
0 54
0 56
0 44
1 31
1 41
1 52
0 44
1 43
1 33
1 46
1 45
0 44
0 45
1 42
1 36
0 27
0 32
0 40
0 38
1 38
0 49
0 36
0 37
0 41
1 39
0 37
1 41
0 36
1 38
1 50
1 48
0 41
0 55
1 40
1 42
0 36
1 51
0 41
0 50
1 51
1 44
1 52
0 39
0 43
0 48
0 39
0 42
1 34
0 49
0 35
0 46
1 47
0 48
0 39
0 51
0 47
1 39
1 37
0 34
1 53
0 41
1 34
1 41
1 58
1 43
1 49
1 41
0 36
0 39
0 44
1 47
1 45
1 34
1 44
0 46
1 50
0 28
1 49
1 35
1 46
0 57
1 36
0 43
0 45
0 49
0 41
1 49
1 32
0 34
0 45
0 38
1 38
0 49
1 45
1 39
0 44
0 41
1 43
1 47
0 51
1 47
0 46
0 50
1 43
1 41
0 51
1 44
1 32
0 40
1 55
1 28
1 41
0 47
0 31
1 36
1 50
1 47
1 36
1 30
1 45
0 41
0 48
0 48
0 44
0 36
1 47
0 44
0 34
0 51
1 35
1 45
1 38
0 39
0 40
1 44
1 38
1 56
0 41
0 30
0 40
0 52
0 38
1 38
1 46
1 41
1 30
1 36
1 51
1 46
0 50
0 48
0 45
0 37
1 37
1 40
0 52
1 39
0 47
1 50
0 43
1 39
0 46
0 42
1 38
1 38
