0.4267856604547729 1
0.4432755831398263 1
0.44611419419490106 1
0.4466493198706 1
0.45010326996346983 1
0.4579081873405204 1
0.4665137264103841 1
0.46709633401101613 1
0.46965730498511116 1
0.47079379406405863 1
0.471903168819257 1
0.4727176525713871 1
0.47449570747570136 1
0.47480444379939646 1
0.4760273266469061 1
0.47636234198754884 1
0.4775673241480346 1
0.47874537317689225 1
0.4799112022807788 1
0.4810257192479177 1
0.4823609443042922 1
0.48279017314318096 1
0.4829253208653765 1
0.48294842661834253 1
0.48503914282034893 1
0.48508846665830113 1
0.4850886706643702 1
0.4855814414471199 1
0.4859089886536193 1
0.48690479656548946 1
0.48872779511502 1
0.4896853173030244 1
0.48991378567292543 1
0.4911054413973459 1
0.4911248620091024 1
0.4913397538042527 1
0.4915213148348314 1
0.4916872253003984 1
0.4919824951762913 1
0.4935847801114627 1
0.4949686079516777 1
0.49532008881756506 1
0.4955638112559563 1
0.4968616326694456 1
0.49731719920358003 1
0.497985198765065 1
0.49799430307063663 1
0.4984399162863245 1
0.4991398404585562 1
0.4997546440913518 1
0.4999723226934951 1
0.5004417119154912 1
0.5018001093826231 1
0.5018487563403288 1
0.5020127555961628 1
0.5021734032340218 1
0.5032546262057775 1
0.5032934013637788 1
0.5037244798577654 1
0.5041416140085478 1
0.504469434555007 1
0.504479302154201 1
0.5046938687675033 1
0.5048228132806021 1
0.5049631372944396 1
0.5067044231501144 1
0.5089229638886295 1
0.5096389408795282 1
0.5097321767819051 1
0.5118500914417935 1
0.5126077827032717 1
0.512980021259495 1
0.5133667331190249 1
0.5133700605279348 1
0.5139373826945358 1
0.5140337223553061 1
0.5143647087994124 1
0.5144194094070206 1
0.5145420726494724 1
0.5154187093575391 1
0.5155166749203216 1
0.5155426967471328 1
0.5158444024670913 1
0.5159988102995997 1
0.5160212825815517 1
0.5162156784322804 1
0.5164701683678273 1
0.5168824486643756 1
0.5169704482824057 1
0.5173531329449459 1
0.5173713588899983 1
0.5180072946486022 1
0.5192905950038637 1
0.5194273268555072 1
0.5195468743863968 1
0.5196289623583599 1
0.5198947120792903 1
0.5198964933125141 1
0.5208578099583402 1
0.5212527575655891 1
0.5221874524384489 1
0.5223383814315951 1
0.5226904003331556 1
0.522726375739223 1
0.5227435961798382 1
0.5234829214350497 1
0.5244604226182095 1
0.5247542369101641 1
0.5253475627534822 1
0.5259685376823131 1
0.5263072258161796 1
0.526698818524782 1
0.5267905302814639 1
0.5269825191624792 1
0.5270549250513138 1
0.5270807972871796 1
0.5271957026811469 1
0.5273310060077283 1
0.5277673568761972 1
0.5282925308196834 1
0.528580735218922 1
0.5290496898827945 1
0.5293566755389094 1
0.5302944528281914 1
0.5303827833817091 1
0.5304701999769805 1
0.5307318199036841 1
0.5315723242530809 1
0.5321956682545741 1
0.5322191128694214 1
0.5324415635469875 1
0.5324875369458538 1
0.5325269536382293 1
0.5328322118269458 1
0.5328961875156808 1
0.5331291451362838 1
0.533161527824672 1
0.5334947345592892 1
0.5335031699659918 1
0.5340664999745782 1
0.5343862735508496 1
0.5348073256755742 1
0.5348530615833436 1
0.5354698514362058 1
0.5361838546890576 1
0.5363134287753006 1
0.5363520193700059 1
0.5370732077661773 1
0.5372867663285152 1
0.5377468985708386 1
0.5392954917259611 1
0.5393388738672343 1
0.5396582099462358 1
0.5411937213320006 1
0.5419546508791327 1
0.5423935187930929 1
0.5431218787909566 1
0.5437865063815519 1
0.5449726568211988 1
0.5460877307095608 1
0.5464262837682817 1
0.5487189618363475 1
0.5488602624428792 1
0.5489060277830827 1
0.5490309807142413 1
0.5492773606170106 1
0.5498130209008972 1
0.5499525314097633 1
0.5513745291069746 1
0.5548756117926525 1
0.555567694375598 1
0.555688595233057 1
0.5570873980715375 1
0.5577316099182866 1
0.5590483047888033 1
0.5591742345883004 1
0.5615102508226797 1
0.5617071838647124 1
0.5631250129522501 1
0.5639716987690254 1
0.5648197136995535 1
0.5656247568216384 1
0.5679309373142556 1
0.5709355411148229 1
0.5716665260713308 1
0.57352306154347 1
0.5756402857067929 1
0.5758423030844699 1
0.5773324707101625 1
0.5778452700358282 1
0.5785408460059839 1
0.5817013299553254 1
0.5823245553413072 1
0.586122112607557 1
0.5873167449577796 1
0.590548687770967 1
0.5922104987188491 1
0.59416876255159 1
0.6033365965958236 1
0.6084652738101382 1
