
 0.516
 0.499
 0.478
 0.497
 0.450
 0.515
 0.530
 0.521
 0.510
 0.556
 0.532
 0.535
 0.472
 0.483
 0.544
 0.549
 0.556
 0.513
 0.507
 0.427
 0.549
 0.492
 0.524
 0.475
 0.527
 0.546
 0.529
 0.528
 0.523
 0.513
 0.603
 0.533
 0.533
 0.527
 0.529
 0.500
 0.519
 0.470
 0.498
 0.568
 0.491
 0.474
 0.594
 0.514
 0.492
 0.516
 0.479
 0.483
 0.550
 0.539
 0.503
 0.519
 0.458
 0.510
 0.527
 0.483
 0.557
 0.505
 0.555
 0.518
 0.539
 0.574
 0.514
 0.517
 0.505
 0.566
 0.476
 0.485
 0.500
 0.473
 0.591
 0.491
 0.491
 0.586
 0.514
 0.564
 0.582
 0.572
 0.497
 0.571
 0.546
 0.537
 0.498
 0.562
 0.535
 0.542
 0.527
 0.587
 0.490
 0.528
 0.550
 0.467
 0.514
 0.502
 0.490
 0.516
 0.495
 0.534
 0.577
 0.530
 0.503
 0.532
 0.563
 0.541
 0.532
 0.520
 0.485
 0.482
 0.504
 0.495
 0.576
 0.512
 0.523
 0.504
 0.516
 0.538
 0.523
 0.551
 0.492
 0.447
 0.536
 0.471
 0.480
 0.533
 0.535
 0.540
 0.531
 0.522
 0.549
 0.487
 0.489
 0.523
 0.578
 0.496
 0.513
 0.522
 0.467
 0.502
 0.527
 0.516
 0.532
 0.533
 0.565
 0.592
 0.485
 0.516
 0.558
 0.494
 0.542
 0.543
 0.521
 0.533
 0.562
 0.443
 0.476
 0.500
 0.516
 0.513
 0.517
 0.517
 0.481
 0.527
 0.579
 0.520
 0.549
 0.526
 0.520
 0.525
 0.582
 0.509
 0.530
 0.526
 0.504
 0.504
 0.545
 0.520
 0.536
 0.537
 0.536
 0.559
 0.608
 0.486
 0.505
 0.527
 0.559
 0.532
 0.517
 0.515
 0.486
 0.498
 0.529
 0.502
 0.446
 0.534
 0.549
 0.502
 0.525
 0.534
 0.576
 0.533

