4 39
1 42
3 37
4 33
4 37
0 29
2 45
4 32
1 42
1 41
3 52
1 38
0 45
0 34
3 36
2 42
4 46
0 34
1 43
1 35
2 46
3 48
0 53
2 43
3 43
2 33
2 38
3 46
4 47
4 50
3 37
0 51
4 46
0 41
1 33
2 35
4 39
3 43
2 35
1 48
4 44
4 51
3 37
3 41
4 45
3 42
0 41
2 44
1 32
3 34
0 53
4 38
4 39
4 42
3 36
4 30
4 45
2 49
4 46
0 51
3 33
0 49
2 41
4 39
3 47
4 42
4 42
4 43
4 36
1 36
3 49
0 32
4 40
3 40
1 42
4 40
2 45
0 44
4 41
0 34
3 44
3 38
1 44
0 42
1 45
2 36
4 43
2 49
4 47
1 44
3 38
2 43
0 54
4 39
0 37
4 41
0 41
3 38
1 35
4 46
0 37
4 36
1 47
3 45
2 48
2 42
1 45
4 46
4 43
3 42
1 42
0 35
4 42
1 47
3 28
4 35
3 53
3 46
3 33
3 45
2 50
4 35
3 49
3 35
2 44
2 41
0 38
1 50
0 37
0 32
0 40
3 38
0 43
2 43
2 42
0 40
3 47
1 61
4 29
3 33
0 39
1 50
1 45
3 37
3 47
2 43
4 30
0 40
4 34
1 34
0 48
0 38
3 33
1 56
0 44
1 48
1 27
2 41
0 45
0 45
4 43
1 34
2 47
3 49
0 41
0 46
4 36
0 43
0 37
2 33
3 39
0 48
0 49
0 48
1 36
2 41
3 52
2 41
1 50
2 43
1 39
3 43
1 36
3 37
3 48
3 39
3 39
1 45
2 40
0 45
2 47
4 42
2 50
3 45
3 37
3 50
2 41
4 39
1 39
4 41
