0.42347700263942284 1
0.42474881342484877 1
0.42662468030966444 1
0.4397866090746701 1
0.44294375739011843 1
0.443744088832549 1
0.444583593089008 1
0.4466904167255399 1
0.44875075328917874 1
0.44879879689307417 1
0.4501280972091234 1
0.45030090341167905 1
0.4509717523857691 1
0.45101682495953027 1
0.451208807298363 1
0.45192787474774626 1
0.4579254060950856 1
0.45860188286684567 1
0.4599515167708482 1
0.4600806591525307 1
0.46202914534822853 1
0.46453320843545526 1
0.4646837777925921 1
0.4650531678903782 1
0.4654227695148407 1
0.46578643748745635 1
0.4671355572906161 1
0.4674889550178944 1
0.4679277575810318 1
0.4680503044335817 1
0.4680636085811265 1
0.46814070835993626 1
0.46891913017959674 1
0.47007552380283846 1
0.4701079659985981 1
0.47038590891372595 1
0.4704762687167419 1
0.47060595425208374 1
0.47082875532973745 1
0.4713810402732183 1
0.4716382054982302 1
0.47192579269913876 1
0.472109143118153 1
0.47221590296883553 1
0.47241877231053775 1
0.47281618635399036 1
0.4731122288837678 1
0.4731409581664614 1
0.47404983929018174 1
0.47469894130864904 1
0.47495516687710226 1
0.47509095237112675 1
0.4757341465913249 1
0.4761680189714646 1
0.4762937633282291 1
0.4763621604272948 1
0.47640433196116094 1
0.47711818910859755 1
0.47713158306220455 1
0.47772575859505845 1
0.4777811034987425 1
0.4783805542633121 1
0.47951568101610925 1
0.47956510536266533 1
0.48003444850618343 1
0.48006980303596264 1
0.4801796098403529 1
0.4811850497141384 1
0.48123822080945666 1
0.4813785122710306 1
0.481406683909636 1
0.4815924693064564 1
0.48190571196525617 1
0.4820898156822524 1
0.4831240064251601 1
0.4836972442231701 1
0.48380160777062386 1
0.48383437282375935 1
0.4838747410078262 1
0.4839644752440308 1
0.48403132255792203 1
0.48416754154297936 1
0.48449894983636965 1
0.484737083566058 1
0.484995849329445 1
0.4851538046695347 1
0.48533782950222465 1
0.48599963752752307 1
0.48617877327136305 1
0.48634003412086485 1
0.4864436508150497 1
0.48750728994401754 1
0.48777054295654537 1
0.48828086064947007 1
0.48887777772540447 1
0.4888958100218985 1
0.48964183565537367 1
0.4897930706345032 1
0.49013574275953375 1
0.49021312943986933 1
0.4904306840370467 1
0.4907721729130315 1
0.4914696645947786 1
0.49187583132438034 1
0.49228653858410076 1
0.49229957243527195 1
0.4926934432268226 1
0.49299733297054327 1
0.49302932747246814 1
0.4932901128804009 1
0.4933045335962257 1
0.49340015887933214 1
0.49383621097360075 1
0.4941788403705473 1
0.4945396524730782 1
0.49459649117551174 1
0.4946977592813551 1
0.4950448574531303 1
0.4959168237209433 1
0.4960614006291857 1
0.4961365262484437 1
0.4966381430597053 1
0.49698419578914454 1
0.4976706136563863 1
0.49792356103771224 1
0.4981471946084688 1
0.498276226478176 1
0.499389819504397 1
0.49942085993850904 1
0.4999606901040405 1
0.5000036617190012 1
0.5001042111379573 1
0.5001464716727166 1
0.5008514945099615 1
0.5013928052586883 1
0.501584069777632 1
0.501948704497047 1
0.5019541208098935 1
0.5019791557698273 1
0.5028277330143339 1
0.5028283303066438 1
0.5030125662275737 1
0.5031206455213284 1
0.5032738063579677 1
0.5033733414822218 1
0.504179578751603 1
0.5048076372717856 1
0.5055410533062173 1
0.5055520209858647 1
0.5065858042911525 1
0.5071666214937313 1
0.5072101320933066 1
0.5072379479272209 1
0.5072521990735833 1
0.5072864391596764 1
0.5094144876577861 1
0.509945817578906 1
0.5106795054916234 1
0.5112211040155801 1
0.513016685579328 1
0.5133187567685372 1
0.5135652003075556 1
0.5136752004680426 1
0.5138057892048024 1
0.5148938476880996 1
0.5165880021393194 1
0.5173072346040657 1
0.5181499007125245 1
0.5186593518431224 1
0.5187555385142076 1
0.5195968323564335 1
0.520075532448612 1
0.5203542743759689 1
0.5215097084774017 1
0.5219136930137718 1
0.5223284332441799 1
0.5231049223691143 1
0.5246355034167962 1
0.5252276136238073 1
0.5267068799497436 1
0.5286983572402331 1
0.5289175074072213 1
0.5298951814247107 1
0.5302351414656558 1
0.5307584585578649 1
0.5310043568424097 1
0.5312249659759843 1
0.5314162328293401 1
0.5330436414482037 1
0.5336964528772358 1
0.5353445000042377 1
0.5356733546746256 1
0.5362133822450159 1
0.5368967080116499 1
0.538273661727985 1
0.5389945139117396 1
0.5450865625530813 1
0.5454045498451663 1
0.5461370202391657 1
0.5970449403053409 1
