
 19.440
 4.960
 5.580
 5.960
 23.310
 4.970
 4.870
 7.340
 5.460
 9.800
 5.320
 4.860
 5.210
 8.320
 4.520
 5.070
 6.710
 5.040
 186.130
 22.270
 5.420
 5.210
 5.150
 362.320
 10.610
 5.370
 5.190
 5.650
 13.010
 4.820
 10.370
 112.670
 5.580
 4.790
 5.270
 4.860
 5.400
 105.290
 5.730
 4.610
 20.290
 5.230
 6.500
 13.280
 5.260
 14.070
 735.340
 17.060
 10.480
 5.390
 1278.790
 8.600
 6.810
 10.170
 5.460
 5.330
 5.890
 5.580
 150.300
 5.930
 538.610
 19.030
 5.100
 4.940
 6.560
 4.810
 8.710
 5.000
 5.090
 5.210
 25.480
 5.250
 226.880
 4.650
 5.010
 29.260
 11.860
 4.960
 11.020
 6.710
 5.030
 5.070
 8.980
 4.880
 410.300
 11.220
 19.180
 17.650
 113.540
 12.750
 5.070
 4.850
 14.520
 10.630
 5.210
 5.520
 44.640
 4.640
 5.070
 8.890

