0.42707912812950355 1
0.4841835242958513 1
0.5048897813869379 1
0.5098980397561754 1
0.5128101535884083 1
0.6048426974345124 1
0.6097235530690972 1
0.6666573062252178 1
0.6805914646456069 1
0.7110064336865163 1
0.7178735612590839 1
0.7201111309922322 1
0.722024306210718 1
0.7227760018533285 1
0.7246338744083926 1
0.7248067951381658 1
0.7250980736707551 1
0.7263498578232973 1
0.728414123224776 1
0.7296126390756195 1
0.7298293911516734 1
0.7298907913885797 1
0.7308859717456232 1
0.7310018019086724 1
0.7310207232948158 1
0.731653255433137 1
0.7324984820359995 1
0.7326799655682317 1
0.7326905403850782 1
0.7329656421017523 1
0.7330192837278594 1
0.7331565507791795 1
0.7332072943703554 1
0.7332233401894812 1
0.7332985668445545 1
0.7341097425273336 1
0.7343997470941881 1
0.734747090454949 1
0.7352703176792714 1
0.7354246526850089 1
0.7356555482648105 1
0.7365866912775243 1
0.7366650675627706 1
0.7369235723894212 1
0.7370062230311474 1
0.7371167048134057 1
0.7373284707521105 1
0.7379759438925306 1
0.7383177298277203 1
0.7388356244349158 1
0.7388855870415775 1
0.7389162049418205 1
0.7392131807963035 1
0.7398726536783177 1
0.7402850555324378 1
0.7404160421639452 1
0.740430871069352 1
0.7406514683465208 1
0.7407639414369579 1
0.7409485978127398 1
0.741113778080067 1
0.7412009063393796 1
0.7412236995294144 1
0.7415614525992643 1
0.7417542940767414 1
0.7418167254726457 1
0.7420630793435896 1
0.7422313201533296 1
0.7424900344859714 1
0.742524529656936 1
0.7426537579831077 1
0.742843879162072 1
0.742845962042258 1
0.7432025758429746 1
0.7432138719516337 1
0.7433156062134865 1
0.7434086479839123 1
0.7434902875301153 1
0.7435488955704588 1
0.7437678984102609 1
0.7438482911028794 1
0.743876728051625 1
0.7441061255634783 1
0.7441928642991446 1
0.7442821272875075 1
0.7442850305034727 1
0.7443472139328972 1
0.7443612381959351 1
0.7445516861530076 1
0.7445683408331835 1
0.7448168859537297 1
0.7449611529581449 1
0.7450039389250002 1
0.7450054691787534 1
0.7450655458819067 1
0.7452162034972498 1
0.7452362178078009 1
0.7452930884923145 1
0.7453720224682505 1
0.7454065176392157 1
0.7455183935297229 1
0.7456532537948287 1
0.7456699151353114 1
0.7457137382695385 1
0.7457149925121608 1
0.7459090582505232 1
0.7459649892635877 1
0.7460127646536117 1
0.7461952349291802 1
0.7462341034169958 1
0.7464107760418038 1
0.7465402502797742 1
0.7467305438970545 1
0.7468452811356963 1
0.7469005033535037 1
0.7469179062537187 1
0.7469261192691375 1
0.7469311268636722 1
0.7469500365474984 1
0.7470169745280612 1
0.7470170481553932 1
0.7470391731097922 1
0.7471568839792897 1
0.7472191979024204 1
0.7472676643876258 1
0.7473145027706694 1
0.7473357813275195 1
0.7473870092266515 1
0.747394169130139 1
0.7475428047275098 1
0.7475842508843215 1
0.7477660404087481 1
0.7478458856180323 1
0.7478801729217384 1
0.7480399973686416 1
0.7481485684066042 1
0.7481900758015719 1
0.7482887704333909 1
0.7484299493531507 1
0.7484690164145676 1
0.7484762849265888 1
0.7485125890624873 1
0.7485716254725895 1
0.7485959268801008 1
0.7486569484404825 1
0.7487913890926896 1
0.748819229731746 1
0.748952619190019 1
0.7492761479671165 1
0.7493803505195031 1
0.7494807045738753 1
0.7495943475202868 1
0.7496789390056405 1
0.7497149505659811 1
0.7497878047859671 1
0.7498680401933362 1
0.7498947912598478 1
0.7500197769478427 1
0.750067803625747 1
0.7502123910553246 1
0.7502167832722716 1
0.750351534821464 1
0.7504391644151801 1
0.7506424893942628 1
0.7506517498880918 1
0.7506570691083426 1
0.7506930026206917 1
0.7507149958502453 1
0.7507554982002094 1
0.7508537645357863 1
0.750877313579497 1
0.7508888059369775 1
0.7509548837274121 1
0.7510087449230964 1
0.7510534466343859 1
0.7510581705176024 1
0.7510909414319328 1
0.7511083844121441 1
0.7511096312657287 1
0.7511503459400015 1
0.7512289893942508 1
0.7512317132353498 1
0.751260797741197 1
0.7514014549512544 1
0.7515458745170238 1
0.7516203841637241 1
0.7517070979540459 1
0.7518254147803337 1
0.7518358379447778 1
0.7518542183931802 1
0.7519916127671015 1
0.7520391764478765 1
0.7521280101001169 1
0.752177613355171 1
0.7522968752643358 1
0.752413988312552 1
0.7524781724709527 1
0.7524797639628621 1
0.7525643647736661 1
0.7526296181251029 1
0.7526970801188573 1
0.7527168959631858 1
0.7527903800401974 1
0.7527946774056093 1
0.7528539246284285 1
0.7529611296257147 1
0.7529922440629498 1
0.7530402387051098 1
0.7530516062007786 1
0.7530547790672495 1
0.7530728880434486 1
0.7530856220322814 1
0.7532210444087358 1
0.7533528474584464 1
0.75348036105616 1
0.7534883404938543 1
0.7534957106313891 1
0.7536218835638633 1
0.7537066522384754 1
0.7537530055220689 1
0.7538750562345976 1
0.7540001940227364 1
0.7540933064521159 1
0.7542961295841691 1
0.7543561651070236 1
0.7543620206106992 1
0.7544436377371407 1
0.7544500819175436 1
0.7544588183981807 1
0.7546143953756332 1
0.7546661165561938 1
0.7546739030308868 1
0.7547901180356944 1
0.7548363105759551 1
0.7549134148231559 1
0.7549663065236281 1
0.7551159264030092 1
0.7551881680470954 1
0.7552182761862188 1
0.7552714622413612 1
0.7553568573797992 1
0.7554879071674602 1
0.7555561249730184 1
0.7556743724669773 1
0.7557819827515735 1
0.755799771148761 1
0.7559278401975168 1
0.7559808928987622 1
0.7560160949285725 1
0.7560183259906513 1
0.7560314685526138 1
0.7560593500503177 1
0.7561360339146915 1
0.7561836053019454 1
0.7562711111916107 1
0.7563238602775298 1
0.7563478842400444 1
0.7563522508965874 1
0.7563944053874458 1
0.7563983260787889 1
0.7563996465597055 1
0.7564717124796557 1
0.7564787968193989 1
0.7565296767099282 1
0.7565954884992006 1
0.7566391115381543 1
0.7566774971937508 1
0.7567267268797981 1
0.7567546031552701 1
0.7567669544717397 1
0.7568334463063446 1
0.756994516131631 1
0.7569993738299543 1
0.7570072895452458 1
0.7570830408232981 1
0.7571021008558231 1
0.757104672914219 1
0.7571933733300223 1
0.7573271644020917 1
0.7573570082543709 1
0.7574235332411449 1
0.7574759704210335 1
0.7574774087624172 1
0.757528472973802 1
0.7576118358906091 1
0.7576239043446644 1
0.7577494105530945 1
0.757796543847366 1
0.7578405972728233 1
0.7579358765806683 1
0.7579821636259677 1
0.7580067222536102 1
0.7580395719439883 1
0.7580511033858884 1
0.7582063363141868 1
0.7582901913025744 1
0.758361794565758 1
0.7583630756218922 1
0.7584102039160253 1
0.7584296786566574 1
0.7584327300545162 1
0.758478604106027 1
0.7584787215788005 1
0.7585010148682972 1
0.758547543865947 1
0.7586757279032291 1
0.7586885038010911 1
0.7587055306164079 1
0.7588388412986332 1
0.7590074102131061 1
0.7590188270068421 1
0.7590593181575711 1
0.7590600990685687 1
0.759209274235858 1
0.7592179326685041 1
0.759261297556544 1
0.7592873696281041 1
0.7593248027199927 1
0.7593776090482289 1
0.7594267053068635 1
0.7594298296039979 1
0.7594809861154459 1
0.7595665965101815 1
0.7596223937081393 1
0.7596418823131494 1
0.7596805166988629 1
0.759684617815454 1
0.7597200720957197 1
0.7597755029636477 1
0.759808064499127 1
0.7599447731539479 1
0.7599800170927871 1
0.7600205980593325 1
0.7600625591259793 1
0.760087275038871 1
0.7601696951786306 1
0.7601847247535178 1
0.7602664568271499 1
0.7602964831712518 1
0.7603520088970064 1
0.7604832089032039 1
0.7605868372583008 1
0.7606694014038932 1
0.7607216522810877 1
0.7607515637101795 1
0.7607762372528316 1
0.7608202681368593 1
0.7609126365222594 1
0.7609288814944658 1
0.7609734554403588 1
0.7609927577426748 1
0.7610244368490222 1
0.761115188182109 1
0.7611693909427005 1
0.7612461167161032 1
0.76134138215957 1
0.7614936087247179 1
0.7615059703756829 1
0.7616227799159517 1
0.7616241365358306 1
0.7616417146989712 1
0.7616419081231828 1
0.761660288571585 1
0.7618394565017774 1
0.761905248494421 1
0.7619279282446472 1
0.7619410708066097 1
0.7619758104141723 1
0.7619842422704375 1
0.7620627523707906 1
0.7621542383270592 1
0.7621781235696757 1
0.7621926713208534 1
0.7622090906677882 1
0.7623772478196109 1
0.7625014043447128 1
0.762517903979287 1
0.7625313113531456 1
0.7625823197974146 1
0.7625850945008383 1
0.7625898520387702 1
0.7626089452234635 1
0.7626121531785153 1
0.7626382252500753 1
0.7626625552047837 1
0.7627151751156117 1
0.7627400497889546 1
0.7628154949674335 1
0.7628307430245286 1
0.7628710563709403 1
0.7629846978421498 1
0.7629926069383317 1
0.763005788123504 1
0.7631094164786009 1
0.7631263980104012 1
0.7631527813666404 1
0.7631672488301787 1
0.7631982501308414 1
0.7632102258236232 1
0.7632263434916432 1
0.7632858260477033 1
0.7632984488363758 1
0.7633517465528884 1
0.7633674188030074 1
0.7634041104086812 1
0.7634842283432764 1
0.7635176777913482 1
0.7635692165874657 1
0.7636785320800225 1
0.763811539575951 1
0.7638555357962179 1
0.7638792321790513 1
0.7639324549938329 1
0.7639425119553865 1
0.763958265767544 1
0.7639888888165025 1
0.7640297897934694 1
0.7641241601389848 1
0.7641633690024406 1
0.7641873519212018 1
0.7642289910410147 1
0.7642946098672855 1
0.7644014018707828 1
0.7644163165306601 1
0.7644279628875702 1
0.7644400892052944 1
0.7644719152623958 1
0.7645050721349094 1
0.7645051082738713 1
0.7645297037685321 1
0.7645430024264778 1
0.7645507546986202 1
0.7645760437626297 1
0.7646268451439572 1
0.7648763926443642 1
0.7649485354774663 1
0.764965343769378 1
0.7649656873573218 1
0.7649755936939332 1
0.7650159632686708 1
0.765019968165904 1
0.7650247478162364 1
0.765059671744654 1
0.7650637728612449 1
0.7651270975994463 1
0.7651539871821765 1
0.7651958381650878 1
0.7653548054820348 1
0.76536757889565 1
0.7653910104665873 1
0.7655538494443309 1
0.765617623595736 1
0.7656587588555623 1
0.765685393499682 1
0.7658018984155791 1
0.7658098166151178 1
0.7658228855497478 1
0.765843069814368 1
0.7658804387226437 1
0.7658875592013488 1
0.7658919952637371 1
0.7659529132157238 1
0.7659661338256776 1
0.7659856479910918 1
0.7660032791030301 1
0.7660302545104838 1
0.7660393740038468 1
0.7661008073268788 1
0.7661122233925585 1
0.7661174620070544 1
0.7661336894413693 1
0.7661679978484299 1
0.7661699333894932 1
0.7661798728782734 1
0.7662409724866468 1
0.7662421754947899 1
0.7662870778755595 1
0.7663506615482106 1
0.7663892585638229 1
0.7664348939387231 1
0.7664628096389773 1
0.7664655494117941 1
0.7665141131018541 1
0.7665229158207854 1
0.7665379939238112 1
0.7666021055052608 1
0.7666254728925851 1
0.7667663409153594 1
0.7668149436898386 1
0.7668223499764154 1
0.76687482696878 1
0.7668899050718058 1
0.7668947208611 1
0.7668964885383555 1
0.7669226023588038 1
0.7669251189113132 1
0.7669264393922297 1
0.7671162858131712 1
0.7671953974496551 1
0.7672448230441614 1
0.767293826541522 1
0.7673049366150075 1
0.7673160878687914 1
0.7673188298812562 1
0.7673218418543325 1
0.7673232009584584 1
0.7673498356025781 1
0.7674123695564965 1
0.7674355358131298 1
0.7674493628410843 1
0.7675276025196156 1
0.7675914955776598 1
0.7675984599603823 1
0.7676868648551701 1
0.7676886436133925 1
0.7677079224455658 1
0.7677084594577209 1
0.7677327047041309 1
0.7677533172649933 1
0.7677549332669252 1
0.7677907536427019 1
0.7678004020311262 1
0.7678480993731586 1
0.7678893694984733 1
0.7679069225624201 1
0.7679427834978182 1
0.7679550671007918 1
0.7679718753927033 1
0.7680774569990194 1
0.7680995228055238 1
0.7681006565225359 1
0.7682096795881117 1
0.7682143804623962 1
0.7682329932985817 1
0.7683016221615171 1
0.768393719074714 1
0.7685879531799664 1
0.7685958939944514 1
0.7686465225971006 1
0.7686653641062199 1
0.768676011929047 1
0.7687139459676458 1
0.7687858184633845 1
0.768826285242976 1
0.7688610937951736 1
0.7689025918646909 1
0.7689674666469826 1
0.7690130109749279 1
0.7690415632998939 1
0.769043213504376 1
0.7690887261140182 1
0.7691582188407334 1
0.769199281523609 1
0.7693060735271062 1
0.7693695006425638 1
0.7694269532672356 1
0.7695118163321724 1
0.7695307679250273 1
0.7695685119139013 1
0.7696126601971855 1
0.7696227171587394 1
0.7697200519583761 1
0.7697328253719913 1
0.7697332725683301 1
0.7697737330092655 1
0.7698334811052774 1
0.7699224924180662 1
0.7699962118283185 1
0.7700565533433671 1
0.7700856028680128 1
0.770104462548498 1
0.7701175074343161 1
0.7703266425607158 1
0.770350894467433 1
0.7703576096588282 1
0.7703755680100852 1
0.7704542736312031 1
0.7705234621212402 1
0.7705689670244033 1
0.7705762294859047 1
0.7707009961892837 1
0.7707112465750494 1
0.7707112465750496 1
0.7707125276311839 1
0.7707734455831704 1
0.7709402350525627 1
0.7711151680447658 1
0.7711404755476612 1
0.7711411620683344 1
0.7711482825470399 1
0.7712453156677622 1
0.7712749531404036 1
0.7713154160655862 1
0.7713193025543786 1
0.7713384817739956 1
0.771349766842886 1
0.7713612197755844 1
0.7713848775352083 1
0.7714589766723665 1
0.7715017009398554 1
0.7715181151792726 1
0.7715814642467387 1
0.7716177867040644 1
0.7716593477758862 1
0.7716672122985706 1
0.7716918077932314 1
0.7717197990572296 1
0.7717301996067272 1
0.7717878615367337 1
0.7719174444906177 1
0.7719352186357333 1
0.7719585465982753 1
0.7719990003789033 1
0.7719994133726921 1
0.7721623717224948 1
0.7721831245738041 1
0.772204754886287 1
0.7722163810588742 1
0.7722456927302725 1
0.7722785800669953 1
0.7723462773939904 1
0.7724260126562227 1
0.7724299333475656 1
0.7725418851895108 1
0.7725468964995704 1
0.7725776282644421 1
0.7725943223693998 1
0.7726763652665006 1
0.7726944016657485 1
0.7727113672429097 1
0.7727242744716314 1
0.772798071929875 1
0.7728047452122414 1
0.7728047452122415 1
0.772882186119558 1
0.7729844180423006 1
0.7730612340927301 1
0.773108629294638 1
0.7731158584892563 1
0.7731338948885044 1
0.7731692980490054 1
0.7732780838449281 1
0.7732812917999798 1
0.7732844992938213 1
0.773289732759602 1
0.7733271797158688 1
0.7733526464404261 1
0.7734325021208893 1
0.7734344208521174 1
0.7734527651615573 1
0.7734573690877533 1
0.7734751340147984 1
0.7735704730855975 1
0.7735851758823762 1
0.7736038590600747 1
0.7736477801778072 1
0.7737036075824762 1
0.7739010611032442 1
0.773954844250937 1
0.7739612158543886 1
0.7741027383620921 1
0.7741734385176093 1
0.7741736738508503 1
0.7742410972213954 1
0.7742804316517976 1
0.7743009595043611 1
0.7743213326287643 1
0.7743890693805418 1
0.7744141231113101 1
0.7744226661677355 1
0.7744576957592298 1
0.7744695707890733 1
0.7745353464393834 1
0.774611307096287 1
0.774613646305689 1
0.7746159090860708 1
0.7746172295669875 1
0.7746506395902767 1
0.7747372466010978 1
0.7747374038863474 1
0.7747749544510094 1
0.7748045944078984 1
0.7748489755401765 1
0.7748587971684894 1
0.7748921831429664 1
0.7750842102349526 1
0.775089079701101 1
0.7751272642260071 1
0.7751418951326938 1
0.7751494948434822 1
0.7752929048253207 1
0.7754703969843354 1
0.7754836175942892 1
0.7754979324964728 1
0.7755740672484616 1
0.7755772308968615 1
0.7756116178131239 1
0.7756476293734643 1
0.7756823179686411 1
0.7757759312712138 1
0.7758285960778644 1
0.775882723274711 1
0.775943719274689 1
0.7759848377246799 1
0.7759864296777995 1
0.7760259398323376 1
0.7760437643684875 1
0.7760691112961657 1
0.7760714085965386 1
0.7761427887973887 1
0.776145988584751 1
0.7761757858268894 1
0.7761927279339078 1
0.7762121082842148 1
0.7762154244939694 1
0.7762674053370361 1
0.776268820208277 1
0.7762855923612263 1
0.7763024006531378 1
0.7764086607931953 1
0.7765044219611394 1
0.7765223803123965 1
0.7765278505866198 1
0.7765524092142617 1
0.7765965188743367 1
0.7766026157197656 1
0.776619159199781 1
0.7767389788502308 1
0.7767636523928831 1
0.7767841460428966 1
0.7768721384463033 1
0.7769928406332646 1
0.7770117783617414 1
0.7770599229001129 1
0.7770615450599441 1
0.7771353425181878 1
0.7772456692548448 1
0.7773195754290014 1
0.7773298253535569 1
0.7773800318590607 1
0.7774456506853314 1
0.7774575121911594 1
0.7775268316779856 1
0.7775417463378631 1
0.7775524065498663 2
0.7775741879163217 1
0.7776109877766979 1
0.7777987658918505 1
0.7778865293006735 1
0.7779994214354191 1
0.7780173240195606 1
0.7780280518083766 1
0.7780902508164975 1
0.7781348876573152 1
0.7782947906134204 1
0.7783155858349692 1
0.7783239531672588 1
0.7783334103711192 1
0.7785523737861392 1
0.7786552870073226 1
0.7787433218883486 1
0.7788275880707961 1
0.7789644647432742 1
0.7790824080005551 1
0.7791039959427987 1
0.7792984536789743 1
0.7793077174586227 1
0.7793985724001052 1
0.7794784280805684 1
0.7795738017787377 1
0.7795841002314319 1
0.7796303092287401 1
0.779717207339917 1
0.7797256527201983 1
0.7797845355185646 1
0.7798191879747793 1
0.7798223516231793 1
0.7798332675437223 1
0.7798516479921244 1
0.7798598770886482 1
0.7798981423260138 1
0.7798993453341572 1
0.7799895212806878 1
0.7801183867971685 1
0.7801558035467241 1
0.7801938064152432 1
0.7803403019974903 1
0.7804923410706777 1
0.7805576932560195 1
0.7806197244003328 1
0.7806900601313974 1
0.7807424583477143 1
0.7807970827442406 1
0.7807974518925882 1
0.7808106725025419 1
0.7808560993577138 1
0.7808839808554177 1
0.7808840589034091 1
0.78092153142008 1
0.7809821384750815 1
0.7810039934688687 1
0.7810139329576491 1
0.7810250980758109 1
0.7811304546833817 1
0.7812445448261321 1
0.7813142654970503 1
0.7813597041619192 1
0.7813672426345516 1
0.7813737480531099 1
0.7813852790338 1
0.781398421595762 1
0.7815503807919255 1
0.7815660579239139 1
0.781631252716627 1
0.7816974085550532 1
0.7817207222655231 1
0.781728587516264 1
0.781764831925598 1
0.7817649099735897 1
0.7818322939193524 1
0.781894862075821 1
0.7820519044302634 1
0.7820642660812281 1
0.7820642660812283 1
0.7820950758940913 1
0.7822860239963005 1
0.7822971333410552 1
0.7823907466436276 1
0.7824451780771524 1
0.7825475639993245 1
0.7826396609125216 1
0.7826520151744485 1
0.7826934189610206 1
0.7827100593891245 1
0.7827362074121228 1
0.7827415634993922 1
0.7827793788759506 1
0.7828063891437579 1
0.7828103459740636 1
0.782823524674988 1
0.7828478965387258 1
0.7829280538981034 1
0.7829556318878598 1
0.7830122099968154 1
0.7830496825134864 1
0.7831290589618665 1
0.7831700435967508 1
0.7832634215660822 1
0.7832757413080182 1
0.7833078026983604 1
0.7833179377079058 1
0.7833873129618475 1
0.783396814011149 1
0.7834065360269055 1
0.7835389704790958 1
0.7835567950152459 1
0.7836875116861418 1
0.7836876984500463 1
0.783691197044244 1
0.7837106717848757 1
0.7838403722115332 1
0.7839620369658786 1
0.7840360580550455 1
0.784129849018166 1
0.7841577647184199 1
0.7842172472744801 1
0.7842430906731065 1
0.7844866244835935 1
0.7846226041401227 1
0.7846872854982027 1
0.7848419896522881 1
0.7849749533399022 1
0.7850337625109363 1
0.7851357387251394 1
0.7852766847959048 1
0.7854266140606799 1
0.7854433785071504 1
0.7854481581574823 1
0.7854825450737447 1
0.7856950392091684 1
0.785734926498986 1
0.7857547448275618 1
0.7858014259253556 1
0.7858127109942462 1
0.785812763943044 1
0.7858883240365327 1
0.7859689285922496 1
0.7860275837638543 1
0.7861085685076873 1
0.7861383325976569 1
0.7861396136537913 1
0.7861827070696276 1
0.7861877581921626 1
0.7863006503269087 1
0.786309017659198 1
0.7863160600899124 1
0.7864072114178242 1
0.7864507269308061 1
0.7864880907315639 1
0.7865458056103684 1
0.7867261597388684 1
0.786756032544751 1
0.7869088930701423 1
0.7869160135488478 1
0.78692079319918 1
0.7869270867546401 1
0.7869817111511666 1
0.7870073221620093 1
0.7870554667003811 1
0.7871165965154655 1
0.7871188938158385 1
0.7874103846727365 1
0.7875316441397721 1
0.7875372120901396 1
0.787538493146274 1
0.7880380630721827 1
0.7880611210741132 1
0.7881434196797537 1
0.7881629338451677 1
0.7881828277374879 1
0.7881956011511027 1
0.788231831234849 1
0.788469939666935 1
0.7884883201153372 1
0.7885540177176559 1
0.7886034433121618 1
0.7886514305652841 1
0.788719948228059 1
0.7887288714726007 1
0.7888976757203144 1
0.7888976757203146 1
0.7889013610784166 1
0.7889468298426174 1
0.7891030132380706 1
0.7893918534199915 1
0.7893941162003731 1
0.7894288467045791 1
0.7895817072299708 1
0.7895994537181293 1
0.7896370042827918 1
0.7896483423004803 1
0.7897798078466296 1
0.7902092696682353 1
0.7902136801702198 1
0.790304263639499 1
0.7903109788308943 1
0.7903723801181822 1
0.7906276224625275 1
0.7909458562182476 2
0.7909468724624863 1
0.790963065694251 1
0.7909948597156087 1
0.791533605311468 1
0.7917030093168751 1
0.7917963872862066 1
0.7918903716735389 1
0.7920527674507823 1
0.7920974691620719 1
0.792102114997297 1
0.7922126704068877 1
0.7923785228692997 1
0.7924279484638057 1
0.7924494583580577 1
0.7927681713458611 1
0.7928483287052388 1
0.7931293824124666 1
0.7933858712929553 1
0.7934843003848222 1
0.7934926632964527 1
0.7937641817518286 1
0.7940154713690869 1
0.7943651514550027 1
0.7944445279033829 1
0.79478810785805 1
0.7949225879350394 1
0.7951909769445655 1
0.7953265094047555 1
0.7954190284150982 1
0.7956341179296739 1
0.7957113420920229 1
0.7959481300431928 1
0.7960092598582775 1
0.7960764319409422 1
0.7961894021236795 1
0.7963604563335684 1
0.7967421191411586 1
0.7978219401214823 1
0.7981584776454356 1
0.8004250656461367 1
0.8005533675438862 1
0.8007174154620238 1
0.8011710674909804 1
0.8021883203148356 1
0.8029236181022346 1
0.803197551330757 1
0.8039125860774883 1
0.8048982378429872 1
0.8062971173354702 1
