
 0.427
 0.484
 0.505
 0.510
 0.513
 0.605
 0.610
 0.667
 0.681
 0.722
 0.752
 0.725
 0.755
 0.744
 0.751
 0.754
 0.735
 0.746
 0.733
 0.747
 0.743
 0.737
 0.777
 0.770
 0.731
 0.779
 0.762
 0.755
 0.774
 0.753
 0.757
 0.761
 0.744
 0.760
 0.753
 0.790
 0.751
 0.764
 0.761
 0.751
 0.753
 0.775
 0.758
 0.776
 0.766
 0.789
 0.758
 0.738
 0.764
 0.778
 0.773
 0.787
 0.748
 0.750
 0.782
 0.773
 0.764
 0.772
 0.768
 0.753
 0.731
 0.786
 0.748
 0.787
 0.761
 0.771
 0.763
 0.766
 0.761
 0.768
 0.765
 0.748
 0.766
 0.783
 0.745
 0.740
 0.757
 0.788
 0.795
 0.777
 0.783
 0.733
 0.793
 0.775
 0.778
 0.772
 0.769
 0.781
 0.776
 0.725
 0.756
 0.769
 0.744
 0.764
 0.769
 0.754
 0.802
 0.754
 0.771
 0.785
 0.768
 0.765
 0.767
 0.765
 0.776
 0.767
 0.747
 0.759
 0.751
 0.780
 0.765
 0.781
 0.782
 0.766
 0.775
 0.739
 0.736
 0.766
 0.776
 0.786
 0.791
 0.760
 0.754
 0.767
 0.782
 0.751
 0.746
 0.771
 0.759
 0.761
 0.785
 0.776
 0.766
 0.755
 0.766
 0.759
 0.764
 0.776
 0.751
 0.765
 0.780
 0.806
 0.756
 0.771
 0.773
 0.760
 0.790
 0.763
 0.756
 0.756
 0.766
 0.775
 0.773
 0.769
 0.774
 0.757
 0.780
 0.763
 0.769
 0.759
 0.745
 0.774
 0.741
 0.745
 0.761
 0.775
 0.746
 0.767
 0.751
 0.758
 0.788
 0.774
 0.759
 0.772
 0.758
 0.776
 0.756
 0.779
 0.796
 0.763
 0.776
 0.773
 0.772
 0.764
 0.746
 0.780
 0.733
 0.773
 0.760
 0.739
 0.773
 0.747
 0.781
 0.746
 0.765
 0.780
 0.764
 0.771
 0.747
 0.774
 0.753
 0.775
 0.764
 0.773
 0.748
 0.743
 0.779
 0.773
 0.794
 0.751
 0.749
 0.755
 0.730
 0.772
 0.751
 0.786
 0.775
 0.784
 0.757
 0.765
 0.757
 0.780
 0.781
 0.744
 0.786
 0.768
 0.787
 0.751
 0.789
 0.783
 0.763
 0.798
 0.772
 0.784
 0.763
 0.756
 0.754
 0.761
 0.753
 0.756
 0.757
 0.787
 0.749
 0.765
 0.742
 0.767
 0.784
 0.748
 0.768
 0.754
 0.796
 0.767
 0.758
 0.787
 0.743
 0.759
 0.768
 0.720
 0.777
 0.784
 0.782
 0.768
 0.755
 0.775
 0.753
 0.786
 0.773
 0.781
 0.782
 0.780
 0.731
 0.775
 0.788
 0.751
 0.748
 0.795
 0.773
 0.741
 0.786
 0.746
 0.801
 0.751
 0.777
 0.776
 0.789
 0.772
 0.781
 0.777
 0.770
 0.755
 0.781
 0.759
 0.771
 0.752
 0.774
 0.779
 0.763
 0.783
 0.771
 0.783
 0.764
 0.764
 0.753
 0.770
 0.769
 0.782
 0.787
 0.786
 0.735
 0.787
 0.770
 0.775
 0.795
 0.764
 0.765
 0.776
 0.770
 0.743
 0.774
 0.763
 0.753
 0.762
 0.766
 0.796
 0.759
 0.768
 0.768
 0.768
 0.752
 0.747
 0.766
 0.785
 0.764
 0.778
 0.784
 0.745
 0.742
 0.786
 0.781
 0.763
 0.759
 0.787
 0.774
 0.764
 0.782
 0.777
 0.790
 0.742
 0.740
 0.763
 0.783
 0.788
 0.766
 0.770
 0.780
 0.756
 0.785
 0.786
 0.772
 0.800
 0.782
 0.793
 0.782
 0.752
 0.766
 0.796
 0.777
 0.781
 0.782
 0.780
 0.753
 0.791
 0.771
 0.742
 0.786
 0.767
 0.767
 0.744
 0.743
 0.762
 0.788
 0.741
 0.778
 0.755
 0.778
 0.765
 0.765
 0.767
 0.780
 0.776
 0.759
 0.725
 0.767
 0.792
 0.751
 0.766
 0.788
 0.772
 0.771
 0.767
 0.769
 0.762
 0.747
 0.746
 0.762
 0.772
 0.760
 0.761
 0.752
 0.769
 0.775
 0.766
 0.774
 0.743
 0.747
 0.767
 0.762
 0.758
 0.773
 0.783
 0.783
 0.774
 0.745
 0.754
 0.763
 0.760
 0.783
 0.775
 0.746
 0.766
 0.791
 0.770
 0.749
 0.757
 0.763
 0.768
 0.767
 0.764
 0.769
 0.739
 0.747
 0.770
 0.792
 0.766
 0.759
 0.773
 0.765
 0.763
 0.770
 0.778
 0.784
 0.762
 0.750
 0.757
 0.767
 0.780
 0.759
 0.766
 0.760
 0.770
 0.776
 0.768
 0.780
 0.767
 0.778
 0.740
 0.778
 0.756
 0.747
 0.772
 0.788
 0.771
 0.759
 0.774
 0.762
 0.775
 0.768
 0.763
 0.745
 0.761
 0.728
 0.797
 0.760
 0.777
 0.769
 0.776
 0.763
 0.783
 0.763
 0.764
 0.777
 0.782
 0.772
 0.794
 0.757
 0.788
 0.785
 0.773
 0.776
 0.730
 0.779
 0.779
 0.751
 0.777
 0.772
 0.776
 0.756
 0.774
 0.783
 0.783
 0.758
 0.774
 0.760
 0.747
 0.750
 0.782
 0.758
 0.774
 0.730
 0.758
 0.786
 0.781
 0.753
 0.782
 0.789
 0.753
 0.752
 0.770
 0.760
 0.748
 0.763
 0.773
 0.750
 0.767
 0.793
 0.769
 0.773
 0.770
 0.758
 0.767
 0.786
 0.769
 0.756
 0.792
 0.789
 0.788
 0.741
 0.761
 0.775
 0.772
 0.784
 0.774
 0.751
 0.784
 0.752
 0.761
 0.778
 0.805
 0.751
 0.774
 0.764
 0.791
 0.766
 0.769
 0.762
 0.781
 0.745
 0.790
 0.788
 0.773
 0.766
 0.783
 0.737
 0.726
 0.770
 0.787
 0.781
 0.758
 0.783
 0.753
 0.752
 0.733
 0.745
 0.780
 0.779
 0.766
 0.751
 0.765
 0.763
 0.767
 0.753
 0.763
 0.748
 0.767
 0.750
 0.771
 0.786
 0.786
 0.770
 0.793
 0.747
 0.789
 0.770
 0.757
 0.770
 0.765
 0.749
 0.763
 0.768
 0.790
 0.775
 0.741
 0.753
 0.756
 0.769
 0.750
 0.782
 0.762
 0.798
 0.742
 0.760
 0.789
 0.746
 0.763
 0.749
 0.770
 0.763
 0.789
 0.792
 0.768
 0.751
 0.753
 0.774
 0.774
 0.756
 0.781
 0.786
 0.766
 0.787
 0.781
 0.759
 0.804
 0.781
 0.773
 0.778
 0.737
 0.767
 0.745
 0.789
 0.735
 0.764
 0.769
 0.772
 0.776
 0.743
 0.783
 0.767
 0.756
 0.776
 0.772
 0.749
 0.758
 0.777
 0.754
 0.753
 0.756
 0.766
 0.768
 0.766
 0.770
 0.753
 0.773
 0.773
 0.745
 0.747
 0.754
 0.765
 0.775
 0.788
 0.757
 0.783
 0.778
 0.748
 0.790
 0.772
 0.781
 0.791
 0.732
 0.772
 0.759
 0.733
 0.777
 0.762
 0.784
 0.770
 0.792
 0.796
 0.749
 0.754
 0.772
 0.766
 0.761
 0.788
 0.746
 0.737
 0.777
 0.758
 0.792
 0.765
 0.758
 0.763
 0.755
 0.763
 0.752
 0.738
 0.773
 0.750
 0.754
 0.782
 0.765
 0.763
 0.744
 0.781
 0.792
 0.783
 0.766
 0.783
 0.749
 0.760
 0.756
 0.781
 0.786
 0.794
 0.786
 0.752
 0.779
 0.783
 0.748
 0.752
 0.801
 0.786
 0.757
 0.780
 0.785
 0.766
 0.733
 0.781
 0.777
 0.758
 0.755
 0.747
 0.766
 0.760
 0.793
 0.734
 0.785
 0.769
 0.776
 0.771
 0.746
 0.733
 0.776
 0.764
 0.783
 0.767
 0.745
 0.749
 0.785
 0.793
 0.769
 0.770
 0.756
 0.752
 0.803
 0.756
 0.782
 0.755
 0.796
 0.790
 0.775
 0.768
 0.766
 0.757
 0.768
 0.768
 0.747
 0.775
 0.771
 0.744
 0.757
 0.787
 0.737
 0.772
 0.773
 0.748
 0.741
 0.759
 0.784
 0.789
 0.747
 0.752
 0.771
 0.766
 0.775
 0.752
 0.760
 0.757
 0.773
 0.758
 0.747
 0.772
 0.776
 0.784
 0.768
 0.744
 0.739
 0.777
 0.803
 0.758
 0.760
 0.772
 0.763
 0.756
 0.789
 0.750
 0.771
 0.755
 0.764
 0.761
 0.778
 0.796
 0.781
 0.743
 0.743
 0.753
 0.776
 0.711
 0.768
 0.795
 0.747
 0.787
 0.790
 0.744
 0.758
 0.756
 0.771
 0.767
 0.762
 0.762
 0.779
 0.776
 0.783
 0.766
 0.758
 0.790
 0.761
 0.759
 0.771
 0.771
 0.780
 0.784
 0.723
 0.734
 0.757
 0.756
 0.781
 0.757
 0.737
 0.781
 0.750
 0.785
 0.751
 0.776
 0.750
 0.773
 0.750
 0.733
 0.740
 0.770
 0.778
 0.786
 0.760
 0.773
 0.750
 0.747
 0.762
 0.765
 0.768
 0.754
 0.773
 0.765
 0.777
 0.775
 0.801
 0.732
 0.768
 0.764
 0.761
 0.795
 0.776
 0.792
 0.765
 0.767
 0.787
 0.764
 0.775
 0.763
 0.768
 0.767
 0.760
 0.768
 0.772
 0.758
 0.759
 0.771
 0.766
 0.763
 0.775
 0.777
 0.771
 0.776
 0.782
 0.777
 0.778
 0.767
 0.757
 0.779
 0.763
 0.763
 0.781
 0.777
 0.765
 0.792
 0.771
 0.777
 0.745
 0.778
 0.780
 0.773
 0.783
 0.763
 0.765
 0.767
 0.751
 0.783
 0.785
 0.772
 0.759
 0.766
 0.757
 0.762
 0.789
 0.769
 0.791
 0.744
 0.762
 0.792
 0.765
 0.762
 0.749
 0.762
 0.786
 0.751
 0.755
 0.783
 0.784
 0.771
 0.742
 0.782
 0.792
 0.760
 0.779
 0.785
 0.760
 0.755
 0.769
 0.768
 0.778
 0.767
 0.776
 0.718
 0.761
 0.794
 0.780
 0.784
 0.748
 0.778
 0.777
 0.774
 0.773
 0.777
 0.790
 0.757
 0.780
 0.789
 0.783
 0.769
 0.780
 0.774
 0.773

