
 0.483
 0.590
 0.636
 0.636
 0.636
 0.636
 0.636
 0.636
 0.636
 0.636
 0.636
 0.636
 0.636
 0.636
 0.636
 0.636
 0.636
 0.636
 0.636
 0.636
 0.636
 0.636
 0.636
 0.636
 0.636
 0.636
 0.636
 0.636
 0.636
 0.636
 0.636
 0.636
 0.636
 0.636
 0.636
 0.636
 0.636
 0.636
 0.636
 0.636
 0.636
 0.636
 0.636
 0.636
 0.636
 0.636
 0.636
 0.636
 0.636
 0.636
 0.636
 0.636
 0.636
 0.636
 0.636
 0.636
 0.636
 0.636
 0.636
 0.636
 0.636
 0.636
 0.636
 0.636
 0.636
 0.636
 0.636
 0.636
 0.636
 0.636
 0.636
 0.636
 0.636
 0.636
 0.636
 0.636
 0.636
 0.636
 0.636
 0.636
 0.636
 0.636
 0.636
 0.636
 0.636
 0.636
 0.636
 0.636
 0.636
 0.636
 0.636
 0.636
 0.636
 0.636
 0.636
 0.636
 0.636
 0.636
 0.636
 0.636
 0.636
 0.636
 0.636
 0.636
 0.636
 0.636
 0.636
 0.636
 0.636
 0.636
 0.636
 0.636
 0.636
 0.636
 0.636
 0.636
 0.636
 0.636
 0.636
 0.636
 0.636
 0.636
 0.636
 0.636
 0.653
 0.656
 0.665
 0.665
 0.665
 0.665
 0.665
 0.665
 0.665
 0.665
 0.665
 0.665
 0.665
 0.665
 0.665
 0.665
 0.665
 0.665
 0.665
 0.665
 0.665
 0.665
 0.665
 0.665
 0.665
 0.665
 0.665
 0.665
 0.665
 0.665
 0.665
 0.665
 0.665
 0.665
 0.665
 0.665
 0.665
 0.665
 0.665
 0.665
 0.665
 0.665
 0.665
 0.665
 0.665
 0.665
 0.665
 0.665
 0.665
 0.665
 0.665
 0.665
 0.665
 0.665
 0.665
 0.665
 0.665
 0.665
 0.665
 0.665
 0.665
 0.665
 0.665
 0.665
 0.665
 0.665
 0.665
 0.665
 0.665
 0.665
 0.665
 0.665
 0.665
 0.665
 0.665
 0.665

