0.43088938045923664 1
0.43518870191246245 1
0.4430534002901234 1
0.4457575474622745 1
0.44654818151121956 1
0.4493686898379687 1
0.45030192008948633 1
0.45050555383883734 1
0.4522603361710377 1
0.45355013757546536 1
0.45428119540002465 1
0.4544788605547172 1
0.4547639464395041 1
0.4557550888336086 1
0.45638874608326013 1
0.4566482261974283 1
0.4573246648030336 1
0.45959628302542965 1
0.4600643460751484 1
0.4629629154450454 1
0.46326039686235787 1
0.463539942959607 1
0.46354311227476414 1
0.4648110146045413 1
0.4656195727371465 1
0.4659526435961255 1
0.46603629840259303 1
0.467723946541234 1
0.468218509330015 1
0.46830393630288675 1
0.46902471189319006 1
0.4695925979734223 1
0.46972981098048266 1
0.471245170436873 1
0.47144485183128865 1
0.47217525712773223 1
0.47283755524873766 1
0.4748518096975804 1
0.47844837368249366 1
0.47863369410184853 1
0.4786994205774163 1
0.4788098813604866 1
0.47896411819175105 1
0.4791089750606104 1
0.47932198052810343 1
0.47960942032328807 1
0.4798352660283463 1
0.4799108701867924 1
0.4815715860392609 1
0.48159483829361777 1
0.4819729872300124 1
0.48204080073672756 1
0.4823312098328326 1
0.4827086716813225 1
0.48301398151026353 1
0.48381301658929265 1
0.48389230457698823 1
0.4842288201038287 1
0.484414817667586 1
0.48511986194793744 1
0.4857370057983482 1
0.4859332195437516 1
0.48598142697861557 1
0.48633771601754583 1
0.4867237530393654 1
0.48736120899678326 1
0.48773206299280125 1
0.48804694246672087 1
0.48829619883479525 1
0.4887078333321972 1
0.4888381355431587 1
0.48927082641969205 1
0.48953500167382763 1
0.48983997458228856 1
0.49010102551074214 1
0.49013508517131504 1
0.49056840295234694 1
0.49114183587153515 1
0.49175219139169885 1
0.4919229926804708 1
0.4923439972930533 1
0.4934376968938639 1
0.49350735718952526 1
0.49367292494900455 1
0.4936863057806665 1
0.4946147384921295 1
0.4953641927938802 1
0.495978071159699 1
0.49757590716210315 1
0.4977240825320386 1
0.49772589713483184 1
0.4978039235505801 1
0.49804411284884714 1
0.4983259915423803 1
0.4985105932091251 1
0.4990332582468396 1
0.499358186886152 1
0.5005151631642972 1
0.5006059251692062 1
0.5012449606049614 1
0.501963987922674 1
0.5020542803385237 1
0.5025454166184814 1
0.5025476144897866 1
0.5026334546600594 1
0.5027582464111484 1
0.5028682007323103 1
0.5030955406587898 1
0.5034428525114912 1
0.5035610390900914 1
0.5037310508548848 1
0.5041010322779155 1
0.504951195701636 1
0.5050717613004397 1
0.5051967267520557 1
0.5052279779310682 1
0.5054019025390696 1
0.5055571570584018 1
0.5057928672267092 1
0.5065840090323913 1
0.5068415314560373 1
0.5069168754652773 1
0.5070493683286397 1
0.5070954133881722 1
0.5073562804869547 1
0.5076348497625376 1
0.5077088234401047 1
0.5078687446435708 1
0.5083157389652477 1
0.5083812584523761 1
0.5091030411083836 1
0.5091291638832873 1
0.509626065021497 1
0.5096404065266679 1
0.510095392523396 1
0.5122859799099085 1
0.5123313855503262 1
0.5123428646316587 1
0.5124635861646238 1
0.5125285751966573 1
0.5130485188984848 1
0.513149465727182 1
0.513492470447251 1
0.5140617316421648 1
0.514214072144432 1
0.5154793340285054 1
0.5156250402169047 1
0.5159642143531198 1
0.5160271699941843 1
0.5162533837320692 1
0.5164494736949848 1
0.5168564564069184 1
0.5168893100006835 1
0.5176591368406488 1
0.5178309195547391 1
0.518426525272819 1
0.5186251571395526 1
0.5191633420701901 1
0.5201408605622051 1
0.5202491309189406 1
0.5218154368600972 1
0.5219549746283175 1
0.5229574649498918 1
0.5229807153468262 1
0.5237177096954948 1
0.5243093254497433 1
0.5264464987644207 1
0.5266234955842154 1
0.5273199924644651 1
0.5278370197413664 1
0.5289385781300578 1
0.5305157900456675 1
0.5307102810949216 1
0.5315833800424085 1
0.5321894937819168 1
0.5327988733264047 1
0.5337507636833682 1
0.5339474921589688 1
0.5345528863851076 1
0.5348007335998117 1
0.5349487832650521 1
0.535342181138314 1
0.5365948553882735 1
0.5381878526271564 1
0.5384584371992994 1
0.5394933844123867 1
0.5420351949360293 1
0.5421119916223609 1
0.5429968075308509 1
0.5440510159166879 1
0.5441220041762683 1
0.5463516455683505 1
0.5485122517231822 1
0.5488312295506084 1
0.5497841382592014 1
0.5507798952826292 1
0.5509069418643516 1
0.5514227536545195 1
0.5558569445014585 1
0.5658649608401215 1
