
 0.507
 0.484
 0.468
 0.466
 0.504
 0.519
 0.513
 0.489
 0.504
 0.486
 0.516
 0.435
 0.513
 0.522
 0.472
 0.527
 0.484
 0.512
 0.514
 0.499
 0.527
 0.483
 0.505
 0.486
 0.457
 0.518
 0.494
 0.482
 0.487
 0.495
 0.484
 0.523
 0.506
 0.492
 0.533
 0.551
 0.443
 0.542
 0.505
 0.463
 0.538
 0.482
 0.503
 0.478
 0.457
 0.551
 0.507
 0.513
 0.479
 0.544
 0.508
 0.507
 0.454
 0.479
 0.513
 0.535
 0.535
 0.460
 0.463
 0.531
 0.529
 0.546
 0.493
 0.526
 0.492
 0.464
 0.517
 0.508
 0.517
 0.456
 0.482
 0.512
 0.528
 0.532
 0.446
 0.501
 0.490
 0.518
 0.484
 0.466
 0.498
 0.534
 0.524
 0.516
 0.489
 0.499
 0.503
 0.482
 0.516
 0.494
 0.515
 0.510
 0.551
 0.491
 0.538
 0.508
 0.475
 0.489
 0.490
 0.505
 0.507
 0.431
 0.509
 0.544
 0.470
 0.516
 0.460
 0.485
 0.505
 0.542
 0.514
 0.556
 0.534
 0.456
 0.498
 0.451
 0.518
 0.447
 0.501
 0.524
 0.507
 0.464
 0.506
 0.479
 0.449
 0.498
 0.539
 0.550
 0.492
 0.508
 0.508
 0.455
 0.450
 0.487
 0.520
 0.494
 0.465
 0.503
 0.549
 0.516
 0.486
 0.490
 0.488
 0.543
 0.505
 0.466
 0.532
 0.512
 0.468
 0.479
 0.510
 0.480
 0.535
 0.507
 0.509
 0.566
 0.471
 0.468
 0.523
 0.471
 0.520
 0.503
 0.488
 0.504
 0.503
 0.473
 0.479
 0.503
 0.454
 0.490
 0.470
 0.510
 0.512
 0.488
 0.480
 0.502
 0.495
 0.498
 0.479
 0.499
 0.491
 0.469
 0.486
 0.498
 0.549
 0.502
 0.531
 0.498
 0.480
 0.501
 0.483
 0.496
 0.503
 0.522
 0.452
 0.537
 0.519
 0.454
 0.482
 0.535

