0 36
0 43
0 38
0 38
0 47
0 42
0 37
0 32
0 34
0 36
0 42
0 39
0 35
0 56
0 48
0 40
0 37
0 42
0 37
0 43
0 41
0 46
0 41
0 43
0 39
0 39
0 47
0 54
0 40
0 43
0 41
0 41
0 48
0 35
0 47
0 42
0 48
0 44
0 56
0 34
0 54
0 54
0 43
0 41
0 36
0 32
0 42
0 45
0 40
0 35
0 42
0 30
0 39
0 50
0 30
0 51
0 34
0 34
0 37
0 43
0 40
0 42
0 42
0 33
0 45
0 47
0 31
0 36
0 41
0 31
0 40
0 59
0 45
0 39
0 38
0 40
0 42
0 38
0 42
0 32
0 39
0 36
0 46
0 54
0 46
0 47
0 39
0 37
0 46
0 36
0 44
0 53
0 46
0 41
0 34
0 44
0 47
0 45
0 34
0 43
0 41
0 47
0 47
0 46
0 51
0 37
0 37
0 53
0 39
0 35
0 33
0 54
0 41
0 39
0 43
0 39
0 37
0 50
0 40
0 27
0 49
0 46
0 43
0 43
0 57
0 39
0 41
0 43
0 47
0 40
0 40
0 31
0 44
0 36
0 47
0 39
0 40
0 34
0 41
0 42
0 45
0 52
0 37
0 41
0 49
0 47
0 47
0 39
0 39
0 53
0 35
0 43
0 49
0 35
0 41
0 33
0 42
0 44
0 38
0 44
0 42
0 47
0 37
0 48
0 50
0 54
0 40
0 39
0 45
0 42
0 44
0 26
0 40
0 55
0 47
0 45
0 47
0 49
0 38
0 39
0 46
0 39
0 37
0 43
0 48
0 37
0 44
0 36
0 44
0 35
0 53
0 38
0 48
0 46
0 38
0 39
0 45
0 47
0 49
0 45
