0.46793613032290865 1
0.4765564146140081 1
0.48048451244536194 1
0.4960732517332829 1
0.4970426808241693 1
0.4974208238878958 1
0.4976104122268151 1
0.4984083643269031 1
0.5016102046759195 1
0.502956588612496 1
0.5033013510378618 1
0.5040052587993822 1
0.5050534279444675 1
0.5052092065925393 1
0.5055845476050878 1
0.5058378043444313 1
0.5066530786113512 1
0.5069743367772213 1
0.507494303489371 1
0.5078143553481533 1
0.5079423401585071 1
0.5080599436989809 1
0.5084852712260192 1
0.5093419729824321 1
0.5095770991958931 1
0.5105392247026791 1
0.5108317189689201 1
0.5108532078664075 1
0.5109427660129835 1
0.5130819679969718 1
0.5131569683862476 1
0.514669582285481 1
0.5149435837451054 1
0.5155073807145238 1
0.5158540623833251 1
0.5164728978816059 1
0.5168795089817769 1
0.5172303799133512 1
0.5183088903220439 1
0.5187547675087908 1
0.519042865015821 1
0.5191484580433215 1
0.5192010234538619 1
0.5195048720026476 1
0.5197599549123426 1
0.5198126123825858 1
0.5205567280116106 1
0.5211093967511784 1
0.5212181818145641 1
0.5217961539190125 1
0.5221954243943301 1
0.5228694057916717 1
0.5229940906319994 1
0.5230672763185439 1
0.5234672038881489 1
0.5236636654437167 1
0.5237861458895006 1
0.5240617201399203 1
0.5244320718568564 1
0.5248489098864837 1
0.5249419410486612 1
0.5259280722089001 1
0.5261632120295304 1
0.5261885869854205 1
0.5265249627584027 1
0.5266870883249688 1
0.5272330737723947 1
0.5280817405891683 1
0.5281511614951018 1
0.5286304169813159 1
0.5287905255482673 1
0.5293002282321367 1
0.529467610586424 1
0.5304534234039959 1
0.5304990596042244 1
0.5305501300492519 1
0.5307261136709244 1
0.5308133963567452 1
0.5308896085095556 1
0.5309950635736211 1
0.5316559377432433 1
0.5319040766716809 1
0.5322305664796255 1
0.5322760099691427 1
0.5325189667096955 1
0.5325668643716647 1
0.5329630246011228 1
0.5331196210563873 1
0.5339913079416747 1
0.5344397973077456 1
0.5347395168126592 1
0.5349550220252498 1
0.5350798681197002 1
0.5353854667319272 1
0.53550362464938 1
0.5355630218084031 1
0.5356995065341581 1
0.5362851563194032 1
0.5366147098159292 1
0.5366219003543636 1
0.5368077884031416 1
0.5374429136630717 1
0.5376421185069611 1
0.5382870961052061 1
0.5383112992738925 1
0.5383865675963362 1
0.5386440302602101 1
0.538834785305928 1
0.5388647351411486 1
0.5389511794608413 1
0.539041057879959 1
0.5392156865489917 1
0.5393186593605898 1
0.5397020071068611 1
0.5398623515429485 1
0.5403545370668297 1
0.5405281126669149 1
0.5408046139888095 1
0.5410628188684637 1
0.5412161644559472 1
0.54135954459491 1
0.5414436076837669 1
0.5414600974598547 1
0.541788057981483 1
0.5419795551158887 1
0.5423470882230966 1
0.5425580076587042 1
0.5431897129827742 1
0.5436594076619746 1
0.5439944855120376 1
0.5442620019233662 1
0.5445261006216038 1
0.5445828788404153 1
0.5447901701750011 1
0.5450512528624218 1
0.5453578929694789 1
0.5457226839369633 1
0.546149399544873 1
0.546370997809221 1
0.5476445774596774 1
0.5487019494823937 1
0.5487222282956377 1
0.5495504256741615 1
0.5498665122891572 1
0.5504797651355111 1
0.5504912833664553 1
0.5506961492979413 1
0.5508228886209043 1
0.5509970276663936 1
0.5512289624361538 1
0.5513156709076318 1
0.5513654134380529 1
0.5527494802376559 1
0.553299726928479 1
0.5541502840768544 1
0.5545042849645601 1
0.5546217955983352 1
0.5547203475184568 1
0.5548903626842516 1
0.5558069371586171 1
0.556069470188225 1
0.5565865064192809 1
0.5567511431283441 1
0.5572745009970302 1
0.5573174157587582 1
0.5580627072368813 1
0.5589937484917233 1
0.5591428106579297 1
0.5597221432447131 1
0.5597362270432332 1
0.5608133031716153 1
0.5609865179318337 1
0.5612503420602952 1
0.5615406759748709 1
0.5618445836690419 1
0.5628192702147505 1
0.5630084632776922 1
0.5632923866226215 1
0.5637271461865696 1
0.5637275443594582 1
0.564729407347855 1
0.5659272241401438 1
0.5665553537851481 1
0.5668893760893394 1
0.5669446156312393 1
0.5695694514900971 1
0.570125062549003 1
0.5702697142265286 1
0.5703307267273908 1
0.5711003097018846 1
0.5726694905762941 1
0.5732150503407847 1
0.573995971767884 1
0.575644765177713 1
0.5778897393659913 1
0.5789497213007643 1
0.5807365655998812 1
0.5814817091165659 1
0.5880487743650181 1
0.5909994968454914 1
