
 0.523
 0.529
 0.504
 0.540
 0.527
 0.531
 0.529
 0.573
 0.498
 0.535
 0.537
 0.537
 0.571
 0.545
 0.525
 0.532
 0.507
 0.576
 0.541
 0.545
 0.555
 0.551
 0.516
 0.556
 0.541
 0.591
 0.526
 0.529
 0.537
 0.536
 0.555
 0.550
 0.570
 0.546
 0.543
 0.519
 0.573
 0.570
 0.480
 0.521
 0.538
 0.550
 0.563
 0.506
 0.505
 0.522
 0.541
 0.511
 0.561
 0.468
 0.526
 0.529
 0.541
 0.519
 0.537
 0.542
 0.539
 0.516
 0.513
 0.528
 0.528
 0.507
 0.524
 0.541
 0.527
 0.539
 0.519
 0.559
 0.551
 0.563
 0.540
 0.523
 0.530
 0.551
 0.511
 0.516
 0.534
 0.578
 0.533
 0.545
 0.556
 0.545
 0.544
 0.505
 0.551
 0.563
 0.546
 0.522
 0.526
 0.518
 0.535
 0.535
 0.539
 0.508
 0.521
 0.562
 0.581
 0.539
 0.548
 0.579
 0.508
 0.532
 0.541
 0.507
 0.567
 0.549
 0.532
 0.560
 0.551
 0.524
 0.549
 0.562
 0.521
 0.496
 0.511
 0.555
 0.497
 0.520
 0.508
 0.538
 0.527
 0.565
 0.544
 0.557
 0.515
 0.517
 0.538
 0.581
 0.554
 0.503
 0.538
 0.567
 0.544
 0.530
 0.564
 0.533
 0.497
 0.477
 0.523
 0.524
 0.524
 0.545
 0.555
 0.539
 0.564
 0.574
 0.540
 0.536
 0.531
 0.533
 0.506
 0.536
 0.536
 0.570
 0.502
 0.519
 0.546
 0.558
 0.553
 0.541
 0.498
 0.551
 0.539
 0.515
 0.542
 0.525
 0.523
 0.532
 0.553
 0.543
 0.533
 0.542
 0.517
 0.557
 0.534
 0.531
 0.550
 0.557
 0.561
 0.510
 0.550
 0.531
 0.509
 0.567
 0.539
 0.561
 0.566
 0.588
 0.560
 0.503
 0.520
 0.557
 0.570
 0.531
 0.513
 0.535
 0.511
 0.520
 0.508
 0.559

