3 0.34677011173138883
1 0.7378263218630504
100 0.6727581578461539
42 0.11253181397058332
46 0.012936617836522668
63 0.6049406745272411
68 0.26677045494816887
49 0.636914709787519
88 0.7024743020018217
96 0.015118284964909301
22 0.04678369190147125
27 0.6306882789473487
79 0.7760228305382221
41 0.7002547680996699
50 0.08437995548584631
69 0.01642104377668885
74 0.1862705622902595
81 0.11179049920961526
59 0.9156349394036287
2 0.14607814192929314
98 0.00830648586370919
65 0.38925995252996504
57 0.4106334241283718
91 0.19841757574846308
61 0.9706455667829145
16 0.3316767509210963
95 0.20988067703510194
39 0.3693984997842803
40 0.23052036302478285
92 0.10123857663598479
93 0.6195711545898962
30 0.03527633806308128
31 0.4870791257765983
33 0.17414185502544666
34 0.22842060784944096
76 0.7420099327518307
38 0.8801465852689524
28 0.10529532875088454
4 0.24737374204725038
5 0.7650981997566773
67 0.4779819672795266
82 0.3852006289435109
60 0.39848389205687185
86 0.5296484256109486
6 0.6125809056558938
14 0.5341979870177861
51 0.9988006998621327
99 0.17098092355126848
37 0.34250487770062255
45 0.050618946520234465
19 0.8786199009873416
29 0.5496593218627396
7 0.33200596766026813
8 0.6469173318487924
35 0.1187656491166682
94 0.5903049921052705
72 0.09838450632846651
23 0.15858976115608103
66 0.5060079364953634
85 0.9586536198602561
56 0.2972998319588239
36 0.31032700968583526
54 0.7123387168385833
73 0.9399230795482801
70 0.27799821558048465
12 0.15481168676941748
15 0.28554175870693266
17 0.474010547498527
77 0.6722084222211892
78 0.23527787920099386
90 0.6891561485636897
80 0.4647923573485063
26 0.2764640621280837
84 0.3430086054037579
44 0.6559795974890384
20 0.791306543507217
9 0.23898515801979103
24 0.9403169861176407
48 0.6513471625728201
47 0.9781804374530466
32 0.8798793332940665
87 0.6964462678462261
55 0.10998890874549638
75 0.14992486872794064
71 0.7182921798232543
43 0.41687291194157616
21 0.4887500174195212
52 0.4969336058983106
83 0.6117417265523507
62 0.691594874826106
13 0.4623104966525595
10 0.5249320351508003
64 0.11036249303495982
89 0.8381763468138209
53 0.42454893381480996
58 0.22698007247455654
97 0.8025279998249102
18 0.10874642183439209
25 0.4957447683900481
11 0.058452314957381124
