
 0.452
 0.540
 0.589
 0.599
 0.598
 0.599
 0.601
 0.598
 0.602
 0.602
 0.602
 0.602
 0.602
 0.602
 0.602
 0.602
 0.602
 0.602
 0.602
 0.602
 0.602
 0.602
 0.602
 0.602
 0.602
 0.602
 0.602
 0.602
 0.602
 0.602
 0.602
 0.602
 0.602
 0.602
 0.602
 0.602
 0.602
 0.602
 0.602
 0.602
 0.602
 0.602
 0.602
 0.602
 0.602
 0.602
 0.602
 0.602
 0.602
 0.602
 0.602
 0.602
 0.602
 0.602
 0.602
 0.602
 0.602
 0.602
 0.602
 0.602
 0.602
 0.602
 0.602
 0.602
 0.602
 0.602
 0.602
 0.602
 0.602
 0.602
 0.602
 0.602
 0.602
 0.602
 0.602
 0.602
 0.602
 0.602
 0.602
 0.602
 0.602
 0.602
 0.602
 0.602
 0.602
 0.602
 0.602
 0.602
 0.602
 0.602
 0.602
 0.602
 0.602
 0.602
 0.602
 0.602
 0.602
 0.602
 0.602
 0.602
 0.602
 0.602
 0.602
 0.602
 0.602
 0.602
 0.602
 0.602
 0.602
 0.602
 0.602
 0.602
 0.602
 0.602
 0.602
 0.602
 0.602
 0.602
 0.602
 0.602
 0.602
 0.602
 0.602
 0.602
 0.602
 0.602
 0.602
 0.602
 0.602
 0.602
 0.602
 0.602
 0.602
 0.602
 0.602
 0.602
 0.602
 0.602
 0.602
 0.602
 0.602
 0.602
 0.602
 0.602
 0.602
 0.602
 0.602
 0.602
 0.602
 0.602
 0.602
 0.602
 0.602
 0.602
 0.602
 0.602
 0.602
 0.602
 0.602
 0.602
 0.602
 0.602
 0.602
 0.602
 0.602
 0.602
 0.602
 0.602
 0.602
 0.602
 0.602
 0.602
 0.602
 0.602
 0.602
 0.602
 0.602
 0.602
 0.602
 0.602
 0.602
 0.602
 0.602
 0.602
 0.602
 0.602
 0.602
 0.602
 0.602
 0.602
 0.602
 0.602
 0.602
 0.602
 0.602
 0.602
 0.602
 0.602
 0.602
 0.602

