0 31
0 43
1 48
0 44
0 43
0 49
1 39
0 45
0 45
1 46
1 43
0 26
1 26
1 38
1 39
0 36
1 37
0 49
1 37
0 42
0 50
1 39
0 38
1 40
0 43
1 49
0 40
0 44
1 33
1 39
1 43
0 50
1 45
0 48
0 45
0 47
0 44
0 32
0 39
0 44
0 27
0 52
0 40
0 47
1 54
0 48
0 41
0 58
1 36
1 47
0 43
1 41
1 46
0 40
0 34
0 53
0 61
0 40
1 54
1 43
1 48
0 36
0 44
0 35
0 45
0 44
1 47
0 41
0 37
1 39
0 41
0 36
0 32
0 40
0 41
1 47
1 44
0 37
1 43
1 37
0 42
1 54
1 41
1 42
1 28
1 43
1 41
0 49
1 38
1 30
1 51
1 49
1 43
1 45
1 51
1 39
1 47
1 34
0 48
0 49
0 44
0 34
1 36
0 44
1 30
1 28
0 49
0 53
1 43
0 35
1 32
1 54
0 41
1 35
0 44
1 46
1 47
0 42
1 42
1 34
1 42
1 37
1 32
1 57
1 29
1 43
0 43
1 45
0 38
1 51
1 44
0 43
1 40
0 29
0 47
0 40
1 31
1 39
1 29
0 29
0 33
1 52
1 28
0 40
1 36
0 54
1 53
0 45
0 32
1 48
1 36
1 52
0 47
1 44
1 41
1 43
0 45
0 43
1 52
0 37
0 43
0 30
0 47
0 34
0 39
1 36
1 23
1 36
0 26
1 53
1 35
1 46
0 54
1 54
1 43
0 32
0 38
1 38
1 40
1 35
0 41
0 39
0 36
1 38
0 40
0 46
1 40
1 39
1 40
0 45
1 34
1 42
0 43
0 40
1 44
1 37
0 38
1 42
0 50
0 47
