
 0.481
 0.562
 0.632
 0.750
 0.771
 0.796
 0.789
 0.787
 0.805
 0.804
 0.807
 0.807
 0.807
 0.807
 0.807
 0.807
 0.807
 0.807
 0.807
 0.807
 0.807
 0.807
 0.807
 0.807
 0.807
 0.807
 0.807
 0.807
 0.807
 0.807
 0.807
 0.807
 0.807
 0.807
 0.807
 0.807
 0.807
 0.807
 0.807
 0.807
 0.807
 0.807
 0.807
 0.807
 0.807
 0.807
 0.807
 0.807
 0.807
 0.807
 0.807
 0.807
 0.807
 0.807
 0.807
 0.807
 0.807
 0.807
 0.807
 0.807
 0.807
 0.807
 0.807
 0.807
 0.807
 0.807
 0.807
 0.807
 0.807
 0.807
 0.807
 0.807
 0.807
 0.807
 0.807
 0.807
 0.807
 0.807
 0.807
 0.807
 0.807
 0.807
 0.807
 0.807
 0.807
 0.807
 0.807
 0.807
 0.807
 0.807
 0.807
 0.807
 0.807
 0.807
 0.807
 0.807
 0.807
 0.807
 0.807
 0.807
 0.807
 0.807
 0.807
 0.807
 0.807
 0.807
 0.807
 0.807
 0.807
 0.807
 0.807
 0.807
 0.807
 0.807
 0.807
 0.807
 0.807
 0.807
 0.807
 0.807
 0.807
 0.807
 0.807
 0.807
 0.807
 0.807
 0.807
 0.807
 0.807
 0.807
 0.807
 0.807
 0.807
 0.807
 0.807
 0.807
 0.807
 0.807
 0.807
 0.807
 0.807
 0.807
 0.807
 0.807
 0.807
 0.807
 0.807
 0.807
 0.807
 0.807
 0.807
 0.807
 0.807
 0.807
 0.807
 0.807
 0.807
 0.807
 0.807
 0.807
 0.807
 0.807
 0.807
 0.807
 0.807
 0.807
 0.807
 0.807
 0.807
 0.807
 0.807
 0.807
 0.807
 0.807
 0.807
 0.807
 0.807
 0.807
 0.807
 0.807
 0.807
 0.807
 0.807
 0.807
 0.807
 0.807
 0.807
 0.807
 0.807
 0.807
 0.807
 0.807
 0.807
 0.807
 0.807
 0.807
 0.807
 0.807
 0.807
 0.807

