0.4260835764590278 1
0.4319997866070502 1
0.4342167495302589 1
0.43732124397567673 1
0.4419753122353518 1
0.4460067149304641 1
0.4462148646748282 1
0.44712510669236133 1
0.4481025142040251 1
0.44954838325679686 1
0.4531311520737312 1
0.4534327862658359 1
0.4554558585373917 1
0.4575804583920223 1
0.45930816702796357 1
0.4602959437180975 1
0.4638705564642263 1
0.46405185940611965 1
0.46411715264297315 1
0.4647489422570807 1
0.4649753353862075 1
0.4666247423244012 1
0.4667816479864401 1
0.46693382284768914 1
0.46729867681831505 1
0.4680166998121627 1
0.4683575322211058 1
0.46859628883146975 1
0.4691107440314874 1
0.4703687854976172 1
0.4711751830787567 1
0.47144780541924336 1
0.47161784708923044 1
0.4718201344532416 1
0.4724590380555188 1
0.4724867808884256 1
0.47275723744043213 1
0.47280342101745765 1
0.4745573570281618 1
0.474598888421973 1
0.47755429332079125 1
0.47793451230329587 1
0.47803102484619564 1
0.47859339197408857 1
0.47889803467360137 1
0.4797708772772794 1
0.48024897742231737 1
0.48049434600622026 1
0.48172371924234547 1
0.48174376349640974 1
0.48292881065956483 1
0.4830413800675284 1
0.4847412073979709 1
0.48492721292351043 1
0.48493676032975896 1
0.4866514795629114 1
0.4867525566074594 1
0.4884558415733401 1
0.4885385305810179 1
0.48854125269219273 1
0.48878969881621986 1
0.4888077910275686 1
0.48988379174910535 1
0.4908648267888723 1
0.4908825816379662 1
0.49142461134216253 1
0.4919541797338504 1
0.4930454544116491 1
0.49324539666744854 1
0.4932590723906091 1
0.49365735719801557 1
0.49392219171459567 1
0.4939794504151048 1
0.4940872915311245 1
0.4943039113225223 1
0.49434376880657793 1
0.49464782218554165 1
0.4947597927123869 1
0.4949661554478588 1
0.49636125189196373 1
0.4963623338835881 1
0.49658992050916234 1
0.4968962739279514 1
0.4969638124691529 1
0.4970293074622632 1
0.4972789188539968 1
0.49901650664174 1
0.4993615322596586 1
0.4996996648928953 1
0.499801665598707 1
0.5000862325984909 1
0.5001237553742538 1
0.5008629165716038 1
0.5015321243647868 1
0.5022964116029343 1
0.5026365838490564 1
0.5044213537281727 1
0.5065815966226948 1
0.5066777893226548 1
0.5069043164564961 1
0.5073550300422395 1
0.5076412394840873 1
0.5078751001655734 1
0.5083167625227764 1
0.5084808096481457 1
0.5084971659034602 1
0.5087580415026838 1
0.5088695993283666 1
0.5089555426795557 1
0.5090091916253353 1
0.5091289034417302 1
0.5097162469772198 1
0.5101948420773706 1
0.5104663051862434 1
0.5106402862925317 1
0.5108171653871995 1
0.5115283320877494 1
0.5115691244599306 1
0.5119251479921608 1
0.5122500663626812 1
0.5126757772912957 1
0.5133840714232999 1
0.5137011205830319 1
0.5147043410393384 1
0.5150703240491883 1
0.5152208687599962 1
0.5157285357988277 1
0.5159102189761703 1
0.5160079623820325 1
0.5163057348786115 1
0.5164152636125485 1
0.516679461030639 1
0.5166820217397098 1
0.5171646828073881 1
0.517462659858904 1
0.5185431085049157 1
0.5190097515978142 1
0.5191857907339964 1
0.5192234526568806 1
0.5196046926174354 1
0.5197545395647576 1
0.5200161161274423 1
0.5213413493269115 1
0.5219793681699856 1
0.5234016166943298 1
0.5234791218879115 1
0.5238677922008655 1
0.5241852758711947 1
0.5243706612598206 1
0.5244391145878355 1
0.5246874419020169 1
0.5249501947346649 1
0.5249950244278865 1
0.5252803186071465 1
0.5269068419122882 1
0.5271321076282187 1
0.5271862677457724 1
0.5275808465485119 1
0.5275879393459092 1
0.5282082882868595 1
0.528455867037541 1
0.5285775401690838 1
0.5290641017072708 1
0.5293829400560925 1
0.5294250880112807 1
0.529464118985961 1
0.529845406151077 1
0.5306126292654255 1
0.5308034888555633 1
0.5311335591353018 1
0.5314702836696175 1
0.531554090502298 1
0.53179968944542 1
0.5319871858703612 1
0.5320799975817281 1
0.532544610515998 1
0.5326570300841752 1
0.5331245116297031 1
0.5338587085577405 1
0.5378442109975407 1
0.538351539379964 1
0.5399201948347843 1
0.540458864085438 1
0.5421318920021823 1
0.5426947018039449 1
0.5435239758318141 1
0.5456112861373473 1
0.5481039461988224 1
0.5500608841853951 1
0.5505859597276056 1
0.5519590218813216 1
0.5546390686450021 1
0.5556811622620034 1
0.557246324323147 1
0.5587160751845514 1
0.5614215137996904 1
0.5623154660025671 1
0.5637629717493171 1
0.566551938595212 1
0.5727513269371209 1
