0.490940845665704 1
0.4916112546248123 1
0.4938772240803175 1
0.5018511839232423 1
0.502997164763373 1
0.503020034692939 1
0.5037923423954735 1
0.504494714574528 1
0.5081246864837161 1
0.5091407242670833 1
0.5100469108833134 1
0.5101598584008804 1
0.5101727536046229 1
0.5133905047175711 1
0.5151745516472314 1
0.5154147322244127 1
0.5157448537933157 1
0.515959317597592 1
0.5164017791570445 1
0.5179795713078174 1
0.5179838785128239 1
0.5181301038866915 1
0.5186894119409967 1
0.5204076623734116 1
0.5215838874531813 1
0.521609464153801 1
0.5217821082393238 1
0.5229495062533068 1
0.5229681195331184 1
0.5231672320535788 1
0.5238812098009418 1
0.5241808075297631 1
0.5248646919060546 1
0.5249987589095854 1
0.5252793807830325 1
0.5253850087687497 1
0.5265915200012785 1
0.526761462436389 1
0.5268238746765763 1
0.5271923566053622 1
0.5277575408038492 1
0.5278485722022508 1
0.5279105533682253 1
0.5280198600681438 1
0.5283150290972213 1
0.5284171074689767 1
0.5286480225161556 1
0.5286537484210863 1
0.5291840089993797 1
0.5293071546211233 1
0.5297032478616281 1
0.5301967753439503 1
0.5303109674465345 1
0.5304172451474456 1
0.530981198068427 1
0.5316280879617191 1
0.5317439884447526 1
0.5317997470812449 1
0.5320323561675814 1
0.5323001715314296 1
0.532471915648733 1
0.5328335513215322 1
0.5333745493951452 1
0.5335496221180375 1
0.5336146046540259 1
0.5341970793806358 1
0.534270876504382 1
0.5346505480907251 1
0.5347785342872554 1
0.5349304376562718 1
0.5350072760232789 1
0.535166955088878 1
0.5352656355476266 1
0.5354238720056576 1
0.5356732398973274 1
0.5357441019042026 1
0.536251975214513 1
0.5367735089343383 1
0.5371166030940495 1
0.5371718519882345 1
0.5379425110698008 1
0.5380677976710266 1
0.5382539220714999 1
0.538261620132299 1
0.5385460844124663 1
0.5391193529409122 1
0.5400816943381692 1
0.5409322433539809 1
0.5412779625527269 1
0.5413379092154724 1
0.5416720215439741 1
0.5426890217587788 1
0.5427388624443796 1
0.5431141645365223 1
0.5437329577327261 1
0.5440459070012791 1
0.545596327715918 1
0.5463266438319108 1
0.5469779307378987 1
0.5471994614451514 1
0.5473724891110137 1
0.5481044100806334 1
0.5481151517842632 1
0.5488479980839314 1
0.5495792732176428 1
0.5500697058741383 1
0.5501685576175307 1
0.5503913617180795 1
0.5506868979749282 1
0.5511178093234919 1
0.5515762116846158 1
0.552385074416873 1
0.5533299580732066 1
0.5536912939507832 1
0.5538827672167826 1
0.5541885203459009 1
0.5543391714020931 1
0.5548774814198858 1
0.5550120001026312 1
0.5557775985000758 1
0.5561298417423556 1
0.5562515574473644 1
0.5571948519688907 1
0.5573543226116029 1
0.5576007376565992 1
0.558056463043459 1
0.5580658984589296 1
0.5581846597547744 1
0.5586940368852534 1
0.5588220943469308 1
0.5589823833781182 1
0.5591981598829662 1
0.5592723569015372 1
0.5593140578383039 1
0.5594137034731614 1
0.560511906415994 1
0.5609056990065284 1
0.5618630559647173 1
0.5620289225223183 1
0.5624848083682953 1
0.5633331897328497 1
0.5641287608472434 1
0.5642343446566501 1
0.5645175390259948 1
0.5655049465852601 1
0.565513715568392 1
0.5657656396979234 1
0.5659661914333196 1
0.5662064971403182 1
0.5675715352748836 1
0.5678785524880723 1
0.5679181720148595 1
0.5680418112227226 1
0.5681433865575147 1
0.5684194806714205 1
0.5685178728050578 1
0.5689175780429728 1
0.5694110827176793 1
0.5694874954081002 1
0.5704412954769785 1
0.5710965389868593 1
0.571497113423036 1
0.5719335148993853 1
0.57270225550865 1
0.5731176917173868 1
0.5732638837032883 1
0.573417194569931 1
0.5735033368674514 1
0.5751189257727568 1
0.5753673909846508 1
0.5753892508488303 1
0.5755094755237578 1
0.575677136358838 1
0.5772951725438681 1
0.5779159178956418 1
0.5784878581265269 1
0.5785489298290729 1
0.5793556559227853 1
0.5797160632733608 1
0.5828303246524893 1
0.5839297389130629 1
0.5847783410308655 1
0.5860975345313267 1
0.5862496310139488 1
0.5869443298895061 1
0.5873338310005657 1
0.5877583086650948 1
0.5902368399649075 1
0.590643313290609 1
0.5925110019017741 1
0.5942114956136555 1
0.5945384393977017 1
0.5948648700402096 1
0.5953505902309132 1
0.5964579807375603 1
0.5966901033355371 1
0.6000057961428186 1
0.6151807828601631 1
0.623015746211596 1
0.6269759946040872 1
