
 0.547
 0.579
 0.580
 0.568
 0.562
 0.623
 0.532
 0.550
 0.558
 0.530
 0.523
 0.559
 0.547
 0.566
 0.520
 0.547
 0.568
 0.591
 0.510
 0.535
 0.528
 0.576
 0.532
 0.568
 0.524
 0.535
 0.503
 0.529
 0.515
 0.575
 0.575
 0.587
 0.518
 0.558
 0.583
 0.550
 0.538
 0.525
 0.555
 0.541
 0.569
 0.516
 0.573
 0.597
 0.595
 0.524
 0.555
 0.576
 0.491
 0.529
 0.525
 0.513
 0.535
 0.502
 0.556
 0.527
 0.543
 0.533
 0.566
 0.590
 0.569
 0.537
 0.510
 0.587
 0.534
 0.546
 0.539
 0.508
 0.557
 0.573
 0.536
 0.571
 0.559
 0.573
 0.569
 0.595
 0.538
 0.518
 0.543
 0.525
 0.557
 0.529
 0.554
 0.573
 0.572
 0.549
 0.593
 0.556
 0.556
 0.561
 0.554
 0.559
 0.615
 0.504
 0.516
 0.559
 0.528
 0.588
 0.492
 0.534
 0.536
 0.515
 0.584
 0.503
 0.564
 0.558
 0.566
 0.522
 0.516
 0.554
 0.566
 0.528
 0.527
 0.504
 0.522
 0.537
 0.542
 0.535
 0.523
 0.585
 0.559
 0.538
 0.532
 0.530
 0.510
 0.552
 0.528
 0.530
 0.562
 0.528
 0.570
 0.527
 0.554
 0.577
 0.541
 0.532
 0.579
 0.541
 0.538
 0.558
 0.569
 0.518
 0.529
 0.548
 0.578
 0.494
 0.600
 0.509
 0.586
 0.544
 0.596
 0.561
 0.566
 0.562
 0.546
 0.565
 0.564
 0.530
 0.536
 0.543
 0.568
 0.578
 0.552
 0.548
 0.544
 0.574
 0.550
 0.537
 0.551
 0.532
 0.595
 0.568
 0.553
 0.535
 0.534
 0.535
 0.627
 0.519
 0.594
 0.539
 0.559
 0.575
 0.532
 0.531
 0.571
 0.528
 0.522
 0.523
 0.568
 0.527
 0.563
 0.525
 0.559
 0.586
 0.533
 0.540
 0.534
 0.535
 0.550
 0.551

