0.40469292452048733 1
0.40486072328982436 1
0.4066106311739368 1
0.40691251471807294 1
0.40796907310829517 1
0.4120639089994117 1
0.4133401956410859 1
0.4139375554610061 1
0.4148124615063691 1
0.4150443201077414 1
0.41600349519711793 1
0.41682375957951984 1
0.4169666440331069 1
0.4170510318788692 1
0.41768027975913796 1
0.4220484627373353 1
0.4221306231632374 1
0.4223497871092412 1
0.4233439074052002 1
0.42390034180943936 1
0.4243712724456224 1
0.42463211707785975 1
0.4247841029847943 1
0.42577705456843473 1
0.426096042565761 1
0.4268726179477633 1
0.4277094937330079 1
0.4287804356086181 1
0.4288820277102132 1
0.4290834328658455 1
0.4295591957086642 1
0.42985431197634044 1
0.4300376666189689 1
0.43060036313072203 1
0.43088921636920413 1
0.4311828978964992 1
0.43201312931454433 1
0.4339798124348579 1
0.4339992329437806 1
0.4343258045210168 1
0.4344833927458233 1
0.43570891294975644 1
0.43573933221198485 1
0.4361909129124427 1
0.4372751358681893 1
0.43772812189454813 1
0.43779135031789684 1
0.43784724860534163 1
0.4397210296796013 1
0.44082134924373206 1
0.44103531483458214 1
0.4415027249187867 1
0.4420716317728548 1
0.44229695551596876 1
0.4426087286915852 1
0.4432050072711754 1
0.44345435084407114 1
0.44504811931130717 1
0.4454265783506586 1
0.4458936597106997 1
0.4463670949145639 1
0.44659970461957776 1
0.44724864268219505 1
0.44732421437009906 1
0.4478297745566785 1
0.4480308987772891 1
0.44978921018094786 1
0.450167649608261 1
0.450277630685556 1
0.4507000950872167 1
0.4509092114621959 1
0.45100834736498313 1
0.4512522622429509 1
0.451594492549008 1
0.45164066814448317 1
0.45194706217439967 1
0.45201512482228146 1
0.4522127838884409 1
0.45228991155679915 1
0.45244720307225655 1
0.45280643482826816 1
0.4535342593291395 1
0.45393889685456207 1
0.45396694557765643 1
0.454271803224003 1
0.45439676820132346 1
0.454457777364282 1
0.4552270563727199 1
0.45524878341107905 1
0.4556003587578434 1
0.4557960377501366 1
0.45587355357142223 1
0.4560275267159891 1
0.4561129448084057 1
0.4565262727017039 1
0.4566431071544576 1
0.4582577245079575 1
0.4593503835723047 1
0.45944101799909637 1
0.45994248148595845 1
0.46045871116200154 1
0.4606791018868253 1
0.46108891401504964 1
0.46138666532348466 1
0.4613954763920713 1
0.4619138338746188 1
0.4621069475671032 1
0.4622223272216873 1
0.4637603704218785 1
0.46379526282418404 1
0.4643827836935216 1
0.46445795593226047 1
0.4647203204698382 1
0.46501346761759893 1
0.4655988889762147 1
0.4660383813239175 1
0.46630271979597593 1
0.4669363846278782 1
0.46728075267759694 1
0.4675440678251857 1
0.4678429718962562 1
0.4679520055504078 1
0.46814458391346575 1
0.46851953457539985 1
0.4688723242529005 1
0.4689983794088694 1
0.4690046366402108 1
0.46907978924255767 1
0.4692262164194822 1
0.46978314190736875 1
0.4700127064743671 1
0.47061287956310144 1
0.4708693464615823 1
0.47195264643034435 1
0.47249090425666507 1
0.4727806370421829 1
0.47292462192952045 1
0.4733382198513691 1
0.4735450457759072 1
0.47404735743124915 1
0.4740571686690786 1
0.47555193555677666 1
0.47574686888351503 1
0.4764686869515613 1
0.4765603870908256 1
0.476850241916627 1
0.4774199986056738 1
0.47796750259384985 1
0.47802405411122334 1
0.4785713101294391 1
0.47892838776541174 1
0.47931555529492115 1
0.4803279075141738 1
0.4806356071947519 1
0.48122701175649346 1
0.4812759072455959 1
0.4814760527973913 1
0.4816355885235263 1
0.48274851989844764 1
0.48295591157711754 1
0.48407287618110195 1
0.484110008936107 1
0.48477320829653886 1
0.48477466314601053 1
0.4848695652990999 1
0.48507273098986325 1
0.48551304012021484 1
0.4856088983847895 1
0.48573396161032667 1
0.4869772766883603 1
0.4874404725633141 1
0.4883656221108078 1
0.48891696503265075 1
0.4893337138360981 1
0.48944802192525055 1
0.4904218977466313 1
0.4929976778122057 1
0.49367227004831365 1
0.49444011559583534 1
0.4945269598258071 1
0.49603847788501926 1
0.49777418099594617 1
0.49801640755588994 1
0.4983441551515424 1
0.4983579474141181 1
0.4985839373923761 1
0.4993823197147702 1
0.5000819542848766 1
0.5002841027465261 1
0.5034657871063921 1
0.5050453545645955 1
0.5116744533484938 1
0.5131458113194908 1
0.5144171500088639 1
0.5156798940524143 1
0.5191925934025081 1
0.5209187563730472 1
0.5242171863289602 1
0.5398946144932515 1
0.5447933429357693 1
