0.42075200061339435 1
0.42788135260808297 1
0.4330827113291678 1
0.4386437802100922 1
0.44345517927563305 1
0.4439531842803613 1
0.4450545980346627 1
0.4463747695038302 1
0.4466850701806647 1
0.447123260231421 1
0.44938933397126846 1
0.4495620979342126 1
0.44966516620542024 1
0.4498664386814971 1
0.45122517070637097 1
0.45274157744222293 1
0.4531880717994975 1
0.45335175653433785 1
0.4551161747941465 1
0.4563702822411367 1
0.45684476003360586 1
0.4598092438733588 1
0.46006120091337876 1
0.4610008250315888 1
0.4612634143991848 1
0.4618103301660125 1
0.4639502456970736 1
0.46436243272569044 1
0.4650973795622382 1
0.46583863042494206 1
0.4660120134790119 1
0.4662306007375841 1
0.4662685471468997 1
0.46657176461797656 1
0.46707318656982005 1
0.4674353669165223 1
0.46752682116943317 1
0.46963003264099384 1
0.4697049935237951 1
0.47047431701807674 1
0.4706641531119239 1
0.47088262888466853 1
0.47158149030724245 1
0.47159534850401713 1
0.4717174964561336 1
0.4720174417262989 1
0.4720458579587066 1
0.47218648912509464 1
0.473046276940061 1
0.47331564507966306 1
0.47336954177725155 1
0.4738053463725804 1
0.4740676057640437 1
0.4743953145903134 1
0.47473735394026184 1
0.4749689159570781 1
0.4754543018180307 1
0.4754804572331768 1
0.47554464618933473 1
0.47572115961775874 1
0.477347900529779 1
0.4775628655961645 1
0.4777861175485975 1
0.47797905230585663 1
0.4782075274155229 1
0.4782501418048218 1
0.4787945192610475 1
0.47954280230351104 1
0.47971733852231 1
0.4801250397335865 1
0.4807350120763335 1
0.48098237504391056 1
0.4821797064282298 1
0.48271181576324806 1
0.4832547607367602 1
0.48334846041543317 1
0.48355343405058776 1
0.4837888665888192 1
0.48433939115803243 1
0.4844697333783094 1
0.4845408692151736 1
0.48498161306715404 1
0.48501467040656066 1
0.48511418468735956 1
0.48541527483834557 1
0.4868615683579282 1
0.4874917280057373 1
0.4882488392573589 1
0.48851169569185154 1
0.48852232452887145 1
0.48894309586054513 1
0.4892291367344481 1
0.4893285460848432 1
0.4896879216724016 1
0.48985196149879523 1
0.4899344910897194 1
0.49019707467481416 1
0.4905830524431029 1
0.4906500916786283 1
0.4908576266712316 1
0.4909820539686292 1
0.49106636128745057 1
0.49154734525234967 1
0.4918872892509837 1
0.49208618786454117 1
0.4921799786326645 1
0.49218928287827796 1
0.4922305823957981 1
0.4931663063258183 1
0.49355427690044384 1
0.4943581918208637 1
0.49461605755262256 1
0.4952998486907287 1
0.4955249103617685 1
0.49557051571295446 1
0.4967777878378681 1
0.4995514240928135 1
0.499765546285541 1
0.5006210145005846 1
0.5018412240901413 1
0.5021846799103503 1
0.5026962159744268 1
0.5028946259549121 1
0.5029032479662128 1
0.5030465461468239 1
0.5031572715358192 1
0.5034564099504032 1
0.5042585342237023 1
0.5049136176867681 1
0.5050302566702592 1
0.5051568161095712 1
0.5054322301937324 1
0.5064533972503727 1
0.5066760988024503 1
0.5066831992367343 1
0.507228136332493 1
0.5072318634240587 1
0.5073185608317128 1
0.5074842774512548 1
0.50757755698374 1
0.5080704649792298 1
0.5082255912958168 1
0.5086059235071952 1
0.5089013216600207 1
0.5092502093850149 1
0.5099493564251795 1
0.5102217984487136 1
0.510471774740455 1
0.5113896547782979 1
0.511458356349646 1
0.5117103559207241 1
0.5117382625754775 1
0.5118723976232574 1
0.5119477433820153 1
0.512407671328144 1
0.5124754095718196 1
0.5128094086723188 1
0.5150966883575685 1
0.5157356559962295 1
0.5175413298635552 1
0.5181241747706793 1
0.5181536523874143 1
0.5186330009561635 1
0.519738160842765 1
0.5205491651881651 1
0.5212504138555134 1
0.5217232090031775 1
0.5233368205131852 1
0.5237843040131411 1
0.5246023113115379 1
0.5248161758848496 1
0.5253013081043698 1
0.5253291214083569 1
0.5261008958945365 1
0.5265121485568899 1
0.5268747514320342 1
0.5270549863011543 1
0.5273613946356303 1
0.5278038218552212 1
0.5281852795913686 1
0.529340586331568 1
0.5307870747303809 1
0.5308227390374115 1
0.5313273599006191 1
0.5321541614269648 1
0.5330285049418341 1
0.5332847535303152 1
0.5335214566506314 1
0.5342943546363297 1
0.5347003938600223 1
0.5360168699186052 1
0.5363248421158548 1
0.5405567359292016 1
0.5406414638535558 1
0.5417951440445095 1
0.5483446752942963 1
0.55152519468532 1
0.5532751058046502 1
0.5673969794643459 1
0.5745028143376121 1
