
 0.456
 0.470
 0.473
 0.536
 0.567
 0.471
 0.467
 0.472
 0.492
 0.535
 0.496
 0.512
 0.472
 0.512
 0.527
 0.519
 0.476
 0.508
 0.470
 0.513
 0.515
 0.523
 0.479
 0.542
 0.511
 0.495
 0.483
 0.508
 0.497
 0.503
 0.531
 0.518
 0.534
 0.474
 0.492
 0.502
 0.492
 0.471
 0.533
 0.527
 0.453
 0.451
 0.491
 0.443
 0.521
 0.447
 0.492
 0.472
 0.450
 0.478
 0.457
 0.506
 0.490
 0.533
 0.507
 0.450
 0.548
 0.521
 0.474
 0.503
 0.490
 0.509
 0.447
 0.489
 0.480
 0.484
 0.485
 0.461
 0.478
 0.490
 0.421
 0.520
 0.505
 0.485
 0.509
 0.522
 0.507
 0.483
 0.477
 0.512
 0.472
 0.512
 0.453
 0.534
 0.466
 0.507
 0.462
 0.467
 0.502
 0.500
 0.480
 0.500
 0.475
 0.503
 0.478
 0.468
 0.532
 0.491
 0.512
 0.473
 0.552
 0.505
 0.475
 0.476
 0.541
 0.494
 0.466
 0.492
 0.465
 0.464
 0.472
 0.504
 0.489
 0.509
 0.460
 0.472
 0.491
 0.526
 0.518
 0.450
 0.525
 0.489
 0.489
 0.439
 0.474
 0.433
 0.480
 0.503
 0.524
 0.507
 0.510
 0.488
 0.445
 0.487
 0.510
 0.525
 0.446
 0.494
 0.484
 0.496
 0.483
 0.508
 0.481
 0.512
 0.485
 0.527
 0.527
 0.531
 0.487
 0.482
 0.541
 0.467
 0.473
 0.528
 0.491
 0.510
 0.464
 0.495
 0.491
 0.536
 0.449
 0.531
 0.505
 0.553
 0.489
 0.503
 0.478
 0.485
 0.525
 0.490
 0.507
 0.507
 0.516
 0.501
 0.455
 0.525
 0.461
 0.518
 0.528
 0.505
 0.481
 0.493
 0.466
 0.475
 0.503
 0.470
 0.453
 0.428
 0.484
 0.484
 0.575
 0.485
 0.529
 0.511
 0.444
 0.492
 0.478
 0.460
 0.475
 0.466

