0 34
1 33
1 35
0 38
0 43
0 31
1 48
0 49
0 41
1 42
1 30
1 46
0 42
0 53
0 43
0 42
1 33
0 29
1 34
1 31
1 46
1 35
0 40
0 42
0 38
1 38
1 51
0 48
1 40
0 38
0 43
0 44
0 44
1 44
1 53
1 37
0 33
1 37
1 44
1 38
0 52
0 49
1 32
1 43
0 53
0 48
0 42
1 43
0 54
1 45
1 46
1 46
1 37
0 41
1 51
1 47
0 46
1 47
1 42
0 37
0 45
1 32
0 38
0 39
0 63
0 35
0 38
0 51
0 42
1 38
1 53
0 49
1 54
0 38
1 47
1 47
0 38
0 39
0 47
0 35
1 45
0 48
0 56
0 48
0 40
0 44
1 53
0 33
1 41
0 40
1 49
1 45
0 46
1 43
1 44
1 46
0 54
1 34
1 36
1 34
0 32
1 38
1 45
1 44
0 55
1 34
1 38
0 43
1 34
1 38
1 32
0 27
1 34
1 45
1 52
0 34
0 40
1 41
0 47
1 53
1 44
0 46
0 41
1 38
1 42
0 44
0 48
1 56
1 35
1 45
0 41
0 41
1 44
0 51
1 45
1 39
1 36
1 42
0 51
0 43
0 44
1 41
1 51
1 34
0 41
1 29
0 39
0 55
1 44
1 42
0 49
0 27
1 44
0 31
0 37
0 38
0 37
0 26
1 41
0 31
1 41
1 40
0 44
0 43
1 46
1 48
1 50
0 53
0 46
1 47
1 31
1 46
1 37
1 33
0 44
1 42
1 31
1 30
1 36
1 47
0 50
0 46
1 46
1 35
1 52
0 49
0 39
1 33
1 40
0 49
0 35
0 35
0 51
0 38
1 29
1 50
1 41
0 41
1 45
0 43
