1 0.8408516866715858
0 0.7678403067764848
170 0.5097274768069417
187 0.49842501203828915
63 0.053999423897508225
135 0.4452570987915956
40 0.9856009117011632
49 0.6544355431749498
70 0.8256874670492136
231 0.35345163369787735
79 0.554086253608036
171 0.16673018028809716
109 0.8756662911008224
58 0.5234828881089304
20 0.5168790018965881
22 0.3415256550950664
29 0.6418918791721124
327 0.5580260152479689
53 0.4802645073427062
328 0.9895503612136127
25 0.2754605615608995
33 0.15416049722013903
348 0.11960620571079095
201 0.7134665492246318
233 0.1802692217392985
111 0.6228141307403701
161 0.4521207038321333
155 0.10376544329464099
157 0.6607430013571001
330 0.2697864852242837
137 0.6718233074135261
42 0.35176742722330523
44 0.21495055242218497
238 0.900809140870506
102 0.9539648112066365
203 0.6278488544217771
206 0.8706318027124186
55 0.07042689669157554
164 0.6076024298625337
349 0.6691546764898879
352 0.600467152797203
100 0.1821939706133303
31 0.015269444489882877
77 0.1060845602422329
78 0.3152898903153871
85 0.09406227789392074
120 0.17340937256312028
372 0.7641224076151246
190 0.6747243251382283
226 0.11416241437303132
257 0.5850836136789004
145 0.8671967997100009
151 0.36267183546511983
166 0.6895991636452791
184 0.9008596095970449
119 0.579386051167941
353 0.12128941862939924
275 0.2541759392751468
342 0.4833367383828753
346 0.3242419922022768
162 0.3369038303871642
211 0.03187303750330739
377 0.14690618956058377
383 0.9493234679108734
381 0.3399235455144337
64 0.5298382272753089
114 0.7526528219513167
202 0.19506458016923367
134 0.5136681600956915
121 0.7618202927052585
329 0.14779250622624573
331 0.1594481987267885
247 0.328185500659815
389 0.7569787073400304
126 0.8285055418988921
98 0.03478657856288503
129 0.15360289733743093
192 0.28156885920647834
204 0.08328502097761292
355 0.043459962357844106
394 0.010270104236181576
147 0.25343560948803545
229 0.3956128852506009
333 0.7749994767583793
195 0.7187601400439667
213 0.4432100512942565
391 0.5020540990967736
122 0.5456103313598516
149 0.1250703973663685
52 0.14499031335407386
54 0.7009189598404792
156 0.07261040769893778
83 0.8161093851177972
174 0.5456979940567251
264 0.10168529891690004
175 0.5554990638237439
11 0.7899540417081419
84 0.9954154111076398
154 0.9677927212156517
303 0.9628732890857251
101 0.03232940745407353
152 0.1998706857447683
199 0.8802187946476436
358 0.8484800393698189
338 0.1226971006035551
205 0.7968844977789804
297 0.3214205923304011
185 0.364991843717273
306 0.82570835431215
288 0.0696683679823773
274 0.24740694402606367
284 0.5907652193656411
366 0.29287520391755384
335 0.7376416026564738
143 0.7925267395954115
368 0.9985228869808285
371 0.5725203000483464
210 0.6696372610532141
392 0.4507110433341137
285 0.48715484170566636
374 0.2741836209538703
262 0.5158378398871134
142 0.3747004637146514
67 0.46895737550496486
197 0.2786448505144995
388 0.8096984416616528
245 0.2819300512584636
38 0.475944402970647
263 0.7018744441767862
218 0.7722040057413386
343 0.457044935926863
108 0.09347361478715499
127 0.5811206739212932
307 0.6920762497213128
93 0.2311068035341557
106 0.3168492923451077
193 0.3335786187670432
219 0.8024503809295758
51 0.5606986909612565
14 0.9113516731148511
2 0.7136706592687331
21 0.5132452740007576
96 0.7115382266688997
178 0.6412000409160558
322 0.3015686457320248
189 0.6409684046598149
314 0.7318406867399425
130 0.9782921342283581
281 0.09278612054961033
90 0.8613815694751931
45 0.6396746230146805
66 0.22318016780064553
196 0.4257271373576238
270 0.0048476424323675715
305 0.13757554662988492
287 0.39240330620529473
290 0.27188208275197967
280 0.8337967655536197
92 0.8272795885190992
28 0.08223939109211786
62 0.05348811010682819
216 0.19567795438554803
336 0.37801762886884227
362 0.611319345571718
159 0.3185501155969529
334 0.05607708144064594
223 0.319603968810237
350 0.40012027711590714
50 0.6331898483688964
254 0.7834559457644887
252 0.5122939613330171
341 0.5030621302320316
168 0.43295702630037003
266 0.3592550175733644
320 0.9179410281241385
236 0.5609392177664801
69 0.9473335425840802
72 0.9634178130871619
398 0.03626451515630558
224 0.3532782930384646
279 0.5059147907406276
326 0.6609072337511998
255 0.3471514636037689
148 0.5208009857701964
167 0.9646074398125836
105 0.48071846296472964
298 0.27726980872826257
207 0.9169035533499059
296 0.020127456694110535
133 0.8643079564657039
35 0.8043344458638445
19 0.09889061205994998
144 0.924547815517458
234 0.529607530544257
235 0.17846627449975394
319 0.9122893808344569
363 0.8493678676598296
396 0.2753524735405011
332 0.6744955492020375
182 0.36032415839330423
136 0.8755592274953359
373 0.7446193062288299
188 0.6639929937943944
243 0.7953330263934224
110 0.07188444664361415
172 0.6802175475296813
273 0.9132275536464521
140 0.12527503537515372
165 0.9845322931065856
316 0.34458015553391785
118 0.6833644440823718
23 0.6514195457390959
30 0.5042210493757157
268 0.4647524688059269
345 0.7524703389828488
32 0.41471567932974507
36 0.6467024928026378
217 0.9668570711687352
46 0.6949936699083958
89 0.8102843883187052
299 0.4285463312819422
177 0.3856296574079706
179 0.10769191576505932
315 0.9973699059293863
125 0.21048901038344603
300 0.7450405776518736
324 0.6978054968729318
160 0.3771633562708603
3 0.6496268931129882
186 0.10138901621739516
253 0.36618179414794727
282 0.6634786270308431
250 0.17889477756988326
365 0.3371280772773245
251 0.9057905580448883
221 0.1266657515609858
56 0.2099690768119833
128 0.949003773848533
278 0.2629909292186905
351 0.5509534181650965
261 0.4166736320712109
117 0.43047994903800957
291 0.6446394627150709
354 0.21617613874210295
194 0.11360487394364294
112 0.8532523987986802
26 0.7016195566658149
37 0.24349142579590533
139 0.703174894341163
41 0.5898612747276987
71 0.2485159557613179
293 0.7742797604481211
311 0.8587775373420236
399 0.5788652698897695
87 0.8804787390392683
258 0.280135293604573
364 0.8218185158318387
267 0.6073752346423698
4 0.7451607835638205
99 0.09950099889217401
115 0.6956797387777974
276 0.47711376269583017
123 0.37996992140742647
176 0.6207270140001944
308 0.6868942893738353
104 0.8382706439962846
259 0.3137558002974472
283 0.7531622150358198
242 0.5717203095643187
91 0.5866636769163407
27 0.15073303826976092
103 0.19494503819413156
150 0.6095144601801764
97 0.47356580905038936
225 0.43628322448917245
113 0.06720880486296443
208 0.9451095338733532
379 0.4978731460494885
73 0.8731092032503761
5 0.8114629213441875
6 0.7944960617949354
7 0.73460057969422
34 0.1470342560239628
375 0.29819238622746425
241 0.11345904694188924
302 0.17043304548975913
68 0.6347641234184427
198 0.43772723309087147
48 0.3012254032906272
183 0.12064131430290603
356 0.9786493623463215
387 0.7066539569495158
158 0.3245416451264995
301 0.23816830350786267
397 0.3273446275283084
359 0.08056476232779575
228 0.7557779201832875
295 0.7713340583408919
74 0.5447607559795958
138 0.9795537274467921
292 0.11368434295183572
180 0.42144146850657993
337 0.5238753634177423
393 0.15900478522530803
248 0.7331083086464316
65 0.8587019859639595
15 0.9575505298144972
390 0.4370267156759321
271 0.37760806355479126
344 0.7711471764426017
59 0.5782786122595042
163 0.40723491445675686
312 0.6826358169240831
321 0.07925245122834601
265 0.8634865893624775
357 0.24868736292391047
13 0.3520158867784511
8 0.16431113249900287
9 0.2060880491904893
94 0.9673533132399889
304 0.025432955939177493
310 0.8407726642267708
131 0.6737792268836763
88 0.9392717515023626
107 0.06378480236928696
60 0.6981453587260069
209 0.4379284366636047
240 0.6527125278567116
367 0.040127611231786986
191 0.4804745387163444
141 0.0668780406604833
169 0.6150008638458012
212 0.8180214431408038
232 0.15443965316819308
75 0.4653785152080411
39 0.1808116037065618
214 0.7576934457802782
256 0.19373855408852703
386 0.8305086856375319
86 0.869520760825567
173 0.0236609599604245
237 0.8757916271172399
323 0.33005985241054425
146 0.6074966280067582
47 0.6723953771438372
18 0.9299413872745292
10 0.6961736518601298
81 0.5564941485621281
181 0.9170432028402296
347 0.9026264386651476
289 0.5540666665906839
313 0.8147525726453029
222 0.3067398494864959
95 0.4644088073719904
153 0.9326821659851051
220 0.16624153127609465
395 0.8577310677578397
294 0.26691828464642864
378 0.33582701469726195
200 0.7777940535457746
325 0.4210445814944488
370 0.34951486140899646
43 0.236671138670427
260 0.28184949278106375
132 0.3818239314112388
376 0.589864442699042
380 0.2632863343819084
277 0.2470549650984578
340 0.10941621639944898
385 0.3781498700955598
12 0.7129548526398454
24 0.10034486663425835
80 0.27533591443443295
76 0.18767436732239895
309 0.9318746226949053
369 0.13422546516944545
318 0.5089147139278303
124 0.5662000433000179
230 0.9744473509279272
286 0.9796795659247715
269 0.1694442095184161
239 0.5793804311825925
249 0.7125667013927002
246 0.8473267927149759
339 0.41109901002738347
244 0.25786152128934936
17 0.041274613934241366
116 0.7214777739899152
361 0.5469385107248071
57 0.9517431538074268
61 0.4734523416412788
317 0.35296004121708047
227 0.4465165929027264
382 0.024467786806318004
82 0.615824510028505
215 0.6854523234611759
272 0.38013346484750943
384 0.40907762480431675
360 0.8363088112858525
16 0.9033970598967507
