
 0.500
 0.485
 0.531
 0.482
 0.551
 0.505
 0.469
 0.515
 0.526
 0.502
 0.505
 0.541
 0.462
 0.510
 0.523
 0.501
 0.497
 0.552
 0.475
 0.526
 0.455
 0.484
 0.498
 0.482
 0.568
 0.519
 0.517
 0.474
 0.526
 0.505
 0.497
 0.454
 0.492
 0.552
 0.520
 0.547
 0.517
 0.509
 0.550
 0.523
 0.515
 0.474
 0.531
 0.527
 0.472
 0.456
 0.525
 0.483
 0.521
 0.543
 0.543
 0.500
 0.524
 0.513
 0.523
 0.498
 0.515
 0.491
 0.507
 0.458
 0.476
 0.503
 0.494
 0.554
 0.475
 0.508
 0.504
 0.441
 0.537
 0.509
 0.496
 0.486
 0.507
 0.500
 0.527
 0.492
 0.482
 0.510
 0.502
 0.524
 0.494
 0.508
 0.468
 0.492
 0.501
 0.515
 0.500
 0.417
 0.519
 0.504
 0.440
 0.496
 0.530
 0.517
 0.503
 0.521
 0.538
 0.507
 0.499
 0.526
 0.541
 0.506
 0.485
 0.479
 0.519
 0.518
 0.537
 0.524
 0.501
 0.503
 0.528
 0.503
 0.447
 0.499
 0.533
 0.474
 0.484
 0.498
 0.521
 0.459
 0.508
 0.517
 0.491
 0.515
 0.492
 0.489
 0.532
 0.591
 0.513
 0.549
 0.486
 0.490
 0.474
 0.452
 0.497
 0.436
 0.487
 0.507
 0.535
 0.567
 0.507
 0.545
 0.487
 0.459
 0.474
 0.503
 0.503
 0.553
 0.489
 0.514
 0.502
 0.487
 0.480
 0.520
 0.508
 0.517
 0.489
 0.497
 0.545
 0.472
 0.509
 0.517
 0.507
 0.527
 0.480
 0.526
 0.478
 0.469
 0.541
 0.532
 0.503
 0.513
 0.493
 0.453
 0.458
 0.549
 0.505
 0.492
 0.488
 0.468
 0.447
 0.552
 0.526
 0.476
 0.508
 0.508
 0.493
 0.505
 0.498
 0.519
 0.520
 0.485
 0.520
 0.544
 0.525
 0.505
 0.447
 0.476
 0.486
 0.480

