1 0.09368963777161687
0 0.782434734250059
2 0.026904571139921174
42 0.9256681042822316
357 0.3771234719780857
498 0.9257625760254371
71 0.8278606317122847
250 0.5925613219806461
359 0.50681543131549
428 0.6905462625311615
199 0.44755206022878924
19 0.49477078354053583
258 0.4587192701026177
402 0.16164417259350372
209 0.819919432650523
234 0.9444252569744904
314 0.7057236246975755
592 0.3448488457329377
468 0.7464597400140442
272 0.9544138479764248
223 0.8329331278161588
87 0.3762879668197515
125 0.7567788831720781
3 0.7512196752051123
4 0.21979799356415386
78 0.7935148513632165
36 0.49796051923045415
259 0.9657405706117065
577 0.04507991082488805
512 0.5489741002558877
142 0.3625143876418735
315 0.74877907789554
459 0.927786123575795
492 0.45841185111274807
81 0.9534213597552887
97 0.5244127775974348
358 0.952600161602112
415 0.8932735997357156
130 0.0240108040790169
496 0.46300658260584937
525 0.6122960445758249
17 0.9234726135119357
26 0.6851533883755203
253 0.8836346640195532
458 0.4360863217573955
193 0.4801153456927586
446 0.7981564735382466
278 0.2916617900049314
205 0.9357421393939864
5 0.4196447876978555
16 0.7909972106397085
38 0.22439679917173805
247 0.11022795629336801
356 0.6437682424746096
202 0.19851872365068435
245 0.5191309519866175
389 0.8241650852457733
420 0.07934022732000345
483 0.9877139277936967
583 0.5193332788927788
221 0.6129260006608915
128 0.5822692673629596
463 0.30032570740445064
257 0.3446227351664719
417 0.23887915249012537
436 0.9339108509443652
551 0.1666951466970631
478 0.581517241678726
418 0.39695907611637227
167 0.39489105368236965
109 0.44838690641828105
117 0.404299826140157
368 0.14694277101049003
425 0.4877261233561112
341 0.33358394177118633
488 0.7609458924508805
537 0.20813695194766202
538 0.4830842811121989
506 0.7426993639947036
588 0.9300904433325996
448 0.16343085851278305
159 0.3631030723232206
339 0.6663604542937744
541 0.7668465659165989
39 0.3528164323057683
134 0.8560709014362152
317 0.2770340460098818
324 0.9330008808525577
370 0.16941623196822364
579 0.7806898993948334
232 0.5305700614075034
361 0.14604731254749748
566 0.26691228146002555
116 0.08421886024578507
561 0.8187971972793192
275 0.5293478748174861
396 0.5247947618703044
282 0.8799540363696029
237 0.7754827674838376
518 0.025102436289377583
266 0.24004895320496422
135 0.42771416321930644
179 0.6425338281393004
260 0.44652470639561936
214 0.4243395134533401
262 0.5355237138183314
264 0.5866235495831476
86 0.06073137643132198
102 0.8078666220155899
346 0.04781500897292634
392 0.7551966707237902
531 0.1277554841463766
256 0.9966842224006471
413 0.2222644394817339
508 0.7665049494118503
480 0.2037601471423991
388 0.7798321795623786
570 0.429079191070034
552 0.10054087990924176
319 0.024183337454967924
64 0.765675520053765
162 0.7780507725574246
177 0.32435099812962154
522 0.0654082317677086
276 0.6082325615347325
466 0.270157751261737
433 0.5504013724199975
175 0.3498781065252128
147 0.683850505605903
376 0.01991601352876249
569 0.8099139540542796
171 0.8166005567100025
395 0.48435813614684275
562 0.6896443647620562
475 0.6190233645502138
342 0.5572709944885486
374 0.11375971664391604
280 0.024718246878407513
73 0.5495118528030554
63 0.07261649427355976
27 0.3726652540868953
132 0.48750428854324557
140 0.24817792419081164
560 0.6977769911509973
427 0.8493978199438122
435 0.19481662851986714
571 0.8418373157551744
325 0.3189119384393382
331 0.3459592882454585
283 0.8209666745106114
286 0.21815385598085868
208 0.8012768125665759
59 0.0858846165283691
405 0.9469993829705858
406 0.9779197564595581
291 0.4484619794409369
400 0.33184163712012194
489 0.6186236472370349
13 0.7799383417878787
43 0.7853835840903934
332 0.6601488927486833
380 0.5430015969682062
238 0.86980273444386
318 0.16519918287626445
204 0.0037346119457176696
523 0.24098404934013562
212 0.741903799175764
84 0.40640755728796696
482 0.5848353514987126
344 0.5848126528850806
149 0.08251323157766788
587 0.5231775118652152
384 0.004154186403999893
497 0.9714929510436795
485 0.6831530908986924
546 0.07316889406858085
565 0.650025720651611
456 0.7231178253345469
300 0.4541309177123788
437 0.768310234317412
363 0.17013457495606765
241 0.9134140060386456
133 0.08518827407614538
54 0.5256243929170321
215 0.5125803394577083
292 0.8952108851133828
564 0.5160072678160104
543 0.32820661200654555
99 0.2328979618197603
219 0.361469160907695
336 0.15912797778871068
155 0.74559459979779
545 0.7129315490145122
479 0.7156796887796821
320 0.010999054304787093
584 0.25711341591954606
461 0.9804577253176434
131 0.8247724223357675
55 0.5742940779294967
29 0.8922496193639412
115 0.6516217226795773
572 0.3249777947057281
146 0.9339557635696655
431 0.01748178731456218
495 0.26422265208885953
382 0.2812104087206371
210 0.739271395435153
268 0.6359953344102695
330 0.17237500225114688
263 0.6038294088938814
198 0.8754994382472794
101 0.12292642059741965
490 0.8024818006709978
285 0.6712955153341972
369 0.8347319235163853
590 0.8837985837850032
422 0.38631668641444583
430 0.7975415946815866
119 0.2658320757373607
424 0.07923438404957439
375 0.7188463893857953
160 0.17673057362908828
248 0.43478747298411735
353 0.31354000974118
379 0.01998286364620283
148 0.9657965626549799
11 0.6899155294054025
12 0.035974620369656596
32 0.2470279225165961
188 0.008182720461030746
281 0.47850714428827745
354 0.2275531706315187
457 0.21528406932898259
239 0.0871276568431566
404 0.3702774782853665
553 0.1374219021716453
227 0.21826007381451984
306 0.9913044038360325
295 0.5465479490562198
301 0.47276246616078055
235 0.10653826351629225
129 0.22143066819576995
293 0.7501870286126955
556 0.17233056320739482
311 0.9759337740789598
542 0.5578740890079562
231 0.417969893983127
573 0.9807158088633151
351 0.7031346431342796
501 0.7036954540604513
589 0.24528741332942217
94 0.11582957106774705
121 0.4513343425923192
176 0.49108011213100644
455 0.19226280770410098
151 0.2386951625671726
366 0.3432449859384664
493 0.5108342430183406
348 0.9762438297762812
72 0.7186351386761259
591 0.37190265795758193
599 0.28389297401781977
190 0.19078840660871266
312 0.6347062904541196
233 0.4586278534584076
499 0.5334327169552678
230 0.10968428734906677
120 0.21959676394440042
168 0.5071618973775547
381 0.20398205580444628
76 0.6312970985573201
22 0.285376324003345
57 0.4539715275541688
563 0.623615584974284
391 0.33074407944715833
401 0.2760590521618813
85 0.9714103240165958
105 0.17144989542712197
145 0.061686591172162575
172 0.6882536771196825
269 0.24462048883916698
532 0.48629580279089757
192 0.4905421955181908
350 0.2700409061697129
441 0.3328180368129079
385 0.09812018774986808
305 0.8403274456288328
536 0.7061130597221953
549 0.8677387216914563
158 0.77830160192498
352 0.3882369401343887
473 0.09590548808646049
178 0.09168470255215011
229 0.9460769141423634
450 0.6164753932908424
503 0.7760869917074148
290 0.5083149167966129
580 0.3619297537055667
251 0.6976825923319723
225 0.3313585839506329
112 0.4889743538797803
524 0.1745144652015852
597 0.16557039088563452
394 0.8493297260764715
470 0.3384978795090182
515 0.48720407972298185
186 0.8472292991914365
236 0.8699984189978499
191 0.8787556754529853
45 0.5268691869813649
166 0.8319076670962267
228 0.10413149736131921
82 0.6199330470373473
114 0.04475909463490413
180 0.27240630392540566
220 0.25780529187304413
511 0.4732902014624346
530 0.11521029671105587
410 0.05615001111070417
528 0.931588911391706
365 0.3432355403870714
124 0.10495116888928457
471 0.6206062812097816
476 0.7593480098931421
296 0.9511095274558745
397 0.026614575390218276
6 0.7628939912622219
14 0.34192185085419213
21 0.8871544460162029
56 0.9645432555174674
465 0.6145893173824497
462 0.11004935003203697
189 0.3041568938375616
372 0.2592016502549864
143 0.2257898395049539
307 0.8278052984778104
419 0.5872728928886792
152 0.38570416306420596
49 0.42438041155351924
265 0.08296687715915863
445 0.7281609219976506
206 0.5568556082612719
386 0.2177840421723315
527 0.007963931514869071
586 0.49389936051103167
526 0.6013350781895166
83 0.98637183724271
174 0.6190884953864506
173 0.8043066106131345
408 0.5083455950236727
548 0.9521966321903602
141 0.5309040656499048
18 0.5970187828718203
41 0.581705659726661
7 0.4718805934913809
8 0.4614893428689699
161 0.765277858036768
474 0.9067563946315467
414 0.586937178649304
534 0.10828239388340455
261 0.1790950841693375
378 0.47150297572649136
454 0.9988713629100182
267 0.5760836882491095
52 0.03530431528453204
469 0.8448436962473449
340 0.8599780714792644
403 0.7997384140687812
222 0.253769966805256
243 0.5325231321905878
547 0.9460310569185068
279 0.4410862172801818
491 0.4183906007674396
533 0.33658000096097174
31 0.07472550287778723
96 0.834979885785812
310 0.3828525220860117
421 0.792065321295154
111 0.3746868421483266
218 0.7761726373744664
409 0.3697638366405932
582 0.55483962811776
226 0.728375648281087
184 0.31714498101347277
517 0.9605809510347488
558 0.7300643418298294
362 0.18415667555349036
327 0.059595565649552484
487 0.7632757240903189
585 0.2473539673438928
334 0.0213336296185348
138 0.8490418368775288
51 0.8732122179081006
144 0.13272059132737102
323 0.08716122746892074
136 0.765339115818302
240 0.08897532795613494
270 0.986829676573956
156 0.9561221728698196
411 0.25916376453217305
383 0.9594247553026316
407 0.006564608961368568
37 0.13208502118070553
9 0.31471135572306175
442 0.5719640652182052
187 0.15981696660120526
89 0.04837862462276499
107 0.7926832158584644
33 0.8168211135185327
40 0.06670740976030887
510 0.7423898831297115
355 0.49979900989808024
68 0.17234180854507464
182 0.749745521371904
165 0.31632545479536833
25 0.7296150797822331
28 0.09822871514397669
207 0.9889848460426163
137 0.710307096045599
201 0.27593658321058734
555 0.9708148962533113
10 0.7692296427861355
15 0.9114970379778898
438 0.47261858985361216
567 0.06351685156547549
316 0.34878366868358623
126 0.4711510919464943
154 0.5292291248580616
574 0.3598066397998799
464 0.8946536101529988
93 0.5244509736266014
197 0.898672438523663
484 0.7047178846570786
122 0.9259685378832093
183 0.7790073281633484
321 0.5243450236854423
242 0.37946296930451406
393 0.9936314278988896
103 0.6508404769415316
62 0.11747307194695078
66 0.6797363511619271
440 0.8905137820888099
502 0.004481302056401182
360 0.8156882833556791
426 0.6174596493073256
77 0.4350367545078013
224 0.010006800873795463
387 0.3736299170314943
170 0.016268644299270885
439 0.21421909642592019
443 0.9635926894393706
289 0.274668034653594
338 0.6538771790153779
299 0.8682587925333176
194 0.1625460368629602
79 0.6657000263754668
67 0.20847348376287744
70 0.8843801715809474
313 0.9530224308502868
486 0.12342323954759504
507 0.6835796807789063
398 0.44412052014637504
557 0.0396028526568567
444 0.73789381681365
254 0.9870637191878533
504 0.8999292217503622
217 0.44424454812465375
249 0.9418536667920461
598 0.09718751969736805
309 0.2586234537206792
550 0.1568327565733989
559 0.9905283580682754
520 0.37923280096918266
185 0.26302878139260943
200 0.6870530028538542
596 0.1342484522601708
575 0.09418416596801249
578 0.9489937616283588
447 0.11596754341792126
452 0.833651198320198
529 0.713967195715806
88 0.3933578541423689
118 0.9137524242005476
274 0.9106859913940177
349 0.7607838735009107
500 0.10231751260119959
377 0.5804130445347861
390 0.06291497060601248
539 0.3973259577407995
302 0.02975697721436854
273 0.20827925764822353
568 0.21117442942935594
519 0.5844837789337497
287 0.6175970631856459
514 0.3569044299779439
108 0.8018194049684416
513 0.02791014002920489
106 0.28387484280013386
20 0.4556753106794883
23 0.9491227343726495
60 0.37619672547012917
308 0.2951712289870645
576 0.2500427017316569
304 0.6085368611868764
53 0.15466383848312704
423 0.8309317962154152
516 0.7924699277370537
521 0.7268743101035897
505 0.3501944690405544
246 0.09110704618415255
412 0.583258446604653
494 0.7791524937329287
594 0.7884657713039933
90 0.844784721583115
92 0.530495558835188
24 0.6250968032913496
277 0.7227831341063798
335 0.5129412284346566
364 0.4030140072251329
213 0.4541816874661567
451 0.5827814144245975
50 0.6582220773490782
61 0.9912339690467143
328 0.7405425126130571
244 0.07111775186533376
326 0.4805764465628708
288 0.8985241556265816
509 0.6635579856652267
581 0.8280100454199572
284 0.4782148345761268
110 0.12005139779757812
123 0.2674782121213002
371 0.7604871723360516
416 0.16358832026172654
535 0.6559069199467903
481 0.32041090934583794
345 0.29682890917505567
347 0.17309609058094855
252 0.029043484745056136
343 0.44051222941097523
196 0.16890043984554692
203 0.9602102506720516
477 0.9437907773901881
554 0.9768755669948431
303 0.24143583378976718
75 0.5048100777140289
80 0.5749252968648305
98 0.29258977788607987
294 0.17781050660200626
297 0.6807571988339568
373 0.11823872400597513
181 0.6477016218591978
460 0.7681930461917852
367 0.6058034441431425
127 0.9699274138842484
449 0.9204820272848868
434 0.9712521807989121
467 0.07464397806611422
150 0.5704387759036638
95 0.13350511753608052
195 0.360436819148535
544 0.9389230917556165
34 0.9959262552015582
35 0.20062742619236873
46 0.6456095311170106
58 0.3697978659386437
540 0.7495750006400644
69 0.053523334904892916
104 0.5857470098688742
211 0.828804554011772
47 0.7383040370784906
216 0.02103777451941835
429 0.5764844236978769
322 0.19271681611786107
91 0.8103813753993683
255 0.5078278048490105
113 0.8613811371970983
44 0.8026540555365544
65 0.8223723008476876
595 0.9935173808475386
432 0.7289224654470564
472 0.37754917618208594
453 0.7207331032880924
74 0.9917160974279702
271 0.1311288632929094
298 0.060635810623898556
48 0.37183249656876094
153 0.24527666038127183
157 0.3857321607621599
164 0.15799780801026442
399 0.5862667505579358
163 0.7497702296609301
329 0.7319416100446472
100 0.4050319767567355
139 0.09955283353540867
337 0.021683811593246394
593 0.690643604752095
169 0.7197833561871658
333 0.18572635470064935
30 0.8568531671941564
