
 0.645
 0.621
 0.615
 0.644
 0.625
 0.631
 0.616
 0.602
 0.632
 0.619
 0.634
 0.644
 0.629
 0.620
 0.611
 0.613
 0.623
 0.613
 0.637
 0.617
 0.624
 0.627
 0.633
 0.641
 0.641
 0.626
 0.624
 0.636
 0.610
 0.615
 0.629
 0.626
 0.627
 0.621
 0.630
 0.622
 0.631
 0.628
 0.597
 0.638
 0.641
 0.630
 0.618
 0.626
 0.642
 0.620
 0.634
 0.628
 0.622
 0.624
 0.621
 0.622
 0.624
 0.628
 0.644
 0.616
 0.631
 0.624
 0.640
 0.649
 0.642
 0.616
 0.641
 0.611
 0.629
 0.635
 0.645
 0.636
 0.634
 0.649
 0.646
 0.652
 0.623
 0.637
 0.629
 0.643
 0.656
 0.645
 0.651
 0.649
 0.628
 0.645
 0.647
 0.650
 0.643
 0.649
 0.649
 0.626
 0.652
 0.644
 0.642
 0.656
 0.654
 0.644
 0.649
 0.645
 0.648
 0.619
 0.648
 0.634
 0.630
 0.620
 0.660
 0.642
 0.644
 0.650
 0.638
 0.629
 0.642
 0.653
 0.644
 0.633
 0.668
 0.657
 0.666
 0.647
 0.651
 0.668
 0.649
 0.671
 0.650
 0.668
 0.622
 0.657
 0.652
 0.653
 0.661
 0.655
 0.643
 0.667
 0.657
 0.648
 0.665
 0.672
 0.651
 0.662
 0.663
 0.671
 0.654
 0.650
 0.668
 0.652
 0.665
 0.661
 0.677
 0.682
 0.675
 0.662
 0.678
 0.671
 0.659
 0.671
 0.681
 0.674
 0.665
 0.676
 0.681
 0.676
 0.673
 0.661
 0.694
 0.684
 0.655
 0.640
 0.675
 0.660
 0.661
 0.678
 0.679
 0.662
 0.664
 0.678
 0.681
 0.662
 0.671
 0.671
 0.678
 0.703
 0.698
 0.688
 0.672
 0.686
 0.694
 0.684
 0.690
 0.691
 0.685
 0.701
 0.694
 0.704
 0.714
 0.696
 0.687
 0.697
 0.693
 0.709
 0.686
 0.708
 0.699
 0.680
 0.712
 0.672
 0.688
 0.684
 0.698
 0.700
 0.703
 0.718
 0.708
 0.691
 0.695
 0.705
 0.713
 0.700
 0.693
 0.716
 0.711
 0.708
 0.691
 0.694
 0.722
 0.700
 0.724
 0.716
 0.718
 0.676
 0.701
 0.682
 0.707
 0.675
 0.711
 0.701
 0.705
 0.685
 0.694
 0.698
 0.722
 0.729
 0.709
 0.700
 0.726
 0.713
 0.676
 0.702
 0.708
 0.688
 0.708
 0.720
 0.728
 0.692
 0.723
 0.736
 0.730
 0.719
 0.716
 0.727
 0.726
 0.737
 0.697
 0.725
 0.696
 0.726
 0.714
 0.726
 0.730
 0.740
 0.699
 0.731
 0.722
 0.692
 0.720
 0.737
 0.740
 0.698
 0.736
 0.740
 0.738
 0.731
 0.707
 0.735
 0.718
 0.722
 0.718
 0.725
 0.706
 0.728
 0.721
 0.718
 0.741
 0.712
 0.738
 0.733
 0.720
 0.736
 0.735
 0.738
 0.739
 0.738
 0.748
 0.759
 0.736
 0.728
 0.728
 0.720
 0.721
 0.736
 0.724
 0.760
 0.723
 0.714
 0.739
 0.757
 0.722
 0.752
 0.748
 0.742
 0.734
 0.706
 0.731
 0.732
 0.746
 0.739
 0.758
 0.732
 0.751
 0.736
 0.752
 0.741
 0.737
 0.738
 0.746
 0.749
 0.758
 0.759
 0.731
 0.744
 0.760
 0.739
 0.750
 0.753
 0.745
 0.770
 0.742
 0.741
 0.733
 0.747
 0.752
 0.743
 0.747
 0.739
 0.769
 0.761
 0.773
 0.768
 0.762
 0.755
 0.746
 0.773
 0.746
 0.740
 0.763
 0.766
 0.755
 0.746
 0.734
 0.776
 0.718
 0.760
 0.759
 0.751
 0.751
 0.773
 0.770
 0.769
 0.749
 0.749
 0.773
 0.770
 0.756
 0.741
 0.770
 0.763
 0.788
 0.779
 0.762
 0.763
 0.788
 0.785
 0.763
 0.737
 0.781
 0.764
 0.771
 0.766
 0.762
 0.766
 0.776
 0.749
 0.770
 0.768
 0.770
 0.763
 0.773
 0.749
 0.757
 0.772
 0.771
 0.769
 0.799
 0.756
 0.746
 0.755
 0.777
 0.741
 0.772
 0.749
 0.797
 0.782
 0.774
 0.772
 0.778
 0.783
 0.785
 0.762
 0.780
 0.770
 0.762
 0.771
 0.780
 0.777
 0.765
 0.770
 0.774
 0.743
 0.776
 0.750
 0.781
 0.786
 0.760
 0.800
 0.792
 0.754
 0.792
 0.795
 0.747
 0.781
 0.789
 0.773
 0.762
 0.768
 0.789
 0.759
 0.774
 0.776
 0.758
 0.769
 0.788
 0.770
 0.772
 0.789
 0.774
 0.785
 0.760
 0.796
 0.779
 0.759
 0.790
 0.794
 0.773
 0.769
 0.788
 0.774
 0.780
 0.784
 0.775
 0.787
 0.795
 0.799
 0.782
 0.781
 0.781
 0.781
 0.779
 0.785
 0.782
 0.777
 0.763
 0.778
 0.762
 0.788
 0.768
 0.790
 0.766
 0.805
 0.792
 0.776
 0.782
 0.794
 0.779
 0.799
 0.792
 0.815
 0.778
 0.748
 0.803
 0.788
 0.793
 0.777
 0.784
 0.794
 0.803
 0.790
 0.790
 0.780
 0.786
 0.807
 0.810
 0.791
 0.794
 0.791
 0.776
 0.799
 0.791
 0.776
 0.781
 0.781
 0.772
 0.793
 0.795
 0.800
 0.785
 0.789
 0.778
 0.807
 0.805
 0.803
 0.801
 0.786
 0.793
 0.769
 0.777
 0.780
 0.779
 0.784
 0.782
 0.797
 0.767
 0.804
 0.782
 0.794
 0.786
 0.794
 0.794
 0.794
 0.800
 0.795
 0.808
 0.812
 0.745
 0.776
 0.788
 0.801
 0.796
 0.798
 0.789
 0.809
 0.805
 0.798
 0.756
 0.778
 0.756
 0.818
 0.806
 0.774
 0.788
 0.787
 0.824
 0.796
 0.803
 0.799
 0.786
 0.797
 0.786
 0.809
 0.773
 0.819
 0.799
 0.796
 0.808
 0.774
 0.797
 0.818
 0.791
 0.795
 0.823
 0.824
 0.769
 0.802
 0.800
 0.792
 0.814
 0.789
 0.780
 0.755
 0.800
 0.797
 0.782
 0.801
 0.815
 0.806
 0.808
 0.776
 0.809
 0.822
 0.814
 0.800
 0.792
 0.783
 0.790
 0.809
 0.777
 0.821
 0.791
 0.814
 0.797
 0.777
 0.778
 0.788
 0.824
 0.818
 0.791
 0.801
 0.791
 0.808
 0.790
 0.785
 0.803
 0.811
 0.808
 0.793
 0.808
 0.805
 0.788
 0.810
 0.776
 0.806
 0.794
 0.769
 0.777
 0.802
 0.791
 0.822
 0.760
 0.784
 0.799
 0.794
 0.807
 0.761
 0.810
 0.782
 0.817
 0.780
 0.795
 0.801
 0.814
 0.799
 0.792
 0.805
 0.781
 0.811
 0.800
 0.801
 0.798
 0.806
 0.822
 0.798
 0.792
 0.821
 0.813
 0.811
 0.792
 0.820
 0.809
 0.799
 0.813
 0.799
 0.807
 0.786
 0.773
 0.805
 0.814
 0.778
 0.781
 0.827
 0.799
 0.796
 0.804
 0.770
 0.806
 0.803
 0.777
 0.785
 0.782
 0.795
 0.791
 0.824
 0.804
 0.803
 0.776
 0.807
 0.819
 0.791
 0.812
 0.772
 0.798
 0.793
 0.743
 0.791
 0.798
 0.795
 0.802
 0.810
 0.787
 0.793
 0.811
 0.804
 0.803
 0.817
 0.793
 0.792
 0.791
 0.788
 0.820
 0.819
 0.813
 0.822
 0.807
 0.781
 0.792
 0.810
 0.790
 0.808
 0.803
 0.800
 0.775
 0.789
 0.800
 0.802
 0.799
 0.813
 0.815
 0.792
 0.797
 0.781
 0.820
 0.767
 0.791
 0.820
 0.799
 0.799
 0.810
 0.815
 0.817
 0.798
 0.806
 0.799
 0.788
 0.839
 0.817
 0.827
 0.792
 0.823
 0.815
 0.823
 0.808
 0.830
 0.823
 0.799
 0.796
 0.800
 0.802
 0.789
 0.801
 0.800
 0.819
 0.794
 0.809
 0.802
 0.818
 0.793
 0.803
 0.792
 0.808
 0.817
 0.779
 0.805
 0.806
 0.822
 0.814
 0.769
 0.815
 0.812
 0.795
 0.819
 0.795
 0.795
 0.799
 0.811
 0.814
 0.816
 0.843
 0.787
 0.798
 0.827
 0.808
 0.801
 0.824
 0.823
 0.828
 0.812
 0.787
 0.799
 0.813
 0.820
 0.757
 0.818
 0.806
 0.767
 0.798
 0.792
 0.827
 0.793
 0.811
 0.825
 0.796
 0.808
 0.795
 0.817
 0.817
 0.809
 0.835
 0.832
 0.806
 0.785
 0.798
 0.814
 0.819
 0.797
 0.817
 0.820
 0.801
 0.796
 0.819
 0.818
 0.814
 0.832
 0.793
 0.802
 0.806
 0.798
 0.824
 0.820
 0.806
 0.818
 0.794
 0.803
 0.804
 0.786
 0.806
 0.823
 0.770
 0.830
 0.807
 0.823
 0.825
 0.810
 0.817
 0.795
 0.819
 0.833
 0.809
 0.838
 0.822
 0.832
 0.805
 0.830
 0.831
 0.800
 0.811
 0.826
 0.824
 0.809
 0.827
 0.813
 0.821
 0.811
 0.813
 0.824
 0.797
 0.810
 0.803
 0.823
 0.806
 0.825
 0.798
 0.800
 0.799
 0.824
 0.798
 0.818
 0.838
 0.808
 0.799
 0.797
 0.796
 0.796
 0.793
 0.818
 0.792
 0.823
 0.795
 0.821
 0.801
 0.813
 0.823
 0.786
 0.802
 0.814
 0.802
 0.822
 0.805
 0.803
 0.819
 0.822
 0.777
 0.807
 0.783
 0.812
 0.832
 0.831
 0.812
 0.828
 0.794
 0.790
 0.827
 0.824
 0.794
 0.789
 0.834
 0.803
 0.811
 0.812
 0.817
 0.792
 0.823
 0.805
 0.807
 0.793
 0.798
 0.814
 0.831
 0.798
 0.788
 0.801
 0.813
 0.798
 0.818
 0.784
 0.794
 0.804
 0.837
 0.832
 0.827
 0.803
 0.785
 0.809
 0.789
 0.784
 0.800
 0.823
 0.791
 0.811
 0.736
 0.806
 0.816
 0.812
 0.802
 0.797
 0.807
 0.792
 0.828
 0.822
 0.807
 0.799
 0.821
 0.792
 0.816
 0.817
 0.832
 0.801
 0.820
 0.815
 0.821
 0.816
 0.788
 0.811
 0.822
 0.778
 0.819
 0.824
 0.810
 0.800
 0.807
 0.825
 0.814
 0.808
 0.801
 0.809
 0.796
 0.801
 0.814
 0.794
 0.800
 0.818
 0.792
 0.804
 0.802
 0.793
 0.806
 0.813
 0.826
 0.837
 0.808
 0.827
 0.820
 0.819
 0.789
 0.811
 0.822
 0.842
 0.784
 0.805
 0.819
 0.814
 0.825
 0.814
 0.797
 0.804
 0.800
 0.817
 0.811
 0.813
 0.815
 0.775
 0.812
 0.820
 0.801
 0.795
 0.800
 0.827
 0.808
 0.809
 0.809
 0.802
 0.809
 0.794
 0.833
 0.802
 0.796
 0.805
 0.792
 0.795
 0.805
 0.802
 0.796
 0.789
 0.813
 0.787
 0.789
 0.787
 0.808
 0.825
 0.777
 0.805
 0.806
 0.792
 0.803
 0.805
 0.775
 0.827
 0.790
 0.823
 0.828
 0.801
 0.832
 0.811
 0.808
 0.773
 0.784
 0.829
 0.813
 0.838
 0.787
 0.830
 0.814
 0.810
 0.791
 0.820
 0.794
 0.804
 0.794
 0.815
 0.808
 0.813
 0.821
 0.822
 0.848
 0.796
 0.800
 0.800
 0.835
 0.801
 0.798
 0.822
 0.804
 0.790
 0.805
 0.800
 0.815
 0.793
 0.833
 0.822
 0.814
 0.803
 0.815
 0.776
 0.822
 0.810
 0.808
 0.787
 0.821
 0.810
 0.815
 0.806
 0.826
 0.812
 0.823
 0.779
 0.796
 0.803
 0.799
 0.816
 0.815
 0.798
 0.792
 0.801
 0.788
 0.841
 0.829
 0.821
 0.808
 0.778
 0.794
 0.814
 0.802
 0.812
 0.809
 0.831
 0.810
 0.776
 0.802
 0.827
 0.802
 0.818
 0.806
 0.816
 0.809
 0.834
 0.827
 0.818
 0.770
 0.794
 0.816
 0.822
 0.820
 0.805
 0.807
 0.785
 0.839
 0.813
 0.826
 0.813
 0.832
 0.810
 0.805
 0.814
 0.797
 0.794
 0.805
 0.800
 0.804
 0.796
 0.801
 0.797
 0.817
 0.825
 0.824
 0.806
 0.763
 0.784
 0.820
 0.784
 0.809
 0.813
 0.775
 0.815
 0.821
 0.809
 0.822
 0.794
 0.776
 0.788
 0.836
 0.813
 0.818
 0.819
 0.821
 0.804
 0.816
 0.802
 0.792
 0.811
 0.814
 0.819
 0.807
 0.784
 0.798
 0.815
 0.792
 0.825
 0.778
 0.800
 0.792
 0.822
 0.780
 0.827
 0.788
 0.793
 0.833
 0.821
 0.821
 0.825
 0.822
 0.812
 0.816
 0.801
 0.823
 0.817
 0.800
 0.791
 0.807
 0.780
 0.826
 0.784
 0.799
 0.801
 0.826
 0.801
 0.779
 0.808
 0.817
 0.813
 0.809
 0.807
 0.817
 0.796
 0.800
 0.800
 0.797
 0.816
 0.797
 0.795
 0.810
 0.831
 0.785
 0.807
 0.771
 0.808
 0.818
 0.820
 0.827
 0.829
 0.825
 0.811
 0.800
 0.796
 0.780
 0.791
 0.829
 0.798
 0.800
 0.818
 0.806
 0.777
 0.805
 0.790
 0.805
 0.819
 0.794
 0.799
 0.817
 0.804
 0.847
 0.817
 0.773
 0.809
 0.804
 0.827
 0.822
 0.808
 0.775
 0.826
 0.817
 0.809
 0.793
 0.819
 0.809
 0.810
 0.821
 0.811
 0.821
 0.815
 0.820
 0.805
 0.802
 0.798
 0.825
 0.818
 0.794
 0.820
 0.790
 0.795
 0.802
 0.804
 0.840
 0.801
 0.801
 0.789
 0.818
 0.824
 0.818
 0.791
 0.816
 0.807
 0.805
 0.798
 0.788
 0.784
 0.813
 0.790
 0.815
 0.834
 0.811
 0.823
 0.782
 0.817
 0.809
 0.823
 0.793
 0.813
 0.827
 0.798
 0.809
 0.816
 0.840
 0.819
 0.815
 0.806
 0.825
 0.797
 0.816
 0.812
 0.821
 0.804
 0.797
 0.816
 0.809
 0.813
 0.835
 0.783
 0.799
 0.829
 0.809
 0.832
 0.815
 0.824
 0.823
 0.807
 0.816
 0.811
 0.813
 0.837
 0.800
 0.797
 0.829
 0.806
 0.801
 0.788
 0.838
 0.806
 0.797
 0.823
 0.808
 0.811
 0.825
 0.805
 0.801
 0.805
 0.805
 0.801
 0.794
 0.807
 0.798
 0.800
 0.812
 0.799
 0.794
 0.801
 0.842
 0.791
 0.803
 0.797
 0.827
 0.813
 0.814
 0.817
 0.813
 0.822
 0.806
 0.814
 0.824
 0.801
 0.814
 0.792
 0.810
 0.786
 0.822
 0.807
 0.815
 0.797
 0.823
 0.792
 0.794
 0.813
 0.796
 0.790
 0.831
 0.804
 0.804
 0.829
 0.799
 0.827
 0.804
 0.814
 0.820
 0.794
 0.827
 0.801
 0.780
 0.815
 0.806
 0.806
 0.831
 0.779
 0.817
 0.780
 0.787
 0.804
 0.786
 0.792
 0.800
 0.808
 0.799
 0.801
 0.786
 0.794
 0.825
 0.818
 0.815
 0.795
 0.802
 0.769
 0.813
 0.787
 0.788
 0.818
 0.801
 0.831
 0.791
 0.830
 0.793
 0.788
 0.830
 0.812
 0.820
 0.822
 0.793
 0.799
 0.801
 0.813
 0.806
 0.783
 0.805
 0.777
 0.797
 0.799
 0.798
 0.802
 0.811
 0.790
 0.787
 0.789
 0.805
 0.793
 0.794
 0.793
 0.791
 0.801
 0.808
 0.801
 0.828
 0.804
 0.830
 0.799
 0.790
 0.822
 0.779
 0.810
 0.809
 0.834
 0.786
 0.798
 0.824
 0.803
 0.816
 0.793
 0.823
 0.817
 0.801
 0.795
 0.789
 0.819
 0.827
 0.811
 0.779
 0.795
 0.806
 0.828
 0.823
 0.789
 0.804
 0.826
 0.795
 0.793
 0.824
 0.787
 0.791
 0.814
 0.805
 0.814
 0.816
 0.824
 0.815
 0.813
 0.823
 0.759
 0.802
 0.802
 0.795
 0.817
 0.805
 0.796
 0.819
 0.827
 0.809
 0.813
 0.794
 0.827
 0.797
 0.798
 0.773
 0.811
 0.826
 0.824
 0.817
 0.796
 0.808
 0.791
 0.828
 0.823
 0.799
 0.807
 0.823
 0.822
 0.817
 0.781
 0.799
 0.814
 0.805
 0.807
 0.825
 0.844
 0.813
 0.811
 0.803
 0.802
 0.801
 0.813
 0.784
 0.822
 0.775
 0.819
 0.802
 0.787
 0.808
 0.780
 0.802
 0.806
 0.789
 0.795
 0.820
 0.815
 0.797
 0.771
 0.817
 0.803
 0.833
 0.803
 0.792
 0.814
 0.825
 0.791
 0.831
 0.785
 0.814
 0.820
 0.801
 0.834
 0.837
 0.804
 0.794
 0.799
 0.809
 0.787
 0.755
 0.828
 0.820
 0.800
 0.829
 0.808
 0.803
 0.812
 0.793
 0.843
 0.797
 0.809
 0.809
 0.803
 0.811
 0.837
 0.831
 0.824
 0.806
 0.834
 0.802
 0.819
 0.797
 0.816
 0.811
 0.830
 0.790
 0.796
 0.805
 0.805
 0.812
 0.803
 0.827
 0.820
 0.805
 0.786
 0.816
 0.795
 0.807
 0.799
 0.799
 0.841
 0.807
 0.828
 0.831
 0.817
 0.811
 0.812
 0.787
 0.798
 0.775
 0.801
 0.815
 0.832
 0.820
 0.790
 0.806
 0.806
 0.843
 0.807
 0.812
 0.796
 0.815
 0.794
 0.810
 0.815
 0.819
 0.826
 0.813
 0.792
 0.795
 0.812
 0.780
 0.827
 0.826
 0.789
 0.808
 0.824
 0.770
 0.786
 0.792
 0.791
 0.785
 0.802
 0.818
 0.812
 0.827
 0.809
 0.811
 0.804
 0.814
 0.824
 0.776
 0.829
 0.828
 0.817
 0.806
 0.814
 0.831
 0.823
 0.798
 0.838
 0.780
 0.786
 0.831
 0.825
 0.793
 0.816
 0.797
 0.813
 0.810
 0.824
 0.812
 0.807
 0.787
 0.802
 0.817
 0.785
 0.790
 0.832
 0.814
 0.796
 0.828
 0.803
 0.807
 0.788
 0.795
 0.766
 0.786
 0.830
 0.800
 0.778
 0.825
 0.805
 0.799
 0.803
 0.801
 0.792
 0.826
 0.840
 0.814
 0.851
 0.796
 0.781
 0.798
 0.845
 0.840
 0.815
 0.819
 0.812
 0.798
 0.782
 0.801
 0.817
 0.832
 0.780
 0.840
 0.814
 0.790
 0.815
 0.835
 0.808
 0.835
 0.817
 0.820
 0.781
 0.793
 0.828
 0.806
 0.804
 0.823
 0.816
 0.769
 0.815
 0.826
 0.792
 0.817
 0.788
 0.819
 0.794
 0.826
 0.814
 0.798
 0.792
 0.794
 0.794
 0.824
 0.793
 0.805
 0.813
 0.834
 0.799
 0.810
 0.823
 0.834
 0.798
 0.798
 0.791
 0.821
 0.822
 0.808
 0.814
 0.822
 0.827
 0.790
 0.804
 0.801
 0.802
 0.810
 0.812
 0.814
 0.796
 0.818
 0.816
 0.757
 0.818
 0.828
 0.817
 0.798
 0.795
 0.821
 0.811
 0.811
 0.795
 0.802
 0.810
 0.813
 0.832
 0.778
 0.767
 0.796
 0.802
 0.795
 0.828
 0.780
 0.805
 0.821
 0.814
 0.813
 0.800
 0.771
 0.800
 0.820
 0.810
 0.815
 0.815
 0.799
 0.815
 0.790
 0.763
 0.819
 0.806
 0.786
 0.816
 0.801
 0.802
 0.828
 0.808
 0.825
 0.820
 0.821
 0.793
 0.834
 0.817
 0.815
 0.810
 0.798
 0.819
 0.826
 0.801
 0.826
 0.844
 0.813
 0.792
 0.833
 0.808
 0.836
 0.810
 0.798
 0.795
 0.780
 0.821
 0.780
 0.803
 0.833
 0.801
 0.807
 0.815
 0.814
 0.823
 0.803
 0.810
 0.809
 0.797
 0.795
 0.822
 0.814
 0.794
 0.820
 0.789
 0.785
 0.799
 0.808
 0.805
 0.782
 0.816
 0.818
 0.837
 0.819
 0.780
 0.809
 0.812
 0.838
 0.835
 0.785
 0.823
 0.810
 0.816
 0.792
 0.806
 0.799
 0.809
 0.799
 0.780
 0.781
 0.809
 0.794
 0.803
 0.812
 0.809
 0.801
 0.803
 0.840
 0.803
 0.807
 0.804
 0.829
 0.828
 0.813
 0.833
 0.824
 0.830
 0.791
 0.741
 0.808
 0.806
 0.817
 0.779
 0.788
 0.819
 0.806
 0.821
 0.789
 0.782
 0.797
 0.815
 0.812
 0.824
 0.822
 0.824
 0.805
 0.789
 0.815
 0.799
 0.800
 0.818
 0.835
 0.815
 0.798
 0.787
 0.843
 0.814
 0.807
 0.806
 0.803
 0.768
 0.838
 0.804
 0.809
 0.773
 0.801
 0.810
 0.820
 0.815
 0.825
 0.808
 0.825
 0.801
 0.797
 0.790
 0.827
 0.809
 0.782
 0.767
 0.806
 0.801
 0.788
 0.809
 0.812
 0.826
 0.803
 0.800
 0.801
 0.814
 0.831
 0.834
 0.801
 0.801
 0.831
 0.812
 0.816
 0.812
 0.804
 0.802
 0.835
 0.833
 0.830
 0.794
 0.825
 0.796
 0.836
 0.806
 0.803
 0.807
 0.805
 0.805
 0.807
 0.820
 0.811
 0.836
 0.805
 0.821
 0.794
 0.821
 0.789
 0.800
 0.808
 0.806
 0.826
 0.815
 0.815
 0.833
 0.827
 0.817
 0.826
 0.826
 0.786
 0.829
 0.807
 0.790
 0.825
 0.839
 0.788
 0.809
 0.787
 0.813
 0.785
 0.823
 0.800
 0.780
 0.789
 0.820
 0.808
 0.820
 0.828
 0.799
 0.804
 0.800
 0.822
 0.800
 0.795
 0.825
 0.822
 0.834
 0.809
 0.832
 0.806
 0.801
 0.843
 0.805
 0.824
 0.790
 0.811
 0.796
 0.830
 0.786
 0.825
 0.796
 0.817
 0.809
 0.814
 0.813
 0.828
 0.798
 0.828
 0.814
 0.803
 0.815
 0.840
 0.795
 0.765
 0.789
 0.816
 0.835
 0.803
 0.795
 0.765
 0.806
 0.813
 0.816
 0.794
 0.798
 0.827
 0.805
 0.810
 0.803
 0.792
 0.826
 0.811
 0.819
 0.827
 0.823
 0.800
 0.833
 0.804
 0.808
 0.815
 0.797
 0.820
 0.810
 0.807
 0.790
 0.794
 0.821
 0.826
 0.804
 0.793
 0.799
 0.807
 0.843
 0.795
 0.818
 0.829
 0.822
 0.821
 0.817
 0.769
 0.815
 0.822
 0.829
 0.799
 0.830
 0.808
 0.804
 0.797
 0.821
 0.823
 0.788
 0.793
 0.810
 0.794
 0.788
 0.790
 0.806
 0.808
 0.793
 0.799
 0.821
 0.799
 0.814
 0.822
 0.829
 0.826
 0.820
 0.820
 0.782
 0.828
 0.800
 0.810
 0.804
 0.831
 0.816
 0.816
 0.798
 0.812
 0.815
 0.806
 0.819
 0.798
 0.787
 0.830
 0.829
 0.793
 0.794
 0.805
 0.818
 0.812
 0.825
 0.773
 0.809
 0.779
 0.813
 0.797
 0.795
 0.797
 0.811
 0.820
 0.799
 0.802
 0.802
 0.809
 0.824
 0.815
 0.821
 0.806
 0.824
 0.806
 0.805
 0.810
 0.801
 0.809
 0.821
 0.826
 0.802
 0.797
 0.816
 0.766
 0.816
 0.801
 0.821
 0.826
 0.823
 0.792
 0.829
 0.836
 0.802
 0.799
 0.839
 0.822
 0.815
 0.809
 0.810
 0.798
 0.803
 0.801
 0.813
 0.829
 0.812
 0.820
 0.772
 0.829
 0.804
 0.792
 0.813
 0.814
 0.801
 0.802
 0.801
 0.817
 0.822
 0.815
 0.796
 0.813
 0.804
 0.826
 0.830
 0.798
 0.821
 0.802
 0.819
 0.815
 0.800
 0.814
 0.790
 0.795
 0.795
 0.829
 0.811
 0.804
 0.803
 0.790
 0.833
 0.821
 0.795
 0.811
 0.823
 0.800
 0.808
 0.840
 0.818
 0.819
 0.820
 0.783
 0.805
 0.804
 0.791
 0.782
 0.815
 0.839
 0.821
 0.829
 0.813
 0.815
 0.815
 0.821
 0.798
 0.780
 0.821
 0.797
 0.804
 0.789
 0.796
 0.817
 0.804
 0.808
 0.807
 0.801
 0.821
 0.800
 0.815
 0.801
 0.791
 0.799
 0.817
 0.805
 0.827
 0.819
 0.809
 0.804
 0.801
 0.810
 0.798
 0.821
 0.799
 0.814
 0.826
 0.808
 0.820
 0.789
 0.816
 0.791
 0.805
 0.767
 0.817
 0.822
 0.819
 0.830
 0.814
 0.809
 0.805
 0.777
 0.817
 0.787
 0.827
 0.799
 0.830
 0.825
 0.813
 0.799
 0.808
 0.819
 0.777
 0.814
 0.809
 0.816
 0.808
 0.822
 0.794
 0.810
 0.785
 0.819
 0.801
 0.814
 0.802
 0.800
 0.791
 0.816
 0.829
 0.795
 0.825
 0.825
 0.793
 0.821
 0.835
 0.809
 0.819
 0.782
 0.817
 0.798
 0.815
 0.825
 0.843
 0.818
 0.805
 0.802
 0.806
 0.781
 0.810
 0.802
 0.825
 0.812
 0.800
 0.819
 0.822
 0.818
 0.835
 0.816
 0.802
 0.779
 0.806
 0.795
 0.802
 0.825
 0.789
 0.803
 0.794
 0.811
 0.836
 0.823
 0.796
 0.830
 0.791
 0.798
 0.761
 0.799
 0.810
 0.811
 0.831
 0.810
 0.802
 0.819
 0.828
 0.794
 0.780
 0.822
 0.805
 0.768
 0.813
 0.831
 0.823
 0.823
 0.825
 0.798
 0.779
 0.817
 0.819
 0.817
 0.819
 0.829
 0.821
 0.828
 0.813
 0.808
 0.801
 0.817
 0.787
 0.816
 0.785
 0.805
 0.805
 0.789
 0.831
 0.821
 0.795
 0.819
 0.805
 0.814
 0.815
 0.793
 0.820
 0.809
 0.797
 0.830
 0.830
 0.806
 0.816
 0.816
 0.800
 0.804
 0.829
 0.812
 0.805
 0.822
 0.802
 0.785
 0.807
 0.832
 0.807
 0.817
 0.807
 0.825
 0.820
 0.800
 0.777
 0.810
 0.819
 0.818
 0.820
 0.826
 0.821
 0.820
 0.819
 0.823
 0.800
 0.795
 0.790
 0.821
 0.794
 0.810
 0.817
 0.796
 0.803
 0.813
 0.827
 0.821
 0.808
 0.810
 0.808
 0.825
 0.805
 0.781
 0.780
 0.821
 0.814
 0.812
 0.803
 0.772
 0.816
 0.794
 0.834
 0.751
 0.827
 0.811
 0.819
 0.823
 0.834
 0.797
 0.819
 0.826
 0.781
 0.818
 0.817
 0.819
 0.794
 0.804
 0.827
 0.820
 0.813
 0.831
 0.791
 0.819
 0.820
 0.811
 0.806
 0.831
 0.816
 0.789
 0.815
 0.807
 0.836
 0.801
 0.811
 0.822
 0.832
 0.794
 0.783
 0.801
 0.808
 0.774
 0.797
 0.794
 0.808
 0.796
 0.820
 0.812
 0.817
 0.838
 0.823
 0.795
 0.783
 0.810
 0.800
 0.804
 0.785
 0.823
 0.820
 0.823
 0.810
 0.816
 0.798
 0.802
 0.821
 0.823
 0.795
 0.804
 0.801
 0.810
 0.810
 0.816
 0.811
 0.782
 0.815
 0.790
 0.810
 0.782
 0.796
 0.811
 0.809
 0.810
 0.795
 0.820
 0.826
 0.796
 0.823
 0.804
 0.776
 0.815
 0.798
 0.822
 0.825
 0.803
 0.838
 0.810
 0.800
 0.790
 0.821
 0.802
 0.838
 0.828
 0.836
 0.817
 0.819
 0.828
 0.821
 0.805
 0.827
 0.816
 0.816
 0.818
 0.812
 0.817
 0.810
 0.809
 0.804
 0.792
 0.815
 0.830
 0.820
 0.813
 0.840
 0.825
 0.816
 0.827
 0.841
 0.783
 0.802
 0.800
 0.820
 0.811
 0.822
 0.823
 0.814
 0.795
 0.801
 0.832
 0.801
 0.808
 0.796
 0.807
 0.833
 0.825
 0.812
 0.811
 0.821
 0.815
 0.817
 0.805
 0.832
 0.814
 0.783
 0.813
 0.814
 0.810
 0.788
 0.780
 0.827
 0.805
 0.788
 0.825
 0.794
 0.805
 0.794
 0.795
 0.823
 0.824
 0.812
 0.798
 0.803
 0.816
 0.819
 0.804
 0.804
 0.815
 0.798
 0.804
 0.809
 0.782
 0.812
 0.810
 0.790
 0.817
 0.811
 0.798
 0.817
 0.824
 0.808
 0.791
 0.805
 0.821
 0.805
 0.811
 0.787
 0.818
 0.803
 0.825
 0.841
 0.804
 0.776
 0.803
 0.793
 0.822
 0.801
 0.813
 0.790
 0.824
 0.779
 0.825
 0.823
 0.806
 0.803
 0.810
 0.816
 0.798
 0.812
 0.810
 0.803
 0.802
 0.822
 0.785
 0.833
 0.831
 0.817
 0.825
 0.814
 0.821
 0.809
 0.824
 0.805
 0.774
 0.838
 0.812
 0.854
 0.809
 0.812
 0.822
 0.791
 0.809
 0.836
 0.806
 0.790
 0.823
 0.829
 0.792
 0.814
 0.785
 0.810
 0.839
 0.812
 0.772
 0.813
 0.804
 0.813
 0.819
 0.801
 0.794
 0.822
 0.774
 0.824
 0.812
 0.828
 0.830
 0.827
 0.810
 0.837
 0.768
 0.815
 0.823
 0.806
 0.781
 0.797
 0.813
 0.816
 0.825
 0.816
 0.783
 0.817
 0.816
 0.808
 0.833
 0.799
 0.797
 0.818
 0.813
 0.826
 0.810
 0.787
 0.792
 0.808
 0.826
 0.828
 0.809
 0.797
 0.798
 0.806
 0.789
 0.841
 0.841
 0.804
 0.806
 0.806
 0.792
 0.827
 0.804
 0.803
 0.767
 0.812
 0.817
 0.820
 0.785
 0.812
 0.814
 0.814
 0.811
 0.818
 0.815
 0.814
 0.804
 0.813
 0.816
 0.798
 0.809
 0.813
 0.795
 0.799
 0.799
 0.801
 0.807
 0.810
 0.831
 0.830
 0.804
 0.823
 0.835
 0.813
 0.802
 0.815
 0.813
 0.801
 0.799
 0.819
 0.826
 0.830
 0.776
 0.826
 0.816
 0.810
 0.792
 0.783
 0.790
 0.823
 0.824
 0.807
 0.803
 0.805
 0.794
 0.802
 0.782
 0.807
 0.774
 0.839
 0.814
 0.812
 0.831
 0.812
 0.800
 0.821
 0.808
 0.801
 0.825
 0.815
 0.805
 0.829
 0.814
 0.819
 0.809
 0.813
 0.823
 0.782
 0.770
 0.805
 0.824
 0.826
 0.821
 0.834
 0.829
 0.817
 0.794
 0.806
 0.807
 0.805
 0.808
 0.798
 0.784
 0.816
 0.809
 0.796
 0.806
 0.817
 0.786
 0.822
 0.800
 0.821
 0.818
 0.824
 0.816
 0.806
 0.799
 0.797
 0.803
 0.818
 0.813
 0.807
 0.771
 0.805
 0.797
 0.806
 0.818
 0.783
 0.791
 0.794
 0.830
 0.821
 0.830
 0.787
 0.823
 0.804
 0.814
 0.830
 0.835
 0.811
 0.826
 0.814
 0.813
 0.806
 0.816
 0.804
 0.777
 0.822
 0.806
 0.825
 0.827
 0.825
 0.790
 0.799
 0.773
 0.795
 0.824
 0.814
 0.813
 0.803
 0.816
 0.825
 0.819
 0.792
 0.841
 0.795
 0.832
 0.814
 0.799
 0.804
 0.811
 0.820
 0.778
 0.813
 0.801
 0.814
 0.824
 0.797
 0.812
 0.790
 0.796
 0.810
 0.826
 0.804
 0.783
 0.800
 0.823
 0.804
 0.809
 0.800
 0.813
 0.813
 0.813
 0.808
 0.838
 0.824
 0.788
 0.811
 0.795
 0.789
 0.798
 0.810
 0.804
 0.801
 0.791
 0.795
 0.811
 0.795
 0.828
 0.829
 0.774
 0.781
 0.809
 0.817
 0.837
 0.806
 0.817
 0.784
 0.796
 0.807
 0.787
 0.814
 0.795
 0.826
 0.841
 0.818
 0.782
 0.824
 0.810
 0.810
 0.816
 0.785
 0.809
 0.827
 0.814
 0.819
 0.814
 0.817
 0.817
 0.802
 0.811
 0.802
 0.836
 0.811
 0.808
 0.797
 0.810
 0.816
 0.810
 0.826
 0.818
 0.823
 0.805
 0.793
 0.806
 0.817
 0.818
 0.795
 0.815
 0.811
 0.826
 0.780
 0.814
 0.824
 0.805
 0.823
 0.834
 0.817
 0.829
 0.798
 0.781
 0.787
 0.781
 0.821
 0.834
 0.797
 0.814
 0.807
 0.810
 0.814
 0.810
 0.813
 0.811
 0.801
 0.827
 0.805
 0.802
 0.810
 0.817
 0.807
 0.810
 0.791
 0.823
 0.823
 0.818
 0.813
 0.813
 0.794
 0.813
 0.812
 0.797
 0.806
 0.820
 0.787
 0.813
 0.825
 0.843
 0.788
 0.818
 0.817
 0.832
 0.808
 0.797
 0.841
 0.790
 0.786
 0.774
 0.811
 0.812
 0.791
 0.823
 0.778
 0.815
 0.827
 0.820
 0.792
 0.794
 0.801
 0.832
 0.808
 0.787
 0.812
 0.787
 0.802
 0.778
 0.798
 0.811
 0.824
 0.793
 0.778
 0.764
 0.820
 0.831
 0.830
 0.818
 0.792
 0.820
 0.809
 0.811
 0.786
 0.829
 0.807
 0.809
 0.790
 0.826
 0.828
 0.804
 0.819
 0.813
 0.830
 0.770
 0.817
 0.807
 0.827
 0.814
 0.825
 0.814
 0.822
 0.834
 0.817
 0.825
 0.796
 0.796
 0.806
 0.819
 0.819
 0.792
 0.803
 0.819
 0.814
 0.839
 0.827
 0.816
 0.800
 0.815
 0.826
 0.804
 0.795
 0.775
 0.802
 0.770
 0.811
 0.811
 0.793
 0.783
 0.826
 0.815
 0.815
 0.793
 0.818
 0.813
 0.805
 0.770
 0.804
 0.786
 0.836
 0.807
 0.806
 0.821
 0.809
 0.816
 0.805
 0.812
 0.799
 0.841
 0.823
 0.797
 0.780
 0.815
 0.808
 0.837
 0.812
 0.816
 0.807
 0.785
 0.796
 0.829
 0.823
 0.804
 0.822
 0.781
 0.832
 0.822
 0.798
 0.816
 0.821
 0.801
 0.792
 0.844
 0.810
 0.795
 0.823
 0.824
 0.806
 0.781
 0.835
 0.801
 0.821
 0.813
 0.820
 0.837
 0.808
 0.811
 0.820
 0.808
 0.811
 0.798
 0.846
 0.813
 0.818
 0.809
 0.836
 0.832
 0.819
 0.812
 0.801
 0.803
 0.791
 0.828
 0.827
 0.805
 0.837
 0.806
 0.821
 0.810
 0.815
 0.780
 0.821
 0.802
 0.822
 0.793
 0.836
 0.810
 0.835
 0.798
 0.817
 0.832
 0.815
 0.819
 0.805
 0.831
 0.836
 0.834
 0.815
 0.818
 0.803
 0.812
 0.812
 0.816
 0.816
 0.808
 0.813
 0.814
 0.795
 0.811
 0.815
 0.796
 0.793
 0.801
 0.814
 0.785
 0.832
 0.785
 0.810
 0.793
 0.817
 0.816
 0.811
 0.810
 0.808
 0.828
 0.811
 0.804
 0.815
 0.806
 0.804
 0.829
 0.799
 0.826
 0.816
 0.813
 0.779
 0.790
 0.798
 0.808
 0.784
 0.821
 0.801
 0.766
 0.806
 0.800
 0.787
 0.807
 0.825
 0.799
 0.788
 0.803
 0.809
 0.788
 0.816
 0.810
 0.784
 0.782
 0.790
 0.809
 0.819
 0.805
 0.809
 0.815
 0.811
 0.814
 0.811
 0.789
 0.799
 0.798
 0.808
 0.793
 0.792
 0.786
 0.833
 0.826
 0.823
 0.815
 0.806
 0.811
 0.822
 0.822
 0.797
 0.799
 0.832
 0.784
 0.791
 0.822
 0.817
 0.770
 0.798
 0.806
 0.792
 0.796
 0.816
 0.809
 0.799
 0.825
 0.810
 0.812
 0.796
 0.809
 0.827
 0.797
 0.811
 0.812
 0.790
 0.814
 0.802
 0.811
 0.798
 0.830
 0.798
 0.806
 0.805
 0.788
 0.792
 0.806
 0.804
 0.828
 0.806
 0.815
 0.808
 0.778
 0.809
 0.830
 0.796
 0.816
 0.799
 0.821
 0.813
 0.819
 0.791
 0.823
 0.820
 0.807
 0.822
 0.812
 0.809
 0.806
 0.802
 0.826
 0.792
 0.834
 0.804
 0.800
 0.813
 0.812
 0.824
 0.821
 0.790
 0.777
 0.811
 0.823
 0.807
 0.815
 0.807
 0.821
 0.800
 0.783
 0.809
 0.802
 0.799
 0.827
 0.793
 0.821
 0.776
 0.825
 0.820
 0.820
 0.806
 0.804
 0.802
 0.787
 0.804
 0.796
 0.802
 0.802
 0.798
 0.844
 0.805
 0.831
 0.844
 0.819
 0.796
 0.840
 0.802
 0.818
 0.817
 0.837
 0.803
 0.775
 0.804
 0.807
 0.803
 0.796
 0.801
 0.826
 0.793
 0.813
 0.819
 0.827
 0.799
 0.812
 0.805
 0.799
 0.811
 0.809
 0.818
 0.789
 0.798
 0.783
 0.814
 0.802
 0.811
 0.813
 0.780
 0.804
 0.805
 0.811
 0.807
 0.796
 0.823
 0.799
 0.810
 0.839
 0.809
 0.808
 0.799
 0.796
 0.819
 0.815
 0.806
 0.810
 0.823
 0.817
 0.826
 0.802
 0.809
 0.794
 0.824
 0.808
 0.815
 0.799
 0.829
 0.788
 0.809
 0.781
 0.821
 0.812
 0.817
 0.800
 0.808
 0.798
 0.806
 0.821
 0.812
 0.796
 0.813
 0.819
 0.805
 0.793
 0.806
 0.830
 0.824
 0.818
 0.810
 0.815
 0.795
 0.838
 0.786
 0.774
 0.817
 0.773
 0.797
 0.818
 0.784
 0.794
 0.819
 0.804
 0.801
 0.841
 0.819
 0.812
 0.823
 0.827
 0.806
 0.812
 0.806
 0.815
 0.817
 0.778
 0.817
 0.787
 0.820
 0.820
 0.809
 0.832
 0.814
 0.824
 0.779
 0.791
 0.839
 0.822
 0.807
 0.817
 0.816
 0.771
 0.782
 0.802
 0.801
 0.830
 0.790
 0.800
 0.815
 0.810
 0.825
 0.809
 0.822
 0.788
 0.807
 0.808
 0.813
 0.802
 0.826
 0.836
 0.820
 0.785
 0.814
 0.796
 0.837
 0.783
 0.823
 0.828
 0.818
 0.799
 0.793
 0.826
 0.793
 0.831
 0.810
 0.795
 0.810
 0.808
 0.802
 0.837
 0.815
 0.813
 0.795
 0.838
 0.805
 0.801
 0.818
 0.789
 0.792
 0.831
 0.805
 0.819
 0.809
 0.817
 0.797
 0.794
 0.812
 0.834
 0.819
 0.808
 0.822
 0.821
 0.808
 0.809
 0.789
 0.797
 0.791
 0.831
 0.816
 0.821
 0.807
 0.831
 0.821
 0.824
 0.831
 0.785
 0.826
 0.790
 0.820
 0.800
 0.832
 0.803
 0.821
 0.809
 0.805
 0.802
 0.789
 0.818
 0.812
 0.796
 0.796
 0.805
 0.806
 0.804
 0.826
 0.807
 0.797
 0.823
 0.781
 0.811
 0.843
 0.833
 0.814
 0.805
 0.805
 0.814
 0.793
 0.790
 0.825
 0.807
 0.800
 0.813
 0.815
 0.798
 0.822
 0.824
 0.799
 0.805
 0.789
 0.815
 0.806
 0.780
 0.820
 0.788
 0.818
 0.814
 0.808
 0.810
 0.810
 0.811
 0.809
 0.817
 0.814
 0.823
 0.813
 0.816
 0.811
 0.806
 0.807
 0.820
 0.816
 0.797
 0.808
 0.814
 0.793
 0.803
 0.826
 0.807
 0.780
 0.838
 0.801
 0.831
 0.813
 0.800
 0.796
 0.831
 0.810
 0.798
 0.796
 0.787
 0.793
 0.823
 0.803
 0.814
 0.776
 0.788
 0.793
 0.804
 0.804
 0.815
 0.825
 0.803
 0.800
 0.816
 0.829
 0.822
 0.812
 0.829
 0.813
 0.813
 0.796
 0.806
 0.788
 0.823
 0.775
 0.758
 0.781
 0.796
 0.810
 0.783
 0.827
 0.779
 0.804
 0.800
 0.814
 0.789
 0.789
 0.799
 0.810
 0.806
 0.777
 0.785
 0.808
 0.823
 0.815
 0.795
 0.790
 0.807
 0.806
 0.790
 0.817
 0.786
 0.794
 0.801
 0.828
 0.804
 0.801
 0.801
 0.806
 0.830
 0.788
 0.802
 0.829
 0.810
 0.817
 0.784
 0.764
 0.802
 0.811
 0.796
 0.793
 0.794
 0.806
 0.809
 0.825
 0.820
 0.807
 0.832
 0.792
 0.807
 0.821
 0.828
 0.815
 0.824
 0.789
 0.777
 0.799
 0.822
 0.834
 0.815
 0.804
 0.806
 0.819
 0.819
 0.803
 0.825
 0.812
 0.801
 0.800
 0.792
 0.794
 0.811
 0.791
 0.799
 0.797
 0.817
 0.799
 0.791
 0.809
 0.791
 0.812
 0.817
 0.822
 0.808
 0.806
 0.802
 0.814
 0.800
 0.792
 0.793
 0.773
 0.790
 0.799
 0.793
 0.822
 0.807
 0.830
 0.810
 0.817
 0.819
 0.816
 0.788
 0.823
 0.806
 0.808
 0.798
 0.804
 0.804
 0.804
 0.828
 0.803
 0.822
 0.786
 0.814
 0.826
 0.816
 0.808
 0.815
 0.789
 0.816
 0.793
 0.825
 0.834
 0.825
 0.800
 0.835
 0.813
 0.795
 0.815
 0.794
 0.799
 0.832
 0.818
 0.824
 0.787
 0.792
 0.813
 0.809
 0.834
 0.803
 0.793
 0.800
 0.788
 0.800
 0.803
 0.820
 0.801
 0.796
 0.818
 0.827
 0.824
 0.831
 0.801
 0.779
 0.813
 0.830
 0.798
 0.813
 0.811
 0.823
 0.805
 0.810
 0.829
 0.822
 0.814
 0.798
 0.801
 0.823
 0.835
 0.809
 0.788
 0.813
 0.822
 0.832
 0.817
 0.807
 0.787
 0.822
 0.804
 0.805
 0.810
 0.789
 0.797
 0.803
 0.823
 0.799
 0.817
 0.815
 0.824
 0.789
 0.801
 0.827
 0.835
 0.794
 0.838
 0.822
 0.816
 0.810
 0.802
 0.817
 0.816
 0.804
 0.799
 0.813
 0.803
 0.830
 0.820
 0.799
 0.815
 0.788
 0.808
 0.822
 0.777
 0.810
 0.797
 0.772
 0.821
 0.806
 0.812
 0.819
 0.826
 0.818
 0.804
 0.787
 0.799
 0.829
 0.821
 0.804
 0.834
 0.817
 0.795
 0.783
 0.806
 0.781
 0.809
 0.803
 0.819
 0.821
 0.792
 0.809
 0.829
 0.784
 0.806
 0.815
 0.813
 0.831
 0.813
 0.812
 0.807
 0.834
 0.783
 0.807
 0.823
 0.820
 0.826
 0.814
 0.807
 0.832
 0.791
 0.797
 0.821
 0.812
 0.810
 0.841
 0.809
 0.815
 0.807
 0.820
 0.795
 0.825
 0.831
 0.815
 0.816
 0.805
 0.796
 0.799
 0.784
 0.819
 0.811
 0.799
 0.808
 0.824
 0.795
 0.810
 0.806
 0.799
 0.819
 0.800
 0.803
 0.795
 0.823
 0.811
 0.812
 0.834
 0.797
 0.818
 0.782
 0.801
 0.832
 0.831
 0.814
 0.813
 0.799
 0.816
 0.801
 0.814
 0.806
 0.822
 0.827
 0.812
 0.791
 0.807
 0.791
 0.822
 0.808
 0.816
 0.797
 0.811
 0.829
 0.805
 0.814
 0.808
 0.805
 0.818
 0.807
 0.815
 0.808
 0.795
 0.822
 0.791
 0.813
 0.791
 0.802
 0.819
 0.824
 0.800
 0.821
 0.810
 0.802
 0.800
 0.814
 0.800
 0.800
 0.795
 0.800
 0.810
 0.819
 0.818
 0.813
 0.819
 0.823
 0.827
 0.788
 0.809
 0.814
 0.832
 0.811
 0.817
 0.827
 0.788
 0.785
 0.814
 0.799
 0.824
 0.828
 0.812
 0.822
 0.809
 0.814
 0.823
 0.833
 0.816
 0.791
 0.831
 0.815
 0.805
 0.793
 0.821
 0.789
 0.800
 0.817
 0.820
 0.820
 0.786
 0.795
 0.788
 0.802
 0.767
 0.842
 0.791
 0.830
 0.794
 0.780
 0.826
 0.789
 0.823
 0.798
 0.795
 0.799
 0.808
 0.765
 0.791
 0.832
 0.804
 0.823
 0.816
 0.813
 0.815
 0.813
 0.837
 0.798
 0.810
 0.822
 0.772
 0.822
 0.841
 0.809
 0.820
 0.799
 0.803
 0.832
 0.789
 0.806
 0.828
 0.798
 0.813
 0.783
 0.833
 0.817
 0.807
 0.814
 0.814
 0.797
 0.824
 0.826
 0.808
 0.799
 0.815
 0.820
 0.840
 0.807
 0.829
 0.815
 0.822
 0.816
 0.811
 0.796
 0.786
 0.830
 0.810
 0.807
 0.812
 0.803
 0.807
 0.804
 0.788
 0.808
 0.823
 0.740
 0.805
 0.811
 0.815
 0.808
 0.804
 0.787
 0.791
 0.824
 0.828
 0.807
 0.784
 0.809
 0.822
 0.793
 0.781
 0.785
 0.794
 0.810
 0.833
 0.794
 0.809
 0.784
 0.814
 0.807
 0.764
 0.787
 0.819
 0.823
 0.788
 0.816
 0.826
 0.769
 0.786
 0.820
 0.822
 0.802
 0.816
 0.810
 0.806
 0.834
 0.827
 0.791
 0.815
 0.828
 0.787
 0.811
 0.805
 0.808
 0.791
 0.771
 0.790
 0.813
 0.788
 0.814
 0.838
 0.798
 0.824
 0.807
 0.823
 0.813
 0.792
 0.803
 0.790
 0.814
 0.813
 0.786
 0.786
 0.802
 0.809
 0.819
 0.818
 0.789
 0.815
 0.797
 0.806
 0.774
 0.784
 0.825
 0.800
 0.810
 0.830
 0.810
 0.817
 0.793
 0.802
 0.771
 0.801
 0.808
 0.829
 0.782
 0.796
 0.829
 0.782
 0.798
 0.815
 0.834
 0.792
 0.811
 0.815
 0.806
 0.821
 0.815
 0.796
 0.806
 0.822
 0.811
 0.794
 0.813
 0.821
 0.798
 0.802
 0.814
 0.819
 0.826
 0.813
 0.813
 0.777
 0.770
 0.823
 0.792
 0.799
 0.807
 0.819
 0.802
 0.827
 0.763
 0.782
 0.822
 0.832
 0.797
 0.794
 0.810
 0.802
 0.790
 0.805
 0.810
 0.813
 0.796
 0.803
 0.813
 0.810
 0.796
 0.800
 0.794
 0.821
 0.769
 0.819
 0.820
 0.822
 0.809
 0.812
 0.832
 0.827
 0.825
 0.819
 0.823
 0.809
 0.785
 0.824
 0.817
 0.788
 0.814
 0.789
 0.773
 0.815
 0.814
 0.789
 0.788
 0.821
 0.823
 0.793
 0.803
 0.804
 0.822
 0.801
 0.817
 0.823
 0.828
 0.806
 0.804
 0.829
 0.810
 0.796
 0.820
 0.823
 0.814
 0.794
 0.828
 0.800
 0.822
 0.794
 0.808
 0.795
 0.781
 0.808
 0.825
 0.805
 0.808
 0.809
 0.812
 0.822
 0.800
 0.798
 0.794
 0.801
 0.805
 0.808
 0.822
 0.811
 0.816
 0.814
 0.816
 0.789
 0.817
 0.828
 0.797
 0.831
 0.764
 0.781
 0.801
 0.808
 0.806
 0.816
 0.800
 0.796
 0.791
 0.828
 0.803
 0.806
 0.816
 0.827
 0.801
 0.819
 0.805
 0.787
 0.802
 0.822
 0.777
 0.784
 0.797
 0.781
 0.791
 0.825
 0.817
 0.821
 0.799
 0.812
 0.782
 0.772
 0.775
 0.806
 0.789
 0.786
 0.824
 0.816
 0.808
 0.771
 0.800
 0.804
 0.820
 0.804
 0.803
 0.821
 0.826
 0.803
 0.790
 0.817
 0.809
 0.813
 0.833
 0.788
 0.822
 0.787
 0.843
 0.815
 0.780
 0.795
 0.817
 0.815
 0.810
 0.817
 0.793
 0.799
 0.800
 0.806
 0.814
 0.809
 0.794
 0.813
 0.809
 0.830
 0.821
 0.784
 0.802
 0.819
 0.806
 0.764
 0.801
 0.812
 0.789
 0.800
 0.788
 0.815
 0.791
 0.830
 0.810
 0.814
 0.793
 0.811
 0.790
 0.810
 0.816
 0.818
 0.806
 0.811
 0.814
 0.804
 0.831
 0.810
 0.815
 0.825
 0.823
 0.816
 0.801
 0.813
 0.823
 0.835
 0.788
 0.805
 0.783
 0.804
 0.794
 0.823
 0.803
 0.804
 0.807
 0.810
 0.804
 0.813
 0.828
 0.791
 0.804
 0.804
 0.779
 0.814
 0.821
 0.819
 0.835
 0.816
 0.816
 0.802
 0.821
 0.800
 0.808
 0.788
 0.826
 0.816
 0.817
 0.823
 0.828
 0.806
 0.786
 0.795
 0.786
 0.797
 0.804
 0.821
 0.829
 0.801
 0.815
 0.817
 0.821
 0.838
 0.782
 0.778
 0.805
 0.821
 0.787
 0.793
 0.806
 0.838
 0.819
 0.816
 0.821
 0.795
 0.836
 0.826
 0.802
 0.812
 0.811
 0.819
 0.808
 0.817
 0.825
 0.805
 0.826
 0.773
 0.788
 0.820
 0.810
 0.826
 0.837
 0.795
 0.790
 0.785
 0.814
 0.833
 0.809
 0.812
 0.801
 0.807
 0.786
 0.798
 0.807
 0.807
 0.816
 0.812
 0.806
 0.825
 0.811
 0.807
 0.815
 0.816
 0.757
 0.804
 0.805
 0.826
 0.827
 0.797
 0.788
 0.822
 0.816
 0.804
 0.802
 0.821
 0.791
 0.785
 0.821
 0.806
 0.811
 0.796
 0.814
 0.774
 0.787
 0.783
 0.792
 0.791
 0.805
 0.800
 0.811
 0.816
 0.825
 0.793
 0.801
 0.787
 0.805
 0.839
 0.801
 0.815
 0.833
 0.798
 0.808
 0.820
 0.807
 0.822
 0.786
 0.817
 0.798
 0.800
 0.787
 0.775
 0.824
 0.799
 0.812
 0.829
 0.829
 0.826
 0.821
 0.788
 0.832
 0.823
 0.827
 0.816
 0.790
 0.816
 0.824
 0.823
 0.796
 0.798
 0.803
 0.788
 0.802
 0.808
 0.812
 0.804
 0.792
 0.812
 0.815
 0.823
 0.800
 0.831
 0.828
 0.797
 0.804
 0.811
 0.781
 0.805
 0.816
 0.805
 0.807
 0.816
 0.817
 0.811
 0.814
 0.815
 0.835
 0.819
 0.820
 0.805
 0.804
 0.822
 0.808
 0.796
 0.815
 0.794
 0.803
 0.819
 0.792
 0.817
 0.792
 0.808
 0.814
 0.810
 0.799
 0.838
 0.825
 0.823
 0.792
 0.803
 0.769
 0.803
 0.810
 0.811
 0.803
 0.812
 0.802
 0.791
 0.826
 0.777
 0.827
 0.826
 0.792
 0.829
 0.791
 0.795
 0.814
 0.826
 0.807
 0.803
 0.809
 0.815
 0.816
 0.810
 0.813
 0.788
 0.788
 0.833
 0.793
 0.796
 0.788
 0.834
 0.811
 0.806
 0.802
 0.834
 0.814
 0.811
 0.819
 0.822
 0.822
 0.800
 0.806
 0.823
 0.825
 0.804
 0.801
 0.812
 0.850
 0.780
 0.817
 0.778
 0.798
 0.812
 0.814
 0.794
 0.800
 0.812
 0.812
 0.785
 0.806
 0.816
 0.811
 0.803
 0.802
 0.806
 0.839
 0.796
 0.771
 0.806
 0.830
 0.787
 0.784
 0.817
 0.832
 0.799
 0.820
 0.795
 0.827
 0.788
 0.802
 0.819
 0.801
 0.798
 0.791
 0.810
 0.800
 0.813
 0.814
 0.768
 0.828
 0.830
 0.825
 0.781
 0.837
 0.802
 0.823
 0.813
 0.814
 0.792
 0.789
 0.794
 0.807
 0.792
 0.809
 0.793
 0.817
 0.820
 0.798
 0.788
 0.799
 0.819
 0.822
 0.801
 0.835
 0.821
 0.810
 0.786
 0.801
 0.793
 0.832
 0.794
 0.833
 0.825
 0.824
 0.795
 0.829
 0.823
 0.790
 0.811
 0.800
 0.815
 0.817
 0.817
 0.826
 0.827
 0.830

