
 5.990
 0.010
 0.000
 0.000
 0.000
 2.000
 8.000
 0.000
 4.000
 0.020
 1.980
 0.020
 2.000
 0.000
 2.000
 0.000
 2.000
 4.000
 2.000
 2.000
 0.030
 0.000
 0.000
 3.990
 0.010
 7.990
 4.000
 0.000
 2.000
 0.020
 0.000
 0.000
 0.000
 0.010
 0.000
 0.000
 2.000
 0.010
 2.000
 0.000
 6.000
 6.000
 2.000
 0.000
 4.000
 2.000
 0.000
 0.020
 7.990
 2.000
 2.000
 4.000
 0.000
 0.000
 0.000
 1.990
 7.990
 2.000
 0.000
 6.000
 6.000
 4.000
 0.000
 9.970
 0.020
 2.000
 0.000
 0.000
 4.000
 0.030
 10.000
 4.000
 4.000
 0.000
 2.000
 7.960
 7.970
 4.000
 2.000
 2.000
 2.000
 0.010
 0.000
 1.970
 0.000
 4.000
 2.000
 4.000
 0.000
 4.000

