
 0.498
 0.543
 0.559
 0.568
 0.568
 0.568
 0.568
 0.568
 0.568
 0.568
 0.568
 0.568
 0.568
 0.568
 0.568
 0.568
 0.568
 0.568
 0.568
 0.568
 0.568
 0.568
 0.568
 0.568
 0.568
 0.568
 0.568
 0.568
 0.568
 0.568
 0.568
 0.568
 0.568
 0.568
 0.568
 0.568
 0.568
 0.568
 0.568
 0.568
 0.568
 0.568
 0.568
 0.568
 0.568
 0.568
 0.568
 0.568
 0.568
 0.568
 0.568
 0.568
 0.568
 0.568
 0.568
 0.568
 0.568
 0.568
 0.568
 0.568
 0.568
 0.568
 0.568
 0.568
 0.568
 0.568
 0.568
 0.568
 0.568
 0.568
 0.568
 0.568
 0.568
 0.568
 0.568
 0.568
 0.568
 0.568
 0.568
 0.568
 0.568
 0.568
 0.568
 0.568
 0.568
 0.568
 0.568
 0.568
 0.568
 0.568
 0.568
 0.568
 0.568
 0.568
 0.568
 0.568
 0.568
 0.568
 0.568
 0.568
 0.568
 0.568
 0.568
 0.568
 0.568
 0.568
 0.568
 0.568
 0.568
 0.568
 0.568
 0.568
 0.568
 0.568
 0.568
 0.568
 0.568
 0.568
 0.568
 0.568
 0.568
 0.568
 0.568
 0.568
 0.568
 0.568
 0.568
 0.568
 0.568
 0.568
 0.568
 0.568
 0.568
 0.568
 0.568
 0.568
 0.568
 0.568
 0.568
 0.568
 0.568
 0.568
 0.568
 0.568
 0.568
 0.568
 0.568
 0.568
 0.568
 0.568
 0.568
 0.568
 0.568
 0.568
 0.568
 0.568
 0.568
 0.568
 0.568
 0.568
 0.568
 0.568
 0.568
 0.568
 0.568
 0.568
 0.568
 0.568
 0.568
 0.568
 0.568
 0.568
 0.568
 0.568
 0.568
 0.568
 0.568
 0.568
 0.568
 0.568
 0.568
 0.568
 0.568
 0.568
 0.568
 0.568
 0.568
 0.568
 0.568
 0.568
 0.568
 0.568
 0.568
 0.568
 0.568
 0.568
 0.568
 0.568
 0.568
 0.568

