0.6472514386925902 1
0.6485386869158621 1
0.654575021476316 1
0.6624232619098339 1
0.6624914504056991 1
0.6691718059738366 1
0.6704671405356144 1
0.670966430061969 1
0.6714499814944029 1
0.6727152630380602 1
0.6752745470316863 1
0.6768219007862415 1
0.6803465452803096 1
0.680712248836507 1
0.6815433187531411 1
0.6819362372792156 1
0.6833348683650381 1
0.683381991588888 1
0.6840118126805023 1
0.6855943558688005 1
0.6873635965299261 1
0.6875894105213217 1
0.6880158872459619 1
0.688586766712004 1
0.6896027747991917 1
0.6902756447802832 1
0.6905516529580197 1
0.6907040227706602 1
0.6908253723135971 1
0.691095550368432 1
0.6913011039243402 1
0.6915119619621477 1
0.6918982608323617 1
0.6919372219633637 1
0.692247568707658 1
0.6923393621458045 1
0.6938444852715132 1
0.6939108917689093 1
0.6944096917745597 1
0.6957889999527932 1
0.695965131867621 1
0.6967504694887084 1
0.6970257839591651 1
0.6971047818336484 1
0.6971206879938455 1
0.6971280409910292 1
0.6978710403677659 1
0.6979316528625585 1
0.698024531078151 1
0.6982985169505433 1
0.6984124377419549 1
0.6985897014608987 1
0.6990712667082875 1
0.6993113521109581 1
0.6999856130203531 1
0.7002680763014175 1
0.7005826941740332 1
0.7010222726131939 1
0.7011265915844451 1
0.7013802058921016 1
0.7018859470080399 1
0.7020997114558053 1
0.7021006489837036 1
0.7021771315183952 1
0.7022191183266228 1
0.7025814808897701 1
0.7026113431454177 1
0.7028301194554545 1
0.7032095957372563 1
0.7032964099196866 1
0.7040821747312391 1
0.7046314389537893 1
0.7047560084501692 1
0.7048495215565462 1
0.7050308957301611 1
0.7050710535132495 1
0.7051465985200422 1
0.7054536042712866 1
0.7057266887360794 1
0.7068970266110126 1
0.7069333800902874 1
0.7078859053930228 1
0.7081700034230096 1
0.7089584155203322 1
0.7090031218549276 1
0.7093288644219854 1
0.7096419233000204 1
0.7103069734594207 1
0.7104109013605054 1
0.7109751965455936 1
0.7110943730198952 1
0.7118045567043556 1
0.7120865927949555 1
0.7125373681691559 1
0.7129017169173492 1
0.713706413566324 1
0.7140739125450937 1
0.7142625962029663 1
0.7143580105750802 1
0.7147261671408306 1
0.7148687047367943 1
0.7157063246935503 1
0.7157428462391018 1
0.7162510873912632 1
0.7169686637069503 1
0.7171546639587535 1
0.7172403933637382 1
0.7173840157371478 1
0.7175197821685674 1
0.7177486345158993 1
0.7179050524529724 1
0.7182021294164685 1
0.7183896886628522 1
0.718478141107949 1
0.7188308187039668 1
0.7190536070181369 1
0.719063328105565 1
0.7192733208560718 1
0.7197120449143033 1
0.71981320626235 1
0.7198913235459635 1
0.7199617321371347 1
0.7201825703865581 1
0.7204531395115589 1
0.7206912026088854 1
0.7207942291023706 1
0.7209952811334415 1
0.7210475372591695 1
0.7219603245766545 1
0.7220509936033126 1
0.7222524728248483 1
0.7226040656434204 1
0.7232640155074975 1
0.7232714081387237 1
0.7233682983584498 1
0.7235238148879231 1
0.7239061579456403 1
0.7240351666366184 1
0.7241529783925564 1
0.7244447246642128 1
0.7247832627949339 1
0.7250166166671034 1
0.7254411903536666 1
0.7255984265513706 1
0.7257863280689111 1
0.7258094191600146 1
0.7261406042935523 1
0.7266835245420235 1
0.7274137021451562 1
0.7275710476997692 1
0.727685856474678 1
0.7282544797251158 1
0.7284359784520816 1
0.728589078092301 1
0.7286348103878472 1
0.7287983771355278 1
0.7288187848205625 1
0.7288701143247632 1
0.7294486816665183 1
0.7295518401059818 1
0.7300017140725835 1
0.7300037398916718 1
0.7304348012881179 1
0.7307182417311237 1
0.7307626419148615 1
0.7308712691307453 1
0.7311117456035816 1
0.7316354548191043 1
0.7328152734745913 1
0.7333295885702731 1
0.7337614682273501 1
0.7341925331375403 1
0.7344441216261088 1
0.7359826557008353 1
0.7364614979081123 1
0.7367931463524134 1
0.7369699358542222 1
0.7377525900692409 1
0.73782059519526 1
0.7384870362829635 1
0.7389541450078266 1
0.7389554998158314 1
0.7397661981677294 1
0.7399863654060695 1
0.7401786338776105 1
0.7405169777321144 1
0.7409471377209609 1
0.7411745991399893 1
0.7416407215379448 1
0.7451291732263882 1
0.7457655577822264 1
0.7483887626571409 1
0.7490330031549695 1
0.7507441674778241 1
0.7515835541294803 1
0.7537232798125576 1
0.7624339905962083 1
0.7667459985304521 1
0.7676796677501063 1
0.7718686443658213 1
