
 0.698
 0.734
 0.736
 0.687
 0.733
 0.718
 0.670
 0.720
 0.718
 0.728
 0.714
 0.720
 0.729
 0.725
 0.723
 0.675
 0.683
 0.731
 0.720
 0.698
 0.698
 0.719
 0.697
 0.721
 0.702
 0.728
 0.713
 0.691
 0.694
 0.724
 0.691
 0.732
 0.697
 0.749
 0.724
 0.729
 0.688
 0.724
 0.705
 0.734
 0.699
 0.740
 0.669
 0.703
 0.717
 0.739
 0.768
 0.673
 0.717
 0.705
 0.730
 0.703
 0.738
 0.721
 0.718
 0.741
 0.716
 0.714
 0.690
 0.671
 0.718
 0.715
 0.723
 0.713
 0.686
 0.647
 0.705
 0.741
 0.731
 0.699
 0.726
 0.728
 0.702
 0.705
 0.649
 0.727
 0.717
 0.691
 0.751
 0.738
 0.701
 0.702
 0.688
 0.662
 0.723
 0.767
 0.718
 0.731
 0.745
 0.684
 0.707
 0.681
 0.704
 0.709
 0.697
 0.730
 0.727
 0.709
 0.725
 0.692
 0.712
 0.680
 0.710
 0.720
 0.729
 0.736
 0.726
 0.682
 0.662
 0.682
 0.701
 0.690
 0.697
 0.721
 0.772
 0.700
 0.739
 0.715
 0.714
 0.726
 0.696
 0.708
 0.722
 0.730
 0.719
 0.699
 0.694
 0.706
 0.692
 0.720
 0.752
 0.722
 0.694
 0.726
 0.698
 0.691
 0.720
 0.700
 0.683
 0.712
 0.723
 0.689
 0.702
 0.691
 0.725
 0.705
 0.740
 0.742
 0.740
 0.708
 0.719
 0.671
 0.729
 0.717
 0.710
 0.703
 0.746
 0.728
 0.754
 0.655
 0.741
 0.709
 0.722
 0.703
 0.738
 0.697
 0.716
 0.701
 0.762
 0.705
 0.734
 0.737
 0.692
 0.730
 0.731
 0.711
 0.737
 0.718
 0.692
 0.692
 0.698
 0.729
 0.748
 0.724
 0.724
 0.714
 0.707
 0.729
 0.719
 0.702
 0.696
 0.733
 0.716
 0.705
 0.701
 0.721
 0.711
 0.710
 0.677
 0.703

