4 46
0 46
2 38
3 41
4 39
4 44
2 46
2 47
4 39
3 35
1 36
1 38
1 35
3 42
1 53
4 39
3 56
3 33
2 50
2 35
4 35
2 40
0 42
3 44
1 49
0 34
1 48
2 47
4 43
4 41
4 44
4 53
2 46
0 41
1 37
0 44
3 45
2 40
0 54
1 47
0 48
4 36
2 42
2 28
2 49
3 52
0 45
1 37
1 50
0 56
4 46
3 40
2 48
4 45
3 42
2 35
0 33
3 39
4 57
3 33
3 38
0 57
4 53
3 38
4 37
2 41
1 46
0 33
1 43
3 43
1 45
0 36
4 41
3 46
4 42
1 37
1 45
1 46
2 36
3 38
4 44
3 39
2 36
4 44
2 43
0 36
1 56
1 35
0 39
3 44
0 30
2 30
3 46
2 37
3 42
4 46
4 48
0 41
1 45
4 41
1 42
1 36
4 37
1 35
3 42
1 41
4 36
1 39
4 42
3 40
3 42
2 31
2 42
4 49
0 47
1 34
1 48
4 38
1 43
3 27
2 41
2 42
3 41
4 39
4 41
2 46
2 48
2 50
0 49
3 33
0 46
4 33
0 52
4 42
2 40
0 48
4 39
4 42
4 34
4 52
1 53
1 43
0 44
2 46
2 55
3 38
4 31
0 30
1 53
0 38
4 37
3 53
2 30
3 31
3 53
1 51
3 43
0 48
3 34
4 39
1 39
2 54
0 49
3 46
3 52
4 42
1 43
1 36
4 33
0 34
4 49
0 46
2 35
0 42
0 50
2 38
4 58
3 41
4 44
4 37
0 39
3 44
4 30
1 43
3 32
2 40
1 43
1 32
0 39
3 32
0 45
2 41
1 50
0 35
1 34
0 46
4 49
0 47
4 34
2 35
