0.42541756538153486 1
0.42662586295685195 1
0.42687464547022513 1
0.42918023257940674 1
0.432571247227162 1
0.43641404733956896 1
0.44579127859364703 1
0.4468488576735159 1
0.4519073532589188 1
0.4541423330906475 1
0.4551842739259587 1
0.45667199490778315 1
0.45724749729461955 1
0.4573449010798861 1
0.4584736482053404 1
0.45854805741872673 1
0.4608036945955783 1
0.4637390801666363 1
0.4653418856903038 1
0.46535413524909 1
0.4654584603273355 1
0.4659893780268535 1
0.46742657043109637 1
0.46798998146477516 1
0.46832181760886804 1
0.4683830962076104 1
0.46989201366288763 1
0.4703950754538211 1
0.4710279710819298 1
0.47230595215277943 1
0.4730382541543994 1
0.47346294887641527 1
0.47460139079542374 1
0.4749706550494652 1
0.47553794764644836 1
0.4758837440991077 1
0.47589506540075277 1
0.47612921840616546 1
0.47627590980671175 1
0.47658392624390117 1
0.4768518547154692 1
0.47724377782076116 1
0.477624113730007 1
0.4781680620647787 1
0.47880325636469534 1
0.478809437375182 1
0.4789751601595026 1
0.47937453165386956 1
0.4799774357387725 1
0.480601959091682 1
0.48124081651439954 1
0.4816620138398802 1
0.48246047673739445 1
0.4825840707430026 1
0.4826269680627977 1
0.48352207717266293 1
0.4841604101824392 1
0.4848756007077432 1
0.4851700707343086 1
0.4858487329630821 1
0.48593386531536387 1
0.48598616089921604 1
0.4860479291984274 1
0.4869089664863428 1
0.4869678573076879 1
0.48720865456659174 1
0.4874183692067166 1
0.48747555858085917 1
0.4878297539420396 1
0.4878864586370399 1
0.48804211794837676 1
0.48819929764699277 1
0.48913449597311826 1
0.4906088510402863 1
0.4916164642311025 1
0.49166483163679864 1
0.4933985310327784 1
0.49357781466287776 1
0.49394811717074466 1
0.4939636501915006 1
0.49516790701782554 1
0.4951766450780415 1
0.4962239071912288 1
0.4963737358816694 1
0.4964111625785374 1
0.4970594899043465 1
0.49716031629299956 1
0.49718486195867106 1
0.49804272330416066 1
0.4982671755103756 1
0.49905504455842625 1
0.49913327458393275 1
0.49914993836500515 1
0.4994372981351399 1
0.49947640108984487 1
0.49982305690724976 1
0.5006455692871978 1
0.5009531893182341 1
0.5020757384847578 1
0.5028044029025548 1
0.5029873808743724 1
0.50301046996237 1
0.5035656110678287 1
0.5037460137510827 1
0.504467200513647 1
0.5048722355188159 1
0.5051035839542588 1
0.5053849884206985 1
0.5054563883867129 1
0.5060081312810508 1
0.5061886835861141 1
0.5078122809302474 1
0.5078406972636182 1
0.5081422979191335 1
0.5090286381578849 1
0.5096888438698536 1
0.5100804798891745 1
0.5100866794891764 1
0.5104666252871977 1
0.510766261905591 1
0.5109518153977494 1
0.5111165828643588 1
0.5112828458127657 1
0.5115884958771595 1
0.5116548045602107 1
0.5120886067781147 1
0.512545363120514 1
0.5125883492230268 1
0.5128469857389654 1
0.513729046292492 1
0.51374743420718 1
0.5141464327631171 1
0.5143476505296506 1
0.5143768374542732 1
0.5149074059518656 1
0.5151147938473443 1
0.515462804248335 1
0.5154753873704615 1
0.5158033290245807 1
0.5165951050831992 1
0.5167802912629784 1
0.5169195152642103 1
0.5169781614577306 1
0.5173299448583928 1
0.517748795349112 1
0.5178179218460403 1
0.5178742734085298 1
0.5186235884344871 1
0.5189647199447568 1
0.5193696015794158 1
0.5194645776642708 1
0.5199835777581521 1
0.520350540165549 1
0.5208436143310152 1
0.5209431714744749 1
0.5209715811837639 1
0.5214280504059414 1
0.5225341116149158 1
0.5231346703042975 1
0.5232585298530984 1
0.5241222477299268 1
0.5244936759035252 1
0.5250018479706955 1
0.5251215587022119 1
0.5255625639724787 1
0.525884842803932 1
0.5268496256474063 1
0.5279617120654785 1
0.5284888078500273 1
0.5298598783205789 1
0.5302990300174691 1
0.5303852523242683 1
0.5325527244691597 1
0.5334459109799922 1
0.5340550195094179 1
0.5352626659354862 1
0.5364922905288979 1
0.5370506263993112 1
0.5413162676302224 1
0.543051905597901 1
0.5438162992373611 1
0.5455929445575127 1
0.545856713273866 1
0.5462530634982692 1
0.5467241892409216 1
0.5471785746225577 1
0.5472320274885955 1
0.5496397568043127 1
0.5499512205110123 1
0.5524891605050751 1
0.5535214233127528 1
0.5537878972293622 1
0.5543265369842361 1
0.5552260540882326 1
0.5558473071843117 1
0.5604517403403889 1
0.562826312433048 1
0.563430861551513 1
0.5635854044314752 1
0.5859954759971029 1
