
 0.498
 0.536
 0.518
 0.495
 0.476
 0.479
 0.509
 0.486
 0.484
 0.468
 0.498
 0.504
 0.505
 0.521
 0.501
 0.512
 0.520
 0.524
 0.521
 0.514
 0.518
 0.546
 0.541
 0.475
 0.470
 0.515
 0.511
 0.519
 0.508
 0.475
 0.472
 0.519
 0.479
 0.476
 0.521
 0.436
 0.552
 0.468
 0.530
 0.517
 0.586
 0.547
 0.512
 0.523
 0.467
 0.465
 0.508
 0.499
 0.517
 0.477
 0.502
 0.563
 0.503
 0.454
 0.486
 0.482
 0.459
 0.497
 0.508
 0.506
 0.499
 0.470
 0.488
 0.478
 0.477
 0.510
 0.458
 0.550
 0.517
 0.515
 0.517
 0.497
 0.515
 0.534
 0.429
 0.550
 0.513
 0.519
 0.500
 0.519
 0.495
 0.487
 0.492
 0.523
 0.563
 0.494
 0.526
 0.455
 0.528
 0.544
 0.503
 0.493
 0.487
 0.546
 0.564
 0.489
 0.514
 0.554
 0.466
 0.488
 0.543
 0.457
 0.485
 0.504
 0.547
 0.555
 0.510
 0.479
 0.465
 0.506
 0.481
 0.483
 0.554
 0.484
 0.516
 0.486
 0.479
 0.501
 0.505
 0.433
 0.560
 0.452
 0.457
 0.554
 0.465
 0.515
 0.504
 0.517
 0.547
 0.480
 0.505
 0.513
 0.499
 0.487
 0.476
 0.447
 0.511
 0.530
 0.446
 0.503
 0.505
 0.511
 0.461
 0.512
 0.525
 0.427
 0.499
 0.492
 0.488
 0.499
 0.514
 0.524
 0.487
 0.527
 0.496
 0.496
 0.511
 0.523
 0.556
 0.528
 0.496
 0.425
 0.526
 0.510
 0.476
 0.457
 0.473
 0.497
 0.481
 0.520
 0.427
 0.537
 0.485
 0.530
 0.518
 0.478
 0.514
 0.491
 0.521
 0.483
 0.514
 0.473
 0.471
 0.546
 0.494
 0.464
 0.494
 0.486
 0.487
 0.510
 0.533
 0.477
 0.476
 0.482
 0.533
 0.525
 0.468
 0.488
 0.513
 0.535

