
 0.557
 0.549
 0.556
 0.554
 0.444
 0.557
 0.490
 0.501
 0.529
 0.509
 0.478
 0.485
 0.552
 0.497
 0.538
 0.527
 0.494
 0.504
 0.543
 0.525
 0.501
 0.518
 0.475
 0.521
 0.534
 0.513
 0.531
 0.514
 0.476
 0.479
 0.521
 0.543
 0.581
 0.541
 0.525
 0.507
 0.481
 0.533
 0.520
 0.517
 0.476
 0.459
 0.439
 0.478
 0.493
 0.478
 0.535
 0.509
 0.474
 0.479
 0.512
 0.512
 0.541
 0.484
 0.455
 0.506
 0.442
 0.476
 0.456
 0.518
 0.533
 0.523
 0.516
 0.522
 0.501
 0.494
 0.482
 0.529
 0.482
 0.543
 0.554
 0.509
 0.535
 0.535
 0.536
 0.486
 0.482
 0.498
 0.502
 0.536
 0.520
 0.465
 0.508
 0.551
 0.517
 0.509
 0.520
 0.520
 0.485
 0.523
 0.500
 0.431
 0.458
 0.497
 0.552
 0.500
 0.515
 0.495
 0.469
 0.521
 0.514
 0.521
 0.521
 0.539
 0.589
 0.488
 0.473
 0.461
 0.508
 0.504
 0.428
 0.482
 0.490
 0.493
 0.538
 0.497
 0.475
 0.515
 0.557
 0.448
 0.535
 0.520
 0.529
 0.517
 0.516
 0.489
 0.523
 0.496
 0.514
 0.495
 0.493
 0.504
 0.475
 0.505
 0.509
 0.550
 0.526
 0.482
 0.568
 0.469
 0.482
 0.521
 0.525
 0.463
 0.567
 0.514
 0.517
 0.549
 0.500
 0.494
 0.535
 0.492
 0.534
 0.450
 0.477
 0.459
 0.492
 0.519
 0.538
 0.459
 0.507
 0.527
 0.506
 0.504
 0.535
 0.524
 0.597
 0.508
 0.516
 0.539
 0.505
 0.483
 0.475
 0.529
 0.484
 0.493
 0.531
 0.495
 0.476
 0.519
 0.515
 0.540
 0.483
 0.520
 0.507
 0.515
 0.531
 0.540
 0.482
 0.510
 0.485
 0.493
 0.501
 0.487
 0.500
 0.528
 0.524
 0.477
 0.525
 0.480

