
 1.970
 1.970
 0.010
 1.990
 0.010
 1.940
 0.020
 1.980
 1.960
 0.010
 0.010
 0.010
 2.000
 0.030
 0.030
 0.010
 0.010
 0.000
 0.010
 0.010
 0.000
 0.010
 0.010
 0.010
 3.970
 0.000
 3.960
 1.990
 0.020
 0.000
 1.980
 0.010
 0.000
 0.020
 0.010
 0.020
 3.980
 0.000
 0.010
 0.020
 0.020
 0.010
 0.020
 1.990
 2.000
 2.000
 0.020
 0.000
 3.990
 2.000
 0.020
 1.970
 0.020
 1.980
 0.000
 0.000
 0.000
 0.010
 0.010
 0.010
 1.980
 1.980
 0.000
 0.020
 0.020
 1.980
 0.030
 1.960
 0.000
 0.000
 0.010
 0.000
 0.000
 0.030
 1.980
 0.010
 0.000
 0.000
 1.990
 0.000
 1.980
 0.000
 0.000
 1.980
 3.940
 0.000
 1.990
 1.970
 0.010
 0.000
 0.010
 0.020
 0.000
 1.980
 3.980
 0.000
 0.010
 1.980
 4.000
 0.010
 2.000
 2.000
 0.000
 0.010
 2.000
 0.000
 0.030
 0.000
 1.960
 0.010
 0.010
 0.000
 0.010
 0.020
 0.010
 1.960
 3.940
 0.010
 0.010
 0.000
 0.000
 1.980
 1.980
 0.000
 0.010
 0.000
 0.000
 0.010
 0.000
 0.000
 1.970
 0.010
 0.020
 1.960
 0.030
 0.000
 0.000
 0.000
 1.980
 0.010
 0.000
 2.000
 0.010
 0.030
 0.010
 3.920
 1.990
 0.010
 0.000
 0.010
 0.000
 0.000
 0.010
 1.960
 0.010
 1.990
 0.010
 0.000
 0.010
 0.030
 0.040
 3.960
 0.000
 0.010
 1.970
 0.000
 0.000
 0.010
 0.000
 0.020
 0.000
 0.010
 0.010
 0.000
 0.010
 0.000
 0.000
 0.030
 0.030
 0.030
 0.010
 0.000
 7.930
 0.010
 1.970
 0.000
 0.000
 1.970
 0.010
 0.020
 3.990
 0.000
 0.020
 0.010
 2.000
 0.020
 0.010
 0.010
 0.000
 1.970
 0.020
 0.020
 0.010
 0.000
 0.000
 0.010
 0.000
 1.970
 0.010
 0.020
 0.010
 0.000
 0.020
 0.000
 0.010
 0.000
 1.970
 0.010
 1.970
 0.020
 0.000
 0.020
 0.000
 3.920
 0.000
 1.960
 0.000
 0.010
 0.000
 1.980
 0.040
 1.970
 0.000
 0.010
 0.000
 1.990
 0.000
 0.020
 0.010
 0.020
 0.010
 0.010
 0.010
 0.000
 3.930
 2.000
 0.000
 2.000
 0.000
 0.000
 0.010
 0.010
 0.000
 0.000
 0.000
 0.000
 0.010
 0.000
 5.960
 0.000
 1.990
 0.020
 1.980
 0.010
 0.030
 1.990
 0.000
 0.020
 1.990
 0.010
 0.020
 0.020
 0.010
 0.040
 3.930
 0.000
 1.980
 0.020
 0.020
 1.970
 1.990
 0.000
 1.970
 0.020
 1.960
 0.000
 0.010
 0.000
 0.000
 0.020
 0.000
 0.040
 0.000
 0.010
 0.020
 1.980
 0.010
 0.000
 0.010
 0.000

