
 0.501
 0.561
 0.619
 0.601
 0.651
 0.667
 0.676
 0.676
 0.676
 0.676
 0.676
 0.676
 0.676
 0.676
 0.676
 0.676
 0.676
 0.676
 0.676
 0.676
 0.676
 0.676
 0.676
 0.676
 0.676
 0.676
 0.676
 0.676
 0.676
 0.676
 0.676
 0.676
 0.676
 0.676
 0.676
 0.676
 0.676
 0.676
 0.676
 0.676
 0.676
 0.676
 0.676
 0.676
 0.676
 0.676
 0.676
 0.676
 0.676
 0.676
 0.676
 0.676
 0.676
 0.676
 0.676
 0.676
 0.676
 0.676
 0.676
 0.676
 0.676
 0.676
 0.676
 0.676
 0.676
 0.676
 0.676
 0.676
 0.676
 0.676
 0.676
 0.676
 0.676
 0.676
 0.676
 0.676
 0.676
 0.676
 0.676
 0.676
 0.676
 0.676
 0.676
 0.676
 0.676
 0.676
 0.676
 0.676
 0.676
 0.676
 0.676
 0.676
 0.676
 0.676
 0.676
 0.676
 0.676
 0.676
 0.676
 0.676
 0.676
 0.676
 0.676
 0.676
 0.676
 0.676
 0.676
 0.676
 0.676
 0.676
 0.676
 0.676
 0.676
 0.676
 0.676
 0.676
 0.676
 0.676
 0.676
 0.676
 0.676
 0.676
 0.676
 0.676
 0.676
 0.676
 0.676
 0.676
 0.676
 0.676
 0.676
 0.676
 0.676
 0.676
 0.676
 0.676
 0.676
 0.676
 0.676
 0.676
 0.676
 0.676
 0.676
 0.676
 0.676
 0.676
 0.676
 0.676
 0.676
 0.676
 0.676
 0.676
 0.676
 0.676
 0.676
 0.676
 0.676
 0.676
 0.676
 0.676
 0.676
 0.676
 0.676
 0.676
 0.676
 0.676
 0.676
 0.676
 0.676
 0.676
 0.676
 0.676
 0.676
 0.676
 0.676
 0.676
 0.676
 0.676
 0.676
 0.676
 0.676
 0.676
 0.676
 0.676
 0.676
 0.676
 0.676
 0.676
 0.676
 0.676
 0.676
 0.676
 0.676
 0.676
 0.676
 0.676
 0.676
 0.676
 0.676
 0.676

