0.5044955938100767 1
0.5055168125539441 1
0.5076461215518189 1
0.5078470569940013 1
0.5283075256953333 1
0.5407418955698199 1
0.5545705391497027 1
0.565320257607344 1
0.569006275302748 1
0.5840747833514949 1
0.5929587117046418 1
0.605946932498887 1
0.6092730534361015 1
0.613641073515335 1
0.61556385648375 1
0.616846672962313 1
0.622036715326852 1
0.6271461543549068 1
0.6280428944608383 1
0.6293328087768473 1
0.6293516028479135 1
0.6295007028597623 1
0.6335313923737352 1
0.6521712091273979 1
0.6574394619222129 1
0.6593670690347014 1
0.6593902783499972 1
0.6610399807100844 1
0.6642827603684613 1
0.6661806045401492 1
0.6665265117929966 1
0.6674975847225826 1
0.66782146490817 1
0.6704993255317365 1
0.6705904375696172 1
0.6708383115701541 1
0.6714753051326429 1
0.6716504595854418 1
0.6725441300030427 1
0.673167715522212 1
0.6742671101494937 1
0.6753684646300196 1
0.6759421200941053 1
0.6770242031130113 1
0.6784511772731561 1
0.6789916464429522 1
0.6793012353388401 1
0.6794515267949843 1
0.6795697022527637 1
0.6799965804058504 1
0.6801227162511062 1
0.6811250664374471 1
0.6825577985239684 1
0.6833443351247928 1
0.684145627602611 1
0.6841491116138119 1
0.6842721249188054 1
0.6842786211658197 1
0.6849594424217018 1
0.685287397107047 1
0.6858740182215964 1
0.6866945287915523 1
0.6873459282491785 1
0.6890150449769352 1
0.6907307611509305 1
0.6915324133255842 1
0.6916322176574812 1
0.6921431287851526 1
0.6934285987978741 1
0.6938895621897766 1
0.6954524856297019 1
0.6968893984924583 1
0.6972453270400399 1
0.6976436494468473 1
0.6976803374490583 1
0.6977756379205756 1
0.6987901102197243 1
0.6997272867127243 1
0.6997976595724164 1
0.7001989325350202 1
0.7009126757767979 1
0.7009938968592164 1
0.7018262591088568 1
0.7027099538822245 1
0.7040477428108616 1
0.7047102901058568 1
0.7047929475727419 1
0.7048415397469217 1
0.7051853735231105 1
0.7053970707188224 1
0.7084023329367141 1
0.7095981912211363 1
0.7106624867569403 1
0.7108710993628344 1
0.711527643022724 1
0.7128771321317253 1
0.7157012290765691 1
0.715906043239673 1
0.7193315004563882 1
0.7244114766269989 1
