
 0.00000 1.00000 2.00000 3.00000 4.00000 5.00000 6.00000 7.00000 8.00000 9.00000
 0.03880 -0.02200 0.04160 0.03960 0.03960 -0.02060 -0.02380 0.03440 0.04080 -0.01620
 0.02448 -0.04128 0.02712 0.06608 0.02520 -0.03652 -0.04388 0.02212 0.02704 -0.03080
 0.05904 -0.05654 0.06062 0.09179 0.05507 -0.05038 -0.05790 0.05578 0.05910 -0.04150
 0.08823 -0.03089 0.08331 0.11492 0.08208 -0.02588 -0.07011 0.08723 0.08597 -0.04938
 0.11396 -0.04305 0.07294 0.13841 0.10558 -0.03837 -0.08148 0.11392 0.10444 -0.05807
 0.13365 -0.05602 0.09313 0.16357 0.12646 -0.04980 -0.08855 0.13550 0.12452 -0.06581
 0.15515 -0.03906 0.11162 0.18151 0.14463 -0.02884 -0.07165 0.15559 0.14327 -0.07205
 0.17124 -0.01237 0.12915 0.19784 0.15974 -0.01023 -0.07808 0.17166 0.16200 -0.07828
 0.18840 -0.02153 0.14226 0.21464 0.17347 -0.02089 -0.08495 0.18611 0.17829 -0.08282
 0.20156 -0.03241 0.13694 0.23260 0.16669 -0.02878 -0.09096 0.20305 0.17189 -0.08665
 0.21219 -0.04277 0.13012 0.24714 0.15998 -0.03738 -0.09517 0.21680 0.16500 -0.09191
 0.20681 -0.04933 0.12232 0.24014 0.15113 -0.04551 -0.10170 0.20815 0.15746 -0.09744
 0.22018 -0.05719 0.11498 0.25401 0.16664 -0.05224 -0.10779 0.22040 0.17480 -0.10248
 0.23039 -0.06292 0.10747 0.26834 0.18021 -0.05739 -0.11264 0.23328 0.19039 -0.10917
 0.22385 -0.06968 0.10059 0.26260 0.17419 -0.06169 -0.11713 0.22747 0.18262 -0.11605
 0.23423 -0.07568 0.09377 0.27708 0.19118 -0.06559 -0.12188 0.24305 0.19636 -0.12139
 0.22824 -0.08081 0.08627 0.28768 0.18385 -0.07125 -0.12830 0.25474 0.18751 -0.12566
 0.24238 -0.06791 0.10070 0.29732 0.19443 -0.06022 -0.11850 0.26598 0.19937 -0.11607
 0.25483 -0.05492 0.11502 0.30786 0.20608 -0.05244 -0.10545 0.27526 0.21637 -0.10783
 0.26302 -0.06161 0.13001 0.31490 0.21895 -0.05741 -0.11236 0.28524 0.22760 -0.11252
 0.27356 -0.06691 0.12339 0.32432 0.22844 -0.06282 -0.11677 0.29722 0.23574 -0.11725
 0.26997 -0.07405 0.11639 0.33327 0.22374 -0.06676 -0.12189 0.30468 0.22964 -0.12054
 0.26669 -0.08005 0.10911 0.34411 0.21829 -0.07199 -0.12624 0.29983 0.22553 -0.12710
 0.26224 -0.08526 0.10166 0.34075 0.21307 -0.07571 -0.13006 0.29548 0.21953 -0.13157
 0.27015 -0.09006 0.09420 0.35077 0.22091 -0.08118 -0.13630 0.30134 0.22950 -0.13705
 0.28005 -0.09518 0.08687 0.35917 0.22820 -0.08571 -0.14052 0.31042 0.23701 -0.14112
 0.28612 -0.09915 0.08006 0.36660 0.23462 -0.09138 -0.14600 0.31609 0.24997 -0.14563
 0.29349 -0.10197 0.07323 0.37644 0.24258 -0.09638 -0.15125 0.32232 0.25752 -0.14834
 0.30053 -0.09208 0.09052 0.38486 0.25190 -0.09027 -0.15580 0.32893 0.26617 -0.15500
 0.30702 -0.09646 0.08156 0.39042 0.25916 -0.09385 -0.16027 0.33716 0.27601 -0.15939
 0.31496 -0.08750 0.09296 0.39780 0.26750 -0.08798 -0.14975 0.34393 0.28481 -0.15168
 0.32201 -0.09151 0.10394 0.40876 0.27635 -0.09113 -0.15318 0.35306 0.29299 -0.15668
 0.31851 -0.09629 0.09922 0.41448 0.27369 -0.09516 -0.15800 0.35985 0.28971 -0.16241
 0.31507 -0.10041 0.09406 0.42388 0.26952 -0.10025 -0.16326 0.36785 0.28605 -0.16687
 0.32370 -0.09250 0.10607 0.43025 0.27896 -0.08785 -0.16729 0.37480 0.29309 -0.17050
 0.33237 -0.09707 0.09952 0.43639 0.28901 -0.09254 -0.17146 0.38171 0.30179 -0.17508
 0.34093 -0.10178 0.09248 0.44230 0.29896 -0.09637 -0.17595 0.38773 0.30837 -0.17784
 0.33735 -0.10768 0.08653 0.44829 0.29490 -0.10102 -0.18031 0.38462 0.30580 -0.18146
 0.34167 -0.09880 0.09921 0.45351 0.30349 -0.09129 -0.18422 0.39193 0.31229 -0.18528
 0.35082 -0.10342 0.09265 0.46062 0.30964 -0.09501 -0.18739 0.39742 0.31954 -0.18911
 0.35784 -0.10796 0.08740 0.46483 0.31677 -0.09924 -0.19230 0.40368 0.32768 -0.19312
 0.36594 -0.11314 0.09753 0.47253 0.32733 -0.10445 -0.19613 0.41023 0.33534 -0.19684
 0.37186 -0.10407 0.11111 0.48071 0.33573 -0.09447 -0.19952 0.41748 0.34273 -0.20078
 0.36770 -0.10865 0.10600 0.48640 0.33249 -0.09902 -0.20404 0.42554 0.34029 -0.20595
 0.36372 -0.11309 0.10113 0.48396 0.32645 -0.10363 -0.20839 0.42090 0.33704 -0.20982
 0.35977 -0.11635 0.09616 0.49271 0.32292 -0.10722 -0.21208 0.42703 0.33389 -0.21501
 0.36656 -0.11976 0.09009 0.49989 0.33188 -0.11195 -0.21699 0.43517 0.34037 -0.21950
 0.36349 -0.12373 0.08568 0.49586 0.32814 -0.11585 -0.22177 0.43170 0.33727 -0.22377
 0.37450 -0.11591 0.09554 0.50195 0.33759 -0.11018 -0.21639 0.43645 0.34681 -0.21377
 0.38129 -0.11969 0.10584 0.50860 0.34377 -0.11451 -0.22059 0.44383 0.35231 -0.21712
 0.37866 -0.12301 0.10031 0.50614 0.34008 -0.11920 -0.22428 0.43946 0.34828 -0.22240
 0.38504 -0.12561 0.09415 0.50436 0.34565 -0.12258 -0.22735 0.44766 0.35428 -0.22525
 0.39598 -0.13080 0.10557 0.50164 0.35327 -0.12721 -0.23065 0.45661 0.36151 -0.22910
 0.39109 -0.13703 0.10067 0.49879 0.34804 -0.13072 -0.23633 0.45250 0.35687 -0.23201
 0.40143 -0.12784 0.10927 0.49766 0.35688 -0.12240 -0.24178 0.46368 0.37079 -0.23643
 0.40993 -0.12180 0.11897 0.49541 0.36743 -0.11472 -0.23177 0.47433 0.38200 -0.22691
 0.40599 -0.12495 0.11407 0.49318 0.36203 -0.11856 -0.23499 0.47061 0.37676 -0.23235
 0.41638 -0.12893 0.12505 0.49057 0.37325 -0.12280 -0.23917 0.48160 0.38634 -0.23559
 0.42443 -0.13588 0.13566 0.48715 0.38439 -0.12535 -0.24399 0.49185 0.39656 -0.24007
 0.43448 -0.12762 0.14625 0.48400 0.39321 -0.11646 -0.23598 0.49913 0.40589 -0.23461
 0.43019 -0.13164 0.14090 0.48172 0.38873 -0.12059 -0.24146 0.50721 0.40200 -0.24098
 0.42603 -0.13613 0.13653 0.47947 0.38394 -0.12573 -0.24530 0.50236 0.39630 -0.24585
 0.43659 -0.12761 0.14608 0.47607 0.39161 -0.11797 -0.23873 0.50912 0.40588 -0.23472
 0.44520 -0.13196 0.15684 0.47389 0.39964 -0.12179 -0.24267 0.51618 0.41438 -0.24039
 0.45150 -0.12044 0.16720 0.47171 0.40973 -0.11202 -0.23390 0.52129 0.42202 -0.23237
 0.45789 -0.12463 0.16062 0.47811 0.41677 -0.11575 -0.23787 0.52912 0.41901 -0.23527
 0.46394 -0.12903 0.15568 0.48484 0.42476 -0.12028 -0.24010 0.53616 0.42758 -0.23837
 0.46891 -0.11859 0.16575 0.48990 0.43079 -0.11358 -0.23039 0.54465 0.43549 -0.24276
 0.47594 -0.12263 0.17612 0.49516 0.43668 -0.11766 -0.23544 0.54960 0.44085 -0.24642
 0.47247 -0.12654 0.17041 0.49933 0.43379 -0.12208 -0.23935 0.55304 0.43812 -0.24877
 0.46794 -0.13014 0.16409 0.50354 0.43030 -0.12625 -0.24232 0.55097 0.43590 -0.25219
 0.47373 -0.13400 0.15946 0.50977 0.43550 -0.13149 -0.24717 0.55417 0.44335 -0.25640
 0.47909 -0.13712 0.15594 0.51433 0.44211 -0.13362 -0.25050 0.55896 0.44994 -0.25915
 0.48525 -0.12801 0.16526 0.51901 0.44901 -0.12633 -0.24441 0.56316 0.45449 -0.25271
 0.49230 -0.13263 0.17566 0.52505 0.45538 -0.12989 -0.24892 0.56747 0.45826 -0.25634
 0.49020 -0.13748 0.17164 0.52084 0.45321 -0.13340 -0.25330 0.56496 0.45632 -0.26154
 0.49746 -0.14178 0.18047 0.52588 0.45644 -0.13655 -0.25685 0.56864 0.46173 -0.26602
 0.50347 -0.14623 0.17599 0.53136 0.45427 -0.14121 -0.26035 0.57383 0.45851 -0.26907
 0.50171 -0.15084 0.17082 0.53447 0.45079 -0.14426 -0.26449 0.57805 0.45553 -0.27271
 0.50710 -0.14137 0.17712 0.53924 0.45727 -0.13656 -0.25632 0.58279 0.46094 -0.26716
 0.51155 -0.14664 0.18479 0.54389 0.46586 -0.14085 -0.25962 0.58811 0.46747 -0.27102
 0.50882 -0.15070 0.18001 0.54694 0.46249 -0.14547 -0.26485 0.58661 0.46457 -0.27562
 0.51257 -0.15532 0.17695 0.55190 0.46942 -0.14837 -0.26848 0.59061 0.47102 -0.27986
 0.51851 -0.15861 0.18618 0.55783 0.47265 -0.15268 -0.27285 0.59540 0.47678 -0.28214
 0.52247 -0.15029 0.19462 0.56298 0.47673 -0.14648 -0.26393 0.59724 0.48271 -0.28470
 0.51878 -0.15594 0.19155 0.56741 0.47476 -0.14969 -0.26730 0.60213 0.47952 -0.28891
 0.52321 -0.15939 0.18624 0.57375 0.48103 -0.15276 -0.27062 0.60724 0.48264 -0.29354
 0.52096 -0.16255 0.18156 0.57148 0.47743 -0.15813 -0.27437 0.60548 0.48082 -0.29761
 0.52684 -0.16721 0.18997 0.57556 0.48304 -0.16174 -0.27808 0.60977 0.48525 -0.30132
 0.53141 -0.15958 0.19713 0.58006 0.48838 -0.15313 -0.28182 0.61380 0.49032 -0.30561
 0.53847 -0.16495 0.20381 0.58365 0.49155 -0.15615 -0.28572 0.61734 0.49603 -0.30941
 0.53629 -0.16821 0.20069 0.58783 0.49004 -0.15966 -0.28861 0.61409 0.49174 -0.31263
 0.53417 -0.17101 0.19780 0.59342 0.48746 -0.16449 -0.29147 0.61994 0.48961 -0.31691
 0.53156 -0.17331 0.19451 0.59847 0.48460 -0.16813 -0.29420 0.62383 0.48733 -0.32023
 0.53402 -0.17680 0.20481 0.60304 0.49148 -0.17121 -0.29705 0.63035 0.49231 -0.32343
 0.54029 -0.17984 0.20060 0.60742 0.49467 -0.17657 -0.30134 0.63452 0.49747 -0.32671
 0.53772 -0.18300 0.19629 0.60551 0.49135 -0.18008 -0.30382 0.63271 0.49513 -0.33026
 0.54086 -0.18666 0.19294 0.60814 0.49445 -0.18381 -0.30836 0.63592 0.49943 -0.33444
 0.54755 -0.18973 0.18912 0.61187 0.49219 -0.18703 -0.31139 0.63942 0.49794 -0.33770
 0.55208 -0.18312 0.19408 0.61544 0.49594 -0.17828 -0.31521 0.64266 0.50411 -0.34171

