
 0.50450
 0.50552
 0.54074
 0.56532
 0.58407
 0.60595
 0.61364
 0.62950
 0.65217
 0.66653
 0.66428
 0.67427
 0.67165
 0.68334
 0.68428
 0.69214
 0.68529
 0.68496
 0.69073
 0.68256
 0.69725
 0.69879
 0.69153
 0.70020
 0.68902
 0.69973
 0.69689
 0.71288
 0.69768
 0.70099
 0.70519
 0.71153
 0.69980
 0.70271
 0.70479
 0.70183
 0.70471
 0.69764
 0.70540
 0.70960
 0.70484
 0.70840
 0.71087
 0.70091
 0.70405
 0.71591
 0.71066
 0.71570
 0.71933
 0.72441
 0.50785
 0.50765
 0.52831
 0.55457
 0.56901
 0.59296
 0.60927
 0.62204
 0.61556
 0.62935
 0.61685
 0.62804
 0.63353
 0.62715
 0.62933
 0.66750
 0.67050
 0.65939
 0.65937
 0.67254
 0.67594
 0.65744
 0.68735
 0.67537
 0.66782
 0.66618
 0.67148
 0.67059
 0.67317
 0.67930
 0.67084
 0.66104
 0.68000
 0.68415
 0.68427
 0.67957
 0.67945
 0.67702
 0.67845
 0.68012
 0.67899
 0.69163
 0.68587
 0.69545
 0.69389
 0.68415
 0.69778
 0.68113
 0.69343
 0.68669

