1 0.4056166890428071
0 0.04225767802438374
2 0.6954922987992839
42 0.20554765912748207
357 0.3991476853735233
498 0.38110664890053336
71 0.4246992067309351
250 0.5877151396095808
359 0.3306005048275754
428 0.30232262681390076
199 0.7503734788486134
19 0.7497560862238557
258 0.6678826620589695
402 0.39114675532558574
209 0.2948610307541246
234 0.7735094366867645
314 0.24044257287766124
592 0.011004494385946417
468 0.30131583390550243
272 0.6936877170683068
223 0.09793025027867475
87 0.46220025263625464
125 0.1090222243453951
3 0.2144496469977032
4 0.7587066845295997
78 0.8304831326226095
36 0.580781000539301
259 0.2301098501805151
577 0.6330023866711934
512 0.590147591698269
142 0.7946392510525265
315 0.14255353380532865
459 0.1917925989559407
492 0.4797181405281393
81 0.9016599657625495
97 0.6687163859564871
358 0.050291523804059324
415 0.009581060168631361
130 0.4151872616401834
496 0.38599822627369973
525 0.3672322722293624
17 0.5658185564632916
26 0.3394718716657591
253 0.44501580658323814
458 0.8501537777470789
193 0.2507661129543395
446 0.8014365721410562
278 0.05442182175830834
205 0.13445523658499592
5 0.29656134817486457
16 0.10328506264512893
38 0.3920006234582055
247 0.33465383763588685
356 0.8691126065309895
202 0.2129542788467489
245 0.5283551697656762
389 0.03181290890609867
420 0.26028896379714805
483 0.1068296587848494
583 0.43065565849913334
221 0.7962033687429592
128 0.7298485433717998
463 0.8759585535642304
257 0.7997217538198338
417 0.37782498226577876
436 0.9867681070863354
551 0.6815235454357057
478 0.26286170289210253
418 0.09685673960510433
167 0.3288537836656199
109 0.07463362996011713
117 0.5891236303567532
368 0.4166301455090896
425 0.8904818083355317
341 0.9198352355677148
488 0.49368107191110433
537 0.12439262164021381
538 0.4762933507493249
506 0.7301061240649098
588 0.5848847920878429
448 0.20138294691350433
159 0.29376096366805093
339 0.3358230180319044
541 0.2536781360722007
39 0.9173599483424265
134 0.7234637878217088
317 0.6015089458683556
324 0.6801238204381412
370 0.40988230368218737
579 0.031083019226684883
232 0.932716300277334
361 0.7029321400605305
566 0.24420354106128916
116 0.01956558077546744
561 0.8185601446616111
275 0.7178220205712385
396 0.8492503012772544
282 0.25965604725292035
237 0.09215642570215088
518 0.7992474538245797
266 0.9439328685384581
135 0.4185480821339619
179 0.05959794575392652
260 0.05583576770683696
214 0.23458791266675671
262 0.8881428688691385
264 0.06294493035293802
86 0.2838258617970141
102 0.7533846629508436
346 0.9554416508508519
392 0.781338717072492
531 0.45526295384336424
256 0.7642550165847867
413 0.8777200023944164
508 0.5757034513644124
480 0.8673770084287147
388 0.5436742388327707
570 0.49277925137056
552 0.8579166789902076
319 0.6925624336328586
64 0.9866271231780006
162 0.42640110746471094
177 0.9120072662627734
522 0.2468204449442255
276 0.6271602863220498
466 0.09693317840019189
433 0.49704341096427795
175 0.15225762080995087
147 0.9132123753833454
376 0.4316305032240867
569 0.9714388142351772
171 0.5144173743303282
395 0.35967322344865393
562 0.4248327616182329
475 0.31026926751518946
342 0.5455319883229166
374 0.3285805745698893
280 0.5858572015988801
73 0.5830792958190946
63 0.09033002812569235
27 0.6316345338650432
132 0.3650178870152381
140 0.5550398127281878
560 0.8619969376114982
427 0.6959700165002007
435 0.9394751407644472
571 0.44973871426798073
325 0.3853615444689683
331 0.2498446571783579
283 0.9565403087291972
286 0.1708955092825275
208 0.7107944923238559
59 0.4157176857622211
405 0.9272344460233181
406 0.5469769820555247
291 0.9049072707547139
400 0.14606859252499604
489 0.08688666250954036
13 0.2231687947506551
43 0.9719324537906616
332 0.8814591499235025
380 0.7939058181169462
238 0.18106743329612118
318 0.3311332392621371
204 0.4875187880450489
523 0.879821734797965
212 0.47838521502532594
84 0.05638533085679254
482 0.8247348798419825
344 0.525949436195748
149 0.9038181304860413
587 0.9824894573599627
384 0.020680216994803602
497 0.25533122038239797
485 0.3126232209453125
546 0.46094994288679425
565 0.027017861421844147
456 0.36810005159614845
300 0.09843965344333716
437 0.19860693161969345
363 0.289591947104056
241 0.12053287478432095
133 0.13865479476503006
54 0.4704838313374453
215 0.43153377655799763
292 0.4382825671145191
564 0.8199301193982219
543 0.9279289331169374
99 0.7220721586719635
219 0.4603221182799184
336 0.9451599795255994
155 0.6903587241049102
545 0.13970824757777245
479 0.420433120852178
320 0.4461158380281376
584 0.8587941883070718
461 0.7957306714519584
131 0.8204870278112016
55 0.38123147630235377
29 0.36841691423998546
115 0.10712223843013635
572 0.31235180972865106
146 0.5925896457010928
431 0.2694045065595979
495 0.21788609666464442
382 0.5578960514440541
210 0.9680477404987129
268 0.5867762191067818
330 0.0754920598779718
263 0.3529696186128416
198 0.799621880370257
101 0.5854492777631602
490 0.5226454765993853
285 0.7719694299039345
369 0.5025631651950372
590 0.13247436371833365
422 0.6585537893395741
430 0.4375290427626616
119 0.26826213140886723
424 0.1703579975790772
375 0.01762621319930635
160 0.3877171771620479
248 0.9417842907564823
353 0.7406347910776689
379 0.5583574770999866
148 0.4958901360553024
11 0.42859106039711137
12 0.3835071214299034
32 0.8638458228432666
188 0.9453824556093243
281 0.3968026971710312
354 0.5975930884142906
457 0.939743195563849
239 0.4567394997464339
404 0.7595436628099269
553 0.8185936567018517
227 0.29654013432221416
306 0.13407810586775304
295 0.1498892767985298
301 0.8074452355438997
235 0.9392460961578689
129 0.6515486954294349
293 0.11832894813406558
556 0.1393502034717664
311 0.35485356201791207
542 0.5143598771183207
231 0.9921292985495247
573 0.061594439969956394
351 0.5496955522744087
501 0.045278768981817374
589 0.6006416747841894
94 0.14544797623957095
121 0.8582645584763237
176 0.5356070134134345
455 0.10911323672312279
151 0.05465011262757302
366 0.07731146344035644
493 0.2512492265633026
348 0.35791458457972325
72 0.46514946074597696
591 0.886570952410052
599 0.5804006469600338
190 0.25508681079782547
312 0.05618434061144706
233 0.47474592518462
499 0.2876063296402902
230 0.8210738566334878
120 0.8562198766836738
168 0.8156208533571692
381 0.9793058884357164
76 0.053477850946543115
22 0.5373417262460465
57 0.9828752887120831
563 0.7984510123338602
391 0.19399719684872407
401 0.39130703449192794
85 0.6056694410984661
105 0.40779350534442416
145 0.18848858551227965
172 0.3952044405327393
269 0.6211424839421664
532 0.4381957747714291
192 0.9939016845521964
350 0.0884598081039144
441 0.9795044922315311
385 0.2664843473167694
305 0.6080153084892033
536 0.13383375912782836
549 0.3668491562200993
158 0.6787145170661086
352 0.24855706154177548
473 0.3370211691846374
178 0.14410774267592785
229 0.7172208896380307
450 0.8852230644084474
503 0.7635417718088271
290 0.6265305963458767
580 0.2050490626909498
251 0.9679622066856945
225 0.10107123751165847
112 0.8176124407877248
524 0.8975662969590532
597 0.1807358653803104
394 0.7908409076048555
470 0.6915774640318894
515 0.6389944200374778
186 0.11551255019709461
236 0.8669529833130087
191 0.40151132482731844
45 0.029465165260131987
166 0.04974189669016038
228 0.5783195852227593
82 0.004071175837612739
114 0.5356151160375169
180 0.12700810436946175
220 0.5137468132877471
511 0.7992774525039728
530 0.08530201609725108
410 0.42346023090863383
528 0.8823803683050052
365 0.3463214082310141
124 0.9609128876238661
471 0.8203945251005459
476 0.33918554828212255
296 0.467545357133333
397 0.634237514414982
6 0.9591554254970738
14 0.6763968013394918
21 0.18436586918813513
56 0.5499980430949883
465 0.5378370029427082
462 0.2827533199893747
189 0.818489261229272
372 0.7378620284932984
143 0.03527383940194018
307 0.9254235112527448
419 0.4347109683182221
152 0.36337752148447766
49 0.20568353234518433
265 0.5017912619443158
445 0.7544240313220384
206 0.579028102033619
386 0.022217304376128122
527 0.7606204121845073
586 0.8636959364509604
526 0.6688335868421901
83 0.486572229663241
174 0.8152668264950074
173 0.8168112587091816
408 0.3216324916412845
548 0.08224471384761123
141 0.9751057512494931
18 0.7491035330995003
41 0.575762538672151
7 0.7670018981566037
8 0.5994959432394595
161 0.47221084683110603
474 0.8269165841287981
414 0.22951236320552637
534 0.0621663883399175
261 0.7672031377789879
378 0.6214516685953905
454 0.44845473538575054
267 0.24754779779210245
52 0.4461341813436973
469 0.6756584960546868
340 0.5028219240846191
403 0.9362109774374635
222 0.8088043031587121
243 0.28845353565173515
547 0.7112203658494011
279 0.3999893631307091
491 0.582450277831353
533 0.2177650896455633
31 0.12297291366423124
96 0.15119581710826235
310 0.44016459225543303
421 0.2719569895795705
111 0.6094492589854227
218 0.6639264888338363
409 0.29114110218273515
582 0.057936730205897735
226 0.8063149995958385
184 0.4143403017787072
517 0.849473420219646
558 0.8086353359512517
362 0.8690511841275725
327 0.9963499722588307
487 0.7639652301120573
585 0.6647280275486795
334 0.6453105859263116
138 0.6200625394354412
51 0.009558051962193725
144 0.6806742621333869
323 0.08743735032443078
136 0.4163998497670408
240 0.1990376786210295
270 0.061793592899142435
156 0.6036550107045946
411 0.4853369558112389
383 0.48656419811535456
407 0.06532731226174704
37 0.09190800184821779
9 0.9420409272786846
442 0.9414020323144249
187 0.5127352302220142
89 0.00765990903478031
107 0.7954689405997338
33 0.44158383410624436
40 0.05904685477170668
510 0.22705384508125703
355 0.4845927918213714
68 0.19848457005480957
182 0.19786409497717783
165 0.940880029836594
25 0.05366089934101892
28 0.30415857681703173
207 0.9499351399727013
137 0.4682138692836767
201 0.4806115211506923
555 0.0569253553452963
10 0.46464140317332503
15 0.2598354612285312
438 0.7785058062524377
567 0.07277724001288177
316 0.8410901167328761
126 0.09479735837952219
154 0.33085382731207824
574 0.9852154023479273
464 0.4985721092295011
93 0.5859352303392896
197 0.9945072291469985
484 0.29017030429844193
122 0.28273089919795924
183 0.4643725948569064
321 0.9258070854696204
242 0.7653112594205931
393 0.5258330028241373
103 0.9219401112399067
62 0.016773941273163895
66 0.8242958617087479
440 0.9549202964196182
502 0.5657358755603475
360 0.5341851601335194
426 0.9668526401056508
77 0.3224080614114183
224 0.7826028018306143
387 0.8657242968288514
170 0.9952885635681655
439 0.7387829760409854
443 0.37326970706213525
289 0.7049973370120608
338 0.2508210487336815
299 0.7274082627077944
194 0.5077827576376017
79 0.08332746005325431
67 0.8657151620004776
70 0.9571609397684414
313 0.7915719956805682
486 0.3550438986269625
507 0.2874833257003313
398 0.9124349062525432
557 0.4251767547043158
444 0.7839530406391211
254 0.2847675425037842
504 0.8818088087417798
217 0.5658545493241067
249 0.048498121017095164
598 0.8478389205889417
309 0.12531018218659773
550 0.6876368808111311
559 0.16669644137613882
520 0.3421090408950026
185 0.9842738276227887
200 0.06680553554870738
596 0.04255762064974933
575 0.335905872706578
578 0.8043446877329261
447 0.09813938105438891
452 0.41087478225385865
529 0.7086933911021652
88 0.0566625520593097
118 0.27682446692673346
274 0.5240808878380664
349 0.838176287747548
500 0.7402293204304442
377 0.4134195598823538
390 0.654552399005598
539 0.258664123820011
302 0.21488761532619083
273 0.1384672370442832
568 0.9932586254126866
519 0.4608692606368122
287 0.9159123529429931
514 0.4657753078714184
108 0.8204710488146569
513 0.62931774266656
106 0.8015977875128727
20 0.31764798069639044
23 0.50457787784859
60 0.6180197127602044
308 0.6560184686407667
576 0.8336365458187435
304 0.8747785762823397
53 0.011160550086555476
423 0.25932405050929364
516 0.41311753340145296
521 0.997031796413293
505 0.82707998626342
246 0.45934949305060413
412 0.2826037712512257
494 0.12958634099764987
594 0.2948715912330613
90 0.6015667639951694
92 0.5317293467229951
24 0.2443833696373826
277 0.7690770315091586
335 0.7569473826615665
364 0.3232981112012737
213 0.3525999715911313
451 0.45203052339549177
50 0.9733525140614173
61 0.375887834477752
328 0.24066650842906634
244 0.7316867651238336
326 0.5087340193208678
288 0.38665928428964236
509 0.9938109634406176
581 0.3136506141919211
284 0.9314141861312608
110 0.8092576555192088
123 0.9848215683143087
371 0.7187584691340371
416 0.5710803254753138
535 0.09590338442564106
481 0.9058551384447064
345 0.7362606565971703
347 0.5976816668674021
252 0.3835074507340246
343 0.3309366834488592
196 0.11717676335626703
203 0.3506334545460069
477 0.461301808845097
554 0.2675208286652091
303 0.7008749884816541
75 0.48990465426474006
80 0.49632228234510356
98 0.7868028242436693
294 0.09645675238272389
297 0.32426779241521075
373 0.947863902498257
181 0.5133072331431773
460 0.5731180115830253
367 0.5912696544076167
127 0.5739229461694086
449 0.8755366145393145
434 0.8330694198099733
467 0.01622942040323494
150 0.3844839536318241
95 0.00347928115010665
195 0.4060106116733976
544 0.11720881345857559
34 0.5418431263971254
35 0.5637608651258339
46 0.05091775430266576
58 0.8986689926904046
540 0.4619618770019821
69 0.11898822761418837
104 0.7695767486695928
211 0.06085558180092476
47 0.2727098889578855
216 0.6154432381548763
429 0.9755463876508715
322 0.6437213484924499
91 0.004654090146550827
255 0.011832640803301486
113 0.012838159753863376
44 0.4946904855925842
65 0.9784988462833168
595 0.4210873561181616
432 0.6215690357115922
472 0.6496513987100179
453 0.5498491010493555
74 0.16722926889885836
271 0.830822478915864
298 0.5594902669691628
48 0.6088561047451422
153 0.6989181290723852
157 0.30953721483299457
164 0.032373745520897
399 0.7890718879682578
163 0.3065807772368201
329 0.8178740646116517
100 0.5199745964079114
139 0.26331223235560053
337 0.09238037523749543
593 0.16098265095194242
169 0.3886007488195501
333 0.5295961327461242
30 0.6058699213931183
