0.4211403717091953 1
0.42895109245865704 1
0.43220722205230233 1
0.441579836424644 1
0.44221029223226915 1
0.4450043720008241 1
0.45301718300766053 1
0.45321482794952594 1
0.4548985640101538 1
0.45541890493802034 1
0.4631044731340965 1
0.46359852147563685 1
0.4662092055660784 1
0.4664767154918931 1
0.46777196336377697 1
0.46830183692816996 1
0.4690162690481708 1
0.46942983100651126 1
0.4716822968947062 1
0.47235234660913217 1
0.47248116942851254 1
0.47352538653068704 1
0.473972094374904 1
0.47479724877460006 1
0.4751595387840656 1
0.47520726522321943 1
0.4763743331565732 1
0.47727940188101414 1
0.47833541056010825 1
0.47936400477907 1
0.4797109644938032 1
0.47976876409709407 1
0.4798736694374515 1
0.48002400152721497 1
0.48171496837845884 1
0.482515583345662 1
0.4825458576942641 1
0.4831623962096949 1
0.48325464768391563 1
0.4842481645078312 1
0.48431933962533624 1
0.48441712456304237 1
0.48445686779477426 1
0.4845514485575628 1
0.48534261960730696 1
0.48557876101258574 1
0.48562051171983855 1
0.4856209889985001 1
0.48635890152297057 1
0.48657276785134934 1
0.48774743006944105 1
0.4900146495907892 1
0.4902304133250272 1
0.49062885109066445 1
0.49075163186764703 1
0.4917093157750414 1
0.4924342993650519 1
0.49247720872148343 1
0.4926604420720282 1
0.4928599175038579 1
0.4933031509577541 1
0.49334399467136497 1
0.4937557347654091 1
0.4941870258793216 1
0.49475515756766414 1
0.4948893099518283 1
0.4953763152146434 1
0.496260005207166 1
0.49635215829852314 1
0.496825523547924 1
0.49745298513676944 1
0.4980163640060492 1
0.49824934237515217 1
0.49832189010764794 1
0.4988380885437745 1
0.4989499437875669 1
0.4999031148709569 1
0.5001940148274259 1
0.5013646386815528 1
0.5017177758663914 1
0.5019679506995383 1
0.5021242012194699 1
0.5022377395093685 1
0.5041396894649532 1
0.5050689919051096 1
0.5053535776173345 1
0.5057022233757761 1
0.5061223196857931 1
0.5072427889695679 1
0.5082514277414035 1
0.5084174850800407 1
0.508699300832797 1
0.509129986208886 1
0.5096283385724777 1
0.509709719299506 1
0.5097104630571326 1
0.5102009399267713 1
0.5104638806770699 1
0.5107188737907855 1
0.5107881989345735 1
0.5117812676127766 1
0.5119839104899362 1
0.5124989061729882 1
0.5124994976895999 1
0.512526906652726 1
0.512756485711071 1
0.5131935855812854 1
0.5141074209842088 1
0.514157796699789 1
0.5143953817670827 1
0.5145039916328739 1
0.5146906936990006 1
0.5147544714066674 1
0.5149373457513119 1
0.5151988407995315 1
0.5164096254730153 1
0.5165218649941421 1
0.516749752446991 1
0.5167603872523199 1
0.5169480476733171 1
0.5173043405645824 1
0.5177160944959935 1
0.5184958636365589 1
0.5186148398368374 1
0.5197511431422658 1
0.5197732753631169 1
0.5198803923247575 1
0.5199451394305004 1
0.5200674789487719 1
0.5201859153875061 1
0.5210116269461975 1
0.5219525401998744 1
0.5224675945929376 1
0.5232621097344851 1
0.5234542427815378 1
0.5241023804677822 1
0.5254457484493501 1
0.5266368276967164 1
0.5273219313409371 1
0.5276565332204934 1
0.5277257418005157 1
0.5284166753855009 1
0.5286589727835286 1
0.5286644383459642 1
0.5291093059254535 1
0.5302349497632082 1
0.5304242240928928 1
0.5309065908131789 1
0.5314825003984258 1
0.5318921446552519 1
0.5324206919118984 1
0.5327925293585808 1
0.5329961483772315 1
0.5333467598557405 1
0.5338578602482675 1
0.534238147526273 1
0.5348398922324414 1
0.5348761275742091 1
0.5359863833487897 1
0.5362311693972773 1
0.5362876980982405 1
0.5366648022655076 1
0.5372932914546927 1
0.5380422942673442 1
0.5383387970533938 1
0.5386069937499653 1
0.5390001374294172 1
0.539714368896548 1
0.5413748545099376 1
0.541452194935597 1
0.5418996404455103 1
0.5422641440596713 1
0.5449859119352203 1
0.5450937932754997 1
0.545618948311743 1
0.5465081745790265 1
0.5475711282201753 1
0.547619433958317 1
0.5477483175826199 1
0.5483851833807836 1
0.548965038333631 1
0.5490050000342247 1
0.5500692191235251 1
0.5504012822129879 1
0.5516774921350601 1
0.5526524526429951 1
0.552764615589663 1
0.5545702665444472 1
0.554666554959251 1
0.5567889682873822 1
0.5569107794411378 1
0.5579311162870838 1
0.5584772726386151 1
0.5612383180957842 1
0.56342210053552 1
0.5638262453011902 1
0.5690572134869918 1
0.5713525521877193 1
0.5745732209561786 1
0.5945731620814426 1
