
 0.476
 0.520
 0.520
 0.595
 0.525
 0.515
 0.479
 0.495
 0.511
 0.455
 0.469
 0.536
 0.515
 0.523
 0.494
 0.509
 0.477
 0.442
 0.493
 0.485
 0.524
 0.513
 0.511
 0.504
 0.553
 0.496
 0.499
 0.531
 0.480
 0.542
 0.528
 0.502
 0.484
 0.516
 0.483
 0.463
 0.507
 0.545
 0.510
 0.510
 0.530
 0.500
 0.517
 0.540
 0.538
 0.535
 0.537
 0.549
 0.514
 0.548
 0.512
 0.518
 0.534
 0.480
 0.497
 0.564
 0.498
 0.472
 0.553
 0.472
 0.506
 0.557
 0.548
 0.468
 0.515
 0.510
 0.536
 0.493
 0.486
 0.484
 0.498
 0.550
 0.532
 0.492
 0.486
 0.520
 0.496
 0.484
 0.538
 0.520
 0.547
 0.502
 0.575
 0.453
 0.483
 0.520
 0.487
 0.510
 0.529
 0.549
 0.537
 0.536
 0.505
 0.533
 0.475
 0.512
 0.555
 0.555
 0.482
 0.519
 0.492
 0.532
 0.512
 0.453
 0.550
 0.483
 0.563
 0.515
 0.466
 0.546
 0.474
 0.498
 0.506
 0.485
 0.509
 0.502
 0.558
 0.542
 0.528
 0.455
 0.539
 0.472
 0.569
 0.522
 0.514
 0.515
 0.490
 0.514
 0.535
 0.558
 0.545
 0.490
 0.541
 0.522
 0.466
 0.493
 0.475
 0.517
 0.469
 0.548
 0.512
 0.432
 0.548
 0.478
 0.520
 0.529
 0.529
 0.474
 0.483
 0.527
 0.486
 0.486
 0.464
 0.518
 0.521
 0.533
 0.552
 0.513
 0.530
 0.421
 0.468
 0.508
 0.488
 0.505
 0.495
 0.541
 0.502
 0.492
 0.533
 0.491
 0.484
 0.539
 0.557
 0.571
 0.517
 0.429
 0.534
 0.500
 0.445
 0.513
 0.561
 0.517
 0.510
 0.494
 0.493
 0.442
 0.491
 0.495
 0.501
 0.527
 0.508
 0.480
 0.475
 0.499
 0.531
 0.497
 0.523
 0.528
 0.480
 0.517

