1 36
4 55
0 28
2 37
0 42
2 42
1 38
3 45
4 42
4 47
0 43
4 34
3 39
3 45
1 35
4 58
2 34
4 33
2 49
0 43
3 43
3 35
3 46
2 33
2 43
4 52
2 48
3 39
0 46
1 29
0 30
1 40
2 47
0 41
3 33
3 37
2 39
4 38
1 56
4 46
3 44
2 33
0 47
3 37
3 49
0 46
3 48
0 42
1 41
1 38
2 48
1 53
3 39
4 39
1 34
0 36
3 48
2 44
4 30
1 53
0 36
4 45
3 50
3 36
1 36
3 46
3 38
4 39
0 46
2 49
3 44
0 39
0 46
0 46
4 54
1 32
3 49
1 35
0 31
1 36
0 36
1 35
1 51
3 31
1 45
3 45
0 45
4 34
1 46
1 41
2 30
3 40
1 33
1 40
2 43
0 39
3 31
2 57
3 35
3 50
2 48
4 37
0 45
4 43
2 37
1 37
3 52
0 36
3 44
1 32
1 42
1 43
2 58
1 41
0 46
4 42
2 29
1 42
2 50
0 34
1 36
1 28
4 26
3 49
2 33
3 44
0 51
2 42
0 44
3 54
1 41
1 43
0 32
4 42
4 37
1 39
2 46
2 39
3 35
4 39
2 34
4 38
3 46
0 47
0 38
2 36
4 34
2 48
2 31
2 38
3 34
0 40
2 46
2 43
1 38
2 40
3 43
0 47
0 40
0 52
1 43
0 35
4 32
1 25
3 41
4 34
3 40
2 50
3 47
4 44
0 52
3 38
0 38
4 31
2 35
0 42
3 37
2 42
4 38
4 39
2 46
3 33
2 46
1 44
0 47
2 46
3 45
1 30
0 45
4 55
3 56
2 39
2 51
1 43
3 45
4 34
0 43
2 40
1 42
0 40
