1 0.4289691975872991
0 0.1325225478586477
2 0.4882506064430876
54 0.6290166636974533
17 0.5856480046189494
21 0.8408238642533652
29 0.9213827962860629
25 0.9025035235731519
3 0.5834758564097577
42 0.7928115303729824
49 0.01702358470583032
19 0.7348582060514959
28 0.9898231379665884
37 0.22798587521827385
45 0.3542258470860423
31 0.2654847874717835
4 0.5986893290028965
22 0.009549421184136264
40 0.23581866857079192
5 0.10150433224708466
6 0.319632225026357
11 0.9925217466992552
32 0.8531532738965057
57 0.3620701331128994
36 0.5622073794260612
18 0.2461893985500725
47 0.30665259003429046
56 0.7798345687924182
58 0.8989689101899345
43 0.8825022752790189
7 0.6391013615239508
15 0.36669299294513
24 0.8165505790726325
16 0.04129320445727258
48 0.7801013544223961
39 0.39744388864476
30 0.635603748032817
38 0.45549148491415836
41 0.5219153266175377
35 0.38782608975387234
8 0.37021271702986014
9 0.03883882877306266
46 0.20189050694084298
50 0.8354963353443141
23 0.723175801963561
59 0.7334791220032004
13 0.6764641536138275
14 0.5011478225196643
44 0.39137167863363065
51 0.3275274652608864
20 0.08177629360018135
52 0.6117174479844087
10 0.23692350775807625
27 0.045548747501221176
55 0.7981624159813427
12 0.6630969670807969
26 0.13178219118772827
33 0.749193229820364
34 0.5833605461519241
53 0.9325519905466724
