0.43849463428046753 1
0.43858321005545503 1
0.4387903349301471 1
0.44053439800437266 1
0.4466984567016173 1
0.4492354807232754 1
0.4536680277315876 1
0.4540537000759473 1
0.45411706491966014 1
0.45413680224046193 1
0.4548999312669127 1
0.4570835225161203 1
0.45710971967455466 1
0.45761841790493635 1
0.4581070967290436 1
0.4581612699970642 1
0.45816367003290265 1
0.45828674272776004 1
0.45916822638799515 1
0.4601420721394123 1
0.4609248907735642 1
0.46118187172183206 1
0.46145621350288357 1
0.46168990271572385 1
0.46365275248425514 1
0.46418639490498914 1
0.46487169319219346 1
0.4652392736644281 1
0.4654045945207857 1
0.46591024639606643 1
0.46605104806607806 1
0.46627184717717585 1
0.46724898838590334 1
0.46771061636469985 1
0.4690038911874161 1
0.4695126671330334 1
0.46958747293215297 1
0.47029997081949587 1
0.4714291841166737 1
0.47273774467353646 1
0.47323638100644766 1
0.4735890016524968 1
0.4740113396838819 1
0.47476624125421457 1
0.474811752293472 1
0.4757961547431092 1
0.4760588433835251 1
0.47634358485794676 1
0.4767428112771656 1
0.47818034713775154 1
0.4789637453807821 1
0.47930520009450484 1
0.4794531381444505 1
0.4805823247500756 1
0.48107451632269443 1
0.4814878609357407 1
0.4816195227245585 1
0.4828256832435253 1
0.4830056477577321 1
0.48316031306157187 1
0.48383711580550304 1
0.4844537674053892 1
0.4849878801513322 1
0.48658509639719477 1
0.487137905934111 1
0.4872062760903977 1
0.48726146926171326 1
0.4874404801743713 1
0.4874438585552183 1
0.48750970142735467 1
0.4879939897801602 1
0.48840884997777506 1
0.48894985604109986 1
0.48955682175917753 1
0.48988323360783975 1
0.49000856253384484 1
0.49005131105719846 1
0.4905335652642227 1
0.4912790238591635 1
0.4914110817802081 1
0.4914427615573949 1
0.4915645986241524 1
0.4918251863975054 1
0.4919688523473918 1
0.49235737579813343 1
0.49244935138069407 1
0.49271006601639883 1
0.49274025057383075 1
0.49292229173314106 1
0.4930576578999199 1
0.49352210923655276 1
0.4935785779246941 1
0.4941388603317852 1
0.49482398160268476 1
0.49522005424792476 1
0.4955057137141287 1
0.4959174216521772 1
0.4963875792706777 1
0.49648652507121077 1
0.49674933188496134 1
0.4980126914810561 1
0.49815901043120225 1
0.4981646412685605 1
0.4981682922970528 1
0.4982827125466824 1
0.4983941260677486 1
0.49899433620286865 1
0.49938102410094665 1
0.4994194405285328 1
0.4996304729500685 1
0.4996922042545431 1
0.4997546816838898 1
0.5000543507354418 1
0.5001269196773643 1
0.5002634306577882 1
0.5007472867943759 1
0.5013318470593202 1
0.502172438104475 1
0.5029131805053307 1
0.5033192953364113 1
0.5034234553742061 1
0.5034696377523464 1
0.5044840397258284 1
0.5045563838379867 1
0.5045603407550205 1
0.5045920127282368 1
0.5046225057487357 1
0.5055441210920801 1
0.5073797389768792 1
0.5075964424500349 1
0.5079400337304125 1
0.5089477691598094 1
0.5089570714563877 1
0.5106859597756196 1
0.511847173497033 1
0.5119150792967173 1
0.5128418191787464 1
0.5135404522413759 1
0.5137616538889295 1
0.513923991698298 1
0.5139470895770823 1
0.5144499337833388 1
0.5147210875437398 1
0.5152429729010966 1
0.515456829822922 1
0.5154921946915184 1
0.5157846871520745 1
0.5159551292205609 1
0.5161855275186046 1
0.5163058236733568 1
0.5166068492504948 1
0.5167030040190853 1
0.5173608233310867 1
0.5187203852434098 1
0.5189091399987276 1
0.5189487062725253 1
0.5189640751850153 1
0.5195986692556566 1
0.519637025359287 1
0.5198160748752817 1
0.5206409574416966 1
0.5226363660984488 1
0.5227974234697346 1
0.5248329298428214 1
0.5249751731309705 1
0.5251329045946208 1
0.5256428654243337 1
0.5260921678177629 1
0.5268655087479747 1
0.5275727383970267 1
0.5277028483366915 1
0.5289240148534476 1
0.5301420156728724 1
0.5305833670279493 1
0.5316219244494601 1
0.5320811867386979 1
0.5330245385890475 1
0.5340525482561789 1
0.5342011205370167 1
0.534944675514197 1
0.5351312445360961 1
0.5352430113349398 1
0.5353158952187758 1
0.5370614491501837 1
0.538232579055603 1
0.5385759095359955 1
0.5389188383715279 1
0.5410548786574627 1
0.5416004258013563 1
0.5428403552963901 1
0.5444667961603191 1
0.5449752311990056 1
0.5466381335831135 1
0.5494336441120042 1
0.5496179543117633 1
0.5531961827174537 1
0.5539212705832094 1
0.5539368603402718 1
0.561218064691991 1
0.5692048271197708 1
