
 0.490
 0.488
 0.461
 0.485
 0.516
 0.475
 0.523
 0.525
 0.469
 0.532
 0.473
 0.498
 0.458
 0.519
 0.509
 0.494
 0.496
 0.544
 0.497
 0.495
 0.511
 0.484
 0.505
 0.499
 0.489
 0.467
 0.512
 0.500
 0.492
 0.493
 0.535
 0.488
 0.531
 0.534
 0.474
 0.482
 0.449
 0.459
 0.439
 0.513
 0.521
 0.539
 0.457
 0.478
 0.505
 0.519
 0.498
 0.499
 0.498
 0.493
 0.481
 0.487
 0.508
 0.500
 0.515
 0.527
 0.503
 0.492
 0.458
 0.488
 0.533
 0.487
 0.515
 0.461
 0.458
 0.473
 0.530
 0.470
 0.457
 0.483
 0.516
 0.500
 0.516
 0.515
 0.547
 0.481
 0.476
 0.499
 0.491
 0.454
 0.545
 0.454
 0.526
 0.503
 0.441
 0.516
 0.466
 0.526
 0.542
 0.519
 0.515
 0.514
 0.493
 0.491
 0.477
 0.569
 0.496
 0.519
 0.496
 0.496
 0.528
 0.470
 0.498
 0.481
 0.470
 0.490
 0.492
 0.487
 0.501
 0.490
 0.491
 0.500
 0.535
 0.491
 0.464
 0.525
 0.490
 0.494
 0.508
 0.532
 0.455
 0.483
 0.500
 0.528
 0.465
 0.500
 0.514
 0.484
 0.505
 0.506
 0.501
 0.476
 0.554
 0.492
 0.487
 0.535
 0.487
 0.517
 0.479
 0.479
 0.505
 0.520
 0.561
 0.447
 0.503
 0.541
 0.476
 0.466
 0.466
 0.495
 0.529
 0.475
 0.498
 0.465
 0.503
 0.498
 0.492
 0.517
 0.460
 0.534
 0.550
 0.483
 0.468
 0.520
 0.507
 0.458
 0.543
 0.439
 0.537
 0.487
 0.474
 0.438
 0.525
 0.535
 0.461
 0.479
 0.454
 0.539
 0.549
 0.504
 0.465
 0.538
 0.502
 0.553
 0.514
 0.554
 0.493
 0.494
 0.520
 0.464
 0.523
 0.454
 0.458
 0.509
 0.514
 0.462
 0.471
 0.517
 0.514
 0.512

