0.41642551919519183 1
0.43648226317579775 1
0.4374010975716407 1
0.44011722683192794 1
0.4427367903600917 1
0.44493616133579794 1
0.4496705203201833 1
0.45171074441235065 1
0.4527283987529968 1
0.4545451291358002 1
0.45906996316712656 1
0.4601358819822435 1
0.4623955750980127 1
0.4638275791361797 1
0.46424216467940105 1
0.46478364114814064 1
0.46541762136821213 1
0.46586391151889645 1
0.4675447308329395 1
0.4682370191906655 1
0.4692127359731523 1
0.46947421080606916 1
0.47008823961347546 1
0.4708527872053195 1
0.47107217081424 1
0.47133430999032716 1
0.47134692530237676 1
0.47209235547508577 1
0.4723792383379381 1
0.4724373176501373 1
0.47254258976674474 1
0.47341302821242726 1
0.473938615141139 1
0.4744842209501739 1
0.47478047607753354 1
0.47722310144390817 1
0.47746497278521266 1
0.47845973620432475 1
0.47902024185857006 1
0.47957924979707106 1
0.4797552788079998 1
0.48034609581225113 1
0.4805327635002912 1
0.4805602765790218 1
0.48088391772489386 1
0.4811960545615257 1
0.48120014216226037 1
0.481664532754218 1
0.48328378844541303 1
0.4834079583636725 1
0.48360213753712267 1
0.4840128042130282 1
0.48408934889267596 1
0.4843803850116155 1
0.48450787678434176 1
0.484816570013188 1
0.48632096597627267 1
0.48643546681693983 1
0.486626243290458 1
0.4867144422763549 1
0.48679906415196256 1
0.4887998152774425 1
0.4893676339535785 1
0.48958855077298324 1
0.48988224161873306 1
0.4900124252634368 1
0.4903561275616164 1
0.49040001203295225 1
0.4908680355000346 1
0.4925330015587586 1
0.4926360355953321 1
0.49272012515745217 1
0.49321582341745895 1
0.4953880954621046 1
0.4953964814708406 1
0.49568928286021074 1
0.4960476578363038 1
0.4969292604318791 1
0.49701098155491175 1
0.4971876209019049 1
0.49746420571127214 1
0.4975107940396207 1
0.4976368882978621 1
0.4978957902895961 1
0.4979666056752887 1
0.4987526989311779 1
0.49897728911452377 1
0.49923489434149926 1
0.4997544986699593 1
0.5000652423220421 1
0.5007621031400228 1
0.501145281219408 1
0.501902220977007 1
0.5022811359855556 1
0.5024541736737838 1
0.5038916279911302 1
0.5041353785455789 1
0.504600915555813 1
0.5047047876448526 1
0.5047978629602495 1
0.5053674739212949 1
0.5066557226935554 1
0.5066825774790444 1
0.5069047610606271 1
0.5074898303772701 1
0.5079458083379369 1
0.5079851554368829 1
0.5090864374207374 1
0.5091693595407377 1
0.5091935989553252 1
0.5094715154672934 1
0.5100683705237595 1
0.5101258426125378 1
0.5102851842947186 1
0.5102875438634453 1
0.5105809596148942 1
0.5105849077512156 1
0.5106101715169625 1
0.5109241532368539 1
0.5113584242357053 1
0.5113810423028959 1
0.5113998240742448 1
0.5115064393328776 1
0.5122364722478234 1
0.5127359579742696 1
0.5130741883391202 1
0.5144040928889501 1
0.5146166888278723 1
0.514756159149486 1
0.5148756457814878 1
0.5149489863491488 1
0.5157795340447884 1
0.5158671371473688 1
0.5160117618819595 1
0.5161203895399943 1
0.5161631911782991 1
0.5163318847210401 1
0.5163374518995983 1
0.51635587388034 1
0.5169944176174367 1
0.5175261520288827 1
0.5179945872719849 1
0.519419054029084 1
0.519658411171577 1
0.5201858345697503 1
0.520501684290739 1
0.5212189310499238 1
0.5234935015218881 1
0.5236103837077103 1
0.523826963378907 1
0.5238885555933022 1
0.5242624076370171 1
0.524354148884883 1
0.5248343142592241 1
0.5248533935466664 1
0.5248786257593754 1
0.5251278834676613 1
0.5251615838047347 1
0.526263432381885 1
0.5267715629532383 1
0.5285837236952701 1
0.528905507577854 1
0.529103521554467 1
0.5292083035959437 1
0.5302214159397339 1
0.5309787765313289 1
0.5312459741415423 1
0.53212088935256 1
0.5325666834318763 1
0.5329180383334609 1
0.5330357338502792 1
0.5334491362694845 1
0.5346774569226556 1
0.5364194492637698 1
0.5370295771383975 1
0.537413939337661 1
0.5378091776014926 1
0.5393676406219555 1
0.539771335297864 1
0.5399521081657379 1
0.5404721818866013 1
0.5407102868427552 1
0.5407591847119647 1
0.5423323184034388 1
0.5429135565546649 1
0.5439187706731615 1
0.5486839631773723 1
0.5497520570426881 1
0.5501157214173478 1
0.5502692620721772 1
0.5503582976476838 1
0.5517862687452217 1
0.5578043589551814 1
0.558229366897992 1
0.5600094572065338 1
0.560335625304235 1
0.5632188085744461 1
0.5677067532472085 1
0.5696745755489905 1
0.588444224137836 1
