
 0.481
 0.450
 0.498
 0.538
 0.511
 0.453
 0.490
 0.509
 0.509
 0.481
 0.481
 0.471
 0.472
 0.516
 0.526
 0.487
 0.540
 0.529
 0.471
 0.530
 0.516
 0.468
 0.472
 0.440
 0.480
 0.483
 0.511
 0.490
 0.497
 0.477
 0.550
 0.484
 0.511
 0.552
 0.468
 0.505
 0.466
 0.529
 0.523
 0.518
 0.531
 0.524
 0.516
 0.508
 0.511
 0.437
 0.533
 0.490
 0.532
 0.495
 0.510
 0.521
 0.470
 0.560
 0.482
 0.484
 0.436
 0.537
 0.480
 0.484
 0.493
 0.474
 0.460
 0.497
 0.568
 0.499
 0.462
 0.515
 0.570
 0.504
 0.464
 0.516
 0.495
 0.507
 0.550
 0.499
 0.524
 0.527
 0.472
 0.529
 0.516
 0.588
 0.516
 0.542
 0.473
 0.508
 0.524
 0.540
 0.558
 0.465
 0.513
 0.487
 0.478
 0.507
 0.515
 0.493
 0.493
 0.502
 0.501
 0.533
 0.533
 0.516
 0.536
 0.509
 0.486
 0.465
 0.519
 0.490
 0.490
 0.515
 0.512
 0.517
 0.550
 0.507
 0.560
 0.500
 0.510
 0.563
 0.511
 0.502
 0.509
 0.525
 0.484
 0.550
 0.515
 0.452
 0.541
 0.537
 0.445
 0.529
 0.505
 0.489
 0.533
 0.498
 0.485
 0.520
 0.505
 0.535
 0.496
 0.510
 0.510
 0.455
 0.443
 0.543
 0.481
 0.471
 0.469
 0.521
 0.464
 0.520
 0.473
 0.511
 0.498
 0.480
 0.505
 0.477
 0.544
 0.497
 0.499
 0.518
 0.471
 0.524
 0.531
 0.498
 0.486
 0.507
 0.525
 0.474
 0.549
 0.511
 0.459
 0.540
 0.525
 0.481
 0.501
 0.513
 0.541
 0.483
 0.479
 0.558
 0.500
 0.487
 0.502
 0.496
 0.475
 0.416
 0.516
 0.497
 0.512
 0.514
 0.485
 0.525
 0.469
 0.504
 0.525
 0.524
 0.493
 0.489
 0.491
 0.539

