0.4636956118128657 1
0.4641851304100133 1
0.4648503776213858 1
0.46921250457073976 1
0.4720287126496497 1
0.47262678806201114 1
0.47414686467003864 1
0.47565167927110935 1
0.4790164099255096 1
0.4792724874971955 1
0.48318359695124063 1
0.48628535343509205 1
0.4878213355649973 1
0.4881280157564813 1
0.4902003792263811 1
0.49066323773021525 1
0.4908410503484397 1
0.49239834803388627 1
0.4925134951531301 1
0.4936343751127042 1
0.49367895097231235 1
0.49394448143452263 1
0.49429037361318573 1
0.49432475953545635 1
0.49483976386924994 1
0.49539244104763297 1
0.4955595607276155 1
0.4957395399754858 1
0.49582460290377744 1
0.4964445110740518 1
0.4965090678932435 1
0.4972571403565187 1
0.498244572609104 1
0.5006792672112756 1
0.5014035694587516 1
0.5014507026908229 1
0.5017888702139228 1
0.5041733391958396 1
0.50461711451661 1
0.504818696392023 1
0.5050530150240706 1
0.5055679762048448 1
0.5060158303623264 1
0.506306240991904 1
0.5065142554527956 1
0.5069254780746255 1
0.5072271151137296 1
0.5075455480684683 1
0.5084920316428618 1
0.508683091199449 1
0.5092871545746123 1
0.509859995992737 1
0.5102408179200538 1
0.5109262529322565 1
0.5115725146984657 1
0.5119023696625395 1
0.5121031780262323 1
0.5124332272636356 1
0.5124741971418427 1
0.5128748305088681 1
0.5128810132426047 1
0.5130705121907984 1
0.5130925848760829 1
0.5132137952550253 1
0.5134717536619224 1
0.5135080079247324 1
0.5137242319127675 1
0.5143305159870349 1
0.5144647889745285 1
0.5147015051042502 1
0.5153937108176756 1
0.5172660854239247 1
0.5177707761979438 1
0.5183147411578575 1
0.5187493342917964 1
0.519212092499817 1
0.5193195711033316 1
0.5195076429331508 1
0.5200835632197888 1
0.5201118983813505 1
0.52014465682154 1
0.5206996164772398 1
0.5211987177507198 1
0.521365782606193 1
0.5216456048125545 1
0.521911440956791 1
0.5219646434433515 1
0.522245232267565 1
0.5224921492512539 1
0.5230132535446829 1
0.5237654420239795 1
0.5239693348669384 1
0.5240943933660703 1
0.5241024864732512 1
0.5242879605333737 1
0.5250055328784807 1
0.5251601109338654 1
0.5255813011847825 1
0.5278906035593737 1
0.5282770567550346 1
0.5285574394546133 1
0.5286084521604675 1
0.5287414295942839 1
0.5297199026467667 1
0.5297424664441781 1
0.5299838746259194 1
0.5305205898964285 1
0.5305517612696332 1
0.5311459913859856 1
0.5316706364591224 1
0.5326217941320678 1
0.5328198369608357 1
0.5331145974883075 1
0.5334291566903484 1
0.5336848019876997 1
0.5336895427577022 1
0.5337417032166735 1
0.5342535755380307 1
0.5343203737642072 1
0.5345084885109547 1
0.5350884229602979 1
0.5358959322535499 1
0.5363463563917944 1
0.5364713428655593 1
0.536579833927092 1
0.5372113451421803 1
0.5375624975825818 1
0.537911819902022 1
0.5386188034926986 1
0.538949756921842 1
0.539989341970347 1
0.5401117275424582 1
0.5405350624505957 1
0.5408097438034456 1
0.5409485313822822 1
0.5410292124210868 1
0.5410303188456786 1
0.5418344103837089 1
0.5420350390662131 1
0.5430779828891823 1
0.543108540701516 1
0.5431301877576189 1
0.5432910224020193 1
0.5436537979717224 1
0.5436581035290535 1
0.5437566386032933 1
0.5440174201985379 1
0.5441364899979696 1
0.5447042820369464 1
0.5447428037913905 1
0.5447533273921374 1
0.5450369857549417 1
0.5454676970398911 1
0.5473940984815577 1
0.5477986335188146 1
0.5478603474603682 1
0.5480100814914523 1
0.5497004103497968 1
0.5499639741647833 1
0.5505289034643478 1
0.5515086476243248 1
0.5516750369800203 1
0.5518326918816464 1
0.5520436716434788 1
0.5525498777696982 1
0.5527832958279038 1
0.5528396710043743 1
0.554014886966446 1
0.554807606107834 1
0.5560573602863752 1
0.5577244565679059 1
0.5577819875980506 1
0.5581640884571349 1
0.5585885473643989 1
0.5592186511163579 1
0.5594052304634917 1
0.5594219443182132 1
0.5603917968119453 1
0.5607504948963791 1
0.5609858382235691 1
0.5617597953125738 1
0.5621747676835178 1
0.5629013883227645 1
0.5630868381480021 1
0.5634292660641055 1
0.5635005493371348 1
0.5652050117684031 1
0.5653106593312727 1
0.5664259073290487 1
0.5674058115694371 1
0.5679487625280977 1
0.5691596478787393 1
0.5694847788835825 1
0.5715643711995044 1
0.5752033835049662 1
0.5777376476420767 1
0.5780080881568549 1
0.5846407355066456 1
0.5926021366990826 1
0.6089718720300552 1
