1 0.11103171630735498
0 0.5806205832569938
2 0.7955880621519836
54 0.47772687220134546
17 0.4873723504978267
21 0.3812605199456174
29 0.8791659251891664
25 0.6916205467525965
3 0.28839806564794745
42 0.9560846008465337
49 0.3633970896747878
19 0.8463852616028213
28 0.34961703533247457
37 0.7111984077457577
45 0.43250989748593327
31 0.3991596967852259
4 0.9305901528529601
22 0.7777821071539417
40 0.3924501253349454
5 0.9132619098158945
6 0.5850799573269014
11 0.5104396012533983
32 0.03597426344349697
57 0.7701930269589348
36 0.10502041582641519
18 0.20307361201946628
47 0.617457312564225
56 0.02361719499716508
58 0.19030286125782148
43 0.9295135870866336
7 0.519973133678632
15 0.4384285514707825
24 0.12784271894091226
16 0.22233003491567938
48 0.48637807482155737
39 0.2012378901481343
30 0.3865422648877439
38 0.7085720521336213
41 0.3555196093221866
35 0.7776643093198718
8 0.8222519400991163
9 0.8053522014345517
46 0.656913396946462
50 0.7761585103244983
23 0.7283704182523845
59 0.8686461557564953
13 0.6833483163200609
14 0.4512434763491605
44 0.8335665881107905
51 0.6161543853311983
20 0.5759132366778236
52 0.5648696096440754
10 0.5232371581322861
27 0.3588026502097721
55 0.11057564115959273
12 0.1224103148367941
26 0.3646033559615588
33 0.9450679374792352
34 0.865830937766148
53 0.042103899701903647
