
 0.548
 0.524
 0.494
 0.507
 0.552
 0.539
 0.537
 0.518
 0.535
 0.472
 0.541
 0.525
 0.542
 0.486
 0.529
 0.496
 0.524
 0.536
 0.548
 0.536
 0.494
 0.510
 0.578
 0.522
 0.545
 0.545
 0.550
 0.479
 0.502
 0.563
 0.494
 0.519
 0.522
 0.569
 0.553
 0.534
 0.563
 0.552
 0.513
 0.523
 0.566
 0.541
 0.609
 0.512
 0.515
 0.493
 0.552
 0.562
 0.491
 0.530
 0.559
 0.515
 0.495
 0.506
 0.505
 0.524
 0.520
 0.522
 0.497
 0.490
 0.551
 0.464
 0.531
 0.564
 0.473
 0.541
 0.559
 0.496
 0.575
 0.532
 0.506
 0.519
 0.531
 0.513
 0.514
 0.506
 0.534
 0.544
 0.492
 0.543
 0.469
 0.531
 0.512
 0.529
 0.540
 0.562
 0.525
 0.507
 0.536
 0.514
 0.548
 0.505
 0.504
 0.514
 0.553
 0.538
 0.513
 0.508
 0.528
 0.488
 0.524
 0.488
 0.513
 0.550
 0.530
 0.544
 0.501
 0.533
 0.528
 0.474
 0.540
 0.552
 0.542
 0.593
 0.567
 0.491
 0.530
 0.565
 0.558
 0.519
 0.537
 0.543
 0.524
 0.517
 0.512
 0.521
 0.544
 0.509
 0.539
 0.505
 0.512
 0.544
 0.520
 0.544
 0.559
 0.568
 0.496
 0.494
 0.545
 0.585
 0.578
 0.545
 0.572
 0.511
 0.534
 0.561
 0.501
 0.534
 0.533
 0.507
 0.529
 0.465
 0.541
 0.553
 0.514
 0.558
 0.501
 0.513
 0.535
 0.495
 0.521
 0.521
 0.534
 0.541
 0.522
 0.533
 0.560
 0.556
 0.476
 0.483
 0.497
 0.547
 0.518
 0.533
 0.526
 0.543
 0.464
 0.520
 0.554
 0.565
 0.520
 0.543
 0.522
 0.545
 0.509
 0.510
 0.563
 0.508
 0.558
 0.569
 0.479
 0.494
 0.559
 0.512
 0.555
 0.498
 0.561
 0.538
 0.513
 0.496

