
 0.470
 0.525
 0.493
 0.467
 0.538
 0.499
 0.474
 0.509
 0.483
 0.474
 0.547
 0.531
 0.519
 0.535
 0.533
 0.489
 0.462
 0.508
 0.483
 0.533
 0.525
 0.518
 0.485
 0.499
 0.515
 0.446
 0.524
 0.505
 0.483
 0.441
 0.524
 0.502
 0.506
 0.522
 0.506
 0.479
 0.476
 0.438
 0.524
 0.444
 0.561
 0.498
 0.533
 0.436
 0.485
 0.491
 0.567
 0.509
 0.480
 0.490
 0.529
 0.547
 0.490
 0.471
 0.525
 0.502
 0.506
 0.518
 0.513
 0.482
 0.501
 0.472
 0.447
 0.485
 0.482
 0.494
 0.497
 0.478
 0.540
 0.522
 0.473
 0.517
 0.438
 0.540
 0.500
 0.494
 0.503
 0.545
 0.449
 0.500
 0.509
 0.438
 0.467
 0.467
 0.511
 0.551
 0.502
 0.482
 0.468
 0.488
 0.532
 0.517
 0.462
 0.467
 0.452
 0.512
 0.542
 0.489
 0.471
 0.527
 0.511
 0.459
 0.529
 0.572
 0.522
 0.464
 0.476
 0.510
 0.477
 0.495
 0.504
 0.532
 0.485
 0.490
 0.511
 0.521
 0.525
 0.539
 0.486
 0.500
 0.510
 0.501
 0.524
 0.515
 0.524
 0.522
 0.443
 0.519
 0.508
 0.504
 0.524
 0.525
 0.487
 0.521
 0.528
 0.540
 0.554
 0.553
 0.509
 0.521
 0.478
 0.476
 0.543
 0.531
 0.472
 0.526
 0.468
 0.540
 0.497
 0.519
 0.457
 0.511
 0.479
 0.543
 0.455
 0.483
 0.504
 0.489
 0.494
 0.474
 0.540
 0.471
 0.501
 0.501
 0.528
 0.499
 0.462
 0.448
 0.512
 0.538
 0.452
 0.488
 0.506
 0.517
 0.544
 0.502
 0.524
 0.451
 0.551
 0.490
 0.497
 0.458
 0.525
 0.530
 0.495
 0.456
 0.532
 0.492
 0.534
 0.493
 0.487
 0.502
 0.490
 0.504
 0.453
 0.475
 0.510
 0.495
 0.528
 0.472

