0.45395597574191093 1
0.45475353445102695 1
0.45572840943705356 1
0.4557490924730863 1
0.45709553380897033 1
0.45723305325850633 1
0.45726949250904947 1
0.46115560344021644 1
0.4616499308991906 1
0.4620721895352055 1
0.4621578432264936 1
0.4633586050282536 1
0.4644495876080345 1
0.467446752089086 1
0.46816639711449304 1
0.46917308357140064 1
0.47050908380567713 1
0.4718854879191911 1
0.47239473088443473 1
0.4734721094763751 1
0.47478052651018005 1
0.4749667255414208 1
0.47524897238880015 1
0.4762598500831103 1
0.47755066794758405 1
0.4787496088448811 1
0.4789190021300832 1
0.47953140335041106 1
0.4796629563645155 1
0.48004362055085115 1
0.48030412723162974 1
0.48108738782775967 1
0.4812472603815084 1
0.4820843909377619 1
0.48245576940188534 1
0.4826116648476363 1
0.4828339726648466 1
0.48452512247699536 1
0.48545207204037466 1
0.4855212826081061 1
0.48572203325955654 1
0.4886753959124316 1
0.48928557629185315 1
0.48930536325655694 1
0.4894548931101177 1
0.4900178744055487 1
0.49059403720976036 1
0.49186636691319136 1
0.49199704756693513 1
0.4920155092483338 1
0.49228652794345656 1
0.49236025290620816 1
0.4931972380042127 1
0.493329719226524 1
0.49373784847987473 1
0.4946466296764466 1
0.4951468140245766 1
0.4952990376933931 1
0.4953307071076782 1
0.4958131129394288 1
0.49595509866431114 1
0.49614167420389615 1
0.4977178036300959 1
0.4977378929813953 1
0.49838522227917814 1
0.4985399727340523 1
0.49880641364883066 1
0.4989862614275089 1
0.49909659850035765 1
0.4998657830095982 1
0.5000383039892075 1
0.5007592072252222 1
0.5014012103506461 1
0.5014102966388763 1
0.501595571343081 1
0.5016548597640019 1
0.5018830131351076 1
0.502290131905951 1
0.502347032711897 1
0.50236650310684 1
0.502390808122474 1
0.5024620407701152 1
0.5025304566521774 1
0.5025904348775581 1
0.5031389832520227 1
0.5043226590761762 1
0.5044748051527642 1
0.5047867267844152 1
0.5051087983967726 1
0.505963065675831 1
0.5065662709838784 1
0.5065859906763184 1
0.5072039707132945 1
0.5076788180889455 1
0.5078190352819613 1
0.5079245698355502 1
0.5085556002255656 1
0.5086994749273324 1
0.5093785957023195 1
0.510093951047246 1
0.5101929138177081 1
0.5103696789578968 1
0.510646590094813 1
0.5107069497913974 1
0.5114663125718735 1
0.5132042233703847 1
0.5132362201252798 1
0.5134490173949507 1
0.5142484949678581 1
0.5144614816849632 1
0.5151933746542253 1
0.5160504653616915 1
0.5164571296989838 1
0.51648393221454 1
0.516878944129858 1
0.5169535657664409 1
0.5171709524030619 1
0.5173344080684106 1
0.517413884285619 1
0.5174865675808108 1
0.5176713787200043 1
0.5179121070672806 1
0.5181625542267444 1
0.5182361929750712 1
0.5183593249060623 1
0.5184219475784376 1
0.5191443662646951 1
0.5197570991703836 1
0.5199118231930263 1
0.5207669228680735 1
0.5209227683326872 1
0.5210353961524081 1
0.5212794101540144 1
0.5217621193360275 1
0.5226163613877017 1
0.5229327838218799 1
0.5252529338505773 1
0.5253368475191542 1
0.5254976159685111 1
0.5255999278519048 1
0.525775782110546 1
0.5264868948283584 1
0.5267762850021349 1
0.52688066518649 1
0.528153342063377 1
0.5284123770942357 1
0.5287016164502752 1
0.5287900902609376 1
0.5292642940999536 1
0.5294374365050264 1
0.5297132686731704 1
0.5310252950680114 1
0.531125636362979 1
0.531128198564803 1
0.5313175029709007 1
0.5314789186602892 1
0.5317436775130879 1
0.5318569825200602 1
0.5323634334887138 1
0.5332771026801577 1
0.5340407620030418 1
0.5340600269354709 1
0.5345492158778282 1
0.5347543286889882 1
0.5358316663445227 1
0.5364125363141616 1
0.537218769599195 1
0.5385244277431385 1
0.5388705099204544 1
0.5388736462974296 1
0.5392396759701171 1
0.5427201830053376 1
0.5435002745962312 1
0.5444528380969809 1
0.5457120587446611 1
0.5464231787666496 1
0.5489070435820527 1
0.54986395695773 1
0.5507911732645588 1
0.5517304361639982 1
0.5522502719529524 1
0.5536352583983377 1
0.5538606988522767 1
0.5539730849127643 1
0.5548272188858371 1
0.5554544746616998 1
0.5556638740074836 1
0.5557778508142204 1
0.5626407937561905 1
0.563042147271801 1
0.5640573932016768 1
0.5654396434948665 1
0.5664202198531482 1
0.5688238963598874 1
0.5691026666450516 1
0.5692326446862507 1
0.5753885008577101 1
0.5787014683099365 1
0.5903662953726345 1
0.5928520871645097 1
