
 0.534
 0.510
 0.498
 0.590
 0.521
 0.517
 0.518
 0.533
 0.475
 0.475
 0.531
 0.551
 0.483
 0.520
 0.546
 0.502
 0.539
 0.481
 0.509
 0.539
 0.535
 0.502
 0.522
 0.525
 0.529
 0.481
 0.505
 0.518
 0.495
 0.565
 0.502
 0.507
 0.528
 0.500
 0.593
 0.501
 0.469
 0.520
 0.518
 0.507
 0.521
 0.456
 0.509
 0.476
 0.528
 0.555
 0.569
 0.535
 0.554
 0.480
 0.529
 0.493
 0.556
 0.508
 0.513
 0.517
 0.531
 0.495
 0.508
 0.575
 0.485
 0.463
 0.492
 0.516
 0.483
 0.549
 0.502
 0.500
 0.550
 0.457
 0.464
 0.462
 0.482
 0.518
 0.490
 0.457
 0.503
 0.472
 0.471
 0.495
 0.564
 0.479
 0.498
 0.478
 0.499
 0.515
 0.516
 0.569
 0.501
 0.492
 0.513
 0.508
 0.489
 0.505
 0.531
 0.532
 0.454
 0.529
 0.534
 0.506
 0.492
 0.526
 0.492
 0.517
 0.516
 0.499
 0.526
 0.475
 0.493
 0.539
 0.480
 0.527
 0.563
 0.473
 0.510
 0.531
 0.462
 0.514
 0.543
 0.489
 0.518
 0.517
 0.525
 0.492
 0.544
 0.496
 0.486
 0.503
 0.554
 0.507
 0.502
 0.529
 0.499
 0.462
 0.496
 0.468
 0.521
 0.489
 0.532
 0.494
 0.544
 0.536
 0.504
 0.502
 0.491
 0.555
 0.517
 0.472
 0.495
 0.502
 0.523
 0.502
 0.513
 0.539
 0.461
 0.509
 0.563
 0.579
 0.457
 0.530
 0.503
 0.482
 0.536
 0.518
 0.525
 0.485
 0.517
 0.486
 0.480
 0.511
 0.537
 0.480
 0.546
 0.552
 0.498
 0.521
 0.569
 0.511
 0.501
 0.523
 0.456
 0.510
 0.496
 0.556
 0.519
 0.532
 0.554
 0.531
 0.526
 0.499
 0.527
 0.552
 0.511
 0.489
 0.504
 0.566
 0.479
 0.467
 0.455
 0.514

