
 0.453
 0.485
 0.449
 0.544
 0.508
 0.514
 0.448
 0.530
 0.480
 0.510
 0.519
 0.467
 0.495
 0.520
 0.527
 0.490
 0.523
 0.528
 0.483
 0.525
 0.470
 0.493
 0.525
 0.449
 0.473
 0.475
 0.467
 0.457
 0.499
 0.476
 0.512
 0.469
 0.513
 0.499
 0.524
 0.526
 0.531
 0.450
 0.504
 0.467
 0.495
 0.499
 0.528
 0.529
 0.447
 0.525
 0.490
 0.481
 0.468
 0.473
 0.487
 0.506
 0.504
 0.431
 0.518
 0.523
 0.541
 0.475
 0.501
 0.501
 0.514
 0.529
 0.547
 0.528
 0.505
 0.542
 0.548
 0.511
 0.492
 0.517
 0.502
 0.530
 0.495
 0.499
 0.493
 0.452
 0.455
 0.481
 0.543
 0.564
 0.523
 0.522
 0.532
 0.468
 0.491
 0.480
 0.529
 0.528
 0.493
 0.471
 0.501
 0.541
 0.463
 0.551
 0.494
 0.498
 0.529
 0.490
 0.492
 0.529
 0.514
 0.524
 0.496
 0.502
 0.494
 0.514
 0.540
 0.539
 0.516
 0.518
 0.487
 0.472
 0.460
 0.469
 0.475
 0.550
 0.492
 0.528
 0.538
 0.484
 0.522
 0.447
 0.529
 0.550
 0.588
 0.548
 0.458
 0.505
 0.471
 0.474
 0.523
 0.499
 0.493
 0.504
 0.536
 0.514
 0.542
 0.497
 0.484
 0.559
 0.469
 0.520
 0.480
 0.490
 0.532
 0.517
 0.501
 0.522
 0.497
 0.519
 0.494
 0.541
 0.543
 0.470
 0.507
 0.527
 0.521
 0.490
 0.523
 0.484
 0.561
 0.542
 0.488
 0.550
 0.496
 0.548
 0.519
 0.477
 0.543
 0.547
 0.521
 0.494
 0.467
 0.519
 0.544
 0.509
 0.490
 0.497
 0.492
 0.468
 0.536
 0.452
 0.485
 0.546
 0.479
 0.509
 0.498
 0.441
 0.508
 0.502
 0.517
 0.482
 0.484
 0.514
 0.448
 0.500
 0.512
 0.548
 0.439
 0.544

