
 0.507
 0.641
 0.641
 0.663
 0.698
 0.698
 0.698
 0.698
 0.698
 0.698
 0.698
 0.698
 0.698
 0.698
 0.698
 0.698
 0.698
 0.698
 0.698
 0.698
 0.698
 0.698
 0.698
 0.698
 0.698
 0.698
 0.698
 0.698
 0.698
 0.698
 0.698
 0.698
 0.698
 0.698
 0.698
 0.698
 0.698
 0.698
 0.698
 0.698
 0.698
 0.698
 0.698
 0.698
 0.698
 0.698
 0.698
 0.698
 0.698
 0.698
 0.698
 0.698
 0.698
 0.698
 0.698
 0.698
 0.698
 0.698
 0.698
 0.698
 0.698
 0.698
 0.698
 0.698
 0.698
 0.698
 0.698
 0.698
 0.698
 0.698
 0.698
 0.698
 0.698
 0.708
 0.732
 0.743
 0.748
 0.748
 0.748
 0.748
 0.748
 0.748
 0.748
 0.748
 0.748
 0.748
 0.748
 0.748
 0.748
 0.748
 0.748
 0.748
 0.748
 0.748
 0.748
 0.748
 0.748
 0.748
 0.750
 0.750
 0.750
 0.750
 0.750
 0.750
 0.750
 0.750
 0.750
 0.750
 0.750
 0.750
 0.750
 0.750
 0.750
 0.750
 0.750
 0.750
 0.750
 0.750
 0.750
 0.750
 0.750
 0.750
 0.750
 0.750
 0.750
 0.750
 0.750
 0.750
 0.750
 0.750
 0.750
 0.750
 0.750
 0.750
 0.750
 0.750
 0.750
 0.750
 0.750
 0.750
 0.750
 0.750
 0.750
 0.750
 0.750
 0.750
 0.750
 0.750
 0.750
 0.750
 0.750
 0.750
 0.750
 0.750
 0.750
 0.750
 0.750
 0.750
 0.750
 0.750
 0.750
 0.750
 0.750
 0.750
 0.750
 0.750
 0.750
 0.750
 0.750
 0.750
 0.750
 0.750
 0.750
 0.750
 0.750
 0.750
 0.750
 0.750
 0.750
 0.750
 0.750
 0.750
 0.750
 0.750
 0.750
 0.750
 0.750
 0.750
 0.750
 0.750
 0.750
 0.750
 0.750
 0.750
 0.750
 0.750
 0.750
 0.750
 0.750
 0.750

