
 0.481
 0.541
 0.609
 0.635
 0.651
 0.638
 0.644
 0.641
 0.657
 0.643
 0.659
 0.658
 0.658
 0.662
 0.662
 0.662
 0.662
 0.662
 0.662
 0.662
 0.662
 0.662
 0.662
 0.662
 0.662
 0.662
 0.662
 0.662
 0.662
 0.662
 0.662
 0.662
 0.662
 0.662
 0.662
 0.662
 0.662
 0.662
 0.662
 0.662
 0.662
 0.662
 0.662
 0.662
 0.662
 0.662
 0.662
 0.662
 0.662
 0.662
 0.662
 0.662
 0.662
 0.662
 0.662
 0.662
 0.662
 0.662
 0.662
 0.662
 0.662
 0.662
 0.662
 0.662
 0.662
 0.662
 0.662
 0.662
 0.662
 0.662
 0.662
 0.662
 0.662
 0.662
 0.662
 0.662
 0.662
 0.662
 0.662
 0.662
 0.662
 0.662
 0.662
 0.662
 0.662
 0.662
 0.662
 0.662
 0.662
 0.662
 0.662
 0.662
 0.662
 0.662
 0.662
 0.662
 0.662
 0.662
 0.662
 0.662
 0.662
 0.662
 0.662
 0.662
 0.662
 0.662
 0.662
 0.662
 0.662
 0.662
 0.662
 0.662
 0.662
 0.662
 0.662
 0.662
 0.662
 0.662
 0.662
 0.662
 0.662
 0.662
 0.662
 0.662
 0.662
 0.662
 0.662
 0.662
 0.662
 0.662
 0.662
 0.662
 0.662
 0.662
 0.662
 0.662
 0.662
 0.662
 0.662
 0.662
 0.662
 0.662
 0.662
 0.662
 0.662
 0.662
 0.662
 0.662
 0.662
 0.662
 0.662
 0.662
 0.662
 0.662
 0.662
 0.662
 0.662
 0.662
 0.662
 0.662
 0.662
 0.662
 0.662
 0.662
 0.662
 0.662
 0.662
 0.662
 0.662
 0.662
 0.662
 0.662
 0.662
 0.662
 0.662
 0.662
 0.662
 0.662
 0.662
 0.662
 0.662
 0.662
 0.662
 0.662
 0.662
 0.662
 0.662
 0.662
 0.662
 0.662
 0.662
 0.662
 0.662
 0.662
 0.662
 0.662
 0.662
 0.662
 0.662
 0.662

