0.4119818750591087 1
0.4240152685888413 1
0.4399498475622148 1
0.4442943627590685 1
0.44451184492585133 1
0.4462785020455397 1
0.4477525338880168 1
0.44911998936385605 1
0.449519299434243 1
0.4507480791285836 1
0.4510767160833515 1
0.45173485151954756 1
0.4519513971449606 1
0.453564637848688 1
0.45452214668490304 1
0.45468757281018923 1
0.4561065631491572 1
0.45616438287069977 1
0.45626258808069975 1
0.45812615617306796 1
0.45900392141436314 1
0.4597823628462441 1
0.459874181917783 1
0.46002715167734365 1
0.4600697642299295 1
0.4608389413405092 1
0.46088354175596424 1
0.461936740402938 1
0.4630933417587649 1
0.46330651447232557 1
0.4646484736124556 1
0.46478046347089524 1
0.4651846262844289 1
0.4654374503923899 1
0.46595936548687705 1
0.4661916752376489 1
0.46647284962699836 1
0.4667520000437346 1
0.4668129042571283 1
0.46801782439403683 1
0.46851293845671144 1
0.4686445449093364 1
0.4691002954543542 1
0.47020162423041634 1
0.4708305181437549 1
0.4725689292372264 1
0.4731200855980646 1
0.4731508415026904 1
0.47316180937808605 1
0.47321090234756974 1
0.47354064384670846 1
0.4740117985819804 1
0.47461533596236416 1
0.4746862056666737 1
0.47471146861552477 1
0.47500812571795925 1
0.4750201836719269 1
0.47576842188698104 1
0.4763874592588012 1
0.4765139225576563 1
0.4772489526730739 1
0.4772821868421271 1
0.4774610528436691 1
0.4774624079241201 1
0.4774768209214916 1
0.4775915069075137 1
0.4776868154974306 1
0.47861545648510273 1
0.4787329150981926 1
0.4791529551165641 1
0.4795288559111002 1
0.48041995107537994 1
0.48135312736304015 1
0.48163143469017433 1
0.4817825354264887 1
0.4829522684203112 1
0.48314202871451395 1
0.4836311545913391 1
0.4842154438563129 1
0.4842990400933568 1
0.4846234850187044 1
0.4849090725302031 1
0.48615518625777127 1
0.4862910319473578 1
0.4867737498346946 1
0.4873844584148278 1
0.4879361800838899 1
0.4880023678348666 1
0.48882538512388657 1
0.4888332819755178 1
0.4892748037596932 1
0.4892832435607742 1
0.48996176936576785 1
0.4899867320393822 1
0.49143073528478565 1
0.4929362981487281 1
0.4932966928559414 1
0.49340929306464787 1
0.493994274809608 1
0.4944312339209236 1
0.4945286792375119 1
0.4945523331223417 1
0.4946887499373716 1
0.4956142944081836 1
0.4959394825145378 1
0.4978253422725997 1
0.4980297197863215 1
0.5000880592208703 1
0.5001764913899774 1
0.5002670394256136 1
0.5002867724023576 1
0.5003310511889028 1
0.5006060322268708 1
0.5012733904291864 1
0.5012919009066426 1
0.5013011479854829 1
0.5013703812284214 1
0.5019245760059409 1
0.5021648755496506 1
0.5021960843193863 1
0.5029726909453943 1
0.5032908027589653 1
0.503409948605827 1
0.5040301804061985 1
0.5041657875689963 1
0.5056540228592684 1
0.506120771684282 1
0.5062155632002027 1
0.5063631597954591 1
0.5064570560757894 1
0.5069883529894852 1
0.507565397882257 1
0.5076778046430896 1
0.5082740705692985 1
0.5091835264760465 1
0.5094566160792854 1
0.5097110894497952 1
0.5106353046958959 1
0.5114562471525125 1
0.5115322299328087 1
0.5116041353889389 1
0.5124959090315431 1
0.5129060312048656 1
0.5133498838754593 1
0.5134212124778046 1
0.5135853599226476 1
0.5140070007376643 1
0.5142178105339713 1
0.5143259855539017 1
0.5145791353543493 1
0.51470831078416 1
0.5155617989309568 1
0.5161782041845784 1
0.5181323081403547 1
0.5186537407439358 1
0.519403952755724 1
0.5196256847503722 1
0.5196769914033503 1
0.5199792953147392 1
0.5203183600014247 1
0.5214545265422315 1
0.5216493071276297 1
0.5217396600853519 1
0.5219584729063523 1
0.5220814908871625 1
0.5226908467074947 1
0.5227757799112946 1
0.5233804168967834 1
0.5236790695465461 1
0.5258340346397525 1
0.5261665567482078 1
0.5264083921512501 1
0.5270570966029824 1
0.5278208653058779 1
0.5287622796163556 1
0.5296849147761556 1
0.5307126942310666 1
0.531128162442089 1
0.5318336566351786 1
0.5334240259073042 1
0.5335318291624545 1
0.5342107346134473 1
0.5347251516240693 1
0.5352140954745029 1
0.5359910919033712 1
0.53893701281822 1
0.538961409207731 1
0.5392980925469145 1
0.5401823798989608 1
0.5403560456254689 1
0.5419412812393428 1
0.5420208434771987 1
0.5453442675282613 1
0.5459862305120176 1
0.5496443453815449 1
0.5499570881895032 1
0.5604356143385492 1
0.5631484224847658 1
0.5818978912741571 1
0.5833572070244316 1
