1 37
0 38
2 46
1 42
3 37
1 41
3 50
3 58
0 40
1 50
2 43
2 51
1 48
3 39
3 34
2 45
0 44
1 46
0 44
3 37
0 33
1 46
1 48
1 35
0 35
0 50
2 35
3 42
2 48
3 53
1 51
0 34
0 44
2 35
1 57
0 49
0 34
2 36
1 36
0 39
1 40
3 40
0 44
3 35
2 43
2 33
3 48
2 59
3 33
1 42
0 41
0 38
1 38
2 38
0 31
0 49
0 34
0 38
0 31
1 36
3 49
0 29
3 48
3 38
1 39
0 41
0 56
2 38
0 35
2 43
0 45
1 43
1 44
1 38
2 51
0 42
2 40
0 45
3 50
1 38
1 43
0 52
1 37
2 40
3 55
3 40
1 39
2 37
3 43
0 38
2 33
2 38
3 41
0 50
1 34
1 57
3 44
0 35
3 43
1 45
0 34
1 31
3 46
2 38
1 50
3 35
1 48
1 33
0 42
0 33
3 35
3 43
2 49
0 42
0 49
0 40
1 37
1 44
3 53
1 34
0 42
0 36
1 40
3 41
3 51
0 46
1 44
1 41
0 47
2 35
0 50
0 34
3 36
0 54
1 39
0 40
3 47
2 46
2 38
2 40
3 57
0 51
2 40
2 35
3 47
0 42
1 40
3 47
2 46
2 40
0 44
3 40
2 42
0 41
1 54
2 36
2 46
1 49
3 35
1 42
3 42
1 29
3 41
2 41
0 40
0 46
3 40
0 39
2 30
1 37
3 42
1 43
2 58
3 41
3 45
0 54
0 49
3 38
3 36
1 29
0 50
2 42
2 42
2 50
3 31
2 50
3 42
2 36
3 37
2 42
0 43
1 51
3 48
0 48
3 45
1 43
0 50
3 40
0 41
0 40
