
 0.434
 0.463
 0.481
 0.482
 0.482
 0.482
 0.482
 0.482
 0.482
 0.482
 0.482
 0.482
 0.482
 0.482
 0.482
 0.482
 0.482
 0.482
 0.482
 0.482
 0.482
 0.482
 0.482
 0.482
 0.482
 0.482
 0.482
 0.482
 0.482
 0.482
 0.482
 0.482
 0.482
 0.482
 0.482
 0.482
 0.482
 0.482
 0.482
 0.482
 0.482
 0.482
 0.482
 0.482
 0.482
 0.482
 0.482
 0.482
 0.482
 0.482
 0.482
 0.482
 0.482
 0.482
 0.482
 0.482
 0.482
 0.482
 0.482
 0.482
 0.482
 0.482
 0.482
 0.482
 0.482
 0.482
 0.482
 0.482
 0.482
 0.482
 0.482
 0.482
 0.482
 0.482
 0.482
 0.482
 0.482
 0.482
 0.482
 0.482
 0.482
 0.482
 0.482
 0.482
 0.482
 0.482
 0.482
 0.482
 0.482
 0.482
 0.482
 0.482
 0.482
 0.482
 0.482
 0.482
 0.482
 0.482
 0.482
 0.482
 0.482
 0.482
 0.482
 0.482
 0.482
 0.482
 0.482
 0.482
 0.482
 0.482
 0.482
 0.482
 0.482
 0.482
 0.482
 0.482
 0.482
 0.482
 0.482
 0.482
 0.482
 0.482
 0.482
 0.482
 0.482
 0.482
 0.482
 0.482
 0.482
 0.482
 0.482
 0.482
 0.482
 0.482
 0.482
 0.482
 0.482
 0.482
 0.482
 0.482
 0.482
 0.482
 0.482
 0.482
 0.482
 0.482
 0.482
 0.482
 0.482
 0.482
 0.482
 0.482
 0.482
 0.482
 0.482
 0.482
 0.482
 0.482
 0.482
 0.482
 0.482
 0.482
 0.482
 0.482
 0.482
 0.482
 0.482
 0.482
 0.482
 0.482
 0.482
 0.482
 0.482
 0.482
 0.482
 0.482
 0.482
 0.482
 0.482
 0.482
 0.482
 0.482
 0.482
 0.482
 0.482
 0.482
 0.482
 0.482
 0.482
 0.482
 0.482
 0.482
 0.482
 0.482
 0.482
 0.482
 0.482
 0.482
 0.482
 0.482

