0 41
0 35
0 37
0 35
0 47
0 39
0 40
0 42
0 42
0 38
0 26
0 41
0 42
0 41
0 34
0 39
0 33
0 40
0 48
0 40
0 34
0 48
0 56
0 38
0 45
0 43
0 42
0 39
0 48
0 45
0 44
0 44
0 41
0 46
0 29
0 46
0 44
0 36
0 48
0 43
0 42
0 46
0 34
0 46
0 38
0 37
0 41
0 51
0 37
0 37
0 38
0 44
0 40
0 30
0 37
0 32
0 33
0 49
0 44
0 41
0 33
0 40
0 36
0 36
0 47
0 48
0 37
0 51
0 44
0 46
0 43
0 40
0 45
0 35
0 40
0 50
0 32
0 48
0 43
0 44
0 49
0 32
0 31
0 40
0 40
0 38
0 48
0 34
0 59
0 45
0 42
0 28
0 45
0 40
0 44
0 38
0 40
0 42
0 43
0 41
0 43
0 48
0 49
0 40
0 31
0 48
0 40
0 31
0 35
0 42
0 50
0 34
0 35
0 41
0 39
0 41
0 44
0 50
0 35
0 39
0 39
0 36
0 34
0 36
0 45
0 36
0 48
0 31
0 38
0 40
0 41
0 47
0 48
0 44
0 54
0 29
0 37
0 53
0 43
0 45
0 35
0 36
0 40
0 46
0 50
0 45
0 35
0 35
0 50
0 42
0 42
0 29
0 42
0 43
0 35
0 49
0 49
0 52
0 46
0 39
0 55
0 49
0 34
0 38
0 48
0 39
0 39
0 44
0 36
0 34
0 42
0 38
0 37
0 42
0 44
0 52
0 33
0 34
0 40
0 50
0 38
0 42
0 50
0 41
0 51
0 42
0 41
0 50
0 35
0 49
0 41
0 37
0 44
0 42
0 42
0 44
0 44
0 35
0 35
0 37
