0.49268098484385875 1
0.501970215682596 1
0.5036609791633997 1
0.5127555446292691 1
0.5171923024454641 1
0.5240250136760405 1
0.5273273406866771 1
0.5281482174321731 1
0.5287548039703642 1
0.5297165547704762 1
0.5301193835078045 1
0.5306168592112539 1
0.5313734727673891 1
0.5342101175090445 1
0.5346316197831382 1
0.5348970818195009 1
0.5351350697881777 1
0.535404516685992 1
0.5362701691411602 1
0.536326612907182 1
0.5364903798266174 1
0.5366984120041098 1
0.5367214269070117 1
0.5370753078007166 1
0.5381887144820081 1
0.5382929310158739 1
0.5385255256690528 1
0.5395135746352071 1
0.5395616762106171 1
0.5398711555552673 1
0.5399173176636152 1
0.5404146091037851 1
0.5406923181987612 1
0.5412390648782762 1
0.5414378767077211 1
0.5421758499479872 1
0.5427654046867105 1
0.5428924831544848 1
0.5433490972029623 1
0.5435209390971745 1
0.5444827698746123 1
0.5460736948488727 1
0.5461846500030468 1
0.5467091177205294 1
0.546968642534936 1
0.5473367359278289 1
0.5484369270331687 1
0.5486158457306324 1
0.548649445310942 1
0.5488152694724083 1
0.5489104769564568 1
0.5496996068161971 1
0.5502460983369946 1
0.5505976659493925 1
0.5507372050525773 1
0.5508246907076232 1
0.5517472575552704 1
0.5522095021314107 1
0.5526871622370095 1
0.5532689184259225 1
0.5539366357670107 1
0.5550975689288482 1
0.5553085492811412 1
0.5555779173976816 1
0.5563291718279693 1
0.5563309313991989 1
0.556368101191393 1
0.5571358071821462 1
0.5573830519968588 1
0.5574218704840845 1
0.5577522892080192 1
0.558449276720507 1
0.5586341997333816 1
0.5602902257528813 1
0.5604183552337375 1
0.5606518675842351 1
0.5610822053551996 1
0.5615067359494336 1
0.5618239543923568 1
0.561853455457165 1
0.5620477931676724 1
0.5620648204817724 1
0.5620904334555289 1
0.5621802688749911 1
0.5622497037086601 1
0.5622506363881759 1
0.562609787956909 1
0.5628028787664349 1
0.5628481133257791 1
0.5630588616163436 1
0.5632954075565691 1
0.5638868509564042 1
0.5641255260689011 1
0.564671416542983 1
0.5648207220491384 1
0.5651222792689143 1
0.5653927475862348 1
0.5654708833508209 1
0.5656812231079015 1
0.5660371648409845 1
0.5665315479439369 1
0.5669963903529637 1
0.5672043218570054 1
0.5677632379010946 1
0.5678234558765252 1
0.567912924921975 1
0.5681454769506833 1
0.568866567500244 1
0.5693937346665322 1
0.5697135097023075 1
0.569871834740092 1
0.5705458672927771 1
0.570555094107254 1
0.5708935680618155 1
0.5716956251951629 1
0.572886600943268 1
0.5732220896313056 1
0.573417685107247 1
0.5739505748723918 1
0.5742259012569382 1
0.5745169551922875 1
0.5749795427171556 1
0.5751645618737438 1
0.5762130907045545 1
0.5763088590527127 1
0.5763564188887308 1
0.5766549315869763 1
0.577037482612237 1
0.5782113500911116 1
0.5783613883165216 1
0.5790340798972862 1
0.5794404352218171 1
0.579465159134461 1
0.5804408886468331 1
0.5804513752675244 1
0.5804731768899606 1
0.5810219805957145 1
0.5811830924895023 1
0.5814916501541715 1
0.5815583816530573 1
0.5816436984578316 1
0.5819079089529192 1
0.5825090632196166 1
0.5825920723754219 1
0.5826848068148105 1
0.5827669949755752 1
0.5827706444491855 1
0.5830276399861434 1
0.5833811072472095 1
0.5841741851457378 1
0.5848368450730222 1
0.5850101298756976 1
0.5855709317653479 1
0.5875079783949733 1
0.5875365162653674 1
0.5878014750167477 1
0.588412620808676 1
0.5884127957598253 1
0.5886445500494798 1
0.5892302103307586 1
0.5901896959737445 1
0.5902456890190958 1
0.5904434974102998 1
0.5905088797976529 1
0.5905390970225368 1
0.5912615358211712 1
0.5915607688475588 1
0.5916216977782683 1
0.5918581675314551 1
0.5922041507583116 1
0.5922792101965555 1
0.5931985925920863 1
0.5946584289072852 1
0.595512989424458 1
0.596634152211356 1
0.5967723972264676 1
0.5975927576197373 1
0.5990808630125453 1
0.6002603773341753 1
0.6020768357419781 1
0.6024321179751525 1
0.6025387435579586 1
0.6028949625321675 1
0.6035199333114036 1
0.6044679474039497 1
0.6045850316960943 1
0.6053215432749425 1
0.6053626710669118 1
0.6079379327043929 1
0.6080892393311546 1
0.6105143642391436 1
0.6144058077602417 1
0.6156392703444042 1
0.6166943609725815 1
0.6177797257367963 1
0.6177982129450448 1
0.6188440874760375 1
0.6307899542791106 1
0.6311812752680787 1
0.6373813447829328 1
