
 0.554
 0.580
 0.597
 0.568
 0.543
 0.563
 0.513
 0.570
 0.561
 0.586
 0.604
 0.524
 0.538
 0.558
 0.562
 0.575
 0.590
 0.564
 0.576
 0.535
 0.596
 0.535
 0.574
 0.580
 0.637
 0.535
 0.588
 0.579
 0.608
 0.573
 0.564
 0.544
 0.602
 0.600
 0.549
 0.599
 0.561
 0.574
 0.614
 0.563
 0.556
 0.568
 0.608
 0.573
 0.616
 0.558
 0.547
 0.592
 0.559
 0.582
 0.589
 0.531
 0.565
 0.602
 0.568
 0.580
 0.555
 0.603
 0.546
 0.546
 0.567
 0.562
 0.592
 0.590
 0.573
 0.565
 0.590
 0.553
 0.576
 0.552
 0.562
 0.567
 0.604
 0.540
 0.542
 0.551
 0.605
 0.588
 0.563
 0.557
 0.562
 0.537
 0.562
 0.550
 0.543
 0.535
 0.534
 0.565
 0.583
 0.549
 0.570
 0.551
 0.549
 0.597
 0.618
 0.541
 0.553
 0.529
 0.544
 0.579
 0.592
 0.547
 0.591
 0.618
 0.547
 0.528
 0.578
 0.584
 0.566
 0.557
 0.571
 0.582
 0.543
 0.576
 0.583
 0.557
 0.605
 0.531
 0.592
 0.566
 0.563
 0.582
 0.578
 0.536
 0.589
 0.572
 0.536
 0.569
 0.537
 0.585
 0.565
 0.562
 0.568
 0.598
 0.611
 0.585
 0.571
 0.619
 0.556
 0.540
 0.588
 0.550
 0.631
 0.530
 0.617
 0.541
 0.541
 0.556
 0.583
 0.563
 0.562
 0.577
 0.556
 0.552
 0.540
 0.577
 0.537
 0.560
 0.605
 0.581
 0.569
 0.588
 0.538
 0.493
 0.581
 0.549
 0.562
 0.588
 0.583
 0.591
 0.631
 0.540
 0.555
 0.539
 0.504
 0.575
 0.571
 0.517
 0.551
 0.603
 0.583
 0.581
 0.583
 0.502
 0.560
 0.583
 0.530
 0.579
 0.562
 0.595
 0.575
 0.536
 0.540
 0.591
 0.567
 0.565
 0.527
 0.592
 0.548
 0.593

