0.4134842917267468 1
0.41700376837586306 1
0.4272306658330615 1
0.4346314198095541 1
0.4376901002355382 1
0.43977608835894244 1
0.4421187229044687 1
0.4468073330668837 1
0.44781133146511926 1
0.45121511247727475 1
0.45570751239540636 1
0.45636834708841584 1
0.456737837534564 1
0.45754445887967343 1
0.45758854723622766 1
0.4596521832360688 1
0.4608359129200783 1
0.46318971414881394 1
0.4635359674669743 1
0.4637129352024739 1
0.463808103887624 1
0.4647501297886183 1
0.46542666025209023 1
0.4662245590883182 1
0.4666575735547973 1
0.4684772775860707 1
0.46854530216109047 1
0.4696454541740206 1
0.46980336284966817 1
0.469968100735492 1
0.470012306139231 1
0.4706272744328943 1
0.4707115749612103 1
0.4708080314624364 1
0.4720728186782008 1
0.47381581945812945 1
0.47394986083193585 1
0.47443524790985137 1
0.47456620333476346 1
0.47474955052854667 1
0.47481816093214896 1
0.4760414729547539 1
0.47659392802290024 1
0.4766478708889121 1
0.477311435460537 1
0.4785906165057412 1
0.47872490358388525 1
0.4797309542458065 1
0.4800704328275255 1
0.48066278280257363 1
0.48122972741151093 1
0.4813551495532582 1
0.4816595552847449 1
0.4820340632534488 1
0.4820865436177285 1
0.4820892731308135 1
0.48250566388969085 1
0.482909197573999 1
0.48318491214263193 1
0.4838408520864561 1
0.4838811830298056 1
0.48449723650655185 1
0.4848120739206301 1
0.4855536650669468 1
0.48573743340543735 1
0.4861667218219481 1
0.4866015132622621 1
0.4870280163191557 1
0.48759828629897006 1
0.4876033107161524 1
0.48861730813182547 1
0.490348385922795 1
0.49050513929340084 1
0.4907348899043985 1
0.49088667397926583 1
0.4914083100570397 1
0.4914530458887697 1
0.4916228578794296 1
0.4916230001671784 1
0.4918633591201855 1
0.49295159472934613 1
0.4933769475233511 1
0.4934999805271043 1
0.4937628606597814 1
0.493839456598222 1
0.4939304167685071 1
0.4942270626869531 1
0.4951714382178327 1
0.49520045375750743 1
0.49528963454477926 1
0.4955160385493905 1
0.4959632567016306 1
0.49646874890068804 1
0.49716075746905064 1
0.4973196851079016 1
0.4974199536055726 1
0.49801707388290894 1
0.49830196599089943 1
0.49866577819106345 1
0.4988763304019883 1
0.49896935266970405 1
0.4992792392537605 1
0.49953436118801503 1
0.49953893081100487 1
0.49970743917914107 1
0.5000772798708029 1
0.5002076328340188 1
0.5004222901841662 1
0.5010739640382426 1
0.5016157249693489 1
0.5020426528910659 1
0.5020671590538273 1
0.5034159888167029 1
0.5040835387470198 1
0.5043053658288283 1
0.5047489622030614 1
0.5050830529542361 1
0.5051796649569815 1
0.5055260336806762 1
0.5055462316156873 1
0.5059955245837888 1
0.507505689918702 1
0.5079468738366184 1
0.5080197810012246 1
0.508146815809551 1
0.5087172270268838 1
0.5091752261314122 1
0.5098313865474996 1
0.510061211997369 1
0.5107327832009736 1
0.511226349702695 1
0.5113558832882421 1
0.5114352021084694 1
0.5117221112048057 1
0.512546085150959 1
0.5130459258822124 1
0.51388921999158 1
0.5139512371064824 1
0.5142468293808315 1
0.5147735552916081 1
0.5147918549928748 1
0.5151094216911012 1
0.515490172896853 1
0.5155167960436233 1
0.5164796677080497 1
0.5166362170421742 1
0.516824219150261 1
0.5171092275713735 1
0.5171131619917136 1
0.5173749021479194 1
0.5176394506320012 1
0.5203541483182319 1
0.5210267196166695 1
0.5212547775419241 1
0.521328684444594 1
0.521501580976483 1
0.5215953662143158 1
0.5217426619476947 1
0.5220686668118458 1
0.5228885503247725 1
0.5248590422939765 1
0.5248947581260655 1
0.525568431464694 1
0.5256196871521669 1
0.5256292026598437 1
0.525693003801174 1
0.5262195622339928 1
0.5262593518010763 1
0.5267868634776697 1
0.527266296516837 1
0.5281859220561058 1
0.5284260261659842 1
0.5284682294014865 1
0.5292026228944992 1
0.5297248946295284 1
0.5301388515211747 1
0.5307033213057817 1
0.532388700770812 1
0.5337182917149443 1
0.5340128776737967 1
0.5342259596794188 1
0.5368918220425084 1
0.5370585785862073 1
0.5374382967617849 1
0.5375637461893124 1
0.5393303282560817 1
0.5393770077382086 1
0.5450705482445383 1
0.5522879052146155 1
0.552675667741905 1
0.5537119692687472 1
0.5537372522184077 1
0.5560890503895091 1
0.5598707357655239 1
0.5627382579502062 1
0.5643316397078485 1
0.5676591306629384 1
0.571064018756294 1
0.5831660411636047 1
0.5897327206453176 1
