
 0.470
 0.494
 0.514
 0.451
 0.517
 0.537
 0.448
 0.481
 0.539
 0.464
 0.526
 0.417
 0.497
 0.505
 0.465
 0.537
 0.435
 0.532
 0.504
 0.522
 0.526
 0.568
 0.482
 0.484
 0.490
 0.442
 0.511
 0.500
 0.499
 0.499
 0.493
 0.520
 0.528
 0.537
 0.506
 0.482
 0.499
 0.517
 0.527
 0.509
 0.508
 0.468
 0.511
 0.458
 0.521
 0.494
 0.492
 0.486
 0.413
 0.508
 0.528
 0.517
 0.523
 0.534
 0.496
 0.516
 0.467
 0.500
 0.483
 0.456
 0.522
 0.427
 0.488
 0.500
 0.458
 0.515
 0.525
 0.488
 0.476
 0.491
 0.463
 0.505
 0.510
 0.514
 0.506
 0.481
 0.494
 0.526
 0.493
 0.529
 0.554
 0.527
 0.457
 0.526
 0.526
 0.480
 0.466
 0.505
 0.486
 0.498
 0.480
 0.479
 0.493
 0.553
 0.460
 0.496
 0.501
 0.534
 0.526
 0.487
 0.495
 0.477
 0.534
 0.465
 0.528
 0.485
 0.482
 0.484
 0.513
 0.515
 0.477
 0.500
 0.518
 0.456
 0.511
 0.530
 0.500
 0.560
 0.502
 0.511
 0.492
 0.464
 0.517
 0.508
 0.479
 0.515
 0.475
 0.502
 0.513
 0.590
 0.491
 0.500
 0.530
 0.483
 0.556
 0.494
 0.504
 0.484
 0.515
 0.486
 0.471
 0.470
 0.491
 0.498
 0.509
 0.503
 0.521
 0.539
 0.563
 0.496
 0.583
 0.492
 0.554
 0.517
 0.506
 0.487
 0.497
 0.475
 0.461
 0.477
 0.483
 0.495
 0.545
 0.514
 0.474
 0.512
 0.522
 0.440
 0.497
 0.499
 0.491
 0.474
 0.502
 0.538
 0.482
 0.474
 0.525
 0.521
 0.531
 0.516
 0.510
 0.491
 0.495
 0.464
 0.522
 0.438
 0.571
 0.447
 0.489
 0.475
 0.552
 0.472
 0.470
 0.469
 0.471
 0.471
 0.564
 0.481
 0.470
 0.508

