4 45
2 40
2 42
1 51
1 45
1 57
4 38
2 42
2 51
1 37
4 45
2 46
4 35
1 33
0 25
0 35
2 40
2 53
1 36
4 34
4 48
1 41
3 51
2 38
2 44
3 34
2 37
4 38
3 47
3 49
3 50
4 44
3 34
1 49
3 47
2 45
3 48
0 36
3 36
4 44
4 40
2 50
1 44
2 35
2 39
3 35
4 30
3 37
4 48
4 40
1 37
2 45
1 34
0 41
3 41
3 49
3 54
3 39
4 42
4 38
3 37
3 47
0 49
1 49
2 46
3 26
3 42
2 38
2 31
2 33
1 49
4 31
4 43
4 38
3 46
1 40
1 29
3 49
4 38
2 36
3 38
1 44
1 59
2 35
4 45
4 35
0 35
0 43
4 41
0 48
3 39
2 35
2 37
3 33
3 58
3 37
0 40
0 41
4 41
2 43
4 35
3 29
3 35
2 39
0 35
3 44
2 38
2 42
4 42
3 49
0 52
3 34
3 40
4 46
0 43
2 39
1 44
0 35
1 43
0 48
0 50
3 33
3 38
0 47
0 56
3 36
1 44
2 40
0 52
3 40
0 42
3 51
3 30
3 49
3 49
1 48
4 57
1 35
1 39
4 45
4 37
3 32
1 43
3 40
0 35
0 33
3 38
0 39
2 56
4 36
0 45
3 44
2 48
1 39
1 41
3 41
4 38
2 27
2 41
3 42
0 43
3 44
3 38
4 49
0 38
3 44
4 43
4 41
3 31
1 41
1 47
2 51
4 43
0 39
3 45
2 31
1 43
0 37
4 42
0 37
2 44
1 42
0 51
3 51
2 50
3 37
4 43
2 39
4 51
1 46
4 51
1 40
0 30
2 48
1 28
2 49
1 38
4 33
3 59
4 41
