0.3834498891599779 1
0.3925588178006534 1
0.395706759889072 1
0.3963148984140568 1
0.3967637377093998 1
0.3990847235504 1
0.4023299145832 1
0.4042021146590403 1
0.4064965481426273 1
0.4066948582339213 1
0.40786065236373226 1
0.408427400796056 1
0.41040949963391754 1
0.41056174622895236 1
0.4113227096689404 1
0.4118644100305787 1
0.4132277182245064 1
0.4148036359694277 1
0.41502490817997234 1
0.41627250832002294 1
0.41722311771721343 1
0.41879030569717685 1
0.4193067777107127 1
0.4193295273692251 1
0.42023293680231705 1
0.42039727333512955 1
0.4214181383728092 1
0.42279954676567905 1
0.4240322536806404 1
0.4246652234061349 1
0.4246967845434005 1
0.4248957907935622 1
0.42505159965335065 1
0.42650338432229995 1
0.42749618496166275 1
0.42774454780516935 1
0.42877897764919026 1
0.4308922386809082 1
0.432849277832519 1
0.43324969791731704 1
0.4340908162509452 1
0.4343018415912204 1
0.43452977306070895 1
0.43573215459497205 1
0.43626980963123446 1
0.4365305819632952 1
0.4369075703714469 1
0.4382239515408744 1
0.43845610818596453 1
0.4386152504447097 1
0.43862675569342313 1
0.4388078799369686 1
0.4388977343315401 1
0.4389008704577283 1
0.4390667745212854 1
0.43978528585051385 1
0.44085071582931284 1
0.4413086930731904 1
0.44198609191624444 1
0.44240304933612845 1
0.44323222185462 1
0.4432455411798696 1
0.44465497654126507 1
0.4451704950716094 1
0.44560318977002183 1
0.44607989970050077 1
0.4461021766968674 1
0.4461953585013563 1
0.44728610974789 1
0.44778548745323316 1
0.4487711929637898 1
0.449054853345417 1
0.44963946753157447 1
0.44975464956297584 1
0.4505136345216239 1
0.4512622587708129 1
0.4516536395582962 1
0.45194028350465154 1
0.4529335742112398 1
0.45328440766702244 1
0.45357429797667964 1
0.45392923288518683 1
0.45440457567464854 1
0.4545380464217026 1
0.4549173821053216 1
0.45511122047522307 1
0.4551507225267259 1
0.4554813861145856 1
0.4556921659737685 1
0.45622740279930096 1
0.45623503582359975 1
0.45658254953103855 1
0.45677131268286053 1
0.45679685718986635 1
0.4573134330714204 1
0.4580818291459805 1
0.4585842729372081 1
0.4593265855742433 1
0.4593463690731063 1
0.45976939262405203 1
0.45987919347742234 1
0.4599656921086108 1
0.46016939293937986 1
0.4602855531455735 1
0.46042273897629216 1
0.4614556979811307 1
0.46168307571218636 1
0.4617961808684788 1
0.4624596606615264 1
0.46262105727610636 1
0.4629573744020141 1
0.46312783059607177 1
0.4634547486770785 1
0.46355891356733314 1
0.46365034563367447 1
0.46384038963342816 1
0.46538702644081664 1
0.4655776531699773 1
0.4659647321150088 1
0.4680980754290855 1
0.46819820513498944 1
0.4695202480238317 1
0.46965022399159523 1
0.4699858434840946 1
0.47036358942493317 1
0.4713234398016436 1
0.4715348669563999 1
0.4715374918383544 1
0.47296493537401857 1
0.4743508690184642 1
0.4746508433260533 1
0.4750873986629866 1
0.4751076447126422 1
0.4761271921101063 1
0.476485433281194 1
0.4769808576858348 1
0.47721013578651195 1
0.4774840323584912 1
0.47855058866410455 1
0.47855692862972377 1
0.4793048065520626 1
0.4795710474778656 1
0.4797923415029267 1
0.4805103847493001 1
0.4812325480282411 1
0.48136307396250827 1
0.48236577449252976 1
0.48262366695802683 1
0.4851863236206866 1
0.4854819960858235 1
0.4863920537418759 1
0.48696492330998525 1
0.48802328503890224 1
0.4886831941283778 1
0.48871511916521554 1
0.4887501223589494 1
0.48879092972220484 1
0.49043958179720515 1
0.4906836210713413 1
0.4911371117859126 1
0.49128878643007373 1
0.4917187855687202 1
0.49213375059430975 1
0.492411496768826 1
0.4933338447523834 1
0.49339516012683454 1
0.4944554609476426 1
0.494735701257171 1
0.49506321246606 1
0.49558668205166645 1
0.4975298519115245 1
0.4979030288019007 1
0.49803528496939664 1
0.4991774028364287 1
0.5001110499770568 1
0.5005195499919997 1
0.5012527046557884 1
0.5020442316935125 1
0.5022534275118309 1
0.5031658311508724 1
0.5050066658122856 1
0.5068106574471302 1
0.5077718093636637 1
0.5083961644558694 1
0.5104593983218211 1
0.510993714912182 1
0.5110098227168295 1
0.5111641178335077 1
0.5164967733709789 1
0.5171189024608147 1
0.5176918915700296 1
0.5181295032231455 1
0.5198496955584969 1
0.5280159705538042 1
0.5292670874575156 1
0.5294009240638001 1
0.5351125137278612 1
0.5374926138602093 1
0.5383146963143025 1
0.5475276152994037 1
