
 0.417
 0.489
 0.472
 0.508
 0.427
 0.503
 0.460
 0.518
 0.517
 0.463
 0.454
 0.462
 0.461
 0.458
 0.437
 0.423
 0.464
 0.431
 0.520
 0.442
 0.455
 0.455
 0.507
 0.538
 0.396
 0.407
 0.494
 0.475
 0.548
 0.457
 0.468
 0.476
 0.456
 0.446
 0.428
 0.462
 0.511
 0.470
 0.481
 0.424
 0.454
 0.419
 0.474
 0.402
 0.438
 0.439
 0.464
 0.490
 0.476
 0.437
 0.501
 0.420
 0.473
 0.491
 0.463
 0.408
 0.455
 0.493
 0.443
 0.465
 0.459
 0.528
 0.466
 0.459
 0.411
 0.415
 0.537
 0.439
 0.456
 0.485
 0.451
 0.434
 0.466
 0.489
 0.492
 0.491
 0.529
 0.498
 0.439
 0.493
 0.481
 0.446
 0.448
 0.508
 0.477
 0.397
 0.441
 0.455
 0.436
 0.489
 0.502
 0.396
 0.452
 0.483
 0.460
 0.487
 0.457
 0.415
 0.441
 0.460
 0.477
 0.460
 0.446
 0.482
 0.433
 0.480
 0.439
 0.438
 0.486
 0.499
 0.463
 0.477
 0.404
 0.470
 0.434
 0.435
 0.464
 0.425
 0.453
 0.455
 0.411
 0.502
 0.496
 0.450
 0.463
 0.518
 0.470
 0.447
 0.491
 0.498
 0.492
 0.460
 0.429
 0.443
 0.468
 0.505
 0.383
 0.457
 0.511
 0.459
 0.425
 0.445
 0.529
 0.501
 0.427
 0.440
 0.456
 0.419
 0.460
 0.393
 0.511
 0.516
 0.510
 0.500
 0.480
 0.446
 0.492
 0.475
 0.416
 0.410
 0.420
 0.433
 0.451
 0.498
 0.445
 0.406
 0.419
 0.488
 0.471
 0.462
 0.454
 0.535
 0.425
 0.470
 0.449
 0.452
 0.489
 0.449
 0.495
 0.479
 0.472
 0.421
 0.485
 0.450
 0.453
 0.495
 0.481
 0.399
 0.457
 0.479
 0.425
 0.475
 0.412
 0.413
 0.439
 0.442
 0.408
 0.436
 0.479
 0.439

