
 0.574
 0.641
 0.654
 0.653
 0.653
 0.646
 0.647
 0.653
 0.655
 0.655
 0.655
 0.655
 0.655
 0.655
 0.655
 0.655
 0.655
 0.655
 0.655
 0.655
 0.655
 0.655
 0.655
 0.696
 0.701
 0.701
 0.701
 0.713
 0.713
 0.713
 0.713
 0.713
 0.713
 0.713
 0.713
 0.713
 0.713
 0.713
 0.713
 0.713
 0.713
 0.713
 0.713
 0.713
 0.713
 0.713
 0.713
 0.713
 0.713
 0.713
 0.713
 0.713
 0.713
 0.713
 0.713
 0.713
 0.713
 0.713
 0.713
 0.713
 0.713
 0.713
 0.713
 0.713
 0.713
 0.713
 0.713
 0.713
 0.713
 0.713
 0.713
 0.713
 0.713
 0.713
 0.713
 0.713
 0.713
 0.713
 0.713
 0.713
 0.713
 0.713
 0.713
 0.713
 0.713
 0.713
 0.713
 0.713
 0.713
 0.713
 0.713
 0.713
 0.713
 0.713
 0.713
 0.713
 0.713
 0.713
 0.713
 0.713
 0.713
 0.713
 0.713
 0.713
 0.713
 0.713
 0.713
 0.713
 0.713
 0.713
 0.713
 0.713
 0.713
 0.713
 0.713
 0.713
 0.713
 0.713
 0.713
 0.713
 0.713
 0.713
 0.713
 0.713
 0.713
 0.713
 0.713
 0.713
 0.713
 0.713
 0.713
 0.713
 0.713
 0.713
 0.713
 0.713
 0.713
 0.713
 0.713
 0.713
 0.713
 0.713
 0.713
 0.713
 0.713
 0.713
 0.713
 0.713
 0.713
 0.713
 0.713
 0.713
 0.713
 0.713
 0.713
 0.713
 0.713
 0.713
 0.713
 0.713
 0.713
 0.713
 0.713
 0.713
 0.713
 0.713
 0.713
 0.713
 0.713
 0.713
 0.713
 0.713
 0.713
 0.713
 0.713
 0.713
 0.713
 0.713
 0.713
 0.713
 0.713
 0.713
 0.713
 0.713
 0.713
 0.713
 0.713
 0.713
 0.713
 0.713
 0.713
 0.713
 0.713
 0.713
 0.713
 0.713
 0.713
 0.713
 0.713
 0.713

