0.6379111975891518 1
0.6397217830678641 1
0.6415323685465765 1
0.6432187179331074 1
0.6438887774641033 1
0.6440130135562852 1
0.6441861287185543 1
0.6443103648107362 1
0.645575126850634 1
0.6458235990349976 1
0.6462451863816299 1
0.6465425376360812 1
0.6469641249827138 1
0.6472125971670774 1
0.6473857123293463 1
0.6475099484215279 1
0.647931535768161 1
0.6483531231147934 2
0.6487747104614259 2
0.6487747104614262 1
0.6487747104614263 1
0.6488989465536078 1
0.6490231826457896 2
0.6491962978080583 1
0.6493205339002405 1
0.6494447699924222 1
0.6499152364091423 1
0.6499905934312367 1
0.6500394725013241 1
0.6501637085935056 1
0.6501637085935057 1
0.6501637085935059 1
0.650163708593506 1
0.6502879446856873 1
0.6504610598479564 1
0.6505852959401384 1
0.6505852959401386 1
0.6508826471945892 1
0.6508826471945894 1
0.651006883286771 1
0.6510068832867714 1
0.6511311193789525 1
0.651131119378953 1
0.6514284706334039 1
0.6515527067255852 1
0.6515527067255854 1
0.6516769428177672 1
0.6516769428177673 2
0.6520985301643996 1
0.6520985301643998 1
0.6523958814188507 1
0.652395881418851 1
0.6525201175110324 1
0.6526443536032142 1
0.6527685896953961 1
0.6529417048576651 1
0.6530659409498467 1
0.6532390561121162 1
0.6533632922042979 1
0.6534875282964795 1
0.6537848795509302 1
0.6537848795509303 1
0.6537848795509305 1
0.653833758621018 1
0.6539091156431119 1
0.6543307029897448 1
0.6543795820598326 1
0.6544549390819264 1
0.6550496415908281 1
0.6550496415908285 1
0.6550496415908286 1
0.65517387768301 1
0.6551738776830102 2
0.6552981137751916 1
0.6552981137751918 1
0.6555954650296429 1
0.655595465029643 1
0.6555954650296433 1
0.6557197011218244 1
0.6560170523762753 1
0.6561412884684574 2
0.656265524560639 1
0.6564386397229081 1
0.6565628758150897 2
0.6566871119072712 1
0.6566871119072721 1
0.6567359909773594 1
0.6568602270695407 1
0.6569844631617223 1
0.657108699253904 1
0.6571086992539042 1
0.6571086992539046 1
0.6572818144161735 1
0.6572818144161736 1
0.6574060505083551 1
0.6574060505083554 2
0.6575302866005367 2
0.6575302866005369 1
0.6578276378549875 1
0.6579518739471695 1
0.6579518739471698 1
0.6580761100393514 1
0.6583734612938018 1
0.658373461293802 1
0.6583734612938023 1
0.6583734612938024 2
0.6584976973859835 1
0.6586708125482533 1
0.6587950486404347 1
0.6587950486404348 1
0.6589192847326164 1
0.6589192847326166 1
0.6589192847326167 1
0.6589192847326169 1
0.6590435208247983 1
0.6590923998948859 1
0.6591677569169799 1
0.6592166359870677 1
0.6594651081714311 1
0.6595139872415188 1
0.6595893442636125 1
0.6596382233337004 1
0.6597624594258817 1
0.6597624594258821 2
0.6598866955180636 1
0.6600598106803325 1
0.6601840467725144 1
0.6601840467725145 1
0.6601840467725146 1
0.6603082828646961 1
0.6607298702113289 1
0.6609029853735982 1
0.6610272214657797 1
0.6614488088124122 1
0.6615730449045942 1
0.661994632251227 1
0.6622431044355905 2
0.6622919835056779 1
0.6624162195978596 1
0.662540455690041 1
0.6625404556900412 2
0.6626646917822228 1
0.6627135708523108 1
0.6632593942911249 1
0.6632593942911252 1
0.6633836303833068 1
0.663556745545576 1
0.6636321025676696 1
0.6638052177299393 1
0.6638052177299396 1
0.6639294538221209 1
0.6639294538221211 1
0.6639294538221212 2
0.6643510411687535 1
0.6647726285153861 1
0.665194215862019 2
0.6654426880463822 1
0.6654915671164703 1
0.6660373905552842 1
0.6660373905552847 1
0.6663347418097352 1
0.6665832139940983 1
0.6665832139940986 1
0.6665832139940987 1
0.6678479760339968 1
0.6679722121261782 1
0.6679722121261784 1
0.6680964482183603 1
0.6686911507272619 1
0.6689396229116252 1
0.6689396229116256 1
0.6692369741660765 2
0.6702043849515235 2
0.6707502083903377 1
0.6711717957369702 1
0.6714691469914216 1
0.6720149704302356 1
0.6725607938690504 1
0.672858145123501 1
0.672982381215683 1
0.6738255559089481 1
0.6747929666943953 1
0.6776951990507365 1
