
 0.654
 0.662
 0.649
 0.671
 0.647
 0.651
 0.646
 0.651
 0.660
 0.646
 0.658
 0.664
 0.650
 0.673
 0.670
 0.665
 0.661
 0.668
 0.659
 0.650
 0.656
 0.655
 0.657
 0.659
 0.640
 0.665
 0.660
 0.655
 0.662
 0.654
 0.655
 0.657
 0.652
 0.663
 0.657
 0.664
 0.652
 0.652
 0.659
 0.675
 0.656
 0.657
 0.655
 0.648
 0.660
 0.660
 0.660
 0.649
 0.673
 0.672
 0.663
 0.663
 0.652
 0.657
 0.659
 0.658
 0.664
 0.655
 0.653
 0.664
 0.647
 0.653
 0.656
 0.650
 0.664
 0.650
 0.649
 0.649
 0.663
 0.657
 0.663
 0.657
 0.649
 0.648
 0.660
 0.667
 0.649
 0.668
 0.657
 0.656
 0.643
 0.664
 0.658
 0.659
 0.656
 0.654
 0.651
 0.658
 0.669
 0.671
 0.654
 0.651
 0.656
 0.668
 0.653
 0.644
 0.652
 0.650
 0.669
 0.658
 0.660
 0.655
 0.650
 0.656
 0.648
 0.655
 0.664
 0.669
 0.654
 0.659
 0.657
 0.664
 0.660
 0.638
 0.648
 0.662
 0.657
 0.649
 0.654
 0.662
 0.651
 0.666
 0.657
 0.650
 0.658
 0.663
 0.652
 0.668
 0.649
 0.664
 0.659
 0.650
 0.656
 0.665
 0.654
 0.658
 0.647
 0.654
 0.660
 0.649
 0.642
 0.655
 0.658
 0.669
 0.671
 0.652
 0.651
 0.666
 0.651
 0.658
 0.657
 0.660
 0.646
 0.652
 0.657
 0.649
 0.667
 0.674
 0.659
 0.670
 0.656
 0.662
 0.678
 0.663
 0.653
 0.667
 0.661
 0.653
 0.665
 0.659
 0.658
 0.659
 0.651
 0.663
 0.658
 0.673
 0.657
 0.658
 0.650
 0.661
 0.653
 0.666
 0.657
 0.644
 0.653
 0.658
 0.660
 0.661
 0.659
 0.665
 0.647
 0.660
 0.652
 0.644
 0.662
 0.651
 0.644
 0.653
 0.669
 0.659

