4 40
2 33
1 42
1 49
1 47
4 41
2 47
0 54
0 37
3 48
2 38
3 44
1 34
0 39
2 49
3 46
1 52
1 35
1 42
1 33
1 39
4 40
2 33
0 46
1 50
3 45
3 41
1 44
1 46
4 40
3 40
0 47
4 36
3 34
1 49
2 47
4 39
3 40
4 41
0 50
1 49
4 48
0 47
3 41
2 48
4 43
0 58
1 39
2 41
0 39
1 40
0 56
3 31
2 43
0 38
1 51
0 34
2 54
3 33
0 52
1 43
4 48
4 51
0 51
0 40
4 33
1 43
1 49
2 36
0 32
3 41
1 45
1 47
2 36
1 32
1 47
2 59
0 43
0 38
4 41
1 42
4 47
0 51
4 39
4 41
3 32
0 43
3 46
0 39
0 43
0 45
1 42
3 44
3 55
2 43
1 56
3 47
2 42
0 57
3 52
4 47
2 49
4 43
3 39
4 47
4 43
2 39
4 44
0 39
4 37
1 41
1 50
1 32
1 37
1 47
0 45
1 41
3 44
2 41
4 35
4 47
2 40
1 61
0 36
0 35
3 30
1 40
1 53
3 37
3 43
0 34
3 54
0 38
1 28
3 45
4 40
1 40
3 34
4 41
3 42
0 45
4 46
1 46
3 47
3 44
0 41
4 34
4 47
1 47
1 49
1 39
4 40
1 36
2 39
0 47
0 52
4 51
2 36
4 40
4 33
2 34
3 41
3 42
0 44
1 41
3 41
4 37
1 41
0 37
2 48
3 52
1 55
1 34
4 51
3 51
4 37
4 29
2 42
0 52
2 46
1 42
4 40
4 39
3 36
4 31
1 52
1 43
4 26
1 44
0 36
4 34
1 43
0 44
4 46
2 44
0 43
2 49
1 41
2 46
0 49
