0.4803774931304438 1
0.48672049353269287 1
0.4887954391268979 1
0.4895610827037937 1
0.49115109606859564 1
0.4930121549830097 1
0.49375222101036864 1
0.49582675369609785 1
0.49734652117277856 1
0.497619644830022 1
0.49762094664522677 1
0.4981408298108542 1
0.49939407371726857 1
0.499452896655936 1
0.5020876759586778 1
0.502284216524611 1
0.5050262390436466 1
0.5064225022958244 1
0.5101658366105007 1
0.5111421575699404 1
0.5120876173638806 1
0.5125434163489797 1
0.5145115789820432 1
0.5145134268515342 1
0.5151854173085126 1
0.5152152770767154 1
0.5152609668226641 1
0.5153670376275725 1
0.5156243611014795 1
0.5163458302461464 1
0.5186986725035322 1
0.5191656543085784 1
0.5197577272895422 1
0.5198625543755528 1
0.5201453850157864 1
0.5202934352346116 1
0.5209739503347914 1
0.5218747829700319 1
0.5219869792754397 1
0.5223037800334672 1
0.5236632549849635 1
0.524121383692974 1
0.5250455585879014 1
0.52549724583647 1
0.5259370819951636 1
0.5269459118465297 1
0.5269596672099657 1
0.5287761259783741 1
0.5293049363892397 1
0.5294625694382544 1
0.531023136129392 1
0.532157414638861 1
0.5327979367796926 1
0.5329724131954319 1
0.5338994207938286 1
0.5344998664433147 1
0.5346248428440371 1
0.5347207911672865 1
0.5347511992761904 1
0.5347779855520033 1
0.5351642577888979 1
0.5354002609541184 1
0.5354318569731157 1
0.5354413076806438 1
0.5354997918252772 1
0.5358222187881596 1
0.5359452594689642 1
0.5360442240848848 1
0.536074237756421 1
0.5361544187172036 1
0.5363683817362169 1
0.5365205927318643 1
0.5370532209235097 1
0.5371286861256181 1
0.5373401466364223 1
0.5377277560010405 1
0.538025776192405 1
0.5385570279046581 1
0.538746686665131 1
0.5393271362978903 1
0.539948219092085 1
0.5399962271334124 1
0.5410135761067799 1
0.5415628022833561 1
0.5416951248164349 1
0.5423874922110787 1
0.5431032997093529 1
0.5436178889171753 1
0.5459015213981419 1
0.5461784463115325 1
0.5465297135124804 1
0.5465863230003563 1
0.5466946131776567 1
0.5469178882946047 1
0.5475314686319738 1
0.5476703379360494 1
0.547807396561575 1
0.548023399312526 1
0.5492427926657839 1
0.5508037361733775 1
0.5515702434825422 1
0.5518542814176741 1
0.5518726849165788 1
0.5520355059711718 1
0.552215954136324 1
0.5525555754238428 1
0.5526776649243628 1
0.5528200758482514 1
0.5529062425179295 1
0.5530396598744775 1
0.5535526256400902 1
0.5536577277380385 1
0.5539657062493208 1
0.5541570982005449 1
0.5545951845870838 1
0.5550547647219042 1
0.5554933727862872 1
0.5561498044406998 1
0.556186968907835 1
0.5563078380442243 1
0.5565529437916846 1
0.5567104935730477 1
0.5568743899627661 1
0.5569576814775096 1
0.5574128948733326 1
0.5577830727693212 1
0.5580458621071759 1
0.5582781643227226 1
0.5584832200236681 1
0.5587235314923125 1
0.5590282275645779 1
0.5591242700861186 1
0.5592125183349208 1
0.5602191789516482 1
0.5603180412184189 1
0.5608376784532482 1
0.5610206606621574 1
0.5611896725687717 1
0.5612087493528445 1
0.5614379504518465 1
0.5619183199233517 1
0.5622689836140367 1
0.5625098217854556 1
0.5626613799018587 1
0.5628364116794141 1
0.5633097608878218 1
0.5637305738229641 1
0.5638962866852395 1
0.5643144191007425 1
0.564642138543547 1
0.5646816165576675 1
0.5648683597604678 1
0.5661013057095325 1
0.566583739844896 1
0.5672275645845284 1
0.5682097198233652 1
0.5691416396125162 1
0.569621531271793 1
0.5696816436841883 1
0.5705461258587384 1
0.5706953108004515 1
0.5713976412922404 1
0.5727642803642423 1
0.5734441932271691 1
0.5743220458979883 1
0.5748057490253378 1
0.5751425606050643 1
0.5751819986411855 1
0.5753007870950256 1
0.5762289400005293 1
0.576244814943617 1
0.5772746920816697 1
0.5780946436135642 1
0.5803187152855369 1
0.5806964179984179 1
0.5807339891849935 1
0.5807543812154267 1
0.5814879484997298 1
0.5815779250528211 1
0.5828953050430552 1
0.5836672035684347 1
0.5849783874636122 1
0.5875345784496137 1
0.5883254447866965 1
0.5900676546766893 1
0.5903265060949109 1
0.5907725086091505 1
0.5917623753839222 1
0.5923304525268432 1
0.5923307540326904 1
0.594938038842334 1
0.595640098758367 1
0.5982848531991222 1
0.6011900667483199 1
0.6015636920279677 1
0.6018367238147061 1
0.6104981870378474 1
0.6107181820906468 1
0.6136344442951223 1
0.6212638871946613 1
