
 0.563
 0.537
 0.520
 0.534
 0.602
 0.513
 0.554
 0.573
 0.499
 0.515
 0.554
 0.498
 0.570
 0.516
 0.499
 0.561
 0.522
 0.546
 0.541
 0.561
 0.544
 0.553
 0.542
 0.540
 0.559
 0.581
 0.560
 0.563
 0.515
 0.536
 0.533
 0.548
 0.524
 0.568
 0.536
 0.621
 0.533
 0.567
 0.527
 0.581
 0.502
 0.558
 0.576
 0.584
 0.497
 0.553
 0.566
 0.547
 0.556
 0.511
 0.590
 0.535
 0.556
 0.535
 0.547
 0.576
 0.561
 0.564
 0.529
 0.542
 0.611
 0.542
 0.565
 0.569
 0.554
 0.540
 0.557
 0.526
 0.531
 0.522
 0.565
 0.529
 0.536
 0.592
 0.583
 0.539
 0.552
 0.506
 0.520
 0.559
 0.522
 0.534
 0.557
 0.557
 0.561
 0.580
 0.562
 0.535
 0.535
 0.551
 0.549
 0.602
 0.519
 0.538
 0.535
 0.559
 0.520
 0.596
 0.537
 0.498
 0.562
 0.555
 0.552
 0.561
 0.547
 0.567
 0.581
 0.559
 0.558
 0.515
 0.552
 0.560
 0.480
 0.527
 0.515
 0.563
 0.538
 0.556
 0.565
 0.601
 0.520
 0.592
 0.575
 0.570
 0.573
 0.525
 0.539
 0.552
 0.537
 0.564
 0.505
 0.498
 0.571
 0.571
 0.558
 0.525
 0.543
 0.585
 0.553
 0.535
 0.515
 0.614
 0.547
 0.558
 0.516
 0.536
 0.536
 0.546
 0.598
 0.548
 0.553
 0.489
 0.521
 0.555
 0.590
 0.577
 0.535
 0.537
 0.487
 0.595
 0.512
 0.532
 0.535
 0.510
 0.491
 0.536
 0.557
 0.592
 0.539
 0.535
 0.548
 0.554
 0.496
 0.575
 0.563
 0.591
 0.575
 0.588
 0.524
 0.581
 0.553
 0.493
 0.571
 0.490
 0.502
 0.515
 0.548
 0.574
 0.578
 0.610
 0.588
 0.529
 0.582
 0.552
 0.557
 0.575
 0.494
 0.564
 0.555
 0.519

