0.8139931436485974 1
0.8144725035341288 1
0.8149518634196602 11
0.8149518634196603 1
0.8154312233051916 12
0.8159105831907228 22
0.8159105831907231 1
0.8163899430762542 39
0.8163899430762543 4
0.8168693029617856 58
0.8168693029617857 11
0.817348662847317 75
0.8173486628473171 8
0.8178280227328483 96
0.8178280227328485 10
0.8183073826183797 147
0.8183073826183798 18
0.818786742503911 176
0.8187867425039111 27
0.8192661023894423 214
0.8192661023894425 28
0.8197454622749737 244
0.8197454622749738 51
0.8202248221605051 263
0.8202248221605052 53
0.8207041820460365 267
0.8207041820460366 81
0.8211835419315677 303
0.821183541931568 68
0.8216629018170991 294
0.8216629018170992 88
0.8221422617026305 264
0.8221422617026306 104
0.8226216215881618 244
0.822621621588162 109
0.8231009814736931 249
0.8231009814736933 116
0.8235803413592245 231
0.8235803413592246 89
0.8240597012447559 188
0.824059701244756 66
0.8245390611302872 138
0.8245390611302874 65
0.8250184210158186 100
0.8250184210158187 43
0.82549778090135 75
0.8254977809013501 35
0.8259771407868812 38
0.8259771407868814 26
0.8264565006724126 37
0.8264565006724127 24
0.826935860557944 18
0.8269358605579441 10
0.8274152204434754 10
0.8274152204434755 14
0.8278945803290066 10
0.8278945803290069 10
0.828373940214538 1
0.8283739402145381 5
0.8288533001000694 3
0.8293326599856008 2
0.8293326599856009 1
0.8298120198711323 1
0.8302913797566635 1
0.8302913797566636 1
