
 0.020
 9.880
 0.000
 0.020
 4.030
 3.990
 3.950
 3.970
 0.030
 0.020
 0.040
 5.990
 0.060
 0.000
 0.060
 0.040
 0.010
 5.900
 5.940
 0.050
 4.000
 0.000
 3.930
 0.030
 1.410
 0.040
 0.020
 2.060
 1.940
 0.010
 0.000
 0.040
 0.000
 0.020
 6.030
 4.000
 4.000
 0.530
 0.000
 0.030
 0.030
 2.010
 3.950
 0.000
 4.010
 2.010
 6.000
 0.010
 5.800
 0.090
 0.000
 0.050
 5.920
 0.000
 0.030
 7.910
 0.060
 0.010
 0.040
 0.050
 0.020
 2.030
 2.000
 5.950
 0.040
 5.970
 1.940
 0.030
 0.040
 3.910
 1.940
 8.000
 0.030
 3.940
 2.000
 0.010
 0.000
 0.000
 5.990
 0.030
 0.020
 2.040
 6.030
 0.040
 5.980
 3.980
 0.010
 3.990
 0.010
 4.000
 3.970
 6.010
 0.000
 0.050
 4.010
 1.990
 3.870
 0.020
 0.030
 0.010

