
 0.518
 0.641
 0.692
 0.740
 0.750
 0.768
 0.760
 0.787
 0.791
 0.791
 0.791
 0.791
 0.791
 0.791
 0.791
 0.791
 0.791
 0.791
 0.791
 0.791
 0.791
 0.791
 0.791
 0.791
 0.791
 0.791
 0.791
 0.791
 0.791
 0.791
 0.791
 0.791
 0.791
 0.791
 0.791
 0.791
 0.791
 0.791
 0.791
 0.791
 0.791
 0.791
 0.791
 0.791
 0.791
 0.791
 0.791
 0.791
 0.791
 0.791
 0.791
 0.791
 0.791
 0.791
 0.791
 0.791
 0.791
 0.791
 0.791
 0.794
 0.791
 0.791
 0.791
 0.791
 0.791
 0.791
 0.791
 0.791
 0.791
 0.791
 0.791
 0.791
 0.791
 0.791
 0.791
 0.791
 0.791
 0.791
 0.791
 0.791
 0.791
 0.791
 0.791
 0.791
 0.791
 0.791
 0.791
 0.791
 0.791
 0.791
 0.791
 0.791
 0.791
 0.791
 0.791
 0.791
 0.791
 0.791
 0.791
 0.791
 0.791
 0.791
 0.791
 0.791
 0.791
 0.791
 0.791
 0.791
 0.791
 0.791
 0.791
 0.791
 0.791
 0.791
 0.791
 0.791
 0.791
 0.791
 0.791
 0.791
 0.791
 0.791
 0.791
 0.791
 0.791
 0.791
 0.791
 0.791
 0.791
 0.791
 0.791
 0.791
 0.791
 0.791
 0.791
 0.791
 0.791
 0.791
 0.791
 0.791
 0.791
 0.791
 0.791
 0.791
 0.791
 0.791
 0.791
 0.791
 0.791
 0.791
 0.791
 0.791
 0.791
 0.791
 0.791
 0.791
 0.791
 0.791
 0.791
 0.791
 0.791
 0.791
 0.791
 0.791
 0.791
 0.791
 0.791
 0.791
 0.791
 0.791
 0.791
 0.791
 0.791
 0.791
 0.791
 0.791
 0.791
 0.791
 0.791
 0.791
 0.791
 0.791
 0.791
 0.791
 0.791
 0.791
 0.791
 0.791
 0.791
 0.791
 0.791
 0.791
 0.791
 0.791
 0.791
 0.791
 0.791
 0.791
 0.791
 0.791

