0.4532950118635541 1
0.4559787325946416 1
0.4578465005499804 1
0.45948918012346485 1
0.46562490539272844 1
0.4659885228148801 1
0.4677475751030132 1
0.46872716647565027 1
0.47505991246459567 1
0.4754578384338089 1
0.47749375325058757 1
0.47755421030433665 1
0.47757905196462525 1
0.47812112002910645 1
0.47925156716887385 1
0.4793183150797507 1
0.47953951528510985 1
0.47963357190271244 1
0.47973722587633694 1
0.481221902720662 1
0.4812256579984626 1
0.4816786676845999 1
0.4820813785978003 1
0.4823079618963687 1
0.48246327842654957 1
0.48314949117487016 1
0.48341754117002295 1
0.48427636368744975 1
0.4844437429721862 1
0.4851789527397267 1
0.4871546088191544 1
0.48730969437470617 1
0.48744204650466466 1
0.48897364952492145 1
0.48908812305555394 1
0.48911157125240917 1
0.4892896744254919 1
0.4897810004643011 1
0.49072839567464316 1
0.4914776217754218 1
0.491629982085964 1
0.4921889653320601 1
0.4929413097981517 1
0.4930309008220638 1
0.4933171100127111 1
0.49418871289796085 1
0.4944620259562904 1
0.4952907792218767 1
0.4963818554769847 1
0.498375052143224 1
0.49860646333431985 1
0.49908784315632604 1
0.49920528382318574 1
0.4992585842487071 1
0.4992944491162063 1
0.49962236741146926 1
0.4999929318224361 1
0.5006100995776875 1
0.5013742311447417 1
0.5017635243794185 1
0.5021339415920748 1
0.5028067100855297 1
0.5033404222804743 1
0.5035952378174408 1
0.5038555501654326 1
0.5045493890580552 1
0.5046957745739834 1
0.5048297040457551 1
0.5052883731385098 1
0.5055792699009176 1
0.5056803926106088 1
0.5059723581020905 1
0.5059930239710875 1
0.5062934033644163 1
0.5063171279335588 1
0.5071951234670914 1
0.5072173766300572 1
0.5072531961879672 1
0.5074902640022703 1
0.5077203768299487 1
0.509835603153782 1
0.5105289475998553 1
0.5110120337158738 1
0.5114477771660308 1
0.5120028851101114 1
0.5128345512767382 1
0.5130226342251087 1
0.5134995232955719 1
0.5136227437212988 1
0.513634847988023 1
0.5150370641953426 1
0.5152949208613138 1
0.5155700071531573 1
0.5158407632354625 1
0.5160470768806877 1
0.516761422612151 1
0.516867545279187 1
0.5168773198282313 1
0.5172188499995265 1
0.5176876598890358 1
0.5188220477867951 1
0.5188425307969823 1
0.5188825887842953 1
0.5189051043505113 1
0.5192937044415854 1
0.5194277634942671 1
0.5194612314665694 1
0.5199329201771531 1
0.5199425406851539 1
0.520251236723473 1
0.5204928316999161 1
0.5211613719015604 1
0.5216295654080997 1
0.5218466643244831 1
0.5223459698409741 1
0.5227405395350793 1
0.5227581518933893 1
0.5229921811470357 1
0.5236900392707728 1
0.523804257419501 1
0.5243396638348256 1
0.5256752101016535 1
0.5265506947691599 1
0.5279441055368806 1
0.5281336468812757 1
0.5291198771807719 1
0.5292462166574085 1
0.5301452806591518 1
0.5303408785151347 1
0.5308666166830985 1
0.5316096931415937 1
0.5318711536730762 1
0.5322672071579456 1
0.5326581660099113 1
0.5328420060274944 1
0.5346528962924136 1
0.5353592684785577 1
0.5357463618456899 1
0.5363402395146643 1
0.5363928817929015 1
0.5367408115983606 1
0.5372108325779466 1
0.5374360297075554 1
0.5374501732933737 1
0.5376193809385831 1
0.5380647682481068 1
0.5392193724418384 1
0.5394791957199436 1
0.5397585504909587 1
0.5406499123122093 1
0.5419775893287179 1
0.5423680120626322 1
0.5424197968662383 1
0.5428360267064596 1
0.5433665512248076 1
0.5438853729251492 1
0.5451249706089318 1
0.5452584457039528 1
0.5453056247431066 1
0.5461523848578967 1
0.5463478958186395 1
0.5468782759133789 1
0.5473514288226832 1
0.5479948273784326 1
0.5480902081210719 1
0.5481390474985586 1
0.5492567435633142 1
0.5501097428665169 1
0.5535418764636417 1
0.5536808003451428 1
0.5568593285770804 1
0.5574240305892018 1
0.5585907461415027 1
0.5587352649750021 1
0.5589287652831032 1
0.559422482682483 1
0.5611256366071491 1
0.5611970471210683 1
0.5613698451547456 1
0.5631237152190369 1
0.5631465737103065 1
0.5635241105832488 1
0.5635829286044115 1
0.5651135164839926 1
0.565161874119437 1
0.5659773049205831 1
0.567603963481503 1
0.5683621356064297 1
0.5692133573486309 1
0.5697444778559477 1
0.5716988109631246 1
0.5720233553381715 1
0.5749629395279758 1
0.5753723209331302 1
0.5770443111520549 1
0.5776694471123617 1
0.5781668162705325 1
0.5968248755548945 1
0.6150683955622763 1
0.634301684583694 1
