
 0.543
 0.489
 0.569
 0.547
 0.504
 0.546
 0.481
 0.511
 0.561
 0.554
 0.548
 0.469
 0.519
 0.482
 0.564
 0.578
 0.520
 0.520
 0.480
 0.540
 0.519
 0.548
 0.501
 0.499
 0.507
 0.524
 0.499
 0.500
 0.502
 0.517
 0.572
 0.500
 0.541
 0.520
 0.482
 0.515
 0.559
 0.491
 0.503
 0.482
 0.507
 0.539
 0.529
 0.542
 0.546
 0.564
 0.536
 0.557
 0.570
 0.506
 0.563
 0.506
 0.490
 0.492
 0.527
 0.506
 0.513
 0.493
 0.532
 0.511
 0.545
 0.513
 0.535
 0.480
 0.514
 0.459
 0.502
 0.491
 0.505
 0.468
 0.517
 0.615
 0.597
 0.533
 0.487
 0.565
 0.519
 0.506
 0.524
 0.508
 0.496
 0.494
 0.498
 0.518
 0.559
 0.537
 0.479
 0.512
 0.578
 0.499
 0.522
 0.535
 0.458
 0.537
 0.522
 0.475
 0.519
 0.511
 0.545
 0.479
 0.506
 0.561
 0.504
 0.456
 0.478
 0.516
 0.520
 0.522
 0.572
 0.484
 0.492
 0.568
 0.538
 0.523
 0.499
 0.563
 0.519
 0.536
 0.532
 0.489
 0.519
 0.542
 0.516
 0.466
 0.510
 0.568
 0.494
 0.526
 0.517
 0.566
 0.528
 0.539
 0.483
 0.477
 0.554
 0.530
 0.524
 0.466
 0.544
 0.557
 0.513
 0.507
 0.482
 0.542
 0.503
 0.480
 0.530
 0.515
 0.545
 0.536
 0.559
 0.517
 0.559
 0.489
 0.516
 0.561
 0.549
 0.529
 0.478
 0.565
 0.493
 0.507
 0.499
 0.487
 0.575
 0.523
 0.506
 0.577
 0.550
 0.531
 0.495
 0.475
 0.478
 0.543
 0.533
 0.485
 0.634
 0.521
 0.528
 0.501
 0.514
 0.493
 0.538
 0.519
 0.523
 0.575
 0.548
 0.547
 0.484
 0.532
 0.483
 0.505
 0.505
 0.537
 0.453
 0.487
 0.481
 0.489
 0.537
 0.505

