0.5288823518272131 1
0.5319102695015618 1
0.533424228338736 1
0.5334242283387362 1
0.5349381871759104 3
0.5349381871759105 1
0.5349381871759106 2
0.5364521460130847 1
0.5364521460130848 8
0.5364521460130849 1
0.5379661048502591 1
0.5379661048502592 4
0.5394800636874334 2
0.5394800636874335 1
0.5409940225246077 2
0.5409940225246078 8
0.5409940225246079 1
0.542507981361782 3
0.5425079813617821 12
0.5425079813617822 1
0.5440219401989563 4
0.5440219401989564 6
0.5440219401989566 1
0.5455358990361306 2
0.5455358990361308 9
0.5455358990361309 4
0.547049857873305 1
0.5470498578733051 8
0.5470498578733052 6
0.5485638167104794 7
0.5485638167104795 5
0.5485638167104796 1
0.5500777755476537 3
0.5500777755476538 5
0.5500777755476539 2
0.551591734384828 3
0.5515917343848281 7
0.5515917343848282 6
0.5531056932220023 1
0.5531056932220024 16
0.5531056932220025 4
0.5546196520591767 5
0.5546196520591768 4
0.5561336108963509 1
0.556133610896351 2
0.5561336108963512 6
0.5561336108963513 1
0.5576475697335254 4
0.5576475697335255 3
0.5576475697335256 1
0.5591615285706997 3
0.5591615285706998 4
0.560675487407874 1
0.5606754874078742 1
0.5621894462450484 2
0.5637034050822227 1
0.5652173639193969 1
0.5667313227565713 2
0.5697592404309201 1
0.5727871581052688 1
