
 0.546
 0.543
 0.533
 0.552
 0.556
 0.555
 0.552
 0.538
 0.553
 0.559
 0.559
 0.547
 0.547
 0.544
 0.549
 0.541
 0.549
 0.550
 0.546
 0.552
 0.549
 0.549
 0.536
 0.536
 0.536
 0.544
 0.552
 0.553
 0.547
 0.558
 0.543
 0.546
 0.573
 0.559
 0.553
 0.543
 0.535
 0.546
 0.552
 0.544
 0.558
 0.550
 0.539
 0.556
 0.552
 0.556
 0.547
 0.549
 0.556
 0.535
 0.553
 0.555
 0.555
 0.550
 0.544
 0.552
 0.558
 0.541
 0.536
 0.553
 0.546
 0.541
 0.539
 0.550
 0.553
 0.536
 0.553
 0.553
 0.544
 0.553
 0.549
 0.561
 0.556
 0.543
 0.536
 0.550
 0.547
 0.536
 0.553
 0.549
 0.549
 0.538
 0.552
 0.543
 0.543
 0.546
 0.541
 0.529
 0.535
 0.544
 0.555
 0.553
 0.544
 0.541
 0.552
 0.553
 0.541
 0.547
 0.543
 0.541
 0.549
 0.553
 0.547
 0.543
 0.555
 0.544
 0.562
 0.553
 0.553
 0.538
 0.552
 0.558
 0.543
 0.553
 0.541
 0.533
 0.532
 0.544
 0.552
 0.550
 0.552
 0.543
 0.543
 0.561
 0.547
 0.535
 0.536
 0.570
 0.546
 0.547
 0.565
 0.552
 0.555
 0.535
 0.556
 0.553
 0.556
 0.564
 0.546
 0.539
 0.546
 0.555
 0.536
 0.543
 0.558
 0.567
 0.543
 0.541
 0.550
 0.541
 0.562
 0.546
 0.547
 0.559
 0.550
 0.552
 0.547
 0.558
 0.547
 0.552
 0.559
 0.553
 0.555
 0.555
 0.558
 0.538
 0.549
 0.549
 0.556
 0.546
 0.541
 0.553
 0.559
 0.558
 0.543
 0.543
 0.567
 0.550
 0.547
 0.536
 0.547
 0.546
 0.547
 0.553
 0.559
 0.544
 0.556
 0.546
 0.552
 0.550
 0.546
 0.544
 0.535
 0.553
 0.549
 0.543
 0.538
 0.556
 0.546
 0.549

