0.37465997112046706 1
0.3777778115451075 1
0.3838551774997203 1
0.3847868277812668 1
0.3861435326704475 1
0.386549033592806 1
0.389312033445673 1
0.38956039583888546 1
0.3908240143344179 1
0.3911144483882209 1
0.3912350378438443 1
0.3927072763109812 1
0.39445260622413464 1
0.3946031955012066 1
0.39535131807247653 1
0.39586105822941386 1
0.39715297327431714 1
0.3981413179333985 1
0.39997096684782873 1
0.40030527691342543 1
0.40042444146447465 1
0.40053432501306263 1
0.40152308260941894 1
0.4016324694803838 1
0.40355745098579276 1
0.403965983669038 1
0.4040889033008883 1
0.4041417525803628 1
0.40573495534553516 1
0.4057538081156278 1
0.4063481492674972 1
0.40658139399801185 1
0.40669417193710555 1
0.4072572130793516 1
0.4072640798966603 1
0.40749678825026064 1
0.4077506416874261 1
0.40777751185812056 1
0.4079382941777539 1
0.4086420241100048 1
0.40880085842408825 1
0.40903808977310335 1
0.40962297676232884 1
0.4097189077637556 1
0.40994675785934453 1
0.41030829305747735 1
0.4110817161956437 1
0.41159079375332186 1
0.4116250162162629 1
0.4118314475838134 1
0.4122948481168367 1
0.4128130375185694 1
0.415324590321561 1
0.4160741179110582 1
0.4168434230450947 1
0.4176796759792562 1
0.4178768446990992 1
0.41799493988187 1
0.4181652452538925 1
0.41849102862478327 1
0.41914586012375366 1
0.42016110054145067 1
0.42045890473201064 1
0.420760098974494 1
0.4214358334380621 1
0.4218716905667042 1
0.4229021409920702 1
0.4233972550847927 1
0.42370162135246603 1
0.42423856616842864 1
0.42445130541249454 1
0.42451506580340725 1
0.4248009880787009 1
0.42480850173856405 1
0.4250383645040972 1
0.4250926288494737 1
0.42511607549517416 1
0.42532403953206244 1
0.42563021354673647 1
0.4259600546454789 1
0.4261219992848437 1
0.42619818533019826 1
0.426737910011173 1
0.42675940019532344 1
0.42700899397137254 1
0.42754966182589754 1
0.4286485374004637 1
0.4304733555981063 1
0.43119327136270963 1
0.43123339510014075 1
0.4315398577863139 1
0.4317490590885304 1
0.4319966680270407 1
0.43228765031310457 1
0.4325077208334904 1
0.43299380899749346 1
0.4329998720111978 1
0.43306936852764993 1
0.433332596481796 1
0.4334551011248703 1
0.4335653331238457 1
0.43364757882272903 1
0.43446188300607175 1
0.43455377964643305 1
0.43492286855066115 1
0.4357898550811475 1
0.43625260521242737 1
0.4368023558388298 1
0.4368519840726858 1
0.43715218454770366 1
0.43803860766875 1
0.4384571598761539 1
0.43962929260538774 1
0.4399434069992318 1
0.44004836801974745 1
0.44012134975864375 1
0.44017074162366 1
0.44082163898379667 1
0.4416563443902721 1
0.4418311854434998 1
0.44241511185648036 1
0.4428894152067884 1
0.4428952473438802 1
0.4434123753415864 1
0.4434873486354916 1
0.4437277406629832 1
0.44379651456522823 1
0.4443353958345487 1
0.4448838661809114 1
0.4452879592723313 1
0.4459610814119742 1
0.44611070451762913 1
0.44660575766959143 1
0.4470332755258643 1
0.44773099787825826 1
0.4478735414517045 1
0.44830543579323345 1
0.448674760083801 1
0.4487877738707285 1
0.44900972615055773 1
0.4491173865336083 1
0.44913162838572335 1
0.4493984966981746 1
0.4497334161895734 1
0.449867824707616 1
0.45184208886821337 1
0.4521875170658074 1
0.45244735691782706 1
0.45289476991933625 1
0.45296385798603794 1
0.4531001460114614 1
0.45344088343283706 1
0.45362026193925514 1
0.4545354376890613 1
0.45472029882495973 1
0.45513276821081855 1
0.45640631806315335 1
0.4565089968747704 1
0.45654581790213883 1
0.4567953898404221 1
0.45724778731694904 1
0.4580333871146662 1
0.45814796893109205 1
0.4582745097541945 1
0.458516065439587 1
0.45868843630934336 1
0.45880224705498907 1
0.45890556905797647 1
0.45901767622626155 1
0.45930195983534505 1
0.4596213268971867 1
0.4603052589766762 1
0.46201019816238875 1
0.4620166812552418 1
0.462726809605333 1
0.46284856952113557 1
0.4632561540356362 1
0.46346676759311856 1
0.4635542668552478 1
0.46356841013753497 1
0.4648117111693197 1
0.4661765593517724 1
0.46683411313868034 1
0.4676985589161211 1
0.4718947187576588 1
0.47342450813041664 1
0.4748963965140679 1
0.4774680156281527 1
0.4779863953101786 1
0.4794984864314411 1
0.4796787879806628 1
0.48370827995065163 1
0.48467167537679123 1
0.485616007300669 1
0.4872242521277142 1
0.4913590378235393 1
0.4930859777544525 1
0.5047269764743763 1
0.5054923441043754 1
0.5071963998499945 1
