
 0.552
 0.596
 0.643
 0.668
 0.668
 0.668
 0.668
 0.668
 0.668
 0.672
 0.672
 0.672
 0.672
 0.672
 0.672
 0.672
 0.672
 0.672
 0.672
 0.672
 0.672
 0.672
 0.672
 0.672
 0.672
 0.672
 0.672
 0.672
 0.672
 0.672
 0.672
 0.672
 0.672
 0.672
 0.672
 0.672
 0.672
 0.672
 0.672
 0.672
 0.672
 0.672
 0.672
 0.672
 0.672
 0.672
 0.672
 0.672
 0.672
 0.672
 0.672
 0.672
 0.672
 0.672
 0.672
 0.672
 0.672
 0.672
 0.672
 0.672
 0.672
 0.672
 0.672
 0.672
 0.672
 0.672
 0.672
 0.672
 0.672
 0.672
 0.672
 0.672
 0.672
 0.672
 0.672
 0.672
 0.672
 0.672
 0.672
 0.672
 0.672
 0.672
 0.672
 0.672
 0.672
 0.672
 0.672
 0.672
 0.672
 0.672
 0.672
 0.672
 0.672
 0.672
 0.672
 0.672
 0.672
 0.672
 0.672
 0.672
 0.672
 0.672
 0.672
 0.672
 0.672
 0.672
 0.672
 0.672
 0.672
 0.672
 0.672
 0.672
 0.672
 0.672
 0.672
 0.672
 0.672
 0.672
 0.672
 0.672
 0.672
 0.672
 0.672
 0.672
 0.672
 0.672
 0.672
 0.672
 0.672
 0.672
 0.672
 0.672
 0.672
 0.672
 0.672
 0.672
 0.672
 0.672
 0.672
 0.672
 0.672
 0.672
 0.672
 0.672
 0.672
 0.672
 0.672
 0.672
 0.672
 0.672
 0.672
 0.672
 0.672
 0.672
 0.672
 0.672
 0.672
 0.672
 0.672
 0.672
 0.672
 0.672
 0.672
 0.672
 0.672
 0.672
 0.672
 0.672
 0.672
 0.672
 0.672
 0.672
 0.672
 0.672
 0.672
 0.672
 0.672
 0.672
 0.672
 0.672
 0.672
 0.672
 0.672
 0.672
 0.672
 0.672
 0.672
 0.672
 0.672
 0.672
 0.672
 0.672
 0.672
 0.672
 0.672
 0.672
 0.672
 0.672
 0.672
 0.672

