0.39640439018983925 1
0.40933453628959604 1
0.4135196417923539 1
0.4154548645719311 1
0.4162304905662371 1
0.4165198019767118 1
0.4173255935895376 1
0.4181448745474703 1
0.4183287495103884 1
0.41936496365933534 1
0.41995102330900397 1
0.4204310670053517 1
0.42141648011575134 1
0.4215314792238793 1
0.4235365459290498 1
0.42361381116810454 1
0.4236309741782974 1
0.4241330479473278 1
0.42417292564188996 1
0.4245740397778332 1
0.4254534590274417 1
0.4255234240960478 1
0.42565914215650374 1
0.4266431669413388 1
0.42704546676754424 1
0.42734257898476635 1
0.4283895747365859 1
0.4285498787765156 1
0.4293497057749635 1
0.4295571777551246 1
0.43124429024572164 1
0.43165599171960606 1
0.43250097919515196 1
0.4326369080073377 1
0.43283766956368275 1
0.4330067377745302 1
0.4334213128550931 1
0.43450505227229863 1
0.43557776455863056 1
0.4357495153826064 1
0.43599391532917586 1
0.4370655413519945 1
0.43738438644354183 1
0.4375318227541608 1
0.43797459785008747 1
0.4382371971407432 1
0.43847584905165754 1
0.43876728446512947 1
0.4404556087115808 1
0.44050682180670797 1
0.44056607436169865 1
0.4409917980343274 1
0.4417767372783119 1
0.44213707549681985 1
0.4428481003148997 1
0.4431594595655268 1
0.4434558766457735 1
0.4437959014661886 1
0.4439794564655313 1
0.4448446748624428 1
0.4452871998989994 1
0.4454061688182491 1
0.4459142882314854 1
0.44610894085964053 1
0.4461251449483132 1
0.44651176973957624 1
0.44690995477172485 1
0.44691186966798063 1
0.44766213348570716 1
0.44786965237660986 1
0.44804512912826505 1
0.44813614865834256 1
0.4495006949863711 1
0.4500868289142185 1
0.4506855309016671 1
0.4513383108384573 1
0.4516526139499388 1
0.4516851289019861 1
0.4519551373859991 1
0.4521250223517502 1
0.45220009221109353 1
0.4522082200753426 1
0.4526394381264663 1
0.4528028762945439 1
0.45293379305027126 1
0.4534004294877228 1
0.45400629700465756 1
0.45404155611168606 1
0.4541430660850253 1
0.4541700425377788 1
0.45428154905956575 1
0.45444398415028936 1
0.4544988751373271 1
0.454751610529224 1
0.45527282249154843 1
0.45605839977546236 1
0.4562342565425723 1
0.45663177227762897 1
0.45736306657793796 1
0.4575272095089318 1
0.4580754319494867 1
0.4581116446516237 1
0.4583109866488352 1
0.4589906225546167 1
0.4594960344835104 1
0.45979066357403875 1
0.45994050496468225 1
0.46012087214856373 1
0.4609178804526919 1
0.4612181869644305 1
0.4623894996231772 1
0.46325686335360494 1
0.4640686791999889 1
0.4640706108102177 1
0.4640852819906312 1
0.46480173008041115 1
0.4659857951189075 1
0.46602984428132843 1
0.4660829116933629 1
0.46668010316474196 1
0.46694977947663197 1
0.4670724524177431 1
0.46714328172099634 1
0.46714493482241465 1
0.46718899304115574 1
0.46799570892969017 1
0.4683521207036949 1
0.46850017654272436 1
0.4696794534923167 1
0.47026888994371807 1
0.4710528392239076 1
0.4712942050571122 1
0.47134987922561555 1
0.47239937440871693 1
0.47265522502230134 1
0.47347581118029686 1
0.47452614143513183 1
0.474941649474748 1
0.475027671378693 1
0.47534695343623995 1
0.4760440562129574 1
0.4763048754708107 1
0.476867689325808 1
0.47852615289677486 1
0.478619413049941 1
0.4788439744230357 1
0.4800695365868263 1
0.4809157686168164 1
0.48175923268958537 1
0.48223145330546663 1
0.482431177219657 1
0.48362822845446485 1
0.4836913588404167 1
0.4842930260279267 1
0.4845576384984212 1
0.4847006029661116 1
0.4862465108456016 1
0.48676517420683346 1
0.48680494333648494 1
0.48691992860562716 1
0.4870380834926308 1
0.48728202071157584 1
0.4873740281404657 1
0.48764189104528777 1
0.4876801690369954 1
0.4877528202407476 1
0.48982724516307946 1
0.4898294887938997 1
0.49017962374746493 1
0.49044230276949413 1
0.49052129420140117 1
0.49069903041401836 1
0.49316193560156835 1
0.49334018291282256 1
0.49458904329895903 1
0.4953856375669755 1
0.4987887195234801 1
0.4989184424489047 1
0.49992450841614144 1
0.5003344736851811 1
0.5015239574641216 1
0.5045445128886753 1
0.5055499459556045 1
0.5066391056656557 1
0.5070492290682592 1
0.507271972762438 1
0.5104018932175652 1
0.5109192616093045 1
0.5115609938198262 1
0.5129038484241643 1
0.5146489248623872 1
0.5196512448515624 1
0.5199242456987825 1
0.520316079970991 1
0.5220105842003332 1
0.5237080811639087 1
0.5245211922577834 1
0.5259055157224733 1
0.5334251850112472 1
0.5549250334240259 1
