
 0.461
 0.427
 0.482
 0.457
 0.430
 0.452
 0.526
 0.437
 0.484
 0.555
 0.458
 0.507
 0.488
 0.458
 0.462
 0.522
 0.417
 0.468
 0.451
 0.417
 0.421
 0.499
 0.452
 0.433
 0.495
 0.502
 0.418
 0.512
 0.471
 0.471
 0.471
 0.466
 0.418
 0.453
 0.409
 0.465
 0.466
 0.477
 0.422
 0.533
 0.454
 0.475
 0.487
 0.487
 0.491
 0.450
 0.479
 0.424
 0.510
 0.447
 0.490
 0.426
 0.475
 0.467
 0.457
 0.425
 0.479
 0.436
 0.452
 0.415
 0.453
 0.482
 0.485
 0.473
 0.453
 0.454
 0.433
 0.524
 0.433
 0.436
 0.428
 0.488
 0.460
 0.475
 0.495
 0.452
 0.419
 0.445
 0.490
 0.467
 0.505
 0.433
 0.455
 0.469
 0.450
 0.511
 0.476
 0.460
 0.487
 0.448
 0.525
 0.426
 0.461
 0.441
 0.438
 0.438
 0.506
 0.487
 0.427
 0.441
 0.475
 0.485
 0.460
 0.452
 0.424
 0.446
 0.448
 0.491
 0.438
 0.472
 0.470
 0.479
 0.451
 0.515
 0.448
 0.452
 0.396
 0.445
 0.490
 0.444
 0.429
 0.447
 0.442
 0.488
 0.427
 0.507
 0.493
 0.454
 0.438
 0.435
 0.443
 0.467
 0.513
 0.448
 0.420
 0.447
 0.456
 0.459
 0.467
 0.464
 0.443
 0.476
 0.480
 0.500
 0.432
 0.455
 0.431
 0.424
 0.520
 0.490
 0.481
 0.424
 0.420
 0.437
 0.520
 0.445
 0.482
 0.473
 0.454
 0.439
 0.440
 0.454
 0.466
 0.464
 0.442
 0.484
 0.425
 0.499
 0.446
 0.464
 0.414
 0.467
 0.443
 0.458
 0.493
 0.441
 0.507
 0.424
 0.459
 0.484
 0.454
 0.429
 0.487
 0.463
 0.454
 0.456
 0.416
 0.458
 0.468
 0.470
 0.433
 0.446
 0.487
 0.444
 0.467
 0.500
 0.453
 0.486
 0.436
 0.520

