0 37
1 33
1 36
0 39
1 34
1 44
0 44
0 44
0 37
0 47
0 49
0 51
1 38
1 51
0 37
1 46
1 35
0 47
1 42
0 41
0 49
0 51
1 50
1 31
1 42
1 42
0 35
1 40
0 33
1 36
1 39
0 39
1 49
0 47
1 40
1 42
1 33
0 46
0 45
0 45
1 45
1 41
1 40
0 30
1 51
1 46
0 41
1 36
1 35
1 43
0 45
0 66
1 46
0 46
1 34
1 40
1 42
0 36
0 35
0 44
1 34
0 45
0 44
1 46
1 35
0 33
0 39
0 33
0 37
0 35
0 30
1 37
0 33
0 50
1 40
1 36
1 45
1 46
1 45
1 46
0 41
0 46
0 54
0 45
1 53
0 39
1 47
1 51
0 36
1 42
1 37
1 47
0 47
0 44
1 39
0 33
1 45
1 26
0 43
0 48
1 46
1 42
0 38
1 41
1 42
1 40
1 37
1 46
1 41
0 48
1 39
1 52
1 32
1 46
1 41
0 46
0 47
0 48
0 47
1 42
0 38
0 35
1 40
1 36
1 52
1 44
0 35
1 44
0 39
1 42
1 39
1 48
1 45
1 48
0 47
1 36
0 53
0 41
0 35
0 38
0 50
0 43
1 48
0 40
1 48
1 40
1 40
0 35
1 43
1 39
0 38
1 47
1 37
1 46
0 53
0 42
0 52
1 34
1 51
1 43
1 39
0 45
0 51
1 44
0 42
1 48
1 54
1 50
1 46
1 50
1 43
0 42
0 43
0 45
0 37
0 41
1 39
0 37
0 42
1 46
1 47
1 51
1 37
1 32
0 42
0 44
0 32
1 38
0 46
0 28
1 52
0 41
0 29
0 46
0 45
1 41
0 42
1 46
1 51
0 37
