0.42357203923782094 1
0.42738590721219105 1
0.4332319836781473 1
0.4373874365074386 1
0.44793203241306123 1
0.44828203410194006 1
0.45126088869865155 1
0.4521483818575514 1
0.45793283493489506 1
0.45946080540297685 1
0.46020626752609783 1
0.4641210236230672 1
0.467723861179874 1
0.4678656854184531 1
0.46787207521889634 1
0.46809861520946683 1
0.46822607250007403 1
0.4693607596856426 1
0.470409885469566 1
0.47070494383392836 1
0.4710116995787994 1
0.4712013549143368 1
0.47186096047313647 1
0.4719230205160614 1
0.4726971011692007 1
0.47416475669786073 1
0.47536583132992666 1
0.47610920804630175 1
0.47655939421404697 1
0.47714126040466903 1
0.477539369712653 1
0.47793394569289416 1
0.47802030927263817 1
0.47905533221318136 1
0.480753310865287 1
0.4810186402713546 1
0.4813403897452408 1
0.481741268332407 1
0.4818878583340883 1
0.4830663445454881 1
0.4833866878906209 1
0.48443179161072847 1
0.4844648482642919 1
0.48476482173220053 1
0.48512738343834483 1
0.48556958007884615 1
0.48559401184842715 1
0.4865228909967582 1
0.48653670818266515 1
0.4870117173030268 1
0.4870818924117142 1
0.4871028170684871 1
0.4873710031212989 1
0.48783819805580747 1
0.4884367858992212 1
0.48969003409481443 1
0.4903741012113531 1
0.49054179245016966 1
0.491065869846681 1
0.4912584281809129 1
0.49260921611758973 1
0.4926457616273823 1
0.4929362936018501 1
0.49391502928412057 1
0.49397395869484995 1
0.49460802285095157 1
0.49481905714275953 1
0.4948217863021302 1
0.4950250698290663 1
0.49535883338867515 1
0.49547876087115417 1
0.49576748301335916 1
0.4961743702771556 1
0.49666874176535464 1
0.49767575918242024 1
0.49793358088078193 1
0.49823440829266735 1
0.49923188177714534 1
0.49927415374908773 1
0.4994102189377417 1
0.5001725698447741 1
0.5002062587115289 1
0.5004769573505949 1
0.5007323539348782 1
0.5008670671089239 1
0.5010463071189633 1
0.5017010833979433 1
0.5034154576692832 1
0.5036362997880114 1
0.5041953813921968 1
0.504794380239576 1
0.5054414942339891 1
0.5069825655777964 1
0.5073826878865616 1
0.5075941149793018 1
0.5077128375611367 1
0.5080236931001866 1
0.5081022046581934 1
0.5081159139980138 1
0.5081285093086472 1
0.5083434683434237 1
0.5094325571495504 1
0.5095975578280971 1
0.5096184169522592 1
0.5104983170524175 1
0.5105864880749988 1
0.5106091838903761 1
0.511091625428832 1
0.5111021909629324 1
0.5118755676186162 1
0.5123135997329965 1
0.5124880008674648 1
0.5126306221483159 1
0.512836776746958 1
0.5133947403623746 1
0.5134549278334313 1
0.5138255420558838 1
0.5144936318894624 1
0.5145501314729788 1
0.5147077960746459 1
0.5154267243630598 1
0.5157453770817987 1
0.5166334583946081 1
0.5173351721942107 1
0.5176491572725453 1
0.5195038386224895 1
0.5196242042363614 1
0.5196430269763914 1
0.5200738824696045 1
0.5209090828766448 1
0.5209278736506815 1
0.5216859460876493 1
0.5220840919016849 1
0.5220985996014228 1
0.523364957033704 1
0.5233729005604192 1
0.523776291880869 1
0.525567506795974 1
0.5256906528083521 1
0.5260063131365487 1
0.5263440672164275 1
0.5268574673290928 1
0.5272375120774727 1
0.5272391256008482 1
0.528127696283837 1
0.5291873767479063 1
0.5292140608759356 1
0.5293997587034664 1
0.5294748119942294 1
0.530312170984801 1
0.5303742381772618 1
0.5312342911970314 1
0.5321764789962369 1
0.5326776399973704 1
0.5329802975087303 1
0.5332039725435228 1
0.5332147116025718 1
0.5333689472580169 1
0.534065195135929 1
0.5354619954476891 1
0.535613809824828 1
0.5366988428069733 1
0.5372246292059204 1
0.5373957765053744 1
0.5378654319808069 1
0.5380366589330874 1
0.5381236383803389 1
0.5385038761820778 1
0.5391578986192215 1
0.5400536841828792 1
0.5402176101363089 1
0.5410545550568288 1
0.5410684179170971 1
0.5415757300890113 1
0.541708665354844 1
0.543337824590933 1
0.5434278673095652 1
0.5451198981703819 1
0.5455132352750004 1
0.5455317494470143 1
0.5461920089914729 1
0.5471603358478773 1
0.5491764312261117 1
0.5508682005400241 1
0.5510643127631678 1
0.5514445230963393 1
0.5515564410139823 1
0.5524953061580541 1
0.553790363703236 1
0.5578811005305662 1
0.5611207436324007 1
0.5623093854623709 1
0.5644414938669233 1
0.5647456634109357 1
0.5764523399201761 1
0.5785117908098578 1
0.5796759541237598 1
0.5816419792558033 1
0.5950809239712135 1
0.5970969403918067 1
