
 0.490
 0.468
 0.538
 0.543
 0.488
 0.505
 0.521
 0.565
 0.529
 0.487
 0.474
 0.483
 0.532
 0.522
 0.475
 0.515
 0.539
 0.508
 0.504
 0.469
 0.524
 0.527
 0.502
 0.471
 0.495
 0.485
 0.493
 0.498
 0.505
 0.529
 0.564
 0.520
 0.508
 0.472
 0.513
 0.508
 0.508
 0.529
 0.580
 0.482
 0.531
 0.513
 0.533
 0.537
 0.427
 0.527
 0.520
 0.521
 0.542
 0.500
 0.501
 0.537
 0.508
 0.495
 0.514
 0.595
 0.529
 0.477
 0.497
 0.515
 0.491
 0.507
 0.501
 0.522
 0.468
 0.484
 0.551
 0.527
 0.516
 0.487
 0.551
 0.500
 0.517
 0.481
 0.488
 0.498
 0.526
 0.512
 0.545
 0.546
 0.491
 0.478
 0.526
 0.582
 0.511
 0.546
 0.510
 0.537
 0.540
 0.493
 0.494
 0.530
 0.486
 0.481
 0.504
 0.481
 0.549
 0.530
 0.523
 0.471
 0.476
 0.513
 0.546
 0.500
 0.579
 0.511
 0.543
 0.547
 0.512
 0.482
 0.452
 0.495
 0.487
 0.576
 0.448
 0.554
 0.478
 0.539
 0.538
 0.433
 0.520
 0.490
 0.511
 0.464
 0.552
 0.509
 0.536
 0.551
 0.518
 0.541
 0.558
 0.496
 0.535
 0.486
 0.510
 0.495
 0.468
 0.526
 0.493
 0.533
 0.540
 0.468
 0.512
 0.522
 0.473
 0.533
 0.526
 0.499
 0.485
 0.499
 0.511
 0.491
 0.561
 0.508
 0.494
 0.459
 0.562
 0.528
 0.478
 0.533
 0.499
 0.472
 0.471
 0.510
 0.523
 0.468
 0.552
 0.483
 0.496
 0.515
 0.542
 0.508
 0.534
 0.541
 0.484
 0.538
 0.517
 0.514
 0.479
 0.470
 0.498
 0.477
 0.501
 0.437
 0.487
 0.448
 0.520
 0.495
 0.460
 0.424
 0.458
 0.533
 0.503
 0.513
 0.597
 0.507
 0.487
 0.451
 0.487
 0.495

