
 5.990
 0.000
 0.000
 2.000
 1.990
 0.000
 0.000
 0.000
 2.000
 4.000
 2.000
 0.000
 5.990
 2.000
 0.000
 0.000
 0.000
 2.000
 2.000
 0.030
 0.020
 0.010
 2.000
 0.010
 5.990
 0.020
 3.990
 4.000
 2.000
 0.000
 6.000
 2.000
 0.000
 0.030
 1.990
 0.000
 5.990
 4.000
 5.970
 0.000
 0.000
 0.000
 0.000
 4.000
 2.000
 4.000
 4.000
 4.000
 0.000
 1.990
 2.000
 4.000
 3.990
 0.010
 0.020
 2.000
 0.000
 5.980
 8.000
 2.000
 0.000
 4.000
 0.010
 2.000
 0.000
 2.000
 4.000
 2.000
 0.010
 2.000
 1.990
 4.000
 2.000
 0.000
 4.000
 4.000
 6.000
 0.000
 0.000
 3.980
 2.000
 0.000
 4.000
 6.000
 1.990
 4.000
 0.010
 4.000
 0.000
 0.000
 6.000
 0.000
 0.000
 2.000
 0.000
 2.000
 2.000
 1.990
 0.010
 0.000

