0.41860870173871695 1
0.43481823731668107 1
0.4376056710153488 1
0.43805578170902115 1
0.44156997188233565 1
0.44311909197869104 1
0.44395725099363104 1
0.44428143193446196 1
0.44453770903133977 1
0.444852298882998 1
0.4457329162334537 1
0.44703679080207925 1
0.448984005448534 1
0.4490407201668799 1
0.4511093379552076 1
0.45114083148301026 1
0.4512009885606703 1
0.4548116432026448 1
0.4588105758960818 1
0.4589712922036257 1
0.4591258321665713 1
0.46213899572197614 1
0.463356389726562 1
0.46408983961618105 1
0.4653176196460179 1
0.46555125822391685 1
0.4659751507850295 1
0.4659764984563602 1
0.4660780985806383 1
0.4678110095690775 1
0.4685938148442785 1
0.47155062609130527 1
0.4732194020426664 1
0.4747462454001095 1
0.4754834242399206 1
0.4760474836183723 1
0.4780255175850965 1
0.478233099346905 1
0.47927391705545747 1
0.4793869499385529 1
0.4794110091450197 1
0.4794305052197709 1
0.4795295836339041 1
0.4804123655233213 1
0.48176475382053097 1
0.48205673816820005 1
0.48239037281154645 1
0.4833366549345074 1
0.4835171090429015 1
0.48415662161648093 1
0.48430716359700815 1
0.4847351864996618 1
0.4853081525357477 1
0.4855442254805143 1
0.4858049711697027 1
0.48670780304035655 1
0.486836323350149 1
0.487038050729762 1
0.4872812744597229 1
0.48755496296834194 1
0.4880882353423719 1
0.48837827385269306 1
0.4885360181916567 1
0.4888239272225377 1
0.4891949033537149 1
0.4893738894485201 1
0.4900288255036412 1
0.4901218333425312 1
0.4902388691409958 1
0.4902826540222692 1
0.49076715309055546 1
0.49149967966467467 1
0.4916334510594731 1
0.49199215186973666 1
0.49230894793979 1
0.4925561712618717 1
0.4927175301552777 1
0.493532120443195 1
0.49376022645726 1
0.49516624552354066 1
0.49564346769060924 1
0.49566935237554255 1
0.4962378279852484 1
0.4963935034712971 1
0.4965416360454457 1
0.4982379923059383 1
0.499068444162214 1
0.4995845855757354 1
0.4999762336854824 1
0.5000223630389191 1
0.5004794146794989 1
0.500883872478 1
0.5009609283398403 1
0.5014432822422308 1
0.5014615258874144 1
0.5020931132087496 1
0.5024985148443816 1
0.5025151072919126 1
0.5029397403168713 1
0.5033345463698362 1
0.503584440452909 1
0.5043162767753734 1
0.5043855944386081 1
0.5044320089017532 1
0.5048963413623868 1
0.5055263299824901 1
0.5061140333591752 1
0.5065502436968491 1
0.5066021738967448 1
0.5067968666227209 1
0.5071361043397061 1
0.5080609160492 1
0.5081449027159958 1
0.5082937654021582 1
0.5083329317545899 1
0.5087717598577907 1
0.5089457250973504 1
0.5094603557493532 1
0.509567427966432 1
0.509803535907276 1
0.509980961686768 1
0.5100842914978436 1
0.5104328112963644 1
0.5108820567977448 1
0.51103805237218 1
0.5110555652632182 1
0.5110739920307483 1
0.5111747689610102 1
0.5112595578181801 1
0.5122943913273198 1
0.5123870482599948 1
0.5128960321897891 1
0.5129598949322205 1
0.5129707587757959 1
0.51328456170309 1
0.5140801228140347 1
0.514527275880646 1
0.5148043105549622 1
0.5149902675844578 1
0.5153908534533994 1
0.5161151227584143 1
0.5166638119332126 1
0.5168415316239546 1
0.5168626874565301 1
0.5169206184994768 1
0.5171739361341383 1
0.5174581837999288 1
0.5174836409359785 1
0.5184613743154012 1
0.5185251933137242 1
0.519332830545211 1
0.5198774594191602 1
0.5208901053759787 1
0.5214516714248889 1
0.5215451007074503 1
0.5217098056046912 1
0.5227688426081037 1
0.5230942878380074 1
0.5233113543469313 1
0.5236793203364316 1
0.5243016627792114 1
0.5244529479372477 1
0.5253438231135042 1
0.5259040605301408 1
0.5259974863456545 1
0.5260304428791404 1
0.5263615921299355 1
0.5267665715193077 1
0.5268110038499967 1
0.527929783736792 1
0.5283780708076926 1
0.529222851057585 1
0.5292841549105451 1
0.5292998409887886 1
0.5302508279282518 1
0.5308844497240982 1
0.5310479918862536 1
0.5315525753088078 1
0.531617787783758 1
0.5325875168028056 1
0.53277040005805 1
0.5331656892215872 1
0.5335316821803562 1
0.533765809165495 1
0.5342175755811521 1
0.5357055534484476 1
0.536760200349237 1
0.537564379472158 1
0.5377517452817097 1
0.5427404413475932 1
0.5433840645988558 1
0.5443034677408878 1
0.5491466916327524 1
0.5501111567412624 1
0.5504605937381847 1
0.554764679880566 1
0.5559015645277137 1
0.5597478504993426 1
0.5672104939469658 1
0.5854694902236559 1
