
 0.449
 0.507
 0.517
 0.502
 0.479
 0.533
 0.419
 0.531
 0.463
 0.511
 0.515
 0.499
 0.493
 0.533
 0.526
 0.490
 0.497
 0.524
 0.491
 0.544
 0.510
 0.528
 0.517
 0.530
 0.446
 0.489
 0.473
 0.529
 0.521
 0.511
 0.538
 0.529
 0.524
 0.438
 0.469
 0.496
 0.494
 0.488
 0.513
 0.485
 0.501
 0.504
 0.501
 0.511
 0.504
 0.534
 0.479
 0.451
 0.479
 0.496
 0.522
 0.515
 0.567
 0.529
 0.500
 0.498
 0.489
 0.516
 0.488
 0.466
 0.536
 0.534
 0.526
 0.484
 0.509
 0.496
 0.449
 0.524
 0.525
 0.555
 0.500
 0.484
 0.505
 0.556
 0.520
 0.538
 0.508
 0.487
 0.496
 0.500
 0.509
 0.512
 0.510
 0.527
 0.489
 0.503
 0.484
 0.466
 0.465
 0.487
 0.517
 0.514
 0.510
 0.511
 0.528
 0.480
 0.462
 0.515
 0.513
 0.466
 0.533
 0.483
 0.513
 0.537
 0.532
 0.445
 0.560
 0.466
 0.476
 0.480
 0.491
 0.523
 0.504
 0.459
 0.487
 0.508
 0.508
 0.451
 0.517
 0.510
 0.585
 0.486
 0.511
 0.503
 0.459
 0.494
 0.479
 0.478
 0.518
 0.459
 0.482
 0.442
 0.510
 0.490
 0.532
 0.444
 0.512
 0.488
 0.489
 0.543
 0.549
 0.478
 0.513
 0.482
 0.503
 0.472
 0.493
 0.487
 0.475
 0.490
 0.443
 0.550
 0.492
 0.500
 0.523
 0.522
 0.519
 0.444
 0.485
 0.531
 0.501
 0.526
 0.451
 0.534
 0.508
 0.507
 0.507
 0.550
 0.509
 0.519
 0.517
 0.517
 0.506
 0.464
 0.492
 0.492
 0.445
 0.438
 0.501
 0.455
 0.504
 0.486
 0.527
 0.468
 0.475
 0.511
 0.507
 0.506
 0.517
 0.526
 0.523
 0.521
 0.490
 0.435
 0.543
 0.502
 0.447
 0.482
 0.515
 0.495

