0 36
2 38
2 57
1 55
2 49
0 43
2 42
0 39
1 28
2 42
0 45
0 32
2 44
2 37
1 37
1 41
1 42
2 51
2 28
0 35
1 36
2 45
0 36
0 49
2 34
0 40
1 50
1 39
2 51
2 39
2 36
0 41
0 38
0 47
2 39
0 46
2 49
2 39
1 54
0 44
2 36
1 34
1 51
2 40
1 42
1 47
1 36
0 42
0 45
2 46
2 43
0 33
1 33
2 42
1 52
0 32
1 36
1 43
0 47
2 39
0 47
0 35
0 36
1 29
2 41
0 35
1 40
0 34
1 36
2 43
0 42
0 34
1 44
0 42
0 50
2 43
0 47
2 49
0 38
1 44
1 40
2 51
1 41
1 44
1 52
2 44
0 25
2 41
1 36
2 45
0 34
1 41
0 39
1 45
0 42
1 52
2 59
1 41
0 45
0 52
0 39
2 31
1 47
0 49
1 62
2 37
0 52
0 43
0 47
1 49
2 39
1 43
1 35
1 36
0 34
2 46
1 50
1 54
1 38
0 45
0 38
2 42
2 44
0 54
1 44
1 44
2 43
2 39
2 47
0 44
2 44
0 29
1 38
0 43
1 48
0 41
0 45
1 40
1 40
1 45
1 38
1 39
2 39
0 40
0 44
2 37
2 52
1 38
0 61
1 48
2 40
1 51
0 33
1 52
0 44
1 26
0 45
0 41
2 36
2 36
2 49
2 38
0 37
1 52
1 46
0 47
0 39
2 52
2 57
2 46
2 43
1 42
1 43
2 37
0 38
1 35
1 42
0 38
2 45
0 42
1 37
2 59
1 44
0 42
2 41
2 29
1 49
0 48
1 35
2 29
1 42
0 47
2 44
2 50
2 37
1 45
2 49
1 39
0 44
2 41
