0.43622543594574076 1
0.43664771167079314 1
0.43914928258622976 1
0.4392382652034154 1
0.44324220484001886 1
0.44328085087521707 1
0.44870433500322066 1
0.44872137759223746 1
0.45075120350285147 1
0.4532459680811665 1
0.4535592487310258 1
0.45405187969800875 1
0.4558716921217388 1
0.45631199297895464 1
0.45632591463432504 1
0.45784049692432094 1
0.4583670340643141 1
0.46058096289699557 1
0.4645140147642794 1
0.4647744139579767 1
0.4659395583682191 1
0.4659757135165192 1
0.46723887421474714 1
0.4678167711169705 1
0.46809254913876097 1
0.46822595688278595 1
0.4690460816592818 1
0.4698547201914429 1
0.47030730225462736 1
0.4705443539715393 1
0.4710623291983649 1
0.4712157356724041 1
0.47151974734569363 1
0.4725092693337718 1
0.4728731409568615 1
0.4743027964761359 1
0.47445388658673066 1
0.4754253448632184 1
0.4776141263030593 1
0.4784044976125702 1
0.47898938848195755 1
0.4795654675824701 1
0.4798132739650805 1
0.4802846361725352 1
0.4820681475006003 1
0.4824887647545239 1
0.4828152000070288 1
0.48319314542240804 1
0.4838768645414455 1
0.48393836028405024 1
0.48418156874377927 1
0.4842813742511272 1
0.48446053159903457 1
0.48510007025263696 1
0.4851278722451868 1
0.48522116837098067 1
0.48548038413461697 1
0.4860105636835852 1
0.4867038855099577 1
0.48728006244974337 1
0.4879223918906855 1
0.4880120759742026 1
0.4890121303663398 1
0.4901765946564636 1
0.49073564264168057 1
0.4908341888333708 1
0.4912616784436542 1
0.4923939251464911 1
0.49282294420240386 1
0.49283938759482643 1
0.49286467161297154 1
0.4929253649664424 1
0.4929848716736931 1
0.49403221623198557 1
0.4944576248763908 1
0.4958150308377944 1
0.4960821835441693 1
0.4968551171635409 1
0.4970566870659569 1
0.4974112460460596 1
0.4984341541241821 1
0.498802588996648 1
0.4997942950448311 1
0.5001977195815169 1
0.5008314992676856 1
0.5011575604605379 1
0.5014652849869262 1
0.5015296912498504 1
0.5017988746448787 1
0.5019113061489092 1
0.501927018229016 1
0.5019280845543306 1
0.5024213691657635 1
0.5024744721228099 1
0.5025210990134272 1
0.5027900104240477 1
0.5031877329622215 1
0.5033992378310176 1
0.5035327852786352 1
0.5043370163612567 1
0.5043461355386528 1
0.5049735101910501 1
0.5050149968757328 1
0.5050953898268574 1
0.5062235552788886 1
0.5062862253379599 1
0.5068332489095437 1
0.5070157033786254 1
0.5070180095382628 1
0.5082114586514639 1
0.5082473437995453 1
0.5082545155627927 1
0.5098515381550144 1
0.5102120694650266 1
0.510277350512766 1
0.5103798315579056 1
0.5106547374938077 1
0.5108114974801744 1
0.5112347471389415 1
0.5112402661120591 1
0.5113843302713398 1
0.5118545840463686 1
0.5120627281978022 1
0.5122794903972666 1
0.5125246767190518 1
0.5125821241866038 1
0.5127180906216199 1
0.5128900340263193 1
0.512910530626123 1
0.5138904694248797 1
0.5142562423869491 1
0.5142650582193554 1
0.5152593747755655 1
0.5161976125626979 1
0.51641160359068 1
0.5167441133622757 1
0.5175293744526076 1
0.5182555190837944 1
0.5188803106918233 1
0.5194481846827251 1
0.5200631576635375 1
0.520432950720562 1
0.5210280213351346 1
0.5212788043406769 1
0.5219012987833844 1
0.5232727504459177 1
0.523777757192443 1
0.5240668001686166 1
0.5241820417669095 1
0.5247337239898899 1
0.5248690265566486 1
0.5256097650417098 1
0.5273966827229385 1
0.5276419414674871 1
0.5277066449224981 1
0.5289424028071839 1
0.5289989561479974 1
0.529250101828909 1
0.5292588319210307 1
0.5295039441185577 1
0.5297642670665215 1
0.5303716788131423 1
0.5311659419550838 1
0.5327581362579202 1
0.5327748340314054 1
0.5334753526561444 1
0.5343431835609914 1
0.5357896209394791 1
0.5364650353030086 1
0.5364946691076924 1
0.5367155185397976 1
0.5382088370313834 1
0.5385797399976886 1
0.5388584436522094 1
0.5388861757009114 1
0.5393425110545218 1
0.5400651102608258 1
0.5401175915884097 1
0.5403166554087911 1
0.540883025060466 1
0.5414451746187702 1
0.5419794616478879 1
0.5426104142549613 1
0.5429240985959177 1
0.5430556827887869 1
0.5438610717509043 1
0.5445483238165272 1
0.5465769810487329 1
0.5485561158819259 1
0.551314866081738 1
0.5520615428999835 1
0.5522828860316803 1
0.5529417952510144 1
0.555401340416067 1
0.5604480515787459 1
0.5651492201599806 1
0.5684728296593707 1
0.569400439216811 1
0.5729575698392502 1
0.5884289542481809 1
