0 49
1 36
1 38
1 41
1 40
1 40
0 39
0 39
0 39
1 48
1 50
0 31
0 44
0 46
0 44
1 45
0 40
1 47
1 33
1 40
1 44
0 44
0 37
1 27
1 38
1 44
0 47
1 46
0 43
0 39
0 37
1 47
1 38
1 42
1 37
0 45
1 50
0 34
1 40
0 36
0 46
0 37
1 44
1 47
1 41
1 48
0 47
1 52
1 35
0 47
1 36
1 36
1 47
1 60
0 45
1 47
0 60
1 45
0 43
1 42
0 44
1 42
1 35
0 39
1 32
1 39
0 47
0 40
0 33
1 51
1 58
0 36
1 47
1 42
1 52
0 35
1 55
0 35
1 38
0 47
1 34
0 40
0 54
1 45
1 41
0 47
0 48
0 37
1 38
0 47
1 53
1 34
0 38
0 40
0 55
1 50
0 48
0 38
1 56
1 38
1 49
0 54
1 60
1 47
1 40
1 44
1 36
0 35
0 37
1 37
1 37
0 35
0 45
1 38
1 32
0 50
1 34
1 44
1 54
0 39
1 35
0 47
0 33
1 45
0 44
0 39
1 45
1 46
1 41
0 41
0 27
1 45
0 55
1 47
0 52
0 45
1 45
0 47
0 42
1 48
0 44
0 38
0 45
0 37
1 43
1 39
0 39
0 33
0 57
0 41
1 42
1 39
1 44
1 42
0 48
0 52
1 36
0 37
0 51
1 29
1 32
1 44
1 46
1 50
1 45
1 42
0 35
0 40
1 41
1 41
0 40
1 36
1 45
1 27
0 41
1 52
1 34
1 37
0 44
1 33
1 48
1 41
1 43
0 43
0 44
0 50
0 57
0 32
1 38
1 33
0 42
1 46
1 44
1 42
1 55
0 36
0 38
1 42
1 41
1 32
