0.5258544341528644 1
0.5303963106643875 1
0.5334242283387362 4
0.5349381871759104 1
0.5349381871759105 2
0.5349381871759106 2
0.5364521460130848 2
0.5379661048502591 4
0.5379661048502592 1
0.5394800636874334 4
0.5394800636874335 1
0.5394800636874336 3
0.5409940225246077 2
0.5409940225246078 10
0.542507981361782 2
0.5425079813617821 7
0.5425079813617822 1
0.5440219401989563 2
0.5440219401989564 12
0.5440219401989566 4
0.5455358990361308 10
0.5455358990361309 1
0.5470498578733051 4
0.5470498578733052 10
0.5485638167104794 17
0.5485638167104795 7
0.5485638167104796 1
0.5500777755476536 1
0.5500777755476537 7
0.5500777755476538 10
0.551591734384828 3
0.5515917343848281 1
0.5515917343848282 6
0.5531056932220024 3
0.5531056932220025 1
0.5546196520591767 9
0.5546196520591768 2
0.5561336108963509 2
0.556133610896351 3
0.5561336108963512 5
0.5561336108963513 1
0.5576475697335254 6
0.5576475697335255 1
0.5591615285706997 2
0.5591615285706998 7
0.560675487407874 1
0.5606754874078741 1
0.5606754874078742 1
0.5621894462450483 2
0.5621894462450484 2
0.5621894462450485 1
0.5637034050822226 1
0.5637034050822227 3
0.5652173639193971 1
0.5667313227565715 1
