0.4213500513116369 1
0.42396916095649184 1
0.44084261367049427 1
0.4409868832168541 1
0.44112743933497006 1
0.4435790774629944 1
0.4441552544454453 1
0.4448414587154129 1
0.4486545885197241 1
0.45050387925747154 1
0.4552584790015458 1
0.45595730226593467 1
0.45768087743541797 1
0.4583611878912215 1
0.4584076101869828 1
0.45863120421604514 1
0.4594347783647405 1
0.45990235627469056 1
0.4612958543352256 1
0.46221176650145934 1
0.4625777317553401 1
0.463146065718904 1
0.4635188193816764 1
0.4635719738860544 1
0.46429403511272943 1
0.4643650186698532 1
0.4653295075657162 1
0.46538865635671806 1
0.4655437175518695 1
0.46588754634220203 1
0.46657295167482 1
0.4665884493301076 1
0.4670901764416114 1
0.4675050006620317 1
0.46768805769864985 1
0.46770424420119766 1
0.4681044403841014 1
0.46854176831846944 1
0.4702499801294473 1
0.4710847205938006 1
0.47142715168197646 1
0.4726400775655646 1
0.4726623187855404 1
0.47300383387565553 1
0.47336727671085077 1
0.47444308891607967 1
0.4750238757342373 1
0.4751064419002887 1
0.47561099352943415 1
0.4757689873463163 1
0.4759252682629815 1
0.476857236772948 1
0.4770041327935746 1
0.4784162137860338 1
0.478483624796831 1
0.4792070837980424 1
0.4796409142956937 1
0.48058081707847444 1
0.48066373618202185 1
0.4810943378789617 1
0.4813340097185369 1
0.48143406753151624 1
0.4816617753185384 1
0.4820492635759041 1
0.48209041391188606 1
0.48209808166407137 1
0.48236577799213864 1
0.48315371738685764 1
0.48340990398731765 1
0.4836154567710325 1
0.4842378076797092 1
0.48434000395670734 1
0.48436452200819496 1
0.48475103387011065 1
0.4848293650701121 1
0.4853422564516952 1
0.48550843444958075 1
0.48653572639259507 1
0.486709141956264 1
0.48688412987398527 1
0.48704776631586083 1
0.48801229000542384 1
0.48829515071371765 1
0.48830334162520167 1
0.4883112250541577 1
0.4896705329392214 1
0.49020162227729325 1
0.4902354370817823 1
0.49048803954182696 1
0.4908676427888615 1
0.49122288472570197 1
0.4913920500248642 1
0.4915004426348124 1
0.4917674086542139 1
0.4922402785742667 1
0.49228220698446207 1
0.4923554176659375 1
0.4924238471712853 1
0.4927449596493887 1
0.49342410430244016 1
0.49377622288037737 1
0.4939381771351619 1
0.49402783573327363 1
0.49435376525448554 1
0.4945512526088627 1
0.49467686928964894 1
0.49518451919075335 1
0.49626017529421884 1
0.4966602693650959 1
0.49750859169349615 1
0.49781239229117913 1
0.4981134687513629 1
0.4983585948256659 1
0.498433697986366 1
0.498521949350504 1
0.49876886259363107 1
0.49879555844070383 1
0.4992827932504057 1
0.49933465776294583 1
0.4994738012483813 1
0.499483216275502 1
0.5006175392716647 1
0.501052803064738 1
0.5011197603980805 1
0.5013567338314474 1
0.5018605480309669 1
0.5022255705023803 1
0.5022985924528544 1
0.5025161084386854 1
0.5027687168116816 1
0.5029852672609655 1
0.5033425528668347 1
0.5034860216618842 1
0.5036001317747032 1
0.5037599500028594 1
0.5042092161311335 1
0.5051806013601744 1
0.5058067836525357 1
0.5058968674028584 1
0.5065980834408443 1
0.5067455916526452 1
0.5067940610563723 1
0.506980693612918 1
0.5088244809724698 1
0.5093573686758038 1
0.5099731078319203 1
0.5099939443575505 1
0.5103707548902333 1
0.5117391114539853 1
0.51284123724331 1
0.514408136783119 1
0.5154150960389157 1
0.5154317499856698 1
0.515463729516964 1
0.5163602083225972 1
0.5169414028879294 1
0.5170913686576354 1
0.5173526815930056 1
0.517430197999796 1
0.5177957502318055 1
0.5180003879888515 1
0.5184258591362966 1
0.5184948676168741 1
0.5188719585128386 1
0.519138148043982 1
0.5192273883653478 1
0.519543725338296 1
0.5195608836682875 1
0.5199174632986125 1
0.5201266335174367 1
0.5206074726253279 1
0.5207897595725732 1
0.5209187156196049 1
0.5217896039893816 1
0.5221000817716254 1
0.522303729162513 1
0.5244527597549529 1
0.5247327526389978 1
0.5248099354639875 1
0.5249353550579829 1
0.5270328618437637 1
0.5285263578256502 1
0.5306939254390552 1
0.5314081126327205 1
0.5326919317280775 1
0.5335255347686715 1
0.5336879209944069 1
0.5351705476048142 1
0.5354091944366537 1
0.5373977650037378 1
0.5382498424986799 1
0.5389191983172027 1
0.5391244761514534 1
0.5417378681908837 1
0.5437231228188252 1
0.5527610301153737 1
0.5571671177730559 1
0.5649289777135856 1
0.5660646544411754 1
0.5746131750922083 1
