
 0.575
 0.458
 0.507
 0.525
 0.525
 0.506
 0.492
 0.522
 0.517
 0.481
 0.517
 0.487
 0.499
 0.487
 0.515
 0.481
 0.539
 0.441
 0.520
 0.519
 0.473
 0.493
 0.492
 0.488
 0.486
 0.456
 0.468
 0.461
 0.503
 0.497
 0.557
 0.507
 0.505
 0.499
 0.467
 0.503
 0.488
 0.487
 0.520
 0.519
 0.499
 0.476
 0.539
 0.490
 0.490
 0.524
 0.444
 0.473
 0.477
 0.566
 0.520
 0.518
 0.502
 0.485
 0.495
 0.510
 0.459
 0.482
 0.477
 0.517
 0.478
 0.445
 0.468
 0.522
 0.502
 0.488
 0.481
 0.498
 0.490
 0.507
 0.516
 0.478
 0.517
 0.496
 0.499
 0.501
 0.502
 0.490
 0.471
 0.501
 0.495
 0.509
 0.498
 0.494
 0.492
 0.459
 0.485
 0.499
 0.499
 0.484
 0.455
 0.491
 0.515
 0.466
 0.521
 0.493
 0.507
 0.510
 0.424
 0.504
 0.513
 0.498
 0.498
 0.462
 0.441
 0.495
 0.506
 0.499
 0.467
 0.521
 0.501
 0.464
 0.481
 0.534
 0.482
 0.484
 0.483
 0.487
 0.463
 0.465
 0.531
 0.537
 0.482
 0.482
 0.521
 0.492
 0.481
 0.467
 0.463
 0.468
 0.468
 0.492
 0.531
 0.491
 0.544
 0.529
 0.503
 0.482
 0.441
 0.538
 0.503
 0.458
 0.476
 0.475
 0.494
 0.515
 0.512
 0.421
 0.518
 0.503
 0.474
 0.469
 0.494
 0.449
 0.484
 0.475
 0.533
 0.504
 0.535
 0.465
 0.480
 0.476
 0.471
 0.527
 0.458
 0.464
 0.542
 0.504
 0.509
 0.510
 0.466
 0.464
 0.518
 0.520
 0.535
 0.494
 0.525
 0.464
 0.498
 0.484
 0.485
 0.451
 0.488
 0.519
 0.522
 0.479
 0.492
 0.460
 0.565
 0.444
 0.473
 0.473
 0.553
 0.534
 0.483
 0.470
 0.518
 0.514
 0.501
 0.491

