
 0.519
 0.639
 0.647
 0.705
 0.708
 0.718
 0.713
 0.719
 0.727
 0.727
 0.727
 0.727
 0.727
 0.727
 0.727
 0.727
 0.727
 0.727
 0.727
 0.727
 0.727
 0.727
 0.727
 0.727
 0.727
 0.727
 0.727
 0.727
 0.727
 0.727
 0.727
 0.727
 0.727
 0.727
 0.727
 0.727
 0.727
 0.727
 0.727
 0.727
 0.727
 0.727
 0.727
 0.727
 0.727
 0.727
 0.727
 0.727
 0.727
 0.727
 0.727
 0.727
 0.727
 0.727
 0.727
 0.727
 0.727
 0.727
 0.727
 0.727
 0.727
 0.727
 0.727
 0.727
 0.727
 0.727
 0.727
 0.727
 0.727
 0.727
 0.727
 0.727
 0.727
 0.727
 0.727
 0.727
 0.727
 0.727
 0.727
 0.727
 0.727
 0.727
 0.727
 0.727
 0.727
 0.727
 0.727
 0.727
 0.727
 0.727
 0.727
 0.727
 0.727
 0.727
 0.727
 0.727
 0.727
 0.727
 0.727
 0.727
 0.727
 0.727
 0.727
 0.727
 0.727
 0.727
 0.727
 0.727
 0.727
 0.727
 0.727
 0.727
 0.727
 0.727
 0.727
 0.727
 0.727
 0.727
 0.727
 0.727
 0.727
 0.727
 0.727
 0.727
 0.727
 0.727
 0.727
 0.727
 0.727
 0.727
 0.727
 0.727
 0.727
 0.727
 0.727
 0.727
 0.727
 0.727
 0.727
 0.727
 0.727
 0.727
 0.727
 0.727
 0.727
 0.727
 0.727
 0.727
 0.727
 0.727
 0.727
 0.727
 0.727
 0.727
 0.727
 0.727
 0.727
 0.727
 0.727
 0.727
 0.727
 0.727
 0.727
 0.727
 0.727
 0.727
 0.727
 0.727
 0.727
 0.727
 0.727
 0.727
 0.727
 0.727
 0.727
 0.727
 0.727
 0.727
 0.727
 0.727
 0.727
 0.727
 0.727
 0.727
 0.727
 0.727
 0.727
 0.727
 0.727
 0.727
 0.727
 0.727
 0.727
 0.727
 0.727
 0.727
 0.727
 0.727
 0.727
 0.727

