
 0.568
 0.541
 0.557
 0.576
 0.522
 0.545
 0.538
 0.492
 0.565
 0.477
 0.561
 0.557
 0.529
 0.510
 0.534
 0.585
 0.522
 0.551
 0.558
 0.522
 0.540
 0.525
 0.519
 0.576
 0.498
 0.563
 0.539
 0.549
 0.508
 0.542
 0.524
 0.541
 0.524
 0.538
 0.527
 0.509
 0.518
 0.469
 0.544
 0.582
 0.580
 0.553
 0.509
 0.572
 0.567
 0.595
 0.555
 0.540
 0.576
 0.581
 0.595
 0.546
 0.490
 0.563
 0.547
 0.573
 0.512
 0.603
 0.551
 0.530
 0.553
 0.573
 0.504
 0.506
 0.534
 0.512
 0.540
 0.550
 0.561
 0.551
 0.563
 0.499
 0.554
 0.560
 0.570
 0.583
 0.520
 0.551
 0.560
 0.544
 0.533
 0.543
 0.579
 0.572
 0.561
 0.531
 0.549
 0.555
 0.543
 0.561
 0.476
 0.535
 0.507
 0.539
 0.577
 0.589
 0.522
 0.484
 0.591
 0.537
 0.568
 0.601
 0.543
 0.533
 0.544
 0.497
 0.549
 0.483
 0.592
 0.544
 0.508
 0.545
 0.535
 0.579
 0.577
 0.511
 0.573
 0.550
 0.531
 0.510
 0.522
 0.573
 0.517
 0.565
 0.548
 0.558
 0.514
 0.511
 0.523
 0.513
 0.524
 0.537
 0.524
 0.522
 0.536
 0.531
 0.533
 0.528
 0.520
 0.509
 0.578
 0.556
 0.552
 0.522
 0.513
 0.550
 0.572
 0.560
 0.539
 0.492
 0.524
 0.569
 0.556
 0.533
 0.546
 0.558
 0.526
 0.539
 0.544
 0.554
 0.521
 0.540
 0.569
 0.566
 0.591
 0.541
 0.490
 0.551
 0.538
 0.537
 0.552
 0.519
 0.564
 0.549
 0.533
 0.556
 0.556
 0.509
 0.536
 0.554
 0.552
 0.495
 0.577
 0.536
 0.581
 0.557
 0.592
 0.481
 0.542
 0.545
 0.567
 0.576
 0.530
 0.570
 0.555
 0.581
 0.577
 0.559
 0.590
 0.497

