28 1 3 0.06337277126013396 0.06337277126013396
28 2 3 0.06337277126013396 0.06337277126013396
31 1 2 0.7377846126050648 0.7377846126050648
32 2 2 0.7377846126050648 0.7377846126050648
33 2 3 0.06337277126013396 0.06337277126013396
34 1 2 0.7377846126050648 0.7377846126050648
34 1 2 0.7377846126050648 0.7377846126050648
34 2 3 0.06337277126013396 0.06337277126013396
35 1 3 0.06337277126013396 0.06337277126013396
36 2 2 0.7377846126050648 0.7377846126050648
36 2 2 0.7377846126050648 0.7377846126050648
37 2 4 0.2883009705136126 0.2883009705136126
38 1 4 0.2883009705136126 0.2883009705136126
38 1 2 0.7377846126050648 0.7377846126050648
38 1 1 0.9106560231806604 0.9106560231806604
39 2 2 0.7377846126050648 0.7377846126050648
40 1 2 0.7377846126050648 0.7377846126050648
40 2 3 0.06337277126013396 0.06337277126013396
40 2 3 0.06337277126013396 0.06337277126013396
41 1 2 0.7377846126050648 0.7377846126050648
41 2 3 0.06337277126013396 0.06337277126013396
41 2 2 0.7377846126050648 0.7377846126050648
41 2 2 0.7377846126050648 0.7377846126050648
41 1 4 0.2883009705136126 0.2883009705136126
41 1 2 0.7377846126050648 0.7377846126050648
42 1 2 0.7377846126050648 0.7377846126050648
42 1 2 0.7377846126050648 0.7377846126050648
42 2 2 0.7377846126050648 0.7377846126050648
42 2 4 0.2883009705136126 0.2883009705136126
43 1 2 0.7377846126050648 0.7377846126050648
44 2 2 0.7377846126050648 0.7377846126050648
44 2 2 0.7377846126050648 0.7377846126050648
45 2 1 0.9106560231806604 0.9106560231806604
45 1 2 0.7377846126050648 0.7377846126050648
45 2 2 0.7377846126050648 0.7377846126050648
45 1 2 0.7377846126050648 0.7377846126050648
46 2 2 0.7377846126050648 0.7377846126050648
46 1 2 0.7377846126050648 0.7377846126050648
46 1 2 0.7377846126050648 0.7377846126050648
48 1 1 0.9106560231806604 0.9106560231806604
49 2 3 0.06337277126013396 0.06337277126013396
49 1 1 0.9106560231806604 0.9106560231806604
50 1 1 0.9106560231806604 0.9106560231806604
50 2 1 0.9106560231806604 0.9106560231806604
50 1 1 0.9106560231806604 0.9106560231806604
53 1 1 0.9106560231806604 0.9106560231806604
54 1 3 0.06337277126013396 0.06337277126013396
55 2 1 0.9106560231806604 0.9106560231806604
58 1 1 0.9106560231806604 0.9106560231806604
65 2 1 0.9106560231806604 0.9106560231806604
