0.44666975267456593 1
0.4470118171671846 1
0.45214177328656 1
0.45589580184213746 1
0.4585735009543788 1
0.46197884077080187 1
0.4629539764911458 1
0.46345366725857945 1
0.4647582896335457 1
0.4688162056032642 1
0.4689865276491046 1
0.46933331984886956 1
0.4714088846947041 1
0.47209490120045783 1
0.47219496793354415 1
0.472680887436252 1
0.4737792587097798 1
0.47597165135335184 1
0.4764074011539063 1
0.47752127572288317 1
0.4790118313078083 1
0.479426159553679 1
0.47978263849232744 1
0.4798016514041582 1
0.4802863786524707 1
0.48146219325522294 1
0.48172530989233303 1
0.4823220599805763 1
0.4826258505109244 1
0.48341668284560685 1
0.4852491865963431 1
0.48530894191407886 1
0.4860218054556639 1
0.48754049297423974 1
0.4885184723867731 1
0.48857957465056406 1
0.48862808594111745 1
0.4893597654641183 1
0.48989439628894416 1
0.4899480432929688 1
0.49020301969385277 1
0.4907245300948221 1
0.4907543128948339 1
0.4907681701347198 1
0.4908482386620861 1
0.490908308607241 1
0.49110502531741085 1
0.4917457969774095 1
0.4918474799106004 1
0.49201687475207634 1
0.49214852258918385 1
0.4921642067952843 1
0.49253675130640695 1
0.4927125304846841 1
0.49271582609489956 1
0.4935984543022415 1
0.4954541972995156 1
0.4955776125183634 1
0.4956381097882205 1
0.4958164679172094 1
0.49611688934349985 1
0.496902488360594 1
0.49714433942540515 1
0.49935454717964284 1
0.49951831304919475 1
0.49984959948287405 1
0.5003116718181317 1
0.5007377532345765 1
0.5011160475849534 1
0.5011652789919758 1
0.5018192730998416 1
0.5024404994183101 1
0.5024870967577157 1
0.5026357843202205 1
0.5026485051518838 1
0.5036063948326399 1
0.5040031402374375 1
0.5043062164207249 1
0.5046459770659096 1
0.5049960292103048 1
0.5059721330752601 1
0.5061645764764876 1
0.5064566915510174 1
0.5078585415694571 1
0.5080686293183133 1
0.5081179888861125 1
0.5081778356619211 1
0.5088746587463407 1
0.5090378753225719 1
0.5091631362619633 1
0.5095412884362959 1
0.5096495260222946 1
0.5096745059092808 1
0.509688362084215 1
0.5099475876477988 1
0.5104741910423695 1
0.511483622619428 1
0.5119098161198339 1
0.5122717238653958 1
0.5124081564868689 1
0.5136528006043165 1
0.5138283406317102 1
0.5147189772256955 1
0.5149813799846777 1
0.5152796352184661 1
0.5155363915458642 1
0.5156334844842914 1
0.5156500137927211 1
0.5157851911024469 1
0.5161520017156388 1
0.5164761768404776 1
0.5164795416372123 1
0.5166730564172687 1
0.5178071261792021 1
0.5178712112132254 1
0.5182852259066086 1
0.5184311799037998 1
0.5187162525086765 1
0.5188171294566151 1
0.5190807756761096 1
0.5195183872779984 1
0.5199115372403673 1
0.5202226449357158 1
0.5203811865763889 1
0.5206604230553417 1
0.5207924985250275 1
0.5208189758246954 1
0.520984309843503 1
0.5213592651324119 1
0.5216296002396758 1
0.5218100987729106 1
0.5220100458826582 1
0.5225039690178596 1
0.5225507969114785 1
0.5227871301129545 1
0.5228399219486446 1
0.5235708111479904 1
0.5239792474816071 1
0.5246481730871071 1
0.5246993728933131 1
0.5262172442521734 1
0.5264067053730591 1
0.5276999229797364 1
0.5284645399023503 1
0.5284857985422929 1
0.5295801466311627 1
0.5298749592109696 1
0.5300394966614076 1
0.5308290531008705 1
0.5320471170164415 1
0.532068079587635 1
0.5334019442487855 1
0.5345098523262458 1
0.5352246069257288 1
0.5353255883016721 1
0.5355693928815983 1
0.5359600860216975 1
0.5364191032414782 1
0.537443076624289 1
0.5381937535677777 1
0.5388762420065166 1
0.5400542747753574 1
0.5414265554910663 1
0.5423005581417736 1
0.5430248208673126 1
0.5431396902535088 1
0.5440374913852641 1
0.5444728207802245 1
0.5456221882112997 1
0.5465932948195598 1
0.5468460006763458 1
0.5470325731150902 1
0.5485933370881887 1
0.5487937475747565 1
0.548861016082868 1
0.5491753701138616 1
0.5493619484871404 1
0.5494472115066297 1
0.5499833715074688 1
0.5505021426278809 1
0.550671992782224 1
0.5509422934888848 1
0.5523320230367282 1
0.5532787483599249 1
0.5534755099660003 1
0.5540335788917876 1
0.5544664925551869 1
0.5552761991440827 1
0.5568990520215236 1
0.5574030223495463 1
0.5576201048367 1
0.5586188872568877 1
0.5612143338953878 1
0.5612326353529322 1
0.5647242182686718 1
0.5705414521468314 1
0.5707512612145481 1
0.5712878059260599 1
0.5760701693992868 1
0.5865668289065493 1
