0.4281333765917485 1
0.42881077133142215 1
0.43065579534569876 1
0.43142028885943573 1
0.43556746215766134 1
0.4357495604367484 1
0.438617674899561 1
0.4400621747397135 1
0.44326324973981907 1
0.4433899463154949 1
0.44807864655735935 1
0.4486138551165693 1
0.45008715844395053 1
0.45104091744786584 1
0.45105820802596613 1
0.4521938672085822 1
0.45233654933916845 1
0.4540868023104203 1
0.4554363684813382 1
0.45667076928911726 1
0.456942097009741 1
0.45769239329891037 1
0.458139468998915 1
0.4582286440897379 1
0.4589901485628009 1
0.4599841280575589 1
0.46248306111246795 1
0.4637081339505568 1
0.46475152230586336 1
0.46499981399203094 1
0.4654558187547553 1
0.46550934787461756 1
0.46639501335880673 1
0.46692541653824343 1
0.46734125199230747 1
0.4675042002796723 1
0.4683808628421652 1
0.46939447922246585 1
0.4694444018128957 1
0.46950937311311813 1
0.47126896584249467 1
0.471635913044476 1
0.473081074007287 1
0.47406104783490655 1
0.4741367865031962 1
0.47472348151635047 1
0.4768774000382575 1
0.47752827257995734 1
0.4781911544250931 1
0.4785640926672118 1
0.47859435251245175 1
0.4788259371182245 1
0.4789298323785732 1
0.4796563620854595 1
0.4800317884989229 1
0.48041364150055854 1
0.4808743829977207 1
0.48122471508779185 1
0.48129305982954 1
0.4816275585809926 1
0.4817681693962645 1
0.482100306537807 1
0.482488749754767 1
0.4826173334229016 1
0.482658050968786 1
0.4827211892556922 1
0.48300768455465115 1
0.4837550988212154 1
0.48482371252801215 1
0.48604025507159365 1
0.4862838195249804 1
0.4871612834237065 1
0.48724309673062854 1
0.4879616983531945 1
0.4893831108497014 1
0.4895436451031393 1
0.48956502439623384 1
0.48985009675337515 1
0.4899863411836152 1
0.4906347545523506 1
0.4907581888724352 1
0.49114352909124315 1
0.49130520082202817 1
0.4914953951761507 1
0.4919224155524391 1
0.49204467963304377 1
0.4923012883695659 1
0.4923139632865445 1
0.49292549025549126 1
0.49341081038550344 1
0.49347154061935583 1
0.4937720349751668 1
0.49457727865032247 1
0.49462675775289794 1
0.49501832653495803 1
0.4955474835982709 1
0.4962248319035767 1
0.49638071345928053 1
0.4963850973241608 1
0.49658224102854276 1
0.49660887523306185 1
0.4971625643872983 1
0.49754833086271316 1
0.49825602664122826 1
0.4987837434022177 1
0.4991515273687058 1
0.4992981268513531 1
0.49938899672355086 1
0.5002149907150837 1
0.5004879891078385 1
0.5010451603443338 1
0.50135521931491 1
0.5014499562238051 1
0.5026176044615163 1
0.502831845903957 1
0.5028414705550961 1
0.5028891510386136 1
0.5030602622114411 1
0.503199570968661 1
0.5035538695075155 1
0.5037010863033532 1
0.5039305324373339 1
0.5043040335021586 1
0.5044866337730674 1
0.5049371193779099 1
0.5053703026636573 1
0.5055265718522335 1
0.5066904279206086 1
0.5067997690644731 1
0.5072513847053192 1
0.5084786528137539 1
0.5088803696350753 1
0.5093636395256983 1
0.5094393698268113 1
0.5094825769669508 1
0.5105204678465959 1
0.5106398444066489 1
0.512125365292592 1
0.5122061722981365 1
0.5124157657541462 1
0.516423652046312 1
0.516819972671524 1
0.5173080292596404 1
0.5177587144453158 1
0.517985056364418 1
0.5183952721635499 1
0.5184659946085372 1
0.518882771783127 1
0.5190492632368544 1
0.5196134667004633 1
0.5197699164613031 1
0.5202812984679379 1
0.520589193143223 1
0.5206386122362925 1
0.5211001863353304 1
0.52128077154654 1
0.5213644110394755 1
0.5216950414056938 1
0.5217900360737716 1
0.5221079109051331 1
0.5230189046735874 1
0.524097825613111 1
0.5247985334339128 1
0.5252255572719737 1
0.5254898962662488 1
0.5255335799330435 1
0.5261612383835209 1
0.5271865414162946 1
0.5276864016099272 1
0.5278853631974484 1
0.5279292040991576 1
0.5282008647557039 1
0.5294416246387782 1
0.5297706201734904 1
0.5300564395112454 1
0.5308125700752487 1
0.5325154476197534 1
0.5330072741380202 1
0.5334693855962133 1
0.5337164741985538 1
0.5337934519662688 1
0.5338929719039511 1
0.5346201501203928 1
0.5355555952533796 1
0.5355953326578525 1
0.5361256723183082 1
0.5362257987556184 1
0.5373423821393071 1
0.5411150255865769 1
0.5424546658882651 1
0.543078513736593 1
0.5430857741426786 1
0.5433178473491311 1
0.5434730110474466 1
0.5438933073425968 1
0.5473353766839923 1
0.5476736290980102 1
0.5542895960313783 1
0.555083864051743 1
0.5655380920907382 1
