
 0.462
 0.497
 0.499
 0.450
 0.469
 0.478
 0.451
 0.428
 0.460
 0.452
 0.541
 0.509
 0.492
 0.457
 0.542
 0.429
 0.491
 0.481
 0.507
 0.482
 0.531
 0.504
 0.524
 0.492
 0.520
 0.496
 0.547
 0.528
 0.523
 0.536
 0.534
 0.467
 0.436
 0.470
 0.485
 0.554
 0.522
 0.521
 0.530
 0.488
 0.457
 0.498
 0.492
 0.555
 0.497
 0.494
 0.475
 0.490
 0.534
 0.503
 0.537
 0.503
 0.528
 0.511
 0.474
 0.489
 0.471
 0.503
 0.526
 0.504
 0.484
 0.482
 0.472
 0.481
 0.503
 0.439
 0.479
 0.451
 0.452
 0.516
 0.480
 0.530
 0.495
 0.503
 0.512
 0.483
 0.543
 0.492
 0.535
 0.521
 0.493
 0.443
 0.536
 0.499
 0.431
 0.479
 0.503
 0.527
 0.509
 0.491
 0.490
 0.543
 0.486
 0.496
 0.478
 0.507
 0.501
 0.466
 0.500
 0.533
 0.443
 0.465
 0.509
 0.509
 0.525
 0.543
 0.521
 0.511
 0.504
 0.505
 0.481
 0.482
 0.487
 0.490
 0.469
 0.491
 0.506
 0.493
 0.483
 0.483
 0.496
 0.529
 0.474
 0.518
 0.479
 0.464
 0.495
 0.465
 0.491
 0.466
 0.517
 0.548
 0.496
 0.501
 0.520
 0.465
 0.497
 0.566
 0.518
 0.534
 0.543
 0.536
 0.480
 0.486
 0.487
 0.504
 0.536
 0.518
 0.533
 0.507
 0.528
 0.459
 0.499
 0.495
 0.505
 0.458
 0.458
 0.455
 0.483
 0.519
 0.501
 0.512
 0.520
 0.468
 0.482
 0.522
 0.519
 0.436
 0.526
 0.449
 0.480
 0.517
 0.448
 0.491
 0.521
 0.493
 0.522
 0.525
 0.479
 0.473
 0.512
 0.490
 0.544
 0.504
 0.499
 0.500
 0.508
 0.440
 0.431
 0.525
 0.468
 0.498
 0.518
 0.533
 0.458
 0.528
 0.467
 0.521
 0.454
 0.477

