
 0.494
 0.624
 0.636
 0.658
 0.649
 0.659
 0.659
 0.659
 0.659
 0.659
 0.659
 0.659
 0.659
 0.659
 0.659
 0.659
 0.659
 0.659
 0.659
 0.659
 0.659
 0.659
 0.659
 0.659
 0.659
 0.659
 0.659
 0.659
 0.659
 0.659
 0.659
 0.659
 0.659
 0.659
 0.659
 0.659
 0.659
 0.659
 0.659
 0.659
 0.659
 0.659
 0.659
 0.659
 0.659
 0.659
 0.659
 0.659
 0.659
 0.659
 0.659
 0.659
 0.659
 0.659
 0.659
 0.659
 0.659
 0.659
 0.659
 0.659
 0.659
 0.659
 0.659
 0.659
 0.659
 0.659
 0.659
 0.659
 0.659
 0.659
 0.659
 0.659
 0.659
 0.659
 0.659
 0.659
 0.659
 0.659
 0.659
 0.659
 0.659
 0.659
 0.659
 0.659
 0.659
 0.659
 0.659
 0.659
 0.659
 0.659
 0.659
 0.659
 0.659
 0.659
 0.659
 0.659
 0.659
 0.659
 0.659
 0.659
 0.659
 0.659
 0.659
 0.659
 0.659
 0.659
 0.659
 0.659
 0.659
 0.659
 0.659
 0.659
 0.659
 0.659
 0.659
 0.659
 0.659
 0.659
 0.659
 0.659
 0.659
 0.659
 0.659
 0.659
 0.659
 0.659
 0.659
 0.659
 0.659
 0.659
 0.659
 0.659
 0.659
 0.659
 0.659
 0.659
 0.659
 0.659
 0.659
 0.659
 0.659
 0.659
 0.659
 0.659
 0.659
 0.659
 0.659
 0.659
 0.659
 0.659
 0.659
 0.659
 0.659
 0.659
 0.659
 0.659
 0.659
 0.659
 0.659
 0.659
 0.659
 0.659
 0.659
 0.659
 0.659
 0.659
 0.659
 0.659
 0.659
 0.659
 0.659
 0.659
 0.659
 0.659
 0.659
 0.659
 0.659
 0.659
 0.659
 0.659
 0.659
 0.659
 0.659
 0.659
 0.659
 0.659
 0.659
 0.659
 0.659
 0.659
 0.659
 0.659
 0.659
 0.659
 0.659
 0.659
 0.659
 0.659
 0.659
 0.659

