4 42
2 48
2 35
2 54
3 42
2 46
0 43
4 55
3 34
4 43
3 43
2 29
2 32
4 43
3 49
3 37
0 39
0 38
4 44
1 58
3 49
4 51
3 46
2 40
0 42
1 40
1 46
0 31
0 41
3 39
2 54
4 40
4 37
3 49
1 38
3 42
2 39
3 37
0 39
4 36
2 35
3 50
0 40
3 37
2 37
4 43
2 38
1 39
4 37
3 28
3 53
1 36
3 36
0 45
1 39
0 48
3 41
1 44
3 30
2 46
2 31
1 48
1 54
2 45
1 50
3 41
1 46
3 36
4 39
4 42
1 43
2 53
2 47
0 44
0 48
2 42
1 44
3 43
1 38
4 50
0 41
0 39
0 40
1 42
4 42
2 40
3 44
3 49
4 31
2 32
4 43
2 47
2 44
4 31
2 37
0 53
0 44
4 39
0 41
2 43
0 38
1 40
4 47
1 51
4 50
1 40
3 34
3 48
2 34
2 51
1 56
4 40
0 35
0 42
1 39
4 44
0 34
4 36
2 39
4 41
3 39
2 41
1 51
0 34
0 42
4 46
0 37
3 45
0 49
4 48
3 40
2 45
2 56
3 39
1 36
3 43
1 41
0 39
3 39
3 45
1 41
0 47
1 46
0 36
1 51
2 51
4 46
2 30
2 54
3 37
1 50
0 48
1 52
2 43
4 49
2 49
3 42
0 50
3 44
1 37
1 46
4 51
4 51
2 37
1 49
0 42
0 37
4 39
0 37
3 46
2 48
3 44
0 42
0 44
4 43
0 44
0 47
2 47
3 37
2 49
2 38
2 31
2 32
2 44
3 36
0 31
3 50
2 39
3 29
0 41
4 42
3 47
3 41
0 45
4 49
3 49
2 32
1 36
0 34
3 44
