
 0.330
 0.471
 0.484
 0.505
 0.488
 0.427
 0.475
 0.515
 0.517
 0.528
 0.521
 0.500
 0.515
 0.498
 0.517
 0.519
 0.521
 0.527
 0.519
 0.519
 0.515
 0.523
 0.523
 0.523
 0.515
 0.517
 0.517
 0.517
 0.517
 0.517
 0.517
 0.517
 0.517
 0.517
 0.517
 0.517
 0.517
 0.517
 0.517
 0.517
 0.517
 0.517
 0.517
 0.517
 0.517
 0.517
 0.517
 0.517
 0.517
 0.517
 0.517
 0.517
 0.517
 0.517
 0.517
 0.517
 0.517
 0.517
 0.517
 0.517
 0.517
 0.517
 0.517
 0.517
 0.517
 0.517
 0.517
 0.517
 0.517
 0.517
 0.517
 0.517
 0.517
 0.517
 0.517
 0.517
 0.517
 0.517
 0.517
 0.517
 0.517
 0.517
 0.517
 0.517
 0.517
 0.517
 0.517
 0.517
 0.517
 0.517
 0.517
 0.517
 0.517
 0.517
 0.517
 0.517
 0.517
 0.517
 0.517
 0.517
 0.517
 0.517
 0.517
 0.517
 0.517
 0.517
 0.517
 0.517
 0.517
 0.517
 0.517
 0.517
 0.517
 0.517
 0.517
 0.517
 0.517
 0.517
 0.517
 0.517
 0.517
 0.517
 0.517
 0.517
 0.517
 0.517
 0.517
 0.517
 0.517
 0.517
 0.517
 0.517
 0.517
 0.517
 0.517
 0.517
 0.517
 0.517
 0.517
 0.517
 0.517
 0.517
 0.517
 0.517
 0.517
 0.517
 0.517
 0.517
 0.517
 0.517
 0.517
 0.517
 0.517
 0.517
 0.517
 0.517
 0.517
 0.517
 0.517
 0.517
 0.517
 0.517
 0.517
 0.517
 0.517
 0.517
 0.517
 0.517
 0.517
 0.517
 0.517
 0.517
 0.517
 0.517
 0.517
 0.517
 0.517
 0.517
 0.517
 0.517
 0.517
 0.517
 0.517
 0.517
 0.517
 0.517
 0.517
 0.517
 0.517
 0.517
 0.517
 0.517
 0.517
 0.517
 0.517
 0.517
 0.517
 0.517
 0.517
 0.517

