0.43644589166146674 1
0.4455029742664944 1
0.4506974229772434 1
0.46099220919289097 1
0.46118683519969617 1
0.4612973566338791 1
0.4615942373017819 1
0.46178530353076974 1
0.4626142703914768 1
0.46292221593643157 1
0.46417490626163027 1
0.46492127110495146 1
0.46647754848981193 1
0.46699882830192235 1
0.46757846058053526 1
0.4681441249485934 1
0.4698631331260084 1
0.4700657589111181 1
0.47087464599969087 1
0.47216887131986934 1
0.4736718429722185 1
0.47407218993011896 1
0.47418738581686093 1
0.47426833094196064 1
0.47450772849823564 1
0.4747909513090306 1
0.4751938321611966 1
0.4755895664884184 1
0.47659155580646134 1
0.477021091642646 1
0.4785195779299287 1
0.47919428236781997 1
0.48083209948367583 1
0.4808505988820825 1
0.481206521330898 1
0.4820129351847347 1
0.48252449325239843 1
0.48254339640632105 1
0.4830231628348027 1
0.48312781162670254 1
0.48361745138881185 1
0.4837378959137936 1
0.483752566694873 1
0.4846324662960455 1
0.48535196271852493 1
0.4857179102268428 1
0.4860642057417519 1
0.48649629816967727 1
0.4865598423710364 1
0.48675286688087227 1
0.48755934536153395 1
0.4877238992912483 1
0.48787429454693354 1
0.4885069485295621 1
0.489304923858324 1
0.4905838865283612 1
0.49104073718253316 1
0.4920921863021468 1
0.4921710521976926 1
0.494382879630824 1
0.4944217351300337 1
0.49450933731366603 1
0.49462686397109323 1
0.4946724663901687 1
0.4947039538135791 1
0.4947986867791046 1
0.4951590800890069 1
0.4961674090583367 1
0.49620795042602894 1
0.4963378123847539 1
0.49643200320213393 1
0.496891051820579 1
0.4973816727111658 1
0.4976048587583258 1
0.4976599283233422 1
0.4977834536751521 1
0.49823039559406546 1
0.4986804261030363 1
0.4988390047185359 1
0.49894053826717105 1
0.4994209037806928 1
0.5003624814282839 1
0.5004906430057722 1
0.5005475098132535 1
0.5006649208846602 1
0.5007006021862205 1
0.5007743203048708 1
0.5009427315024471 1
0.5016053648267317 1
0.502301977969566 1
0.5028094893388224 1
0.5029512408197035 1
0.5032868312456816 1
0.5034411661559965 1
0.5045437028395455 1
0.504719780686038 1
0.50477191882759 1
0.506366456846909 1
0.5077995007704387 1
0.5078211899337502 1
0.5079184395525904 1
0.5079355211273593 1
0.5080347491347588 1
0.5083576453249035 1
0.5085351291023404 1
0.5089875970241767 1
0.5090869506612973 1
0.5093305549994276 1
0.5094388232703272 1
0.5102504537206826 1
0.5103879919861036 1
0.5111246415653986 1
0.512010602415325 1
0.5122073718733194 1
0.5124674446159742 1
0.5135685161007213 1
0.5136529803936954 1
0.513654352978496 1
0.513723187381775 1
0.51382318297622 1
0.5149831609075187 1
0.5156058167323416 1
0.516277402062299 1
0.516286983765869 1
0.5168449664198905 1
0.5175705136620248 1
0.5185232032043685 1
0.5187879306143421 1
0.5192246633824954 1
0.5194173809660553 1
0.5197952751051992 1
0.5199473539861328 1
0.5200652514047311 1
0.5202206467179623 1
0.5202892173774961 1
0.5207868344299523 1
0.5209739111182311 1
0.521128017747178 1
0.5213102013051898 1
0.5219400087040262 1
0.5226303031293206 1
0.5227482401345003 1
0.5228014476805356 1
0.5228238218004284 1
0.5229444726320945 1
0.5234942301074761 1
0.5237587902204308 1
0.5238491839738743 1
0.5242281593220462 1
0.5248609462441679 1
0.5264322152748627 1
0.5264355403189458 1
0.5276562073519276 1
0.5279028343601264 1
0.5286513528610164 1
0.5300804511407661 1
0.5300979118590392 1
0.5304406948342204 1
0.5306831522000303 1
0.5318845434638741 1
0.533060217417583 1
0.5336486249683348 1
0.5337735826419052 1
0.5345755280075811 1
0.5347406731287859 1
0.5357291235764252 1
0.5357613173709145 1
0.5359075727811019 1
0.5364790645776667 1
0.5373798441876285 1
0.5377024399939409 1
0.5397999230561147 1
0.5412298311675804 1
0.5427608831124143 1
0.5428675728981424 1
0.5440637291863378 1
0.5443081195691009 1
0.544475684852505 1
0.5449029013345054 1
0.5453349433874976 1
0.5459569914420558 1
0.5469278694589141 1
0.5472314734510058 1
0.5480216592351668 1
0.5480325974707102 1
0.5486371823845849 1
0.5518687179593714 1
0.5533551277363145 1
0.5549051576009457 1
0.5562523228865748 1
0.5575017494940309 1
0.55888163967501 1
0.5589175143196755 1
0.5609739608599125 1
0.5622196099252856 1
0.5631374117009347 1
0.5657268586645569 1
0.5657826957150577 1
0.571034172389749 1
0.5745113404769182 1
