
 0.508
 0.485
 0.509
 0.532
 0.530
 0.525
 0.512
 0.446
 0.501
 0.488
 0.479
 0.489
 0.562
 0.538
 0.484
 0.556
 0.575
 0.559
 0.498
 0.475
 0.524
 0.495
 0.530
 0.510
 0.544
 0.509
 0.496
 0.509
 0.519
 0.508
 0.552
 0.502
 0.541
 0.508
 0.517
 0.526
 0.503
 0.531
 0.501
 0.511
 0.509
 0.483
 0.461
 0.505
 0.520
 0.523
 0.463
 0.547
 0.487
 0.481
 0.536
 0.548
 0.519
 0.518
 0.486
 0.474
 0.519
 0.548
 0.488
 0.544
 0.512
 0.482
 0.500
 0.558
 0.481
 0.491
 0.523
 0.483
 0.537
 0.514
 0.501
 0.475
 0.477
 0.501
 0.502
 0.512
 0.508
 0.499
 0.535
 0.497
 0.461
 0.486
 0.509
 0.520
 0.514
 0.523
 0.528
 0.561
 0.519
 0.498
 0.479
 0.498
 0.495
 0.545
 0.491
 0.466
 0.536
 0.496
 0.503
 0.496
 0.535
 0.520
 0.494
 0.508
 0.516
 0.559
 0.499
 0.495
 0.536
 0.468
 0.523
 0.523
 0.501
 0.510
 0.571
 0.549
 0.486
 0.465
 0.516
 0.543
 0.533
 0.503
 0.516
 0.474
 0.470
 0.546
 0.472
 0.495
 0.474
 0.555
 0.492
 0.566
 0.474
 0.508
 0.526
 0.540
 0.506
 0.529
 0.505
 0.497
 0.468
 0.514
 0.521
 0.524
 0.514
 0.528
 0.476
 0.484
 0.544
 0.496
 0.492
 0.515
 0.483
 0.521
 0.451
 0.563
 0.488
 0.484
 0.495
 0.477
 0.521
 0.553
 0.436
 0.530
 0.498
 0.461
 0.481
 0.520
 0.505
 0.566
 0.463
 0.475
 0.522
 0.514
 0.462
 0.483
 0.503
 0.536
 0.495
 0.545
 0.500
 0.499
 0.462
 0.470
 0.534
 0.485
 0.467
 0.494
 0.471
 0.523
 0.464
 0.521
 0.487
 0.520
 0.499
 0.543
 0.547
 0.534
 0.524
 0.489

