10 0.42516159950531474
11 0.4530013773937428
12 0.18026690288019231
13 0.11466661025743607
14 0.3535476460083474
15 0.1822348758438428
16 0.07112806883333911
17 0.628042729576222
18 0.8649987512397913
19 0.0999231503413468
20 0.04905673821595691
21 0.01951729039871042
22 0.5928649699359575
23 0.8211192282195895
24 0.9847265333367196
25 0.9330790290827488
26 0.9814193744749734
27 0.42827138037680446
28 0.886371652983751
29 0.18769755626025508
30 0.29699671733225586
31 0.09306059107805265
32 0.5342950323858969
33 0.679394695449212
34 0.08573861974470898
35 0.904923211630498
36 0.9310782138284909
37 0.12777266427685385
38 0.10837147291891147
39 0.9916162577656612
