2651 45
168 45
2840 49
2996 40
1219 37
1989 45
2156 39
2256 42
665 37
1231 48
2174 34
2454 46
1574 34
519 55
552 41
279 44
1315 52
2076 54
1905 40
2196 43
2300 48
1471 51
1389 37
223 43
208 47
1379 37
2491 41
442 35
494 51
175 36
1283 32
1972 46
1402 45
2158 53
2252 47
287 36
213 49
345 46
1617 47
678 43
323 27
1140 39
1818 34
2247 38
2153 36
793 43
1597 38
1163 45
2732 36
1357 37
1810 51
2930 45
2125 39
2907 40
2774 45
1228 35
652 40
1992 49
2622 48
1308 39
2111 33
816 32
2736 36
1194 42
946 40
1266 49
916 44
2800 39
2474 41
875 41
1507 45
1766 33
1986 43
875 46
2219 39
131 30
1625 35
878 37
2868 52
1068 43
585 41
1267 34
728 42
688 44
210 49
1157 39
2613 37
2433 40
1137 49
1791 55
1201 48
2827 35
1620 36
462 40
1482 45
284 45
2640 37
2470 40
2552 54
1358 35
1384 46
2283 43
261 42
2208 32
37 41
1966 47
1523 48
1157 43
761 48
1002 41
1307 31
2047 31
1065 32
1967 39
559 50
644 44
2575 46
2040 40
2483 40
2612 44
539 42
2069 36
1739 38
560 37
2115 48
1906 43
256 42
1348 36
1753 44
2892 40
2415 45
1294 34
1652 41
1775 45
1451 41
40 34
1443 49
2986 47
2893 41
688 35
2889 49
28 38
1905 46
1415 39
2480 48
2788 34
1310 32
2064 28
1384 59
2888 39
2027 36
1206 39
2236 41
2659 37
2557 46
928 42
1779 43
58 50
992 44
39 47
1310 34
788 35
2881 46
553 26
1378 43
14 23
2087 45
217 33
37 33
477 47
2527 38
2431 35
1388 58
1358 37
2441 34
1260 55
1970 43
1097 50
552 42
2285 52
875 57
2377 47
1132 35
2764 39
2270 41
1732 38
1670 47
2123 40
1253 47
1721 35
429 46
2942 55
2684 48
2291 49
2765 41
1540 43
1863 47
837 48
2662 53
2931 47
2544 35
2627 49
2421 35
1229 42
943 55
1575 37
2958 49
698 46
2976 38
916 39
2618 37
1431 35
2051 51
2116 36
2845 51
1137 35
2248 40
2351 38
2434 46
2774 40
2762 35
1111 27
1473 31
705 36
2938 51
1903 40
2404 45
2722 49
171 46
2709 46
2945 44
1681 35
1366 39
1702 44
2885 51
2598 46
537 42
847 37
999 45
879 50
2459 49
1286 45
1555 39
1898 51
117 43
2979 39
2045 49
425 38
1998 52
1778 47
1928 54
2356 36
990 42
1129 42
1303 45
1922 43
1921 37
2733 35
484 40
2978 48
440 39
2934 42
1531 50
90 47
2109 32
1221 38
1805 34
1015 41
1208 48
2065 36
2593 45
1745 33
2863 56
383 51
831 34
2575 42
662 47
2192 36
1866 42
672 27
1976 46
2523 48
1101 37
2356 54
1700 49
2386 44
1230 34
1761 48
1105 37
1491 40
614 42
702 53
1946 35
2620 52
2134 47
2481 43
866 54
1889 42
662 47
957 39
