0 0.42884657560214834
1 0.4047314578004497
2 0.03937931602084388
3 0.17504939219684834
4 0.22964122746019477
5 0.8696160824939789
6 0.680187008357749
7 0.07948473771961617
8 0.08811404320041072
9 0.7289173692221853
10 0.26916281673991904
11 0.9053708954591536
12 0.9748910587554053
13 0.5798548968293497
14 0.519006700527169
15 0.4541275083218599
16 0.8964717144784697
17 0.2609982523588489
18 0.40075471345791713
19 0.3501283638701549
20 0.5613104854460219
21 0.8971712421072486
22 0.25081891892499797
23 0.24000768122872596
24 0.968869207149217
25 0.6614626858587492
26 0.967700682424006
27 0.9706243408579189
28 0.12149972345015037
29 0.8802294050419732
30 0.28192779572272064
31 0.9091663458973819
32 0.5404621236689247
33 0.1587335486612491
34 0.017337024850096694
35 0.19876114016656876
36 0.9050782840314762
37 0.663065322341452
38 0.8526438061905277
39 0.27909030889890696
40 0.927966531566224
41 0.5582594872767519
42 0.3393109401713863
43 0.4438891472438474
44 0.529498562099896
45 0.8730218081553421
46 0.8350484588654806
47 0.5558458320476188
48 0.48106423846697355
49 0.73823954991302
50 0.5718475660101402
51 0.29429621430941144
52 0.9494261930174445
53 0.029457943832117195
54 0.2932712498608274
55 0.47224412113803393
56 0.7933909817285093
57 0.9327623832580161
58 0.767794817902762
59 0.026619538394785924
60 0.039218599331082515
61 0.8490135508208211
62 0.013310169558903628
63 0.25931968822213325
64 0.6926382407117453
65 0.35314131694894146
66 0.2524771996859403
67 0.7864610577433365
68 0.9330327949513257
69 0.6332100289063264
70 0.45942684503908215
71 0.43940320582322445
72 0.7793000241948176
73 0.9482264558661795
74 0.8553900720873339
75 0.053487763311771186
76 0.5170941140674369
77 0.1641690245061569
78 0.8641476139337895
79 0.6790695215336559
80 0.5335959742560897
81 0.3544749637207889
82 0.8477654833613638
83 0.2542980874213955
84 0.7186565225362318
85 0.7842298014357788
86 0.40890182913088957
87 0.1902427866687979
88 0.26010202737150145
89 0.33656114236199397
90 0.16804069933828336
91 0.6363355949372819
92 0.4861863354974122
93 0.5852470992453875
94 0.7023286974660318
95 0.41773921096235767
96 0.38961977288840666
97 0.2693070059855758
98 0.7672610806194754
99 0.7661315190031865
100 0.6053001107111843
101 0.8833500162589655
102 0.013283705954105218
103 0.0015292107109250441
104 0.9078158762807501
105 0.4617151707364491
106 0.1564479898017379
107 0.2651568526203131
108 0.7449883551065626
109 0.4049439929912825
110 0.9655760206597832
111 0.25200021486145885
112 0.9301627893041149
113 0.37388493024968417
114 0.487963458419888
115 0.6465658137692395
116 0.3786560450041164
117 0.8597363511172289
118 0.6514682023289424
119 0.626500875720067
120 0.6927118983886553
121 0.027592838434358113
122 0.7529027360747024
123 0.36611147731949367
124 0.4745113367312367
125 0.8265672774046349
126 0.37096925880249154
127 0.9454485224704963
128 0.47823050475179807
129 0.16131918413455426
130 0.9265457138280476
131 0.4505151604580947
132 0.09983352024774395
133 0.12782713246806288
134 0.4539524900931031
135 0.33628074574171785
136 0.24723382482163114
137 0.9305015076085414
138 0.14389888822459862
139 0.31657058584954445
140 0.3336519128748837
141 0.1182412957518909
142 0.8721292132016086
143 0.1435324522241227
144 0.9934433522987999
145 0.2037962975912937
146 0.23735876116445165
147 0.6442642080929115
148 0.13236630616127276
149 0.5638042983181036
150 0.5979097256960028
151 0.293319776762614
152 0.09320239046821599
153 0.7561303988609896
154 0.21852818552383912
155 0.41719292885416637
156 0.04284086414451771
157 0.03664362783266406
158 0.9171827664931705
159 0.8505119003534674
160 0.16838086349820403
161 0.9093231573159457
162 0.5362167082104445
163 0.4935602658644447
164 0.9075021828996203
165 0.001595516119425433
166 0.15304464660176875
167 0.7568720199122136
168 0.23229973105065027
169 0.42106058661346124
170 0.1926562938906532
171 0.32103258114200917
172 0.9559731041590831
173 0.020272967015586674
174 0.5075092859146325
175 0.9884489578236718
176 0.13820686907061874
177 0.6730027994438673
178 0.0499635928339478
179 0.6587363516721986
180 0.9277734473812486
181 0.7484078059064302
182 0.9782305895794612
183 0.6205004559757095
184 0.5998353892795135
185 0.4588061886569338
186 0.9088800392542361
187 0.4196777675281703
188 0.12061881346752856
189 0.6522481635133359
190 0.5572681541669926
191 0.5382294262210217
192 0.30357588026063786
193 0.9228411617296711
194 0.19182111495667298
195 0.996865990844012
196 0.5088487958684128
197 0.6197920204728179
198 0.16892771481367963
199 0.7816145223434717
200 0.8817934011002007
201 0.45038704045255096
202 0.3122658784052502
203 0.6864211743585134
204 0.3265158789387814
205 0.892638664864835
206 0.05370765883420381
207 0.7626159999994783
208 0.7668210010452647
209 0.5600853093027932
210 0.06251799716216822
211 0.0709488337114974
212 0.7596662475237015
213 0.9942389350972782
214 0.5553824730884576
215 0.8430386543940888
216 0.19516063339458778
217 0.09943228048936004
218 0.6018697786950333
219 0.4764612177255819
220 0.642343586469559
221 0.5803258693368902
222 0.5182550391941965
223 0.01133237747912852
224 0.8814228422030798
225 0.29409273911791445
226 0.8772001916337374
227 0.866127755143011
228 0.30084753362595806
229 0.38730640292552054
230 0.7516082489892203
231 0.6466121914882903
232 0.13153645509427814
233 0.451815450195869
234 0.5580381862085473
235 0.7841348122684957
236 0.9407775297571137
237 0.7043961447539034
238 0.26838786178486707
239 0.6081787252796487
240 0.41475968311330624
241 0.37173211327752453
242 0.8181226561285483
243 0.21293714546150622
244 0.221393691675267
245 0.04527779207547844
246 0.25514742599196516
247 0.13882038680343511
248 0.6640235554409095
249 0.7598207582281337
250 0.5454902537744226
251 0.45718120097256965
252 0.9118258468956205
253 0.9450648496539874
254 0.9802866129663224
255 0.3201785185405238
256 0.8241391718574237
257 0.20131504124701693
258 0.8131222147001914
259 0.4175824598024991
260 0.7736617973317768
261 0.058351711916270865
262 0.09761449346005413
263 0.06845684138352803
264 0.41740009565804104
265 0.4908405314861174
266 0.6921815001754498
267 0.8680372259482697
268 0.06444653892704744
269 0.9841315579371602
270 0.05226847122647771
271 0.908756376948411
272 0.14611085581816674
273 0.3710592909419258
274 0.7398716894342041
275 0.5992509737580799
276 0.3066230502551971
277 0.49336294656453217
278 0.5460206202317132
279 0.016317071832121832
280 0.8015730822759082
281 0.9806040540240005
282 0.7439484311729425
283 0.5421636602098935
284 0.21644635463424822
285 0.08496677757826243
286 0.26900244549452246
287 0.2629474255628709
288 0.9990602952845532
289 0.5620831530158233
290 0.5559153255483027
291 0.2344538868680035
292 0.937402042481618
293 0.046034603048691336
294 0.35487928501630384
295 0.25692338301145934
296 0.5083129248561445
297 0.23093751818295505
298 0.09493469603967819
299 0.24340289102661883
300 0.9726604443641518
301 0.4420296344133726
302 0.26650572300006203
303 0.6146376812515655
304 0.19908429067636246
305 0.8559310254041023
306 0.854485427900935
307 0.40839954298985803
308 0.4610974403056477
309 0.7127616455045558
310 0.06909326907317415
311 0.9522809637914689
312 0.8712694090844676
313 0.35205528911206285
314 0.4937982506101909
315 0.016367857988372925
316 0.6914137887094318
317 0.7999170946944307
318 0.2979212639308383
319 0.3358358149122116
320 0.4891473649490953
321 0.9366303745858353
322 0.3461002908645404
323 0.2733979836151511
324 0.9988835953801316
325 0.9819255695330386
326 0.8776228547108936
327 0.17766521329919205
328 0.5892687350540423
329 0.14938244542447354
330 0.925699951531515
331 0.6858622085336197
332 0.43926351542956177
333 0.8419441378161978
334 0.8000765609326418
335 0.8179761479202582
336 0.8815194788276742
337 0.687279827694554
338 0.7659433247059694
339 0.21429682668073247
340 0.8843938077397698
341 0.04474029867641571
342 0.5179353264644226
343 0.27944037962503354
344 0.31289194111448515
345 0.3549085140324155
346 0.1700733656475384
347 0.3133317081919663
348 0.4340225739978367
349 0.8482554231079401
350 0.2608238242217369
351 0.9332528306482235
352 0.1134950757264318
353 0.6811685668412986
354 0.7070234008258044
355 0.22094816540174766
356 0.2883844286353482
357 0.5256293998706624
358 0.7312356333891823
359 0.0649094290294423
360 0.594334422713869
361 0.0030724960186075956
362 0.5341756827582584
363 0.11034691299217281
364 0.47606471562029506
365 0.12346808561138434
366 0.8871612421325129
367 0.5779853744200452
368 0.7163933445966767
369 0.06742695859471437
370 0.8791166468245812
371 0.9677069714138627
372 0.08168064509418982
373 0.23213456571980218
374 0.7684783838353806
375 0.3241951083971254
376 0.7005469262133361
377 0.4511790866865246
378 0.2624200819312281
379 0.3091170667826577
380 0.8679106520666708
381 0.6938457875048173
382 0.5741356523764851
383 0.7980153506359297
384 0.19783958894313058
385 0.3512084409699371
386 0.29348919220700953
387 0.09996059244282673
388 0.43640304468657687
389 0.42435532633936845
390 0.4471610460427241
391 0.1841522828951777
392 0.7896576227935496
393 0.5443462313505465
394 0.12148921608906571
395 0.4900353501243737
396 0.32209544546744173
397 0.7740041071297147
398 0.6745262887365227
399 0.9961343539252471
400 0.8373281415934902
401 0.5684026753768459
402 0.8734014235177383
403 0.22768954566704702
404 0.6654758769195523
405 0.10391987901026722
406 0.25889842161073984
407 0.7943116158903548
408 0.9506754487174971
409 0.424983920008445
410 0.6612300309398643
411 0.8662551156776013
412 0.35731727063800234
413 0.5031470197507398
414 0.06930990867010445
415 0.7215432814815369
416 0.5950662068229244
417 0.35487989647246054
418 0.9903933093244116
419 0.1260595695202772
420 0.8004162289471436
421 0.8224874603261356
422 0.02777835459180522
423 0.8448543452563282
424 0.6064747194002286
425 0.48680406443401436
426 0.6513297468871495
427 0.025297773184335015
428 0.6828673189619663
429 0.45083476062175554
430 0.03890717516173514
431 0.5413427721174319
432 0.6340992333305354
433 0.4102665716761916
434 0.42635110052181646
435 0.6430448817803498
436 0.4074046296870647
437 0.5097816275348467
438 0.619498668756305
439 0.4166184466435674
440 0.7800610694395906
441 0.9733618823729402
442 0.19377311567809175
443 0.6276915417352991
444 0.07134094069114205
445 0.39228294369797956
446 0.43521019596697197
447 0.49405496150169215
448 0.9557172890765616
449 0.8562522883915553
450 0.26135526439609524
451 0.8140827855049885
452 0.14163685137590232
453 0.8211550674723486
454 0.20128542988746312
455 0.6631359080403652
456 0.7241184876399607
457 0.7211283641588122
458 0.011081018845201074
459 0.5626417175221046
460 0.21963009271741207
461 0.8531928093344129
462 0.6543913320067725
463 0.6251764120173181
464 0.6481428775645769
465 0.9894278763849357
466 0.18730952578914972
467 0.6837593769455373
468 0.5399570054203311
469 0.504685463702261
470 0.5525923766436576
471 0.8247014658022956
472 0.41383778230510626
473 0.5470940378161193
474 0.4103301769735038
475 0.06073198768797028
476 0.09819706946476836
477 0.9241128468396999
478 0.9104933270662268
479 0.10476237370293529
480 0.2484999646006888
481 0.9286547876731345
482 0.747351350639364
483 0.33452666091241423
484 0.5517717760821658
485 0.28780281674200026
486 0.9265816168457641
487 0.0744722880600428
488 0.4030260521170763
489 0.780903935792678
490 0.4229542603658454
491 0.2636572000589402
492 0.28862934553815567
493 0.8443315907197464
494 0.30980069174244873
495 0.42704229432106466
496 0.7180640888698638
497 0.6569657562714519
498 0.0010435962271651
499 0.6224508128219646
500 0.3082460229652507
501 0.7834477330876958
502 0.9623856413435957
503 0.6965992388049511
504 0.5434977213946699
505 0.4415239644871706
506 0.6203259764232256
507 0.7509872534794712
508 0.809475850504084
509 0.8553016725674798
510 0.2259922149817568
511 0.19206651149805198
512 0.530794025715959
513 0.9579966558459097
514 0.11534736537832424
515 0.1199916693811045
516 0.6297795511385078
517 0.9157612418314397
518 0.1481505139004038
519 0.09638910425410785
520 0.06774655113561301
521 0.5584382667898604
522 0.1051208564464835
523 0.5239621758076148
524 0.930364340526886
525 0.8235952254563002
526 0.47607478947065873
527 0.9693841790897215
528 0.37514441552959266
529 0.7469496819294889
530 0.3813761912848679
531 0.7658136192731063
532 0.771765250060821
533 0.3653056545831337
534 0.3348602892495077
535 0.14249831048617978
536 0.534899065426701
537 0.13737810662770722
538 0.17846184033907975
539 0.9463186801424391
540 0.47440009782861725
541 0.13339036516574077
542 0.7970986030347037
543 0.7437526438395905
544 0.9691597665257848
545 0.29608761283322094
546 0.15693144118489
547 0.721627588370721
548 0.9086283107351133
549 0.5338168635777036
550 0.8009427859829206
551 0.3411576331591051
552 0.13994908774810066
553 0.2705818061273033
554 0.18284535211497277
555 0.1421477149959487
556 0.1088458611150509
557 0.3484890537131413
558 0.12365334586791588
559 0.4428777731407455
560 0.488849735053823
561 0.8547596484410328
562 0.23481893145068555
563 0.9360642908399924
564 0.85614681166426
565 0.5284876979880707
566 0.36765652800745774
567 0.34242847300434487
568 0.8862737522502624
569 0.8915860408694368
570 0.020848575638944045
571 0.35078344799376004
572 0.12408303912183127
573 0.1438661887291418
574 0.16614593278170708
575 0.04718573309027929
576 0.10984563128528646
577 0.1639580743797061
578 0.13694686584391402
579 0.9155788727946336
580 0.5320535171466448
581 0.6657826886211684
582 0.06525895142587612
583 0.27849007869950615
584 0.12143044611105747
585 0.6745483516742496
586 0.849618027456922
587 0.7387234074330502
588 0.20085405081859475
589 0.006749896325255578
590 0.7898591965808864
591 0.7816260156706133
592 0.16233812792848823
593 0.3654065785783953
594 0.8342050000802442
595 0.20238661322483642
596 0.6549189996700687
597 0.9947839206220395
598 0.8499559140959456
599 0.4339581865059132
600 0.9362353609759759
601 0.5781008505652487
602 0.45113927025411005
603 0.16857986365416433
604 0.6657861275471832
605 0.20723307960758586
606 0.6947921262614729
607 0.8895055883978344
608 0.39929625392572143
609 0.8051795273137113
610 0.3921249507470951
611 0.059429987674322504
612 0.18131584053485106
613 0.3400683392644611
614 0.8716323067017783
615 0.7482349053077735
616 0.9271229754785498
617 0.5337353071766852
618 0.7782879383042745
619 0.4250626215892358
620 0.7351961375096963
621 0.5384163047930709
622 0.8962810912367647
623 0.48835445700969116
624 0.8779676656827298
625 0.23185261052230155
626 0.04232193914711502
627 0.8623769680057609
628 0.9812642886857343
629 0.3641161735519729
630 0.7923641155147019
631 0.6498897948988747
632 0.8217869531287423
633 0.7787193697351418
634 0.17666206745960944
635 0.3979927252989205
636 0.24717684238831394
637 0.32608185356490615
638 0.5064024464724386
639 0.007822305917119299
640 0.9546600989728522
641 0.8891847744245408
642 0.17971769439591778
643 0.6986506104086209
644 0.25195893816833614
645 0.14925055958569267
646 0.6557115717652303
647 0.7230721747697144
648 0.4681023140082684
649 0.33354403237403873
650 0.7821955732189892
651 0.7223478419070447
652 0.3819642955242476
653 0.20789899382120625
654 0.3161564365742926
655 0.7096065665965893
656 0.8928041728791997
657 0.003331344601785413
658 0.785544538125817
659 0.6734897304837805
660 0.1697769681025333
661 0.7991085499634365
662 0.8067936632976105
663 0.7059548496595801
664 0.6863287536129802
665 0.12390250524324786
666 0.5945530333367974
667 0.37533854262220534
668 0.8705865083156882
669 0.18216064018026001
670 0.6784322274652763
671 0.7894115637459828
672 0.5842973297080216
673 0.16458836187893133
674 0.7761307923565901
675 0.4230410751868259
676 0.2805672671699424
677 0.5596433676491107
678 0.3631438222424338
679 0.32120881228931986
680 0.48459529510682975
681 0.24720012233536837
682 0.7263057377194321
683 0.7305160098375448
684 0.19179345188997854
685 0.4260510689662541
686 0.19175423701516603
687 0.5609390148754844
688 0.8841291120389426
689 0.10366824277098674
690 0.7774675030826921
691 0.33448249244114037
692 0.12822109081601007
693 0.9596576584432164
694 0.7363468706636958
695 0.4385094820683536
696 0.13766610362405596
697 0.8835956372059516
698 0.3278888938507768
699 0.5689109542418614
700 0.2572681183785258
701 0.38344511235855605
702 0.684809772073461
703 0.22190984608058228
704 0.05828765025219651
705 0.3625067421419157
706 0.8255562635100804
707 0.9731775827085217
708 0.6215238711871011
709 0.470868434958462
710 0.7044572912355312
711 0.06907395078469869
712 0.6289876935875951
713 0.35157373522431945
714 0.6883403081216046
715 0.5472037791949619
716 0.08511911118103321
717 0.6222383474168203
718 0.0017578005421517995
719 0.7021170185233766
720 0.8449473679834397
721 0.3596009275031109
722 0.4925384275152954
723 0.21686143763655763
724 0.6392881872531666
725 0.18750282548139274
726 0.5351985770794649
727 0.6922296748622664
728 0.9560172086687474
729 0.8080487996078828
730 0.011819954467045535
731 0.6229259700155095
732 0.9616541458208613
733 0.9612088089731391
734 0.088319104357516
735 0.09350989461341441
736 0.6289380619683352
737 0.34987872374503926
738 0.9386054227541524
739 0.5968576371461105
740 0.3737682452932787
741 0.02542539512983888
742 0.659944100346432
743 0.4140142491069807
744 0.7988320798619067
745 0.09299987908589114
746 0.3699111381172766
747 0.936692819940082
748 0.5914351691966745
749 0.3664096974000147
750 0.8786475675117847
751 0.16230959999567052
752 0.2294950359019432
753 0.7790994248050332
754 0.3896904837950117
755 0.3463266018164627
756 0.9123551917411988
757 0.9407965401172818
758 0.39847894075002477
759 0.45780656741552306
760 0.05202094991564199
761 0.2186370583582946
762 0.32970277017369454
763 0.6514673213900805
764 0.7356143447217335
765 0.11709350593724921
766 0.482982800280355
767 0.4431558805345732
768 0.8012906980948495
769 0.532785671460126
770 0.5409415296051437
771 0.655545144105926
772 0.5575541301089083
773 0.6682621860921377
774 0.2345432030421868
775 0.4869891543798651
776 0.7198556331521326
777 0.003098806666620324
778 0.757652805164635
779 0.24885525979939582
780 0.8385516856617963
781 0.7411673366097501
782 0.17608397299467704
783 0.41528494020401263
784 0.3487472578475842
785 0.5796865450676449
786 0.3859753120500593
787 0.6342172109573377
788 0.38524208947946137
789 0.47867475329905573
790 0.14215633914361692
791 0.25964176464513933
792 0.6747446843696654
793 0.3486808781715708
794 0.29923311725212054
795 0.7824317260696694
796 0.14271356926182555
797 0.22017945689032004
798 0.6864448370090761
799 0.26073881867687854
800 0.3536306919066815
801 0.5097719337157532
802 0.9719127683505814
803 0.4808159742506347
804 0.541207324548772
805 0.4563452917046805
806 0.46272303372242707
807 0.1152662574714256
808 0.7789678839241942
809 0.6645962351461223
810 0.034355420208867615
811 0.5880987868828247
812 0.791852764960854
813 0.9638371492614908
814 0.28629019363182895
815 0.7046057051170973
816 0.015926062958771636
817 0.46675819313568345
818 0.5801957786633317
819 0.3589570232333449
820 0.7759698801611068
821 0.7958270766605264
822 0.8329200795263477
823 0.7935426794442308
824 0.8696921381788663
825 0.9342663292602496
826 0.8085786707498039
827 0.9514742905191318
828 0.4224695818142351
829 0.054055741917695466
830 0.18235335653507834
831 0.4372918363746817
832 0.6079938995900569
833 0.9751650502215984
834 0.8331849488050246
835 0.4808030836120918
836 0.717883442690029
837 0.6182301212105762
838 0.6633645330411256
839 0.0851166372900456
840 0.10726860905699664
841 0.9271436739020503
842 0.7400974560291999
843 0.23231214345692874
844 0.743554291585473
845 0.2585389770699703
846 0.7074350323266803
847 0.6188243313832797
848 0.44200809219659143
849 0.1619036523005304
850 0.22653882790249835
851 0.8974996151045996
852 0.3845183516049201
853 0.8070672681452796
854 0.6680632920361429
855 0.8144178490382712
856 0.18681110995139638
857 0.05506547656727345
858 0.40251190919579594
859 0.9459537075767128
860 0.6046108349582113
861 0.313890590193315
862 0.8127434479206297
863 0.9651855056526074
864 0.9506747460518192
865 0.8723960974285273
866 0.5873743150993267
867 0.4966419505538713
868 0.4323258531794685
869 0.36363127320608357
870 0.9446437150176499
871 0.6545100746951921
872 0.9130556413301827
873 0.37313877090150493
874 0.18337856441005873
875 0.3018103701236655
876 0.05196178851663824
877 0.9782570033591664
878 0.36101565765083976
879 0.916678315678478
880 0.3812325205225914
881 0.181225916721783
882 0.9582083074730725
883 0.7067736264272522
884 0.644583797507799
885 0.781903363728233
886 0.1053656774703805
887 0.2739721954619948
888 0.6385013417105542
889 0.22515662371191603
890 0.31854282932640043
891 0.6988776366059007
892 0.8733344211309567
893 0.35350161694072146
894 0.720420082282338
895 0.38832311953494003
896 0.602734059552893
897 0.7973200526151335
898 0.4066804923056375
899 0.40891582274399263
900 0.15762333924398986
901 0.9429928778410708
902 0.9589146700067807
903 0.31581049365089875
904 0.06483259323020929
905 0.033545647916574994
906 0.10225236723520559
907 0.6782801282302435
908 0.13072823462868854
909 0.9769099471824707
910 0.15924045128323416
911 0.6022855971863345
912 0.5266088039879222
913 0.8636619679694728
914 0.2610576785874793
915 0.5551282179051145
916 0.925337007143425
917 0.029108155589190665
918 0.24297639290926498
919 0.7084023791685575
920 0.9076223339704736
921 0.7338447394749338
922 0.7730519029547244
923 0.8328480575702492
924 0.18156363857452662
925 0.18242627273561607
926 0.541340798180171
927 0.5023360465861069
928 0.6405068951658761
929 0.651536012687956
930 0.27151909406098884
931 0.994101027457581
932 0.9219680455484357
933 0.9570588682389578
934 0.90759231807428
935 0.8084711378836371
936 0.92431677819681
937 0.35371513515703834
938 0.575459310911804
939 0.17372493659729982
940 0.6881118560162808
941 0.23142146978440492
942 0.8224118591745463
943 0.2503398096932148
944 0.15542450505357508
945 0.649303129797378
946 0.1972229830791561
947 0.003778249144515522
948 0.5831809309606801
949 0.8312893759884642
950 0.44929677715171823
951 0.8760920967593427
952 0.8055011347347812
953 0.23648163468926886
954 0.4974227842457791
955 0.45400646492071595
956 0.11520606764750085
957 0.7129920134116413
958 0.8469985993480241
959 0.304779029571807
960 0.26611025764979324
961 0.5457076253232443
962 0.319154676642878
963 0.031012300505979695
964 0.9854131903601367
965 0.9164434195547236
966 0.7960351660977505
967 0.3817299747828957
968 0.4294469418796524
969 0.4092051288376437
970 0.18355942021164995
971 0.949410650390947
972 0.21623395084896568
973 0.7137904357760161
974 0.9463091123264942
975 0.5813055970131433
976 0.024753076932425677
977 0.607715381938145
978 0.3787555460210398
979 0.1382496839518652
980 0.2635084840178026
981 0.6294600934840416
982 0.24286327359165694
983 0.645307442043702
984 0.9799401918251882
985 0.5952863514722972
986 0.5241750654203553
987 0.19597928872571013
988 0.007411203827109247
989 0.25738674191235544
990 0.8368046773356439
991 0.19532547294426883
992 0.32795103666639736
993 0.9528832407119507
994 0.44233354775852907
995 0.657248133792314
996 0.7666309155491975
997 0.051201034130334944
998 0.9384281878020736
999 0.30730499871892203
1000 0.4273911461318973
1001 0.3716009077671988
1002 0.4200652048493029
1003 0.18481060099340274
1004 0.7303366732475702
1005 0.5131613121460127
1006 0.31957111520917214
1007 0.2866139917426729
1008 0.5169617410635353
1009 0.2162596180190537
1010 0.19125480127863503
1011 0.549824820542573
1012 0.452460517054608
1013 0.45760894896127213
1014 0.42223010349981926
1015 0.13189210691121434
1016 0.8732251046272439
1017 0.9701654816775627
1018 0.22309728950392815
1019 0.5138231407124955
1020 0.3028283477563879
1021 0.2747289707464343
1022 0.2804713464920985
1023 0.4259627787562814
1024 0.09123373710550498
1025 0.1118164097567208
1026 0.13791651945480043
1027 0.9756360073830554
1028 0.01967015521523252
1029 0.3703971072126223
1030 0.7126656330143324
1031 0.6420895082834317
1032 0.25755453751975954
1033 0.22433542386062644
1034 0.3525743164657683
1035 0.99655099291865
1036 0.7580409102928386
1037 0.2078943474797731
1038 0.4910792633978769
1039 0.10385763382827229
1040 0.03521926400361486
1041 0.3884120711158472
1042 0.2675011356895336
1043 0.5669877042891922
1044 0.27868346346445316
1045 0.6272705593006157
1046 0.44585221125178376
1047 0.08696282434781266
1048 0.9301324689683474
1049 0.15953344436831607
1050 0.5873795346671788
1051 0.2279701534408506
1052 0.17186437980733626
1053 0.36813831599371005
1054 0.7103947591571202
1055 0.8011877012016781
1056 0.25846828764142593
1057 0.6802860581686273
1058 0.6055117541603491
1059 0.9106778041188115
1060 0.26071431432429903
1061 0.9716780642627733
1062 0.5652338257428641
1063 0.24084744686025306
1064 0.5845871344585192
1065 0.7285096559809555
1066 0.533902522261855
1067 0.6073562448487428
1068 0.5786040286489111
1069 0.487635978421062
1070 0.5873401755282573
1071 0.14198611206829304
1072 0.649003738043778
1073 0.7520844599097887
1074 0.2110886922647407
1075 0.7368693206774368
1076 0.565087243311231
1077 0.6620957608579084
1078 0.06196797486269934
1079 0.5346045916597848
1080 0.055937725721049825
1081 0.1911328415221527
1082 0.7697464195243189
1083 0.3181733381031815
1084 0.37494161287517014
1085 0.5318056225074703
1086 0.8640377437870289
1087 0.628201570770659
1088 0.23997792752049185
1089 0.6384168431031296
1090 0.09610755484844069
1091 0.31499500443298645
1092 0.444839263995504
1093 0.6008417255085328
1094 0.26609392127811793
1095 0.018908702217778295
1096 0.4813916925796299
1097 0.6387128930007967
1098 0.1632164439382433
1099 0.7649942300872742
1100 0.7121777292202233
1101 0.025389120649747743
1102 0.3798685630872043
1103 0.4565013540437107
1104 0.9896104400573916
1105 0.17794446639555528
1106 0.5700581920164527
1107 0.5566930304060669
1108 0.13060300715888262
1109 0.482421960978048
1110 0.1884820990612398
1111 0.6595660017311918
1112 0.32442292372467785
1113 0.16285468335048725
1114 0.8685897545288372
1115 0.9674517672359896
1116 0.37675557439205953
1117 0.6480634504699164
1118 0.3763126021024604
1119 0.9171056264385317
1120 0.6744069629634222
1121 0.44199949862016097
1122 0.5107052185296951
1123 0.3257741084131518
1124 0.8927709530827099
1125 0.46140761461705004
1126 0.41356484583273945
1127 0.46486440982670496
1128 0.7621314844161499
1129 0.16884299078678588
1130 0.4971663599654891
1131 0.4112216101451007
1132 0.659065816126727
1133 0.5995834933871327
1134 0.6025700890278697
1135 0.8746528260590599
1136 0.3956596493697323
1137 0.5577359043900366
1138 0.060529685005318856
1139 0.4552197697934852
1140 0.34194101773665064
1141 0.8398434038270012
1142 0.042848377978398355
1143 0.9449545780065772
1144 0.9358845013334114
1145 0.3335588259595771
1146 0.9641014802165995
1147 0.8560360591798536
1148 0.7105328218684789
1149 0.23445622294620394
1150 0.721964029170677
1151 0.8310964260855498
1152 0.19922854219414254
1153 0.42581109546254026
1154 0.24895184876663823
1155 0.9712118678726105
1156 0.46764338110940107
1157 0.2741873008953368
1158 0.18920598658720322
1159 0.40326230460655144
1160 0.5652381722204309
1161 0.7079268117232518
1162 0.5110190413816397
1163 0.6007292167548424
1164 0.8889820439102083
1165 0.4661458731207675
1166 0.519124081098365
1167 0.07063293052375685
1168 0.30860439484712743
1169 0.8325991748884867
1170 0.040335454124605596
1171 0.024193448624720948
1172 0.915348460823816
1173 0.0017815144549075956
1174 0.5219525062650553
1175 0.5599320833966437
1176 0.42514120580009984
1177 0.4638941594170952
1178 0.4044064303603033
1179 0.7053135086368338
1180 0.5922887770610088
1181 0.4408106751869978
1182 0.40795170938761993
1183 0.3866610520257834
1184 0.47125256830434437
1185 0.4569353343619955
1186 0.30777308250657653
1187 0.02696067115886336
1188 0.0017563365102594153
1189 0.5868546856113722
1190 0.36270004937350986
1191 0.007302001891656196
1192 0.18641949079200126
1193 0.7859404593449183
1194 0.8097905615128183
1195 0.6700872438955756
1196 0.08030796846589605
1197 0.9805705000661676
1198 0.7403663979073608
1199 0.8907722282447758
1200 0.9182383696241598
1201 0.2713914569250643
1202 0.23265277359803938
1203 0.49978621761325126
1204 0.9683671853539205
1205 0.6860552614856362
1206 0.8319949237371589
1207 0.9974098180080594
1208 0.11954183757143633
1209 0.4071190528637334
1210 0.3416951137503853
1211 0.07177354877871267
1212 0.7850855042607835
1213 0.2963060990400612
1214 0.4158333483189275
1215 0.403772409668248
1216 0.4371334370294001
1217 0.8380829920820899
1218 0.6300059994536977
1219 0.12257376777459372
1220 0.9733331982026768
1221 0.333516306941659
1222 0.5467359051830118
1223 0.061530297023629776
1224 0.16166720225164088
1225 0.28962954649721817
1226 0.7893790647156148
1227 0.6566906372579135
1228 0.6093506228854253
1229 0.46998929463872474
1230 0.2916722540114929
1231 0.9287348730608741
1232 0.0582036111375831
1233 0.9990071107749211
1234 0.6996367159064228
1235 0.4940438140939206
1236 0.3215915664535677
1237 0.24545135961885722
1238 0.3683736190427128
1239 0.9617439056973927
1240 0.8469730281107428
1241 0.9499215202280336
1242 0.5183565444047022
1243 0.3909530233654295
1244 0.713289566813034
1245 0.20654466559294027
1246 0.8941473953418594
1247 0.7060846640137741
1248 0.8538778527553746
1249 0.4609120731632147
1250 0.7030318861548477
1251 0.09795067553787551
1252 0.43327880048820144
1253 0.6442816784463917
1254 0.7018913360914013
1255 0.47453651337257907
1256 0.6002648310233296
1257 0.9283296013323483
1258 0.04769770275754004
1259 0.9677044129285698
1260 0.28960050994947717
1261 0.355242256464843
1262 0.9303389891234156
1263 0.3507138415858507
1264 0.35149848290875185
1265 0.7746978911664837
1266 0.066052992241864
1267 0.9763308220341819
1268 0.05042632750303144
1269 0.10229465467134025
1270 0.8455669221528928
1271 0.5064306588561441
1272 0.8938671108530144
1273 0.9032396578874107
1274 0.3031111202069853
1275 0.27138144768764494
1276 0.8268297979549553
1277 0.7006217515409393
1278 0.10079579981483211
1279 0.5711284265574267
1280 0.05935267805364941
1281 0.20934820381145025
1282 0.4074090783164055
1283 0.6097823977525767
1284 0.18193722717346883
1285 0.90483355676411
1286 0.8915159488217616
1287 0.04164779447897837
1288 0.7677954770472901
1289 0.9497863429201654
1290 0.04580727689954689
1291 0.29900894999789007
1292 0.36098928542132347
1293 0.5229476883044306
1294 0.7129689304521106
1295 0.970626211380577
1296 0.6059852875223117
1297 0.020393372835282975
1298 0.9929107668849735
1299 0.504776040078757
1300 0.28684435102099337
1301 0.4330184378377353
1302 0.6770163005784531
1303 0.4218019171187454
1304 0.213209951181769
1305 0.4430818625370476
1306 0.9771433413578121
1307 0.03852633283924112
1308 0.21545512008234646
1309 0.4281961947745806
1310 0.5954269199838573
1311 0.4305061247301498
1312 0.992792727336193
1313 0.6129049401057519
1314 0.11550574724180318
1315 0.9879968378191484
1316 0.19584957961410088
1317 0.06599833224093143
1318 0.28661380891084565
1319 0.45762441482199134
1320 0.9191496625206453
1321 0.1059759605843702
1322 0.019049196628225795
1323 0.8041452719915135
1324 0.7291475940772737
1325 0.9475726323149394
1326 0.8128521395591978
1327 0.5753085769607712
1328 0.45989827076037093
1329 0.09902120098913958
1330 0.9010954157027071
1331 0.7077177341102986
1332 0.2711444336699259
1333 0.10273471897316211
1334 0.6050092487183916
1335 0.8727202258830757
1336 0.8825486758230596
1337 0.7013472315980158
1338 0.2702346666613198
1339 0.5287385733197553
1340 0.47299238264270327
1341 0.4065607474074494
1342 0.6818183015038205
1343 0.8200873154610563
1344 0.46530856423611977
1345 0.7500040948315859
1346 0.040132719796658
1347 0.3422040089544479
1348 0.30451183789086256
1349 0.2033162444711405
1350 0.42072648093199794
1351 0.5793551092142447
1352 0.38153313765988084
1353 0.868925501272112
1354 0.13817815899122932
1355 0.5132604363354524
1356 0.45466292436357314
1357 0.5635030120174699
1358 0.5873493119521473
1359 0.4997123056172872
1360 0.2773513314387389
1361 0.842827360399801
1362 0.9450014075807882
1363 0.015149042546952596
1364 0.653709179097216
1365 0.8498045930080552
1366 0.5805620170211305
1367 0.2862742867771706
1368 0.8119995847787113
1369 0.6066457736355891
1370 0.14689634373488591
1371 0.1331977042516539
1372 0.8116041590501166
1373 0.5177121898026222
1374 0.10025944478388726
1375 0.5802040173661688
1376 0.6803943474170255
1377 0.4012959488305671
1378 0.8331763020991952
1379 0.9181414264507856
1380 0.11713265120530236
1381 0.3266117654758405
1382 0.6948156701120135
1383 0.9385523612184081
1384 0.8874746305839544
1385 0.8965330818349483
1386 0.9204951445823704
1387 0.002052748732527143
1388 0.49233739227278595
1389 0.3871141058137134
1390 0.8952745462923326
1391 0.45209885656634086
1392 0.2938457796719377
1393 0.3316965972314804
1394 0.23616507037213064
1395 0.6401631916501171
1396 0.04676276039112881
1397 0.7204084759778498
1398 0.8933024938826006
1399 0.48947424793844674
1400 0.7022558434674295
1401 0.9751188311191061
1402 0.842502153537132
1403 0.09185717722405906
1404 0.42604656222662274
1405 0.2554217910510931
1406 0.9699347101686515
1407 0.3058459274531623
1408 0.004435590700643366
1409 0.45297971939512627
1410 0.4342310622324781
1411 0.7041193844509734
1412 0.19939117670416695
1413 0.43956389719992917
1414 0.13214606138838336
1415 0.5044477101902267
1416 0.15783376483546774
1417 0.7483882987501902
1418 0.8909800298218215
1419 0.3107171600780274
1420 0.6804455438466293
1421 0.8888407560072827
1422 0.6642780875260499
1423 0.589235029319219
1424 0.011778322380922135
1425 0.9214726359784293
1426 0.3168974648786811
1427 0.8103988486679414
1428 0.8261287607678675
1429 0.7531165086907311
1430 0.5513529273568418
1431 0.09694689371008991
1432 0.25259541700977994
1433 0.8512593280931872
1434 0.1494213225339912
1435 0.03738972926873019
1436 0.1079270191653604
1437 0.7223056092627161
1438 0.9813060033271566
1439 0.04685583526649162
1440 0.9872170610302421
1441 0.5501237939698896
1442 0.169232691187733
1443 0.2874662811521467
1444 0.5001948773256228
1445 0.8492764429320421
1446 0.38316825159879764
1447 0.6964871365526483
1448 0.7348088018131946
1449 0.8515924627536043
1450 0.4934245158859877
1451 0.11289053299021112
1452 0.9799922061075813
1453 0.6152477603642679
1454 0.7082292823570853
1455 0.8415884094923752
1456 0.8459487097993832
1457 0.5222785342382515
1458 0.8839170837446164
1459 0.2494854638029541
1460 0.1829879434781171
1461 0.9134588002078993
1462 0.9112128592081511
1463 0.1486311360859559
1464 0.6188888294245218
1465 0.09873208117888788
1466 0.9531512597761318
1467 0.7891326959566938
1468 0.10996216842830775
1469 0.8768947061754724
1470 0.8384957474892678
1471 0.2581249066473592
1472 0.6324304715430583
1473 0.9999859675783479
1474 0.09909076322483779
1475 0.9609739030313929
1476 0.028437293568445376
1477 0.7258484165602367
1478 0.9804013724715528
1479 0.6470262570801469
1480 0.06494443163338337
1481 0.7165789862090166
1482 0.25156491235105927
1483 0.1345970014730622
1484 0.9639702225064904
1485 0.061100118387469426
1486 0.794599240421349
1487 0.4885225948253974
1488 0.01906760922275863
1489 0.12683704121050732
1490 0.7619828073945725
1491 0.9084885264980148
1492 0.42563612974700804
1493 0.27849576445609425
1494 0.5576417944676195
1495 0.997473182055217
1496 0.12160695635255614
1497 0.2411941143001416
1498 0.018450372207476584
1499 0.39703329841783896
1500 0.26023559745653624
1501 0.03070557410628283
1502 0.951669546482952
1503 0.9997880159224557
1504 0.918182416786597
1505 0.925333922393395
1506 0.6183215893650666
1507 0.07934277240131538
1508 0.7797559381957879
1509 0.9119442171343884
1510 0.8433160749691193
1511 0.7140257474257535
1512 0.8321396869256383
1513 0.4029336102904333
1514 0.18021498416649862
1515 0.8231931852927261
1516 0.5566183709094081
1517 0.7914333409205678
1518 0.9618438121111832
1519 0.9834924994300717
1520 0.7072644675813742
1521 0.5887907662055115
1522 0.1275265656739386
1523 0.9473548850522006
1524 0.5312419463289174
1525 0.4713884158619249
1526 0.43354217273818296
1527 0.4471219877943595
1528 0.2038288662096458
1529 0.5531150218389762
1530 0.025470898600174263
1531 0.4355939340858048
1532 0.32645567301272227
1533 0.5953104176155
1534 0.37941907501426364
1535 0.3874189477075419
1536 0.5675020881428057
1537 0.6677653981087722
1538 0.30368101500448075
1539 0.6656274390862429
1540 0.9132900307514681
1541 0.9823640604736162
1542 0.03321723423493572
1543 0.24374658955944295
1544 0.5406556666389968
1545 0.23521479980222515
1546 0.44639865334220585
1547 0.26631363159665344
1548 0.022679091594618006
1549 0.8136238379833886
1550 0.08678621249709362
1551 0.029239706468220827
1552 0.4355952138260999
1553 0.6510226489016473
1554 0.9822862863365055
1555 0.9663581295666278
1556 0.9476046661945297
1557 0.34596875811845773
1558 0.219842045201739
1559 0.13962440366008855
1560 0.6392496352621052
1561 0.4005971716032489
1562 0.8558917770171828
1563 0.5478175754762853
1564 0.6302133902501098
1565 0.0794073643908837
1566 0.02114489816681664
1567 0.2922258706572204
1568 0.06884917179147187
1569 0.44102857465205925
1570 0.01279720635144832
1571 0.26768182052721234
1572 0.17843834010967297
1573 0.5536142654873873
1574 0.7581267923759447
1575 0.5834453825364563
1576 0.3481233231779406
1577 0.768774022515313
1578 0.28048297258187616
1579 0.3608160069382941
1580 0.20665635308540442
1581 0.19945916132084485
1582 0.7020000215037995
1583 0.9029877500490262
1584 0.7235501587543942
1585 0.22397618000822905
1586 0.8769386386411469
1587 0.4875438296039517
1588 0.6449120380420249
1589 0.921309953159676
1590 0.9653779490666506
1591 0.19312060602958414
1592 0.990188136625457
1593 0.8321961797405714
1594 0.12905132228504856
1595 0.23915299387669098
1596 0.9112401062974744
1597 0.3358909480777694
1598 0.059439220120739766
1599 0.29124657652141983
1600 0.9466215864861388
1601 0.23434232451250436
1602 0.23280348529293848
1603 0.06460447110643697
1604 0.5916170605522764
1605 0.8434774995184285
1606 0.6276665900692571
1607 0.3440697016943963
1608 0.14855140227531027
1609 0.005576002426320725
1610 0.1373108046184235
1611 0.23172653144566002
1612 0.022073432301145446
1613 0.9572083102818174
1614 0.06319181528254503
1615 0.03163744555512382
1616 0.9805618240558315
1617 0.9139757895664282
1618 0.884731810476113
1619 0.6861748500789632
1620 0.41749805992891387
1621 0.5662967769822934
1622 0.9667777410370562
1623 0.08953938385443672
1624 0.3155948478895404
1625 0.41974107645314107
1626 0.9880801456105542
1627 0.9214400761680676
1628 0.44166544148215037
1629 0.058922281910140595
1630 0.652468785608534
1631 0.8675437229271694
1632 0.2816633144622782
1633 0.9657166327069185
1634 0.6789711977884269
1635 0.22318392970286938
1636 0.36301745315286815
1637 0.48058314662021717
1638 0.15794117209178515
1639 0.9129533721686475
1640 0.905334133270769
1641 0.8600191704571142
1642 0.10733374369327375
1643 0.9011851484942778
1644 0.19073068353253386
1645 0.15369213083028965
1646 0.4665841589365697
1647 0.8169622385951524
1648 0.6515126707747911
1649 0.8015470154580728
1650 0.8251184233190667
1651 0.37217673047911937
1652 0.43560084603612936
1653 0.4341958556754397
1654 0.8983433301993402
1655 0.8122934140387112
1656 0.12905973697471618
1657 0.34915463935063595
1658 0.13603397361452818
1659 0.20685523477927237
1660 0.3902750650690584
1661 0.5309994744855715
1662 0.8763575913811262
1663 0.860400273600758
1664 0.4817722658730754
1665 0.8852728118546033
1666 0.14334240717515911
1667 0.5043439815660888
1668 0.07336387831626368
1669 0.5639776795597625
1670 0.5264205667728425
1671 0.2165117759354066
1672 0.23425908702732978
1673 0.8747558059552452
1674 0.5777447725400469
1675 0.20739096632633214
1676 0.2319635048571853
1677 0.2863535394678398
1678 0.8162982602451606
1679 0.7108033937688177
1680 0.6122429507077275
1681 0.46973698856412127
1682 0.7373882721084734
1683 0.22158288899643175
1684 0.04712033324463549
1685 0.1472259796814418
1686 0.191933593447831
1687 0.23397465975159148
1688 0.6068199579982655
1689 0.7612738050342052
1690 0.1220263667828172
1691 0.4518565829478618
1692 0.43676846982386297
1693 0.6200278108468804
1694 0.9175698100154671
1695 0.16551474860008952
1696 0.3022080128400547
1697 0.2285638252856964
1698 0.5933628296172816
1699 0.11958908782825184
1700 0.10067142971195264
1701 0.9726948418305819
1702 0.576823173480164
1703 0.7329372221846508
1704 0.2365150226720124
1705 0.18651252464639356
1706 0.14361126582023598
1707 0.9735475096800045
1708 0.7018999655538277
1709 0.9053278402883908
1710 0.44173686553157554
1711 0.5402654702793107
1712 0.8150585019210846
1713 0.2824346385263641
1714 0.6043011433460892
1715 0.25798003900089994
1716 0.8293762894605508
1717 0.7311284664853801
1718 0.6668471009206912
1719 0.7540495787502184
1720 0.045767759482337134
1721 0.34266989069065434
1722 0.8773616204564822
1723 0.5511293670260095
1724 0.6360167652025802
1725 0.026390235312297783
1726 0.515292508831166
1727 0.685196478272328
1728 0.11619966133944537
1729 0.11989462877597001
1730 0.5205145199605238
1731 0.8374495505204309
1732 0.29700385505490023
1733 0.9253259973037404
1734 0.07399844521495758
1735 0.7548941873079432
1736 0.5816996188525007
1737 0.7419104424865532
1738 0.7690076545574708
1739 0.42680803474874673
1740 0.6827187501661673
1741 0.48551310536289405
1742 0.16496711455277124
1743 0.08291147344546912
1744 0.184238667203791
1745 0.9126910522460284
1746 0.3257196220235773
1747 0.5839534751287857
1748 0.8908658786307261
1749 0.7997373929194831
1750 0.4097049643703885
1751 0.18655446953827082
1752 0.5714582770778939
1753 0.16646893862121137
1754 0.5016675354368348
1755 0.9815311789942964
1756 0.5323206232780895
1757 0.7800175102053776
1758 0.6538185066428638
1759 0.5285610695530892
1760 0.4354536523080318
1761 0.7256425309080794
1762 0.5389488295330718
1763 0.3399269048316621
1764 0.9152313017977042
1765 0.7895905730111479
1766 0.20880985805431107
1767 0.9022146480184969
1768 0.8408273577307014
1769 0.7632855518557651
1770 0.19814831781448783
1771 0.8672208329646842
1772 0.5219068827746266
1773 0.5486404098376934
1774 0.6181032352016506
1775 0.8919583377647763
1776 0.7615439331229817
1777 0.1210397467007045
1778 0.9422419469778979
1779 0.3625323332938547
1780 0.42302167651844835
1781 0.9895499653032638
1782 0.9043336743582968
1783 0.8977908510521574
1784 0.09611727040930607
1785 0.7831719899897761
1786 0.2990282668215697
1787 0.09603735151472637
1788 0.5236679601710321
1789 0.9874586167287788
1790 0.5049291746332537
1791 0.46172553326421595
1792 0.6806615217708106
1793 0.6575773485418462
1794 0.23411908454966923
1795 0.8289392554886379
1796 0.785788155955009
1797 0.14190616292743852
1798 0.35301758629566327
1799 0.8845934479988519
1800 0.0693373083934663
1801 0.4645090567736563
1802 0.616520373787263
1803 0.5866745832107919
1804 0.8215176338073067
1805 0.03534423467095027
1806 0.8106894207485326
1807 0.3714720858761028
1808 0.10172387082823553
1809 0.7838170050912084
1810 0.10883479546618324
1811 0.048634958732036826
1812 0.5019693772800494
1813 0.644296848605463
1814 0.4116478666687797
1815 0.19402069706088787
1816 0.5266490573593293
1817 0.5614754517034273
1818 0.06411710206038068
1819 0.6676862524009027
1820 0.47599178511877493
1821 0.8289510701563698
1822 0.6202772707537128
1823 0.6080037578635502
1824 0.20200781370555032
1825 0.6261818789342164
1826 0.26141347685726557
1827 0.8827665274537232
1828 0.7434308846532118
1829 0.07695902290733247
1830 0.06416146444862991
1831 0.5142835341633907
1832 0.6401009437909264
1833 0.016807682037948357
1834 0.5620164448221128
1835 0.03784363325255591
1836 0.6774282368611451
1837 0.9272326495769435
1838 0.9470826810055913
1839 0.10156321476515795
1840 0.9180248868660059
1841 0.17148221671373487
1842 0.8184660714659029
1843 0.8705141585620878
1844 0.14028563787725656
1845 0.7495124248254759
1846 0.5995331371520493
1847 0.9591617487970403
1848 0.222644213660795
1849 0.2790914074135755
1850 0.6183292278347071
1851 0.6835245232088513
1852 0.5874280085661794
1853 0.8054911493436553
1854 0.3737697182455806
1855 0.3981016888967728
1856 0.549677788016384
1857 0.3439721818694129
1858 0.6947878689989876
1859 0.5624957799529064
1860 0.3039957929984898
1861 0.7672742564239021
1862 0.34044359532425006
1863 0.9687913009542737
1864 0.3264299763012769
1865 0.7645839115824489
1866 0.08606756026853524
1867 0.25313331469724665
1868 0.1685977284576523
1869 0.11895776791655899
1870 0.49383556310613497
1871 0.41358202609058525
1872 0.9776980969286322
1873 0.4769381162491707
1874 0.3757377573049627
1875 0.5612026368854742
1876 0.5887558517090266
1877 0.11710511470471507
1878 0.4227289049957983
1879 0.5424828909176633
1880 0.7043875295333302
1881 0.9635678577366004
1882 0.595914679476704
1883 0.38855250036706723
1884 0.5025733135863071
1885 0.2359042789751068
1886 0.6539504325902107
1887 0.770312780395434
1888 0.9943653110466267
1889 0.6788178059097344
1890 0.6253985732010783
1891 0.7684665838336857
1892 0.5911568740770858
1893 0.27278621264838554
1894 0.1256113492797143
1895 0.3035719085603411
1896 0.6350840778115644
1897 0.6912363646707845
1898 0.16477592894689164
1899 0.5136252616784832
1900 0.0963248511285848
1901 0.5402859370921695
1902 0.49707905482310777
1903 0.21531385592722108
1904 0.24750705431702935
1905 0.5938511906904739
1906 0.6205187243136131
1907 0.33995816539064894
1908 0.8881320600791212
1909 0.8199277478667463
1910 0.25271120521631685
1911 0.8962994119811794
1912 0.6108655975163384
1913 0.983109143013712
1914 0.4801110407937622
1915 0.5796694314155959
1916 0.6767428522124798
1917 0.003915385734459265
1918 0.8063831372831514
1919 0.6207131519770507
1920 0.297780615706433
1921 0.05726216738325596
1922 0.010235163887449161
1923 0.8467162983401172
1924 0.5131836030762397
1925 0.6004087243425171
1926 0.06384008406632047
1927 0.21472458996014565
1928 0.38927885684350305
1929 0.13498011621077932
1930 0.3600477004402166
1931 0.26802268856260403
1932 0.9735056920060057
1933 0.5281681561852221
1934 0.14990531279894925
1935 0.06617453175206045
1936 0.2892356162391183
1937 0.14497188137908434
1938 0.40157748759699985
1939 0.1437089812000334
1940 0.6708906736738777
1941 0.8763478025722642
1942 0.25757541036909304
1943 0.963668313353061
1944 0.9077748510621069
1945 0.387396146278685
1946 0.8892762668276092
1947 0.14961890358666075
1948 0.9902282137165322
1949 0.5552190793863658
1950 0.826034168432456
1951 0.5033570476937177
1952 0.7331581398315496
1953 0.11784290329449754
1954 0.7707533833264893
1955 0.4454253516131529
1956 0.18969876493273174
1957 0.013605513388921686
1958 0.5046160323154928
1959 0.05168797659143498
1960 0.5616934966778752
1961 0.7546670058929624
1962 0.7307258642217694
1963 0.30159582039193944
1964 0.2638916678643438
1965 0.4488102738016978
1966 0.6097505733146783
1967 0.5024054904288067
1968 0.9051957840312248
1969 0.7604550281852052
1970 0.300215143346942
1971 0.10849902452951787
1972 0.21299027227107514
1973 0.18481773860632622
1974 0.03191922420560567
1975 0.31608366654028286
1976 0.345529293929818
1977 0.4984066787648175
1978 0.11302154014102139
1979 0.8809340078896796
1980 0.6125550389844865
1981 0.1445500760019195
1982 0.7996553128846058
1983 0.5804720303851088
1984 0.3557643384650375
1985 0.6144120789487709
1986 0.14150779768342492
1987 0.6213625994220761
1988 0.6284362559043947
1989 0.5919603765293808
1990 0.7576189543315126
1991 0.07993541284476458
1992 0.3574786654251224
1993 0.7456058914497212
1994 0.993722988595103
1995 0.15512701412899021
1996 0.8713472456668411
1997 0.5697434280614413
1998 0.06577785816800963
1999 0.612269257545579
2000 0.03373541299431704
2001 0.6061800640936332
2002 0.6038980267569362
2003 0.3009334035906691
2004 0.7356295124822195
2005 0.7084453487920365
2006 0.4767253065263778
2007 0.041171869942933204
2008 0.16726821840369144
2009 0.7512357946313738
2010 0.8983440563240219
2011 0.48988277514247336
2012 0.1167410260477072
2013 0.33275346099669456
2014 0.5981665755699166
2015 0.8226543883730227
2016 0.523405499864283
2017 0.569456548313429
2018 0.2687847548211927
2019 0.1963305982142587
2020 0.6519989037680765
2021 0.04074765795045232
2022 0.5976051671385681
2023 0.9936701848754331
2024 0.5472643553154215
2025 0.30538303975019554
2026 0.9351540676675504
2027 0.7938562561549258
2028 0.879107741343097
2029 0.18189428169652366
2030 0.056259892893017915
2031 0.8612447218616547
2032 0.8947461494729523
2033 0.1620713625264928
2034 0.5298906269821915
2035 0.6996234906892
2036 0.9570048455050241
2037 0.9095640099213929
2038 0.9292442146837044
2039 0.8803870285404072
2040 0.06686418055615517
2041 0.7849160051071898
2042 0.48575984302768993
2043 0.9204134071115077
2044 0.8435536264149621
2045 0.7338550303998818
2046 0.8190390399802034
2047 0.4590643670672877
2048 0.6669355354309772
2049 0.6774183628078885
2050 0.05923509250686387
2051 0.36361097129717646
2052 0.07461626194057147
2053 0.750502397768834
2054 0.019290160020582703
2055 0.6785209915592875
2056 0.050167606504761486
2057 0.3496823726088498
2058 0.07146937204900239
2059 0.5264263505689877
2060 0.5390371967977082
2061 0.971655305578379
2062 0.035961805187675
2063 0.16722232407253323
2064 0.3851711481420955
2065 0.2504186181935809
2066 0.6988883866156654
2067 0.42663242438007987
2068 0.8940684174151131
2069 0.43430308642303583
2070 0.5428771550945767
2071 0.6167061733901169
2072 0.3969306961142457
2073 0.783237749679308
2074 0.8954365380197781
2075 0.8880996752901988
2076 0.515767909042547
2077 0.012131576244071463
2078 0.9786776429647683
2079 0.6776215682097274
2080 0.3107638329710306
2081 0.9580148559933978
2082 0.27850701425613034
2083 0.5444096744375865
2084 0.12890243712716454
2085 0.10659076736407946
2086 0.24223155651303918
2087 0.22423707644711044
2088 0.7668003538155999
2089 0.47810583552862584
2090 0.5605871691655251
2091 0.17382829002711764
2092 0.51088614143491
2093 0.6429551702783601
2094 0.19352400588061025
2095 0.22569957712583855
2096 0.7245129420308402
2097 0.3141970379529082
2098 0.8586504601859068
2099 0.22892031732471207
2100 0.9142857645667609
2101 0.047158114237870086
2102 0.9170588278858619
2103 0.712324678566586
2104 0.6268301039640701
2105 0.06556955808251896
2106 0.4633262901749081
2107 0.6740861594897355
2108 0.10242432372157084
2109 0.1291812203838082
2110 0.9548039979551618
2111 0.5752001442271614
2112 0.3433629944704887
2113 0.6595592237264128
2114 0.8998789092984383
2115 0.49430229498831724
2116 0.14261393559662583
2117 0.04878032962267109
2118 0.9657118268003558
2119 0.18738372107216716
2120 0.6622772772028095
2121 0.18999368076241818
2122 0.36302662611220105
2123 0.48834657070123133
2124 0.3515494170131519
2125 0.789329051946617
2126 0.5188450736231626
2127 0.08497621773348008
2128 0.350341226864452
2129 0.9453877738151087
2130 0.8576325806883166
2131 0.20978961688501463
2132 0.037393736236337904
2133 0.8155612119373934
2134 0.9771402156601302
2135 0.1963514732095798
2136 0.050681343973592696
2137 0.927678469333932
2138 0.6272984555738019
2139 0.1690335497598372
2140 0.9330865873998225
2141 0.8409936924347933
2142 0.6788392368163956
2143 0.3578242496294357
2144 0.5377767415095104
2145 0.41228066100242944
2146 0.7028920719592815
2147 0.6596794292461542
2148 0.46540740887336807
2149 0.8808103327097049
2150 0.8736211528501628
2151 0.10403741415749657
2152 0.09922356653794862
2153 0.35024479880332327
2154 0.6530405523184883
2155 0.8225044662602989
2156 0.2543240509284479
2157 0.01598882270697599
2158 0.1204643750858202
2159 0.9713495702253622
2160 0.0638006640328651
2161 0.6632981361557228
2162 0.8686199149405385
2163 0.8103303502334998
2164 0.487158257078274
2165 0.5444513912591884
2166 0.10427136108560964
2167 0.8025044510126199
2168 0.7453678130465169
2169 0.7325503054812254
2170 0.9632725059440577
2171 0.1670640116394465
2172 0.06209941031615329
2173 0.4450206859441812
2174 0.0782867809176403
2175 0.7908632428130044
2176 0.32212767539002507
2177 0.6316446664378768
2178 0.12198360358172122
2179 0.7841919592268882
2180 0.6455974776607003
2181 0.3299620522693495
2182 0.3893402227670648
2183 0.25248123316474835
2184 0.42078274972346585
2185 0.9051369790943734
2186 0.47974825024699763
2187 0.048009380082521314
2188 0.03816693950792083
2189 0.31189354280033355
2190 0.7929450465078203
2191 0.3643098843260604
2192 0.42511871708678983
2193 0.9428819894667033
2194 0.8623597289480439
2195 0.0408655669037411
2196 0.49313216781211844
2197 0.4608447968618987
2198 0.5152843121242054
2199 0.3568057195240165
2200 0.7785451652968132
2201 0.25120990437270263
2202 0.47135082161692854
2203 0.9097065402315507
2204 0.8828463599706017
2205 0.7772461586815236
2206 0.2691151606316967
2207 0.899227055502573
2208 0.8001250856921639
2209 0.1716735143900765
2210 0.34511925856855064
2211 0.7651963331656544
2212 0.8569146190940161
2213 0.8566291373505955
2214 0.6806230437728535
2215 0.665900125260183
2216 0.7836245543345179
2217 0.8481472936728502
2218 0.6782683549163994
2219 0.7246980968846695
2220 0.3869527436448946
2221 0.6718196435289548
2222 0.8342567703557816
2223 0.32173560215098307
2224 0.39911349195911117
2225 0.4930599879204407
2226 0.33119434011707016
2227 0.9623965019440675
2228 0.3424129504256004
2229 0.1484050839159451
2230 0.8925757580604233
2231 0.4152769276789965
2232 0.6666490712450539
2233 0.2535416392747021
2234 0.11195142860474538
2235 0.8798421242881992
2236 0.9920076990174849
2237 0.45925660685268
2238 0.998140853460918
2239 0.9175614914122276
2240 0.021572762555980618
2241 0.22826638807578337
2242 0.662426100434654
2243 0.7601999242483658
2244 0.5752628789053382
2245 0.21388784084900558
2246 0.9144797738131728
2247 0.3950762516106071
2248 0.24095259417214343
2249 0.43577236533059904
2250 0.030851557940330787
2251 0.5194822317918077
2252 0.33873175835695335
2253 0.9684313225423193
2254 0.11315851100414376
2255 0.055088688532466845
2256 0.25070146170228824
2257 0.7850399487695274
2258 0.26269387947775347
2259 0.4180479514128034
2260 0.6814007104227203
2261 0.7320137398148882
2262 0.2639899821799696
2263 0.15163455235363887
2264 0.08290311485048818
2265 0.34910949517946077
2266 0.5919409331187263
2267 0.8456491822417109
2268 0.3038181225756531
2269 0.3953114324459862
2270 0.3354110811849399
2271 0.49044351373069284
2272 0.5028768722931084
2273 0.49251975483359556
2274 0.0648255043113638
2275 0.5433063483649558
2276 0.5054777512259263
2277 0.25706740268536643
2278 0.7620594823836674
2279 0.021084305602275033
2280 0.07551232776262806
2281 0.6533486991042782
2282 0.6780135141055277
2283 0.8752933553067636
2284 0.024987592354195565
2285 0.07435074913316164
2286 0.38658141805367086
2287 0.7546099799723248
2288 0.6904053439626558
2289 0.8306371698671694
2290 0.3632890874348742
2291 0.01451366649996233
2292 0.06755579026810088
2293 0.3123403053039525
2294 0.13270157975506136
2295 0.4949852631499062
2296 0.8153265452567966
2297 0.0779775213672983
2298 0.40076723629465816
2299 0.15454883804840036
2300 0.41432464827564586
2301 0.5194132546990686
2302 0.6165865809313772
2303 0.12257662573884631
2304 0.9975536728109329
2305 0.5540477898151389
2306 0.09266580554823989
2307 0.1116607259832646
2308 0.7580839578060472
2309 0.003320332401503312
2310 0.15353301938955066
2311 0.4179867453781152
2312 0.3825987970647431
2313 0.9308729578862537
2314 0.7796675728613125
2315 0.9300284498304314
2316 0.6598950599490364
2317 0.234228511677381
2318 0.8670115992647929
2319 0.6645144330115561
2320 0.2698619225753712
2321 0.21059461680243585
2322 0.5319041430462156
2323 0.35350149805448916
2324 0.7711567292833373
2325 0.6504128079500985
2326 0.8570983734701229
2327 0.5175212462024826
2328 0.974742136571263
2329 0.2515301237813182
2330 0.09659235695199675
2331 0.2771502305599157
2332 0.21564436102052642
2333 0.7923781656863034
2334 0.6353245438845854
2335 0.8789860912397515
2336 0.5167373817736682
2337 0.5543024606748344
2338 0.9343552202610396
2339 0.5418950222540222
2340 0.2760532905646794
2341 0.9411926954813844
2342 0.28297582812581823
2343 0.7655292387165032
2344 0.9030643997045952
2345 0.10882233116775197
2346 0.42625770724946843
2347 0.685495146389951
2348 0.7795779723831701
2349 0.6868138154795017
2350 0.03987292701856204
2351 0.40818646573231265
2352 0.027329828181167803
2353 0.35290344158634634
2354 0.5835894821250506
2355 0.5131788428600162
2356 0.8270580186523794
2357 0.10218800562228747
2358 0.2806640941541936
2359 0.0722153826992904
2360 0.4527839172587873
2361 0.5432923462262389
2362 0.8424253325840634
2363 0.6011958713233512
2364 0.7602222657801353
2365 0.44890604923621136
2366 0.08566124479532589
2367 0.33521433752791463
2368 0.5996879888840785
2369 0.08989406301979075
2370 0.774994620593367
2371 0.09657340574228346
2372 0.5115623833587029
2373 0.590194507705644
2374 0.8632506874769447
2375 0.8118358285132622
2376 0.10632679904621833
2377 0.6539748330014965
2378 0.7998911485361789
2379 0.4263570843014639
2380 0.7313670073856302
2381 0.537024848256196
2382 0.7309098634040586
2383 0.5633753178863178
2384 0.38319733746956064
2385 0.061123147435379166
2386 0.2231546488702424
2387 0.7796179297231377
2388 0.33644791975684996
2389 0.8031216784005224
2390 0.6118612887560433
2391 0.6805167738540041
2392 0.6299051118774441
2393 0.32975019999599653
2394 0.1922549452595973
2395 0.47550682729271454
2396 0.37508911430831104
2397 0.4946509929811099
2398 0.25439501794243047
2399 0.7775161832698977
2400 0.8342990569893276
2401 0.3659113870559586
2402 0.39501035840709553
2403 0.580637461872541
2404 0.3527505768843452
2405 0.3103699246151391
2406 0.6308906068534841
2407 0.38610437020985444
2408 0.5233766591735218
2409 0.12522957388731204
2410 0.5854713970982884
2411 0.38907918515119444
2412 0.41305744834568847
2413 0.8780191046416141
2414 0.4235702741299271
2415 0.48739025083580223
2416 0.2854902506531479
2417 0.2927019062918824
2418 0.26880097240770007
2419 0.6282410794846515
2420 0.01860625643433067
2421 0.10273901361714499
2422 0.5540141426376117
2423 0.6700458374701808
2424 0.3333857885161088
2425 0.7811710121278022
2426 0.12718249595308206
2427 0.5039282052889099
2428 0.026119146178434915
2429 0.45329149551579895
2430 0.9634689835000144
2431 0.6530542042206721
2432 0.6276055269121201
2433 0.5992421263781534
2434 0.018787033093436545
2435 0.9478515740119013
2436 0.3004776680946295
2437 0.36186770292069836
2438 0.10098160564467007
2439 0.16130176433060783
2440 0.32978551770797804
2441 0.8894270959876647
2442 0.6318308794069842
2443 0.6808730348099483
2444 0.2621669868156892
2445 0.1632636697145219
2446 0.8263882312600411
2447 0.3922959896383089
2448 0.6053796385567517
2449 0.18729693967441952
2450 0.1257545450803491
2451 0.9552661028665413
2452 0.012662285467744505
2453 0.24920483071065025
2454 0.6851911863834479
2455 0.5622897807597095
2456 0.04534085268408039
2457 0.2024236581721972
2458 0.34155473161197414
2459 0.08927434216178631
2460 0.9322880123581997
2461 0.363600796490826
2462 0.7623538819381094
2463 0.27009407286294085
2464 0.22629154090829406
2465 0.6718930967702734
2466 0.41330036741742604
2467 0.15724826357506905
2468 0.8950817676502403
2469 0.2145113825160978
2470 0.5720454814951459
2471 0.666859341756844
2472 0.1787135282411515
2473 0.08716972696965286
2474 0.8628638173530254
2475 0.4486420456554844
2476 0.4951935883438181
2477 0.8286055509542101
2478 0.6903668494767807
2479 0.6701079304382093
2480 0.7826896530364944
2481 0.34509479894527706
2482 0.5098989064401678
2483 0.559151478526833
2484 0.9293524217884155
2485 0.3238940035198873
2486 0.08808824475401922
2487 0.7102978533691342
2488 0.36072771710044893
2489 0.6237989327988515
2490 0.7790966418387711
2491 0.22727417749141066
2492 0.429930478992251
2493 0.026517225332203243
2494 0.37043085254394115
2495 0.7481997676613004
2496 0.9871982847508634
2497 0.034310637544741396
2498 0.2367499827795736
2499 0.27957341464532937
2500 0.3931371014910354
2501 0.10736966593142272
2502 0.38092276112091794
2503 0.5513680590112008
2504 0.28391732570180606
2505 0.8486418183629995
2506 0.43865910129726216
2507 0.29792696524688367
2508 0.5968733173286793
2509 0.16434196921821276
2510 0.8763610664649558
2511 0.46798751549628326
2512 0.721405430531132
2513 0.3551316493032628
2514 0.4214079693840931
2515 0.8720418477641241
2516 0.15277817602067745
2517 0.42596166278613146
2518 0.22991115094573178
2519 0.18637661903242797
2520 0.6953541987261714
2521 0.6418298347206836
2522 0.4190441549902415
2523 0.5505164959041811
2524 0.08699828392173103
2525 0.5022144642794484
2526 0.3693743348777876
2527 0.21842900955910916
2528 0.8978317143300636
2529 0.8587008377933044
2530 0.6371922378074467
2531 0.8537316513324354
2532 0.6942118459351703
2533 0.8583267270059145
2534 0.4076552972227325
2535 0.0952739505869854
2536 0.7527578358436593
2537 0.7594301366549455
2538 0.16663297313134973
2539 0.9618510459975016
2540 0.05943809109335474
2541 0.4372906832476372
2542 0.6724604568233414
2543 0.513437522537622
2544 0.9351807609200994
2545 0.5736136469087616
2546 0.36837875630012196
2547 0.9412131553195365
2548 0.392163812629708
2549 0.10691356629322102
2550 0.09225859868669206
2551 0.9197853650595073
2552 0.2438862407075031
2553 0.510111929849078
2554 0.3122770764205247
2555 0.6223953221258415
2556 0.067317996929112
2557 0.8571719492593647
2558 0.14553481004135327
2559 0.2735284786832307
2560 0.3468704945949421
2561 0.4423499600782168
2562 0.1011729961667387
2563 0.49323162944881715
2564 0.5176258919977063
2565 0.9236524785826232
2566 0.8303693012584158
2567 0.9735733465842399
2568 0.1692080586561031
2569 0.5763440643953396
2570 0.1626619514823321
2571 0.22006541228830556
2572 0.3718734972894
2573 0.26286030299662266
2574 0.3613720944049883
2575 0.1894973876271432
2576 0.9428460432289073
2577 0.15223718562362976
2578 0.8404641538398631
2579 0.660518091927183
2580 0.4836142651143952
2581 0.055176383326016376
2582 0.5510049235519519
2583 0.08443127713145859
2584 0.18785586156213707
2585 0.4801236138662639
2586 0.8674518218332635
2587 0.48105524525398147
2588 0.74484874959787
2589 0.16124505096769537
2590 0.08232157547375751
2591 0.6681291539833554
2592 0.1446736739993395
2593 0.8609446294301365
2594 0.5523604726034337
2595 0.742631346812242
2596 0.8292086581379939
2597 0.7075729482364794
2598 0.13015797760915326
2599 0.2685081834780627
2600 0.42686088530253863
2601 0.19323605834675706
2602 0.7622156116309032
2603 0.06769434189953594
2604 0.259176674630775
2605 0.22712062158825153
2606 0.037803284272370785
2607 0.8599385168692363
2608 0.9139160215424134
2609 0.316509221982187
2610 0.032505909834958935
2611 0.2518313170725056
2612 0.44187296551852595
2613 0.030668072261116786
2614 0.006182962509850953
2615 0.7365649307454402
2616 0.15366882496857193
2617 0.39204642322646754
2618 0.38713428846947895
2619 0.43333661264537515
2620 0.5679400583044155
2621 0.73473554279813
2622 0.002585672484423873
2623 0.26894168639893423
2624 0.7937885861905771
2625 0.8718922495887282
2626 0.7001780529089389
2627 0.18398348707608847
2628 0.5180569961393121
2629 0.12184055341952771
2630 0.3459645041977665
2631 0.7322614229203492
2632 0.811936978388645
2633 0.8568218580401699
2634 0.6814893542537988
2635 0.13428062567346355
2636 0.1716140632426134
2637 0.758872876489944
2638 0.6758444324882784
2639 0.4444595422280522
2640 0.564097539544543
2641 0.8940676336898206
2642 0.8181672614097678
2643 0.9964948046851948
2644 0.762079573359137
2645 0.049368112871255976
2646 0.2618668575890042
2647 0.7024754138558433
2648 0.9206125666005095
2649 0.5155853647835171
2650 0.8539326406137666
2651 0.09872095104602807
2652 0.17358975524344344
2653 0.6454617297698937
2654 0.8610026088950039
2655 0.2549516118386316
2656 0.009458666016468942
2657 0.06764122925346217
2658 0.6384370878081849
2659 0.7932806629767818
2660 0.32329286229522025
2661 0.39530443993609543
2662 0.5794646592044107
2663 0.299652206045922
2664 0.3362924473396822
2665 0.6325008321663567
2666 0.4285372821996051
2667 0.35273084149546996
2668 0.023979203438767582
2669 0.2517201038211102
2670 0.4463518749285119
2671 0.2438817449858569
2672 0.30079753720188096
2673 0.09300150734107282
2674 0.9735658648425599
2675 0.21676319255739784
2676 0.9715278721929291
2677 0.8178878168607929
2678 0.6560548334682568
2679 0.7161858108686144
2680 0.37886391607028647
2681 0.6407892491437366
2682 0.9666300988257852
2683 0.7032762126325807
2684 0.7517015953530263
2685 0.4558289537096568
2686 0.6864552046158804
2687 0.5676147317978399
2688 0.49013119475181754
2689 0.27900136107131435
2690 0.6939697054741779
2691 0.5469007974169701
2692 0.010821260542100308
2693 0.13348073473628452
2694 0.7499498091354325
2695 0.8508313095271738
2696 0.3204268255263083
2697 0.12017626908795931
2698 0.9644049766817306
2699 0.878260691605063
2700 0.18485064253277017
2701 0.4361374963860942
2702 0.2843306204129038
2703 0.015344304112741458
2704 0.6186306786435227
2705 0.5301713851595372
2706 0.6509065354369089
2707 0.5072490013767675
2708 0.43142346129171516
2709 0.4180407762369448
2710 0.4405520085942528
2711 0.8071484072388025
2712 0.7374970014115304
2713 0.41887093833716404
2714 0.42631779250167834
2715 0.6236021588894525
2716 0.6593432841975113
2717 0.21989975943202733
2718 0.7744163664421551
2719 0.611052393393357
2720 0.9379651980618123
2721 0.22846411494279095
2722 0.5252616128666808
2723 0.2780524188670239
2724 0.8000879359972506
2725 0.6281229365452043
2726 0.5992095727919713
2727 0.22397635203426158
2728 0.22649075309246247
2729 0.42007570087915147
2730 0.6142623069989909
2731 0.2573402989286989
2732 0.7158496218566697
2733 0.0015425270138264002
2734 0.7063172018697571
2735 0.29749956326278293
2736 0.7449272370859563
2737 0.5095297240792999
2738 0.10211411032766238
2739 0.21636806610105797
2740 0.38864173416522096
2741 0.24141297267960216
2742 0.41085325472777645
2743 0.9379399872003659
2744 0.9824909188685276
2745 0.9530277164233487
2746 0.4725275565561431
2747 0.18077561410082554
2748 0.2850041072443563
2749 0.7304642881627512
2750 0.12933200068537698
2751 0.20224680292567565
2752 0.3293391688767833
2753 0.4335229201520808
2754 0.4710849753019901
2755 0.7832199455906657
2756 0.04083732554200892
2757 0.4167921612058829
2758 0.9464147571847519
2759 0.47798716833336385
2760 0.7412938274213121
2761 0.3485712757940814
2762 0.22853625888264306
2763 0.8466395220390556
2764 0.8608979612202511
2765 0.46836555245992684
2766 0.8777625461267353
2767 0.985708435605946
2768 0.5352409089774292
2769 0.5504410456272869
2770 0.652466195802914
2771 0.17778474754059204
2772 0.27748559258827443
2773 0.17393323336314204
2774 0.7860260304130625
2775 0.891957254430558
2776 0.5847377342364262
2777 0.6392616340201163
2778 0.6693647318297884
2779 0.6842957970737249
2780 0.16285287579064012
2781 0.01611052567559168
2782 0.15700369111198276
2783 0.7712364176723696
2784 0.4353589579050189
2785 0.3599935108271436
2786 0.14913112093406922
2787 0.17860901829937104
2788 0.13987021410694267
2789 0.09242752485791916
2790 0.1930001034590726
2791 0.4051810977032607
2792 0.10931245732648986
2793 0.9039999705478315
2794 0.5940437516675516
2795 0.48197325893843623
2796 0.7854759023920636
2797 0.3101198547899726
2798 0.930414668613109
2799 0.1572356931759865
2800 0.6188566318676043
2801 0.16600235775180405
2802 0.9242261120663605
2803 0.6918572966776317
2804 0.2714432090567698
2805 0.03044349678843583
2806 0.33859302445730066
2807 0.41111204782334654
2808 0.4580501750023458
2809 0.2571996926448521
2810 0.941640984122945
2811 0.7260296416852272
2812 0.3369956679986069
2813 0.08829470316611032
2814 0.606971633926767
2815 0.8113110880870301
2816 0.5923655337604229
2817 0.8253342304216043
2818 0.3046434575772291
2819 0.5065918216309018
2820 0.7378016778043921
2821 0.3629163818298137
2822 0.0775470812485668
2823 0.29398833568184946
2824 0.7156976017593315
2825 0.9824839404331195
2826 0.0951244144851594
2827 0.3972467843697842
2828 0.5658798072941259
2829 0.32547211862172987
2830 0.5297015506012263
2831 0.14644517053667738
2832 0.7942983762001856
2833 0.8913634313647533
2834 0.3102755288005651
2835 0.7570831631063938
2836 0.08494595688169404
2837 0.2392691568459534
2838 0.7744152203679439
2839 0.5835266950985746
2840 0.16716940071758324
2841 0.3109143159031361
2842 0.8610071418559266
2843 0.7241570764514771
2844 0.9757336630634682
2845 0.9384115379379652
2846 0.7648973082607413
2847 0.5792075464501997
2848 0.7224428511235904
2849 0.6519663697242609
2850 0.9090501846378418
2851 0.5921523944519659
2852 0.1358188370712078
2853 0.3606647003670399
2854 0.6806667761612225
2855 0.9416471703286602
2856 0.9192826761541772
2857 0.34375088806345044
2858 0.624773455588717
2859 0.3934010461495052
2860 0.42848012814282466
2861 0.2603126736740973
2862 0.6921139903709521
2863 0.8699952701965482
2864 0.6748370004354769
2865 0.5620471104114636
2866 0.6977474173798948
2867 0.5515442922971944
2868 0.025126165194510053
2869 0.776789306296029
2870 0.3625745025793099
2871 0.4812292807294434
2872 0.3857729857113641
2873 0.6197434816759616
2874 0.1820859927510987
2875 0.7171163823277986
2876 0.23582094930417208
2877 0.7848645374191445
2878 0.8949464782098304
2879 0.045304631024694064
2880 0.6039255885177228
2881 0.5705944042857538
2882 0.5085972322887625
2883 0.1493319140838465
2884 0.9724386582402623
2885 0.20216730797495608
2886 0.6798826468802404
2887 0.9168993414219526
2888 0.13559128368502904
2889 0.8269542570276256
2890 0.7457744161945119
2891 0.25735799502790235
2892 0.238979083291878
2893 0.679825815547146
2894 0.8525883239889461
2895 0.4020341141210477
2896 0.5839979757877816
2897 0.842269655468134
2898 0.44165879819249276
2899 0.16435242658588411
2900 0.29357492238131355
2901 0.35200710318370787
2902 0.8152565644276977
2903 0.04784906660689925
2904 0.6044825180996953
2905 0.15911127526475732
2906 0.6286050544379139
2907 0.4075494797282926
2908 0.3767223508806248
2909 0.5701363963104575
2910 0.9321718111686673
2911 0.09381861824434434
2912 0.39190699411796204
2913 0.37352639948329813
2914 0.8229809212469794
2915 0.13767405875912686
2916 0.15026580354073615
2917 0.797578274597457
2918 0.8545133157925058
2919 0.07268540338110152
2920 0.16984503965446518
2921 0.8164936676881195
2922 0.10183203235651728
2923 0.4309658139667729
2924 0.24166850071336332
2925 0.0905601749309336
2926 0.18188932862716545
2927 0.7993949075862525
2928 0.7010693084031877
2929 0.003260956954115213
2930 0.588543566193346
2931 0.5770944545920574
2932 0.5380998981434412
2933 0.8411200813742366
2934 0.41763370064250294
2935 0.23631166310956853
2936 0.08887160485085865
2937 0.15134789491873546
2938 0.929529467992528
2939 0.4562472490730449
2940 0.12487121353271846
2941 0.7078591888430587
2942 0.424895857517547
2943 0.9729984841222223
2944 0.38874676508833717
2945 0.317994255397934
2946 0.5939808944974552
2947 0.36867025459441605
2948 0.01275041031788715
2949 0.9102811803116272
2950 0.8405554527493174
2951 0.3088399131003394
2952 0.7999714294101682
2953 0.9578351927919753
2954 0.07870502606052454
2955 0.929944419363197
2956 0.048687709907518584
2957 0.3124989266268341
2958 0.15399296569388554
2959 0.17679130675786603
2960 0.4566092715475477
2961 0.9515850053892232
2962 0.3500853052814823
2963 0.8952777345602286
2964 0.6544831543822078
2965 0.9720904648138455
2966 0.40774764826610954
2967 0.3965344721198861
2968 0.087473582552972
2969 0.40651030183746184
2970 0.1051947163887722
2971 0.026094825258303866
2972 0.28792725364929417
2973 0.0798848180810029
2974 0.7270937360114472
2975 0.9953213034946071
2976 0.0645787220277444
2977 0.7794740448240338
2978 0.6840929037306466
2979 0.3622050305964932
2980 0.7709459186815943
2981 0.46645943145116775
2982 0.13556651354079452
2983 0.584786845025207
2984 0.6096115805797746
2985 0.123331577202345
2986 0.7153389000435665
2987 0.5128305189637806
2988 0.8792812438227386
2989 0.10113018110809391
2990 0.3634692319981382
2991 0.032012626082734696
2992 0.17795424582787678
2993 0.5074600524519572
2994 0.826750121303619
2995 0.8297753320193327
2996 0.838238974710096
2997 0.2592154557134986
2998 0.6063923269909414
2999 0.9131218357422889
