0.47904878750964 1
0.48026872878954 1
0.48036945918897844 1
0.48362663309618287 1
0.48442495200220576 1
0.4891520218240572 1
0.4896347422811016 1
0.4904834084435992 1
0.4923451562096289 1
0.4940564988980597 1
0.4945116355813988 1
0.4958807972353602 1
0.4959930184071398 1
0.4978283230622955 1
0.49794092263403045 1
0.4988324443753436 1
0.50050541147391 1
0.5039927608612059 1
0.5053085931329812 1
0.5055488052161468 1
0.5063703830192003 1
0.5074681255682684 1
0.5074976416706335 1
0.5085426610257077 1
0.5113435462698372 1
0.5115337563545519 1
0.5119749937000884 1
0.5121606923351739 1
0.513393246695629 1
0.513488797413389 1
0.5135559699959008 1
0.5138529623520536 1
0.5149007978487492 1
0.5153577535190412 1
0.5155676885903896 1
0.5156591263970719 1
0.5160752266716222 1
0.5163107924899718 1
0.516337689730189 1
0.5166947346069691 1
0.5175261530608105 1
0.5177785571422441 1
0.5181266903996027 1
0.5181993891721468 1
0.5183134742710436 1
0.5183772274679281 1
0.5193106070818212 1
0.5194820604093935 1
0.5198312870060223 1
0.5207557730479244 1
0.5209239454945598 1
0.5211181435559179 1
0.521545965058315 1
0.5218840338727477 1
0.5220160061976842 1
0.5221301749159524 1
0.5228180564281927 1
0.5237037632010536 1
0.5238798312162007 1
0.523932255120625 1
0.5242529248075981 1
0.524618876562535 1
0.5254192981291529 1
0.5255560394411888 1
0.5256692773511797 1
0.5266367677183217 1
0.5268225355604186 1
0.5273066890209549 1
0.5274258984818556 1
0.5277631937867667 1
0.5284091873694291 1
0.5289482277861627 1
0.5292589941292452 1
0.5293467525656034 1
0.529543835613442 1
0.5308785281173158 1
0.5309523434072697 1
0.5310512524614719 1
0.5313694294343815 1
0.5324321071038755 1
0.5326615213090268 1
0.5332469483517558 1
0.5334751837278977 1
0.5335280698156938 1
0.534320131201612 1
0.5343535079233382 1
0.5346947101713236 1
0.5348080422212845 1
0.5350255705470636 1
0.5350658273143223 1
0.5351675880152086 1
0.5353705626598851 1
0.5356374771345586 1
0.5358127908469692 1
0.5365176709791707 1
0.5371053994879855 1
0.5373972318318685 1
0.5383480899916268 1
0.5399865740267884 1
0.5403739506181191 1
0.5404230238629171 1
0.5410632819463296 1
0.5410729939979879 1
0.5413177044483031 1
0.5421002465510683 1
0.5422752342479121 1
0.542297627315504 1
0.5428706418379032 1
0.5433618510395741 1
0.5436446709532886 1
0.5437140900127185 1
0.5439657201043174 1
0.5444402452995221 1
0.5447238892672552 1
0.5451232007489406 1
0.5452159289398572 1
0.54637135103935 1
0.5467992521558035 1
0.5469956807266602 1
0.5472415297291218 1
0.5484835664384557 1
0.5485455949865247 1
0.5485656461227989 1
0.5491369411770093 1
0.5497322381268754 1
0.5498009812827916 1
0.5506924011944431 1
0.5509185373470925 1
0.5509277138826494 1
0.5528144339349678 1
0.5547481867017628 1
0.5553875062154485 1
0.5554568333318293 1
0.5555298804029094 1
0.5561213921941169 1
0.5563789619529316 1
0.556824788051093 1
0.5570532304526755 1
0.5573264580261089 1
0.5579395622011326 1
0.5581743427898019 1
0.5582306811151608 1
0.5593398392749392 1
0.5595755532957671 1
0.5596522079779309 1
0.560146912386321 1
0.5604785614389912 1
0.5607900748726792 1
0.5607968642665946 1
0.5612691036933759 1
0.5624416824978237 1
0.563183102667233 1
0.5634927689755237 1
0.5638265487315232 1
0.5639847261928086 1
0.564078173275143 1
0.5641586828954359 1
0.5643587626197807 1
0.5648516182878079 1
0.5648850492880048 1
0.5653350083400526 1
0.5654222610423357 1
0.5657568380033964 1
0.5658169065161585 1
0.5659096525432793 1
0.5659837644008894 1
0.5675170809695437 1
0.5688294908350319 1
0.5690698727052216 1
0.5704319035529857 1
0.5708281957529127 1
0.5710563597910553 1
0.5713889531350516 1
0.5718801103010547 1
0.571951998259207 1
0.5719926692990761 1
0.5730656198844063 1
0.5736727394871179 1
0.5741225225936661 1
0.5741859735480123 1
0.5750201651037751 1
0.5758796298692781 1
0.5760860481010632 1
0.576342287407119 1
0.5771717712659696 1
0.5772100795073479 1
0.5785848397503494 1
0.5825283552156265 1
0.5828587165052812 1
0.5830073949006815 1
0.5831159581671254 1
0.5839691434403548 1
0.58459352908192 1
0.5856864838679341 1
0.5857348355569884 1
0.5875290446001866 1
0.5890600088276314 1
0.5908044998793631 1
0.5938748905355401 1
0.600088118769539 1
