0.4720505037935743 1
0.47226748479863867 1
0.4797545141607202 1
0.4833930801515651 1
0.4889558822698551 1
0.4913527633856507 1
0.49302754383473724 1
0.49500315350112134 1
0.4962956246951223 1
0.4982347308643044 1
0.49872044666401005 1
0.49883916084622276 1
0.5015002363727548 1
0.501646895638855 1
0.5022664120943524 1
0.5023626380632057 1
0.5037876812806276 1
0.5041170425706671 1
0.5053942338556968 1
0.5061193283220927 1
0.5066655337495739 1
0.507292304940851 1
0.5089517888823157 1
0.5090392368595011 1
0.5112824790712988 1
0.5124944347255185 1
0.5130025464435954 1
0.5136454851625903 1
0.5140199048169067 1
0.5143708231895576 1
0.5151655136772372 1
0.5152000879441022 1
0.515984020313582 1
0.5161185739489441 1
0.5165611256481715 1
0.5183553790798137 1
0.5184504465387422 1
0.519482567475693 1
0.519602291292927 1
0.5197680788518307 1
0.5205697484020029 1
0.5209326467138194 1
0.5211043247014114 1
0.5211958478537813 1
0.521218785944253 1
0.5213245457614611 1
0.5214161622971697 1
0.521597346914339 1
0.5217055778774321 1
0.5218830959890208 1
0.5223909588313433 1
0.5225093661565335 1
0.5229780913258728 1
0.5231605384567051 1
0.5236350019849024 1
0.5241653404803397 1
0.5242437489462994 1
0.5247126507779158 1
0.5254856398113056 1
0.5257273201832713 1
0.5258643187509835 1
0.5262334432153756 1
0.5268518745017363 1
0.5281622574332744 1
0.5286337718242619 1
0.5295166040589795 1
0.5295579754459816 1
0.5296699719206747 1
0.529797537953463 1
0.5298998969033171 1
0.5301047780880273 1
0.5304373150078192 1
0.5308632125402867 1
0.5313836799260778 1
0.5314962406531375 1
0.531625249414935 1
0.5316443580905399 1
0.5321829385674822 1
0.5322401822392456 1
0.5326217614999699 1
0.5330403073873623 1
0.5335225080906897 1
0.5340661940919382 1
0.5344273210493553 1
0.5349577165545067 1
0.5354207970391451 1
0.5357934984629386 1
0.5359412348959274 1
0.5368582640242914 1
0.5371737975141362 1
0.5376743849056758 1
0.5379230286460929 1
0.5380975144327813 1
0.5391632540239479 1
0.5398348245642481 1
0.5401187222025152 1
0.5408432621588003 1
0.541178263035802 1
0.5413777790604474 1
0.5416238480360565 1
0.5417343453957078 1
0.5418965957732143 1
0.542424772457027 1
0.5426084493928927 1
0.5429835708129318 1
0.5441208683848924 1
0.5447507158205923 1
0.5451909493722851 1
0.5452358779779525 1
0.5452507950230178 1
0.545309504147566 1
0.5458159198103355 1
0.5458880930499004 1
0.5460938669644474 1
0.5463278090730486 1
0.5464371230549123 1
0.5464579982358363 1
0.5475100252969131 1
0.5477477123678206 1
0.5482816405606872 1
0.5495356318515014 1
0.5497000919882309 1
0.5498606385539379 1
0.551504500114457 1
0.5523607974334577 1
0.5524941847527809 1
0.5535168817967062 1
0.5535579779709867 1
0.5538959132217891 1
0.5547102013093899 1
0.5550977857615323 1
0.5566124389209305 1
0.5566756789760408 1
0.5567099551313895 1
0.5571103574065407 1
0.5573800886429778 1
0.5576889666229182 1
0.5580993432169228 1
0.5589968366481416 1
0.5591613453020247 1
0.5594494949116776 1
0.5595535570857715 1
0.5601178127755617 1
0.5615041524881065 1
0.5620636866750709 1
0.5621253216108861 1
0.5625870465767768 1
0.5629385242163787 1
0.5637521292044919 1
0.5639608229428076 1
0.5643696046691459 1
0.5646783440930586 1
0.5650482105453556 1
0.5654736738383732 1
0.5657524976172114 1
0.5658409810545084 1
0.5661407798901604 1
0.5662689535851456 1
0.5665275479903806 1
0.5667352745439057 1
0.5667980350282404 1
0.5668914372711249 1
0.5674916582129331 1
0.5676838939660646 1
0.5690373496218969 1
0.5690499771453846 1
0.5690796322428028 1
0.5692001845726038 1
0.5692356799962576 1
0.5694279241251489 1
0.5696201645163796 1
0.5698718349373028 1
0.5699906891296185 1
0.5706167636783159 1
0.570868440185738 1
0.5709171149369408 1
0.570927721499372 1
0.5721882438671095 1
0.5728949326295727 1
0.5736766578859049 1
0.5739384263772326 1
0.5751292916626546 1
0.5767043539970894 1
0.5777025506376465 1
0.5780540370638447 1
0.5792416345553718 1
0.5807598972486457 1
0.5811259640682899 1
0.5822115913588705 1
0.5832328220042536 1
0.5835092116535258 1
0.5877749920108352 1
0.5912424747642624 1
0.5927333135429468 1
0.5942614340710822 1
0.596055916715051 1
0.5998722494137211 1
0.6030070899712451 1
0.6071496109553096 1
0.6115859204864108 1
