0.41353386576604373 1
0.4221101819337791 1
0.42275144038467993 1
0.4256147872489421 1
0.4264468184008428 1
0.42796478324494275 1
0.4289190476742 1
0.43045525137156576 1
0.43589625259983655 1
0.4390023080063788 1
0.44031809328609745 1
0.44244036434931416 1
0.44797583753039805 1
0.45075862483736734 1
0.452104230902912 1
0.4523867258432263 1
0.4542894480313132 1
0.4557290740903413 1
0.456794726902025 1
0.4582658793293903 1
0.4583322744604154 1
0.4584015511112673 1
0.4589761855432041 1
0.46097605210886045 1
0.46119963040449286 1
0.4612489919378648 1
0.4615664929004938 1
0.4621232659702806 1
0.4623162915013973 1
0.46264101611500047 1
0.4631704836832148 1
0.4633896836700612 1
0.4649161023917862 1
0.4649633410420176 1
0.46544816456102545 1
0.46598989480765385 1
0.4663468451080589 1
0.46648482184057044 1
0.46667402432656246 1
0.4672809678338419 1
0.46743489328542487 1
0.46758048577932393 1
0.46849180894804077 1
0.46889796138718703 1
0.4693544965339535 1
0.46946453821309986 1
0.4701911912365966 1
0.47027359803991947 1
0.47055632570704453 1
0.47066406137233746 1
0.47085636696090627 1
0.4711821958985809 1
0.47167811206087346 1
0.4718415559949684 1
0.47207865327191784 1
0.4720951502672961 1
0.4723644637024308 1
0.472634486226727 1
0.4734244975413941 1
0.4737652127769354 1
0.4738836395895409 1
0.47410446955602353 1
0.4742881054187619 1
0.47432579468480307 1
0.47459736149287063 1
0.4746603025046669 1
0.4769025100756533 1
0.47805248378208454 1
0.47821957593710707 1
0.47882436721247373 1
0.47922188595888726 1
0.479288682305558 1
0.4794187643514826 1
0.4797146235129939 1
0.47993262019529065 1
0.48038404065079787 1
0.4821403413900147 1
0.48255556352180157 1
0.48266171047418865 1
0.48298130653597743 1
0.4837296816764652 1
0.48462386561696286 1
0.4847029961422451 1
0.48498013208066015 1
0.48535542111481034 1
0.4854602380050331 1
0.4857549417226448 1
0.485943468502824 1
0.4860755109123371 1
0.4862213967343243 1
0.4869831960428843 1
0.48747373914145725 1
0.48785340142622047 1
0.48840329104792785 1
0.48899246261823365 1
0.4890949246466952 1
0.4894126059658018 1
0.48948138157445875 1
0.48955914416285856 1
0.48965810767581 1
0.4896805118020973 1
0.4898204870186833 1
0.49044786520362565 1
0.490792154123892 1
0.49109224041074784 1
0.4915415162549783 1
0.49189067013805704 1
0.49207365447309104 1
0.4931167861951722 1
0.49355130467864733 1
0.4937748332770553 1
0.49435287689602675 1
0.4944150820765435 1
0.49490626443816355 1
0.4953527648807857 1
0.49626676235836764 1
0.49651686117920524 1
0.4976686702871059 1
0.4985694300401359 1
0.49863694131737624 1
0.5003563129800144 1
0.500515918817397 1
0.5011832707742212 1
0.5013384360369166 1
0.5017362157056027 1
0.5034734965412152 1
0.505133189665649 1
0.5059898571901864 1
0.5063928288909243 1
0.5065335761887366 1
0.5065375768070265 1
0.5069704556637892 1
0.5070547822993193 1
0.5072513132079947 1
0.5073385795202908 1
0.507612409264382 1
0.5077245236806359 1
0.5079019816263824 1
0.5084112736059605 1
0.5087580629270019 1
0.5096455988252042 1
0.5103982630767814 1
0.5106427864688561 1
0.5107146434262309 1
0.5108911513484361 1
0.5115818082367998 1
0.5124563746696851 1
0.513397626759583 1
0.5140230227307263 1
0.514980455517042 1
0.5151072491308005 1
0.5154326267354093 1
0.5156311599379517 1
0.5161464743412979 1
0.5166429830814424 1
0.518164763393571 1
0.5190387374451808 1
0.5190976136621697 1
0.519366378449131 1
0.519517490855813 1
0.5195228258281908 1
0.5198019074579343 1
0.5232935843169565 1
0.5235743871033773 1
0.5239969247814266 1
0.5240594592575135 1
0.5249465076267991 1
0.5249511361787657 1
0.5252057533449703 1
0.5253838783024048 1
0.5254092752305118 1
0.5261380148685749 1
0.5264605802775466 1
0.5267542030097249 1
0.527413687852409 1
0.5292794254215557 1
0.5310332468982489 1
0.5313575752374092 1
0.5317809853960677 1
0.5318539648736745 1
0.5328863825765856 1
0.5339533758755718 1
0.537762530064834 1
0.5381743304231413 1
0.5397405641934182 1
0.5400509216237935 1
0.5400909845398253 1
0.5446832603971795 1
0.5464389111484144 1
0.5472617694057472 1
0.5476610589266165 1
0.5476980920438467 1
0.5487502401491159 1
0.5563495389106702 1
0.5597304159866223 1
0.5607743677638871 1
0.5663684005521972 1
0.5737357693835883 1
0.5743592598587458 1
0.5897744136649085 1
