14 0.6216722156399386
1 0.9916025029568245
0 0.14132086888952744
509 0.08835960543550536
730 0.28254092495672045
701 0.6710148459638723
475 0.09058683208635965
696 0.4996966639463766
793 0.9486581200891172
276 0.7178973194979311
294 0.5723870688929249
402 0.4500787013571027
689 0.3650737957315937
546 0.6849151470322313
720 0.4347479540735306
765 0.8767244567568592
382 0.40459031360059405
740 0.6243890071462459
495 0.32817422788901907
692 0.7510275607377045
705 0.1130527460352061
564 0.12544995415259286
129 0.8741927927256564
422 0.18847477507419164
597 0.3844039668006032
605 0.24443677030594735
676 0.8075605112761595
505 0.03297740815615269
241 0.5756317095084574
511 0.991007078416966
435 0.9247093526839812
482 0.4307612730957243
516 0.9719822340119493
183 0.3564980311658754
13 0.7287206399115715
16 0.08947719394559173
261 0.2352211846484763
729 0.3998495068875695
784 0.08980226871536479
397 0.6022905980536863
128 0.662115132593946
255 0.5626742003830275
384 0.12862461677328463
2 0.05418245661655485
498 0.15866381844469946
247 0.9259090460920663
354 0.004397006319431074
166 0.5662509879940458
681 0.5859558378150469
233 0.33914285573602787
44 0.3775160653243165
160 0.46091650070527046
677 0.5113874261241129
713 0.7327580047789445
698 0.9325439302214259
330 0.32402448430657105
445 0.8100855907102094
303 0.5942670951392008
328 0.944798593722688
530 0.030205028455417726
15 0.8503743911261117
25 0.22778388115352788
321 0.960760557818954
274 0.23871950592382662
125 0.8071629862099261
269 0.9963414267606323
728 0.288127303269362
723 0.3707933078502137
285 0.6203421653256787
531 0.5040568767561957
533 0.7987523624284193
78 0.8816406655336463
96 0.5145300507073237
169 0.942561114471712
331 0.6232444993128237
345 0.8018311096317534
662 0.301324438556816
387 0.9226803667891891
407 0.1590963773493349
130 0.14469328655505764
277 0.8327468932264522
616 0.5260151278927377
772 0.10316002224616405
782 0.6338938159635465
519 0.09435543339283103
339 0.8517238744935243
763 0.5049915687815103
674 0.3742370766086348
403 0.602393178839676
451 0.027899565840914242
364 0.6521750582934384
223 0.779326580229983
42 0.04672738373109053
75 0.3577240525198585
236 0.5589215071939083
663 0.36627175058689265
470 0.5578265468263639
308 0.3699907757880425
452 0.2599098665857751
337 0.9880381376205053
176 0.9069165310335905
290 0.876970001375432
419 0.5747169232324454
512 0.6089867922491133
273 0.5580273792871959
561 0.24240592974197794
603 0.6402481315027909
79 0.7941495414678581
87 0.7112276395672751
189 0.08533513367451129
453 0.5280138198310712
791 0.9479642266613592
664 0.03317434934458474
617 0.6139506134073203
301 0.9107823587978312
377 0.12049112150237395
688 0.7164341875861763
248 0.09511736306733054
282 0.6149801120847349
702 0.689392521649193
201 0.9128667390046965
37 0.4433975406486873
71 0.08098082298582798
205 0.03885804952546479
472 0.6123800274063299
566 0.5073641600158428
175 0.46205744186426545
699 0.8310485529307221
610 0.4313399761656005
632 0.8093092241820181
719 0.7251944430609666
54 0.42190983276317306
752 0.776252678252382
365 0.2631558891307263
555 0.22061111353650187
410 0.6869866227798266
41 0.18336911788017296
3 0.06675419165393925
741 0.6310324952630543
455 0.7835700712404842
747 0.8422621648784312
392 0.8628490432860254
427 0.9277231409423449
77 0.8683155811879175
712 0.45481315795053623
586 0.5784352462517961
226 0.01888062218041897
492 0.8388224323571619
637 0.2209768400793617
249 0.8498729998840516
111 0.2301607890241637
67 0.5135637522204549
783 0.10245088549134296
317 0.5369945528931096
424 0.7371622912648139
454 0.9748045501961836
704 0.7304945512259772
70 0.48719419219589066
11 0.4923238715948234
39 0.6527220310775704
318 0.6645701448142157
642 0.8234742457074417
56 0.8874182243754596
184 0.2707502108734534
359 0.7811546766364604
150 0.7004687878002142
40 0.43417195113147244
52 0.9423183168214665
92 0.2046643572558534
164 0.015437458275996963
619 0.7684557244128024
650 0.4882302070720125
360 0.6054057114297764
459 0.33660820675905834
551 0.9807531966905523
626 0.22299307223514453
754 0.849502958643596
155 0.7781524507334181
715 0.04826183230588743
167 0.35305492452691056
367 0.4001083749202522
585 0.9015272722902643
376 0.6498037640545518
463 0.8105692685840462
584 0.6983849629141559
544 0.08758610674067657
786 0.2369637386938852
761 0.7896465386441393
371 0.9764351590796578
216 0.16737893162725126
57 0.005483290233199822
693 0.6452456283216871
579 0.43224184699187473
649 0.9009323227054149
639 0.029413298867200788
503 0.908727407629684
539 0.14419800675338013
103 0.03894814062383756
107 0.18082674643937924
356 0.04021279691155755
630 0.24374644471129936
749 0.026311974025702956
266 0.30227456917818885
524 0.3042027141716489
250 0.939188483135671
462 0.9660676707827485
353 0.016062146962647295
762 0.40521695206823827
775 0.05361842534094463
262 0.014191224389746737
162 0.24161361465249775
465 0.5178694956501608
506 0.6511104335718972
523 0.2649447842564814
418 0.180314188995904
443 0.702374019863308
286 0.3508191579446569
380 0.8451069707312137
203 0.7608617907638919
279 0.5695384017376562
372 0.9516346214322194
320 0.18750020451838056
187 0.29392052433675564
34 0.1911714250251374
343 0.6820804848218639
620 0.5839105030821131
623 0.7132154765130108
295 0.22126126740756613
510 0.07092108675600184
736 0.3008036081443912
136 0.513947776833397
604 0.9413760318275445
265 0.8268515264025348
348 0.47165626397539817
721 0.08995232707520695
535 0.8559546175677506
760 0.7694540091108807
583 0.8498142946076491
173 0.16577285082557114
194 0.9783616035097782
651 0.8036771435612813
332 0.9192963649772081
425 0.853998415600824
414 0.7473072749535543
154 0.8167254979003904
33 0.04905710066186508
4 0.46564760178406417
5 0.8465324536706212
6 5.201802088815599E-4
327 0.2874717763591268
628 0.3270293824950621
393 0.15035717689042172
304 0.09921298075935536
636 0.9275393641196948
22 0.3011895305365807
267 0.2351563951756419
569 0.8108795312260382
135 0.6188497282030411
557 0.6136028362140487
777 0.194084946464687
192 0.18297340142363505
82 0.6708212249693001
109 0.6054511178135862
110 0.004516309872380275
133 0.3261924520380529
722 0.4936492247358597
50 0.8469775570001897
182 0.698202561742908
542 0.04107068697098748
108 0.3098351884230136
683 0.7185056900323391
314 0.44588074614360873
776 0.19952641955446582
342 0.5125007095305413
74 0.5921492884422499
23 0.6464777226523034
7 0.7925192991562258
171 0.016976038025576456
634 0.521545468294487
675 0.32160483483015545
218 0.3959361803014262
373 0.6624249338602631
420 0.9111905599967637
444 0.08051353253462956
755 0.250172494661553
105 0.7479133333340698
746 0.61137005370004
395 0.414187103939194
493 0.79738584274198
280 0.9365995401225223
289 0.08318992557804172
324 0.8929193842755556
468 0.1126590455862655
326 0.5915249949606342
396 0.9679620718526377
310 0.15945877796613395
174 0.24283761833270667
199 0.7736469232350199
58 0.44086517432436534
361 0.41758066918628345
428 0.018411142554978666
221 0.11612297225650958
743 0.08966774618854167
779 0.37963977328093046
271 0.5871937925666325
118 0.32303643990651476
204 0.24000739087446354
725 0.6136121773544365
352 0.7427417344921253
549 0.02419360723352071
85 0.6398685230077577
21 0.12050423431113644
8 8.387204329219911E-4
582 0.3222821060824863
36 0.40508345138870383
153 0.4720134280975862
766 0.42486890392165033
513 0.14173771528184076
790 0.47907767221671904
259 0.6853968221009666
711 0.5008347757388835
389 0.7037732826437689
102 0.019820497798510917
190 0.99303636038639
792 0.9862839110988896
179 0.31126955244985743
780 0.8758417941184087
69 0.029160673801796322
98 0.29104085078235364
258 0.06500544516749696
405 0.8281438722011478
200 0.2776174627693516
349 0.005542405730727729
383 0.550000616370178
665 0.7264908834864777
756 0.4060834568032001
319 0.7268029433485612
658 0.007850826418185797
63 0.3249105425430716
631 0.7086586674898724
787 0.6307435016190402
302 0.4503996707802733
333 0.6020664857950522
708 0.12073127017765883
94 0.6438758260694577
416 0.3378110668815063
450 0.20450565010099508
172 0.34772237057811795
213 0.9091486246686176
744 0.36864408582791897
529 0.3327162000125765
543 0.5769807403618613
656 0.29441871916092144
587 0.12569677353449604
590 0.13652340647578554
695 0.7766282362811074
232 0.8901171371107112
293 0.7039073781425629
518 0.645550999129236
300 0.5559152571750543
157 0.8821101387894386
65 0.5830712022505298
76 0.040363471543315876
379 0.9156096962668677
785 0.44264822201460163
456 0.5249789869918191
252 0.8127086605154235
64 0.3652511718575515
62 0.5632596158658331
19 0.48122754007202373
24 0.6332343006272056
144 0.5128356466397179
231 0.22199321558634244
315 0.26396079796888106
399 0.24687421554175537
165 0.20279092611876826
209 0.4597465074200302
653 0.5601794414440647
773 0.7476080482837888
667 0.0322299230822406
545 0.2866022997153743
126 0.21864895208500945
609 0.20573001885663467
625 0.05423104560198444
284 0.8492991718013706
357 0.5349504280624737
496 0.23462178356012808
515 0.6055262185500919
146 0.1925704370075615
507 0.5647765358789013
574 0.012835007861167758
244 0.9628710703523057
239 0.6355179260355573
97 0.20977940616342672
198 0.40074069296398696
485 0.2080295254420731
307 0.07570840318509464
594 0.6189005302826838
774 0.0682216923384138
556 0.46734671976863906
178 0.757470987476219
655 0.18780946093100914
363 0.6031173723057167
541 0.3386500843681777
596 0.31011416843203976
480 0.6800850747683507
621 0.21474621984330355
411 0.2107972988697393
100 0.32784692721963404
84 0.9367875030027387
309 0.6966921293762492
654 0.41000732709577337
334 0.686941889516705
148 0.13504768306772863
193 0.1917338711810398
477 0.7170259711102911
733 0.11777068700935078
461 0.9877170193880649
591 0.7961377327190717
601 0.10701121092406196
483 0.2974062311155591
648 0.6289851540130778
757 0.7745970900517756
417 0.42270976328111254
647 0.4166741240842019
426 0.9508780233236458
336 0.006153534259391136
390 0.3129756176081391
89 0.8686309289304693
43 0.8866409113153436
117 0.6408976677772148
447 0.35983301980311055
753 0.561011730121339
124 0.5022266570210375
576 0.32333182354300527
724 0.6109538550527832
731 0.8647616670081805
440 0.6521998427957202
684 0.35067906178580677
195 0.9438780973423389
49 0.21040836674326424
181 0.844516546928718
143 0.27787677587039095
370 0.9776163961841936
716 0.4293498397001365
431 0.23917384941500108
607 0.22765100289250206
378 0.8192977304017234
751 0.3379898478109893
400 0.23792260409209776
340 0.7590469623998984
48 0.337529782273716
27 0.45905927275148184
115 0.9252918316068428
119 0.8458413829333449
211 0.8580100652007825
474 0.137423550998776
572 0.362167586595725
672 0.35381827819661016
421 0.007809736112861065
484 0.40694748996459085
560 0.7016141424416995
374 0.019864953285264608
375 0.5143006045837643
661 0.9358842008052244
489 0.8139734342776592
739 0.3432075950831248
104 0.1792510781512725
433 0.24880571857598544
758 0.965316028075823
491 0.621158662840595
217 0.47394326488401894
646 0.5868427771041544
608 0.6437784454343872
368 0.5415284172132117
504 0.6927418220469588
238 0.9883267406339408
299 0.7090920914893946
441 0.3159322329286476
547 0.03498043923351257
679 0.07366265640443004
225 0.9310240446144324
116 0.5256486707806302
207 0.1423817628267089
685 0.52129822378401
45 0.29366224281985864
46 0.3713808768910316
592 0.9872209932694473
614 0.4250249836399207
436 0.23884149018505763
460 0.05475182291778791
795 0.6798370950969456
613 0.5541752805885003
73 0.07446122512093789
412 0.3886510323264981
573 0.29568812239202535
771 0.9117141867194708
446 0.26185615562152675
29 0.7928965729641066
17 0.7377452407830811
423 0.09301634989739782
466 0.15299571073045404
748 0.5683064719302847
464 0.965242987971184
624 0.2963872161866511
532 0.8423017630722356
536 0.1996557712774366
243 0.7524423329323616
206 0.7766498499608808
517 0.46063615615274767
707 0.9460749455208481
737 0.8804224246126313
657 0.2486102818255309
344 0.8881000494108763
703 0.7980148433733621
644 0.6410836832619472
471 0.2636911330973092
242 0.5761472899881723
256 0.9849535974111935
227 0.8278976525526811
137 0.1352830413859013
142 0.8935136669800348
180 0.8260066497532248
335 0.07679577379717561
577 0.34073438248145416
369 0.7534326943129728
640 0.4389691225560647
558 0.1630433947179858
311 0.16456108360834243
341 0.8484840143161354
659 0.5900205858596403
156 0.6646658780583649
581 0.06908763534283113
599 0.29921162393700707
185 0.18990361032849312
706 0.21926299317994713
246 0.5222432031208553
580 0.43540917324798456
234 0.07134128941788676
81 0.07777280564957512
91 0.7713542261618442
47 0.40793171911993753
488 0.3044154164839379
429 0.011933766806699886
554 0.6194058012082385
687 0.7518207874980701
759 0.8153213551550498
798 0.2829668906998706
525 0.3997448048602704
437 0.8320418879877461
323 0.8269688177967662
388 0.692881563790329
553 0.9177370301481713
600 0.9107039672009635
59 0.34058065296333895
28 0.9313497987262194
186 0.2942459996661717
212 0.2680567644318512
615 0.9008010765563534
448 0.5211550791313392
612 0.4697081942262731
260 0.5541278477466881
438 0.21544277629104291
714 0.8297650050979899
494 0.6230431283752784
521 0.7815174009252606
66 0.03097224900488027
93 0.591037350557796
622 0.04696889335583776
415 0.8136432813563078
312 0.7978366778105607
385 0.032149006059562724
394 0.9086910793337425
602 0.97227024510418
742 0.17970970781561768
570 0.5531108935149412
149 0.8448824141604427
263 0.908315738944614
526 0.7404675935769384
781 0.6662027490422371
727 0.14567951705434767
220 0.04857764034288781
700 0.1366925893227734
449 0.18226264567964845
467 0.7093760742450911
313 0.9311438888140952
316 0.9027333298464869
666 0.5995400974121395
769 0.7005644305996387
588 0.5887156221102386
229 0.8259259172465687
168 0.1398854964662274
35 0.6826073249038296
501 0.9225111810078298
469 0.6887373259079248
534 0.17135317706945097
550 0.7533555845816928
251 0.7261550113662831
770 0.08269267301369598
322 0.5439152459963529
641 0.3151867182951168
669 0.5564521695200608
718 0.8897506652500574
750 0.0888617643752484
788 0.2503216020778204
288 0.18604660298976894
83 0.4465450123357837
671 0.8899381660426905
789 0.6544840497815888
478 0.32144081356295595
479 0.24552395533487514
298 0.1362543192264185
381 0.2835936154807478
235 8.606561570001503E-5
53 0.19431072751130563
214 0.848944560637916
432 0.15867133550135093
508 0.85218822963555
292 0.34660873249418833
306 0.557978709836594
575 0.6916208083337749
618 0.16483063304521994
796 0.5313365386006464
158 0.7284021129612043
486 0.20198043935050802
458 0.5534520480331994
487 0.015486634644066521
768 0.12857088435072472
633 0.6188841744471558
114 0.42574832961843834
131 0.6433580149115158
366 0.8021565855436877
670 0.6492589375272565
726 0.19651629993665676
305 0.3173814976282514
413 0.5722565948507301
61 0.35016020604149434
112 0.42399745580605663
710 0.2621057799386989
499 0.07158688038643746
635 0.3123397895062847
563 0.15534294354898637
159 0.4859495127159823
177 0.9486243901279152
430 0.8366316437639455
188 0.7806502183164817
691 0.4601874654717206
799 0.8203074782363416
253 0.39753257798138897
568 0.7019322078963302
338 0.2795847915190308
680 0.3768465313430994
694 0.907877840878757
283 0.3850915784422536
230 0.963219639083392
55 0.7085623580384421
38 0.4376704354168842
31 0.6072983666070632
18 0.9332697937093438
26 0.72752079155532
264 0.4376609214533951
346 0.49406052582548854
350 0.26789966748953475
215 0.24909996380963084
734 0.13746603046204064
278 0.7262462788397327
132 0.45938759158955544
562 0.36787444044171935
732 0.40810115832192717
578 0.13720053969245039
567 0.15015699439500818
272 0.0014892270137281116
329 0.2971818027170521
643 0.5047597480634344
735 0.4352617659339928
522 0.5375285555369579
548 0.6250965163179419
147 0.9976681389407366
32 0.7381148422334697
627 0.4077219260382562
362 0.7286833125604497
794 0.25796766890236844
134 0.530717669471539
151 0.9328798547970109
90 0.8345008079723425
9 0.9048172236025842
589 0.5367187235269227
270 0.12971700045023027
457 0.025682397354499842
797 0.8987251453775843
481 0.08635084117952474
497 0.360232383402326
191 0.3309397594958313
275 0.26007811451070817
291 0.00861194119068398
219 0.6700682909171974
122 0.8115592367898322
386 0.8168936971550547
222 0.3257885352080899
398 0.9743604451525181
138 0.9315310296968934
51 0.7298301688777143
60 0.006907774807983547
72 0.15277957501666461
141 0.8215547138885926
629 0.9131397556339896
95 0.3667036565465749
500 0.5456702929408762
228 0.8769304189569743
764 0.005567585999031732
120 0.6278752685603526
80 0.9363501915869212
86 0.31828247212669525
325 0.926631798437927
645 0.8332300687969743
540 0.27694317516022615
598 0.71524298291016
101 0.7205768013610016
552 0.837322745402553
476 0.29771179749251253
571 0.2688405510993186
611 0.5608556795402444
68 0.04581055518395283
161 0.5503942786872952
240 0.03974943006285636
738 0.08969504235229597
490 0.35900662066600697
593 0.7218450979621452
673 0.3348988287715523
163 0.17497098210542117
257 0.5307349573746031
268 0.3758313118180693
565 0.8054030502742526
697 0.2624795429823671
678 0.21231620753083946
140 0.6933788001410324
442 0.02614532790910029
709 0.5515899036761739
296 0.8827111203474655
527 0.4647246477025453
99 0.04844945198010053
638 0.2713944318978656
123 0.06573601459719436
121 0.06945354726756592
20 0.027338678198341126
106 0.4471564017177856
237 0.26211411455628264
355 0.8604030334221959
127 0.9995660044335705
145 0.10402349943505418
439 0.15458397590852624
502 0.2163886078129752
778 0.5729346061454704
170 0.2293629063636048
245 0.9662273590025507
537 0.16545720858826862
287 0.8963916400263505
717 0.5011133619453406
358 0.887066683603606
88 0.814301875553014
139 0.04461268551399544
351 0.22821754600166066
606 0.13158886227298427
652 0.6848051892911026
686 0.11009014818999463
297 0.3066691252857333
668 0.5992175597749605
406 0.26167499608337264
208 0.36936253036830746
224 0.4118370861770775
660 0.5962989722307693
196 0.2864440537078756
197 0.36183775850259625
113 0.23601197034955768
202 0.4720570142104106
404 0.7146283345672901
409 0.6029012925071323
595 0.35816412380680196
434 0.3644112421949802
520 0.6899532952937598
347 0.5148376588584287
391 0.9836531120269436
210 0.5075130799855964
281 0.5060500801433443
682 0.850704712673858
528 0.026690681997665222
559 0.8206487968740469
408 0.13838759274305035
473 0.5652432159153682
152 0.11609166523360137
745 0.1580244856779348
514 0.6023281543088148
690 0.8346694535403468
254 0.8974889041604186
767 0.9231967720784299
538 0.7351423983433312
401 0.9212872373926411
30 0.05079720776499219
12 0.5519931747802204
10 0.5224079029446452
