
 0.488
 0.472
 0.532
 0.426
 0.475
 0.485
 0.448
 0.480
 0.489
 0.458
 0.524
 0.428
 0.511
 0.514
 0.473
 0.461
 0.560
 0.508
 0.452
 0.545
 0.423
 0.458
 0.507
 0.534
 0.574
 0.461
 0.489
 0.468
 0.512
 0.471
 0.548
 0.506
 0.451
 0.506
 0.510
 0.483
 0.452
 0.527
 0.507
 0.490
 0.524
 0.485
 0.490
 0.495
 0.500
 0.414
 0.484
 0.470
 0.513
 0.472
 0.494
 0.497
 0.495
 0.498
 0.525
 0.525
 0.469
 0.472
 0.491
 0.477
 0.480
 0.479
 0.515
 0.486
 0.426
 0.459
 0.540
 0.549
 0.474
 0.467
 0.515
 0.507
 0.516
 0.491
 0.473
 0.492
 0.523
 0.472
 0.531
 0.525
 0.508
 0.474
 0.519
 0.479
 0.493
 0.515
 0.466
 0.511
 0.540
 0.488
 0.489
 0.492
 0.440
 0.465
 0.465
 0.471
 0.508
 0.463
 0.533
 0.463
 0.561
 0.487
 0.548
 0.511
 0.489
 0.469
 0.429
 0.526
 0.474
 0.503
 0.516
 0.490
 0.502
 0.501
 0.512
 0.462
 0.590
 0.483
 0.507
 0.466
 0.520
 0.479
 0.486
 0.531
 0.467
 0.540
 0.490
 0.468
 0.508
 0.436
 0.520
 0.422
 0.439
 0.494
 0.474
 0.556
 0.469
 0.485
 0.538
 0.510
 0.470
 0.462
 0.483
 0.496
 0.492
 0.546
 0.471
 0.566
 0.442
 0.485
 0.494
 0.525
 0.457
 0.465
 0.517
 0.499
 0.532
 0.461
 0.529
 0.482
 0.486
 0.518
 0.485
 0.430
 0.505
 0.547
 0.526
 0.480
 0.507
 0.478
 0.471
 0.467
 0.509
 0.479
 0.507
 0.519
 0.527
 0.525
 0.487
 0.501
 0.519
 0.524
 0.462
 0.463
 0.474
 0.454
 0.520
 0.472
 0.486
 0.574
 0.478
 0.501
 0.466
 0.499
 0.456
 0.538
 0.475
 0.458
 0.490
 0.494

