
 0.548
 0.572
 0.571
 0.530
 0.522
 0.557
 0.527
 0.569
 0.524
 0.477
 0.526
 0.591
 0.568
 0.539
 0.574
 0.560
 0.553
 0.511
 0.504
 0.523
 0.567
 0.562
 0.556
 0.560
 0.495
 0.506
 0.521
 0.593
 0.556
 0.543
 0.485
 0.449
 0.607
 0.555
 0.593
 0.614
 0.511
 0.508
 0.489
 0.550
 0.503
 0.583
 0.525
 0.514
 0.569
 0.503
 0.570
 0.614
 0.554
 0.559
 0.555
 0.586
 0.562
 0.520
 0.559
 0.560
 0.534
 0.603
 0.500
 0.560
 0.575
 0.547
 0.507
 0.580
 0.544
 0.546
 0.569
 0.527
 0.586
 0.561
 0.499
 0.548
 0.517
 0.511
 0.554
 0.595
 0.534
 0.592
 0.525
 0.556
 0.549
 0.543
 0.582
 0.498
 0.510
 0.609
 0.526
 0.557
 0.572
 0.542
 0.499
 0.526
 0.492
 0.589
 0.582
 0.504
 0.509
 0.597
 0.590
 0.598
 0.565
 0.589
 0.564
 0.557
 0.557
 0.496
 0.546
 0.563
 0.566
 0.529
 0.573
 0.550
 0.556
 0.539
 0.516
 0.573
 0.551
 0.538
 0.570
 0.511
 0.522
 0.569
 0.502
 0.537
 0.617
 0.565
 0.540
 0.544
 0.598
 0.543
 0.577
 0.517
 0.467
 0.518
 0.524
 0.565
 0.496
 0.521
 0.537
 0.579
 0.498
 0.517
 0.559
 0.568
 0.542
 0.507
 0.559
 0.581
 0.526
 0.528
 0.545
 0.517
 0.582
 0.514
 0.518
 0.558
 0.544
 0.588
 0.593
 0.577
 0.538
 0.527
 0.545
 0.531
 0.556
 0.522
 0.586
 0.525
 0.533
 0.552
 0.497
 0.553
 0.498
 0.581
 0.557
 0.531
 0.545
 0.601
 0.476
 0.553
 0.600
 0.575
 0.552
 0.572
 0.518
 0.517
 0.538
 0.554
 0.576
 0.566
 0.544
 0.499
 0.556
 0.609
 0.562
 0.613
 0.555
 0.517
 0.541
 0.563
 0.550
 0.517
 0.565
 0.549
 0.547
 0.576
 0.550
 0.558
 0.548
 0.509
 0.578
 0.563
 0.609
 0.539
 0.524
 0.554
 0.586
 0.484
 0.589
 0.550
 0.511
 0.584
 0.535
 0.550
 0.516
 0.575
 0.550
 0.596
 0.510
 0.519
 0.521
 0.529
 0.545
 0.552
 0.527
 0.593
 0.562
 0.625
 0.564
 0.587
 0.583
 0.525
 0.531
 0.575
 0.548
 0.547
 0.543
 0.519
 0.527
 0.517
 0.599
 0.530
 0.523
 0.568
 0.572
 0.519
 0.530
 0.504
 0.554
 0.567
 0.520
 0.526
 0.558
 0.545
 0.598
 0.543
 0.467
 0.490
 0.548
 0.519
 0.516
 0.570
 0.564
 0.570
 0.527
 0.497
 0.554
 0.607
 0.569
 0.566
 0.526
 0.578
 0.555
 0.495
 0.544
 0.521
 0.594
 0.555
 0.568
 0.567
 0.524
 0.556
 0.631
 0.513
 0.518
 0.555
 0.524
 0.532
 0.530
 0.579
 0.594
 0.524
 0.523
 0.527
 0.520
 0.595
 0.550
 0.572
 0.576
 0.546
 0.576
 0.550
 0.510
 0.580
 0.494
 0.574
 0.570
 0.605
 0.580
 0.451
 0.506
 0.583
 0.514
 0.536
 0.512
 0.511
 0.498
 0.597
 0.537
 0.537
 0.523
 0.533
 0.523
 0.520
 0.570
 0.515
 0.526
 0.515
 0.561
 0.576
 0.562
 0.570
 0.527
 0.615
 0.551
 0.528
 0.526
 0.514
 0.530
 0.577
 0.547
 0.532
 0.483
 0.507
 0.545
 0.543
 0.512
 0.525
 0.555
 0.531
 0.575
 0.561
 0.568
 0.535
 0.546
 0.532
 0.607
 0.529
 0.550
 0.522
 0.537
 0.560
 0.531
 0.530
 0.547
 0.595
 0.579
 0.523
 0.511
 0.557
 0.530
 0.524
 0.561
 0.540
 0.540
 0.571
 0.634
 0.562
 0.536
 0.540
 0.588
 0.568
 0.562
 0.598
 0.528
 0.531
 0.581
 0.537
 0.575
 0.588
 0.570
 0.576
 0.588
 0.509
 0.496
 0.559
 0.552
 0.550
 0.590
 0.543
 0.572
 0.537
 0.580
 0.539
 0.536
 0.522
 0.554
 0.525
 0.493
 0.593
 0.489
 0.583
 0.564
 0.478
 0.521
 0.544
 0.580
 0.588
 0.558
 0.540
 0.521
 0.522
 0.527
 0.551
 0.558
 0.537
 0.554
 0.612
 0.498
 0.555
 0.573
 0.593
 0.563
 0.537
 0.539
 0.521
 0.549
 0.564
 0.603
 0.567
 0.561
 0.495
 0.550
 0.582
 0.517
 0.546
 0.561
 0.505
 0.546
 0.566
 0.568
 0.539
 0.513
 0.579
 0.490
 0.553
 0.497
 0.596
 0.522
 0.510
 0.525
 0.510
 0.498
 0.471
 0.517
 0.554
 0.600
 0.554
 0.553
 0.529
 0.631
 0.557
 0.541
 0.557
 0.542
 0.554
 0.563
 0.560
 0.544
 0.567
 0.522
 0.555
 0.533
 0.538
 0.520
 0.503
 0.576
 0.532
 0.573
 0.530
 0.511
 0.570
 0.534
 0.554
 0.550
 0.534
 0.547
 0.565
 0.535
 0.577
 0.520
 0.478
 0.520
 0.562
 0.529
 0.541
 0.581
 0.507
 0.564
 0.560
 0.573
 0.507
 0.524
 0.590
 0.555
 0.507
 0.505
 0.579
 0.524
 0.582
 0.542
 0.524
 0.551
 0.567
 0.534
 0.541
 0.603
 0.554
 0.543
 0.569
 0.517
 0.517
 0.581
 0.538
 0.535
 0.592
 0.542
 0.565
 0.589
 0.532
 0.615
 0.551
 0.509
 0.552
 0.585
 0.541
 0.523
 0.567
 0.527
 0.658
 0.540
 0.544
 0.594
 0.552
 0.563
 0.505
 0.552
 0.532
 0.550
 0.513
 0.527
 0.541
 0.563
 0.584
 0.570
 0.546
 0.550
 0.522
 0.520
 0.564
 0.566
 0.595
 0.595
 0.502
 0.595
 0.523
 0.540
 0.510
 0.471
 0.580
 0.538
 0.549
 0.504
 0.579
 0.545
 0.523
 0.531
 0.570
 0.547
 0.542
 0.582
 0.549
 0.490
 0.540
 0.566
 0.530
 0.526
 0.545
 0.518
 0.566
 0.609
 0.523
 0.569
 0.520
 0.584
 0.512
 0.564
 0.511
 0.566
 0.555
 0.558
 0.545
 0.543
 0.536
 0.579
 0.518
 0.552
 0.580
 0.555
 0.535
 0.557
 0.539
 0.565
 0.577
 0.559
 0.572
 0.590
 0.567
 0.515
 0.537
 0.546
 0.553
 0.567
 0.561
 0.565
 0.495
 0.528
 0.533
 0.524
 0.526
 0.588
 0.533
 0.563
 0.579
 0.554
 0.588
 0.487
 0.572
 0.540
 0.527
 0.552
 0.554
 0.519
 0.580
 0.541
 0.590
 0.530
 0.545
 0.564
 0.582
 0.532
 0.574
 0.548
 0.557
 0.594
 0.564
 0.548
 0.542
 0.552
 0.550
 0.563
 0.541
 0.509
 0.539
 0.531
 0.546
 0.561
 0.579
 0.540
 0.579
 0.556
 0.545
 0.545
 0.523
 0.545
 0.534
 0.499
 0.529
 0.586
 0.550
 0.520
 0.554
 0.572
 0.547
 0.570
 0.578
 0.528
 0.560
 0.567
 0.491
 0.556
 0.527
 0.556
 0.538
 0.576
 0.525
 0.570
 0.588
 0.504
 0.531
 0.548
 0.559
 0.554
 0.536
 0.552
 0.523
 0.573
 0.594
 0.573
 0.534
 0.555
 0.533
 0.536
 0.538
 0.560
 0.578
 0.518
 0.552
 0.557
 0.609
 0.592
 0.506
 0.570
 0.541
 0.587
 0.573
 0.551
 0.569
 0.461
 0.576
 0.582
 0.503
 0.587
 0.549
 0.526
 0.574
 0.600
 0.506
 0.496
 0.541
 0.581
 0.606
 0.554
 0.482
 0.523
 0.543
 0.541
 0.568
 0.577
 0.516
 0.591
 0.565
 0.487
 0.560
 0.494
 0.586
 0.512
 0.433
 0.571
 0.556
 0.543
 0.591
 0.549
 0.486
 0.554
 0.519
 0.543
 0.583
 0.596
 0.520
 0.531
 0.529
 0.560
 0.540
 0.561
 0.566
 0.586
 0.554
 0.523
 0.541
 0.565
 0.581
 0.603
 0.540
 0.552
 0.586
 0.559
 0.569
 0.520
 0.570
 0.596
 0.532
 0.546
 0.524
 0.546
 0.540
 0.509
 0.515
 0.567
 0.527
 0.557
 0.523
 0.521
 0.564
 0.541
 0.521
 0.520
 0.566
 0.511
 0.472
 0.514
 0.517
 0.622
 0.539
 0.536
 0.520
 0.478
 0.522
 0.554
 0.532
 0.554
 0.551
 0.527
 0.528
 0.574
 0.570
 0.558
 0.603
 0.575
 0.545
 0.549
 0.551
 0.532
 0.484
 0.497
 0.587
 0.568
 0.585
 0.548
 0.523
 0.550
 0.621
 0.563
 0.552
 0.557
 0.580
 0.518
 0.518
 0.566
 0.498
 0.540
 0.622
 0.561
 0.508
 0.562
 0.550
 0.549
 0.518
 0.519
 0.561
 0.552
 0.554
 0.547
 0.604
 0.539
 0.540
 0.584
 0.581
 0.568
 0.529
 0.556
 0.584
 0.547
 0.528
 0.548
 0.593
 0.482
 0.572
 0.565
 0.556
 0.522
 0.543
 0.499
 0.557
 0.552
 0.460
 0.510
 0.566
 0.523
 0.533
 0.552
 0.560
 0.534
 0.506
 0.545
 0.519
 0.599
 0.543
 0.555
 0.557
 0.536
 0.541
 0.614
 0.505
 0.516
 0.526
 0.530
 0.550
 0.558
 0.503
 0.563
 0.570
 0.578
 0.543
 0.518
 0.510
 0.534
 0.515
 0.571
 0.570
 0.560
 0.523
 0.550
 0.588
 0.544
 0.550
 0.554
 0.546
 0.541
 0.542
 0.523
 0.515
 0.536
 0.550
 0.535
 0.509
 0.516
 0.540
 0.515
 0.524
 0.522
 0.600
 0.565
 0.534
 0.527
 0.591
 0.535
 0.527
 0.530
 0.590
 0.479
 0.594
 0.528
 0.565
 0.576
 0.559
 0.538
 0.579
 0.520
 0.549
 0.545
 0.584
 0.588
 0.569
 0.575
 0.506
 0.549
 0.475
 0.548
 0.554
 0.563
 0.549
 0.547
 0.563
 0.605
 0.586
 0.519
 0.543
 0.545
 0.538
 0.549
 0.570
 0.534
 0.519
 0.584
 0.489
 0.492
 0.534
 0.502
 0.514
 0.558
 0.526
 0.508
 0.599
 0.599
 0.560
 0.522
 0.547
 0.568
 0.580
 0.557
 0.524
 0.542
 0.544
 0.508
 0.582
 0.453
 0.579
 0.507
 0.535
 0.527
 0.627
 0.583
 0.529
 0.548
 0.523
 0.521
 0.564
 0.522
 0.583
 0.547
 0.514
 0.487
 0.571
 0.544
 0.545
 0.555
 0.535
 0.538
 0.567
 0.501
 0.542
 0.574
 0.518
 0.565
 0.523
 0.498
 0.579
 0.558
 0.564
 0.580
 0.568
 0.514
 0.547
 0.541
 0.543
 0.516
 0.500
 0.538
 0.515
 0.576
 0.569
 0.554
 0.499
 0.567
 0.550
 0.550
 0.556
 0.552
 0.544
 0.504
 0.514
 0.557
 0.549
 0.542
 0.517
 0.527
 0.529
 0.587
 0.540
 0.562
 0.523
 0.533
 0.591
 0.530
 0.539
 0.505
 0.580
 0.580
 0.510
 0.510
 0.590
 0.539
 0.507
 0.532
 0.545
 0.490
 0.559
 0.511
 0.578
 0.527
 0.555
 0.553
 0.590
 0.527
 0.507
 0.518
 0.538
 0.471
 0.549
 0.518
 0.558
 0.605
 0.589
 0.542
 0.548
 0.526
 0.513
 0.561
 0.550
 0.588
 0.588
 0.541
 0.512
 0.504
 0.575
 0.556
 0.574
 0.528
 0.567
 0.550
 0.491
 0.583
 0.501
 0.505
 0.573
 0.558
 0.560
 0.539
 0.562
 0.573
 0.520
 0.520
 0.505
 0.492
 0.540
 0.608
 0.477
 0.559
 0.573
 0.538
 0.565
 0.556
 0.483
 0.563
 0.563
 0.543
 0.507
 0.510
 0.556
 0.503
 0.536
 0.491
 0.597
 0.538
 0.559
 0.473
 0.516
 0.538
 0.533
 0.573
 0.588
 0.556
 0.589
 0.527
 0.562
 0.546
 0.473
 0.556
 0.543
 0.553
 0.549
 0.491
 0.580
 0.544
 0.556
 0.560
 0.588
 0.540
 0.583
 0.586
 0.575
 0.542
 0.556
 0.556
 0.600
 0.589
 0.612
 0.511
 0.560
 0.555
 0.518
 0.552
 0.565
 0.497
 0.571
 0.507
 0.525
 0.502
 0.495
 0.516
 0.554
 0.615
 0.534
 0.514
 0.518
 0.562
 0.547
 0.562
 0.584
 0.606
 0.565
 0.553
 0.571
 0.537
 0.567
 0.521
 0.551
 0.536
 0.580
 0.506
 0.592
 0.561
 0.543
 0.538
 0.510
 0.525
 0.515
 0.558
 0.546
 0.532
 0.490
 0.566
 0.555
 0.559
 0.498
 0.553
 0.573
 0.591
 0.526
 0.597
 0.597
 0.573
 0.565
 0.513
 0.558
 0.550
 0.566
 0.549
 0.564
 0.540
 0.544
 0.560
 0.502
 0.627
 0.534
 0.528
 0.595
 0.549
 0.511
 0.570
 0.593
 0.521
 0.504
 0.528
 0.563
 0.486
 0.555
 0.534
 0.507
 0.539
 0.492
 0.525
 0.540
 0.520
 0.544
 0.613
 0.515
 0.516
 0.560
 0.608
 0.586
 0.536
 0.551
 0.584
 0.555
 0.548
 0.520
 0.533
 0.547
 0.560
 0.576
 0.567
 0.548
 0.520
 0.563
 0.506
 0.539
 0.535
 0.531
 0.565
 0.587
 0.623
 0.522
 0.511
 0.478
 0.525
 0.517
 0.576
 0.544
 0.511
 0.509
 0.526
 0.556
 0.541
 0.547
 0.543
 0.576
 0.538
 0.514
 0.580
 0.560
 0.513
 0.529
 0.533
 0.558
 0.498
 0.509
 0.562
 0.554
 0.554
 0.520
 0.532
 0.562
 0.546
 0.614
 0.516
 0.513
 0.525
 0.545
 0.554
 0.514
 0.498
 0.486
 0.566
 0.565
 0.611
 0.569
 0.557
 0.581
 0.552
 0.575
 0.568
 0.535
 0.558
 0.564
 0.569
 0.554
 0.532
 0.539
 0.535
 0.521
 0.520
 0.550
 0.528
 0.555
 0.616
 0.566
 0.529
 0.509
 0.516
 0.556
 0.501
 0.550
 0.565
 0.496
 0.538
 0.541
 0.569
 0.544
 0.558
 0.511
 0.523
 0.574
 0.511
 0.534
 0.585
 0.555
 0.558
 0.553
 0.556
 0.558
 0.540
 0.553
 0.581
 0.552
 0.538
 0.613
 0.538
 0.557
 0.530
 0.597
 0.554
 0.544
 0.489
 0.538
 0.549
 0.525
 0.532
 0.541
 0.555
 0.532
 0.531
 0.529
 0.548
 0.521
 0.531
 0.525
 0.536
 0.537
 0.524
 0.546
 0.590
 0.560
 0.553
 0.569
 0.601
 0.510
 0.511
 0.560
 0.532
 0.586
 0.542
 0.487
 0.573
 0.584
 0.495
 0.570
 0.523
 0.542
 0.511
 0.548
 0.591
 0.570
 0.534
 0.529
 0.523
 0.543
 0.590
 0.568
 0.535
 0.529
 0.562
 0.527
 0.561
 0.547
 0.565
 0.543
 0.608
 0.523
 0.591
 0.551
 0.515
 0.591
 0.554
 0.545
 0.544
 0.577
 0.573
 0.522
 0.558
 0.497
 0.572
 0.539
 0.540
 0.582
 0.553
 0.536
 0.565
 0.574
 0.543
 0.517
 0.542
 0.579
 0.493
 0.512
 0.532
 0.493
 0.529
 0.570
 0.597
 0.532
 0.583
 0.553
 0.584
 0.577
 0.485
 0.491
 0.527
 0.565
 0.606
 0.518
 0.555
 0.553
 0.552
 0.587
 0.527
 0.564
 0.518
 0.572
 0.584
 0.569
 0.505
 0.507
 0.520
 0.577
 0.558
 0.544
 0.473
 0.546
 0.536
 0.595
 0.493
 0.468
 0.525
 0.532
 0.543
 0.548
 0.560
 0.568
 0.520
 0.588
 0.497
 0.569
 0.566
 0.536
 0.516
 0.559
 0.514
 0.591
 0.514
 0.558
 0.562
 0.518
 0.520
 0.586
 0.538
 0.530
 0.523
 0.513
 0.552
 0.584
 0.552
 0.549
 0.518
 0.530
 0.523
 0.591
 0.530
 0.532
 0.540
 0.502
 0.511
 0.604
 0.526
 0.542
 0.511
 0.549
 0.566
 0.533
 0.561
 0.531
 0.558
 0.528
 0.503
 0.539
 0.473
 0.559
 0.496
 0.607
 0.559
 0.578
 0.511
 0.547
 0.529
 0.564
 0.531
 0.528
 0.510
 0.586
 0.538
 0.543
 0.584
 0.539
 0.495
 0.591
 0.510
 0.527
 0.518
 0.539
 0.526
 0.542
 0.524
 0.567
 0.573
 0.480
 0.563
 0.533
 0.538
 0.606
 0.577
 0.544
 0.587
 0.578
 0.523
 0.560
 0.554
 0.537
 0.556
 0.540
 0.539
 0.555
 0.563
 0.502
 0.543
 0.535
 0.615
 0.522
 0.550
 0.551
 0.550
 0.538
 0.521
 0.528
 0.594
 0.550
 0.589
 0.571
 0.544
 0.521
 0.546
 0.522
 0.503
 0.550
 0.568
 0.549
 0.590
 0.578
 0.567
 0.625
 0.542
 0.585
 0.587
 0.592
 0.542
 0.543
 0.527
 0.513
 0.481
 0.575
 0.571
 0.587
 0.530
 0.584
 0.537
 0.544
 0.531
 0.560
 0.555
 0.565
 0.601
 0.503
 0.516
 0.564
 0.502
 0.528
 0.505
 0.567
 0.545
 0.553
 0.553
 0.548
 0.602
 0.597
 0.484
 0.607
 0.528
 0.551
 0.581
 0.530
 0.502
 0.554
 0.536
 0.567
 0.532
 0.513
 0.592
 0.580
 0.507
 0.509
 0.514
 0.574
 0.555
 0.541
 0.559
 0.554
 0.573
 0.537
 0.562
 0.516
 0.522
 0.540
 0.548
 0.521
 0.571
 0.558
 0.543
 0.593
 0.546
 0.564
 0.529
 0.502
 0.525
 0.510
 0.545
 0.570
 0.525
 0.574
 0.584
 0.549
 0.548
 0.578
 0.553
 0.533
 0.525
 0.573
 0.588
 0.509
 0.536
 0.563
 0.553
 0.569
 0.562
 0.521
 0.545
 0.575
 0.552
 0.550
 0.498
 0.533
 0.563
 0.479
 0.520
 0.572
 0.565
 0.527
 0.566
 0.571
 0.561
 0.497
 0.593
 0.576
 0.560
 0.548
 0.527
 0.527
 0.526
 0.551
 0.545
 0.524
 0.544
 0.578
 0.599
 0.563
 0.499
 0.549
 0.575
 0.551
 0.473
 0.542
 0.510
 0.579
 0.527
 0.496
 0.522
 0.544
 0.515
 0.589
 0.598
 0.547
 0.605
 0.507
 0.482
 0.508
 0.480
 0.596
 0.586
 0.554
 0.505
 0.584
 0.575
 0.525
 0.589
 0.538
 0.530
 0.524
 0.597
 0.578
 0.509
 0.536
 0.537
 0.553
 0.581
 0.535
 0.553
 0.557
 0.525
 0.548
 0.503
 0.506
 0.520
 0.515
 0.571
 0.549
 0.586
 0.557
 0.547
 0.564
 0.531
 0.557
 0.523
 0.519
 0.570
 0.559
 0.518
 0.567
 0.542
 0.536
 0.504
 0.533
 0.530
 0.620
 0.596
 0.533
 0.561
 0.563
 0.566
 0.517
 0.560
 0.552
 0.560
 0.510
 0.575
 0.540
 0.547
 0.577
 0.578
 0.524
 0.500
 0.470
 0.537
 0.538
 0.589
 0.502
 0.524
 0.513
 0.597
 0.505
 0.506
 0.536
 0.513
 0.520
 0.526
 0.588
 0.567
 0.506
 0.531
 0.537
 0.556
 0.515
 0.550
 0.577
 0.519
 0.537
 0.534
 0.499
 0.567
 0.506
 0.532
 0.566
 0.536
 0.501
 0.573
 0.556
 0.551
 0.533
 0.582
 0.541
 0.548
 0.536
 0.541
 0.548
 0.507
 0.498
 0.525
 0.548
 0.526
 0.587
 0.574
 0.578
 0.587
 0.541
 0.535
 0.511
 0.596
 0.579
 0.532
 0.574
 0.589
 0.590
 0.485
 0.489
 0.565
 0.559
 0.586
 0.567
 0.506
 0.575
 0.535
 0.590
 0.571
 0.555
 0.574
 0.553
 0.538
 0.572
 0.551
 0.530
 0.503
 0.512
 0.586
 0.530
 0.616
 0.595
 0.560
 0.560
 0.525
 0.546
 0.606
 0.555
 0.545
 0.570
 0.552
 0.555
 0.586
 0.545
 0.503
 0.557
 0.535
 0.498
 0.564
 0.532
 0.544
 0.536
 0.522
 0.546
 0.578
 0.507
 0.564
 0.566
 0.520
 0.533
 0.519
 0.563
 0.539
 0.540
 0.522
 0.512
 0.532
 0.542
 0.585
 0.551
 0.572
 0.557
 0.559
 0.511
 0.553
 0.563
 0.551
 0.581
 0.546
 0.576
 0.475
 0.517
 0.559
 0.578
 0.532
 0.542
 0.519
 0.551
 0.584
 0.571
 0.550
 0.574
 0.544
 0.524
 0.508
 0.522
 0.563
 0.563
 0.531
 0.537
 0.549
 0.538
 0.521
 0.543
 0.595
 0.520
 0.586
 0.540
 0.554
 0.521
 0.559
 0.541
 0.564
 0.565
 0.531
 0.512
 0.611
 0.517
 0.555
 0.501
 0.560
 0.494
 0.558
 0.514
 0.548
 0.545
 0.589
 0.571
 0.532
 0.563
 0.516
 0.592
 0.493
 0.504
 0.513
 0.595
 0.547
 0.542
 0.609
 0.535
 0.576
 0.527
 0.523
 0.550
 0.608
 0.558
 0.580
 0.537
 0.587
 0.565
 0.590
 0.524
 0.591
 0.557
 0.591
 0.500
 0.593
 0.501
 0.569
 0.591
 0.537
 0.548
 0.553
 0.543
 0.555
 0.509
 0.506
 0.511
 0.538
 0.568
 0.532
 0.531
 0.555
 0.614
 0.554
 0.592
 0.535
 0.531
 0.577
 0.508
 0.509
 0.568
 0.537
 0.497
 0.559
 0.569
 0.563
 0.487
 0.515
 0.579
 0.570
 0.508
 0.542
 0.547
 0.554
 0.508
 0.594
 0.514
 0.523
 0.532
 0.557
 0.534
 0.562
 0.559
 0.486
 0.563
 0.525
 0.469
 0.568
 0.546
 0.557
 0.551
 0.542
 0.526
 0.505
 0.520
 0.535
 0.552
 0.521
 0.563
 0.587
 0.513
 0.550
 0.587
 0.565
 0.592
 0.535
 0.560
 0.587
 0.563
 0.546
 0.498
 0.574
 0.534
 0.593
 0.477
 0.514
 0.571
 0.522
 0.557
 0.497
 0.564
 0.532
 0.540
 0.543
 0.592
 0.538
 0.550
 0.629
 0.573
 0.537
 0.599
 0.556
 0.530
 0.536
 0.523
 0.571
 0.569
 0.552
 0.526
 0.498
 0.585
 0.551
 0.560
 0.528
 0.539
 0.586
 0.524
 0.528
 0.536
 0.506
 0.584
 0.515
 0.547
 0.516
 0.550
 0.532
 0.551
 0.531
 0.512
 0.509
 0.597
 0.560
 0.533
 0.544
 0.504
 0.536
 0.550
 0.560
 0.552
 0.531
 0.476
 0.605
 0.572
 0.524
 0.560
 0.567
 0.554
 0.555
 0.537
 0.548
 0.556
 0.547
 0.524
 0.538
 0.604
 0.521
 0.540
 0.507
 0.545
 0.527
 0.563
 0.500
 0.532
 0.554
 0.551
 0.606
 0.548
 0.523
 0.545
 0.584
 0.561
 0.553
 0.512
 0.592
 0.601
 0.581
 0.537
 0.574
 0.576
 0.602
 0.557
 0.527
 0.540
 0.517
 0.583
 0.542
 0.577
 0.484
 0.561
 0.580
 0.495
 0.533
 0.532
 0.587
 0.529
 0.539
 0.555
 0.557
 0.500
 0.576
 0.544
 0.509
 0.553
 0.528
 0.596
 0.567
 0.587
 0.503
 0.564
 0.514
 0.509
 0.544
 0.556
 0.597
 0.554
 0.516
 0.535
 0.560
 0.514
 0.573
 0.549
 0.504
 0.487
 0.541
 0.540
 0.555
 0.579
 0.513
 0.581
 0.521
 0.557
 0.559
 0.548
 0.555
 0.566
 0.487
 0.583
 0.591
 0.520
 0.535
 0.546
 0.583
 0.522
 0.566
 0.552
 0.537
 0.532
 0.534
 0.536
 0.520
 0.594
 0.517
 0.510
 0.556
 0.569
 0.584
 0.530
 0.564
 0.504
 0.516
 0.477
 0.533
 0.535
 0.594
 0.586
 0.600
 0.606
 0.541
 0.538
 0.492
 0.572
 0.574
 0.514
 0.542
 0.609
 0.551
 0.580
 0.535
 0.531
 0.580
 0.545
 0.573
 0.510
 0.528
 0.531
 0.567
 0.521
 0.552
 0.539
 0.568
 0.545
 0.503
 0.555
 0.496
 0.508
 0.533
 0.535
 0.495
 0.582
 0.516
 0.595
 0.588
 0.546
 0.467
 0.554
 0.536
 0.495
 0.482
 0.552
 0.556
 0.503
 0.515
 0.543
 0.518
 0.538
 0.586
 0.567
 0.542
 0.531
 0.526
 0.587
 0.515
 0.533
 0.575
 0.521
 0.543
 0.530
 0.511
 0.584
 0.552
 0.541
 0.613
 0.540
 0.590
 0.538
 0.559
 0.532
 0.523
 0.598
 0.510
 0.563
 0.547
 0.536
 0.588
 0.540
 0.534
 0.524
 0.567
 0.545
 0.550
 0.550
 0.526
 0.511
 0.579
 0.520
 0.543
 0.480
 0.567
 0.535
 0.519
 0.591
 0.552
 0.552
 0.497
 0.543
 0.557
 0.610
 0.503
 0.548
 0.485
 0.536
 0.567
 0.516
 0.584
 0.569
 0.564
 0.583
 0.569
 0.553
 0.575
 0.576
 0.560
 0.527
 0.558
 0.560
 0.549
 0.552
 0.534
 0.526
 0.589
 0.594
 0.520
 0.544
 0.582
 0.544
 0.544
 0.577
 0.553
 0.535
 0.566
 0.572
 0.536
 0.580
 0.591
 0.552
 0.555
 0.607
 0.512
 0.503
 0.496
 0.536
 0.491
 0.553
 0.511
 0.540
 0.533
 0.532
 0.495
 0.563
 0.517
 0.560
 0.525
 0.587
 0.538
 0.531
 0.497
 0.523
 0.558
 0.526
 0.546
 0.545
 0.539
 0.523
 0.532
 0.582
 0.537
 0.534
 0.548
 0.582
 0.563
 0.541
 0.526
 0.548
 0.526
 0.514
 0.511
 0.583
 0.554
 0.532
 0.509
 0.551
 0.552
 0.540
 0.506
 0.548
 0.579
 0.604
 0.602
 0.545
 0.499
 0.548
 0.574
 0.566
 0.547
 0.554
 0.506
 0.597
 0.511
 0.559
 0.599
 0.544
 0.566
 0.552
 0.634
 0.522
 0.572
 0.600
 0.530
 0.533
 0.507
 0.445
 0.515
 0.517
 0.541
 0.533
 0.500
 0.589
 0.516
 0.506
 0.605
 0.583
 0.539
 0.545
 0.560
 0.599
 0.585
 0.564
 0.524
 0.509
 0.559
 0.536
 0.560
 0.576
 0.526
 0.520
 0.562
 0.543
 0.576
 0.588
 0.535
 0.547
 0.574
 0.514
 0.543
 0.539
 0.569
 0.515
 0.574
 0.554
 0.506
 0.495
 0.557
 0.602
 0.569
 0.535
 0.533
 0.518
 0.576
 0.525
 0.511
 0.574
 0.547
 0.565
 0.581
 0.550
 0.498
 0.527
 0.580
 0.549
 0.504
 0.492
 0.551
 0.564
 0.567
 0.498
 0.549
 0.537
 0.495
 0.537
 0.574
 0.532
 0.514
 0.557
 0.557
 0.537
 0.579
 0.555
 0.565
 0.530
 0.570
 0.553
 0.521
 0.520
 0.613
 0.574
 0.531
 0.541
 0.562
 0.621
 0.548
 0.529
 0.597
 0.546
 0.591
 0.539
 0.539
 0.559
 0.560
 0.582
 0.568
 0.547
 0.546
 0.523
 0.533
 0.573
 0.552
 0.499
 0.529
 0.584
 0.527
 0.526
 0.577
 0.565
 0.578
 0.607
 0.575
 0.523
 0.597
 0.576
 0.561
 0.566
 0.488
 0.458
 0.549
 0.483
 0.570
 0.559
 0.568
 0.568
 0.500
 0.496
 0.542
 0.522
 0.515
 0.601
 0.547
 0.610
 0.560
 0.513
 0.530
 0.549
 0.564
 0.532
 0.527
 0.575
 0.471
 0.490
 0.526
 0.517
 0.553
 0.546
 0.525
 0.511
 0.552
 0.531
 0.554
 0.493
 0.541
 0.539
 0.563
 0.523
 0.573
 0.542
 0.593
 0.585
 0.573
 0.519
 0.574
 0.552
 0.520
 0.570
 0.579
 0.561
 0.566
 0.521
 0.556
 0.567
 0.519
 0.558
 0.592
 0.526
 0.533
 0.616
 0.537
 0.536
 0.531
 0.541
 0.480
 0.502
 0.543
 0.575
 0.539
 0.564
 0.574
 0.488
 0.510
 0.541
 0.553
 0.572
 0.526
 0.496
 0.487
 0.502
 0.507
 0.546
 0.559
 0.540
 0.559
 0.517
 0.564
 0.558
 0.516
 0.630
 0.530
 0.549
 0.481
 0.553
 0.564
 0.492
 0.498
 0.595
 0.548
 0.511
 0.531
 0.553
 0.550
 0.566
 0.586
 0.599
 0.584
 0.550
 0.551
 0.582
 0.540
 0.583
 0.576
 0.530
 0.526
 0.481
 0.527
 0.552
 0.464
 0.546
 0.543
 0.601
 0.571
 0.507
 0.579
 0.591
 0.547
 0.528
 0.552
 0.589
 0.508
 0.554
 0.577
 0.523
 0.537
 0.529
 0.525
 0.511
 0.531
 0.581
 0.577
 0.516
 0.488
 0.567
 0.612
 0.528
 0.485
 0.572
 0.524
 0.499
 0.549
 0.569
 0.549
 0.556
 0.573
 0.532
 0.548
 0.586
 0.534
 0.535
 0.547
 0.531
 0.544
 0.584
 0.511
 0.559
 0.522
 0.522
 0.525
 0.548
 0.547
 0.555
 0.557
 0.500
 0.523
 0.545
 0.524
 0.557
 0.568
 0.545
 0.523
 0.516
 0.550
 0.562
 0.508
 0.557
 0.537
 0.555
 0.485
 0.532
 0.514
 0.552
 0.499
 0.583
 0.501
 0.554
 0.563
 0.510
 0.552
 0.491
 0.537
 0.541
 0.565
 0.546
 0.523
 0.565
 0.499
 0.572
 0.549
 0.564
 0.554
 0.557
 0.553
 0.558
 0.491
 0.525
 0.560
 0.544
 0.554
 0.567
 0.554
 0.534
 0.566
 0.588
 0.595
 0.564
 0.540
 0.551
 0.609
 0.534
 0.590
 0.504
 0.568
 0.594
 0.546
 0.497
 0.515
 0.504
 0.583
 0.509
 0.526
 0.527
 0.557
 0.541
 0.484
 0.531
 0.578
 0.568
 0.571
 0.579
 0.556
 0.514
 0.571
 0.539
 0.513
 0.568
 0.530
 0.542
 0.546
 0.520
 0.547
 0.562
 0.536
 0.560
 0.523
 0.548
 0.502
 0.582
 0.534
 0.561
 0.527
 0.521
 0.577
 0.580
 0.576
 0.590
 0.595
 0.502
 0.579
 0.535
 0.584
 0.553
 0.542
 0.542
 0.557
 0.550
 0.560
 0.533
 0.545
 0.578
 0.568
 0.569
 0.532
 0.562
 0.478
 0.482
 0.531
 0.567
 0.522
 0.523
 0.543
 0.526
 0.533
 0.539
 0.559
 0.494
 0.597
 0.574
 0.570
 0.528
 0.524
 0.538
 0.570
 0.567
 0.542
 0.558
 0.541
 0.606
 0.584
 0.568
 0.549
 0.503
 0.493
 0.620
 0.538
 0.523
 0.623
 0.516
 0.511
 0.519
 0.592
 0.547
 0.545
 0.605
 0.609
 0.466
 0.542
 0.569
 0.624
 0.548
 0.509
 0.536
 0.579
 0.538
 0.589
 0.504
 0.566
 0.544
 0.478
 0.545
 0.576
 0.555
 0.569
 0.492
 0.499
 0.511
 0.554
 0.563
 0.597
 0.525
 0.564
 0.491
 0.545
 0.504
 0.530
 0.542
 0.557
 0.554
 0.587
 0.527
 0.494
 0.545
 0.523
 0.571
 0.507
 0.504
 0.572
 0.540
 0.564
 0.545
 0.504
 0.572
 0.492
 0.608
 0.536
 0.556
 0.539
 0.532
 0.573
 0.531
 0.514
 0.583
 0.536
 0.570
 0.515
 0.573
 0.593
 0.562
 0.580
 0.551
 0.582
 0.519
 0.516
 0.572
 0.633
 0.552
 0.547
 0.528
 0.609
 0.578
 0.549
 0.538
 0.531
 0.533
 0.510
 0.489
 0.568
 0.540
 0.602
 0.483
 0.535
 0.531
 0.528
 0.582
 0.529
 0.525
 0.519
 0.539
 0.549
 0.563
 0.548
 0.542
 0.536
 0.574
 0.537
 0.494
 0.528
 0.558
 0.550
 0.560
 0.571
 0.468
 0.504
 0.570
 0.533
 0.557
 0.556
 0.555
 0.564
 0.579
 0.573
 0.556
 0.516
 0.550
 0.534
 0.596
 0.607
 0.574
 0.540
 0.452
 0.559
 0.553
 0.539
 0.548
 0.555
 0.578
 0.527
 0.609
 0.569
 0.549
 0.608
 0.521
 0.576
 0.553
 0.549
 0.536
 0.545
 0.542
 0.527
 0.578
 0.508
 0.571
 0.547
 0.595
 0.553
 0.541
 0.566
 0.512
 0.482
 0.518
 0.581
 0.528
 0.588
 0.592
 0.508
 0.518
 0.511
 0.574
 0.528
 0.557
 0.582
 0.548
 0.549
 0.562
 0.596
 0.504
 0.553
 0.536
 0.561
 0.488
 0.523
 0.583
 0.533
 0.516
 0.548
 0.604
 0.500
 0.517
 0.510
 0.561
 0.565
 0.556
 0.546
 0.546
 0.536
 0.529
 0.525
 0.574
 0.570
 0.562
 0.541
 0.488
 0.589
 0.595
 0.563
 0.496
 0.527
 0.559
 0.561
 0.538
 0.526
 0.529
 0.570
 0.537
 0.510
 0.513
 0.520
 0.567
 0.590
 0.504
 0.594
 0.590
 0.553
 0.562
 0.581
 0.604
 0.536
 0.577
 0.522
 0.538
 0.588
 0.579
 0.564
 0.523
 0.553
 0.533
 0.542
 0.541
 0.494
 0.541
 0.502
 0.613
 0.611
 0.583
 0.541
 0.512
 0.508
 0.552
 0.588
 0.555
 0.537
 0.588
 0.535
 0.571
 0.556
 0.586
 0.525
 0.595
 0.499
 0.524
 0.548
 0.598
 0.511
 0.522
 0.533
 0.550
 0.532
 0.535
 0.548
 0.483
 0.524
 0.538
 0.545
 0.534
 0.505
 0.543
 0.590
 0.559
 0.565
 0.577
 0.552
 0.480
 0.554
 0.526
 0.570
 0.485
 0.524
 0.562
 0.511
 0.581
 0.534
 0.588
 0.541
 0.561
 0.582
 0.605
 0.549
 0.530
 0.497
 0.607
 0.575
 0.531
 0.580
 0.509
 0.523
 0.551
 0.557
 0.529
 0.515
 0.605
 0.575
 0.537
 0.540
 0.486
 0.585
 0.559
 0.514
 0.495
 0.559
 0.568
 0.491
 0.595
 0.536
 0.535
 0.587
 0.576
 0.539
 0.599
 0.596
 0.496
 0.545
 0.529
 0.537
 0.545
 0.490
 0.545
 0.538
 0.536
 0.564
 0.567
 0.567
 0.513
 0.593
 0.567
 0.563
 0.547
 0.535
 0.525
 0.556
 0.540
 0.576
 0.532
 0.621
 0.602
 0.567
 0.579
 0.539
 0.497
 0.531
 0.530
 0.539
 0.538
 0.548
 0.594
 0.527
 0.585
 0.577
 0.557
 0.546
 0.535
 0.514
 0.578
 0.590
 0.533
 0.559
 0.556
 0.532
 0.566
 0.559
 0.557
 0.548
 0.592
 0.502
 0.585
 0.528
 0.576
 0.553
 0.538
 0.555
 0.521
 0.556
 0.508
 0.489
 0.606
 0.550
 0.501
 0.529
 0.532
 0.562
 0.569
 0.517
 0.520
 0.578
 0.505
 0.552
 0.597
 0.510
 0.548
 0.503
 0.538
 0.541
 0.573
 0.585
 0.570
 0.505
 0.531
 0.538
 0.572
 0.556
 0.596
 0.558
 0.579
 0.549
 0.553
 0.561
 0.596
 0.586
 0.553
 0.522
 0.578
 0.534
 0.567
 0.539
 0.544
 0.509
 0.531
 0.536
 0.555
 0.531
 0.553
 0.508
 0.576
 0.551
 0.562
 0.560
 0.569
 0.544
 0.534
 0.500
 0.544
 0.579
 0.536
 0.518
 0.568
 0.565
 0.514
 0.521
 0.528
 0.545
 0.504
 0.611
 0.589
 0.566
 0.547
 0.516
 0.524
 0.532
 0.558
 0.539
 0.538
 0.559
 0.529
 0.430
 0.577
 0.581
 0.561
 0.541
 0.570
 0.530
 0.537
 0.571
 0.527
 0.526
 0.537
 0.499
 0.573
 0.522
 0.564
 0.561
 0.521
 0.516
 0.530
 0.546
 0.502
 0.534
 0.573
 0.577
 0.545
 0.550
 0.523
 0.588
 0.449
 0.583
 0.585
 0.596
 0.550
 0.517
 0.495
 0.538
 0.545
 0.596
 0.551
 0.569
 0.527
 0.477
 0.527
 0.579
 0.555
 0.557
 0.615
 0.503
 0.591
 0.547
 0.572
 0.510
 0.549
 0.552
 0.543
 0.525
 0.512
 0.536
 0.550
 0.571
 0.595
 0.606
 0.547
 0.560
 0.523
 0.574
 0.583
 0.537
 0.579
 0.535
 0.570
 0.502
 0.494
 0.562
 0.573
 0.593
 0.599
 0.561
 0.552
 0.510
 0.547
 0.534
 0.527
 0.563
 0.569
 0.561
 0.581
 0.571
 0.519
 0.510
 0.547
 0.554
 0.545
 0.555
 0.546
 0.598
 0.590
 0.537
 0.537
 0.539
 0.574
 0.513
 0.561
 0.583
 0.585
 0.476
 0.533
 0.532
 0.585
 0.535
 0.554
 0.547
 0.518
 0.518
 0.527
 0.576
 0.503
 0.555
 0.590
 0.570
 0.503
 0.534
 0.573
 0.551
 0.549
 0.538
 0.502
 0.539
 0.506
 0.588
 0.553
 0.566
 0.559
 0.588
 0.588
 0.521
 0.601
 0.546
 0.560
 0.506
 0.592
 0.509
 0.564
 0.571
 0.583
 0.554
 0.490
 0.566
 0.551
 0.539
 0.561
 0.544
 0.567
 0.566
 0.539
 0.558
 0.544
 0.541
 0.560
 0.565
 0.544
 0.534
 0.555
 0.491
 0.585
 0.509
 0.565
 0.575
 0.559
 0.539
 0.543
 0.544
 0.540
 0.597
 0.578
 0.548
 0.593
 0.532
 0.508
 0.497
 0.521
 0.538
 0.537
 0.561
 0.569
 0.533
 0.547
 0.521
 0.544
 0.556
 0.600
 0.539
 0.532
 0.551
 0.577
 0.479
 0.533
 0.502
 0.537
 0.585
 0.557
 0.564
 0.536
 0.602
 0.540
 0.543
 0.535
 0.573
 0.506
 0.579
 0.538
 0.580
 0.587
 0.534
 0.520
 0.530
 0.521
 0.547
 0.503
 0.563
 0.610
 0.518
 0.570
 0.567
 0.572
 0.482
 0.542
 0.550
 0.576
 0.576
 0.573
 0.544
 0.590
 0.510
 0.512
 0.534
 0.556
 0.580
 0.581
 0.499
 0.563
 0.509
 0.541
 0.538
 0.550
 0.546
 0.564
 0.558
 0.546
 0.561
 0.538
 0.536
 0.562
 0.493
 0.549
 0.530
 0.557
 0.496
 0.521
 0.540
 0.550
 0.515
 0.616
 0.563
 0.504
 0.559
 0.577
 0.464
 0.553
 0.537
 0.515
 0.518
 0.559
 0.527
 0.478
 0.555
 0.576
 0.503
 0.529
 0.564
 0.541
 0.515
 0.550
 0.535
 0.517
 0.596
 0.634
 0.538
 0.553
 0.576
 0.586
 0.536
 0.561
 0.571
 0.574
 0.549
 0.539
 0.529
 0.557
 0.601
 0.551
 0.511
 0.538
 0.532
 0.569
 0.630
 0.559
 0.508
 0.568
 0.527
 0.552
 0.580
 0.564
 0.517
 0.470
 0.567
 0.531
 0.535
 0.565
 0.570
 0.543
 0.550
 0.573
 0.555
 0.546
 0.546
 0.619
 0.537
 0.523
 0.542
 0.529
 0.554
 0.553
 0.548
 0.565
 0.545
 0.534
 0.539
 0.541
 0.547
 0.553
 0.487
 0.548
 0.568
 0.526
 0.568
 0.507
 0.565
 0.517
 0.564
 0.556
 0.516
 0.564
 0.573
 0.565
 0.527
 0.540
 0.520
 0.549
 0.534
 0.537
 0.535
 0.541
 0.545
 0.540
 0.525
 0.584
 0.570
 0.519
 0.513
 0.522
 0.572
 0.512
 0.547
 0.526
 0.513
 0.514
 0.523
 0.523
 0.573
 0.507
 0.586
 0.606
 0.497
 0.568
 0.539
 0.506
 0.537
 0.521
 0.548
 0.534
 0.582
 0.542
 0.532
 0.524
 0.540
 0.565
 0.550
 0.556
 0.545
 0.486
 0.528
 0.566
 0.594
 0.518
 0.577
 0.556
 0.543
 0.529
 0.526
 0.575
 0.524
 0.576
 0.534
 0.544
 0.534
 0.573
 0.578
 0.580
 0.577
 0.573
 0.575
 0.531
 0.538
 0.569
 0.559
 0.530
 0.487
 0.567
 0.524
 0.553
 0.583
 0.579
 0.547
 0.515
 0.554
 0.560
 0.483
 0.554
 0.548
 0.508
 0.541
 0.576
 0.551
 0.574
 0.560
 0.576
 0.494
 0.604
 0.582
 0.484
 0.540
 0.588
 0.519
 0.559
 0.590
 0.568
 0.487
 0.540
 0.578
 0.568
 0.543
 0.547
 0.538
 0.573
 0.549
 0.549
 0.528
 0.542
 0.556
 0.501
 0.555
 0.546
 0.526
 0.577
 0.521
 0.553
 0.593
 0.559
 0.529
 0.601
 0.491
 0.552
 0.476
 0.524
 0.578
 0.496
 0.606
 0.539
 0.510
 0.556
 0.538
 0.510
 0.577
 0.547
 0.588
 0.551
 0.550
 0.554
 0.473
 0.577
 0.554
 0.538
 0.558
 0.465
 0.557
 0.483
 0.536
 0.524
 0.586
 0.551
 0.484
 0.535
 0.550
 0.546
 0.561
 0.553
 0.487
 0.588
 0.574
 0.559
 0.495
 0.537
 0.566
 0.485
 0.560
 0.535
 0.514
 0.495
 0.515
 0.536
 0.580
 0.535
 0.534
 0.563
 0.542
 0.594
 0.537
 0.576
 0.528
 0.495
 0.606
 0.563
 0.528
 0.564
 0.538
 0.554
 0.542
 0.586
 0.572
 0.579
 0.570
 0.551
 0.549
 0.574
 0.499
 0.555
 0.552
 0.583
 0.582
 0.582
 0.557
 0.551
 0.525
 0.582
 0.535
 0.592
 0.527
 0.573
 0.558
 0.554
 0.557
 0.528
 0.572
 0.560
 0.510
 0.557
 0.587
 0.536
 0.515
 0.543
 0.529
 0.541
 0.574
 0.540
 0.551
 0.544
 0.525
 0.556
 0.577
 0.506
 0.580
 0.519
 0.596
 0.563
 0.556
 0.552
 0.492
 0.551
 0.527
 0.575
 0.542
 0.580
 0.561
 0.536
 0.541
 0.544
 0.529
 0.537
 0.547
 0.529
 0.530
 0.559
 0.484
 0.548
 0.584
 0.533
 0.570
 0.523
 0.519
 0.533
 0.567
 0.549
 0.534
 0.577
 0.583
 0.570
 0.551
 0.542
 0.583
 0.581
 0.583
 0.536
 0.588
 0.504
 0.563
 0.525
 0.603
 0.504
 0.538
 0.499
 0.590
 0.552
 0.578
 0.574
 0.593
 0.532
 0.563
 0.523
 0.516
 0.531
 0.520
 0.583
 0.546
 0.540
 0.564
 0.568
 0.567
 0.491
 0.536
 0.493
 0.545
 0.566
 0.558
 0.515
 0.569
 0.543
 0.580
 0.567
 0.532
 0.572
 0.571
 0.548
 0.556
 0.545
 0.573
 0.573
 0.544
 0.559
 0.530
 0.570
 0.567
 0.521
 0.609
 0.496
 0.527
 0.557
 0.534
 0.568
 0.602
 0.593
 0.553
 0.582
 0.562
 0.567
 0.531
 0.565
 0.525
 0.543
 0.588
 0.551
 0.542
 0.581
 0.602
 0.535
 0.580
 0.551
 0.533
 0.497
 0.536
 0.564
 0.537
 0.610
 0.572
 0.558
 0.519
 0.504
 0.560
 0.538
 0.565
 0.527
 0.560
 0.532
 0.541
 0.521
 0.565
 0.557
 0.585
 0.540
 0.537
 0.535
 0.516
 0.534
 0.601
 0.574
 0.563
 0.518
 0.549
 0.515
 0.536
 0.535
 0.541
 0.586
 0.568
 0.549
 0.576
 0.558
 0.561
 0.551
 0.501
 0.558
 0.561
 0.634
 0.488
 0.593
 0.539
 0.547
 0.584
 0.520
 0.552
 0.500
 0.586
 0.592
 0.544
 0.525
 0.522
 0.609
 0.487
 0.527
 0.569
 0.496
 0.499
 0.548
 0.529
 0.486
 0.595
 0.544
 0.568
 0.544
 0.532
 0.614
 0.562
 0.532
 0.566
 0.532
 0.541
 0.516
 0.549
 0.510
 0.589
 0.556
 0.483
 0.624
 0.490
 0.553
 0.521
 0.561
 0.516
 0.465
 0.502
 0.523
 0.582
 0.520
 0.573
 0.483
 0.503
 0.592
 0.582
 0.548
 0.588
 0.545
 0.592
 0.507
 0.542
 0.583
 0.532
 0.550
 0.511
 0.570
 0.478
 0.531
 0.521
 0.535
 0.522
 0.570
 0.475
 0.536
 0.531
 0.523
 0.607
 0.580
 0.614
 0.595
 0.560
 0.494
 0.621
 0.512
 0.554
 0.547
 0.529
 0.573
 0.544
 0.538
 0.555
 0.570
 0.625
 0.598
 0.544
 0.558
 0.530
 0.528
 0.555
 0.530
 0.572
 0.580
 0.568
 0.586
 0.568
 0.576
 0.546
 0.575
 0.540
 0.571
 0.550
 0.557
 0.566
 0.568
 0.604
 0.531
 0.590
 0.595
 0.534
 0.515
 0.551
 0.514
 0.556
 0.514
 0.538
 0.487
 0.562
 0.551
 0.528
 0.525
 0.575
 0.599
 0.497
 0.578
 0.514
 0.552
 0.517
 0.520
 0.601
 0.556
 0.539
 0.523
 0.529
 0.545
 0.535
 0.573
 0.540
 0.521
 0.568
 0.527
 0.566
 0.528
 0.488
 0.550
 0.539
 0.548
 0.549
 0.507
 0.526
 0.475
 0.522
 0.555
 0.543
 0.527
 0.528
 0.523
 0.558
 0.556
 0.494
 0.578
 0.531
 0.552
 0.528
 0.558
 0.582
 0.557
 0.581
 0.535
 0.549
 0.513
 0.498
 0.575
 0.538
 0.599
 0.539
 0.603
 0.525
 0.602
 0.534
 0.573
 0.529
 0.517
 0.559
 0.567
 0.540
 0.505
 0.571
 0.549
 0.515
 0.499
 0.564
 0.566
 0.545
 0.579
 0.522
 0.561
 0.585
 0.505
 0.599
 0.563
 0.589
 0.547
 0.591
 0.496
 0.497
 0.575
 0.539
 0.518
 0.508
 0.522
 0.507
 0.568
 0.551
 0.566
 0.547
 0.550
 0.500
 0.536
 0.486
 0.585
 0.591
 0.562
 0.551
 0.573
 0.581
 0.564
 0.564
 0.532
 0.534
 0.528
 0.526
 0.572
 0.524
 0.543
 0.513
 0.549
 0.551
 0.565
 0.583
 0.539
 0.560
 0.511
 0.513
 0.558
 0.527
 0.463
 0.530
 0.609
 0.529
 0.575
 0.510
 0.567
 0.475
 0.554
 0.565
 0.570
 0.571
 0.521
 0.521
 0.559
 0.540
 0.564
 0.519
 0.552
 0.529
 0.526
 0.597
 0.563
 0.539
 0.548
 0.528
 0.603
 0.511
 0.512
 0.583
 0.515
 0.563
 0.575
 0.579
 0.541
 0.557
 0.587
 0.558
 0.633
 0.505
 0.541
 0.535
 0.557
 0.571
 0.533
 0.483
 0.552
 0.524
 0.512
 0.571
 0.535
 0.548
 0.518
 0.521
 0.537
 0.549
 0.559
 0.571
 0.521
 0.575
 0.557
 0.544
 0.573
 0.606
 0.517
 0.551
 0.524
 0.532
 0.586
 0.564
 0.497
 0.551
 0.556
 0.570
 0.504
 0.553
 0.486
 0.576
 0.496
 0.574
 0.511
 0.567
 0.524
 0.550
 0.526
 0.587
 0.575
 0.566
 0.526
 0.490
 0.579
 0.496
 0.562
 0.502
 0.566
 0.441
 0.499
 0.606
 0.640
 0.557
 0.534
 0.527
 0.466
 0.580
 0.524
 0.551
 0.543
 0.540
 0.526
 0.558
 0.592
 0.512
 0.519
 0.579
 0.570
 0.537
 0.536
 0.568
 0.507
 0.586
 0.537
 0.523
 0.546
 0.552
 0.584
 0.543
 0.544
 0.562
 0.525
 0.512
 0.557
 0.558
 0.544
 0.520
 0.514
 0.600
 0.557
 0.550
 0.532
 0.558
 0.560
 0.496
 0.566
 0.562
 0.527
 0.533
 0.530
 0.521
 0.575
 0.551
 0.540
 0.490
 0.484
 0.499
 0.631
 0.583
 0.560
 0.549
 0.578
 0.543
 0.521
 0.540
 0.515
 0.484
 0.550
 0.541
 0.562
 0.570
 0.584
 0.538
 0.589
 0.547
 0.563
 0.544
 0.610
 0.547
 0.594
 0.563
 0.499
 0.560
 0.504
 0.493
 0.564
 0.529
 0.497
 0.564
 0.588
 0.523
 0.552
 0.546
 0.551
 0.517
 0.519
 0.540
 0.542
 0.521
 0.578
 0.510
 0.550
 0.585
 0.599
 0.544
 0.564
 0.510
 0.545
 0.572
 0.567
 0.538
 0.565
 0.521
 0.545
 0.573
 0.561
 0.547
 0.578
 0.473
 0.605
 0.545
 0.554
 0.521
 0.495
 0.577
 0.533
 0.563
 0.536
 0.511
 0.539
 0.543
 0.540
 0.544
 0.551
 0.509
 0.561
 0.555
 0.554
 0.534
 0.496
 0.590
 0.506
 0.568
 0.533
 0.497
 0.563
 0.595
 0.520
 0.563
 0.546
 0.528
 0.529
 0.506
 0.532
 0.532
 0.585
 0.589
 0.518
 0.512
 0.566
 0.546
 0.493
 0.511
 0.505
 0.540
 0.558
 0.557
 0.492
 0.537
 0.547
 0.514
 0.567
 0.558
 0.558
 0.546
 0.579
 0.567
 0.523
 0.597
 0.564
 0.516
 0.544
 0.542
 0.529
 0.516
 0.540
 0.561
 0.566
 0.515
 0.537
 0.566
 0.547
 0.610
 0.565
 0.487
 0.538
 0.589
 0.513
 0.500
 0.607
 0.544
 0.528
 0.548
 0.515
 0.544
 0.571
 0.579
 0.540
 0.481
 0.540
 0.540
 0.567
 0.588
 0.533
 0.522
 0.549
 0.571
 0.562
 0.555
 0.600
 0.598
 0.525
 0.585
 0.516
 0.560
 0.543
 0.572
 0.568
 0.548
 0.591
 0.551
 0.568
 0.531
 0.524
 0.555
 0.570
 0.557
 0.588
 0.603
 0.523
 0.538
 0.564
 0.567
 0.526
 0.555
 0.556
 0.517
 0.545
 0.551
 0.530
 0.524
 0.531
 0.540
 0.566
 0.525
 0.490
 0.589
 0.536
 0.547
 0.611
 0.501
 0.454
 0.562
 0.523
 0.571
 0.585
 0.511
 0.534
 0.524
 0.551
 0.554
 0.513
 0.548
 0.516
 0.530
 0.556
 0.585
 0.501
 0.562
 0.590
 0.526
 0.540
 0.498
 0.583
 0.568
 0.516
 0.601
 0.543
 0.569
 0.513
 0.565
 0.548
 0.517
 0.572
 0.556
 0.564
 0.513
 0.523
 0.564
 0.583
 0.510
 0.525
 0.636
 0.578
 0.534
 0.542
 0.509
 0.552
 0.626
 0.558
 0.559
 0.509
 0.575
 0.510
 0.533
 0.542
 0.567
 0.567
 0.506
 0.512
 0.545
 0.497
 0.509
 0.526
 0.550
 0.575
 0.556
 0.572
 0.525
 0.496
 0.527
 0.521
 0.535
 0.556
 0.513
 0.563
 0.579
 0.579
 0.635
 0.601
 0.583
 0.575
 0.509
 0.535
 0.548
 0.474
 0.544
 0.513
 0.555
 0.519
 0.555
 0.540
 0.514
 0.560
 0.585
 0.490
 0.535
 0.593
 0.544
 0.575
 0.533
 0.544
 0.538
 0.552
 0.560
 0.538
 0.489
 0.535
 0.501
 0.516
 0.553
 0.538
 0.578
 0.515
 0.525
 0.554
 0.540
 0.575
 0.528
 0.581
 0.515
 0.557
 0.573
 0.588
 0.559
 0.539
 0.510
 0.531
 0.531
 0.570
 0.555
 0.557
 0.488
 0.576
 0.488
 0.542
 0.563
 0.568
 0.576
 0.550
 0.567
 0.587
 0.552
 0.614
 0.553
 0.537

