42 35
33 34
34 52
50 49
48 42
14 42
18 49
42 38
33 31
19 36
27 43
14 46
49 40
36 46
41 39
37 49
24 43
14 38
27 37
31 51
8 38
35 44
28 43
15 41
23 57
30 46
34 50
5 43
47 39
32 35
15 45
43 49
6 44
15 42
48 41
18 44
10 46
21 34
44 35
47 50
18 42
29 32
10 45
14 46
41 45
50 42
43 58
26 36
46 41
9 39
36 44
16 38
26 49
24 43
1 42
7 40
2 42
32 35
46 42
20 40
34 38
19 51
4 34
22 48
2 41
22 49
32 35
15 44
15 40
28 41
21 38
28 34
9 37
19 53
30 48
10 57
19 37
48 31
21 41
37 45
6 44
29 47
12 39
40 36
3 28
14 38
34 51
4 47
29 44
17 43
45 37
6 48
29 43
42 45
19 52
19 46
12 53
24 40
1 37
32 46
45 39
33 32
26 40
9 48
47 30
34 34
50 34
43 37
15 41
24 40
27 45
34 42
33 57
22 45
30 43
8 49
33 43
43 45
47 50
14 40
42 36
17 40
19 47
30 49
43 35
50 36
40 58
33 30
2 30
36 37
14 43
47 46
37 43
42 37
45 33
32 42
8 56
13 33
18 35
8 31
28 45
19 56
27 26
22 45
20 46
28 51
29 43
15 38
35 41
25 45
44 46
3 37
44 54
12 41
37 48
5 51
23 37
27 56
6 49
30 36
32 33
44 57
12 37
8 30
28 36
31 38
19 42
11 38
15 35
35 25
11 53
19 46
12 34
18 42
49 35
25 39
37 47
12 53
6 43
39 48
48 47
17 35
6 47
47 41
23 45
48 41
47 40
13 42
46 50
33 61
21 39
30 38
26 39
37 37
26 36
37 38
47 41
22 48
50 40
44 30
13 44
37 29
38 32
34 46
31 41
49 50
39 46
31 43
8 34
2 29
27 40
47 37
32 44
3 35
6 51
11 52
29 48
49 41
37 37
37 46
25 26
19 32
15 48
49 44
8 38
10 43
38 36
39 38
27 51
20 53
14 41
41 42
8 45
40 45
12 37
46 35
19 46
2 42
30 39
40 47
5 53
47 43
49 37
13 38
35 35
35 44
33 39
20 35
22 40
3 52
15 45
7 37
35 34
44 44
24 36
14 40
47 43
22 41
14 34
25 41
27 46
14 45
46 45
7 48
14 30
37 44
31 47
36 38
8 62
3 40
32 47
35 41
49 42
34 47
6 43
47 41
27 52
41 35
27 44
11 44
25 46
7 45
43 37
10 49
37 42
14 34
27 34
35 48
18 45
19 48
41 33
3 50
23 48
38 33
29 46
48 37
17 38
45 33
22 32
40 36
15 40
10 44
19 39
12 37
21 39
17 47
4 39
40 39
34 41
44 32
29 32
38 48
42 47
28 36
39 39
7 49
30 36
25 54
49 40
39 48
19 45
22 36
36 44
24 54
47 47
49 31
1 42
33 46
49 39
18 40
48 36
20 48
47 47
10 41
44 42
15 32
48 42
8 40
33 32
19 41
1 28
42 57
41 47
41 36
42 39
16 44
41 38
25 48
6 35
24 45
25 41
17 40
13 52
26 35
6 50
43 34
5 55
9 53
23 40
19 40
24 51
27 47
28 31
10 49
9 35
41 37
9 43
47 51
36 41
35 48
40 39
12 37
1 34
1 47
3 43
27 44
48 41
45 36
31 32
44 51
17 43
33 50
28 45
37 34
15 39
7 38
31 46
47 39
49 34
42 38
8 43
40 46
41 33
46 47
15 55
16 46
36 38
16 38
42 46
35 43
28 38
5 44
10 35
34 46
20 55
16 45
24 48
20 37
48 44
3 51
22 39
11 36
13 41
28 37
8 34
13 44
8 43
49 48
2 40
40 44
9 45
41 43
14 55
7 48
42 41
5 33
45 39
31 44
27 43
14 47
1 64
4 36
14 35
40 33
17 45
27 37
47 36
24 38
36 36
10 56
8 43
2 39
11 37
10 40
33 47
42 37
44 47
46 32
13 46
31 46
27 48
38 50
44 37
46 38
48 38
21 44
40 36
2 40
43 35
13 44
1 45
34 41
29 41
24 37
15 43
10 42
31 39
15 40
27 46
38 42
4 40
29 46
9 47
47 45
40 38
44 42
14 48
21 39
7 39
13 52
21 56
21 39
47 38
40 55
3 43
31 49
37 47
2 35
3 43
34 51
37 36
24 41
5 44
13 42
20 38
12 37
17 43
47 39
45 48
22 42
28 37
42 34
47 43
30 36
33 42
22 39
22 47
35 40
9 43
47 48
41 38
36 45
40 42
41 45
11 38
43 34
45 33
2 47
5 45
24 41
8 44
32 32
46 53
33 35
46 52
49 41
13 45
48 37
30 47
7 35
2 39
4 43
24 42
46 54
28 46
33 38
27 44
30 40
31 35
27 43
24 42
21 42
48 44
49 44
8 44
38 55
22 41
34 43
29 40
13 41
15 46
16 44
48 45
12 39
22 48
30 39
25 39
45 57
25 47
5 46
47 45
1 26
1 44
42 52
32 40
2 37
2 50
30 43
14 35
8 42
46 43
14 33
7 36
12 38
43 37
35 31
9 49
23 48
38 44
37 42
8 56
38 40
29 34
28 38
11 35
45 40
4 33
4 44
41 37
14 41
21 50
39 37
27 44
37 46
50 48
45 45
20 54
42 47
26 27
10 40
30 53
39 24
23 45
17 48
12 53
16 40
16 37
27 42
10 33
16 37
37 51
29 37
42 57
12 38
17 52
2 38
14 34
27 37
43 45
35 43
5 41
39 43
26 32
45 47
33 47
24 39
44 34
21 39
20 42
15 40
34 22
31 50
12 46
42 53
14 30
35 38
12 44
26 49
13 51
9 43
6 41
8 44
49 56
6 40
20 41
27 33
49 58
18 53
7 33
22 45
27 32
43 42
13 52
8 40
13 42
22 38
33 49
44 46
44 36
7 42
13 35
46 35
24 42
27 33
9 34
14 52
6 39
50 43
36 57
17 42
20 41
1 40
33 37
36 46
42 34
29 38
47 47
47 36
26 47
35 27
28 44
12 52
31 29
3 45
39 47
47 55
47 45
50 43
19 43
23 40
27 34
9 52
14 36
7 46
4 42
4 47
47 41
38 52
24 41
2 42
15 46
47 37
19 41
33 39
33 34
19 42
31 34
17 34
41 46
32 52
41 44
14 42
35 47
12 46
18 51
26 40
32 32
31 41
44 35
38 55
33 41
31 41
50 36
13 40
33 50
45 34
8 41
16 37
11 40
5 31
39 45
18 37
35 42
11 46
4 37
1 49
44 23
3 38
41 37
12 35
42 44
28 37
49 32
37 45
40 41
45 36
15 44
45 47
34 39
45 49
41 43
19 43
7 44
34 45
13 34
47 37
36 36
27 49
16 38
48 38
38 40
44 55
1 35
14 50
10 44
15 42
1 39
21 36
43 32
27 45
36 41
49 38
40 33
12 33
39 44
48 43
6 46
33 37
38 50
20 42
2 52
12 40
29 43
25 52
16 32
10 37
3 44
16 41
30 40
47 37
41 42
3 39
23 30
20 49
20 40
48 38
14 37
10 45
16 37
8 54
7 48
41 48
11 44
50 44
3 46
12 43
36 43
3 41
15 38
50 38
42 40
1 51
1 42
37 47
1 52
10 40
43 44
30 40
37 55
42 42
48 33
43 32
29 40
19 42
39 36
42 43
18 40
43 28
27 38
41 32
30 45
3 52
33 38
48 55
42 43
16 46
35 35
23 40
48 38
36 30
39 38
30 32
21 49
7 54
1 35
5 44
8 49
43 44
8 50
1 55
19 40
23 52
12 45
31 36
21 42
31 36
15 38
29 48
44 36
23 34
38 45
3 41
19 39
30 42
23 35
47 53
8 48
44 30
26 37
2 44
41 61
30 36
25 36
1 34
35 38
14 43
44 37
4 48
31 42
14 37
7 41
20 40
19 43
47 36
40 37
45 38
25 40
6 51
33 42
50 41
50 40
6 41
23 50
18 30
25 50
50 44
29 36
49 33
16 43
48 50
32 51
15 49
12 51
9 43
1 33
18 35
36 36
10 33
18 35
45 41
11 41
48 41
14 37
40 46
4 41
26 36
35 41
48 31
3 39
38 39
29 44
12 27
25 45
14 47
18 47
12 41
3 46
33 48
17 41
46 46
40 31
47 42
11 44
49 48
37 37
39 42
32 38
21 36
13 41
6 42
47 36
9 40
50 32
36 48
1 42
1 52
35 41
36 40
20 48
46 41
19 44
4 53
16 53
24 35
48 41
45 46
22 43
18 32
17 36
49 41
30 49
48 42
30 46
13 43
17 42
39 29
24 43
39 51
48 55
41 49
1 43
20 29
42 56
46 44
17 31
23 44
7 35
22 43
26 43
24 47
45 42
24 46
4 32
35 39
14 42
13 46
1 39
5 42
49 25
35 38
6 48
11 37
30 35
34 41
24 48
37 39
11 42
5 46
30 50
8 41
30 43
34 32
49 41
8 45
15 42
43 43
17 38
17 53
40 46
7 30
21 35
29 30
2 42
36 36
26 46
45 30
41 40
10 39
46 29
5 45
2 51
46 45
12 40
36 47
41 39
12 43
27 39
47 44
38 30
49 32
42 38
14 40
11 43
18 44
1 38
24 39
4 32
3 36
25 50
50 35
17 42
10 41
24 30
5 42
9 38
12 30
26 40
30 37
20 52
43 38
8 50
18 44
3 47
6 53
19 36
19 27
7 43
40 44
3 48
50 38
9 42
23 39
21 51
43 41
36 51
20 55
41 43
31 55
13 46
33 56
35 41
13 37
39 54
16 49
46 40
21 43
47 50
30 41
22 30
21 49
1 46
45 41
29 39
5 38
38 45
39 30
6 52
15 46
17 42
16 53
29 35
28 44
1 47
48 33
5 46
14 39
39 40
47 39
48 52
30 43
13 53
49 43
14 42
42 39
16 43
33 58
21 51
15 35
14 45
42 44
14 36
7 39
35 31
27 42
33 44
41 50
15 38
43 42
8 39
43 47
36 41
21 48
10 31
2 33
17 38
8 56
25 40
5 30
27 40
9 50
19 35
49 39
5 45
40 41
23 47
24 50
5 39
46 42
21 52
9 54
48 39
23 37
12 41
14 43
23 44
8 39
46 44
20 35
35 54
18 36
49 39
38 35
1 49
36 41
8 39
5 41
7 42
44 53
41 41
41 42
34 50
8 31
45 44
45 34
46 64
48 35
5 37
13 47
15 49
36 37
44 44
42 56
49 41
23 44
22 45
2 47
21 36
11 47
38 33
4 45
23 49
47 37
24 52
33 48
35 32
12 38
32 35
18 43
8 42
21 39
30 37
43 54
28 32
41 52
13 44
20 46
40 42
8 38
25 41
12 38
22 45
9 59
12 36
15 36
25 36
39 36
42 51
19 43
7 29
22 41
22 41
5 41
22 51
43 38
8 37
33 33
11 30
8 52
44 42
22 47
39 37
50 32
40 42
42 47
41 32
12 42
4 39
49 39
37 47
2 41
31 60
11 39
47 28
38 28
31 39
39 37
45 47
44 40
27 38
27 39
11 34
9 38
18 43
7 37
6 41
9 53
16 55
25 52
44 41
35 44
23 38
6 51
12 56
28 37
13 50
10 42
2 45
12 34
18 38
17 45
47 51
22 40
26 46
39 39
44 42
15 48
11 44
15 38
8 38
34 43
11 44
24 40
12 38
6 48
26 37
22 44
40 42
10 34
32 49
27 47
32 52
25 59
45 44
47 42
4 43
36 35
9 45
39 41
40 51
4 39
4 36
24 37
17 59
2 35
48 39
38 48
6 46
24 51
1 47
1 40
18 54
28 40
44 46
50 52
39 44
8 68
18 48
42 40
24 41
7 37
48 44
20 43
15 45
44 33
21 40
38 43
46 28
3 39
5 36
49 38
42 37
28 38
4 47
50 43
19 47
5 38
17 40
34 36
30 32
17 49
41 52
16 35
31 46
46 48
40 42
34 36
46 32
27 53
32 45
16 60
30 45
5 37
16 39
26 52
1 46
39 47
5 36
46 44
19 39
31 64
42 36
50 41
32 51
13 42
11 49
31 32
2 39
29 48
45 41
34 32
42 44
6 37
15 47
40 40
5 39
31 44
39 38
21 31
36 32
16 35
44 45
28 54
10 49
11 36
13 51
10 47
46 42
29 40
8 38
20 43
13 44
30 39
3 52
15 39
5 43
6 55
35 37
48 36
5 29
20 38
6 37
26 49
38 38
20 49
28 29
32 31
19 42
49 26
30 42
49 42
8 50
49 45
35 34
45 41
22 44
5 36
17 45
39 32
1 42
17 55
24 30
14 43
3 43
23 44
33 36
22 44
28 36
7 36
38 42
33 36
32 37
4 43
17 55
48 35
41 43
19 61
39 47
15 41
2 38
44 47
41 48
46 39
13 30
18 37
32 30
28 34
3 47
30 37
46 34
4 46
24 34
16 44
26 40
26 44
33 37
3 32
37 45
2 36
4 48
25 41
29 51
30 41
45 51
24 45
36 34
15 49
10 45
28 31
9 34
11 48
25 44
3 44
33 59
38 40
22 39
39 41
11 41
50 45
25 49
31 46
12 36
6 37
48 50
35 37
16 43
46 50
15 41
13 36
36 42
3 41
41 44
40 37
14 34
25 44
11 42
43 35
21 36
14 38
22 41
24 36
10 38
5 35
5 40
45 35
13 46
17 36
7 40
23 41
7 46
32 43
41 42
19 39
35 39
4 34
15 33
23 41
42 51
18 37
38 37
29 35
31 49
19 45
47 47
29 35
23 47
35 38
16 43
15 46
47 39
5 49
12 50
46 46
49 37
9 41
23 43
6 50
9 36
21 40
32 35
12 51
39 38
37 36
16 43
45 46
19 31
24 43
27 36
35 31
28 45
15 43
42 44
14 45
36 49
23 53
22 44
7 42
39 39
10 44
45 41
6 39
43 46
35 55
23 40
9 38
2 48
40 40
50 36
2 48
6 44
34 38
14 38
20 36
49 37
31 52
50 48
28 38
42 34
33 44
49 41
5 47
12 27
26 36
5 40
28 57
19 35
20 42
26 40
26 48
41 39
49 49
15 39
39 37
37 41
23 50
24 43
34 37
8 49
20 32
44 31
44 45
45 41
39 44
36 32
41 48
5 36
2 37
29 44
8 50
8 42
23 41
36 31
27 39
3 56
3 46
39 38
5 44
8 45
13 43
50 46
43 30
9 37
25 40
32 36
48 41
13 52
49 40
38 47
41 42
34 35
23 42
49 41
21 30
32 45
39 46
31 46
24 46
9 39
45 37
30 35
2 44
12 37
11 48
13 44
10 47
43 40
26 32
1 36
37 29
8 39
26 42
5 30
43 41
50 38
28 38
49 49
39 39
33 34
4 41
30 47
5 52
46 34
50 53
17 32
44 37
17 34
37 47
26 45
1 48
26 40
8 37
43 50
27 41
14 38
46 50
23 39
36 39
40 43
23 47
18 48
29 43
32 34
42 37
21 39
28 49
22 38
16 43
49 42
23 43
19 43
14 29
10 41
20 46
42 36
7 36
32 30
1 53
24 43
33 44
45 43
35 42
20 40
49 48
1 40
35 41
35 42
33 43
36 43
32 37
8 41
12 37
20 28
8 31
43 37
5 33
10 41
24 42
33 44
29 46
28 33
4 29
50 39
11 40
3 35
30 37
49 31
47 47
7 46
27 33
5 39
33 43
30 39
25 41
6 39
9 36
24 45
9 40
3 38
20 41
23 41
8 46
16 46
45 36
38 47
49 38
8 42
33 39
39 49
36 48
45 48
17 54
46 50
34 41
20 43
30 46
19 35
24 35
35 50
26 37
34 39
35 42
49 42
12 37
21 38
31 35
12 46
47 33
32 39
21 39
19 39
42 41
34 42
7 41
11 45
26 39
19 49
14 41
19 50
45 30
18 49
34 47
46 39
32 45
48 46
26 46
6 29
12 43
49 57
37 42
31 45
22 32
4 39
8 43
6 40
2 35
49 51
3 41
5 33
31 50
9 42
9 45
35 39
36 47
1 39
10 36
41 47
27 45
43 49
47 36
20 38
47 46
1 36
35 38
29 34
27 38
29 29
34 37
8 39
19 53
16 45
18 53
15 39
16 52
35 56
8 34
25 40
35 37
41 44
28 43
27 42
2 42
39 36
4 42
44 52
9 42
43 45
18 39
50 53
34 39
12 53
45 40
50 45
35 39
46 57
10 42
37 50
23 42
35 41
46 52
37 52
13 45
42 47
13 34
9 32
33 30
14 42
45 39
49 35
49 53
44 38
37 52
50 43
44 46
49 44
36 44
29 35
26 52
38 32
30 45
29 44
37 36
49 42
25 41
48 45
7 54
40 46
44 38
21 30
34 46
3 46
31 46
27 32
48 37
21 43
3 38
39 33
46 40
50 38
5 44
33 42
8 37
46 43
25 36
34 40
13 41
20 35
33 44
32 50
7 35
10 39
48 39
33 34
2 42
6 31
17 58
25 41
39 44
39 25
13 38
7 33
12 40
33 37
10 44
8 43
25 44
16 37
9 36
8 56
2 51
44 33
46 38
9 31
36 47
30 41
36 51
3 37
42 44
50 31
2 42
26 40
37 42
22 33
32 54
10 31
33 37
38 38
9 43
37 39
24 33
13 53
27 48
29 43
43 26
9 45
33 38
35 46
6 42
6 37
13 27
32 35
42 48
15 29
6 47
32 36
6 41
21 38
8 38
38 54
39 40
44 41
8 49
9 40
40 50
36 36
28 46
39 36
22 41
40 45
16 39
31 43
22 36
11 36
28 42
25 43
17 36
40 41
18 40
34 39
48 38
4 44
34 47
33 44
1 49
45 39
17 41
21 42
6 40
10 38
27 43
21 52
17 40
4 42
24 38
3 38
11 32
35 37
3 37
40 53
38 48
42 43
48 41
4 45
24 35
37 38
4 48
38 33
2 42
14 34
7 39
14 43
36 39
34 43
24 42
3 45
13 36
30 37
41 42
23 43
1 42
35 52
3 36
2 36
24 43
40 39
39 45
21 42
18 36
7 44
42 34
34 40
42 52
25 28
4 40
11 47
28 42
33 39
17 35
41 41
36 44
3 40
27 41
35 41
45 43
23 49
16 37
25 41
24 43
49 36
13 42
41 60
17 31
19 51
49 46
22 37
39 33
38 44
28 45
39 54
8 35
43 37
10 37
23 44
14 39
37 43
16 45
7 63
26 41
33 37
42 41
19 49
29 41
1 36
25 44
41 40
2 36
50 44
50 36
8 44
30 49
44 47
44 36
13 29
37 43
32 39
26 38
3 47
31 37
40 37
40 45
44 43
33 54
42 40
25 45
34 41
36 42
34 41
19 40
30 32
6 40
22 45
20 29
5 53
26 39
1 48
2 52
8 37
17 56
17 41
46 57
32 42
13 43
10 51
42 41
17 48
8 44
7 36
6 43
47 35
29 46
45 54
44 39
27 48
35 30
37 42
46 35
19 37
44 49
27 33
17 44
11 44
15 36
12 36
16 39
48 53
39 40
6 53
19 44
48 49
24 44
22 53
49 54
13 43
1 36
49 40
46 45
28 48
10 46
20 31
35 47
1 49
9 45
11 40
36 36
4 39
39 58
25 38
19 53
22 41
38 41
40 51
28 44
39 34
35 42
30 62
6 41
23 46
30 52
37 48
15 40
36 48
34 43
48 45
33 44
20 45
35 36
40 42
16 42
46 47
36 45
34 53
21 36
28 34
36 50
28 37
15 51
38 52
21 45
19 40
37 45
9 28
6 41
36 51
30 42
44 51
23 39
15 46
5 55
19 40
21 38
9 45
31 47
36 36
2 38
23 33
19 41
13 35
48 38
15 32
38 43
29 39
41 43
7 44
29 39
2 40
26 39
50 34
13 48
34 45
24 33
49 61
18 45
7 48
12 43
3 48
26 52
38 46
6 47
34 48
26 34
28 43
1 37
25 40
3 39
4 49
7 45
29 39
4 46
37 40
11 38
1 34
49 35
43 42
45 41
7 29
36 47
50 47
16 45
38 40
45 38
37 49
46 49
43 32
38 28
10 38
47 49
48 46
18 38
20 43
2 46
1 44
43 46
6 49
11 48
22 36
14 52
40 25
40 34
30 38
5 36
37 33
34 48
28 39
13 43
24 39
5 43
44 27
4 35
22 46
45 40
20 35
17 27
45 31
38 44
2 56
29 31
43 35
35 34
12 46
42 45
43 45
41 35
22 36
15 40
40 43
29 43
36 49
12 39
13 44
15 34
16 43
9 40
26 36
39 41
42 41
16 40
2 38
46 49
15 38
13 41
13 42
6 40
10 43
50 43
44 33
14 46
3 26
40 35
41 25
13 39
42 38
23 44
47 41
4 32
38 58
26 34
30 46
23 38
28 42
35 35
42 33
26 48
3 40
47 35
22 37
38 49
35 50
23 40
35 48
6 44
9 37
3 43
2 46
48 48
40 40
10 40
36 44
22 34
6 35
13 35
40 45
16 49
25 45
34 34
47 48
25 39
39 41
39 48
32 39
20 41
25 53
4 41
44 35
34 53
49 46
17 48
43 41
24 32
39 59
46 47
11 35
43 37
26 44
36 49
50 48
3 45
7 41
11 35
2 43
33 45
23 37
16 35
31 56
26 33
37 47
22 47
44 32
3 38
39 44
8 50
19 44
25 43
19 38
26 42
38 38
5 43
31 37
33 42
20 47
33 55
28 44
27 36
7 42
5 47
4 41
16 44
17 38
14 45
26 43
18 41
8 36
33 48
8 39
44 33
28 37
31 38
4 47
47 42
36 41
29 39
16 39
4 50
44 44
20 43
32 43
7 50
21 44
14 36
39 54
24 50
16 37
3 37
35 34
30 39
16 41
10 43
19 43
16 42
37 39
38 38
5 44
25 40
38 38
39 37
46 52
29 33
42 46
6 40
25 42
28 42
3 40
25 37
6 39
6 39
26 37
12 48
39 43
34 30
48 44
10 46
21 32
2 46
15 43
12 40
33 35
48 55
29 46
44 38
35 46
32 45
50 39
46 48
25 43
34 41
29 39
18 45
19 30
10 38
25 42
43 47
7 55
10 30
50 46
42 42
18 46
50 49
45 49
45 50
13 37
15 54
29 39
1 56
6 53
47 45
14 45
18 35
26 43
20 55
37 42
16 41
26 53
34 35
10 40
4 42
35 52
7 40
27 37
24 42
22 39
27 52
23 40
3 33
14 50
38 37
7 53
25 49
12 37
48 46
43 36
35 39
19 40
28 40
34 41
36 40
30 38
42 42
37 38
15 41
3 44
17 43
42 37
26 36
6 42
42 54
44 44
46 51
10 30
20 45
49 38
44 38
50 35
10 43
45 32
30 36
27 48
41 35
1 41
39 43
30 53
8 39
50 41
2 48
33 45
41 37
20 41
18 46
23 46
33 50
6 42
50 37
5 32
30 50
29 37
3 44
23 49
3 45
29 32
32 34
20 46
40 46
10 36
12 47
47 42
49 38
34 42
21 41
16 33
38 33
38 46
10 44
49 42
29 37
11 35
28 42
17 54
41 43
10 50
16 41
13 52
44 39
26 35
5 43
4 34
30 32
5 32
41 47
10 39
40 35
27 38
44 42
14 37
8 48
14 37
25 33
7 41
10 45
17 41
15 40
28 41
46 40
37 41
18 37
43 55
49 34
32 53
20 33
5 43
20 48
38 43
42 44
46 39
7 41
30 37
40 39
46 44
38 46
46 47
12 36
14 50
11 45
39 35
19 39
14 40
31 58
3 34
36 31
4 34
26 45
1 51
42 45
34 46
6 41
46 44
19 30
7 37
10 42
38 35
36 35
8 46
32 41
9 40
47 48
7 40
4 48
44 46
46 41
3 43
50 60
10 48
37 50
14 45
24 30
18 32
22 49
23 41
50 45
26 42
45 41
21 41
42 37
46 48
37 49
39 44
21 37
2 37
16 24
47 53
36 40
38 40
26 42
26 46
7 35
21 51
24 41
14 41
22 43
4 47
16 43
44 39
39 51
10 39
11 36
24 42
27 38
40 26
2 43
44 41
6 53
12 34
14 61
50 43
29 37
37 47
9 49
6 44
8 47
13 44
49 47
23 36
20 41
12 42
36 42
24 41
30 50
47 35
21 27
21 35
22 42
44 39
26 37
11 44
4 39
48 35
5 42
47 36
47 36
47 44
42 45
13 36
24 40
13 29
37 44
48 64
7 46
30 29
33 44
40 38
6 32
3 40
45 54
19 49
26 47
50 53
20 39
20 59
31 35
27 45
25 45
30 38
15 38
41 41
23 35
10 26
45 50
18 32
19 45
39 43
3 41
44 42
37 46
45 39
15 41
1 48
26 55
8 35
27 45
3 58
46 45
39 44
5 46
13 56
30 46
12 49
6 40
14 42
20 41
39 42
40 36
35 51
47 42
24 34
7 41
27 38
38 39
18 29
39 48
16 45
1 44
45 57
21 42
14 37
22 36
39 45
31 51
39 38
9 44
48 56
26 38
22 46
11 32
1 41
32 45
23 40
10 52
13 42
22 44
2 42
3 54
24 54
47 45
40 43
34 45
2 40
3 41
11 38
46 29
50 52
37 36
12 47
33 45
40 43
23 43
42 61
24 39
1 38
36 45
2 41
40 56
1 45
32 38
21 45
39 44
1 42
2 38
29 40
3 43
11 31
38 43
34 28
17 51
14 44
40 51
45 36
28 32
36 40
25 30
13 38
3 40
35 47
20 45
38 45
21 44
36 53
16 35
6 43
14 44
25 42
46 39
21 40
22 45
30 47
42 48
42 43
28 42
22 37
28 47
37 41
43 47
45 38
22 37
43 41
3 32
29 36
36 45
34 36
1 46
35 45
40 42
10 36
37 41
13 42
17 42
38 34
7 44
47 44
5 45
22 41
35 36
36 54
22 42
31 27
41 41
46 33
5 39
40 42
10 38
9 52
49 32
18 29
44 39
16 35
8 40
34 41
22 43
29 32
40 50
24 40
41 53
19 45
4 34
50 27
1 37
32 27
36 35
28 50
33 46
28 41
11 34
12 44
29 48
1 39
27 39
39 39
14 39
42 39
21 56
47 42
16 33
22 34
17 49
25 46
25 36
37 53
24 40
1 43
49 47
18 33
7 41
43 62
10 38
15 43
15 43
19 36
44 42
24 42
8 45
17 45
27 39
7 50
5 48
27 43
38 38
48 47
5 48
50 42
1 50
41 32
5 35
1 49
45 45
17 40
45 48
24 53
46 39
21 37
31 40
11 48
22 38
29 42
24 53
7 49
8 50
9 37
32 43
31 41
40 39
27 42
46 31
50 41
46 47
1 44
50 40
34 53
12 42
46 49
7 41
4 45
27 44
4 40
4 38
39 33
8 52
26 46
23 45
34 44
14 35
3 42
26 45
46 36
5 42
5 42
48 47
20 50
5 37
5 37
5 43
21 38
34 52
29 37
9 40
1 33
36 45
29 36
15 42
21 46
28 49
4 31
47 45
34 43
16 31
2 45
42 29
48 38
20 43
8 35
38 37
39 39
40 42
8 45
1 50
12 41
21 37
8 43
11 47
31 66
29 38
11 27
13 41
8 45
42 34
23 51
36 45
37 32
45 43
45 28
40 45
4 38
24 45
24 31
2 53
22 42
37 35
2 42
8 45
32 42
17 46
9 43
17 42
45 36
22 59
41 39
26 34
6 49
38 36
25 41
31 40
3 46
21 36
25 37
26 36
14 35
23 37
26 36
41 46
41 43
13 45
30 30
19 42
6 45
47 48
25 45
42 35
33 53
21 45
8 32
28 55
44 57
28 45
32 40
24 50
22 44
25 58
36 53
35 38
50 42
21 42
1 27
48 39
49 38
3 40
39 33
14 52
2 44
11 54
2 42
16 29
1 51
11 47
48 38
1 40
44 44
12 34
23 34
9 37
2 33
26 42
26 50
28 41
18 37
10 36
28 45
24 43
36 45
39 44
18 42
27 43
31 50
48 50
23 49
8 36
28 35
5 46
1 39
34 37
24 31
2 42
12 47
4 54
4 45
50 36
18 47
40 37
31 40
19 36
27 28
18 37
37 42
26 33
33 38
29 43
34 37
3 34
41 44
5 44
11 41
40 57
29 32
31 36
14 47
41 49
23 45
19 36
48 48
7 40
49 44
19 51
25 43
15 49
10 28
26 42
1 44
50 43
38 37
22 28
35 29
40 41
45 40
11 44
30 53
10 41
10 55
39 54
26 35
36 40
19 47
21 33
44 45
15 35
12 34
35 46
4 34
48 29
42 37
17 54
44 40
46 45
45 43
31 39
22 40
10 40
18 38
27 52
30 46
24 52
34 51
43 48
10 37
17 52
8 41
36 35
40 56
38 54
40 37
16 46
13 40
3 48
35 45
35 47
36 46
49 33
15 39
19 39
36 36
3 38
5 45
42 45
6 45
25 31
33 38
30 36
34 50
12 49
48 47
32 38
3 26
20 48
16 34
9 46
29 36
14 48
46 43
25 42
25 35
18 43
18 45
45 43
40 28
50 45
29 42
39 41
34 43
30 38
50 44
14 34
10 51
34 51
12 44
32 46
27 38
1 47
50 45
7 47
35 36
14 45
48 39
16 37
3 44
30 51
43 48
40 41
37 32
47 39
39 47
46 41
2 35
38 47
18 43
18 51
32 48
27 38
47 41
23 33
36 37
8 44
19 47
9 30
6 39
49 35
36 42
22 38
11 44
19 45
7 45
20 35
5 48
24 39
8 51
34 44
47 33
8 43
4 46
40 28
12 41
10 33
21 48
6 43
6 46
15 41
35 34
35 41
11 52
45 52
9 55
16 33
8 35
25 44
49 36
34 46
46 41
17 36
40 43
13 35
43 40
21 50
28 33
3 43
12 44
36 39
20 36
13 48
11 44
3 35
16 50
35 54
44 44
24 49
3 46
33 44
17 41
7 42
22 39
19 41
21 42
2 42
29 40
35 32
17 44
49 45
45 41
45 49
32 41
26 43
2 51
1 33
25 50
9 33
1 36
32 42
40 38
14 42
16 40
12 47
11 38
4 34
25 47
12 46
19 45
47 44
50 49
48 36
5 40
31 39
7 37
32 45
24 46
23 41
2 42
47 55
22 39
28 41
50 37
26 60
36 37
46 44
1 29
12 46
15 44
28 42
46 46
4 51
39 42
28 37
3 34
38 30
10 46
45 43
27 49
32 49
22 29
43 43
33 34
23 42
24 53
4 50
10 47
17 31
47 45
2 42
50 50
46 43
25 56
2 47
21 50
5 44
8 44
7 49
23 52
12 47
45 39
1 49
43 43
32 46
34 38
15 60
21 41
30 40
22 36
29 50
49 34
46 46
48 57
17 49
30 42
34 59
34 44
37 53
29 48
44 37
7 45
23 45
34 46
37 50
48 44
28 45
14 37
30 39
46 37
38 40
21 41
18 43
33 48
41 39
19 43
44 45
48 39
47 35
7 49
50 40
41 36
4 43
39 38
33 50
30 46
11 47
2 29
35 34
22 47
44 40
35 57
19 48
30 41
26 44
27 28
41 38
3 50
22 42
35 46
7 45
25 48
20 31
44 25
30 37
21 44
10 40
5 34
9 41
37 47
6 56
29 41
40 41
24 40
13 35
27 33
38 41
24 37
11 41
19 40
41 48
46 35
20 46
33 38
14 40
50 38
50 39
49 46
2 48
41 49
5 45
5 49
1 33
47 40
50 53
23 52
17 35
19 42
3 52
48 57
9 36
37 48
35 34
23 41
42 45
42 40
48 52
40 46
39 45
12 39
22 52
12 31
27 52
34 55
20 41
33 36
46 43
8 29
27 48
16 39
16 43
5 42
20 40
27 35
3 60
40 52
22 57
24 43
23 48
16 37
38 35
40 43
32 35
23 54
37 44
49 47
28 28
40 52
21 46
34 52
10 38
14 37
45 34
23 41
36 48
50 35
12 40
31 48
29 39
18 41
49 52
50 45
19 46
50 39
4 37
33 59
6 46
32 31
10 36
12 40
33 37
46 42
8 41
7 33
33 52
31 35
45 34
9 44
44 54
11 39
44 48
38 50
6 36
11 37
32 30
31 34
3 35
21 41
33 35
10 40
34 52
49 34
37 36
3 40
32 39
18 48
32 61
24 38
39 41
32 39
29 46
25 37
2 41
24 43
2 45
15 40
44 38
47 38
4 42
26 39
19 53
35 43
26 47
6 40
11 45
38 46
36 38
33 35
35 52
25 48
15 46
47 43
12 39
12 43
33 36
41 43
30 39
34 46
13 37
41 33
27 38
24 50
42 50
14 49
42 48
43 52
27 34
34 42
7 45
48 49
14 36
34 53
28 40
24 31
30 38
44 38
41 42
30 44
38 47
36 37
14 46
45 35
18 38
35 41
33 34
17 58
44 37
42 34
12 42
14 30
4 41
32 41
49 45
24 44
42 39
47 41
27 39
31 39
8 35
11 44
17 42
16 43
31 49
34 33
30 42
34 31
41 54
30 41
19 46
38 40
29 42
19 30
49 41
34 41
29 51
14 40
31 36
36 36
8 50
11 54
42 34
26 36
39 42
45 40
16 52
47 42
41 44
18 36
10 42
19 54
34 45
19 24
26 37
9 57
43 40
12 52
5 41
43 45
49 37
16 45
6 44
1 31
4 46
48 33
5 47
38 44
20 41
24 38
14 27
35 39
17 41
45 41
47 41
25 48
12 40
24 46
12 31
43 41
21 37
25 42
2 53
30 54
31 41
2 35
7 43
47 48
43 47
14 41
17 41
31 41
43 37
30 30
45 44
37 50
24 38
15 55
35 50
39 30
25 34
8 46
44 37
11 48
2 46
26 40
30 52
44 39
34 55
23 38
42 40
35 33
1 41
11 33
8 44
19 46
34 50
45 46
39 32
8 31
25 37
44 41
28 34
35 39
18 53
45 44
21 43
44 42
35 39
25 43
24 47
8 42
22 34
36 32
15 58
50 44
35 51
17 39
45 35
1 37
41 34
30 45
50 46
34 48
14 42
12 32
34 44
37 39
37 54
49 45
47 36
37 50
41 39
12 30
32 39
7 46
47 46
11 46
31 45
8 41
3 50
10 37
3 53
14 45
28 33
38 45
7 37
38 43
39 40
19 34
36 33
12 29
23 44
3 39
43 40
49 40
43 45
21 42
2 41
44 42
39 38
25 47
6 33
20 44
16 43
6 43
46 41
37 35
9 32
46 41
14 48
34 42
7 39
47 36
17 52
9 61
17 42
4 36
45 41
45 50
13 56
1 42
35 45
25 34
12 57
24 47
33 34
26 33
31 43
18 50
28 33
1 36
14 45
40 41
9 40
20 38
32 42
19 23
20 32
42 41
37 43
45 42
2 49
31 42
4 39
37 41
12 48
9 50
36 42
36 45
22 42
12 47
17 46
27 40
25 40
14 42
30 49
4 24
32 42
38 41
38 40
4 41
12 45
9 38
42 44
41 37
46 45
20 52
17 49
40 35
3 45
14 44
24 40
46 40
21 47
15 40
42 48
7 43
32 35
4 40
43 36
29 35
36 41
7 37
25 33
12 41
15 47
29 43
7 43
16 53
26 39
45 46
25 51
4 42
43 32
22 39
46 37
26 45
47 44
38 51
3 33
11 37
23 43
30 47
41 46
12 32
19 44
17 35
2 41
11 42
25 38
15 36
3 48
47 39
39 48
38 46
33 50
29 46
30 37
19 50
3 45
23 46
43 37
8 39
37 39
32 36
12 44
13 49
49 44
36 44
38 43
44 36
46 43
40 30
37 43
29 31
23 39
23 34
42 46
14 46
35 45
2 58
21 33
28 42
50 42
21 48
45 40
35 52
36 51
31 31
6 38
7 36
49 48
38 42
46 30
27 48
13 40
16 39
42 46
13 42
39 42
10 46
3 39
1 45
1 34
35 48
31 42
43 44
8 47
34 45
33 35
13 38
30 34
17 48
10 49
28 38
10 40
13 35
7 45
40 47
13 39
39 38
9 53
36 41
43 30
26 50
36 38
30 57
45 50
35 46
29 47
50 38
50 44
49 41
23 36
5 39
20 44
42 42
40 43
3 44
48 36
44 51
38 43
3 36
29 40
19 40
42 35
2 36
34 55
31 52
3 62
11 31
26 36
39 49
5 42
25 45
23 34
36 45
10 44
34 40
8 40
25 34
43 39
15 45
1 49
41 50
8 48
2 37
4 47
2 47
32 41
44 30
30 34
22 54
29 38
19 42
11 42
4 42
38 41
9 36
47 42
19 37
29 47
34 45
34 45
42 37
47 40
34 41
30 35
34 45
46 49
9 47
49 37
37 46
47 32
24 27
50 40
5 41
9 48
5 25
26 37
15 41
50 38
32 44
3 31
7 41
34 47
16 43
43 43
25 38
8 50
49 40
9 43
47 46
18 38
8 41
16 38
8 37
32 42
44 52
8 46
6 36
35 38
16 45
41 51
19 27
22 54
9 45
14 42
45 49
32 48
31 47
4 38
23 51
18 49
2 40
27 44
9 37
35 42
6 41
32 36
19 44
40 29
7 39
35 35
27 29
7 40
31 46
6 43
33 46
3 44
3 37
47 50
17 37
38 38
46 36
45 54
49 45
8 43
11 40
43 55
9 54
18 44
50 45
1 37
48 31
9 34
1 34
27 29
29 41
23 53
11 39
50 40
6 47
42 42
5 45
36 34
29 33
28 47
8 41
45 41
43 42
35 42
26 40
50 41
37 38
45 37
29 44
40 48
40 42
11 32
35 41
14 34
23 51
36 32
41 43
27 37
49 43
30 45
6 42
15 43
40 41
20 54
24 31
18 32
46 51
5 38
14 33
7 33
19 25
1 43
11 40
42 53
9 39
14 37
18 47
9 43
28 49
6 38
2 42
12 50
2 40
13 44
26 42
37 36
27 40
39 28
16 46
8 48
39 47
12 37
44 43
22 44
32 43
14 34
36 45
50 40
8 49
25 42
35 48
48 33
1 40
1 32
15 32
48 30
16 51
42 38
1 41
42 34
45 39
18 42
43 39
7 40
21 44
5 40
49 40
17 30
32 50
26 51
7 33
16 50
12 45
17 43
30 39
40 38
14 33
48 37
20 36
14 50
1 44
35 43
35 47
30 45
31 59
25 41
32 51
41 35
4 54
47 42
7 50
42 33
46 34
26 36
12 49
43 47
43 34
25 38
36 50
37 48
32 44
30 43
10 39
11 43
37 46
9 28
14 33
32 47
36 41
35 43
39 43
50 49
22 44
2 37
48 40
30 32
35 52
36 44
18 38
29 41
9 52
10 41
33 37
45 49
17 31
38 45
11 42
43 39
29 45
11 46
43 45
45 58
31 39
2 47
47 58
1 42
10 51
31 43
45 39
49 38
20 24
25 36
1 46
8 44
13 38
41 48
46 35
33 42
46 30
2 40
42 43
9 40
31 39
1 48
9 40
3 38
12 53
4 44
50 34
17 37
18 50
18 35
22 45
13 40
37 34
22 41
36 37
5 46
26 43
5 43
42 46
15 43
48 47
36 43
38 46
38 43
28 42
29 53
9 41
38 41
48 45
15 48
7 46
42 44
1 38
29 50
29 50
21 41
47 37
1 58
31 50
24 39
2 47
47 47
5 49
50 52
14 30
10 42
30 45
34 54
50 50
32 43
34 44
18 41
27 39
5 33
46 46
7 49
20 43
48 48
17 57
36 44
34 53
11 35
49 40
40 45
20 64
7 43
42 41
12 45
19 47
35 39
42 36
28 39
16 37
32 42
48 53
33 37
42 51
14 45
8 33
37 41
18 45
16 40
4 34
22 40
47 38
39 37
30 34
12 38
30 45
26 47
4 33
36 55
33 42
7 41
35 42
14 45
7 40
22 47
8 43
6 42
26 37
8 46
11 37
31 42
38 45
48 29
38 28
46 40
2 43
44 42
42 39
5 43
35 39
39 46
6 54
31 45
23 38
40 47
24 45
18 46
2 26
49 44
18 45
24 47
37 44
47 41
32 43
40 54
7 38
29 51
17 56
27 42
4 47
45 44
30 41
10 46
5 52
22 41
19 39
37 42
13 46
31 41
14 58
39 48
43 32
14 32
35 38
26 55
28 47
38 39
9 37
3 35
47 45
31 38
3 30
13 39
3 33
16 37
34 44
26 51
19 50
46 38
15 36
35 46
30 54
27 39
32 48
23 45
35 43
14 41
19 48
31 50
34 45
46 45
3 44
29 46
3 24
32 44
12 51
4 51
5 44
32 35
6 36
18 49
27 42
2 47
35 38
24 39
9 41
12 44
4 32
4 46
25 36
19 51
50 46
20 42
31 37
1 47
39 47
17 55
21 35
8 40
50 46
14 38
30 53
24 35
32 35
49 41
34 39
37 34
40 32
43 47
36 44
4 34
25 45
5 33
1 50
49 50
26 41
15 44
29 34
33 41
26 53
31 29
43 43
46 44
29 31
22 46
11 39
36 32
13 44
15 56
28 44
14 34
14 39
17 44
2 35
12 40
28 40
13 62
18 40
3 36
6 48
12 33
18 48
34 39
28 40
35 44
33 46
32 48
37 31
33 32
10 44
25 41
26 47
45 37
38 48
16 44
29 46
4 52
36 41
7 35
34 48
45 39
9 33
33 43
26 44
28 57
22 46
19 34
42 45
42 51
17 34
31 43
12 45
13 33
11 56
35 48
4 36
1 39
8 32
3 42
7 40
20 46
27 43
42 38
42 50
42 38
40 50
5 43
34 53
37 32
36 40
28 44
24 53
4 33
31 37
37 44
45 36
3 49
42 34
37 39
39 37
42 37
5 52
5 44
9 40
16 44
42 40
50 44
8 38
26 41
21 42
38 32
39 38
42 42
37 44
20 44
24 44
14 45
36 49
46 48
25 54
9 46
14 40
8 55
45 50
12 48
11 43
8 41
20 34
47 40
5 37
20 45
40 54
3 43
4 41
9 32
45 37
25 44
22 50
8 36
9 36
37 48
16 41
38 38
6 42
16 43
2 34
15 38
31 33
49 55
13 50
45 50
32 36
29 47
24 35
14 50
2 39
47 50
23 47
42 60
1 40
4 47
25 35
24 34
35 36
48 31
44 35
9 35
27 40
40 47
32 38
41 47
6 36
48 43
45 39
36 36
12 45
14 43
21 34
47 51
1 32
36 39
20 43
27 32
7 35
9 56
6 35
43 34
18 46
32 31
5 34
15 34
5 45
15 30
25 39
13 37
4 44
6 46
26 42
49 35
46 45
44 35
9 47
27 37
1 56
3 48
41 36
21 57
24 41
23 36
30 35
18 34
28 44
50 48
45 41
30 41
1 37
3 42
36 48
21 45
12 43
37 42
40 36
11 48
4 40
27 49
42 41
28 35
1 33
40 36
6 35
2 48
11 48
45 38
8 30
23 32
41 42
40 35
46 43
19 49
4 45
13 34
9 40
26 45
1 42
28 40
45 46
21 36
8 31
1 38
40 54
43 39
42 45
44 39
44 42
12 36
18 42
32 29
42 42
14 46
5 40
40 43
29 40
46 35
1 39
36 43
20 40
31 41
11 34
5 47
11 35
43 40
17 39
27 34
4 49
10 47
14 47
28 39
45 46
17 31
18 40
50 40
16 43
47 41
14 41
27 33
13 42
2 34
22 24
48 49
46 41
13 47
25 37
29 58
43 54
40 33
23 43
11 42
46 47
17 41
6 35
45 47
49 40
2 36
46 37
26 43
10 52
45 47
24 49
31 34
3 43
29 37
38 41
26 42
21 41
34 38
1 29
37 43
44 43
30 43
23 28
31 45
23 41
21 47
25 42
33 42
7 39
17 55
38 44
48 55
1 44
41 47
47 31
44 51
5 51
21 46
12 46
49 54
19 47
49 46
35 35
25 37
28 40
6 34
17 46
21 42
26 43
10 43
26 44
10 39
5 32
45 46
34 41
37 35
41 46
1 35
10 39
8 47
26 46
46 36
49 47
7 37
11 48
5 42
28 44
40 30
43 50
28 52
24 50
40 42
28 37
15 42
38 37
33 35
18 39
1 44
44 44
50 51
19 50
39 41
50 39
28 40
27 36
28 37
28 37
2 44
31 40
18 37
18 44
34 42
43 43
45 39
44 41
31 45
36 50
12 39
9 30
42 48
36 51
48 42
19 46
28 39
11 46
38 42
12 33
20 52
9 38
44 42
2 35
5 38
38 45
3 40
37 47
46 32
4 26
2 38
42 52
36 35
18 42
26 45
38 48
23 35
37 40
17 47
15 38
22 43
1 34
31 39
36 36
13 49
27 37
16 44
37 38
25 34
3 43
20 56
45 49
49 52
32 50
32 51
33 38
40 41
5 48
31 42
18 42
35 32
6 41
42 39
48 28
21 28
10 42
26 37
25 46
34 31
49 65
39 51
24 47
18 36
37 42
37 41
8 43
19 45
47 45
46 34
43 41
41 27
48 47
29 35
7 42
8 36
41 39
27 41
18 51
2 42
