
 0.519
 0.496
 0.494
 0.472
 0.509
 0.443
 0.516
 0.566
 0.516
 0.544
 0.459
 0.533
 0.499
 0.479
 0.472
 0.516
 0.525
 0.545
 0.546
 0.519
 0.523
 0.513
 0.541
 0.544
 0.519
 0.466
 0.489
 0.548
 0.498
 0.596
 0.499
 0.548
 0.533
 0.475
 0.518
 0.490
 0.506
 0.530
 0.544
 0.517
 0.529
 0.514
 0.582
 0.549
 0.563
 0.543
 0.521
 0.526
 0.561
 0.559
 0.544
 0.491
 0.543
 0.514
 0.540
 0.516
 0.452
 0.517
 0.485
 0.485
 0.487
 0.489
 0.542
 0.575
 0.515
 0.495
 0.498
 0.463
 0.549
 0.536
 0.534
 0.476
 0.481
 0.546
 0.544
 0.558
 0.502
 0.492
 0.525
 0.515
 0.573
 0.578
 0.545
 0.474
 0.548
 0.492
 0.515
 0.512
 0.533
 0.489
 0.522
 0.532
 0.506
 0.542
 0.526
 0.524
 0.511
 0.512
 0.493
 0.540
 0.511
 0.557
 0.535
 0.524
 0.523
 0.512
 0.507
 0.548
 0.536
 0.469
 0.510
 0.524
 0.550
 0.504
 0.554
 0.543
 0.537
 0.487
 0.564
 0.523
 0.506
 0.560
 0.490
 0.503
 0.490
 0.530
 0.505
 0.473
 0.509
 0.519
 0.535
 0.490
 0.512
 0.507
 0.526
 0.509
 0.478
 0.505
 0.515
 0.485
 0.545
 0.574
 0.516
 0.521
 0.498
 0.555
 0.539
 0.500
 0.569
 0.504
 0.484
 0.514
 0.520
 0.505
 0.520
 0.442
 0.527
 0.563
 0.517
 0.477
 0.510
 0.553
 0.550
 0.554
 0.501
 0.505
 0.484
 0.577
 0.512
 0.584
 0.542
 0.499
 0.503
 0.505
 0.546
 0.554
 0.531
 0.499
 0.525
 0.497
 0.481
 0.577
 0.534
 0.546
 0.538
 0.490
 0.524
 0.541
 0.542
 0.532
 0.516
 0.462
 0.566
 0.481
 0.540
 0.499
 0.574
 0.535
 0.537
 0.499

