
 4.000
 0.010
 3.980
 0.020
 5.990
 2.000
 2.000
 9.990
 3.990
 5.990
 0.020
 4.000
 4.000
 2.000
 0.000
 3.990
 0.000
 2.000
 0.020
 4.000
 0.000
 0.000
 6.000
 0.020
 4.000
 0.020
 0.010
 0.000
 0.000
 0.000
 0.020
 8.000
 4.000
 3.990
 5.990
 0.000
 9.970
 0.020
 0.010
 0.010
 2.000
 5.980
 7.940
 0.000
 8.000
 0.030
 2.000
 0.010
 0.000
 2.000
 2.000
 2.000
 2.000
 6.000
 4.000
 0.000
 5.990
 0.010
 0.030
 0.020
 7.980
 0.030
 2.000
 4.000
 3.940
 0.010
 2.000
 0.000
 7.990
 1.970
 7.990
 0.010
 2.000
 0.000
 0.000
 0.010
 5.960
 2.000
 2.000
 0.040

