5 0.7357492320886861
0 0.48284266675158416
1 0.04592708604957829
2 0.8604173085133697
3 0.3058569796855908
58 0.3244162557754121
59 0.3085156730017097
79 0.03001411435077539
30 0.09120041404029278
71 0.4372837362711659
48 0.5671089721489997
13 0.5303095489132974
14 0.5573906663358578
22 0.8459017770500175
17 0.6443924751844285
77 0.5365173134941684
65 0.2678068804496525
27 0.7100927687464097
55 0.5113268537201632
53 0.7909851426884368
35 0.08027605744990318
4 0.45051481764878953
41 0.9104736689485712
76 0.5620912369136797
26 0.3138478641227239
44 0.8597490470672896
6 0.8984205930102686
51 0.7569090141781982
36 0.3683510021958518
42 0.8765190322117894
62 0.38959472288719454
66 0.4104017218827747
75 0.08299783884635614
78 0.38724400019446514
37 0.26155182306164726
12 0.7017430713894156
16 0.5600498849326403
20 0.3084267629653539
25 0.06359129940618835
40 0.9301174587551028
60 0.4939131350708824
29 0.7031147835637667
45 0.07120124574407316
7 0.42210674302106455
64 0.42950924370565857
8 0.8937106847514102
28 0.9877935731012021
72 0.6603946873672785
49 0.8259658110797836
50 0.7445607007372298
31 0.9284111200673264
33 0.6721587037548868
67 0.5413477296590903
61 0.1673484204894874
32 0.48374362438227503
24 0.7507034306612009
34 0.7736801028934283
18 0.13377651964324877
23 0.3230415771390799
56 0.9761498001198299
52 0.8134751576104471
63 0.5793347911375288
74 0.3326835902928579
54 0.8041340821657667
39 0.0747229014175097
47 0.1719430814172701
11 0.5114171378297621
69 0.32630917047408037
73 0.6541319445590396
68 0.6292970413159246
19 0.9996681462028932
21 0.952667544782923
15 0.8684745741072397
9 0.6039115005604118
10 0.06449893232170223
70 0.9790114025765652
46 0.49038299462179247
57 0.2382432918584355
38 0.24737313016068951
43 0.01921485890294594
