
 0.558
 0.665
 0.677
 0.686
 0.689
 0.689
 0.689
 0.689
 0.689
 0.689
 0.689
 0.689
 0.689
 0.689
 0.689
 0.689
 0.689
 0.689
 0.689
 0.689
 0.689
 0.689
 0.689
 0.689
 0.689
 0.689
 0.689
 0.689
 0.689
 0.689
 0.689
 0.689
 0.689
 0.689
 0.689
 0.689
 0.689
 0.689
 0.689
 0.689
 0.689
 0.689
 0.689
 0.689
 0.689
 0.689
 0.689
 0.689
 0.689
 0.689
 0.689
 0.689
 0.689
 0.689
 0.689
 0.689
 0.689
 0.689
 0.689
 0.689
 0.689
 0.689
 0.689
 0.689
 0.689
 0.689
 0.689
 0.689
 0.689
 0.689
 0.689
 0.689
 0.689
 0.689
 0.689
 0.689
 0.689
 0.689
 0.689
 0.689
 0.689
 0.689
 0.689
 0.689
 0.689
 0.689
 0.689
 0.689
 0.689
 0.689
 0.689
 0.689
 0.689
 0.689
 0.689
 0.689
 0.689
 0.689
 0.689
 0.689
 0.689
 0.689
 0.689
 0.689
 0.689
 0.689
 0.689
 0.689
 0.689
 0.689
 0.689
 0.689
 0.689
 0.689
 0.689
 0.689
 0.689
 0.689
 0.689
 0.689
 0.689
 0.689
 0.689
 0.689
 0.689
 0.689
 0.689
 0.689
 0.689
 0.689
 0.689
 0.689
 0.689
 0.689
 0.689
 0.689
 0.689
 0.689
 0.689
 0.689
 0.689
 0.689
 0.689
 0.689
 0.689
 0.689
 0.689
 0.689
 0.689
 0.689
 0.689
 0.689
 0.689
 0.689
 0.689
 0.689
 0.689
 0.689
 0.689
 0.689
 0.689
 0.689
 0.689
 0.689
 0.689
 0.689
 0.689
 0.689
 0.689
 0.689
 0.689
 0.689
 0.689
 0.689
 0.689
 0.689
 0.689
 0.689
 0.689
 0.689
 0.689
 0.689
 0.689
 0.689
 0.689
 0.689
 0.689
 0.689
 0.689
 0.689
 0.689
 0.689
 0.689
 0.689
 0.689
 0.689
 0.689
 0.689
 0.689
 0.689

