
 0.490
 0.465
 0.454
 0.492
 0.478
 0.506
 0.522
 0.495
 0.492
 0.461
 0.560
 0.487
 0.471
 0.463
 0.460
 0.471
 0.543
 0.437
 0.492
 0.461
 0.490
 0.528
 0.430
 0.500
 0.450
 0.407
 0.464
 0.507
 0.487
 0.485
 0.469
 0.505
 0.447
 0.496
 0.458
 0.554
 0.480
 0.514
 0.497
 0.485
 0.481
 0.533
 0.478
 0.495
 0.497
 0.533
 0.477
 0.495
 0.506
 0.492
 0.485
 0.467
 0.466
 0.522
 0.460
 0.504
 0.507
 0.485
 0.483
 0.433
 0.487
 0.518
 0.480
 0.431
 0.473
 0.503
 0.493
 0.461
 0.445
 0.412
 0.525
 0.456
 0.533
 0.468
 0.486
 0.475
 0.476
 0.495
 0.525
 0.480
 0.477
 0.503
 0.456
 0.485
 0.431
 0.457
 0.483
 0.467
 0.448
 0.491
 0.444
 0.465
 0.491
 0.502
 0.472
 0.473
 0.486
 0.490
 0.491
 0.469
 0.507
 0.488
 0.484
 0.471
 0.481
 0.531
 0.522
 0.480
 0.476
 0.494
 0.508
 0.475
 0.467
 0.454
 0.443
 0.476
 0.528
 0.492
 0.542
 0.481
 0.469
 0.441
 0.455
 0.503
 0.446
 0.453
 0.482
 0.480
 0.472
 0.478
 0.438
 0.498
 0.476
 0.484
 0.520
 0.507
 0.492
 0.488
 0.495
 0.525
 0.521
 0.485
 0.472
 0.521
 0.489
 0.465
 0.445
 0.496
 0.491
 0.475
 0.501
 0.480
 0.528
 0.464
 0.502
 0.453
 0.475
 0.472
 0.498
 0.482
 0.516
 0.516
 0.498
 0.443
 0.476
 0.519
 0.457
 0.468
 0.471
 0.460
 0.494
 0.444
 0.495
 0.456
 0.494
 0.485
 0.487
 0.490
 0.485
 0.468
 0.514
 0.536
 0.481
 0.496
 0.542
 0.510
 0.518
 0.455
 0.505
 0.494
 0.493
 0.461
 0.503
 0.544
 0.493
 0.487
 0.508
 0.421
 0.545
 0.513

