
 0.448
 0.489
 0.492
 0.492
 0.495
 0.492
 0.504
 0.514
 0.511
 0.511
 0.511
 0.511
 0.511
 0.511
 0.511
 0.511
 0.511
 0.511
 0.511
 0.511
 0.511
 0.511
 0.511
 0.511
 0.511
 0.511
 0.511
 0.511
 0.511
 0.511
 0.511
 0.511
 0.511
 0.511
 0.511
 0.511
 0.511
 0.511
 0.511
 0.511
 0.511
 0.511
 0.511
 0.511
 0.511
 0.511
 0.511
 0.511
 0.511
 0.511
 0.511
 0.511
 0.511
 0.511
 0.511
 0.511
 0.511
 0.511
 0.511
 0.511
 0.511
 0.511
 0.511
 0.511
 0.511
 0.511
 0.511
 0.511
 0.511
 0.511
 0.511
 0.511
 0.511
 0.511
 0.511
 0.511
 0.511
 0.511
 0.511
 0.511
 0.511
 0.511
 0.511
 0.511
 0.511
 0.511
 0.511
 0.511
 0.511
 0.511
 0.511
 0.511
 0.511
 0.511
 0.511
 0.511
 0.511
 0.511
 0.511
 0.511
 0.511
 0.511
 0.511
 0.511
 0.511
 0.511
 0.511
 0.511
 0.511
 0.511
 0.511
 0.511
 0.511
 0.511
 0.511
 0.511
 0.511
 0.511
 0.511
 0.511
 0.511
 0.511
 0.511
 0.511
 0.511
 0.511
 0.511
 0.511
 0.511
 0.511
 0.511
 0.511
 0.511
 0.511
 0.511
 0.511
 0.511
 0.511
 0.511
 0.511
 0.511
 0.511
 0.511
 0.511
 0.511
 0.511
 0.511
 0.511
 0.511
 0.511
 0.511
 0.511
 0.511
 0.511
 0.511
 0.511
 0.511
 0.511
 0.511
 0.511
 0.511
 0.511
 0.511
 0.511
 0.511
 0.511
 0.511
 0.511
 0.511
 0.511
 0.511
 0.511
 0.511
 0.511
 0.511
 0.511
 0.511
 0.511
 0.511
 0.511
 0.511
 0.511
 0.511
 0.511
 0.511
 0.511
 0.511
 0.511
 0.511
 0.511
 0.511
 0.511
 0.511
 0.511
 0.511
 0.511
 0.511
 0.511
 0.511
 0.511

