0.42848319955637715 1
0.43173371940926386 1
0.43229564943076276 1
0.43465148716359514 1
0.435465692504774 1
0.4368033993695971 1
0.44160490614990516 1
0.4421401404772927 1
0.44409267811365 1
0.44856420082717163 1
0.44906085523753175 1
0.44948320078031445 1
0.45081132647138344 1
0.4523302024343445 1
0.45354308150305817 1
0.4541690321526435 1
0.4542166562592399 1
0.45533562974178493 1
0.45574670592483324 1
0.45901553597668504 1
0.45992074000399 1
0.461843814774432 1
0.46219370955470657 1
0.4622294439323839 1
0.46243115590456113 1
0.46301050326218773 1
0.46313745288737423 1
0.46410750198450756 1
0.46448187229508847 1
0.4649633238806192 1
0.4650282941231933 1
0.46535276225918587 1
0.4658473272375916 1
0.46653635667997234 1
0.4691005312000322 1
0.46982175025167777 1
0.46988217425276374 1
0.4702886613775585 1
0.4703368010292264 1
0.47048570775827053 1
0.47070249829970306 1
0.47135465503532364 1
0.4717090775263166 1
0.4720408604162307 1
0.47222828530965844 1
0.47246123050396377 1
0.47297313071199093 1
0.4730423788151832 1
0.47351482877714374 1
0.47376321550838063 1
0.4737985578104004 1
0.47442821805009416 1
0.4744414715562225 1
0.47465500983576214 1
0.47473302764728514 1
0.475247313805259 1
0.4755352050794223 1
0.476353400920218 1
0.47637551752347784 1
0.4764401047089185 1
0.47657385622190623 1
0.48024844300038977 1
0.48042303092917715 1
0.48084962958551 1
0.4811405636298285 1
0.4819431245694807 1
0.48216439074669204 1
0.4826075446736165 1
0.484875360777629 1
0.48578857290224214 1
0.4858684808005652 1
0.48643506332912634 1
0.4866535908122927 1
0.4871499389648294 1
0.4873909961402547 1
0.48742332374557207 1
0.4875592134462882 1
0.48762057069028025 1
0.4877609285018071 1
0.4892661916306449 1
0.4894977435246966 1
0.4898869946984552 1
0.49022262251978477 1
0.4903144472982221 1
0.49152631310871775 1
0.4918651754151082 1
0.49191182553988577 1
0.49223906815722857 1
0.4924303553829188 1
0.4926105512305313 1
0.49292875942002756 1
0.493132307318025 1
0.4934694232347332 1
0.49361246507329604 1
0.4936745456886845 1
0.49421522213109476 1
0.49434471107194 1
0.49475048448506387 1
0.49475054642104305 1
0.49483771297400575 1
0.49487300820106855 1
0.49524923673327237 1
0.49577089093262217 1
0.4962785401162909 1
0.4966025242248275 1
0.4974207847703842 1
0.49822849704193173 1
0.4985543890213537 1
0.4993619175496628 1
0.4993725103730526 1
0.499755984675931 1
0.4998202144062768 1
0.499863470951077 1
0.5007611916666544 1
0.500841235334023 1
0.500959666640008 1
0.5012531660531365 1
0.5015661918578648 1
0.5017867787859145 1
0.5024822492857208 1
0.5026152371145607 1
0.5027880434756272 1
0.5032754886624959 1
0.5035162172141234 1
0.5044599656127573 1
0.5048630007793417 1
0.5051461538600159 1
0.5054591672485974 1
0.5060934618352565 1
0.5063832666937553 1
0.5075971168327892 1
0.5079787125163845 1
0.508220139562632 1
0.5082229747884708 1
0.5082491447016398 1
0.5086013240791244 1
0.508704525780818 1
0.5090693392110058 1
0.5091838901591792 1
0.5101284129562407 1
0.5102049724855217 1
0.5111872636736401 1
0.5112599073851812 1
0.5115287682305876 1
0.5123814509092747 1
0.5125941723472763 1
0.5129051139150682 1
0.5131625722198276 1
0.5136293397963467 1
0.5139011424515832 1
0.5139140445667274 1
0.5141708208501894 1
0.5142082532500709 1
0.5144621750189694 1
0.5152792056435334 1
0.5157260483286659 1
0.5157478109591966 1
0.5158315651097477 1
0.5172922121139757 1
0.5173039175089761 1
0.5181000979514946 1
0.5181345610346394 1
0.5184199890896112 1
0.5198707183971909 1
0.5202250275982989 1
0.5202525929245153 1
0.5210131104749819 1
0.5212581460546418 1
0.5221745186329705 1
0.5229470437178992 1
0.5236568737411132 1
0.5246206877883628 1
0.525422287979744 1
0.5261493933318849 1
0.5265296493520494 1
0.5273735695798625 1
0.5294014778885802 1
0.5295718328827561 1
0.5295995465874122 1
0.5313834655844674 1
0.5345770391548264 1
0.5346045803741184 1
0.5348718077037834 1
0.5360080473625631 1
0.5362958154035424 1
0.539622272528547 1
0.5397804121281555 1
0.5406714849183143 1
0.5418548610793722 1
0.5426728280953231 1
0.5465980319971294 1
0.5483048961376196 1
0.5487362308162994 1
0.5493617524852149 1
0.5500874421948998 1
0.5515712503005404 1
0.5526341789065315 1
0.5568193911123412 1
0.5572151759292733 1
0.5816964348248839 1
