
 0.553
 0.492
 0.506
 0.472
 0.486
 0.449
 0.494
 0.516
 0.490
 0.514
 0.470
 0.557
 0.582
 0.517
 0.489
 0.513
 0.511
 0.467
 0.449
 0.472
 0.516
 0.463
 0.470
 0.432
 0.494
 0.508
 0.474
 0.485
 0.535
 0.514
 0.487
 0.526
 0.487
 0.503
 0.489
 0.474
 0.514
 0.442
 0.444
 0.483
 0.464
 0.474
 0.494
 0.511
 0.462
 0.473
 0.535
 0.492
 0.502
 0.512
 0.495
 0.470
 0.522
 0.520
 0.505
 0.514
 0.480
 0.509
 0.518
 0.471
 0.475
 0.477
 0.472
 0.505
 0.498
 0.542
 0.451
 0.530
 0.449
 0.460
 0.527
 0.524
 0.502
 0.497
 0.476
 0.515
 0.540
 0.509
 0.488
 0.499
 0.513
 0.486
 0.480
 0.465
 0.508
 0.536
 0.504
 0.482
 0.509
 0.506
 0.508
 0.454
 0.493
 0.518
 0.482
 0.500
 0.495
 0.520
 0.481
 0.549
 0.442
 0.504
 0.495
 0.499
 0.503
 0.514
 0.508
 0.481
 0.502
 0.512
 0.474
 0.492
 0.456
 0.462
 0.501
 0.493
 0.535
 0.476
 0.493
 0.521
 0.454
 0.435
 0.495
 0.476
 0.459
 0.548
 0.501
 0.432
 0.500
 0.428
 0.488
 0.487
 0.510
 0.473
 0.487
 0.493
 0.474
 0.475
 0.525
 0.541
 0.469
 0.550
 0.540
 0.496
 0.454
 0.547
 0.471
 0.509
 0.462
 0.495
 0.435
 0.525
 0.501
 0.549
 0.437
 0.514
 0.552
 0.527
 0.523
 0.543
 0.518
 0.510
 0.508
 0.517
 0.488
 0.500
 0.465
 0.557
 0.490
 0.486
 0.496
 0.470
 0.466
 0.521
 0.470
 0.463
 0.501
 0.492
 0.472
 0.476
 0.455
 0.513
 0.464
 0.536
 0.492
 0.475
 0.462
 0.465
 0.499
 0.520
 0.503
 0.494
 0.531
 0.529
 0.530
 0.497
 0.516
 0.505
 0.490
 0.452

