1 32
0 40
1 36
1 36
1 50
1 41
1 36
0 43
1 42
1 50
0 52
1 42
0 39
0 48
0 43
1 44
0 49
1 47
1 39
0 35
0 54
0 31
0 49
0 45
1 34
0 46
1 39
0 42
1 40
0 39
1 41
0 42
1 38
0 44
0 44
0 45
1 60
1 38
0 38
0 50
0 47
1 33
0 33
1 37
0 37
0 54
0 28
1 37
1 43
0 38
0 34
0 34
1 43
0 42
1 35
0 41
0 53
0 38
0 36
1 54
1 43
0 42
0 49
0 37
0 36
1 39
1 45
0 42
1 44
1 60
0 47
1 39
0 48
1 49
1 41
0 58
1 51
0 48
0 42
1 37
0 40
1 44
1 40
1 54
1 28
0 43
1 46
1 47
0 44
1 47
0 46
0 39
1 40
0 48
0 39
1 51
0 39
0 49
1 43
1 44
0 44
1 53
1 34
0 41
1 44
1 35
1 45
0 41
1 40
0 47
0 32
0 49
0 48
1 38
0 52
0 46
0 49
0 29
0 40
1 50
1 32
0 47
0 40
1 37
0 46
1 34
0 38
0 39
1 32
0 30
0 29
0 41
0 34
1 34
0 43
1 40
0 45
0 50
1 44
0 44
1 44
1 41
0 40
1 48
0 34
1 45
1 40
1 38
1 36
0 41
0 35
0 45
0 50
1 36
0 29
1 36
1 46
0 42
1 36
1 45
1 43
0 43
0 42
0 47
1 58
0 36
1 46
0 56
0 45
1 41
0 41
1 43
0 40
0 52
0 49
1 43
1 41
1 39
0 41
0 40
1 43
1 42
0 56
1 38
0 42
0 41
0 34
1 39
1 35
0 41
1 48
1 40
1 49
1 43
1 44
1 30
0 36
0 39
0 45
1 44
