0.4089415996033435 1
0.41987472011388927 1
0.4320239670012988 1
0.4344300696563151 1
0.4359965021313998 1
0.436972361298473 1
0.43886148998536006 1
0.43984233508318743 1
0.4398713522583437 1
0.4410529532884866 1
0.44154707531351794 1
0.4426958664772512 1
0.44524368350591054 1
0.44671747114543436 1
0.44676923919535144 1
0.4484919432453006 1
0.4509290607570881 1
0.45105366754020787 1
0.4514823963515135 1
0.4519234406671163 1
0.45330037819508545 1
0.4544372932076851 1
0.4547951732535755 1
0.4550035333590598 1
0.4551944164751302 1
0.45650591565732895 1
0.4574011760662057 1
0.4578419609728679 1
0.45794278748478673 1
0.4579890829047215 1
0.4581825219740747 1
0.45894536839388844 1
0.4591431169266413 1
0.4605328364899722 1
0.4609150318769678 1
0.46170094066587447 1
0.462297620755573 1
0.4636903707215627 1
0.465509689578783 1
0.46557567781534376 1
0.46568007823046054 1
0.46759364086937844 1
0.46892634212261536 1
0.4689367643790571 1
0.46923929887522964 1
0.4696167703020966 1
0.47014825740317534 1
0.4704224710413928 1
0.4704329441292785 1
0.47060245385004484 1
0.4706163570897861 1
0.470688661466178 1
0.4708345593589822 1
0.47112773980007333 1
0.4736876570493932 1
0.47447148336386064 1
0.47462010430105955 1
0.47498478757727086 1
0.47543105878651076 1
0.4755541379024859 1
0.47579157156240437 1
0.47595582274959575 1
0.4774329758064863 1
0.47766925023297657 1
0.4782596300951075 1
0.4783619906059032 1
0.47841358926575817 1
0.47929566163590515 1
0.4796396705754801 1
0.48053530539818823 1
0.4807896321667187 1
0.48150261004510114 1
0.4823064625328315 1
0.48266792585358614 1
0.4835506457290359 1
0.4847322894083874 1
0.484940773915759 1
0.48500852040179715 1
0.48559745552010347 1
0.4856720660171169 1
0.48618247389558555 1
0.4873611378727092 1
0.487516320406145 1
0.4875544795941448 1
0.4879613302965636 1
0.4886571791404769 1
0.4892563707053235 1
0.4895924015399653 1
0.4896411086371242 1
0.4904973109414057 1
0.4908712685532373 1
0.49110471157807295 1
0.4911126312784065 1
0.4912483940561719 1
0.49159053083224563 1
0.49159797977242403 1
0.4916826099650386 1
0.49273412174614484 1
0.4947674906455006 1
0.49537096003742015 1
0.49549650886193236 1
0.4955541144076111 1
0.49555606481213976 1
0.49636787363272733 1
0.4972449682763472 1
0.4972651645354689 1
0.49746797714474533 1
0.4976549068882722 1
0.4993344561484267 1
0.4995141843002758 1
0.49968913885272875 1
0.5000744425737714 1
0.5001500113654327 1
0.5001679915215511 1
0.5003665923921367 1
0.5007606901814204 1
0.5008097051337654 1
0.5012105841388796 1
0.5018605474813083 1
0.5025365514573701 1
0.5030728782036009 1
0.5035727803122125 1
0.5047538691844369 1
0.5054110631119589 1
0.5055586152291731 1
0.5056511369398806 1
0.5065826477154513 1
0.5068799829769971 1
0.5072082017399857 1
0.5084853254759365 1
0.5086858363918804 1
0.5091702187402665 1
0.5100707475587265 1
0.5102956222191782 1
0.5116726963320424 1
0.5120337616615125 1
0.5121056416395762 1
0.5125413843426303 1
0.5127610704521988 1
0.5127991516128082 1
0.5131408317985876 1
0.5134726139310853 1
0.514400996759341 1
0.5144808603514913 1
0.5148526460517993 1
0.5149934475154403 1
0.5165184539540545 1
0.5175059452136815 1
0.5175087042734039 1
0.5175165321637489 1
0.5178811930832761 1
0.5180678921869493 1
0.518067989318204 1
0.5181219961029497 1
0.518722483102336 1
0.5193922146478731 1
0.5198876810008062 1
0.5199775591679819 1
0.5204070560807592 1
0.5214875725839712 1
0.5217290365058272 1
0.5218303626369097 1
0.5221392518129307 1
0.5224063726376933 1
0.5228747808014002 1
0.5234054639787514 1
0.5250718143871613 1
0.5262312825123332 1
0.5271361744686016 1
0.5275490509328435 1
0.5278092980148663 1
0.5278237097500056 1
0.5284324712016477 1
0.5294246701635322 1
0.5306548883968089 1
0.5316248468010576 1
0.5316299251890959 1
0.5332755140059392 1
0.5337162980679333 1
0.5342243838782196 1
0.5343576377871694 1
0.5351491107098909 1
0.5359739603741989 1
0.536284911727093 1
0.5375990052077433 1
0.5377766307716559 1
0.5388603088260514 1
0.5401580870888414 1
0.5412113076546275 1
0.5421857771250117 1
0.5432154782278102 1
0.5447885325450207 1
0.547619969738843 1
0.549273172294113 1
0.5547663125591811 1
0.5560765718108627 1
0.5575321074564156 1
0.5579765826473831 1
0.5646654636433504 1
0.5650751272033723 1
