
 0.490
 0.506
 0.440
 0.458
 0.478
 0.475
 0.513
 0.533
 0.481
 0.492
 0.491
 0.478
 0.505
 0.513
 0.520
 0.491
 0.476
 0.436
 0.510
 0.470
 0.509
 0.448
 0.499
 0.479
 0.492
 0.497
 0.539
 0.501
 0.522
 0.507
 0.442
 0.476
 0.521
 0.462
 0.454
 0.470
 0.490
 0.500
 0.498
 0.558
 0.455
 0.484
 0.496
 0.488
 0.466
 0.493
 0.491
 0.488
 0.503
 0.565
 0.500
 0.515
 0.526
 0.500
 0.482
 0.523
 0.459
 0.497
 0.469
 0.503
 0.519
 0.506
 0.458
 0.520
 0.420
 0.475
 0.518
 0.500
 0.509
 0.439
 0.457
 0.532
 0.518
 0.451
 0.487
 0.540
 0.522
 0.455
 0.478
 0.434
 0.534
 0.541
 0.443
 0.528
 0.440
 0.522
 0.474
 0.535
 0.517
 0.513
 0.490
 0.482
 0.485
 0.519
 0.518
 0.538
 0.432
 0.453
 0.497
 0.485
 0.457
 0.504
 0.492
 0.461
 0.548
 0.470
 0.520
 0.445
 0.502
 0.534
 0.475
 0.558
 0.471
 0.495
 0.486
 0.523
 0.469
 0.466
 0.512
 0.534
 0.532
 0.565
 0.513
 0.513
 0.477
 0.555
 0.514
 0.476
 0.451
 0.515
 0.451
 0.464
 0.491
 0.556
 0.447
 0.543
 0.522
 0.486
 0.480
 0.528
 0.518
 0.538
 0.489
 0.462
 0.501
 0.505
 0.471
 0.469
 0.508
 0.507
 0.459
 0.488
 0.527
 0.409
 0.495
 0.536
 0.507
 0.518
 0.483
 0.471
 0.518
 0.466
 0.531
 0.496
 0.471
 0.529
 0.485
 0.455
 0.500
 0.496
 0.536
 0.514
 0.495
 0.447
 0.545
 0.518
 0.437
 0.461
 0.549
 0.528
 0.512
 0.528
 0.542
 0.525
 0.458
 0.512
 0.481
 0.500
 0.468
 0.471
 0.441
 0.510
 0.501
 0.470
 0.478
 0.452
 0.458
 0.486
 0.474
 0.489

