0 48
0 34
0 34
0 41
0 41
0 33
0 45
0 33
0 49
0 45
0 41
0 47
0 42
0 42
0 34
0 40
0 50
0 39
0 35
0 40
0 45
0 49
0 32
0 33
0 31
0 33
0 40
0 54
0 33
0 37
0 42
0 39
0 40
0 40
0 41
0 40
0 34
0 36
0 39
0 32
0 43
0 46
0 40
0 41
0 45
0 45
0 33
0 32
0 46
0 39
0 43
0 49
0 34
0 40
0 55
0 53
0 40
0 47
0 48
0 55
0 45
0 41
0 33
0 42
0 26
0 36
0 35
0 48
0 43
0 45
0 38
0 53
0 41
0 51
0 47
0 47
0 37
0 37
0 51
0 29
0 33
0 43
0 41
0 44
0 42
0 44
0 52
0 32
0 40
0 40
0 49
0 44
0 52
0 48
0 39
0 39
0 39
0 38
0 42
0 41
0 43
0 47
0 38
0 50
0 47
0 36
0 39
0 39
0 42
0 37
0 51
0 41
0 40
0 51
0 40
0 48
0 41
0 34
0 42
0 48
0 40
0 60
0 56
0 44
0 56
0 48
0 42
0 30
0 38
0 49
0 44
0 43
0 43
0 47
0 29
0 35
0 49
0 44
0 39
0 33
0 34
0 48
0 42
0 42
0 44
0 42
0 48
0 42
0 41
0 48
0 27
0 54
0 38
0 53
0 56
0 48
0 55
0 37
0 34
0 36
0 37
0 49
0 40
0 40
0 50
0 50
0 38
0 40
0 46
0 46
0 42
0 41
0 55
0 46
0 33
0 57
0 55
0 32
0 34
0 41
0 39
0 42
0 37
0 52
0 37
0 47
0 47
0 39
0 42
0 40
0 41
0 36
0 43
0 39
0 36
0 39
0 43
0 32
0 46
0 44
