
 2.000
 0.030
 2.000
 0.000
 0.000
 1.990
 0.000
 0.000
 0.020
 0.000
 2.000
 0.020
 1.990
 4.000
 5.990
 5.990
 1.990
 0.010
 0.000
 2.000
 0.010
 1.990
 7.990
 0.010
 0.020
 0.020
 3.980
 7.990
 0.000
 0.000
 3.990
 2.000
 5.980
 0.020
 5.990
 1.990
 2.000
 0.000
 2.000
 7.990
 0.000
 2.000
 0.000
 0.000
 0.000
 7.990
 7.990
 0.020
 2.000
 2.000
 0.030
 3.990
 0.000
 0.000
 4.000
 0.010
 4.000
 0.000
 0.000
 0.010
 2.000
 9.990
 6.000
 0.000
 0.000
 5.980
 4.000
 0.000
 4.000
 0.020
 0.000
 5.980
 1.990
 4.000
 0.000
 3.990
 2.000
 1.990
 5.990
 0.010
 2.000
 0.040
 0.000
 0.000
 4.000
 4.000
 7.990
 4.000
 0.000
 1.990

