0.42492687692346715 1
0.42570427555056717 1
0.442551326655921 1
0.44306887917210036 1
0.4441513394284553 1
0.45573825181693217 1
0.46222685469573777 1
0.4625525075713903 1
0.4629886411802465 1
0.46305705663782637 1
0.4650151799578751 1
0.4678473861394149 1
0.46830936056344086 1
0.4687249510037349 1
0.46879683340278033 1
0.47132202224980757 1
0.4726646057846397 1
0.47331015983953045 1
0.47354287161764885 1
0.4736231876525835 1
0.47434047745146396 1
0.4753165251110653 1
0.47693980338779096 1
0.4776903371948704 1
0.4783330665317858 1
0.4784832132155445 1
0.47984249353804365 1
0.47993396801487664 1
0.48018374940217007 1
0.4807708203775596 1
0.4810436745692369 1
0.48139458732952073 1
0.48177834475813086 1
0.48231363406069716 1
0.482745687281139 1
0.4832793073430923 1
0.4834426712157787 1
0.48418692751478803 1
0.48464971081607394 1
0.485053797254211 1
0.4853506781449262 1
0.48724426493404777 1
0.4874986963195064 1
0.48775455079363605 1
0.4878108155633702 1
0.4878835851436141 1
0.48836557935542113 1
0.4886125818975746 1
0.4886228114182074 1
0.4891868873479719 1
0.4892987288553738 1
0.49018936490006126 1
0.49046161884875766 1
0.4910629472448926 1
0.4916740331313461 1
0.492443569085531 1
0.4924696100196895 1
0.4926698289896902 1
0.4927384030271871 1
0.4927979684071441 1
0.4931263918993815 1
0.49357727328534673 1
0.49386415739935535 1
0.4945868915492097 1
0.4949860921225231 1
0.49531067276537366 1
0.49576353220046954 1
0.49705122042795274 1
0.4973521330354172 1
0.49754185511438154 1
0.49809978778691544 1
0.4983365239720851 1
0.49834093668248036 1
0.4988674208797327 1
0.4989265228291606 1
0.49976624548659465 1
0.500701551027538 1
0.5010216391638722 1
0.5013376314387247 1
0.5014365383150544 1
0.503192479446556 1
0.5033263823287669 1
0.5035656938562219 1
0.5047995062125241 1
0.5048918603231598 1
0.506817087041653 1
0.5068452651429122 1
0.5072147039129444 1
0.5074736273483782 1
0.5077494991134712 1
0.5081518773237491 1
0.5082082326390336 1
0.5089216149555043 1
0.5096209477093647 1
0.5098713014098815 1
0.5099159767471891 1
0.5099982297804387 1
0.5101241783906246 1
0.5101329722144224 1
0.5108740277787257 1
0.5111164020678656 1
0.5112508885668184 1
0.5117837348250961 1
0.512050400341312 1
0.5122623025647193 1
0.5127577325234397 1
0.5127793994968678 1
0.5127902519040375 1
0.5129217446727038 1
0.5132944983179824 1
0.5134662109837541 1
0.513605285181542 1
0.5137898609508177 1
0.5138533417346384 1
0.5139318379864533 1
0.5140052471121773 1
0.5141761089482443 1
0.5143533636982436 1
0.5148990497006698 1
0.5149482500230657 1
0.5154940972338454 1
0.515757592009352 1
0.5159257885565619 1
0.5160273069138877 1
0.516263142621543 1
0.5164053163847292 1
0.5169618823959806 1
0.5173337035825094 1
0.5173461556239849 1
0.5175611309867884 1
0.5184705985831579 1
0.5185933075258482 1
0.5194027644910535 1
0.5196543530278727 1
0.5197691457452143 1
0.5198512504124055 1
0.5200676766383592 1
0.5220724801611674 1
0.5221460353418652 1
0.5223851791529496 1
0.5226028490062887 1
0.5230369761213229 1
0.5234693154403933 1
0.5238262869131728 1
0.5243878504909907 1
0.5244810741487781 1
0.5246773194223578 1
0.5249937126129054 1
0.5249942111035668 1
0.525454568626782 1
0.5254665708609013 1
0.525822514021558 1
0.5259187675143357 1
0.5266100902465347 1
0.5268308140364169 1
0.5272582216301225 1
0.5273247757281446 1
0.5280013388399153 1
0.5286414212971545 1
0.5291678754115295 1
0.5294382045627457 1
0.5294622201245208 1
0.5305654751371771 1
0.5313038252372975 1
0.5313594403922637 1
0.5316130778122025 1
0.5329361446875445 1
0.5331901957637986 1
0.5333643756365758 1
0.5337392328815305 1
0.5350470012716642 1
0.5354035126437491 1
0.5354212211214522 1
0.5365340734015372 1
0.5390600197974238 1
0.5391794625067612 1
0.5400913789883739 1
0.5403109537917702 1
0.5412216073331938 1
0.5412798983803703 1
0.5431704516179112 1
0.5436133184947898 1
0.5441298220273063 1
0.5460649800199942 1
0.5464446504417303 1
0.5480182601781771 1
0.5483924265555346 1
0.5485487177165225 1
0.5488518825917035 1
0.5502988869396708 1
0.5506669492707882 1
0.5515575660075285 1
0.5539261840607701 1
0.5542072419545065 1
0.5579752210414065 1
0.5628821836930966 1
0.5636002862074175 1
0.5660637221619296 1
0.5673588545239612 1
0.5839273382619912 1
