
 0.514
 0.548
 0.488
 0.480
 0.498
 0.549
 0.504
 0.515
 0.495
 0.475
 0.478
 0.539
 0.516
 0.471
 0.524
 0.524
 0.513
 0.487
 0.550
 0.513
 0.516
 0.525
 0.546
 0.528
 0.505
 0.532
 0.534
 0.507
 0.488
 0.517
 0.499
 0.510
 0.508
 0.483
 0.501
 0.498
 0.524
 0.516
 0.496
 0.509
 0.525
 0.522
 0.527
 0.503
 0.508
 0.526
 0.490
 0.489
 0.548
 0.507
 0.463
 0.478
 0.469
 0.543
 0.497
 0.544
 0.480
 0.443
 0.529
 0.480
 0.474
 0.456
 0.563
 0.487
 0.527
 0.501
 0.512
 0.482
 0.478
 0.541
 0.531
 0.494
 0.494
 0.529
 0.529
 0.514
 0.513
 0.468
 0.507
 0.558
 0.492
 0.535
 0.526
 0.513
 0.510
 0.508
 0.511
 0.531
 0.513
 0.512
 0.492
 0.481
 0.489
 0.477
 0.512
 0.519
 0.564
 0.529
 0.514
 0.523
 0.520
 0.546
 0.497
 0.483
 0.515
 0.513
 0.425
 0.485
 0.495
 0.493
 0.535
 0.522
 0.463
 0.483
 0.493
 0.481
 0.507
 0.514
 0.523
 0.566
 0.473
 0.535
 0.488
 0.489
 0.517
 0.462
 0.505
 0.510
 0.516
 0.501
 0.520
 0.498
 0.501
 0.527
 0.540
 0.518
 0.552
 0.537
 0.517
 0.474
 0.485
 0.426
 0.485
 0.511
 0.567
 0.492
 0.544
 0.510
 0.511
 0.519
 0.463
 0.493
 0.484
 0.444
 0.533
 0.495
 0.527
 0.549
 0.551
 0.520
 0.468
 0.518
 0.520
 0.514
 0.491
 0.525
 0.443
 0.516
 0.469
 0.490
 0.500
 0.499
 0.554
 0.554
 0.503
 0.539
 0.481
 0.514
 0.489
 0.515
 0.510
 0.541
 0.522
 0.523
 0.473
 0.493
 0.465
 0.533
 0.584
 0.525
 0.488
 0.531
 0.525
 0.533
 0.482
 0.514
 0.510
 0.540
 0.474
 0.498

