1 45
1 46
0 40
1 28
1 38
1 43
1 34
1 37
1 36
1 51
1 38
1 43
0 38
0 49
0 27
1 49
0 36
0 39
0 48
0 38
0 37
0 43
1 42
0 41
0 56
0 45
1 40
1 52
1 43
1 45
0 40
0 38
1 50
1 45
1 40
0 40
1 41
0 52
1 41
0 46
0 42
0 45
0 28
0 40
0 36
1 45
0 40
0 46
0 53
0 40
1 32
0 31
0 43
0 45
0 32
0 53
0 57
1 35
0 54
0 40
0 37
1 38
1 38
1 45
1 45
1 43
0 33
0 38
0 55
1 36
1 49
1 53
1 36
0 43
0 48
1 47
0 39
1 45
0 35
1 48
0 46
0 51
0 43
1 40
0 55
1 61
1 53
1 43
1 34
0 40
1 45
0 41
1 32
0 46
0 51
1 43
0 38
0 47
0 36
1 36
1 38
0 34
0 37
1 40
1 39
0 45
0 49
1 50
1 47
0 40
0 42
1 36
1 46
1 36
1 48
1 46
1 41
1 47
1 36
1 37
0 54
0 44
1 50
1 37
0 39
0 33
0 42
1 35
1 47
0 49
0 39
0 40
0 51
0 45
1 54
1 37
1 36
1 42
0 37
0 39
1 49
1 49
0 35
0 48
0 40
1 37
1 42
1 40
1 38
0 53
1 49
1 41
0 37
1 37
0 56
0 37
1 50
1 49
0 39
0 40
1 32
1 39
1 35
0 46
1 47
1 41
1 36
0 54
0 41
0 40
0 34
1 33
1 36
1 29
0 42
1 51
0 51
0 48
0 38
1 42
0 41
1 42
1 42
1 31
1 44
1 32
1 44
1 34
1 44
1 28
1 48
1 42
1 41
1 38
1 32
1 44
1 43
1 47
0 41
0 40
