0.4716299181763625 1
0.4772130334222432 1
0.48027495635449663 1
0.4826924178406449 1
0.48277984152372666 1
0.4860934894443747 1
0.48805262430143687 1
0.4889688123911828 1
0.48973933864172453 1
0.49023708649577075 1
0.4956104676314053 1
0.495763026841032 1
0.4977876405479957 1
0.4986799689032406 1
0.4996149504842681 1
0.5000251962067205 1
0.5000578611721394 1
0.501875311844463 1
0.5066897219660862 1
0.5070105954961952 1
0.5076962530869037 1
0.5093567771525016 1
0.5093656191003845 1
0.5100152671446129 1
0.5105541759227988 1
0.5115363013726363 1
0.5118722336161997 1
0.5126818223385213 1
0.5128253303693551 1
0.5131628263275863 1
0.5140282653231061 1
0.5140552763552839 1
0.5145217648948087 1
0.5149300634224169 1
0.5155970715415956 1
0.5162254764586518 1
0.5164294159081855 1
0.5191172607847262 1
0.5197789907599843 1
0.5199688906592167 1
0.5203574985033108 1
0.5209113113081772 1
0.5209137211745565 1
0.5218291271417583 1
0.5225151243103663 1
0.5232734833642523 1
0.5234307143101629 1
0.5234833672814655 1
0.5238784655081851 1
0.5245434993406835 1
0.5249025337478104 1
0.5250739989577885 1
0.5252128341625536 1
0.5253853264271594 1
0.5257395105169723 1
0.5274513629226157 1
0.5275291852669014 1
0.527662473733213 1
0.5293522195886355 1
0.5293826852017098 1
0.529542382834881 1
0.5299779060792209 1
0.5304089756853512 1
0.530629118598753 1
0.5309645337827096 1
0.5327187568757955 1
0.5330368612534558 1
0.533382535999127 1
0.5333893004043331 1
0.5338184875370717 1
0.5341561137466271 1
0.5344019823825233 1
0.5344601200305188 1
0.5346320494651285 1
0.5355257640399639 1
0.5358359698235984 1
0.5365225293483881 1
0.536767458587395 1
0.5367864983900439 1
0.5368410610530671 1
0.5375622209472231 1
0.5378049007400414 1
0.53822705774111 1
0.5382449370151439 1
0.5383129524348168 1
0.5383696644178447 1
0.5387944755205549 1
0.5388624851842744 1
0.5390515109189673 1
0.5393414079132172 1
0.5396110034548637 1
0.5397901763365668 1
0.540852385091871 1
0.5410810431239641 1
0.5412910019196646 1
0.5415519378015528 1
0.5417499549421355 1
0.5419865023471553 1
0.5419877244521486 1
0.5420031215913059 1
0.542229918292701 1
0.5424833612650979 1
0.5430923862243072 1
0.5439912248383356 1
0.5442569803734276 1
0.5443294871692432 1
0.5443718779519182 1
0.5445236561677431 1
0.5450767366217574 1
0.5450854825011281 1
0.5455847380410936 1
0.546235168685226 1
0.5468077103087782 1
0.5477790077240593 1
0.5484939750241068 1
0.5486159186216116 1
0.5486784010208312 1
0.5489284072921703 1
0.5493875730972527 1
0.5493998927319013 1
0.5496344771065843 1
0.5498991189190048 1
0.550133121008918 1
0.550394456690156 1
0.5505667067130198 1
0.5510120494949173 1
0.5511571985357361 1
0.5512582839926292 1
0.5514326195842775 1
0.5516941659345257 1
0.5521337965713707 1
0.5527024909731779 1
0.5527078092045332 1
0.5530646284600611 1
0.5536166845340522 1
0.5538929549681374 1
0.5541566866975365 1
0.554623086791185 1
0.5548259683952261 1
0.555347840947952 1
0.5562188427520366 1
0.5567566022402277 1
0.5568465969468565 1
0.5570690314168953 1
0.5571604740457261 1
0.558250403363573 1
0.559286728868727 1
0.5593415139185633 1
0.5598153283295983 1
0.5598777134483901 1
0.5603270830415386 1
0.560455200410123 1
0.5608295808231156 1
0.5609943592956276 1
0.5613373675659407 1
0.5620552577474398 1
0.5624263815191555 1
0.5624489400871008 1
0.562451859692561 1
0.5632138237676645 1
0.5632953205486746 1
0.563533648733879 1
0.5636888667062016 1
0.5640929017568748 1
0.5646958465633335 1
0.5648762054781296 1
0.565903491435244 1
0.566269494243164 1
0.5663782357152197 1
0.5665974052862399 1
0.5668863348737184 1
0.5669558728180776 1
0.5670281065883992 1
0.5671469750585998 1
0.5671592853939686 1
0.5675046407031448 1
0.5680001793622029 1
0.5680354273509068 1
0.5686305278482824 1
0.5697570041498939 1
0.5704869682766481 1
0.5707103590784187 1
0.570796262585157 1
0.5726172059158225 1
0.573185536533076 1
0.5734924871704125 1
0.5736499171443904 1
0.5746104918996794 1
0.5755221460861089 1
0.5758576284360936 1
0.57796127240811 1
0.5791570376163463 1
0.5806679039170543 1
0.5817692653477768 1
0.5817887238032246 1
0.5825759888297928 1
0.5838390026162138 1
0.5884779438186675 1
0.594801920009056 1
0.5983082583568929 1
