
 0.512
 0.537
 0.534
 0.496
 0.528
 0.502
 0.546
 0.573
 0.534
 0.559
 0.555
 0.500
 0.525
 0.508
 0.507
 0.553
 0.533
 0.551
 0.521
 0.516
 0.516
 0.538
 0.516
 0.510
 0.525
 0.568
 0.538
 0.582
 0.538
 0.525
 0.513
 0.515
 0.544
 0.567
 0.542
 0.558
 0.564
 0.555
 0.550
 0.541
 0.529
 0.520
 0.564
 0.551
 0.562
 0.496
 0.523
 0.566
 0.490
 0.573
 0.554
 0.472
 0.549
 0.573
 0.483
 0.534
 0.575
 0.588
 0.581
 0.583
 0.509
 0.529
 0.576
 0.549
 0.530
 0.542
 0.499
 0.525
 0.560
 0.557
 0.539
 0.595
 0.545
 0.544
 0.511
 0.528
 0.538
 0.531
 0.562
 0.477
 0.541
 0.490
 0.584
 0.561
 0.556
 0.552
 0.533
 0.559
 0.554
 0.539
 0.480
 0.539
 0.530
 0.513
 0.514
 0.569
 0.500
 0.553
 0.561
 0.557
 0.567
 0.574
 0.552
 0.535
 0.562
 0.507
 0.543
 0.489
 0.530
 0.512
 0.551
 0.562
 0.533
 0.566
 0.536
 0.520
 0.522
 0.544
 0.515
 0.557
 0.488
 0.565
 0.568
 0.540
 0.563
 0.483
 0.551
 0.560
 0.542
 0.531
 0.560
 0.565
 0.541
 0.545
 0.538
 0.549
 0.551
 0.571
 0.542
 0.536
 0.513
 0.540
 0.523
 0.520
 0.539
 0.570
 0.542
 0.568
 0.544
 0.567
 0.549
 0.567
 0.570
 0.542
 0.514
 0.557
 0.549
 0.542
 0.509
 0.527
 0.526
 0.523
 0.571
 0.550
 0.547
 0.525
 0.537
 0.519
 0.548
 0.566
 0.546
 0.550
 0.555
 0.486
 0.548
 0.521
 0.545
 0.533
 0.500
 0.598
 0.554
 0.523
 0.560
 0.534
 0.567
 0.579
 0.498
 0.538
 0.553
 0.578
 0.576
 0.537
 0.524
 0.561
 0.537
 0.564
 0.582
 0.563
 0.567
 0.550

