0.3970065035404061 1
0.39767300315477394 1
0.4015307162781576 1
0.4027437813310315 1
0.4038395368262707 1
0.4049743989343236 1
0.4062864197866697 1
0.407932088798175 1
0.40801043823183053 1
0.40841953300187434 1
0.4084792459805049 1
0.41090791717925673 1
0.412470075538195 1
0.41311843663533276 1
0.41350997435116477 1
0.4159419936276762 1
0.4161940907642542 1
0.41721244001862234 1
0.41793624772664506 1
0.41807183200953835 1
0.418287154173861 1
0.4187183067211071 1
0.41956094864256693 1
0.419560948642567 1
0.42004933603905087 1
0.420322909489813 1
0.42050392453046725 1
0.4205191499441211 1
0.42126392574772736 1
0.42132072562278133 1
0.421829719385082 1
0.4219481186243354 1
0.422048379346359 1
0.4222823482465126 1
0.42269289442794167 1
0.4227903255716118 1
0.42310351385378814 1
0.4231631433071955 1
0.4235155114466027 1
0.42402399699030263 1
0.4241997043232111 1
0.42429851363384913 2
0.42445703592311773 1
0.4244761908775492 1
0.42451332757957105 1
0.42477073242389485 1
0.4249044303212191 1
0.42502282956047255 1
0.4251421719925106 1
0.42523720853201086 1
0.4256501493176097 1
0.4257485236540641 1
0.42594331269698715 1
0.4261586348613098 1
0.42672529844703194 1
0.4267439451828628 1
0.42678595461844715 1
0.4269421452671572 1
0.427038994947809 1
0.42735124003720104 1
0.4276066852515388 1
0.42768590463356176 1
0.42790122679788445 1
0.42821441508006053 1
0.42823400500867587 1
0.42827172317371554 1
0.42829225629511547 1
0.4283117729793136 1
0.4283514507743392 1
0.42841065553436886 1
0.42884086488883055 1
0.42891914107806883 1
0.4292318211416447 1
0.42950735422239256 1
0.42993553070245105 1
0.430311843004629 1
0.4308761119861817 1
0.4310346239946445 1
0.4314247102990909 1
0.4316987919684538 1
0.4317364471698821 1
0.4319746970597742 1
0.43199327055118786 1
0.43211174303485855 1
0.43244255133485837 1
0.43246453586764344 1
0.432481731192089 1
0.43265649533221284 1
0.4335196703750724 1
0.43367629599796614 1
0.4338720282336736 1
0.4340100174015425 1
0.43414894976219576 1
0.4342640009236892 1
0.4343408989459594 1
0.43453852784804176 1
0.4345967058900637 1
0.4348126095174042 1
0.43495146863364065 1
0.43510519143376364 1
0.4352045822074198 1
0.4353200786239026 1
0.435438986081757 1
0.43565430824607965 1
0.4356915181925185 1
0.43587013862900326 1
0.4361221625211639 1
0.43616366373814697 1
0.436417139041693 1
0.43641721228611013 1
0.4368078068091576 1
0.43718208623693244 1
0.4374360697590791 1
0.4374542082763093 1
0.437472781767723 1
0.4374943313263243 1
0.4376896285878479 1
0.43782666428212624 1
0.43804191320203195 1
0.43845449225786437 1
0.43849265567789364 1
0.43851362377347697 1
0.4388067871528544 1
0.43886409524650916 1
0.4393935488857925 1
0.4396876554579544 1
0.4396876554579547 1
0.43974351214022406 1
0.43990109123670834 1
0.440391873237362 2
0.44058767871748655 1
0.4411175673309535 1
0.44160646294603806 1
0.44180030879617666 1
0.44209296395695324 1
0.4423502955568599 1
0.44244721848192925 1
0.44258469943119716 1
0.4426062489897986 1
0.4428186580505447 1
0.4431538308655064 1
0.4433686448112282 1
0.44356343385415103 1
0.44387763857352897 1
0.44397405327999734 1
0.44399270001582836 1
0.44417174514569074 1
0.44430922609495865 1
0.44465875437520647 1
0.44509077687081977 1
0.44513039170223423 1
0.44544168331803585 1
0.4454608382724675 1
0.44565991858593507 1
0.44573768655657253 1
0.4462055408316566 1
0.44654027867243423 1
0.4467746722659657 1
0.4473810239275194 1
0.4477333188225093 1
0.44777395009112525 1
0.44777445830972584 1
0.4479888372812642 1
0.44861375215342586 1
0.4486733918876392 1
0.44969087119364004 1
0.4497686391642776 1
0.44977059879426357 1
0.449887111647948 1
0.45025949440934815 1
0.45053306786011027 1
0.4510610700880086 1
0.45112223447802413 1
0.45114175116222244 1
0.45131702352094716 1
0.4514353495157837 1
0.45255069493963795 1
0.4530968254039606 1
0.45374518650109813 1
0.4537623818255439 1
0.4539590572540358 1
0.45478218249129737 1
0.45621071619732817 1
0.4572089673044802 1
0.4582474147060644 1
0.4582836814597189 1
0.4587764333711643 1
0.4606747077378482 1
0.4611067302334619 1
0.4624578576986216 1
0.4644927430662061 1
0.46455288073821455 1
0.464707546731122 1
0.46488660214179056 1
0.46505897167774485 1
0.4658820969150066 1
0.4665108680835289 1
0.46658870929858354 1
