
 0.416
 0.423
 0.418
 0.444
 0.437
 0.434
 0.416
 0.444
 0.427
 0.424
 0.436
 0.451
 0.448
 0.426
 0.427
 0.408
 0.442
 0.442
 0.439
 0.445
 0.425
 0.433
 0.434
 0.437
 0.459
 0.424
 0.430
 0.428
 0.461
 0.427
 0.398
 0.440
 0.434
 0.408
 0.430
 0.450
 0.421
 0.443
 0.428
 0.424
 0.464
 0.442
 0.418
 0.436
 0.451
 0.435
 0.444
 0.447
 0.431
 0.426
 0.444
 0.422
 0.453
 0.440
 0.432
 0.420
 0.418
 0.444
 0.441
 0.449
 0.443
 0.450
 0.403
 0.440
 0.419
 0.440
 0.434
 0.408
 0.436
 0.425
 0.443
 0.445
 0.435
 0.445
 0.408
 0.443
 0.438
 0.454
 0.414
 0.427
 0.422
 0.436
 0.417
 0.448
 0.428
 0.428
 0.428
 0.451
 0.443
 0.438
 0.436
 0.421
 0.420
 0.438
 0.439
 0.437
 0.432
 0.402
 0.438
 0.420
 0.450
 0.465
 0.442
 0.437
 0.429
 0.428
 0.453
 0.405
 0.421
 0.439
 0.461
 0.466
 0.457
 0.429
 0.445
 0.424
 0.432
 0.447
 0.413
 0.454
 0.451
 0.426
 0.434
 0.455
 0.435
 0.425
 0.423
 0.439
 0.438
 0.445
 0.435
 0.444
 0.424
 0.430
 0.435
 0.467
 0.454
 0.435
 0.424
 0.420
 0.425
 0.429
 0.440
 0.465
 0.425
 0.435
 0.435
 0.446
 0.446
 0.397
 0.456
 0.434
 0.436
 0.421
 0.458
 0.465
 0.434
 0.427
 0.458
 0.432
 0.423
 0.431
 0.432
 0.436
 0.411
 0.450
 0.428
 0.428
 0.450
 0.428
 0.465
 0.467
 0.451
 0.447
 0.423
 0.440
 0.426
 0.406
 0.446
 0.451
 0.427
 0.448
 0.449
 0.425
 0.412
 0.432
 0.431
 0.404
 0.422
 0.432
 0.437
 0.442
 0.462
 0.437
 0.424
 0.441
 0.422
 0.428
 0.448
 0.432

