0.420631303295629 1
0.42972371644842594 1
0.44151097182826354 1
0.4423661038402171 1
0.4519654299597569 1
0.4549256759372709 1
0.45517047043762815 1
0.45684242159830873 1
0.45687830519141026 1
0.4583525234540239 1
0.46123378576413965 1
0.46147357531824235 1
0.4616578396012684 1
0.4619369960539849 1
0.4620214756400429 1
0.4646854485782568 1
0.46529200359884615 1
0.4654538790792763 1
0.46629555286140095 1
0.4683899219687104 1
0.4700494654687442 1
0.4703031563334082 1
0.47040071569918085 1
0.47067569074892857 1
0.47168326806202415 1
0.4730170069898684 1
0.47416797612547934 1
0.47451821850474496 1
0.47808102190503554 1
0.47818915169193793 1
0.4782602627724424 1
0.4784042312193908 1
0.47884705407521827 1
0.4789707315901665 1
0.4795063833971441 1
0.4796323451429954 1
0.48024802455624716 1
0.4809445249593317 1
0.48208070958390814 1
0.4821939747479717 1
0.48259024132535844 1
0.48265209200366277 1
0.4834099567831212 1
0.4838964995546767 1
0.48508853430377186 1
0.4860865305617307 1
0.4862445532306107 1
0.4864889011707387 1
0.4875974683389677 1
0.48783061214926454 1
0.488109486222957 1
0.48859050161009615 1
0.4890165678828864 1
0.4890334706168575 1
0.4892317224898398 1
0.4893660679923411 1
0.4895266695280494 1
0.4895769401145115 1
0.48989014237356293 1
0.49032765869592176 1
0.4904660130050825 1
0.49148758253199304 1
0.49171663130882076 1
0.4926773316346516 1
0.4937010168617887 1
0.49391462278383813 1
0.49408239659259645 1
0.494504520574468 1
0.4946895392913288 1
0.4947423471677413 1
0.4952880092539715 1
0.49558068978862674 1
0.4960665267212761 1
0.4962434787784336 1
0.4966166854653398 1
0.49805533557345605 1
0.49807845164383463 1
0.4983211788234702 1
0.49910197313586585 1
0.49915726512331127 1
0.4993207116452026 1
0.4994283314262757 1
0.4998192781596561 1
0.49987214834714266 1
0.499982107032884 1
0.5004681342192301 1
0.5004877532253618 1
0.5012928413740214 1
0.5015222511419559 1
0.5015237168899557 1
0.5016846406625448 1
0.5017658038959887 1
0.5017664555176554 1
0.5021720442336528 1
0.5025692306296592 1
0.5036886953472515 1
0.5039560361350642 1
0.5042676449418971 1
0.5045309748629406 1
0.5046333336678628 1
0.5049375071937198 1
0.5050060963296515 1
0.505130437256899 1
0.5061032888585558 1
0.5062854931063707 1
0.5065393219678849 1
0.506615091479249 1
0.5069787588321674 1
0.5073653491063157 1
0.5073893057549416 1
0.5074010583502008 1
0.5091257950220122 1
0.509354283502968 1
0.5094244639903577 1
0.5098143792080803 1
0.5101807929498569 1
0.5102877676381327 1
0.5108692994306019 1
0.5109101922374127 1
0.5129046531789557 1
0.5130145356403084 1
0.5130955676760388 1
0.5135067971886935 1
0.513697460645069 1
0.5144741906716 1
0.5145430759481391 1
0.5147948255781645 1
0.515508034473174 1
0.516504988442331 1
0.5172281733741224 1
0.5172858264531122 1
0.517508689716646 1
0.5181629285109713 1
0.5185059162631811 1
0.518677937264457 1
0.5187343725280322 1
0.5194459672441376 1
0.5201967131001966 1
0.5206728279688398 1
0.5210267975916751 1
0.5211495275667885 1
0.521151821061868 1
0.5213800177614465 1
0.5219975174643445 1
0.5220340184510444 1
0.522228496346185 1
0.5231515624349462 1
0.5254698697422394 1
0.5259694380659632 1
0.5260416853581746 1
0.5261857286166398 1
0.526785937778746 1
0.5273812778716038 1
0.527757670726049 1
0.5284165966550542 1
0.5286633315955336 1
0.5290867998128406 1
0.5291612771953769 1
0.5292744872460726 1
0.5298096163331899 1
0.5302190657727588 1
0.530767447101303 1
0.5310825479063158 1
0.531267191150189 1
0.5318515572727036 1
0.5319378370521799 1
0.5333650868230484 1
0.5339450180313959 1
0.5341759730765699 1
0.5341958810290871 1
0.5343672283911572 1
0.5349818057709596 1
0.5351011089165183 1
0.5376574949664653 1
0.538312580618729 1
0.5386574373401133 1
0.5406370141069644 1
0.5414002732839155 1
0.5428852210079674 1
0.543235531924024 1
0.5432408281120579 1
0.5437954038190295 1
0.5453370200308598 1
0.5473369616652871 1
0.5488439933046373 1
0.5492248398234318 1
0.5519696942002394 1
0.5523258289806 1
0.5550260610866866 1
0.5555541139520366 1
0.5559336458750309 1
0.5585787453028473 1
0.5595901796024174 1
0.5604250157175749 1
0.5655779888234589 1
0.5678957475881872 1
0.5702164810329282 1
0.573526994017908 1
0.5778455920266391 1
0.5944138848567512 1
