1 38
1 39
2 38
2 37
1 46
0 39
1 42
0 32
2 43
1 52
1 33
1 38
2 38
2 32
0 38
2 40
1 39
0 32
0 45
0 45
0 49
0 36
1 43
2 46
0 45
1 41
1 30
1 39
1 49
1 43
1 36
1 47
0 50
2 42
1 42
1 42
1 54
2 36
0 35
1 41
1 32
2 37
2 43
2 45
0 39
2 40
2 47
2 38
2 36
1 41
2 46
0 42
0 35
1 45
0 56
2 38
0 41
1 40
0 38
2 37
2 48
2 45
1 55
2 32
0 44
1 37
1 35
2 39
2 55
2 42
0 32
2 42
0 49
0 43
0 40
1 51
2 40
0 59
1 38
0 52
0 35
2 46
0 46
2 40
1 45
0 42
1 36
1 42
2 37
1 49
1 36
0 58
1 39
2 43
1 49
0 40
2 48
0 44
2 45
0 37
1 48
1 32
1 39
0 39
2 51
0 48
0 45
2 37
0 32
0 50
2 36
2 43
1 52
2 32
0 34
0 41
1 45
1 41
1 59
2 45
0 44
1 39
1 33
1 51
0 52
2 35
2 41
2 45
1 49
2 45
1 36
1 37
0 40
1 38
2 47
0 41
0 47
1 29
2 37
0 43
2 45
0 45
1 41
0 56
0 43
2 38
1 38
0 46
1 56
1 38
1 48
2 42
1 34
1 37
1 46
2 37
2 33
0 41
2 37
2 55
0 40
0 39
2 34
0 45
0 43
0 38
1 43
2 37
0 36
2 43
1 40
0 47
2 38
0 38
0 42
2 61
2 45
1 37
2 52
2 35
1 47
2 40
1 53
0 38
2 50
2 40
1 46
2 52
2 48
1 46
0 41
2 36
0 55
0 48
1 35
1 46
1 24
1 40
0 43
0 35
