0.4207897164036426 1
0.43392829985391496 1
0.43800907745333645 1
0.4395382795122908 1
0.44055301760025434 1
0.4405907334782049 1
0.44456790444649336 1
0.44736949693799033 1
0.4482114035168867 1
0.4504373224298925 1
0.4520611255857198 1
0.4537990397374073 1
0.4549343210140298 1
0.4584814834976166 1
0.4621971261219705 1
0.46276924241750167 1
0.462839985043638 1
0.4651362405721646 1
0.4653041527348984 1
0.4653767402350747 1
0.46569649415341174 1
0.46596960983578417 1
0.4660207917056909 1
0.4663634911861827 1
0.4663661750066152 1
0.4665336273960778 1
0.46687703811676584 1
0.46696848573143734 1
0.46704209898207055 1
0.4672843286760598 1
0.467588428518713 1
0.4677389044022827 1
0.46836352492642186 1
0.46841066436785356 1
0.4684449867582376 1
0.4692816589121478 1
0.4694842394495693 1
0.4701869584566086 1
0.47063350061033465 1
0.4709979108906026 1
0.47120189354601116 1
0.4712019724666356 1
0.4723385723063918 1
0.47367876447910523 1
0.47409272217827336 1
0.47467765527641553 1
0.47470762090166346 1
0.47506860194418143 1
0.47512911916843664 1
0.476259500066778 1
0.47683005132774303 1
0.47779144375135063 1
0.4786151609199104 1
0.4789292078087235 1
0.4791965785244453 1
0.47957274562618296 1
0.480186127892377 1
0.4803980278207937 1
0.4806191558581305 1
0.4808281033622752 1
0.48105112308433307 1
0.48131870363606083 1
0.48133688709580574 1
0.48160409544623634 1
0.4816360366297216 1
0.4817558651757639 1
0.48473409013610885 1
0.4848655882032525 1
0.48509246077453677 1
0.48582604133117313 1
0.4860901119326732 1
0.48666220728862364 1
0.48705783738063607 1
0.4879272769585017 1
0.4879692537599029 1
0.4885593340105248 1
0.48881454084819853 1
0.4889039514731626 1
0.4889541686637084 1
0.4890770368861407 1
0.48923145202418483 1
0.49026588620980166 1
0.49036101886809363 1
0.4905775127339444 1
0.4907876652351051 1
0.490896469979587 1
0.49125794217194163 1
0.49160559760333994 1
0.492647352280533 1
0.49274749110373983 1
0.49281353287611246 1
0.4933617667884448 1
0.493380091412971 1
0.4936246502108231 1
0.4936469021085608 1
0.4938386595763697 1
0.49392509138251095 1
0.49394306501968815 1
0.4940170234991498 1
0.49469621952105775 1
0.49531207306967984 1
0.49542609607746885 1
0.4960353480660206 1
0.49697658892831353 1
0.4970570265431949 1
0.49750195012998444 1
0.4982704506173727 1
0.4984460092849322 1
0.4986977204217738 1
0.49886618193179744 1
0.4998634916123831 1
0.49987962666746094 1
0.5011180873033184 1
0.5015285344200674 1
0.5022105531331439 1
0.5027436722832289 1
0.5032448411200445 1
0.5034980127843258 1
0.5035746884027963 1
0.5046880623030803 1
0.5051916458144493 1
0.5054695062459768 1
0.5059230304592025 1
0.505931934819596 1
0.505993204242084 1
0.5064099134954297 1
0.5064916052368148 1
0.5070107566767775 1
0.5073797455818805 1
0.5075999857278216 1
0.5084864253978449 1
0.5087685731241317 1
0.5097624804585265 1
0.5098537044361319 1
0.5100597068003486 1
0.5103479311129359 1
0.5107705196322684 1
0.5109308513086788 1
0.511021739082186 1
0.5113063439399336 1
0.5114960831024501 1
0.5117254441280172 1
0.5121632992961209 1
0.5123382533410112 1
0.5132280297265343 1
0.5135843981226597 1
0.5137565162987072 1
0.5144121342277506 1
0.5144917150172374 1
0.5148588694549546 1
0.5151009907212832 1
0.515191948688664 1
0.5155574594016997 1
0.5160377677754279 1
0.5162169736236468 1
0.5166638211041304 1
0.5192670699516584 1
0.5198569130787933 1
0.5204210816421375 1
0.5210286722573634 1
0.5211348353237989 1
0.5213574141076397 1
0.522173188496907 1
0.5221976697176842 1
0.5222154605784163 1
0.5226026979977418 1
0.5234975099733244 1
0.5248525975946808 1
0.5248875656659284 1
0.525617493269348 1
0.5262162826780793 1
0.5266438839145164 1
0.5273995928902779 1
0.5284062725835745 1
0.5289534204510362 1
0.5293777593078474 1
0.5301823239079394 1
0.5310625943596146 1
0.5321960759133355 1
0.5343469542993847 1
0.5350901215659141 1
0.5357237206163837 1
0.5369255350115698 1
0.539253258822599 1
0.5395156425320031 1
0.5427491398849728 1
0.5438039828230944 1
0.5438553343676967 1
0.5454984222947724 1
0.5456452253584441 1
0.5461336895922257 1
0.5462996795947112 1
0.5501445986309104 1
0.5552164614993177 1
0.5595404169605716 1
0.5598256741050364 1
0.5609516774575932 1
0.5628034651875482 1
0.5641354273316539 1
0.6037670617164863 1
