0 0.04250412342623178
1 0.8197213378652249
2 0.5113863993867641
3 0.8753019116846756
4 0.16816821441385643
5 0.09323672651412362
6 0.3404869672198554
7 0.7607305870808724
8 0.3060360011596256
9 0.8276142291234488
10 0.10081704361688548
11 0.647153268345596
12 0.3199430569978122
13 0.33254994330903853
14 0.958527823009943
15 0.9129367709386127
16 0.617072536325264
17 0.34331610047551775
18 0.691494954656418
19 0.5550902530420394
20 0.45617300680390194
21 0.8589990833879683
22 0.5308525349915446
23 0.3150038718424333
24 0.9788800418017058
25 0.05162675948466833
26 0.9229726599920601
27 0.7912910509861057
28 0.8717643245214405
29 0.062255912861538754
30 0.03992374438668034
31 0.2488711474612061
32 0.5091129337264844
33 0.9502854765404537
34 0.6369490813162265
35 0.23674980435711213
36 0.2750822504063912
37 0.6687070500480976
38 0.03226458234162566
39 0.18652460325095843
40 0.5187445684447655
41 0.7006987940205108
42 0.5674826744284649
43 0.8794638757797095
44 0.2566827619055221
45 0.9119148163128922
46 0.896226879719879
47 0.04207695159377012
48 0.30517038780668504
49 0.24801696542910434
50 0.844009857638167
51 0.3584143666280214
52 0.9976074921338826
53 0.13844162805437177
54 0.384205008001956
55 0.8719066910730188
56 0.022764855236554915
57 0.8550892575664013
58 0.48294981714231666
59 0.09037145034442895
60 0.20552284645660324
61 0.6185694909575651
62 0.1800769780702023
63 0.10488737619792676
64 0.24417304287364994
65 0.9448304088679694
66 0.2936769603912377
67 0.6865556674544044
68 0.5169845369652404
69 0.5814457441272544
70 0.5626536376205576
71 0.6347387029586123
72 0.07561852357111765
73 0.3955285887271631
74 0.8746423517852453
75 0.6161863028817625
76 0.8541089818815983
77 0.7441864289563809
78 0.4659175567265613
79 0.35653024955659984
80 0.9395085249102696
81 0.18362672625679533
82 0.6254252452529718
83 0.3239484169288259
84 0.47393263321706103
85 0.8544682142755675
86 0.4868326285620459
87 0.9793693561309602
88 0.38761763393834847
89 0.5185080971951427
90 0.950496144911816
91 0.2584094195578768
92 0.6987404636535278
93 0.01614057301415861
94 0.6415058034444551
95 0.1973042584965189
96 0.5581316132840579
97 0.8638177468400391
98 0.08047247110838651
99 0.5184166773820009
100 0.5656450708547562
101 0.817389030159953
102 0.9204820502604601
103 0.5504740118683665
104 0.1398319840595975
105 0.48985051105623567
106 0.18664821088532235
107 0.07450730377202153
108 0.8836974737120142
109 0.5309810803904821
110 0.943953896380582
111 0.5585360141153045
112 0.9567032565784566
113 0.4515375187135855
114 0.714578578018298
115 0.7723614352231115
116 0.4368108277648466
117 0.9061258112298491
118 0.26766681148785043
119 0.9584027613740096
120 0.5362436058587404
121 0.13656176623787863
122 0.11250136714340042
123 0.5753301369372007
124 0.3207784844781456
125 0.3214784948278514
126 0.14030152565688458
127 0.12831878712758038
128 0.27476056746747746
129 0.7781346252801424
130 0.3803757663483638
131 0.7530693972269611
132 0.6526674949564611
133 0.3188215790961745
134 0.7631148227799094
135 0.030309410129668923
136 0.0629326177309073
137 0.5769640455495877
138 0.11532018608798011
139 0.9733111972352928
140 0.1408688561168695
141 0.7869530507257374
142 0.3526196538069314
143 0.25303211561799044
144 0.4849183852295512
145 0.3269459636387283
146 0.9792302487767813
147 0.5038031379278356
148 0.25408565205539957
149 0.3153137125786867
150 0.5570863120622652
151 0.9870620238350613
152 0.9542942160420333
153 0.6891101492724294
154 0.7643582063466687
155 0.981447707709976
156 0.9775406642998208
157 0.48688437033085874
158 0.027645433148248855
159 0.014642918500468838
160 0.40010183220587514
161 0.508351619829805
162 0.4826349971778089
163 0.4556724714602012
164 0.3946842088030157
165 0.12988426969253364
166 0.19477446484078798
167 0.04593447713924015
168 0.3662869772225835
169 0.8174789961317491
170 0.15451635125150487
171 0.6630626443108768
172 0.5826838553261311
173 0.7978022335687163
174 0.5509486004555696
175 0.9837877347041551
176 0.6378103633921609
177 0.42311101229940795
178 0.22313383455839642
179 0.7402868764828857
180 0.5599771819465016
181 0.9972913711001893
182 0.9902374262088117
183 0.9490793404401874
184 0.7567124332025499
185 0.21795241111534802
186 0.7695326364914676
187 0.832348032880169
188 0.27416858704018765
189 0.9334588451994782
190 0.005628894449578925
191 0.14863628925162875
192 0.04141276527139803
193 0.6139804302421438
194 0.9547767453880577
195 0.3031895478814487
196 0.8685517361572179
197 0.7920820399095487
198 0.7948612697905028
199 0.9177821569066587
200 0.9725257935278511
201 0.7410732671923353
202 0.3647031594881609
203 0.5056894147066531
204 0.7155387629969232
205 0.828282070306995
206 0.5755448462784507
207 0.51953621486611
208 0.058473707384662066
209 0.30561164644809125
210 0.18310641177256126
211 0.31807232274010033
212 0.9552773176137164
213 0.7811861625420531
214 0.6603544477104335
215 0.5324966701380297
216 0.544178089829615
217 0.2535847350634959
218 0.36913424383480287
219 0.903771577504867
220 0.5277369908426347
221 0.3841100628040357
222 0.0930738014311372
223 0.9094391302733039
224 0.5761113474510671
225 0.6327318356216025
226 0.26467614683479757
227 0.40177206917903663
228 0.9365461708220987
229 0.989791682429556
230 0.896273505522525
231 0.03866166556381545
232 0.6869893477655745
233 0.2982508123065256
234 0.3075258654583909
235 0.5044653804558729
236 0.2328605998328821
237 0.5802072497008461
238 0.23140319543415888
239 0.3901078442298873
240 0.7133862657083446
241 0.3566047907214248
242 0.7760988751255317
243 0.13004830708919146
244 0.9575450524091959
245 0.6805012128044432
246 0.022079846031521577
247 0.5782986730742217
248 0.5095531813143468
249 0.4919581989713617
250 0.7414864573625889
251 0.6464961724986201
252 0.029949067664755025
253 0.9465613209597369
254 0.8413529268696985
255 0.9241049907524448
256 0.07072157201185703
257 0.5697733702669167
258 0.6526274357355244
259 0.35414202351150403
260 0.8215582685484388
261 0.4457696737022375
262 0.11372793688776794
263 0.8473913131926919
264 0.9291726529604036
265 0.16209927375644706
266 0.2303787278728887
267 0.18389309606672866
268 0.9028025213473805
269 0.9004616347176372
270 0.9327293567062231
271 0.6725627006660818
272 0.9363544464623645
273 0.8890831095551344
274 0.5962662304607641
275 0.8181157199136025
276 0.20130183485274422
277 0.4136232884528117
278 0.04478465648148555
279 0.6790455044794881
280 0.7943271837028972
281 0.7212365060420564
282 0.8116969617706232
283 0.6912198797677191
284 0.5598317367937659
285 0.4463589261179042
286 0.8002100920260269
287 0.4787336447488404
288 0.9498187037806157
289 0.6369872267567854
290 0.25341403075629354
291 0.5769748031226155
292 0.9322889599000902
293 0.06665991730847198
294 0.1220799793022238
295 0.05243128467494329
296 0.7141709375714325
297 0.28004790889991105
298 0.5009753945338968
299 0.7195867549262438
