0.4224518015622505 1
0.43691292926210634 1
0.43745940472364 1
0.4393925703445181 1
0.44029303003747555 1
0.44468565627009005 1
0.45224099184589805 1
0.4557748339096044 1
0.4559365815320725 1
0.459605419082112 1
0.4598546495370859 1
0.46129743705984727 1
0.4639258733512034 1
0.46437649488184407 1
0.46489304067573967 1
0.46539801476655696 1
0.4662771909893013 1
0.4676802689406921 1
0.4681646815913156 1
0.4687914393348764 1
0.4699124903906073 1
0.47071291182378844 1
0.4713731501308078 1
0.4727864213121436 1
0.4740613676147236 1
0.47413824594189713 1
0.4742936340705649 1
0.47456543072589596 1
0.4750723471838173 1
0.4753925545691382 1
0.47599636744531076 1
0.47674603302602436 1
0.4783898702955253 1
0.4785089072805935 1
0.4800205520225889 1
0.4804542304168137 1
0.4805610343805602 1
0.48112599796442784 1
0.4811597629192987 1
0.48256959207186184 1
0.48321218078614114 1
0.4836681354245057 1
0.48423196417692954 1
0.4848872513529934 1
0.4853376993438946 1
0.48535982433775715 1
0.48633813616514293 1
0.4865951043380259 1
0.4872180122636308 1
0.48785235841338653 1
0.4879878789036916 1
0.48798972991557155 1
0.4880054891424214 1
0.48823199563586883 1
0.4882383504828093 1
0.48866647145645664 1
0.48955842188806037 1
0.48993458231766307 1
0.49044131047624084 1
0.4908020186813286 1
0.49135951871247996 1
0.49174483881936654 1
0.4928456742303857 1
0.4929307177507538 1
0.49323704725541395 1
0.49339299629165495 1
0.49369181716791644 1
0.49428566790374906 1
0.494810880962352 1
0.4950309326202189 1
0.49537081106582415 1
0.49603514179835806 1
0.4965052728584937 1
0.49684019690615455 1
0.49718064233116577 1
0.49736212255641077 1
0.49803995214697694 1
0.4985286587383369 1
0.4991111075775818 1
0.5020093053144906 1
0.502067911730411 1
0.5020727241541367 1
0.5021226385404732 1
0.5022535219068677 1
0.5023772038350984 1
0.503759867228336 1
0.5038444098749224 1
0.5038915355795549 1
0.5039242216753097 1
0.5045048652048227 1
0.5054258257265739 1
0.506027920828893 1
0.5062049733830369 1
0.5063812630361629 1
0.5065368958432972 1
0.5065434507922497 1
0.5067711793530871 1
0.5068534523244316 1
0.506971169024513 1
0.5073944769401378 1
0.5074674036235952 1
0.5082831869764006 1
0.5083603842218458 1
0.5087934521400825 1
0.509042679056643 1
0.5090815195550661 1
0.5091165522016163 1
0.5091321554812434 1
0.5095714003425872 1
0.5113026257419101 1
0.5114209176284793 1
0.5117207105535982 1
0.5120805244817127 1
0.512177547047457 1
0.5123275844543305 1
0.5126679088772024 1
0.5131593996758043 1
0.5132752507891013 1
0.5138319365110929 1
0.5142490921541283 1
0.5146533447546011 1
0.5151336817335506 1
0.5154483744404579 1
0.5160528201274177 1
0.5162846631211333 1
0.5164002753482376 1
0.5165056062585704 1
0.5165262326339868 1
0.5166661588898294 1
0.5178784816096297 1
0.5179362704851359 1
0.5191023675801728 1
0.5193348992390241 1
0.519540234979271 1
0.5200303689921616 1
0.5203085916950915 1
0.521033635421034 1
0.5211594164193496 1
0.5213973494032321 1
0.5216596888193744 1
0.5234265941426426 1
0.5237212785995937 1
0.5237792769548409 1
0.5247452188434798 1
0.5256601950716115 1
0.5263058638049855 1
0.5263156865282326 1
0.5265399939578166 1
0.5269146218510773 1
0.5272994737781882 1
0.5281295907046819 1
0.5285676171528613 1
0.5287056916763649 1
0.529142127043446 1
0.5296466341440533 1
0.5302251837996406 1
0.530401996046362 1
0.5308689209692764 1
0.5309148742285642 1
0.5309704738937967 1
0.5314832814535138 1
0.532538857165695 1
0.5326016719837289 1
0.5330579449722703 1
0.5331899545241766 1
0.534411101231334 1
0.5354683553528676 1
0.5357617677596717 1
0.5377719983348093 1
0.5388425421472286 1
0.5401931501578985 1
0.5405844716456731 1
0.5412722857149502 1
0.5416617288792345 1
0.5421193013809763 1
0.5428641274258045 1
0.544077339292216 1
0.5442856559299035 1
0.545745433642367 1
0.5471634795543089 1
0.547922185791652 1
0.5484244271801907 1
0.5498592763277865 1
0.5501740759094196 1
0.5515522238958714 1
0.552556879016537 1
0.5528783881859778 1
0.5537224156277218 1
0.5540247874959578 1
0.5557340866286299 1
0.5570189389016004 1
0.5576988800015016 1
0.5631843632402199 1
0.5650998115459043 1
0.5700627770425456 1
0.5706736125773955 1
0.5720917663169696 1
0.5721645819305866 1
0.5811114011311145 1
0.5906215228698707 1
