
 0.530
 0.493
 0.538
 0.524
 0.510
 0.471
 0.521
 0.530
 0.466
 0.495
 0.485
 0.422
 0.556
 0.468
 0.515
 0.507
 0.495
 0.476
 0.474
 0.508
 0.488
 0.485
 0.508
 0.529
 0.507
 0.505
 0.440
 0.493
 0.536
 0.488
 0.493
 0.554
 0.511
 0.523
 0.504
 0.480
 0.529
 0.519
 0.542
 0.527
 0.437
 0.502
 0.504
 0.473
 0.468
 0.487
 0.548
 0.481
 0.470
 0.498
 0.521
 0.497
 0.497
 0.502
 0.481
 0.540
 0.531
 0.515
 0.497
 0.502
 0.514
 0.520
 0.511
 0.541
 0.491
 0.572
 0.581
 0.519
 0.544
 0.542
 0.514
 0.517
 0.527
 0.558
 0.557
 0.464
 0.490
 0.506
 0.517
 0.533
 0.487
 0.475
 0.534
 0.543
 0.571
 0.474
 0.512
 0.505
 0.531
 0.512
 0.513
 0.480
 0.488
 0.591
 0.494
 0.479
 0.502
 0.521
 0.512
 0.478
 0.445
 0.572
 0.553
 0.486
 0.474
 0.506
 0.550
 0.488
 0.513
 0.499
 0.465
 0.492
 0.490
 0.452
 0.512
 0.507
 0.554
 0.563
 0.535
 0.517
 0.516
 0.484
 0.525
 0.460
 0.507
 0.509
 0.490
 0.465
 0.548
 0.544
 0.526
 0.504
 0.493
 0.506
 0.530
 0.570
 0.439
 0.541
 0.491
 0.437
 0.507
 0.527
 0.533
 0.507
 0.460
 0.509
 0.502
 0.553
 0.529
 0.533
 0.522
 0.546
 0.507
 0.526
 0.485
 0.509
 0.496
 0.469
 0.475
 0.504
 0.533
 0.526
 0.516
 0.495
 0.488
 0.488
 0.524
 0.518
 0.502
 0.471
 0.565
 0.484
 0.475
 0.531
 0.499
 0.483
 0.547
 0.461
 0.483
 0.515
 0.509
 0.477
 0.520
 0.456
 0.528
 0.497
 0.489
 0.520
 0.531
 0.494
 0.464
 0.516
 0.456
 0.552
 0.550
 0.509
 0.481
 0.539
 0.518
 0.513

