
 0.000
 1.990
 0.000
 0.000
 0.000
 0.000
 0.010
 0.000
 0.000
 0.000
 0.010
 3.990
 1.990
 0.000
 0.000
 0.000
 1.990
 0.000
 0.000
 0.000
 0.000
 0.000
 1.990
 0.000
 0.000
 0.000
 0.020
 2.000
 0.010
 1.990
 0.000
 0.000
 0.000
 1.980
 0.010
 0.000
 0.000
 0.010
 0.000
 0.000
 0.000
 0.000
 0.000
 0.000
 0.000
 0.000
 0.000
 1.990
 0.000
 0.000
 0.010
 0.000
 0.000
 0.000
 0.010
 2.000
 0.010
 2.000
 0.000
 0.010
 0.010
 0.000
 0.000
 0.010
 0.000
 0.010
 0.000
 3.990
 0.000
 3.980
 0.000
 0.010
 3.990
 0.010
 0.030
 0.000
 0.000
 1.970
 0.000
 0.000
 0.010
 0.010
 2.000
 0.020
 0.000
 0.000
 0.000
 0.000
 0.000
 0.000
 0.000
 0.000
 1.960
 0.000
 1.990
 0.000
 0.000
 0.010
 0.000
 0.000
 0.010
 0.000
 0.000
 0.000
 1.990
 0.010
 0.020
 0.010
 0.000
 0.010
 0.000
 1.990
 0.000
 0.000
 0.000
 0.000
 2.000
 3.980
 0.000
 2.000
 0.000
 0.000
 0.000
 2.000
 0.000
 0.000
 0.000
 0.000
 0.010
 2.000
 0.000
 0.000
 0.000
 0.000
 0.000
 0.000
 0.010
 1.990
 0.000
 0.000
 1.990
 0.000
 0.000
 0.000
 0.000
 0.000
 0.010
 0.000
 0.010
 0.000
 0.000
 2.000
 0.000
 0.010
 0.000
 0.000
 3.980
 0.000
 1.990
 0.000
 0.000
 0.000
 0.000
 0.010
 0.000
 0.010
 0.000
 0.000
 0.000
 0.000
 0.000
 0.000
 1.990
 1.990
 0.000
 0.000
 0.000
 0.000
 0.000
 0.000
 0.010
 1.980
 1.990
 0.000
 0.000
 0.010
 0.000
 0.000
 0.000
 0.010
 0.000
 0.010
 0.000
 0.000
 0.000
 0.000
 0.010
 0.000
 0.000
 0.010
 0.000
 0.000
 0.010
 0.000
 0.010
 0.000
 0.010
 0.000
 2.000
 0.010
 0.000
 0.000
 0.000
 0.000
 0.000
 0.000
 0.000
 0.000
 0.000
 0.000
 0.000
 0.000
 0.000
 0.000
 2.000
 0.000
 0.000
 1.990
 0.000
 0.010
 0.010
 0.000
 0.000
 0.000
 0.000
 0.000
 0.000
 0.010
 1.990
 0.000
 0.000
 0.000
 1.990
 0.010
 0.010
 0.000
 1.990
 0.010
 0.000
 0.000
 0.000
 0.000
 0.010
 0.000
 1.990
 1.990
 0.000
 0.000
 4.000
 0.000
 0.000
 0.010
 0.020
 0.000
 0.000
 0.010
 1.990
 1.990
 0.000
 0.000
 1.980
 0.000
 3.980
 0.000
 1.990
 1.970
 0.000
 0.000
 0.000
 0.000
 0.000
 0.000
 0.000
 0.010
 0.000
 0.000
 0.000
 0.000
 0.000
 0.000
 0.010
 0.000
 1.990
 0.010
 0.000
 0.000
 0.000
 0.000
 0.000
 1.990
 0.000
 0.010
 0.000
 0.010
 0.000
 0.010
 0.000
 0.000
 2.000
 0.000
 0.000
 0.000
 0.000
 3.980
 0.000
 0.000
 1.990
 0.000
 0.000
 3.990
 0.000
 1.970
 1.990
 0.000
 0.000
 0.020
 0.010
 0.000
 0.000
 0.000
 0.000
 0.000
 0.000
 0.000
 0.000
 0.000
 0.000
 1.990
 0.000
 0.000
 0.000
 0.000
 0.000
 3.970
 0.000
 0.000
 0.030
 0.000
 1.980
 0.000
 0.000
 0.010
 0.010
 0.000
 0.000
 0.000
 0.000
 0.000
 0.010
 0.000
 2.000
 0.000
 3.980
 0.000
 0.000
 0.000
 0.000
 0.010
 1.990
 0.000
 0.000
 0.000
 0.000
 0.000
 0.000
 0.000
 0.000
 0.000
 0.000
 0.000
 3.990
 0.000
 0.000
 0.010
 0.000
 0.000
 0.000
 0.000
 0.000
 0.000
 1.990
 0.000
 3.980
 0.000
 0.000
 0.010
 0.000
 0.000
 3.980
 1.990
 1.990
 0.000
 2.000
 0.000
 0.010
 0.000
 1.990
 0.000
 0.010
 0.000
 0.000
 0.010
 1.990
 0.000
 0.010
 0.010
 0.000
 0.000
 0.000
 0.000
 2.000
 0.000
 0.000
 0.000
 0.000
 0.000
 0.000
 0.010
 0.000
 0.000
 0.000
 1.980
 1.990
 0.000
 0.000
 0.000
 0.000
 0.000
 0.000
 0.000
 1.980
 0.000
 0.000
 0.000
 0.010
 0.010
 0.010
 0.000
 2.000
 0.000
 0.000
 2.000
 0.000
 2.000
 0.000
 0.000
 0.000
 0.000
 0.000
 1.980
 0.010
 1.990
 0.000
 0.000
 0.000
 1.990
 0.010
 0.000
 0.000
 0.000
 0.000
 0.010
 0.000
 0.000
 0.000
 0.000
 0.000
 0.000
 0.000
 0.000
 0.000
 0.000
 0.000
 0.000
 0.000
 0.000
 0.000
 0.010
 0.000
 0.000
 0.000
 1.990
 2.000
 0.010
 0.000
 0.000
 0.000
 0.000
 2.000
 0.000

