
 0.493
 0.543
 0.620
 0.635
 0.643
 0.643
 0.643
 0.643
 0.643
 0.643
 0.643
 0.643
 0.643
 0.643
 0.643
 0.643
 0.643
 0.643
 0.643
 0.643
 0.643
 0.643
 0.643
 0.643
 0.643
 0.643
 0.643
 0.643
 0.643
 0.643
 0.643
 0.643
 0.643
 0.643
 0.643
 0.643
 0.643
 0.643
 0.643
 0.643
 0.643
 0.643
 0.643
 0.643
 0.643
 0.643
 0.643
 0.643
 0.643
 0.643
 0.643
 0.643
 0.643
 0.643
 0.643
 0.643
 0.643
 0.643
 0.643
 0.643
 0.643
 0.643
 0.643
 0.643
 0.643
 0.643
 0.643
 0.643
 0.643
 0.643
 0.643
 0.643
 0.643
 0.643
 0.643
 0.643
 0.643
 0.643
 0.643
 0.643
 0.643
 0.643
 0.643
 0.643
 0.643
 0.643
 0.643
 0.643
 0.643
 0.643
 0.643
 0.643
 0.643
 0.643
 0.643
 0.643
 0.643
 0.643
 0.643
 0.643
 0.643
 0.643
 0.643
 0.643
 0.643
 0.643
 0.643
 0.643
 0.643
 0.643
 0.643
 0.643
 0.643
 0.643
 0.643
 0.643
 0.643
 0.643
 0.643
 0.643
 0.643
 0.643
 0.643
 0.643
 0.643
 0.643
 0.643
 0.643
 0.643
 0.643
 0.643
 0.643
 0.643
 0.643
 0.643
 0.643
 0.643
 0.643
 0.643
 0.643
 0.643
 0.643
 0.643
 0.643
 0.643
 0.643
 0.643
 0.643
 0.643
 0.643
 0.643
 0.643
 0.643
 0.643
 0.643
 0.643
 0.643
 0.643
 0.643
 0.643
 0.643
 0.643
 0.643
 0.643
 0.643
 0.643
 0.643
 0.643
 0.643
 0.643
 0.643
 0.643
 0.643
 0.643
 0.643
 0.643
 0.643
 0.643
 0.643
 0.643
 0.643
 0.643
 0.643
 0.643
 0.643
 0.643
 0.643
 0.643
 0.643
 0.643
 0.643
 0.643
 0.643
 0.643
 0.643
 0.643
 0.643
 0.643
 0.643
 0.643

