
 0.539
 0.528
 0.484
 0.500
 0.495
 0.472
 0.556
 0.508
 0.497
 0.479
 0.542
 0.460
 0.533
 0.469
 0.490
 0.482
 0.490
 0.512
 0.483
 0.500
 0.484
 0.500
 0.467
 0.505
 0.527
 0.520
 0.510
 0.507
 0.517
 0.453
 0.557
 0.436
 0.491
 0.521
 0.449
 0.471
 0.520
 0.496
 0.508
 0.480
 0.507
 0.544
 0.498
 0.489
 0.481
 0.479
 0.504
 0.494
 0.455
 0.498
 0.480
 0.501
 0.484
 0.512
 0.477
 0.506
 0.505
 0.491
 0.518
 0.492
 0.516
 0.469
 0.491
 0.503
 0.536
 0.492
 0.528
 0.488
 0.495
 0.521
 0.497
 0.528
 0.543
 0.533
 0.422
 0.483
 0.437
 0.520
 0.477
 0.513
 0.457
 0.544
 0.467
 0.488
 0.506
 0.533
 0.550
 0.503
 0.500
 0.513
 0.549
 0.504
 0.475
 0.456
 0.511
 0.495
 0.521
 0.480
 0.537
 0.493
 0.518
 0.540
 0.542
 0.452
 0.521
 0.506
 0.563
 0.445
 0.484
 0.514
 0.487
 0.544
 0.496
 0.528
 0.524
 0.473
 0.534
 0.513
 0.509
 0.454
 0.470
 0.545
 0.517
 0.518
 0.468
 0.548
 0.496
 0.501
 0.510
 0.532
 0.553
 0.489
 0.512
 0.454
 0.489
 0.485
 0.464
 0.471
 0.433
 0.514
 0.457
 0.582
 0.505
 0.462
 0.466
 0.466
 0.497
 0.500
 0.524
 0.527
 0.496
 0.505
 0.478
 0.523
 0.473
 0.518
 0.470
 0.558
 0.511
 0.504
 0.523
 0.498
 0.484
 0.465
 0.452
 0.470
 0.479
 0.480
 0.511
 0.486
 0.519
 0.481
 0.520
 0.504
 0.488
 0.463
 0.512
 0.515
 0.530
 0.537
 0.540
 0.518
 0.488
 0.517
 0.522
 0.477
 0.547
 0.472
 0.490
 0.506
 0.490
 0.505
 0.477
 0.441
 0.523
 0.560
 0.524
 0.482
 0.472
 0.521

