
 0.493
 0.506
 0.471
 0.468
 0.522
 0.495
 0.542
 0.461
 0.508
 0.523
 0.549
 0.549
 0.517
 0.461
 0.479
 0.485
 0.535
 0.487
 0.478
 0.504
 0.499
 0.547
 0.554
 0.542
 0.509
 0.471
 0.482
 0.533
 0.511
 0.471
 0.552
 0.462
 0.498
 0.532
 0.524
 0.569
 0.523
 0.487
 0.468
 0.524
 0.503
 0.512
 0.469
 0.493
 0.507
 0.549
 0.490
 0.481
 0.530
 0.458
 0.497
 0.488
 0.445
 0.464
 0.457
 0.498
 0.492
 0.518
 0.577
 0.553
 0.460
 0.465
 0.485
 0.495
 0.534
 0.487
 0.555
 0.445
 0.525
 0.543
 0.444
 0.466
 0.457
 0.515
 0.523
 0.473
 0.476
 0.520
 0.485
 0.533
 0.550
 0.509
 0.520
 0.515
 0.473
 0.502
 0.533
 0.472
 0.479
 0.542
 0.500
 0.483
 0.563
 0.478
 0.499
 0.498
 0.555
 0.520
 0.506
 0.550
 0.519
 0.480
 0.446
 0.440
 0.511
 0.457
 0.543
 0.515
 0.507
 0.456
 0.484
 0.486
 0.511
 0.506
 0.562
 0.508
 0.524
 0.475
 0.504
 0.531
 0.518
 0.523
 0.484
 0.516
 0.491
 0.526
 0.475
 0.513
 0.533
 0.529
 0.515
 0.526
 0.512
 0.529
 0.472
 0.501
 0.495
 0.494
 0.454
 0.467
 0.480
 0.496
 0.467
 0.494
 0.484
 0.512
 0.515
 0.528
 0.490
 0.513
 0.516
 0.522
 0.550
 0.556
 0.525
 0.479
 0.533
 0.474
 0.516
 0.474
 0.492
 0.534
 0.533
 0.531
 0.481
 0.472
 0.573
 0.562
 0.506
 0.476
 0.552
 0.501
 0.513
 0.524
 0.483
 0.456
 0.499
 0.487
 0.492
 0.491
 0.528
 0.518
 0.493
 0.468
 0.523
 0.505
 0.506
 0.467
 0.517
 0.484
 0.518
 0.506
 0.505
 0.530
 0.527
 0.527
 0.479
 0.539
 0.421
 0.483

