1 46
1 47
4 47
1 48
0 38
4 32
1 44
2 45
0 40
2 37
4 34
0 40
3 39
2 28
4 38
0 45
4 33
4 42
1 42
0 37
1 44
1 37
0 37
2 37
1 42
4 45
1 46
3 34
0 51
3 43
4 33
3 51
0 28
0 43
4 44
4 39
2 34
3 38
1 33
4 47
3 45
3 35
0 34
1 33
4 41
3 56
1 40
1 48
4 44
3 44
0 42
2 48
4 41
3 47
3 43
0 36
2 39
3 35
1 45
2 38
3 34
1 36
3 41
0 30
0 44
3 39
3 46
4 49
2 36
3 50
1 35
0 35
2 40
0 38
3 40
0 38
0 34
4 49
2 36
3 38
2 47
2 54
3 44
2 32
2 29
1 41
4 40
0 38
3 37
4 54
2 54
4 35
3 38
2 50
1 48
1 47
3 35
4 45
1 45
1 43
0 46
3 54
4 51
4 51
1 43
4 43
1 38
0 36
2 45
0 31
1 41
4 47
0 35
0 41
1 39
4 49
2 40
2 51
0 54
3 45
4 38
1 34
1 30
0 41
2 41
4 41
1 46
0 55
1 36
2 47
3 36
3 46
2 42
2 25
4 33
1 42
2 32
2 41
2 32
0 52
2 52
1 31
4 39
3 37
0 53
1 47
2 27
2 42
4 45
2 56
1 36
0 39
4 50
1 41
3 30
1 37
4 43
2 46
2 47
0 44
1 49
4 41
2 47
4 35
2 36
4 40
0 30
4 43
4 42
1 46
0 40
1 40
4 41
1 33
1 33
0 51
1 46
4 41
0 37
2 45
1 46
0 43
2 40
1 50
2 41
0 31
3 44
3 45
2 25
2 42
3 53
2 43
4 43
1 41
2 40
3 41
0 37
0 38
4 33
2 32
