0.6148880150380867 1
0.622011268221261 1
0.6240003525044409 1
0.6256384788562701 1
0.6272792523022482 1
0.6276102839658226 1
0.6283992506666488 1
0.6284866424250815 1
0.628525813120017 1
0.6303318850812658 1
0.6310861997221121 1
0.6311445211314821 1
0.6325140081323799 1
0.6354873103454356 1
0.6369196373906593 1
0.6370612665565395 1
0.6372141454534472 1
0.6378337427357297 1
0.6393093244778114 1
0.6400906777178496 1
0.6402622595975089 1
0.6406092403383117 1
0.6415260995889053 1
0.642671532032129 1
0.6427926934858248 1
0.6433472382626658 1
0.6433958939591963 1
0.6438115634756801 1
0.6454327515741906 1
0.6456813578459711 1
0.6458493034553908 1
0.646154018675426 1
0.646714412183622 1
0.6477341645381937 1
0.6479235670358879 1
0.6484875968143237 1
0.6488569168081173 1
0.6490831838269072 1
0.6493117570195373 1
0.6493714085253066 1
0.6495634581171498 1
0.6495888921959727 1
0.6501243930697537 1
0.6502482016175984 1
0.6507913159521672 1
0.6510212192411966 1
0.6515402295933415 1
0.6516818587592216 1
0.6520975282757054 1
0.6521508833184366 1
0.6534032928675607 1
0.6536304422510668 1
0.6536745793126413 1
0.6538916283502745 1
0.653918666949466 1
0.6540506304025067 1
0.6542910817690918 1
0.6547562893468226 1
0.6548837341649072 1
0.6550882033751134 1
0.6551241855314922 1
0.6553158004903022 1
0.6557047058315639 1
0.6557938623194294 1
0.6558125653021808 1
0.6558821364425786 1
0.6562978059590624 1
0.6564185196810755 1
0.6576044529156339 1
0.6577593840645934 1
0.6584267546786898 1
0.6587613158011298 1
0.6589948553603988 1
0.6591414508929178 1
0.65980164267926 1
0.6599678235592468 1
0.6599865265419984 1
0.6605852083804138 1
0.6606547795208112 1
0.6607772579722571 1
0.6608446166515389 1
0.6612990222299253 1
0.6614415337605218 1
0.6618113014859985 1
0.661871387624801 1
0.6618977040683407 1
0.6622550521754544 1
0.6623075248534692 1
0.6623748835327512 1
0.662652018709187 1
0.6626639905958669 1
0.6626903070394061 1
0.6628724369966212 1
0.6628902576146564 1
0.6629935984503171 1
0.6632226193746302 1
0.663291742783345 1
0.6633059271311404 1
0.6634342543139415 1
0.6634970943582674 1
0.6638677444484605 1
0.6643097304084838 1
0.6644655439221594 1
0.6646941171147895 1
0.6650104229861609 1
0.6655713579387647 1
0.6660088252638322 1
0.6663616547359897 1
0.6666111433724871 1
0.6667705931564023 1
0.6668651506439401 1
0.6669421750360617 1
0.6671146392804371 1
0.667318226125927 1
0.6677102262930206 1
0.6678390012075046 1
0.6678531855552998 1
0.6679160255996259 1
0.6679806303733846 1
0.6680727214780181 1
0.6682096512976977 1
0.6682301190098816 1
0.6682884404192515 1
0.6682996901502795 1
0.6691835018612619 1
0.6692248850173133 1
0.6695176283506683 1
0.6695831154891435 1
0.6698130187781729 1
0.6700183703530953 1
0.6703065950514945 1
0.6703298166692021 1
0.6703881380785721 1
0.6705373807052404 1
0.670597125923734 1
0.6719897408296146 1
0.6721705406904301 1
0.6725270064328279 1
0.6725569591466071 1
0.6728753172700297 1
0.6728976565230209 1
0.6729644737578953 1
0.6730077284547533 1
0.6731529938908736 1
0.6736265370850443 1
0.6738295824861266 1
0.6741036228367304 1
0.6741099062011189 1
0.6741500660721451 1
0.6742551716372388 1
0.6743134930466088 1
0.6744560045772054 1
0.6747719695282681 1
0.6748948957113967 1
0.675356467018888 1
0.6753742876369229 1
0.6755226478988748 1
0.6756642770647552 1
0.6759391997800752 1
0.6762470098259421 1
0.6767610538114479 1
0.6768630645507098 1
0.677097934206378 1
0.677310016877372 1
0.6780134633605726 1
0.6782210273966104 1
0.678619417739467 1
0.6789640923064293 1
0.6798354843990492 1
0.679968777948489 1
0.68041733479552 1
0.6809217130681864 1
0.6817043964046239 1
0.6818318412227083 1
0.6819342996936532 1
0.6821387689038592 1
0.6822684261830594 1
0.6826422648118092 1
0.682787871168238 1
0.6830056423615233 1
0.6834512645917862 1
0.6844492191377743 1
0.6853183050565539 1
0.685775899173497 1
0.6859325950518889 1
0.6863804297432676 1
0.6882142419571796 1
0.688626275203424 1
0.6893702224779591 1
0.6898045949771944 1
0.6903627760242749 1
0.6910524858913627 1
0.6912167952305427 1
0.6946842151613278 1
0.6947488199350864 1
0.694895850100639 1
0.6954964034798613 1
0.6980531538117166 1
0.6980968431416084 1
0.7082526023119249 1
