
 0.649
 0.677
 0.662
 0.627
 0.691
 0.660
 0.654
 0.651
 0.675
 0.686
 0.674
 0.682
 0.668
 0.646
 0.663
 0.642
 0.661
 0.679
 0.695
 0.656
 0.626
 0.624
 0.686
 0.663
 0.680
 0.695
 0.628
 0.662
 0.668
 0.683
 0.655
 0.673
 0.628
 0.637
 0.655
 0.666
 0.685
 0.663
 0.649
 0.670
 0.674
 0.654
 0.683
 0.631
 0.650
 0.640
 0.666
 0.680
 0.674
 0.643
 0.648
 0.662
 0.695
 0.670
 0.668
 0.669
 0.689
 0.674
 0.655
 0.695
 0.656
 0.663
 0.673
 0.660
 0.676
 0.654
 0.661
 0.661
 0.664
 0.654
 0.638
 0.646
 0.637
 0.663
 0.633
 0.679
 0.661
 0.640
 0.683
 0.643
 0.654
 0.644
 0.690
 0.631
 0.669
 0.650
 0.649
 0.654
 0.648
 0.663
 0.682
 0.659
 0.656
 0.630
 0.663
 0.674
 0.666
 0.680
 0.662
 0.676
 0.674
 0.691
 0.661
 0.682
 0.670
 0.675
 0.622
 0.664
 0.670
 0.668
 0.668
 0.668
 0.665
 0.650
 0.628
 0.667
 0.615
 0.675
 0.672
 0.688
 0.662
 0.673
 0.684
 0.656
 0.665
 0.667
 0.668
 0.676
 0.673
 0.667
 0.689
 0.663
 0.652
 0.663
 0.639
 0.637
 0.643
 0.661
 0.668
 0.674
 0.652
 0.677
 0.686
 0.677
 0.659
 0.647
 0.658
 0.672
 0.673
 0.648
 0.670
 0.635
 0.681
 0.682
 0.660
 0.678
 0.671
 0.670
 0.655
 0.667
 0.662
 0.674
 0.646
 0.656
 0.653
 0.668
 0.645
 0.667
 0.668
 0.658
 0.670
 0.652
 0.655
 0.641
 0.649
 0.690
 0.673
 0.652
 0.656
 0.643
 0.676
 0.663
 0.677
 0.650
 0.667
 0.664
 0.671
 0.663
 0.683
 0.678
 0.698
 0.658
 0.682
 0.708
 0.698
 0.651
 0.675
 0.673
 0.629
 0.659

