0.524555128619764 1
0.5378890192203787 1
0.5396155846521684 1
0.5458068696435293 1
0.5474527857633344 1
0.5493781724481565 1
0.5503902726976286 1
0.5513030475794981 1
0.5527316369084796 1
0.5536445823081758 1
0.5551721559691066 1
0.5551723264869333 1
0.5551911730603781 1
0.555489149163186 1
0.5564020945628825 1
0.558227985362275 1
0.5584264655796536 1
0.5587432882559066 1
0.5605691790552991 1
0.5615814498225981 1
0.561581620340425 1
0.562295744487089 1
0.56291054326615 1
0.5630098686337528 1
0.5640221394010518 1
0.5663633330940759 1
0.5682082409847401 1
0.5689033480401323 1
0.5703129202778422 1
0.5710460615157777 1
0.5711455574012073 1
0.5726541139708662 1
0.5741017203911195 1
0.5741017203911196 1
0.5753126418936239 1
0.5754308138346717 1
0.5761260914078907 2
0.5762254167754935 1
0.5774553553692694 1
0.5775545102190452 1
0.5777531609542508 1
0.5782497877922647 1
0.5787654317215498 1
0.5792810756508352 1
0.579380401018438 1
0.579697053176864 1
0.58039250126791 1
0.5814236186086537 1
0.58233656400835 1
0.5840629589223129 1
0.5841622842899158 1
0.5845595857603266 1
0.5849759043220092 1
0.5861063470303557 1
0.586304997765561 1
0.5866029738683693 1
0.5872177726474305 1
0.5875347658415103 1
0.5880125461060793 1
0.588031392679524 1
0.5884286941499349 1
0.5886273448851405 1
0.5895402902848367 1
0.589658632743711 1
0.5907890754520575 1
0.5908692132105617 1
0.5916830037604823 1
0.5924964532747488 1
0.5925154703660204 1
0.5930120972040341 1
0.5931304396629085 1
0.5932297650305112 1
0.5934093986744451 1
0.5934282452478898 1
0.5941236933389359 1
0.5956514375176933 1
0.596067585561549 1
0.5964650575497867 1
0.5966635377671655 1
0.5967818802260397 1
0.5972785070640534 1
0.5975766536846886 1
0.5981109736695917 1
0.5982906073135256 1
0.5987070963930349 1
0.5988064217606379 1
0.5989055766104137 1
0.5989057471282404 1
0.5989245937016853 1
0.5991042273456193 1
0.5995205459073017 1
0.5997191966425072 1
0.59981852201011 1
0.6004333207891711 1
0.6005328166746007 1
0.6011476154536619 1
0.6013462661888674 1
0.6018619101181527 1
0.6019612354857553 1
0.6024767088972139 1
0.602557017173545 1
0.6034889796645129 1
0.6036071516055602 1
0.6036876303997183 1
0.6037869557673211 1
0.6037869557673212 1
0.6042031038111767 1
0.604401925064209 1
0.6051162197286998 1
0.6055323677725556 1
0.6058303438753638 1
0.6059296692429664 1
0.6061283199781722 1
0.6063458172868222 1
0.6067623063663315 1
0.608072382718612 1
0.6082708629359906 1
0.6082710334538174 1
0.6085878561300704 1
0.6089851576004812 1
0.6090656363946395 1
0.609084482968084 1
0.6099974283677805 1
0.6105319188705105 1
0.6107115525144442 1
0.6112083498702848 1
0.611426017696762 1
0.6116246684319674 1
0.6117238232817435 1
0.6119414911082203 1
0.6126367686814397 1
0.613053087243122 1
0.613152412610725 2
0.6141646833780238 1
0.6150772877420665 1
0.6156119487626232 1
0.6157915824065571 1
0.6159902331417626 1
0.6174186519529175 1
0.6174188224707443 1
0.6178161239411551 1
0.618132946617408 1
0.6182324425028378 1
0.6185490946612638 1
0.6198783586226427 1
0.6207724574488942 1
0.6209709376662729 1
0.6213870857101285 1
0.6216852323307634 1
0.6226168537860776 1
0.6233313189683953 1
0.623747467012251 1
0.6239461177474565 1
0.6239461177474567 1
0.6241259219092172 1
0.6242440938502647 1
0.6243434192178675 1
0.6251568687321343 1
0.625157039249961 1
0.6255545112381988 1
0.6256536660879748 1
0.6256726831792462 1
0.6269827595315267 1
0.6270820848991295 1
0.6278957049312228 1
0.6281132022398732 1
0.6290071305482978 1
0.629621929327359 1
0.6298395971538361 1
0.6313675118504204 1
0.6332925574995887 1
0.6340068521640795 1
0.6342053323814582 1
0.6346026338518692 1
0.6361493951218983 1
0.6361495656397248 1
0.6366460219599118 1
0.6368448432129441 1
0.6377577886126404 1
0.6386705634945098 1
0.6387887354355574 1
0.6389873861707628 1
0.6390868820561924 1
0.6400989823056646 1
0.6409314489112028 1
0.641626726484422 1
0.6462099590206943 1
0.6468249283175822 1
0.6479365244524842 1
0.6481353457055163 1
0.6498805871929241 1
0.6523212767713779 1
0.6534327023884526 1
0.6537118319178161 1
0.6587304001070424 1
0.6605561203886081 1
0.6664495997949877 1
0.6705175294376285 1
