
 0.509
 0.451
 0.502
 0.508
 0.507
 0.501
 0.509
 0.483
 0.509
 0.540
 0.426
 0.493
 0.533
 0.492
 0.503
 0.499
 0.563
 0.521
 0.491
 0.498
 0.497
 0.459
 0.502
 0.535
 0.485
 0.498
 0.492
 0.501
 0.514
 0.476
 0.505
 0.521
 0.534
 0.504
 0.556
 0.515
 0.468
 0.505
 0.488
 0.557
 0.536
 0.523
 0.566
 0.534
 0.502
 0.514
 0.504
 0.518
 0.535
 0.521
 0.512
 0.521
 0.487
 0.477
 0.513
 0.509
 0.523
 0.530
 0.460
 0.495
 0.503
 0.477
 0.514
 0.510
 0.524
 0.498
 0.465
 0.511
 0.471
 0.484
 0.536
 0.458
 0.543
 0.485
 0.493
 0.523
 0.493
 0.520
 0.539
 0.519
 0.506
 0.516
 0.473
 0.481
 0.521
 0.537
 0.509
 0.456
 0.472
 0.519
 0.520
 0.493
 0.487
 0.493
 0.504
 0.469
 0.452
 0.511
 0.512
 0.529
 0.518
 0.528
 0.458
 0.484
 0.494
 0.483
 0.482
 0.536
 0.516
 0.500
 0.484
 0.487
 0.557
 0.523
 0.512
 0.510
 0.575
 0.530
 0.523
 0.537
 0.523
 0.502
 0.484
 0.532
 0.505
 0.550
 0.531
 0.509
 0.445
 0.533
 0.540
 0.452
 0.429
 0.515
 0.523
 0.523
 0.487
 0.491
 0.489
 0.492
 0.472
 0.479
 0.520
 0.492
 0.476
 0.466
 0.513
 0.473
 0.506
 0.454
 0.545
 0.500
 0.494
 0.509
 0.436
 0.505
 0.534
 0.487
 0.547
 0.504
 0.504
 0.550
 0.497
 0.505
 0.502
 0.539
 0.527
 0.565
 0.487
 0.540
 0.506
 0.521
 0.498
 0.481
 0.523
 0.484
 0.496
 0.550
 0.463
 0.471
 0.490
 0.499
 0.495
 0.504
 0.462
 0.500
 0.498
 0.480
 0.490
 0.544
 0.447
 0.491
 0.513
 0.506
 0.514
 0.484
 0.496
 0.455
 0.532
 0.532

