0.4193096961334258 1
0.4304504478269756 1
0.43975172537278473 1
0.44330910713124116 1
0.44644341246999497 1
0.4508292366844027 1
0.4517823166982005 1
0.4533158814501869 1
0.4537409871160842 1
0.45503385144687397 1
0.4553127887123088 1
0.45924212101032824 1
0.460617590566081 1
0.4638571469283461 1
0.46463088241003425 1
0.4666850902851809 1
0.4669145208479467 1
0.46736726665491335 1
0.46741950498363943 1
0.4676073908658028 1
0.46826448199163856 1
0.468759656159992 1
0.4688250417749893 1
0.4691064217623056 1
0.47046738764357443 1
0.4724674630408541 1
0.47290992697216816 1
0.4730425582642338 1
0.47429217105589855 1
0.4744310338566302 1
0.4746292007289844 1
0.4752611216179421 1
0.4757779021992002 1
0.47622495760337263 1
0.47711096826878263 1
0.47773025993584584 1
0.47831566202887904 1
0.47864332516013725 1
0.47890250283894625 1
0.47896085488053136 1
0.47908909112188164 1
0.47921454957320697 1
0.47936328167964043 1
0.47979523787648454 1
0.4798213752585837 1
0.47982138404067504 1
0.4814267537109294 1
0.4819768012141894 1
0.4821313386542086 1
0.48269605252480907 1
0.4833537126409155 1
0.4834481654639953 1
0.48349677952273146 1
0.4835131415981182 1
0.4840539687540966 1
0.48420194561216207 1
0.4850062011309458 1
0.48617476513647967 1
0.48705512168558657 1
0.487121505241162 1
0.487920739209704 1
0.4883493022634696 1
0.48911450516375704 1
0.4892012438063959 1
0.4893826320471012 1
0.4895451439281777 1
0.49008280165377494 1
0.49040966065716945 1
0.49050768408332024 1
0.49079630275051 1
0.4908337762231392 1
0.4913131999467666 1
0.4924820365044337 1
0.4925798866564092 1
0.49329184871073456 1
0.49394303097779885 1
0.4944015587480684 1
0.49442831974463336 1
0.4960200154018481 1
0.49609706404210513 1
0.49666937643632514 1
0.49699029342956746 1
0.4969906116848029 1
0.49703483637559215 1
0.4975743763025983 1
0.49763817032033214 1
0.498103223385025 1
0.4983553894251771 1
0.49844429789209 1
0.4989027767274372 1
0.4994135004341285 1
0.500121605671105 1
0.5002052687216111 1
0.50220568556159 1
0.5023911727982652 1
0.5024346835586997 1
0.5027595285546391 1
0.5028968521848433 1
0.5030751614230714 1
0.5031703442030264 1
0.5036239823305729 1
0.5039338165925309 1
0.5039378610317209 1
0.504055538109456 1
0.5042831732577328 1
0.5047674172118726 1
0.5047964882465891 1
0.5049616860816556 1
0.5060746299565977 1
0.5063671902949082 1
0.5063889647274349 1
0.5068540564266204 1
0.5070441448055434 1
0.5075213872526478 1
0.508876086783393 1
0.509394856886982 1
0.5096008630041274 1
0.5097277373093224 1
0.5100203750429372 1
0.5100352547931329 1
0.5100756273035855 1
0.5103114302137918 1
0.5103561806128564 1
0.5113118514937149 1
0.5116605183001282 1
0.5118914986271055 1
0.5121137178747588 1
0.5122154982655648 1
0.5126831044952854 1
0.513634607178107 1
0.5158908310299154 1
0.5162539845717977 1
0.5164712605631192 1
0.5176210656074877 1
0.5179617169190335 1
0.5181721942264919 1
0.518378386088179 1
0.5188091321130719 1
0.5201921028195642 1
0.5209860558100983 1
0.5211181809299087 1
0.5216152304773257 1
0.5219695263081633 1
0.5222232545109486 1
0.5227704714768122 1
0.5229270595260034 1
0.5236697952538588 1
0.5248766811197852 1
0.524914561016681 1
0.5250071895324416 1
0.5250540758149199 1
0.5251505046427406 1
0.5252946037605374 1
0.5257189212269865 1
0.5257753271068335 1
0.5261538082400881 1
0.5277332785067093 1
0.5278946514731458 1
0.5292174485144487 1
0.5298264394244806 1
0.529834208699722 1
0.5306414007624501 1
0.5312092706339697 1
0.5313118582406942 1
0.5313148897509405 1
0.5335185860773133 1
0.5345739332239231 1
0.5369912007248108 1
0.5370656384187315 1
0.5371985037829303 1
0.5374504934702062 1
0.5375076908509271 1
0.5376060437437328 1
0.5395390331333155 1
0.5396314183528005 1
0.5403996957916956 1
0.5428848226025624 1
0.5433969025382958 1
0.5444423461977371 1
0.545190396986451 1
0.5464097393601123 1
0.5466525831557173 1
0.5468790959495192 1
0.5470399095632893 1
0.5476105660514456 1
0.5478445978220116 1
0.548420807669726 1
0.5496573718342712 1
0.5497947879508501 1
0.5512712126401614 1
0.551422319257724 1
0.5518236094515518 1
0.5541761892732138 1
0.5550745865011713 1
0.556319377359673 1
0.5613527514582302 1
0.5628085197306563 1
0.572839962362113 1
0.5792441600709741 1
0.5952475109011346 1
