
 0.467
 0.526
 0.500
 0.446
 0.494
 0.497
 0.497
 0.525
 0.454
 0.502
 0.530
 0.543
 0.526
 0.504
 0.479
 0.503
 0.497
 0.478
 0.503
 0.538
 0.561
 0.479
 0.521
 0.490
 0.470
 0.503
 0.503
 0.528
 0.530
 0.543
 0.491
 0.478
 0.509
 0.524
 0.498
 0.528
 0.467
 0.518
 0.483
 0.522
 0.546
 0.508
 0.545
 0.506
 0.554
 0.516
 0.512
 0.489
 0.469
 0.516
 0.477
 0.483
 0.512
 0.550
 0.493
 0.510
 0.510
 0.494
 0.479
 0.491
 0.510
 0.548
 0.573
 0.475
 0.526
 0.579
 0.550
 0.551
 0.496
 0.461
 0.484
 0.535
 0.468
 0.519
 0.552
 0.480
 0.563
 0.547
 0.488
 0.540
 0.522
 0.505
 0.419
 0.481
 0.507
 0.469
 0.531
 0.537
 0.472
 0.529
 0.484
 0.531
 0.595
 0.465
 0.491
 0.474
 0.540
 0.504
 0.494
 0.537
 0.525
 0.537
 0.502
 0.455
 0.490
 0.485
 0.498
 0.464
 0.483
 0.504
 0.486
 0.497
 0.540
 0.496
 0.510
 0.493
 0.511
 0.468
 0.498
 0.509
 0.506
 0.512
 0.487
 0.521
 0.451
 0.476
 0.525
 0.507
 0.513
 0.498
 0.430
 0.479
 0.537
 0.440
 0.469
 0.482
 0.505
 0.489
 0.523
 0.525
 0.504
 0.547
 0.479
 0.555
 0.484
 0.516
 0.506
 0.455
 0.518
 0.525
 0.498
 0.488
 0.551
 0.518
 0.487
 0.499
 0.556
 0.523
 0.489
 0.522
 0.531
 0.548
 0.452
 0.473
 0.505
 0.518
 0.480
 0.514
 0.443
 0.480
 0.474
 0.491
 0.510
 0.475
 0.547
 0.534
 0.453
 0.500
 0.510
 0.510
 0.512
 0.459
 0.467
 0.531
 0.548
 0.544
 0.483
 0.476
 0.520
 0.490
 0.499
 0.538
 0.492
 0.504
 0.473
 0.482
 0.479
 0.467
 0.502
 0.525

