0 35
0 46
0 47
0 37
1 40
0 49
0 40
1 49
0 38
1 46
1 51
1 54
1 38
0 35
0 38
1 31
0 45
1 38
0 37
1 47
1 37
0 43
1 33
1 47
1 37
0 38
1 46
0 45
1 51
1 38
0 43
0 32
1 49
1 38
0 46
0 49
0 43
0 47
0 53
1 44
0 49
0 37
1 55
1 38
1 38
0 42
0 35
1 51
1 43
0 45
0 54
0 42
1 44
1 43
1 47
1 34
1 39
1 43
0 39
1 39
0 40
1 49
0 43
1 43
0 38
1 39
0 48
0 42
1 43
0 32
1 43
0 37
1 48
1 34
1 45
1 44
0 48
0 40
0 33
0 54
1 40
1 51
1 48
1 42
1 49
1 51
0 48
1 51
0 49
0 35
0 42
1 37
0 46
0 48
1 43
1 33
0 39
0 41
0 46
0 48
1 42
1 51
1 40
1 44
1 32
0 46
0 47
0 43
1 47
1 36
1 32
1 30
1 33
0 32
1 49
1 33
0 37
0 41
0 46
1 51
1 38
1 41
0 37
0 37
1 42
0 47
1 51
1 41
1 43
1 42
1 50
1 49
0 48
0 40
1 42
1 46
0 33
0 37
1 49
1 53
0 39
1 34
0 36
1 37
0 47
1 40
1 42
1 31
0 43
1 38
1 40
1 46
0 48
0 40
0 38
0 32
1 35
1 40
0 37
1 54
1 46
1 45
1 40
0 61
0 48
1 53
0 42
0 42
0 41
0 44
1 43
1 34
1 43
0 42
0 46
0 27
0 34
1 31
1 46
0 53
1 43
0 44
1 48
1 42
0 37
1 44
1 46
1 44
1 41
0 48
1 44
1 42
0 53
1 41
0 50
1 45
0 56
0 43
0 38
0 44
