1 36
2 41
0 40
0 37
2 56
0 36
2 46
1 44
0 26
2 42
1 39
0 36
1 31
0 40
0 45
2 50
2 34
2 42
2 36
1 48
0 38
1 36
0 31
0 52
0 39
2 42
1 47
0 46
1 47
2 51
1 42
2 34
1 37
0 38
2 36
0 35
1 43
1 47
0 33
2 50
2 42
1 44
0 48
1 43
2 39
2 49
0 45
2 44
2 35
0 29
1 36
1 46
1 40
2 51
2 34
0 40
2 46
0 34
2 49
1 39
1 36
0 42
0 40
1 44
1 45
1 49
0 48
1 34
2 30
1 41
0 52
2 41
2 31
0 34
1 45
1 50
1 53
1 29
0 42
0 39
2 46
2 46
2 42
0 45
0 40
0 38
0 37
1 42
1 40
2 37
0 38
1 42
1 47
2 44
2 43
2 39
2 41
1 39
0 32
1 39
0 39
0 37
1 44
0 42
2 26
0 45
0 40
1 52
0 43
2 47
2 47
0 38
2 47
1 47
2 40
0 42
0 49
0 51
0 47
0 31
0 41
1 43
1 47
2 36
0 41
2 36
1 42
2 50
2 50
2 40
1 51
0 40
2 47
0 35
2 47
2 34
1 36
2 51
0 41
0 47
2 47
0 43
0 40
0 44
2 48
0 41
2 45
1 41
2 33
1 49
2 38
0 32
2 47
1 39
2 40
1 42
1 41
1 42
0 33
2 46
1 56
2 34
2 43
0 51
0 48
1 42
0 43
0 37
2 42
2 35
1 40
1 39
2 31
1 29
1 29
2 40
2 46
1 51
2 35
1 37
0 41
2 45
0 41
0 40
1 39
0 33
0 33
0 37
0 46
2 42
0 42
1 41
0 37
0 49
2 34
2 49
2 47
1 48
1 34
1 48
