
 2.240
 1.830
 1.770
 1.890
 1.740
 2.080
 2.050
 1.920
 1.900
 2.030
 2.110
 2.110
 1.940
 1.850
 2.070
 2.040
 2.220
 2.110
 1.820
 1.980
 2.010
 1.990
 1.840
 1.690
 1.860
 1.930
 1.890
 1.890
 1.940
 2.040
 1.960
 1.870
 1.800
 1.940
 2.270
 1.910
 1.930
 2.070
 1.830
 2.040
 1.970
 1.890
 1.910
 1.950
 2.050
 2.040
 2.290
 2.150
 2.160
 1.730
 2.020
 2.050
 2.220
 2.020
 2.000
 2.160
 2.020
 2.090
 2.010
 2.080
 2.240
 1.930
 1.980
 1.810
 2.170
 2.190
 2.080
 1.890
 2.020
 1.800
 2.010
 2.080
 1.870
 1.990
 2.360
 1.980
 1.970
 1.990
 2.100
 2.030
 1.890
 1.860
 2.080
 2.200
 2.010
 1.870
 2.220
 1.950
 1.790
 1.960
 2.100
 2.120
 2.220
 1.910
 2.220
 1.940
 1.880
 1.950
 2.040
 2.090

