0.4085082131133397 1
0.42012715487574076 1
0.4239191553566647 1
0.4248571649193951 1
0.4251260839414268 1
0.425325890237282 1
0.43028560132973204 1
0.4325228409604582 1
0.43481309999450807 1
0.440266315829683 1
0.4405046578465725 1
0.44272019295688403 1
0.4430780687961547 1
0.44501629728387454 1
0.4459246833304921 1
0.4502278892069794 1
0.45106766367547174 1
0.4516513742051651 1
0.4518015175863552 1
0.4522060789756235 1
0.45228701722926734 1
0.4523264294272653 1
0.45270444079934313 1
0.45487444645726943 1
0.4551373360290094 1
0.45527479841332275 1
0.45618281767126895 1
0.4573778839129769 1
0.4584064246784352 1
0.4584435800935293 1
0.45951710850815 1
0.45972133237825447 1
0.4602557840435423 1
0.4623812539187481 1
0.46258165902499854 1
0.4627070627877844 1
0.4628978141071272 1
0.46302609860511984 1
0.46363629359866104 1
0.46483888691762876 1
0.46551896653660785 1
0.46630877686154903 1
0.46657102041170945 1
0.46694723414998957 1
0.46728034221002157 1
0.4680012228469611 1
0.4686602185415613 1
0.4692721643735009 1
0.4698411076315845 1
0.4702301381718892 1
0.4703617321503147 1
0.47093998651182245 1
0.4714864383419704 1
0.4717387072314757 1
0.47268509049612106 1
0.4727831605127065 1
0.47375600712654403 1
0.4740776331023845 1
0.47411681530015237 1
0.4743905107113447 1
0.4746272066396729 1
0.4750420567352118 1
0.4751312491861183 1
0.475837107608046 1
0.47604995241159165 1
0.4764172730293649 1
0.4767370793483108 1
0.4767918784843427 1
0.47729481338555013 1
0.4775762067734457 1
0.4781429773301136 1
0.47891518403637134 1
0.47903399058679935 1
0.48028694749245643 1
0.4806850966417107 1
0.48106307268532733 1
0.4814627178180231 1
0.4815022739240443 1
0.4819831999752435 1
0.4821994579912203 1
0.4822571262102401 1
0.483173318853678 1
0.4854049468427768 1
0.4855086370945421 1
0.485833560537343 1
0.48588438155839114 1
0.4858943362135554 1
0.4858999027067879 1
0.485964350632505 1
0.48632055688671605 1
0.4866432314756195 1
0.48666846829279103 1
0.4867494073440873 1
0.486803632347723 1
0.4868775575865283 1
0.48749731246167854 1
0.48832362887490677 1
0.48883110832971854 1
0.4889538502454331 1
0.4890361494482546 1
0.48959323386761533 1
0.4896760455638534 1
0.4896953920819385 1
0.49007601624270963 1
0.49029600813108976 1
0.4906298636283117 1
0.4910480125518177 1
0.4910965985092741 1
0.49114769294002886 1
0.4915021387318717 1
0.4916288119520405 1
0.4922195872535162 1
0.49258534169132284 1
0.49264676876526514 1
0.49290885126497086 1
0.493149176104592 1
0.49344519202845005 1
0.4934922809415048 1
0.49365377836779495 1
0.49402408091472694 1
0.49454254004705706 1
0.4945787057829676 1
0.49496572412045514 1
0.49516342620754544 1
0.4959105793958022 1
0.49611136190297117 1
0.4962637250139961 1
0.4963706156520529 1
0.49686982379230393 1
0.49846111535721227 1
0.4986212735420178 1
0.498672247502543 1
0.49892763868269635 1
0.49922534866641294 1
0.49931314401594684 1
0.49940246122421383 1
0.4994229625996707 1
0.4995232186704752 1
0.4996800665969951 1
0.4999961524936124 1
0.5003827473334732 1
0.5004639021492909 1
0.5010519955898702 1
0.5012078245635334 1
0.5027966595501162 1
0.5034747689042315 1
0.5035447448739143 1
0.5040656928314958 1
0.5044071830748975 1
0.5044848964939687 1
0.5045332602610294 1
0.5046477463563619 1
0.5048548741204013 1
0.5053869423785228 1
0.5060186233222889 1
0.506376575413906 1
0.5067956040365466 1
0.5070272530898152 1
0.5074894229554766 1
0.5075915508944188 1
0.5076309989588387 1
0.5082451162640258 1
0.5085020647488832 1
0.5088455222309961 1
0.5088782243377706 1
0.508910846429679 1
0.5090191103254372 1
0.5097266861873286 1
0.5099500076810495 1
0.5100510063248492 1
0.5108305659888679 1
0.5114364115051777 1
0.5114864291287122 1
0.5117434714521731 1
0.5119059558614671 1
0.5122116620468996 1
0.5138456398924456 1
0.5145143050879811 1
0.5148748906381999 1
0.5150173632710576 1
0.5159744100071879 1
0.5159890736111944 1
0.5181552324867956 1
0.5195770479945847 1
0.5203641180660313 1
0.5205466920740066 1
0.5239298141424273 1
0.5257353212572616 1
0.5274865535772111 1
0.527797871175567 1
0.5278608718207278 1
0.5286353829397911 1
0.5340420393927523 1
0.535680402431927 1
0.5360937650880074 1
0.5386194771940751 1
0.5401542331873952 1
0.5484409048873993 1
0.5525505192247382 1
0.5564004081688161 1
