
 0.433
 0.440
 0.504
 0.536
 0.452
 0.493
 0.499
 0.465
 0.499
 0.425
 0.501
 0.476
 0.490
 0.467
 0.490
 0.505
 0.458
 0.489
 0.496
 0.486
 0.489
 0.486
 0.524
 0.496
 0.471
 0.475
 0.471
 0.536
 0.482
 0.451
 0.453
 0.490
 0.493
 0.512
 0.463
 0.474
 0.515
 0.493
 0.514
 0.424
 0.481
 0.516
 0.518
 0.496
 0.511
 0.452
 0.477
 0.463
 0.446
 0.479
 0.500
 0.467
 0.508
 0.489
 0.504
 0.468
 0.520
 0.443
 0.490
 0.492
 0.480
 0.528
 0.495
 0.509
 0.515
 0.506
 0.482
 0.481
 0.510
 0.425
 0.482
 0.498
 0.503
 0.450
 0.481
 0.478
 0.494
 0.469
 0.409
 0.435
 0.420
 0.499
 0.501
 0.556
 0.520
 0.486
 0.443
 0.457
 0.460
 0.509
 0.504
 0.478
 0.470
 0.507
 0.496
 0.455
 0.463
 0.445
 0.487
 0.475
 0.487
 0.505
 0.486
 0.499
 0.495
 0.497
 0.493
 0.548
 0.528
 0.515
 0.455
 0.510
 0.475
 0.466
 0.499
 0.491
 0.487
 0.540
 0.509
 0.485
 0.506
 0.473
 0.521
 0.492
 0.510
 0.452
 0.456
 0.476
 0.495
 0.508
 0.473
 0.490
 0.474
 0.505
 0.486
 0.500
 0.472
 0.452
 0.452
 0.509
 0.470
 0.500
 0.493
 0.511
 0.507
 0.529
 0.534
 0.493
 0.495
 0.460
 0.491
 0.487
 0.463
 0.504
 0.466
 0.527
 0.512
 0.553
 0.491
 0.462
 0.499
 0.474
 0.499
 0.486
 0.512
 0.492
 0.479
 0.483
 0.503
 0.494
 0.509
 0.458
 0.539
 0.505
 0.482
 0.425
 0.476
 0.526
 0.477
 0.469
 0.441
 0.500
 0.470
 0.507
 0.491
 0.464
 0.508
 0.474
 0.486
 0.460
 0.477
 0.487
 0.487
 0.500
 0.488
 0.467
 0.511
 0.516
 0.430
 0.455

