
 0.476
 0.535
 0.543
 0.558
 0.558
 0.558
 0.558
 0.558
 0.558
 0.558
 0.558
 0.558
 0.558
 0.558
 0.558
 0.558
 0.558
 0.558
 0.558
 0.558
 0.558
 0.558
 0.558
 0.558
 0.558
 0.558
 0.558
 0.558
 0.558
 0.558
 0.558
 0.558
 0.558
 0.558
 0.558
 0.558
 0.558
 0.558
 0.558
 0.558
 0.558
 0.558
 0.558
 0.558
 0.558
 0.558
 0.558
 0.558
 0.558
 0.558
 0.558
 0.558
 0.558
 0.558
 0.558
 0.558
 0.558
 0.558
 0.558
 0.558
 0.558
 0.558
 0.558
 0.558
 0.558
 0.558
 0.558
 0.558
 0.558
 0.558
 0.558
 0.558
 0.558
 0.558
 0.558
 0.558
 0.558
 0.558
 0.558
 0.558
 0.558
 0.558
 0.558
 0.558
 0.558
 0.558
 0.558
 0.558
 0.558
 0.558
 0.558
 0.558
 0.558
 0.558
 0.558
 0.558
 0.558
 0.558
 0.558
 0.558
 0.558
 0.558
 0.558
 0.558
 0.558
 0.558
 0.558
 0.558
 0.558
 0.558
 0.558
 0.558
 0.558
 0.558
 0.558
 0.558
 0.558
 0.558
 0.558
 0.558
 0.558
 0.558
 0.558
 0.558
 0.558
 0.558
 0.558
 0.558
 0.558
 0.558
 0.558
 0.558
 0.558
 0.558
 0.558
 0.558
 0.558
 0.558
 0.558
 0.558
 0.558
 0.558
 0.558
 0.558
 0.558
 0.558
 0.558
 0.558
 0.558
 0.558
 0.558
 0.558
 0.558
 0.558
 0.558
 0.558
 0.558
 0.558
 0.558
 0.558
 0.558
 0.558
 0.558
 0.558
 0.558
 0.558
 0.558
 0.558
 0.558
 0.558
 0.558
 0.558
 0.558
 0.558
 0.558
 0.558
 0.558
 0.558
 0.558
 0.558
 0.558
 0.558
 0.558
 0.558
 0.558
 0.558
 0.558
 0.558
 0.558
 0.558
 0.558
 0.558
 0.558
 0.558
 0.558
 0.558
 0.558
 0.558
 0.558
 0.558

