0 38
0 37
0 45
1 39
1 48
0 42
0 34
0 40
0 37
0 47
1 38
1 42
1 43
0 33
1 51
1 40
1 37
0 44
0 37
0 33
0 50
0 48
1 33
0 48
0 52
0 53
1 43
1 42
0 48
1 47
1 44
0 46
1 32
1 50
0 50
1 43
0 34
1 43
1 28
1 41
1 41
0 45
1 41
0 39
0 45
0 30
1 35
1 30
0 41
0 33
1 41
1 45
0 39
0 35
0 43
1 44
1 48
1 38
1 46
1 37
0 29
0 55
0 38
0 51
0 35
1 43
1 41
1 51
1 36
0 39
1 40
0 51
1 33
0 29
1 50
1 42
0 45
1 51
0 48
0 44
1 38
0 38
0 39
0 56
1 41
0 47
1 41
0 45
0 37
1 41
0 35
0 43
0 38
1 34
0 34
1 51
1 43
1 45
1 43
1 44
1 34
1 42
1 37
1 43
0 35
0 40
0 42
0 43
1 44
0 43
0 48
1 39
1 35
0 49
1 37
1 29
0 41
0 40
1 38
1 49
1 37
1 38
1 45
1 32
0 47
0 38
0 40
1 39
1 46
1 41
0 32
1 32
1 42
0 51
1 52
1 47
0 35
0 45
1 39
0 48
1 36
0 44
1 47
1 38
1 46
1 40
0 54
1 37
1 45
0 40
1 57
1 49
1 54
1 37
1 42
1 44
1 44
1 43
0 31
0 40
0 56
1 60
0 38
0 46
1 45
1 42
1 50
1 43
0 36
1 42
1 48
0 38
0 46
0 45
0 43
0 46
1 29
1 46
1 46
1 45
1 44
1 51
1 41
0 41
1 33
0 44
0 36
0 54
0 41
0 38
1 39
0 36
1 30
0 44
0 43
0 40
0 37
0 48
0 44
0 41
