0.6424648936169939 1
0.6439915533739194 1
0.6446455641893429 1
0.6469213092840288 1
0.6481159521374866 1
0.6498225391376531 1
0.6520492363553605 1
0.6535452638270595 1
0.6539017271990223 1
0.6539519956546351 1
0.6545951528626546 1
0.6551507361900083 1
0.6555308252719881 1
0.6572300484784509 1
0.657600987167197 1
0.6587428337837763 1
0.6592045107083513 1
0.6593180364210706 1
0.659798271444833 1
0.6604647070017897 1
0.6604708415929238 1
0.6614392913389874 1
0.6626788881961255 1
0.6633262697365814 1
0.6642824117372795 1
0.6651444336276721 1
0.6660646724995745 1
0.6668810195335826 1
0.6681338656993486 1
0.6682934234869466 1
0.6689882988606461 1
0.6721764392492076 1
0.6724320440631938 1
0.6730414956529974 1
0.6730491880964832 1
0.6733756576079684 1
0.6745951366627152 1
0.6783287149595262 1
0.6787154415529844 1
0.6801248297042493 1
0.6819629975959781 1
0.6841289723440461 1
0.6841830792079189 1
0.6855118514032676 1
0.6866169279490717 1
0.6869240997973673 1
0.6877715782283295 1
0.6879276230630353 1
0.688853762349373 1
0.6889792054553867 1
0.6895358656204595 1
0.6929344220265213 1
0.6953752735342666 1
0.696899637108318 1
0.6988237427951813 1
0.6988826806293953 1
0.700726502094456 1
0.7124417460612865 1
0.7135828511529283 1
0.7153082360903547 1
0.7165463613317133 1
0.7165902565947695 1
0.7217662377475181 1
0.7221387206225849 1
0.7223824048488621 1
0.7227327386717873 1
0.725532371640082 1
0.7265791180199956 1
0.7272432780631406 1
0.7301221845972309 1
0.7301318309077778 1
0.733699496318359 1
0.7384330899732118 1
0.7393424714259227 1
0.7436408883911909 1
0.7441604263122608 1
0.745155605657865 1
0.7454046861447539 1
0.7454404929496146 1
0.7465177411556163 1
0.7482007024457659 1
0.7486239535023752 1
0.7488493170005782 1
0.7494964599364414 1
0.7502149473541263 1
0.7505205782105161 1
0.7544879590160489 1
0.7557731015039127 1
0.7568442068790996 1
0.7589642325944471 1
0.7606337142110563 1
0.7617112146845124 1
0.7648302969198818 1
0.7651735192197273 1
0.7652017166232606 1
0.7669284039511698 1
0.7680226654526665 1
0.7686778956132453 1
0.7703428847667098 1
0.772355436318314 1
0.7725883923542288 1
0.7731262459612768 1
0.7755652959699817 1
0.777677642907875 1
0.7792658665651504 1
0.7802694728729765 1
0.7840571787058923 1
0.7850831083364226 1
0.7862437446505806 1
0.7865885298480437 1
0.787069980408345 1
0.7880872406602738 1
0.7890880805854108 1
0.7896470251150091 1
0.7919039684638182 1
0.7924642185783132 1
0.7941451441927234 1
0.7949825590132594 1
0.7958890621292107 1
0.7974440274351237 1
0.798091170370987 1
0.7993241379563274 1
0.7993722139434561 1
0.8015859004539585 1
0.8018452606340464 1
0.8047064543051069 1
0.8064346094370087 1
0.8067811961335128 1
0.8087967564810156 1
0.8094944102888709 1
0.8095634684420634 1
0.8108366672030265 1
0.8131661892783234 1
0.8160365345760972 1
0.8214188521583565 1
0.8221830230563613 1
0.8228868076435645 1
0.8235268428681344 1
0.8273119188231282 1
0.8275930421280109 1
0.8289020489273142 1
0.8298061426760103 1
0.8312609839426828 1
0.8338131686946635 1
0.8343025651993841 1
0.8345921666984253 1
0.836616643879835 1
0.8368071724598565 1
0.8380868967813968 1
0.8440199654903586 1
0.848684835687429 1
0.8490087872718933 1
0.8517712929509187 1
0.8522040379532249 1
0.8528839582258181 1
0.8539459202139725 1
0.8565481484861753 1
0.8582244805013568 1
0.8597984779180586 1
0.8599663825145192 1
0.860504558688136 1
0.8605990440503858 1
0.8606033853821597 1
0.8615864004901964 1
0.8617022141492789 1
0.862077497361044 1
0.8623193581825684 1
0.8625113023374533 1
0.8626679986487372 1
0.862921307279849 1
0.8631460848123795 1
0.8633280391074248 1
0.8634197580869859 1
0.8661803111324302 1
0.8665359499341281 1
0.8671853890560355 1
0.8673013120877122 1
0.8678658952943009 1
0.8679592987767352 1
0.8683869080255647 1
0.8691910727312492 1
0.8692926645713122 1
0.8693161429617452 1
0.8703673948534627 1
0.8704024683730671 1
0.8706945976502045 1
0.8716016867318279 1
0.8720147917519608 1
0.8724984501052662 1
0.8731495115995788 1
0.8733786206064683 1
0.8734535916098174 1
0.8736339830072452 1
0.874164252313092 1
0.8743085238828427 1
0.8749384181130325 1
0.8753055047274877 1
0.8761366792922622 1
0.8764673702442155 1
0.876554616513046 1
0.8767300865812815 1
0.8768259824762988 1
0.8773144692184687 1
0.8776912774815113 1
0.8782273274362211 1
0.8787678207754365 1
0.8789507520024276 1
0.8794253346863379 1
0.8795741581971908 1
0.8798458044199924 1
0.8801573175968919 1
0.8801806789879876 1
0.8804045965847397 1
0.8809627394972415 1
0.8810816334784767 1
0.8811228613416294 1
0.8811969941086828 1
0.8815328465316109 1
0.8816167284037829 1
0.8816695118944486 1
0.8817036135242039 1
0.8818936671728058 1
0.8820326057716893 1
0.882228304059196 1
0.8822389273016884 1
0.8823476306680013 1
0.8824732038220116 1
0.8827329053980947 1
0.8827971532531782 1
0.8828042597341613 1
0.8828042597341615 1
0.8828972991981303 1
0.8832026739721095 1
0.8833134168259485 1
0.8833469455418608 1
0.8834851607504871 1
0.8837801486119697 1
0.8837916161739717 1
0.8838345147526677 1
0.8839365926557996 1
0.8840032439162236 1
0.8840591428091468 1
0.8843630716848448 1
0.8844676761357632 1
0.88452735229733 1
0.884569747952512 1
0.884621446693307 1
0.8846742330727712 1
0.8847446126301893 1
0.8849308329126281 1
0.8850309569518688 1
0.8850466465717111 1
0.8850772116875427 1
0.8851444963306193 1
0.8852253496544784 1
0.8854300802979348 1
0.8854380580462359 1
0.8854972262421927 1
0.8855161567918884 1
0.8855868876434714 1
0.8856707497632296 1
0.8856897840273157 1
0.8858526127764362 1
0.8858732258787683 1
0.8858732258787684 1
0.8859193769000516 1
0.8860536172761958 1
0.8861219628163637 1
0.8862560933917345 1
0.88639144331543 1
0.8866501701128654 1
0.8866615899303574 1
0.8866641495123355 1
0.8867115940670491 1
0.8867320003686698 1
0.8867372855981981 1
0.8868074107316947 1
0.8870932959412839 1
0.8871286036375872 1
0.8871359121071327 1
0.887408555014295 1
0.8874807389595528 1
0.8879733768223065 1
0.8879967769795598 1
0.888063781363087 1
0.8881146357843724 1
0.8883591919978948 1
0.8884673570720101 1
0.8885371485104592 1
0.8885969159538648 1
0.8889033713773498 1
0.8890665751552851 1
0.8892920299321568 1
0.8893346839411759 1
0.8893691753100648 1
0.8893991643144689 1
0.8895918697467051 1
0.8895992017804525 1
0.8896569934039903 1
0.8896724307563784 1
0.8897844472842429 1
0.889920613535353 1
0.8900412593950869 1
0.8901621291490954 1
0.8902532344984182 1
0.8903527725719863 1
0.890373367580393 1
0.8904744866455048 1
0.8904769351932292 1
0.8904777597603245 1
0.8905004085383961 1
0.89052534106679 1
0.8906045402111925 1
0.890641172816628 1
0.8906470271482131 1
0.8907571884642735 1
0.8908382110165987 1
0.8909150764561465 1
0.8909346127207595 1
0.8909905116136824 1
0.8910144573087914 1
0.8910168244760167 1
0.8910207710265606 1
0.8911297168060832 1
0.8911538333881474 1
0.8913121619731755 1
0.8913403676163897 1
0.8913428975477835 1
0.8913639933264063 1
0.8913991180811177 1
0.8914638787610545 1
0.8915438206638738 1
0.8915540211362114 1
0.8915815120131034 1
0.8916538432811154 1
0.8916691015068677 1
0.8916754152214673 1
0.8917801328599364 1
0.8918378513458256 1
0.8918770056868991 1
0.8918990684992985 1
0.891940139861455 1
0.891965356458015 1
0.8920110252311868 1
0.8920811701170974 1
0.8921699595311319 1
0.8922428767648161 1
0.8923055419730369 1
0.8923195258004012 1
0.8923619597269322 1
0.8923741458670423 1
0.8924656005276818 1
0.892471995625951 1
0.8924988725482454 1
0.8925512860521918 1
0.8926244221380546 1
0.8926254188224148 1
0.8926544407930431 1
0.8926831192143787 1
0.8926956489037817 1
0.8927267720610552 1
0.8927359274995551 1
0.8927473670694619 1
0.8927633865725656 1
0.8927720361987521 1
0.892922227935353 1
0.8929237689272586 1
0.8929458536453697 1
0.893030935113452 1
0.8930324744468691 1
0.8931640690044627 1
0.8931953070077762 1
0.893366638060329 1
0.893429822129522 1
0.893431363121428 1
0.893437780125409 1
0.8935390917090927 1
0.8935781745207423 1
0.8935805619854551 1
0.8936885489269575 1
0.8936925979445454 1
0.8937575889862245 1
0.8938005292230465 1
0.8938575144205094 1
0.8939258380549656 1
0.8939410132385598 1
0.8939428344900148 1
0.8940012715540122 1
0.8941062294523932 1
0.8941509543246405 1
0.8941867573208846 1
0.8942057894316738 1
0.894293881848952 1
0.8943008607595955 1
0.8943163162027388 1
0.8943308815678815 1
0.8944061799768359 1
0.8945224821734733 1
0.8945370631517151 1
0.8946153133562672 1
0.8946285397180667 1
0.8948069139618591 1
0.894813309060128 1
0.8948264369446949 1
0.894844996277362 1
0.8948458720795638 1
0.8948968276305928 1
0.8949118702017509 1
0.894935950167785 1
0.8949957542272203 1
0.8950157632699548 1
0.8950378063331095 1
0.8951158873091952 1
0.895167686858545 1
0.8952263860881662 1
0.895244469259104 1
0.8952454461910497 1
0.895246977284786 1
0.8952690719010669 1
0.8953734459902425 1
0.8954216132592103 1
0.8954279132638541 1
0.8954300777402432 1
0.8954337043056951 1
0.8954515389738709 1
0.8954675403830492 1
0.8954933585615502 1
0.8955560043417153 1
0.8955604847533932 1
0.8956083046612815 1
0.8956535023116508 1
0.8956551294930345 1
0.8956918451374579 1
0.8957385837797328 1
0.8957600214491602 1
0.895788717964421 1
0.8958038948065042 1
0.8958789471903527 1
0.895951526961127 1
0.8959767155687615 1
0.8960063391181614 1
0.896006351172798 1
0.8960153838499367 1
0.8960577162153753 1
0.8960592791129929 1
0.8961370066416164 1
0.8961377313061075 1
0.8961401105311398 1
0.8962250771531829 1
0.8962445027110715 1
0.8962777528259231 1
0.8963877887249418 1
0.8964167788916888 1
0.8964185209159422 1
0.8964817918390798 1
0.896490852183954 1
0.8965513310100742 1
0.8965531461751464 1
0.8965617970316428 1
0.8966199981938229 1
0.8966638737044645 1
0.8966781928414416 1
0.8967731827856943 1
0.8967731827856944 1
0.8967975331602027 1
0.8968044010365935 1
0.8968213144358245 1
0.8968646593520456 1
0.8969185028168153 1
0.8969561140126854 1
0.8969690334412218 1
0.8969941765789438 1
0.8969948041995724 1
0.8970470847667238 1
0.8970753101623521 1
0.8970757829404735 1
0.8971149553754729 1
0.8971212175369465 1
0.8971893223192242 1
0.8972457018017705 1
0.8972481128306843 1
0.8972625913418824 1
0.8972737786443348 1
0.8972780067885582 1
0.897287130423176 1
0.897314891661448 1
0.8973270361434316 1
0.8973893498870383 1
0.8974375864786984 1
0.8974475763385378 1
0.8974792635557718 1
0.897502283550872 1
0.8975074691989857 1
0.8975328964080432 1
0.8975526449436428 1
0.8975597535779234 1
0.8975937382115114 1
0.897612792228012 1
0.897632781845861 1
0.8976748537009943 1
0.8977114863064299 1
0.897728977425313 1
0.8977310311949779 1
0.8977486135956992 1
0.897749590527645 1
0.897751153425263 1
0.8977562061365812 1
0.8977959244905207 1
0.8978336731580696 1
0.89784585929818 1
0.8978923707292021 1
0.897946257510587 1
0.897971190035811 1
0.8980749501672196 1
0.8981042326481528 1
0.8981314811086656 1
0.8981662941211348 1
0.8981726892194041 1
0.898267395092321 1
0.898271968939135 1
0.8982796031381436 1
0.8982864672027472 1
0.8983080172373876 1
0.8983230817142576 1
0.8983307473959583 1
0.8983573306667669 1
0.8983641947313709 1
0.8983791094078302 1
0.8983873295693406 1
0.8984054028421095 1
0.8984074385178489 1
0.8984383313133801 1
0.8984462454978428 1
0.8984804746979377 1
0.898488430540527 1
0.8985270988217018 1
0.8985473683747409 1
0.8985888287529342 1
0.8985920799652116 1
0.8986296697501782 1
0.8986406382004527 1
0.8986583679239283 1
0.8986720950559444 1
0.8986772708058883 1
0.8986824845059922 1
0.8987110156045734 1
0.8987280120396228 1
0.8987359700355099 1
0.8987417391716389 1
0.8987650114341935 1
0.8988121165757597 1
0.8988623850313728 1
0.8988900085238706 1
0.8988923839339467 1
0.8989061110659624 1
0.898930579437 1
0.8989386628499291 1
0.8989506103854465 1
0.8989902555985672 1
0.8990044555087046 1
0.8990844973172979 1
0.8990872757482841 1
0.8991218265951297 2
0.8991376310578417 1
0.8991442428549914 1
0.8991729113781574 1
0.8991738982082722 1
0.8991850975182675 1
0.8991926086786499 1
0.899215597191058 1
0.8992674285442888 1
0.8993176139609135 1
0.8993361469599747 1
0.8993387828803552 1
0.8993960104941975 1
0.8994156759908084 1
0.8994516752104217 1
0.8994577185197172 1
0.8994577185197175 1
0.8994586757024184 1
0.8994810919622799 1
0.8994862715240106 1
0.8994984357584087 1
0.8995664021336158 1
0.8995864648891134 1
0.8996000276016418 1
0.899730805831821 1
0.8997999638876171 1
0.8998121281220152 1
0.8998185232202842 1
0.8998357757377444 1
0.8998438591506732 1
0.8998678147439516 1
0.8998687916758972 1
0.8998768789037825 1
0.8999010648588035 1
0.8999053149087388 1
0.8999074599570721 1
0.8999280549654786 1
0.8999310856670891 1
0.8999391690800183 1
0.8999963966938602 1
0.8999963966938604 1
0.9000296687144239 1
0.9000385817365444 1
0.900068819243711 1
0.9000814781619426 1
0.9000863103625939 1
0.9001236632046269 1
0.900160768588184 1
0.9001713918306763 1
0.9001761960424025 1
0.9001950175406932 1
0.9002400809201376 1
0.900262868397028 1
0.9002634324569881 1
0.9002733310349892 1
0.9002743079669346 1
0.9002870581670049 1
0.9003063688788541 1
0.9003218574663489 1
0.9003411818913234 1
0.9003411818913236 1
0.900348766192525 1
0.9004123571007547 1
0.9004140991250081 1
0.9004331493297222 1
0.900437702929313 1
0.9004579724823522 1
0.9004831375257861 1
0.9005225502206968 1
0.9005548453093146 1
0.9005678477768397 1
0.9005944905224353 1
0.9005959583264281 1
0.9006056046369748 1
0.9006165533348346 1
0.9006181162324525 1
0.9006475094201096 1
0.9006587383775186 1
0.9006869122168514 1
0.9007249983473103 1
0.9007682882166388 1
0.9008005613995447 1
0.9008366118510948 1
0.900846891547464 1
0.9008589132680869 1
0.900901098310771 1
0.9009407435238914 1
0.9009461616902149 1
0.900956763026995 1
0.9009794118050665 1
0.9009915760394647 1
0.9010049497240182 1
0.9010266495590691 1
0.9010448790084749 1
0.9010472626614012 1
0.9010644932731491 1
0.9010678576698075 1
0.9011050323792269 1
0.9011719893426043 1
0.9011816137474389 1
0.901185139132883 1
0.9012376852524361 1
0.9012449065762886 1
0.9012510093603713 1
0.9012621454277171 1
0.9012749054788624 1
0.9012834431478087 1
0.9012845517894091 1
0.9012923965977454 1
0.9013015482244586 1
0.9013241970025301 1
0.901354343227858 1
0.9013729025605249 1
0.9014115708417001 1
0.9014221940841923 1
0.9014262749056617 1
0.9014473607861152 2
0.9014730265997657 1
0.9014743508927906 1
0.901502441693135 1
0.9015045883999574 1
0.9015088384498927 1
0.9015364400366788 1
0.9015563978474762 1
0.9015759646417361 1
0.9016089805798887 1
0.9016272514133264 1
0.9016326062899057 1
0.9016501886906275 1
0.9016532012983123 1
0.9016585062802549 1
0.9016594832122006 1
0.9016674193023753 1
0.9016674193023754 1
0.9016770656129222 1
0.9016885051828288 1
0.9016897426250794 1
0.9017029836940269 1
0.9017050107458311 1
0.9017076504811683 1
0.9017151479284251 1
0.9017222632632911 1
0.9017233957608414 1
0.9017333856206811 1
0.9017340009125783 1
0.9017403365360598 1
0.9017563560391632 1
0.9018040846652131 1
0.9018111764358783 1
0.9018157481293946 1
0.9018437298783337 1
0.9018500069800734 1
0.9018575896227857 1
0.9018668828102292 1
0.9018792576571251 1
0.9018849379890722 1
0.9018859149210178 1
0.9018965200727544 1
0.9019920822695537 1
0.9020160279646631 1
0.9020390578579323 1
0.9020589561939427 1
0.9020663282241574 1
0.9020669141898295 1
0.9020874141046107 1
0.9021002336305435 1
0.9021092246495556 1
0.902123204049026 1
0.9021598366544616 1
0.9021618723302011 1
0.9021644121597643 1
0.9021829714924313 1
0.9021910549053603 1
0.902213703683432 1
0.9022281602889172 1
0.9022409798148504 1
0.9022517859989346 1
0.9023010775226018 1
0.9023190547045534 1
0.9023314794492562 1
0.9023386689660577 1
0.9023432625652861 1
0.9024161578932584 1
0.9024207378264552 1
0.9024428006388544 1
0.9024636243536844 1
0.9024951960520453 1
0.9024972717274222 1
0.9025353540429251 1
0.9025463027407851 1
0.902552823256096 1
0.9025871853961561 1
0.9025893597707146 1
0.9025952469033727 1
0.9026046546093268 1
0.9026071944388901 1
0.9026539461329943 1
0.9026839450355684 1
0.9027019222175195 1
0.902719995490288 1
0.9027279096747509 1
0.9027663612570451 1
0.9027896396059828 1
0.9027992859165294 1
0.9028009082889344 1
0.9028292848191033 1
0.9028399080615958 1
0.9028453043222071 1
0.9028873564280958 1
0.9028937515263649 1
0.9028983232198813 1
0.9029067600802724 1
0.9029166586582734 1
0.9029372536666799 1
0.9029386336227059 1
0.9029754491697336 1
0.9030081352246251 1
0.9030251135689187 1
0.9030695909826904 1
0.9030723513229212 1
0.9030759679902041 1
0.9031318849738824 1
0.9031318849738829 1
0.9031578981486125 1
0.9031626304466599 1
0.9031803283662541 1
0.9031837163271134 1
0.9032055268720584 1
0.903211175400124 1
0.9032127382977415 1
0.9032192588130528 1
0.9032208217106705 1
0.9032217986426161 1
0.9032543323326572 1
0.9032635708133145 1
0.9033122763713101 1
0.9033132533032557 1
0.903336162588462 1
0.9033503805925248 1
0.9033640858188289 1
0.9033650846564867 1
0.9033689399251921 1
0.9033724434049241 1
0.9033925656352089 1
0.9033996721161924 1
0.903412674583717 1
0.9034136515156628 1
0.9035005344827856 1
0.9035147524868488 1
0.9035385970490439 1
0.9035508029383986 1
0.9035543976999691 1
0.9035647587768377 1
0.9035729570326364 1
0.9035874355438342 1
0.9036036892236369 1
0.903639501073764 1
0.9036448973343751 1
0.9036634566670425 1
0.903668523044392 1
0.903684542547496 1
0.903693080216442 1
0.9037006351914185 1
0.9037020336663788 1
0.9037048121005349 1
0.9037093640416366 1
0.9037172286023873 1
0.903775433148175 1
0.9037769960457931 1
0.9037802472580707 1
0.9037841025267762 1
0.9038077282367932 1
0.903817352641628 1
0.9038359119742948 1
0.9038579747866942 1
0.9038696748669058 1
0.903891598596231 1
0.9038961702897477 1
0.9039042537026765 1
0.9039046010637561 1
0.9039049684689985 1
0.9039072663103616 1
0.9039188190678189 1
0.9039215062201368 1
0.9039294423103115 1
0.9039484744210999 1
0.9039489652931472 1
0.903960638655498 1
0.9039855798046574 1
0.903986556736603 1
0.9039881196342204 1
0.9039893570764709 1
0.9039992337487601 1
0.9040169586632572 1
0.9040268098211076 1
0.9040545163525942 1
0.9040681248267842 1
0.904075493473391 1
0.9040897114774539 1
0.9041098337077388 1
0.9041167015841292 1
0.9041167015841295 1
0.9041288658185275 1
0.9041493876390209 1
0.9041644302101791 1
0.904197229452621 1
0.9041987704445269 1
0.9042098664651408 1
0.9042520515078251 1
0.9042568837084762 1
0.9042584247003819 1
0.9042604784700466 1
0.9042616978183716 1
0.904269308453179 1
0.9042820504103989 1
0.9042893213108697 1
0.9042916967209454 1
0.9043113109856199 1
0.9043161469980576 1
0.9043171239300033 1
0.9043303650021205 1
0.9043503921387804 1
0.9043540819939763 1
0.9043902797682801 1
0.9044297677604775 1
0.9044378610715758 1
0.9044543803006093 1
0.9044606386502966 1
0.9044624637135382 1
0.9044629545855853 1
0.9044886203992359 1
0.9045041626963239 1
0.9045148492285603 1
0.9045177848836394 1
0.9045329186863722 1
0.9045340566541975 1
0.9045488606207631 1
0.9045656184543894 2
0.9045800969655873 1
0.9045973870521226 1
0.9046194400134466 1
0.9046403371871143 1
0.9046435883993922 1
0.9046705746942812 1
0.9046942004042978 1
0.9047096377566862 1
0.9047144699573372 1
0.9047354085150368 1
0.904757209161812 1
0.9047655547403646 1
0.9047795936146222 1
0.9048016964737531 1
0.9048028840181965 1
0.9048189270855014 1
0.9048253221837704 1
0.9048283347914555 1
0.9048334055966991 1
0.9048540006051059 1
0.9048560543747708 1
0.9048666557115509 1
0.9048740277417654 1
0.9048910279917713 1
0.9048966765198369 1
0.9048982175117426 1
0.9048982394174544 1
0.9049063009246714 1
0.9049063009246716 1
0.9049475090354099 1
0.9049581322779026 1
0.9049741517810058 1
0.9049881311804762 1
0.9050137969941267 1
0.9050374227041438 1
0.9050585085845971 1
0.9050600714822151 1
0.9051182760280027 1
0.9051210264700639 1
0.9051273363728772 1
0.9051499851509486 1
0.9051660046540523 1
0.90516756755167 1
0.905175650964599 1
0.9051992766746159 1
0.9052168371696258 1
0.9052414299134187 1
0.9052696454548018 1
0.905288213411404 1
0.9052907313352554 1
0.9052907313352556 1
0.9052971264335246 1
0.9053092906679225 1
0.9053194278505162 1
0.9053288355564704 1
0.9053303765483762 1
0.9053383345442628 1
0.9053700436672086 1
0.9053796680720434 1
0.905382207901607 1
0.905394146583241 1
0.9053992129605913 1
0.9054232792637638 1
0.9054233011694756 1
0.9054314994252745 1
0.9054337917963619 1
0.9054605213959026 1
0.9054710615994068 1
0.9054862603503716 1
0.9054908320407183 1
0.9054922305188484 1
0.9054922305188486 1
0.9054937934164663 1
0.9055188732644445 1
0.9055283623540675 1
0.9055328526639147 1
0.9055440399663673 1
0.9055514119965821 1
0.905564964810941 1
0.9055780267532529 1
0.9055800904179172 1
0.9055836851794881 1
0.9055846840171458 1
0.9055862250090516 1
0.9056118809245324 1
0.9056118908227018 1
0.9056179341319971 1
0.9056275804425441 1
0.9056499950439166 1
0.9056629975114414 1
0.9056738593585264 1
0.9056987044168685 1
0.9057107261374908 1
0.9057138519327266 1
0.9057343518475081 1
0.905758702222016 1
0.9057648132489494 1
0.9057666383121908 1
0.9057863998996194 1
0.9058022027038425 1
0.9058089706776292 1
0.9058324402110088 1
0.9058972740317647 1
0.9059068984365993 1
0.9059093469843239 1
0.9059429488881493 1
0.9059551131225474 1
0.905964832573913 1
0.905966813202759 1
0.9059675515301118 1
0.9059681374957843 1
0.9059968121053328 1
0.9059992688959081 1
0.906018991917069 1
0.90602620529299 1
0.906066698637407 1
0.9060806999425891 1
0.9060867257740665 1
0.9060873117397388 1
0.906099237369544 1
0.906104308174788 1
0.9061073207824731 1
0.906109860612036 1
0.906115769650407 1
0.9061309464924899 1
0.9061547872428988 1
0.9061596430077509 1
0.9061675790979257 1
0.9061756625108545 1
0.9061840932848628 1
0.9062077746578805 1
0.9062084118554897 1
0.906216870621593 1
0.9062190669018635 1
0.9062340181943527 1
0.9062343617404758 1
0.906234361740476 1
0.9062459144979332 1
0.9062501426421568 1
0.9062565158347138 1
0.9062645992476428 1
0.906271943288932 1
0.906285194256049 1
0.9062882249576595 1
0.9062994122601121 1
0.9063058073583808 1
0.9063118506676766 1
0.9063164306008733 1
0.9063278701707804 1
0.906368212056297 1
0.9063733064257421 1
0.9063771616944473 1
0.9063893259288459 1
0.9063951070725176 1
0.9064104118092993 1
0.9064119747069173 1
0.9064129516388627 1
0.9064223593448166 1
0.9064744293026402 1
0.9064795869586589 1
0.9064843059749292 1
0.906486693439642 1
0.9064874082059642 1
0.9065034512732685 1
0.9065121899777323 1
0.9065413032270291 1
0.9065525041923435 1
0.906559115989493 1
0.9065837186314554 1
0.9065997381345593 1
0.9066030112525489 1
0.9066109254370117 1
0.9066187921510597 1
0.9066580938180577 1
0.9066726553682436 1
0.9066886748713472 1
0.9067113236494186 1
0.906732780746901 1
0.9067405062245781 1
0.9067430327723646 1
0.9067631330969373 1
0.9067770294574194 1
0.9067776116081353 1
0.9067948422198832 1
0.9068134015525504 1
0.9068184761695807 1
0.906823047863097 1
0.9068403003805572 1
0.9068540236976166 1
0.9068603908069606 1
0.9068806384542877 1
0.9068901740549401 1
0.9069081512368917 1
0.9069213884940526 1
0.9069244011017377 1
0.9069244011017378 1
0.9069356103099022 1
0.9069414013517435 1
0.906941983502459 1
0.9069576731223014 1
0.9069762324549686 1
0.9069874098592514 1
0.9070149007361433 1
0.907015877668089 1
0.9070174405657072 1
0.9070270550723722 1
0.9070355138384756 1
0.9070511897922863 1
0.9070555228812097 1
0.9071018017971921 1
0.907104814404877 1
0.9071063553967827 1
0.9071450455836702 1
0.9071456471624413 1
0.9072158139540641 1
0.9072158139540645 1
0.9072333963547856 1
0.9072589342737375 1
0.9072592778230305 1
0.907268209367255 1
0.9072978866294185 1
0.907307854580376 1
0.9073078764860881 1
0.9073088315123217 1
0.9073242688647096 1
0.907328124133415 1
0.9073555832064258 1
0.9073639359835423 1
0.907378736138321 1
0.9073817487460061 1
0.9073833116436235 1
0.9073865611974125 1
0.907387456748859 1
0.9073883824488678 1
0.9073893593808131 1
0.907394759453211 1
0.9073977682491098 1
0.907408955551562 1
0.907411485482956 1
0.9074295686538939 1
0.9074413794408298 1
0.9074470597727771 1
0.9074476931585994 1
0.9074798371095071 1
0.9074882678835153 1
0.9075073180882296 1
0.907513109130071 1
0.9075390272111755 1
0.9075395132710742 1
0.9076002443646484 1
0.9076304818718149 1
0.9076716899825535 1
0.9076797733954823 1
0.907690743999054 1
0.9077013453358345 1
0.9077033991054994 1
0.9077083263997756 1
0.907712554543999 1
0.9077146083136638 1
0.9077209815062206 1
0.9077303892121747 1
0.9077430443186201 1
0.9077446666910253 1
0.9077504577328664 1
0.9077516770811911 1
0.9077606267193414 1
0.9077893270463889 1
0.9077928219021859 1
0.9078108951749546 1
0.9078127479091019 1
0.9078441671955182 1
0.9078457081874239 1
0.9078601866986218 2
0.907863199306307 1
0.907882249511021 1
0.9078853534005448 1
0.9078917484988135 1
0.907892725430759 1
0.9078934368134733 1
0.9079234576217597 1
0.907934644924212 1
0.9079452681667043 1
0.9079567672113985 1
0.9079571937965096 1
0.907964665732498 1
0.9079662067244039 1
0.9079662286301158 1
0.9079917812562155 1
0.9079922673192843 1
0.9079927581881612 1
0.9079928494699999 1
0.9079963529497317 1
0.9080043109456187 1
0.9080051829328641 1
0.9080139353504536 1
0.9080324946831202 1
0.9080329893669541 1
0.9080481843029626 1
0.9080499539981222 1
0.9080499858020034 1
0.9080515486996209 1
0.9080642038060663 1
0.9080827631387333 1
0.9080932476824066 1
0.9080990168185358 1
0.9081038490191871 1
0.9081080990691224 1
0.9081094014564357 1
0.9081268690142873 1
0.908126983857157 1
0.9081355581421329 1
0.9081889304872697 1
0.9081904933848874 1
0.9082107311340449 1
0.908214357696327 1
0.9082173883979376 1
0.9082173883979379 1
0.9082284926614018 1
0.9082285757003902 1
0.9082349707986591 1
0.908238222010937 1
0.9082446171092056 1
0.9082446171092058 1
0.908246327329578 1
0.9082636492199945 1
0.9082657029896595 1
0.9082826994247086 1
0.9083063251347256 1
0.9083070497992171 1
0.9083239075354471 1
0.9083296667734069 1
0.9083390744793611 1
0.9083501787428251 1
0.9083762116667995 1
0.9083985130837915 1
0.9084074261059117 1
0.9084089890035295 1
0.9084186035101952 1
0.9084211433397583 1
0.9084300748839833 1
0.9084376855187903 1
0.9084460943870869 1
0.9084470713190324 1
0.9084534483265458 1
0.9084582805271971 1
0.9084639105331584 1
0.9084793664076506 1
0.9084797376246795 1
0.9084806671364747 1
0.9084864543665294 1
0.9084963628427001 1
0.9084989026722633 1
0.9084989026722634 1
0.9085019152799483 1
0.9085176726174282 1
0.9085215514503348 1
0.908538547885384 1
0.9085611966634554 2
0.908569280076384 2
0.9085708429740019 1
0.9085723839659081 1
0.9085751804908196 1
0.9086008418765761 1
0.9086089252895049 1
0.908608925289505 1
0.9086104881871228 1
0.9086311012894548 1
0.9086526513240948 1
0.9086680056374946 1
0.9086737591102605 1
0.9086897786133641 1
0.9086901498303926 1
0.908698930240077 1
0.9087029197797076 1
0.9087100481664032 1
0.9087125660902544 1
0.9087125660902545 1
0.9087164213589601 1
0.908744127890446 1
0.9087522113033752 1
0.9087577767924525 1
0.9087796922820978 1
0.9087936580187065 1
0.9087989629974791 1
0.9088114926868822 1
0.9088129423969492 1
0.9088154822265128 1
0.9088205530317566 1
0.9088251285370594 1
0.9088251285370597 1
0.9088345126819827 1
0.9089014063556159 1
0.9089262295082459 1
0.9089430872444758 1
0.9089440641764216 1
0.908961646577143 1
0.9090042175471738 1
0.9090154185124879 1
0.9090436241557021 1
0.9090742090239481 1
0.9090784371681713 1
0.9090822924368769 1
0.909083507973415 1
0.9090863732583458 1
0.9090929156793692 1
0.9091041029818219 1
0.9091087560558374 1
0.9091135068759891 2
0.909116779993979 1
0.9091219376499976 1
0.9091235005476154 1
0.9091268805605428 1
0.9091340919862266 1
0.9091341018843957 1
0.9091393288662766 1
0.9091462880245059 1
0.9091641226926818 1
0.909174724029462 1
0.9091864241096735 1
0.9091897885063318 1
0.9092070191180802 1
0.909216665428627 1
0.9092282656030648 1
0.9092530594294698 1
0.9092642467319224 1
0.9092706612582466 1
0.9092715650525435 1
0.9092769018383674 1
0.9092989865564785 1
0.9093007880555194 1
0.9093129522899175 1
0.9093150060595822 1
0.9093295714247246 1
0.9093335653922494 1
0.9093365779999344 1
0.9093381408975525 1
0.9093995867574486 1
0.9094016504252828 1
0.9094049197283159 1
0.9094176699283864 1
0.909418646860332 1
0.9094255147367224 1
0.909447325281667 1
0.9094476688309601 1
0.9094519188808955 1
0.909457315141507 1
0.9094621473421577 1
0.909466722847461 1
0.9094672137195079 1
0.909477584694546 1
0.909499647506945 1
0.9095025127918761 1
0.9095176841636838 1
0.9095205860646448 1
0.9095233326917496 1
0.90952483611458 1
0.9095392927200657 1
0.9095418325496294 1
0.909559154440046 1
0.9095602312777652 1
0.909568314690694 1
0.9095683146906943 1
0.9095799781548757 1
0.9095850527719063 1
0.9095995329415928 1
0.9096095228014326 1
0.9096095228014327 1
0.9096104997333783 1
0.9096217089415428 1
0.9096425606452974 1
0.9096437717539421 1
0.9096719554914436 1
0.9096891844447029 1
0.9096894466103265 1
0.909699436470166 1
0.9097179958028334 1
0.9097290918234474 1
0.9097342494826358 1
0.9097390816832871 1
0.9097606536236391 1
0.9097639031774278 1
0.9097672873265007 1
0.9097765818480741 1
0.9097837796077259 1
0.9097845179382488 1
0.9097883732069542 1
0.909792362746585 1
0.9097964435680541 1
0.9098099451473065 1
0.9098165569444561 1
0.9098295813176931 1
0.9098307787603058 1
0.9098386416625673 1
0.9098457350917216 1
0.9098482879731139 1
0.9098546611656708 1
0.909871891777419 1
0.9098744316069822 2
0.9098798278675939 1
0.909885640815147 1
0.9098988818840946 1
0.9099130998881576 1
0.9099130998881577 1
0.9099475676928449 1
0.9099511822036602 1
0.909952745101278 1
0.9099527451012781 1
0.9099527451012783 1
0.9099713044339451 1
0.9099858697990875 1
0.9099882134021123 1
0.9100030135568912 1
0.9100426587700118 2
0.9100644594167869 1
0.9100733909610119 1
0.9100749538586299 1
0.9100808542730653 1
0.9100813270511869 1
0.910086293522763 1
0.910092927225625 1
0.9100934912855853 1
0.910115576003696 1
0.9101315955067997 1
0.9101368638727123 1
0.9101437597411979 1
0.9101461608719424 1
0.9101628137576987 1
0.9101633046297458 1
0.9101671232855911 1
0.9101737805494841 1
0.9101834268600304 1
0.9101948664299375 1
0.9102124488306589 1
0.9102220951412053 1
0.9102263232854293 1
0.910242595055987 1
0.9102563221880027 1
0.9102563221880032 1
0.9102642582781777 1
0.9102748815206703 1
0.9102853660643433 1
0.9102869070562489 1
0.9103056137116701 1
0.9103326038183457 1
0.9103387384094802 1
0.9103467999166968 1
0.9103531950149655 1
0.9103535897961957 1
0.9103825287278358 1
0.91038443135979 1
0.9103937061289489 1
0.9104257686993573 1
0.9104467253509823 1
0.9104481750610492 1
0.9104481750610494 1
0.9104491519929949 1
0.9104496330139671 1
0.9104651517468538 1
0.9104752208307255 1
0.9104863705641028 1
0.9104990294823345 1
0.910536034960118 1
0.9105371117978374 1
0.9105448687613766 1
0.9105478263221686 1
0.9105492979379474 1
0.9105526585228192 1
0.9105577249001694 1
0.9105614621723455 1
0.9105807229895576 1
0.9105868893814035 1
0.9106191806582351 1
0.910627025466571 2
0.9106301293560947 1
0.9106361770932843 1
0.9106508897811807 1
0.9106542322721274 1
0.9106567721016907 1
0.9106773852040226 1
0.9106773852040227 1
0.9106778579821443 1
0.9106794208797622 1
0.9106884812246363 1
0.9107103136752934 1
0.9107175251009768 1
0.9107187406375152 1
0.9107296893353749 1
0.9107306662673205 1
0.91073174310504 1
0.9107487395400894 1
0.9107677716508779 1
0.9107757296467645 1
0.9107820115606529 1
0.9107865914938494 1
0.9107883847532098 1
0.9107995720556623 1
0.9108030974411065 1
0.9108040864276892 1
0.9108196030041085 1
0.9108746855696173 1
0.9108825898559104 1
0.910884414919152 1
0.9108925202377931 1
0.9108950381616444 1
0.9109387991537755 1
0.9109481849540173 1
0.9109560100131088 1
0.910957831264564 1
0.9109736121662446 1
0.9109789171450177 1
0.9109829979664869 1
0.9109898839368029 1
0.9110020481712009 1
0.9110036110688188 1
0.9110353201917647 1
0.9110386845884233 1
0.9110454306564979 1
0.9110513396948684 1
0.911059005376569 1
0.9110734025072675 1
0.9110829014950604 1
0.9110844643926778 1
0.9111016081504815 1
0.9111125568483409 1
0.9111128173586459 1
0.9111181223374187 1
0.9111639021416735 1
0.9111728151637938 1
0.9111921077848874 1
0.911198480977444 1
0.9112035473547941 1
0.9112040334146926 1
0.9112060871843576 1
0.91121727448681 1
0.9112205437898433 1
0.9112235563975283 1
0.911225119295146 1
0.9112517620407422 1
0.9112596068522484 1
0.9112614083512889 1
0.9112657414402124 1
0.9112753877507592 1
0.9113331062366484 1
0.9113643244875472 1
0.9113658654794529 1
0.911380343990651 1
0.9113823977603155 1
0.9113864785817851 1
0.9113976877899497 1
0.9114181877047309 1
0.9114216033364961 1
0.9114453945102869 1
0.9114454164159993 1
0.9114690421260164 1
0.9114918296029066 1
0.9114924117536224 1
0.9114929064374561 1
0.9114965011990266 1
0.9114972258635181 1
0.911514478380978 1
0.9115167707520655 1
0.911520113243012 1
0.9115353300847324 1
0.9115467696546398 1
0.9115483325522575 1
0.9115564159651862 1
0.911557956957092 1
0.9115604967866555 1
0.911564352055361 2
0.9115643520553611 1
0.9115859239957135 1
0.9116001419997761 1
0.9116095497057302 1
0.9116255692088339 1
0.9116285999104444 1
0.9116295351874335 1
0.9116542657240946 1
0.9116542657240947 1
0.9116615878596722 1
0.9116900556685097 1
0.9116954738348332 1
0.9116969235449004 1
0.9117050982396679 1
0.9117194488561668 1
0.9117287239496846 1
0.9117383702602317 1
0.9117393471921773 1
0.9117527208767308 1
0.911755366695281 1
0.9117611478389526 1
0.9117668281708997 1
0.9117789924052978 1
0.911817660686473 1
0.91182138806048 1
0.91184128639649 1
0.9118519096389822 1
0.9118561377832057 1
0.911859845729157 1
0.9118599930519109 1
0.9118809316096106 1
0.9118816463759323 1
0.9118834714391738 1
0.9118931177497207 1
0.9118981704610392 1
0.9119021780945953 1
0.9119108474731965 1
0.9119172206657534 1
0.9119294068058634 1
0.9119305943503069 1
0.9119514696182627 1
0.9119529275711803 1
0.9119578428108196 1
0.9119708452783442 1
0.911980491588891 1
0.9119909357047478 1
0.9119911148313831 1
0.9119990509215579 1
0.9120216996996295 1
0.9120417087423637 1
0.912069428325679 1
0.9120724005055477 1
0.9120914911380783 1
0.9120930540356962 1
0.9121115914626511 1
0.9121254878231335 1
0.9121270189168698 1
0.912144863483215 1
0.9121455782495367 1
0.9121466649822554 1
0.9121618599182639 1
0.9121643997478275 1
0.9121735599984757 1
0.9121875988727334 1
0.912195956505923 1
0.9122329838925884 1
0.9122401953182717 1
0.912254069773042 1
0.9122744223650691 1
0.9122894649362273 1
0.9122924956378377 1
0.9123016510763374 1
0.9123053784503441 1
0.9123140675781899 1
0.9123275691574421 1
0.9123306730469656 1
0.9123337037485761 1
0.9123337037485763 1
0.9123416080316994 1
0.9123649219994752 1
0.9123769713910032 1
0.9123792507102619 1
0.9123818866306429 1
0.9123978466589594 1
0.9124045672125957 1
0.9124045672125958 1
0.9124126506255246 1
0.9124151685493759 1
0.9124251803149277 1
0.9124317008302387 1
0.9124433642944205 1
0.9124532727705909 1
0.9124713460433594 1
0.9124744499328828 1
0.9124850731753753 1
0.9124960218732352 1
0.9125056681837818 1
0.9125089413017716 1
0.9125247183884959 1
0.912524718388496 1
0.9125311134867647 1
0.9125341260944501 1
0.9125412325754333 1
0.9125579904090598 1
0.9125673762093015 1
0.9125673762093016 1
0.9125775133918955 1
0.9125861741465614 1
0.9125870123796881 1
0.9125873022162176 1
0.9125885752773057 1
0.9125899015205684 1
0.9126019451469031 1
0.9126072600270149 1
0.9126176446649147 1
0.912623062831238 1
0.9126588527756531 1
0.9126899879907338 1
0.9126984979887736 1
0.9127035687940176 1
0.9127056044697568 1
0.912724163802424 1
0.9127302071117198 1
0.9127383818064871 1
0.9127452496828777 1
0.9127471837975243 1
0.9127556107597461 1
0.9127668397171551 1
0.9127674256828275 1
0.9127780270196078 1
0.9127844221178768 1
0.9127945412065449 1
0.9128112990401717 1
0.9128137558307468 1
0.9128191438485076 1
0.9128273404489871 1
0.9128488904836273 1
0.9128492559386323 1
0.912850944253292 1
0.9128509442532922 1
0.9128669637563961 1
0.9128669856621078 1
0.9128706911304028 1
0.9128743039827292 1
0.9129002357769593 1
0.9129029229292773 1
0.9129172322120087 1
0.9129260577672471 1
0.9129317975771514 1
0.9129326914701089 1
0.9129398809900803 1
0.9129795262032009 2
0.9130020750754985 1
0.9130191714163215 1
0.9130297946588137 1
0.9130313356507196 1
0.9130377307489888 1
0.9130503896672204 1
0.9130516052037588 1
0.913051857471213 1
0.9130610129097125 1
0.9130704168038801 1
0.9130706274163779 1
0.913079086182481 1
0.9130928133144972 1
0.9130930655819516 1
0.9130996811908877 1
0.9131042747901158 1
0.9131090850850554 1
0.9131148761268965 1
0.9131197083275474 1
0.9131202723875076 1
0.9131260853350608 1
0.9131317338631267 1
0.9131372907282693 1
0.9131545213400171 1
0.9131599176006283 1
0.9131599176006284 1
0.9131617922404878 1
0.9131820023187395 1
0.9131916267235742 1
0.9132165811545101 1
0.9132338117662584 1
0.9132392299325817 1
0.9132402068645271 1
0.9132434580768052 1
0.9132498312693619 1
0.9132688852858628 1
0.9132750198769968 1
0.9132774448636907 1
0.9132831032899257 1
0.9132831032899259 1
0.9132846661875437 1
0.9132879354905766 1
0.9132995175742592 1
0.9133227485030464 1
0.9133237254349921 1
0.9133383502749219 1
0.9133463742130634 1
0.9133560205236101 1
0.913356735289932 1
0.9133578220226507 1
0.9133587989545966 1
0.9133623937161671 1
0.9133957252115182 1
0.9134045787588512 1
0.9134062889792232 1
0.913407829971129 1
0.91341322623174 1
0.9134142250693977 1
0.9134477356913843 1
0.9134508576748337 1
0.9134513304529551 1
0.9134548472144641 1
0.9134634946873531 1
0.9134635165930652 2
0.913469889785622 1
0.9134795360961689 1
0.9134825667977793 1
0.913487142303082 1
0.9134871423030824 1
0.9134889438021229 1
0.9134935154956392 1
0.9135047027980916 1
0.9135252246185851 1
0.913532495519056 1
0.9135628160620409 1
0.9135643789596584 1
0.9135824522324271 1
0.9135824522324273 1
0.9136022821485261 1
0.9136141613553732 1
0.9136263255897713 1
0.9136327206880401 1
0.9136452004796365 1
0.9136538065684937 1
0.9136553694661116 1
0.9136565850026501 1
0.9136578873899629 1
0.9136634528790404 1
0.9136649938709464 1
0.9136929609095672 1
0.9137071789136303 1
0.9137152623265594 1
0.9137165866195843 1
0.9137388880365762 1
0.913740450934194 1
0.913746824126751 1
0.9137468241267512 1
0.9137510522709743 1
0.9137549075396801 1
0.9137704874058434 1
0.913775520642012 1
0.9137945527528005 1
0.9137961156504184 1
0.9137970925823639 2
0.9138461219404076 1
0.913856373965871 1
0.9138639347028716 1
0.9138674699864849 1
0.9138681847528067 1
0.9138690328841027 1
0.9138803489872049 1
0.9138830167114671 1
0.913888083088817 1
0.9138892805314298 1
0.9138972166216047 1
0.9138975820766094 1
0.913909893633762 1
0.9139256745322727 1
0.9139273847526448 1
0.9139329966678502 1
0.9139353208428195 1
0.913936297774765 1
0.9139368618347251 1
0.9139375171262598 1
0.91393751712626 1
0.9139559120394393 1
0.9139589465528364 1
0.9139931735996337 1
0.9139985917659571 1
0.9140300486214485 1
0.9140341195447483 1
0.9140382369790774 1
0.9140397998766955 1
0.9140468064519053 1
0.9140478613839126 1
0.9140504012134758 1
0.9140684744862443 1
0.9140700373838624 1
0.9140875285027452 1
0.914089069494651 1
0.9140900464265964 1
0.9140924714132903 1
0.9141203058394752 1
0.9141695973631427 1
0.9141762266381103 1
0.9141799600953303 1
0.9141815229929482 1
0.9141886294739311 1
0.9142035858053471 1
0.9142040668263194 1
0.9142092206705513 1
0.9142092425762632 1
0.9142201594702419 1
0.9142298375846696 1
0.9142313053886625 1
0.9142328682862803 1
0.9142379209975988 1
0.914247324891766 1
0.914248887789384 1
0.9142503374994512 1
0.9142546788312248 1
0.9142721699501078 1
0.9142801060402829 1
0.9142885330025047 1
0.9143037098445879 1
0.914311531091893 1
0.9143121587125215 1
0.9143121587125216 1
0.9143181883557854 1
0.9143217831173565 1
0.914323346014974 1
0.9143300309497725 1
0.9143339692574664 1
0.9143351568019098 1
0.9143433550577085 1
0.9143537161345769 1
0.9143578335689064 1
0.9143736144705872 1
0.9143748338189118 1
0.9143896339736907 1
0.9144010954493096 1
0.9144132596837075 1
0.9144169870577147 1
0.9144282109730271 1
0.9144529048968285 1
0.9144649860922383 1
0.9144676770595125 1
0.9144703960157113 1
0.9144774877895465 1
0.9144825602501093 1
0.9144828207604142 1
0.9144846140197742 1
0.91452220546323 1
0.9145240069654408 1
0.9145242592328949 1
0.9145334146713947 1
0.9145354684410596 1
0.9145455690076233 1
0.9145580173133574 1
0.9145654673436334 1
0.9145688791604424 1
0.9145709924048946 1
0.9145735507565622 1
0.9145921100892294 1
0.9145921100892295 1
0.9146051720315413 1
0.914611142200018 1
0.9146111422000182 1
0.9146147588673008 1
0.914614758867301 1
0.9146157357992465 1
0.9146207885105647 1
0.9146207885105649 1
0.9146253602040811 1
0.9146269231016988 1
0.9146310901126462 1
0.91463175530235 1
0.9146383845773177 1
0.9146423785448425 1
0.9146553810123669 1
0.914655381012367 1
0.9146553810123672 1
0.9146591182845434 1
0.9146591182845435 1
0.9146650054172016 1
0.9146667009272555 1
0.9146746517277486 1
0.9146810468260175 1
0.91468535635074 1
0.9146856223313203 1
0.9146881303570024 1
0.9147046725360343 1
0.9147046725360345 1
0.9147046725360346 1
0.9147219626225698 1
0.9147245024521332 1
0.914726483080979 1
0.9147412870475446 1
0.9147564819835532 1
0.9147581922039251 1
0.9147767515365923 1
0.9147791307616246 1
0.9147836194129826 1
0.9147951502647286 1
0.9148057735072207 1
0.9148151812131746 1
0.9148248056180092 2
0.9148278363196198 1
0.9148293992172376 1
0.9148860446803639 1
0.9148887913074688 1
0.9148956871759544 2
0.9149041179499625 1
0.9149085105136736 1
0.9149086896434789 2
0.9149183359540257 1
0.9149264193669546 1
0.9149289591965178 1
0.9149399078943777 1
0.9149449786996218 1
0.9149477291416828 1
0.9149564182695287 1
0.9149579811671461 1
0.9149595440647641 1
0.914967627477693 1
0.9149686044096386 1
0.9149730930641666 1
0.9149740006702497 1
0.9149749776021956 1
0.9149878970307322 1
0.9149976263802668 1
0.9149976263802669 2
0.914997626380267 1
0.9150000612651304 1
0.9150015923588665 1
0.915005709793196 1
0.9150469179039341 1
0.9150476326702562 1
0.915049457733498 1
0.9150639143389836 1
0.9150687284488793 1
0.9150751016414358 1
0.9150822070781329 1
0.9150875400490005 1
0.9150875400490007 1
0.9151081350574073 1
0.9151132058626511 1
0.915116218470336 1
0.9151292985065735 1
0.915131999372017 1
0.915155390905335 1
0.915164433159454 1
0.9151700816875195 1
0.9151716445851378 1
0.9151734460841784 1
0.9151764767857887 1
0.9151886410201869 1
0.9151929543598659 1
0.9152085889328149 1
0.915211289798258 1
0.9152122667302036 1
0.9152331222489152 1
0.9152534748409422 1
0.9152590184243077 1
0.9152605813219253 1
0.9152630992457769 1
0.915263099245777 1
0.9152775777569748 1
0.9152775777569749 2
0.9152930151093627 1
0.9153027663646098 1
0.9153037432965552 1
0.9153248291770087 1
0.9153362769865963 1
0.9153408486801125 1
0.9153520578882773 1
0.9153530129145104 1
0.915358431080834 2
0.9153609391065161 1
0.9153690543233263 1
0.9153707645436981 1
0.915371108092991 1
0.9153844598718327 1
0.9153997865143267 1
0.9154107533061119 1
0.9154297854169008 1
0.9154313483145183 1
0.9154313483145186 1
0.915432325246464 1
0.9154394317274474 1
0.9154404086593929 1
0.9154419715570107 1
0.9154437412521701 1
0.915446199701234 1
0.9154483447495676 1
0.9154709935276388 1
0.915470993527639 1
0.9154719704595845 1
0.9154764591141128 1
0.9154912411749659 1
0.9155011397529671 1
0.915514866884983 1
0.9155148668849832 1
0.915519699085634 1
0.9155202850513064 1
0.9155423478637057 1
0.9155447827485687 1
0.9155514994904186 1
0.9155519941742523 1
0.9155545120981036 1
0.9155578945886877 1
0.9155642397891497 1
0.9155705316012073 1
0.9155730714307707 1
0.9155817408093719 1
0.9155859590554257 1
0.9155941573112243 3
0.915608635822422 1
0.915618282132969 1
0.915624416724103 1
0.9156556130692899 1
0.9156620081675587 1
0.9156758727241596 1
0.9156830940480124 1
0.9156840709799581 1
0.9156952582824104 1
0.9157149675904459 1
0.915724302158751 1
0.9157569882136423 1
0.9157605912148935 1
0.9157755475463094 1
0.9157766243840288 1
0.9157842169249105 1
0.9157905901174676 1
0.9157951837166959 1
0.915796633426763 1
0.9158032671296249 1
0.9158139536618609 1
0.9158142158274846 1
0.9158184439717076 1
0.9158187044820124 1
0.9158222992404131 1
0.9158238303341499 1
0.9158365172444763 1
0.9158487033845866 1
0.9158583496951335 1
0.9158819754051503 1
0.9158893888193966 1
0.9158992972955672 1
0.9159056923938358 1
0.9159137758067648 1
0.9159295567084456 1
0.9159376401213746 1
0.9159470259216165 1
0.9159585786790739 1
0.9159664829621974 1
0.9159866711347372 1
0.9160072842370691 1
0.9160072842370692 1
0.9160169305476158 1
0.9160288561774214 1
0.916038502487968 1
0.9160423577566735 1
0.916044875680525 1
0.9160464067742615 1
0.9160484923478078 1
0.9160524583264075 1
0.9160581386583542 1
0.9160581386583543 1
0.9160687399951347 1
0.9160690873562142 1
0.9160781477010886 1
0.9160916492803409 1
0.9161020120156984 1
0.9161020120156985 1
0.9161177929142093 1
0.9161374290845957 1
0.9161480523270881 1
0.916159491896995 1
0.9161670844378764 1
0.9161670844378769 2
0.916167084437877 1
0.9161831039409803 1
0.9161861346425908 1
0.9161973219450432 1
0.9161988629369491 1
0.9161988848426613 1
0.9162067296509975 1
0.9162067296509976 1
0.9162106956295969 1
0.9162273427533294 1
0.9162369671581639 1
0.9162400016715613 1
0.9162419081184722 1
0.9162443391883787 1
0.916246374864118 1
0.9162605928681807 1
0.916260592868181 1
0.9162621557657986 1
0.9162702391787279 1
0.9162875829748568 1
0.916292301991127 1
0.9162996323663849 1
0.9163098843918486 1
0.9163178204820235 1
0.9163257979059654 1
0.9163314563322004 1
0.9163417579342817 1
0.916342079574693 1
0.9163441333443578 1
0.9163495296049692 1
0.9163505065369146 1
0.9163520694345325 1
0.9163589373109231 1
0.9163697991580082 1
0.9163726644429392 1
0.9163891748180898 1
0.9163894865603315 1
0.9163907377157077 1
0.9163907377157078 1
0.9163997980605822 1
0.9164107467584417 1
0.9164346110730517 1
0.9164410061713205 1
0.9164410061713206 1
0.9164580026063698 1
0.9164600382821091 1
0.9164722025165074 1
0.9164742562861724 1
0.9164790884868234 3
0.9164806513844413 1
0.9165017372648948 1
0.9165027141968405 1
0.9165123605073869 1
0.9165134007290764 1
0.9165197739216333 1
0.916520296597562 2
0.9165212735295074 1
0.9165309198400542 1
0.9165309198400543 1
0.9165321073844978 1
0.916549951950843 1
0.9165532250688329 1
0.9165656498135355 1
0.9165753791630703 1
0.9165811702049114 1
0.9165913986661742 1
0.9165923755981196 1
0.9165932138312465 1
0.9166012972441752 1
0.91660923333435 1
0.9166102102662955 2
0.916621397568748 1
0.9166310438792945 1
0.9166331488808965 1
0.9166504414450882 1
0.9166507312816181 1
0.9166513134323339 1
0.916665292831804 1
0.9166691481005097 1
0.9166764702360873 1
0.9166846684918856 1
0.9166846684918858 1
0.9166943148024326 1
0.9167000959461044 1
0.9167023982153615 1
0.9167103343055362 1
0.9167113112374817 1
0.9167267386917 1
0.9167323971179353 1
0.9167400115645292 1
0.9167451692237176 1
0.9167736052286736 1
0.9167736052286738 1
0.9167751681262912 1
0.916779134104891 1
0.9167832515392205 1
0.9167842284711659 1
0.916784228471166 1
0.9167874796834439 1
0.9168002479742695 1
0.9168032605819547 1
0.9168053143516195 1
0.9168156754284883 1
0.9168228967523411 2
0.9168228967523412 1
0.916834496926779 1
0.9168589472038908 1
0.9168625419654617 2
0.9168650817950256 1
0.9168693099392486 1
0.9169005281901472 1
0.9169046952042647 1
0.9169064153228059 1
0.9169122047061579 1
0.9169201643605338 1
0.9169354591991463 1
0.916936436131092 1
0.9169383483400263 1
0.9169385493755439 1
0.9169524556341955 1
0.9169582466760366 1
0.9169695608289012 1
0.9169760813442125 1
0.9169857276547592 2
0.9169872905523768 1
0.9169915186966002 1
0.9169953520595938 1
0.9170017471578629 1
0.9170033100554804 1
0.9170075381997042 1
0.9170139332979726 1
0.9170253728678799 1
0.9170375371022779 2
0.9170471834128245 1
0.9170535566053816 1
0.9170650180810004 1
0.9170665809786182 1
0.917086828625945 1
0.9171088914383446 1
0.9171143096046679 1
0.9171158505965735 1
0.9171165058881084 1
0.9171168275285194 1
0.9171274507710117 1
0.917131306039717 1
0.9171322648809068 1
0.9171404532385361 1
0.9171485366514651 1
0.9171500995490831 1
0.9171659399255512 1
0.9171661190521868 1
0.9171670959841323 1
0.9171773282603511 1
0.91717949273674 1
0.9171821385552903 1
0.9171843567444427 1
0.9171993910727505 1
0.9172163875077994 1
0.9172550557889748 1
0.9172560327209202 1
0.9172566186865925 1
0.9172566186865926 1
0.9172575956185383 1
0.917258086490585 1
0.9172771186013737 1
0.9172796584309372 1
0.9172798009447126 1
0.9172905835677656 1
0.9172908457333898 1
0.9172933855629534 1
0.9173259373469196 1
0.9173289499546046 1
0.9173314678784559 1
0.9173368860447795 1
0.9173449694577082 1
0.9173475092872718 1
0.9173507604995496 1
0.9173619379038327 1
0.9173685951677253 1
0.917370136159631 1
0.9173711130915766 1
0.9173713736018816 1
0.9173804972364994 1
0.9173878877888186 1
0.9173961967545112 1
0.9174128715491497 1
0.9174194276832986 1
0.9174447450915829 1
0.917459072896419 1
0.9174590728964191 2
0.9174600498283647 1
0.917468741112678 1
0.9174776004252047 1
0.9174994328758618 1
0.9175390780889824 1
0.9175478485973274 1
0.9175489865651525 1
0.9175489865651527 2
0.9175489865651528 1
0.9175526032324356 1
0.9175526627072227 1
0.9175695996674846 1
0.9175714524016321 1
0.917572006560253 1
0.9175726122751696 1
0.9175735656460843 1
0.9175792459780315 1
0.9175822585857165 1
0.9175982780888201 1
0.9175982780888202 1
0.9175982780888203 1
0.9176013087904306 1
0.9176016937205855 1
0.9176125774733825 1
0.9176140589905009 1
0.9176219037988372 1
0.9176295144336444 1
0.9176394861995584 1
0.9176427593175487 1
0.917652141306004 1
0.9176585364042729 1
0.917658536404273 1
0.9176600993018905 1
0.9176631119095756 2
0.9176683169857445 1
0.9176737351520678 1
0.9176739737566605 1
0.9176791314126791 1
0.917684596999153 1
0.9176917865191244 1
0.9176933494167423 1
0.917700721446957 1
0.9177088048598858 1
0.9177103458517913 1
0.9177108405356251 1
0.9177133584594768 1
0.9177184511704323 1
0.9177298907403394 1
0.9177356817821805 1
0.9177390461788387 1
0.9177503066221105 1
0.9177520486463635 1
0.9177606181223612 1
0.917769045081413 1
0.9177700220133587 1
0.9177748361232542 1
0.9177832630854761 1
0.9177865362034657 1
0.9177993044942915 1
0.9178023171019767 1
0.9178048350258281 1
0.9178149722084218 1
0.917814972208422 1
0.9178205328885207 1
0.9178341175067611 1
0.9178365441487739 1
0.9178390604173061 1
0.9178444802389487 2
0.9178541265494955 1
0.9178543870598003 1
0.9178546174215424 1
0.9178721998222641 2
0.9178828230647562 3
0.9178828230647565 1
0.9178942626346631 2
0.9178942626346632 1
0.9178958255322811 1
0.9179043950051086 1
0.9179254808855619 1
0.9179405234567202 1
0.9179557402984407 1
0.9179572812903465 1
0.9179572812903466 1
0.9179632415606538 1
0.9179651260986826 1
0.9179666889963005 1
0.9179827084994042 1
0.9179847622690691 2
0.9179857392010148 1
0.9180017587041184 1
0.9180063342094215 1
0.9180073111413668 1
0.918008387979086 1
0.9180109653777246 1
0.9180182728910554 1
0.9180253844141353 1
0.9180259703798076 1
0.9180301985240308 1
0.9180350307246821 2
0.9180365717165878 1
0.9180459794225416 1
0.9180487578566979 1
0.9180656155929284 1
0.9180677800693171 1
0.9180716452361923 1
0.9180746759378028 1
0.9180746759378029 1
0.9180858632402551 1
0.9180957618182564 1
0.918111290449313 1
0.918117572363201 1
0.9181201121927645 1
0.9181255084533758 1
0.9181264853853213 1
0.9181429995722588 1
0.918159757405885 1
0.9181613203035032 1
0.9181615589049258 1
0.9181637551883662 1
0.918172819348197 1
0.9181757769089889 1
0.9181785273510499 1
0.9181994026190057 1
0.9182048207853293 1
0.9182169850197271 1
0.9182169850197276 1
0.9182321837675225 1
0.9182365080025632 1
0.918238070900181 1
0.9182390478321264 1
0.9182391073069139 1
0.9182486941426733 1
0.9182566302328481 1
0.9182672534753403 1
0.9182705046876181 1
0.9182781703693188 1
0.9182786930452472 1
0.9182826590238465 1
0.9182883393557938 1
0.918288339355794 2
0.91829495496473 1
0.9183279845689145 2
0.9183295474665321 1
0.9183440040720181 1
0.9183676297820352 3
0.9183683445483573 1
0.9183691926796529 1
0.918371595760635 1
0.9183772760925819 1
0.9183797940164332 1
0.9183797940164333 1
0.9184098148247195 1
0.918413066036997 1
0.9184164485275811 1
0.9184169213057024 1
0.9184169213057026 1
0.9184252521771072 1
0.9184275445481949 1
0.9184348666837725 1
0.9184389841181018 1
0.9184476349745987 1
0.9184565665188231 1
0.9184575434507687 1
0.9184581294164411 1
0.9184606473402925 1
0.9184648973902279 1
0.9184745437007747 1
0.9184809168933316 1
0.9184923564632383 1
0.9185020027737849 1
0.9185045426033486 1
0.9185068349744363 1
0.9185480430851749 1
0.9185495840770804 1
0.9185522712293981 1
0.9185561264981036 1
0.9185812932000266 1
0.9185822701319719 1
0.9185828560976441 1
0.9185838330295898 1
0.9185855432499618 1
0.9185934793401366 1
0.9185934793401367 1
0.918597334608842 1
0.9185998525326934 1
0.9186094988432403 1
0.9186209384131472 1
0.9186219153450926 1
0.9186288646051527 1
0.9186305847236939 1
0.9186308964659355 1
0.9186321476213116 1
0.9186469990080272 1
0.918649144056361 1
0.918675204651241 1
0.9186808531793068 1
0.9186887892694816 1
0.9187043315665696 1
0.9187163809580982 1
0.9187204983924276 1
0.9187220612900451 1
0.9187248397242016 1
0.9187777260062694 1
0.918797496447581 1
0.9188013517162864 1
0.9188013517162866 1
0.9188094351292154 1
0.9188119749587789 1
0.9188135159506844 1
0.9188144136585986 1
0.9188173712193898 1
0.9188330608392328 1
0.9188371416607016 1
0.9188387045583195 1
0.9188409969294071 1
0.9188628074743522 1
0.9188721003374363 1
0.9188752239762046 1
0.9188754844865094 1
0.9188846081211275 1
0.918886433184369 1
0.9188912653850201 1
0.9189024526874725 1
0.9189036621376282 1
0.9189048181993794 1
0.918912754289554 1
0.9189127542895541 1
0.9189130759299649 1
0.9189139141630914 1
0.9189151296996299 1
0.9189215028921868 1
0.9189215028921869 1
0.9189245154998719 1
0.9189252302661939 1
0.9189260783974897 1
0.918929933666195 1
0.9189445228872871 1
0.9189641607129926 1
0.9189657236106104 1
0.9189711417769337 1
0.9189745217898612 1
0.9189944201258712 1
0.9190053688237311 1
0.9190063457556766 1
0.919007793810425 1
0.9190340653389917 1
0.9190377927129988 1
0.9190465769344697 1
0.9190530974497806 1
0.9190546603473981 1
0.9190556372793439 1
0.9190737105521126 1
0.9191145751135583 1
0.9191170930374095 1
0.9191269916154106 1
0.9191445740161319 1
0.9191445740161321 1
0.9191450648881792 1
0.9191451599818043 1
0.9191455509480777 1
0.9191542203266788 1
0.9191582912499786 1
0.919165187118464 1
0.919168199726149 1
0.9191748334290107 1
0.9191857821268704 1
0.919186759058816 1
0.9191900102710939 1
0.9192048323315847 1
0.9192080835438625 1
0.9192129157445135 1
0.9192144567364194 2
0.9192335107529199 1
0.91923351075292 1
0.9192335107529201 1
0.9192492916546009 1
0.9192556648471579 1
0.9192662880896504 1
0.9192747188636585 1
0.9192747188636586 1
0.9192796022994163 1
0.9192873739701036 1
0.9193059333027708 1
0.9193270191832243 1
0.9193376424257167 1
0.9193413697997235 1
0.9193602912037881 1
0.919368227293963 1
0.9193704016685215 1
0.9193772876388374 1
0.9193772876388375 1
0.9193788505364552 1
0.9193842980290035 1
0.9193894737789475 1
0.9193897992343152 1
0.919394870039559 1
0.9193985379387785 1
0.9194042777455129 1
0.9194184957495759 1
0.919418495749576 1
0.9194375278603644 1
0.9194414938389639 1
0.9194420165148928 1
0.9194502048725218 2
0.9194687642051891 1
0.9194868193840321 1
0.9195058695887461 1
0.9195074324863639 2
0.9195180557288564 1
0.9195294952987632 1
0.9195334930812443 1
0.9195406826012156 1
0.9195449326511509 1
0.9195480546314302 1
0.919549617529048 1
0.9195688882444293 1
0.9195707034095016 1
0.9196003587627822 1
0.9196133656582011 1
0.9196179411635044 1
0.9196305962699494 1
0.9196321591675669 1
0.9196369913682182 1
0.9196427824100593 1
0.9196481786706707 1
0.9196582197624471 1
0.9196824276231801 1
0.9196836151676235 1
0.9196872417330755 1
0.9196892954995707 1
0.9197035135036338 1
0.9197039995635321 1
0.9197111060445151 1
0.9197114495938082 1
0.9197117613360501 1
0.9197210959043549 1
0.9197236357339186 1
0.9197380923394044 1
0.919759178219858 1
0.919777737552525 1
0.9197777375525251 1
0.919782803929875 1
0.9197832581858921 1
0.9197883328060922 1
0.9197903964707568 1
0.9198013632625421 1
0.91980292616016 1
0.919803073482914 1
0.9198103443833848 1
0.9198110095730888 1
0.919819440347097 1
0.919822935202894 1
0.9198320954535424 1
0.919833072385488 1
0.9198442596879406 1
0.9198506547862094 2
0.9198506547862095 2
0.919851631718155 1
0.9198630515388172 1
0.9198722267265615 1
0.9198800479738667 1
0.9198823639091553 1
0.9198854677986791 1
0.9198902999993299 1
0.9198902999993301 1
0.9198960910411712 1
0.9198994236339486 1
0.9198999463098769 1
0.9199009232418223 1
0.919902454335559 1
0.9199153836622648 1
0.9199205413182832 1
0.919935736254292 1
0.9199395915229974 1
0.9199517557573955 1
0.9199632172330144 1
0.9199713006459433 1
0.919974404535467 1
0.9199914009705162 1
0.9199972139180694 1
0.920002862446135 1
0.9200150266805334 3
0.920029505191731 1
0.9200464835360249 1
0.920046483536025 1
0.9200467358034793 1
0.9200505910721849 1
0.9200521539698027 1
0.920053694961708 1
0.9200570968803476 1
0.9200643182042008 2
0.9200675913221904 1
0.9200803377073045 1
0.9200861506548575 1
0.9200895068118357 1
0.9200897454132582 1
0.9200996073783994 1
0.9201039634173214 1
0.9201145866598135 1
0.9201151507197737 1
0.9201199829204251 1
0.9201267409960424 1
0.9201372354378851 1
0.9201436086304419 2
0.920143608630442 1
0.9201461484600051 1
0.9201461484600053 2
0.9201532549409888 2
0.9201542318729341 1
0.9201547959328944 1
0.9201666286255423 1
0.9201693475849111 1
0.9201753177533877 1
0.9201753177533878 1
0.9201929001541093 2
0.9201933544101264 1
0.9201938770860549 2
0.9201971502040448 1
0.9202050643885075 1
0.9202165258641264 1
0.920217502796072 1
0.9202180887617442 1
0.9202189607489898 1
0.9202271491066186 1
0.9202350851967935 1
0.920239899306689 1
0.9202528149202691 1
0.920256171077247 1
0.9202586059621102 1
0.9202601370558466 1
0.9202642544901758 1
0.9202658173877937 1
0.9202665102484037 1
0.9202667943197393 1
0.9202673802854118 1
0.9202747304099143 1
0.9202789585541374 1
0.9202828138228427 1
0.9203058338179432 1
0.9203160858434066 3
0.9203224590359638 1
0.9203240219335814 1
0.920345107814035 1
0.9203458225803568 1
0.9203466707116528 1
0.9203534386854395 1
0.920357272048433 1
0.9203619251224489 1
0.920371750559631 1
0.9203800496271541 1
0.9203833545490254 1
0.9203953762696478 1
0.9203969391672661 1
0.9204129586703695 1
0.9204139356023151 1
0.9204372772409966 1
0.9204487486147847 1
0.9204565934231209 1
0.9204568320277136 1
0.9204638605118051 1
0.9204662992116248 1
0.9204708114271837 1
0.9204762295935071 1
0.9204804577377307 1
0.9204868309302874 1
0.9204883938279051 1
0.9204964772408343 1
0.9205170903431662 1
0.9205201029508511 1
0.9205201029508513 1
0.9205270621090801 1
0.9205280390410258 1
0.9205280390410259 1
0.9205361224539546 1
0.9205361224539547 1
0.9205361224539549 1
0.9205386622835185 1
0.9205567355562866 1
0.9205642368185001 1
0.9205693944745186 1
0.9205773305646933 1
0.9205783074966389 1
0.9205822734752384 1
0.9205854139776223 1
0.92058697687524 1
0.9205993933770925 1
0.9206009562747103 1
0.9206019332066561 1
0.9206115795172026 1
0.920616975777814 1
0.9206250591907428 2
0.9206266220883608 1
0.9206275990203063 1
0.9206296527899711 1
0.9206486849007598 1
0.9206512247303235 1
0.9206593081432523 1
0.920660849135158 1
0.9206672442334269 1
0.9206898930114984 1
0.9206906077778201 1
0.9206908699434438 1
0.9206908699434441 1
0.9207089432162125 1
0.920729538224619 1
0.9207307537611572 1
0.9207319413056009 1
0.9207335042032188 1
0.9207371269537145 1
0.9207413770036497 1
0.9207523257015094 1
0.920756180970215 1
0.9207813476721376 1
0.9207900863766012 1
0.9208036709948416 1
0.9208194518933527 1
0.9208290664000183 1
0.9208290762981873 1
0.9208306391958052 1
0.9208316161277506 1
0.9208331472214875 1
0.9208433162079622 1
0.92086874341702 1
0.9208841807694079 1
0.9208872709458058 1
0.9208999578561321 1
0.9209090220159633 1
0.920914179671982 1
0.9209205528645389 1
0.9209411659668709 1
0.920944178574556 1
0.9209492493797997 3
0.9209522619874849 1
0.9209538248851026 1
0.9209566033192587 1
0.9209698443882063 1
0.9209804676306983 1
0.9209838237876765 1
0.9210094896013268 2
0.9210140832005552 1
0.9210439771584289 1
0.9210537284136758 1
0.9210638070745277 1
0.9210727605244644 3
0.9210727605244649 1
0.9210739760610029 1
0.9210822238934193 1
0.9210994032700605 1
0.9210994032700607 1
0.9211014570397253 1
0.9211045609292488 1
0.9211136212741234 1
0.9211200163723925 1
0.9211230289800777 1
0.9211258074142336 1
0.921139048483181 1
0.9211411022528461 1
0.9211565396052341 1
0.9211865385078079 1
0.9211875787294973 1
0.9211929117003648 2
0.9211944745979826 1
0.9211961848183547 1
0.921205097840475 1
0.9212135067087713 1
0.9212141620003059 1
0.9212205351928628 1
0.921242203224032 2
0.9212447430535956 1
0.9212492037160287 1
0.9212592034740379 1
0.9212658289340493 1
0.921281848437153 1
0.9212843882667162 1
0.9212843882667164 1
0.9212874008744015 1
0.9212876295808248 1
0.9212934524265475 1
0.9212940345772629 1
0.9213024434455594 1
0.9213034203775048 1
0.9213054741471697 1
0.92130547414717 1
0.9213070370447874 1
0.9213070370447877 1
0.9213158352240385 1
0.9213182243472403 1
0.9213192231848979 1
0.9213230565478913 1
0.9213240334798368 1
0.9213270460875219 1
0.9213517349692266 1
0.9213573055004008 1
0.9213808262657175 1
0.9213944108839578 1
0.921394410883958 1
0.9213959737815758 2
0.9213959737815759 1
0.9214045114505218 1
0.9214162433346147 1
0.9214220343764561 1
0.9214256291348569 1
0.9214356189946965 1
0.921436595926642 1
0.9214416486379606 1
0.9214462203314767 1
0.9214462422371886 1
0.9214477832290945 1
0.9214616795895768 1
0.9214657652200247 1
0.9214680527821335 1
0.9214767914865968 1
0.9214774385823755 1
0.9214794923520402 1
0.9214858874503095 1
0.921493970863238 1
0.9214970747527619 1
0.9214989493926212 1
0.9215019069534129 1
0.9215028838853585 1
0.9215064824587159 1
0.921517083795496 1
0.9215191375651611 1
0.9215215943557363 1
0.9215394071182 1
0.9215481814415013 1
0.9215542110847654 1
0.9215557739823828 1
0.9215630328282173 1
0.9215684290888285 1
0.9215694060207741 1
0.9215694060207743 1
0.9215708858794036 1
0.9215748241870974 1
0.9215748241870975 1
0.9215773421109488 2
0.921579455355401 1
0.9215821781265564 1
0.9215881759659389 1
0.921608074301949 1
0.9216090512338946 1
0.9216090512338948 1
0.9216096371995668 1
0.9216106141315125 1
0.9216106141315126 1
0.9216106141315127 1
0.9216144694002179 1
0.9216202604420594 1
0.9216242264206589 1
0.921626633634616 1
0.9216366747263928 1
0.9216420610888346 1
0.9216477195150697 1
0.9216502593446332 2
0.9216502593446333 1
0.9216599056551799 1
0.921662070131569 1
0.9216662788477369 1
0.9216702448263365 1
0.9216705288976722 1
0.9216781726736609 1
0.921679914697914 1
0.9216899045577539 1
0.921689904557754 1
0.9216979879706827 1
0.9216979879706828 1
0.9217091971788475 1
0.9217165473033496 1
0.9217311126684925 1
0.9217391960814212 1
0.9217401730133667 1
0.9217513603158194 1
0.9217552155845249 1
0.9217594656344601 1
0.9217658388270172 1
0.9217731609625948 1
0.921778841294542 1
0.9217869247074708 1
0.9217894327331528 1
0.9217894645370344 1
0.9218006518394869 1
0.9218049018894223 1
0.9218084966478228 1
0.9218265699205915 1
0.921828132818209 1
0.9218291097501549 1
0.921829109750155 1
0.9218306507420607 1
0.9218325253819201 1
0.9218460781962793 1
0.9218501956306084 1
0.9218501956306087 1
0.9218657423555905 1
0.921879277076024 1
0.9218799422657281 1
0.9218809191976736 1
0.9218905655082203 1
0.921891403741347 1
0.9218942334074398 1
0.9218994871542759 1
0.9219035679757449 1
0.9219035679757451 1
0.9219153275275742 1
0.9219406952650142 1
0.9219576917000635 1
0.9219576917000636 2
0.9219625058099591 1
0.9219673380106101 1
0.9219698559344616 1
0.9219698559344617 1
0.9219868243805859 1
0.9219925047125329 1
0.9219943793523926 1
0.9220021510230797 1
0.9220288669094947 1
0.9220331268575994 1
0.9220409481049044 1
0.9220417962362008 1
0.9220709470074785 1
0.9220798785517035 1
0.9220814414493212 1
0.9220824183812667 1
0.9220824183812668 1
0.9221220635943874 1
0.922123626492005 1
0.9221253367123771 1
0.9221351255366994 1
0.9221438741393324 1
0.9221477294080378 1
0.922151979457973 1
0.9221523230072661 1
0.9221553356149511 1
0.9221553356149512 1
0.9221674998493492 1
0.9221713551180547 2
0.9221723320500004 1
0.9221771461598961 1
0.9221949808280719 2
0.9222110003311755 2
0.9222216235736677 1
0.9222306877334985 1
0.9222467902755906 1
0.9222531853738596 1
0.9222559358159209 1
0.922272456089241 1
0.9222787599088413 1
0.9222828407271405 1
0.9222864354887111 1
0.9222930691915728 1
0.9222960817992579 1
0.9222970587312037 1
0.9222999370679635 2
0.922302476897527 1
0.9223178824460334 1
0.9223327144046936 1
0.9223502055235764 2
0.9223502055235765 1
0.9223559965654177 1
0.9223753722254994 1
0.9223777972121929 1
0.9223779120550628 1
0.922385018536046 1
0.9223862559782963 1
0.9223946648465926 1
0.9224056316383782 1
0.9224131923753786 1
0.9224226318883838 1
0.9224272035787302 1
0.922434310059713 1
0.9224373407613237 1
0.9224373407613239 1
0.9224431912779525 1
0.9224437139538808 1
0.9224668487918508 1
0.9224670873964436 1
0.9224731901805263 1
0.9224749322047795 1
0.9224764731966854 1
0.9224828364910731 1
0.9224849220646192 3
0.9224849220646193 1
0.9224979621012193 1
0.9225109826594995 1
0.9225145774179002 1
0.9225145774179003 2
0.9225161403155181 1
0.922521848318371 1
0.9225242237284469 1
0.9225320685399531 1
0.9225404588861451 1
0.9225463778226846 1
0.9225548085966929 1
0.9225567624605844 1
0.922572460323277 1
0.9225779078158254 1
0.922583556343891 1
0.9225844820438996 2
0.9225874946515847 1
0.9225902730857409 1
0.9225954307417594 1
0.9226035141546882 1
0.9226035141546883 1
0.922613160465235 1
0.9226177321587514 1
0.9226184507368597 1
0.9226253466053452 1
0.9226259799911677 1
0.9226447222654268 1
0.9226589402694896 1
0.9226589402694898 1
0.9226626676434965 1
0.9226789493122242 1
0.9226883334571471 1
0.9226924508914764 1
0.922692666546071 1
0.9226970225849926 1
0.9226985854826104 1
0.922705270417409 1
0.9227382306957311 1
0.9227488539382233 1
0.9227500414826669 1
0.9227557218146143 1
0.9227607795680289 1
0.9227653681251607 1
0.9227691234912625 1
0.9227715027162948 1
0.922771502716295 1
0.9227742811472811 1
0.9227758122410178 1
0.9227805630611694 1
0.922788499151344 2
0.9227884991513442 1
0.9227896866957876 1
0.9227902093717161 1
0.9227981454618908 1
0.9227991223938364 1
0.9228075312621329 1
0.9228237883255427 1
0.9228281443644648 1
0.9228329584743604 1
0.9228338523673177 1
0.9228568227858003 1
0.9228593626153635 1
0.9228593626153636 1
0.9228598534874106 1
0.9228664690963468 1
0.922877435888132 1
0.9228774358881321 2
0.9228799757176955 1
0.9228851015698329 1
0.9228954130700836 1
0.9228971232904556 1
0.9228994987005313 2
0.9229007180488561 1
0.9229010615981491 1
0.9229050275767487 1
0.9229122489006016 1
0.9229170811012528 1
0.922917081101253 1
0.9229186439988708 1
0.9229292453356508 1
0.9229386530416049 1
0.9229407068112698 1
0.9229482993521516 1
0.9229503531218165 1
0.9229503531218167 1
0.9229522058559638 1
0.9229840892965667 1
0.922989998334937 1
0.9229899983349372 2
0.9229965041431002 1
0.9230021625693352 1
0.9230069947699866 1
0.9230224321223744 1
0.9230234128692765 1
0.9230296435480578 1
0.9230338716922811 1
0.9230378694747621 1
0.9230418077824559 1
0.9230514540930029 1
0.9230524310249484 1
0.9230592989013386 1
0.9230830158931945 1
0.9230910993061233 1
0.923092076238069 1
0.9230989441144595 1
0.9231030249359289 1
0.9231147250161407 1
0.9231165265151811 1
0.9231223175570221 1
0.923130744519244 1
0.9231349945691792 1
0.9231543702292611 1
0.92316245364219 1
0.9231649934717534 1
0.9231703897323646 2
0.9231719526299825 1
0.9231825539667627 1
0.9231919616727169 1
0.9231940154423817 1
0.9232020988553107 2
0.9232036617529282 2
0.9232036617529285 1
0.9232046386848739 1
0.9232200760372617 1
0.9232206581879775 1
0.92323184549043 1
0.9232337201302895 1
0.9232340318725311 1
0.9232603034010984 1
0.9232930527457338 1
0.9232935754216619 1
0.9232951164135679 1
0.9232993664635032 2
0.9233015115118368 1
0.9233095949247658 1
0.9233121347543292 1
0.923315147362014 1
0.9233332206347826 1
0.9233390116766238 1
0.9233430094591051 1
0.9233444079372352 1
0.9233444079372355 1
0.9233517799674499 1
0.9233608222215686 1
0.9233728658479032 1
0.9233728658479033 2
0.9233744287455211 1
0.9233819894825218 1
0.9233825121584502 2
0.9234343216059687 1
0.9234389746799847 1
0.9234595102136037 1
0.9234618025846913 1
0.9234618025846915 2
0.9234691565241505 1
0.9234739668190893 1
0.9234755078109954 1
0.9234836131296363 1
0.9234894260771894 1
0.9234930208355904 1
0.9234955387594417 1
0.9234973303634827 1
0.92350301069543 1
0.9235136120322102 1
0.9235143267985321 1
0.9235194030740514 1
0.9235232583427568 1
0.9235239731090789 1
0.923565443385441 1
0.9235654433854411 1
0.9235847360065343 1
0.9235875061978401 1
0.9236050885985615 1
0.9236050885985617 1
0.9236147349091084 1
0.9236271514109607 1
0.9236287143085785 1
0.9236365355558838 1
0.9236367977215076 1
0.9236404738635775 1
0.9236437568797367 1
0.9236447338116824 1
0.9236479850239602 1
0.9236667768748369 1
0.9236780058322458 1
0.9236795468241519 1
0.9236876302370809 1
0.9236940253353496 2
0.9236997845733097 1
0.9237036716458965 1
0.9237151112158033 1
0.9237192139429845 1
0.9237272973559135 1
0.9237336705484701 1
0.9237394615903115 1
0.9237572962584873 1
0.9237669425690339 1
0.923766942569034 1
0.9237669425690342 1
0.9237791068034322 1
0.92378547009782 1
0.9238009074502077 1
0.923804212372079 1
0.9238081287740607 1
0.9238266782085586 1
0.9238354268111909 1
0.9238405526633283 1
0.923840814828952 1
0.9238441474217293 1
0.9238477958928931 1
0.9238520240371166 1
0.9238543164082045 1
0.9238583972296737 1
0.923873824683892 1
0.9238804600420726 1
0.923898042442794 1
0.9239022924927295 1
0.9239086656852866 1
0.9239283018556728 1
0.9239283018556729 1
0.9239294894001163 1
0.9239416536345145 1
0.9239473339664614 1
0.9239477287476915 1
0.9239576136628308 1
0.9239806059870251 1
0.9239815829189706 1
0.9239879561115277 1
0.9239985831689765 1
0.9240121677872168 1
0.9240362707032496 1
0.9240362707032497 1
0.9240372476351952 1
0.9240387787289319 1
0.9240393014048601 1
0.9240542160813194 1
0.9240598964132662 1
0.9240624362428299 1
0.9240675070480738 1
0.924070519655759 1
0.9240781341055225 1
0.9241141308474794 1
0.9241340291834894 1
0.9241488331500547 1
0.924149810082 1
0.9241609973844527 1
0.9241864426874358 1
0.924201619529519 1
0.9242289213816064 1
0.9242387468187883 1
0.924248393129335 1
0.924254527720469 1
0.9242648904526566 1
0.9242941729335898 1
0.9243111693686389 1
0.9243111693686391 1
0.924314181976324 1
0.9243148967426461 1
0.9243322552490926 2
0.9243398477899745 1
0.9243428784915849 2
0.9243444413892027 1
0.9243476926014804 1
0.9243508145817597 1
0.9243538271894448 3
0.9243553900870626 1
0.9243634734999914 1
0.9243634734999917 1
0.924364450431937 1
0.9243673287686971 1
0.9243825237047055 1
0.9243840866023234 1
0.9243852840449364 1
0.9244031187131121 1
0.9244269830277217 1
0.9244397513185478 1
0.9244453037557961 1
0.9244463805935155 1
0.9244503745610398 1
0.9244633770285648 2
0.9244757737811724 1
0.9244839720369713 1
0.9244845223838056 1
0.9244884606914995 1
0.9244930323818459 1
0.9245017017604469 1
0.9245024165267687 1
0.9245126685522319 1
0.924528083998908 1
0.9245413469735675 1
0.9245656655441944 1
0.9245819691186337 1
0.9245855638802044 1
0.9245880206707797 1
0.9245961871226968 2
0.9245977500203146 1
0.9246080891914711 1
0.924608373262807 1
0.9246137695234181 1
0.9246137695234183 1
0.9246147464553638 1
0.9246156222575657 1
0.9246259238596471 1
0.924627486757265 1
0.9246373952334354 1
0.9246534147365388 1
0.9246534147365391 1
0.9246543916684845 1
0.9246749548730098 1
0.92467495487301 1
0.9246770404465559 1
0.9246770404465561 1
0.9246851238594849 1
0.9246866867571026 1
0.9246924777989439 1
0.9246930599496598 1
0.924703683192152 1
0.9247121139661602 1
0.9247163421103834 1
0.9247644142857261 2
0.9247659771833437 1
0.9247659771833441 2
0.9247669541152896 1
0.9247685170129074 1
0.9247766004258363 1
0.9247880399957432 1
0.924789602893361 1
0.9248166998949741 1
0.9248388944170284 1
0.9248438472257431 1
0.9248558908520775 2
0.9248680550864757 1
0.9248713282044655 1
0.9248774627924297 1
0.9248955360651983 1
0.9248970989628161 1
0.9249064017240698 1
0.9249077002995963 1
0.9249171080055503 1
0.9249240353598982 1
0.9249303490776677 1
0.9249303490776678 2
0.9249325453579382 1
0.9249448275888656 1
0.9249448275888658 1
0.9249643358645534 1
0.9249796406013353 1
0.9249806175332808 1
0.9249860356996044 1
0.9249902638438274 1
0.9249902638438275 1
0.9249935369618172 1
0.9249966370363844 1
0.9250177229168378 1
0.9250192858144557 1
0.9250192858144559 1
0.9250202627464015 2
0.9250362822495051 1
0.9250362822495052 2
0.9250589310275765 1
0.9250599079595222 1
0.9250614708571399 1
0.9250695542700688 2
0.9251011160702605 1
0.9251091994831893 2
0.9251091994831895 2
0.9251198227256817 1
0.9251246368355776 1
0.9251409086061355 1
0.9251488446963099 1
0.92514884469631 1
0.9251488446963101 1
0.9251488446963103 2
0.9251504075939279 1
0.9251610089307083 1
0.9251652589806437 1
0.925180553819256 1
0.9251900528070486 1
0.9251940187856483 1
0.9251981362199776 1
0.9251981362199777 1
0.9251996991175954 1
0.9251996991175955 1
0.9252064670913823 1
0.9252217619299944 1
0.9252377814330981 1
0.9252435724749394 1
0.9252499456674963 1
0.9252499675732085 1
0.9252614071431152 2
0.9252663500536603 1
0.9252689996839969 1
0.9252735713775132 1
0.9252742861438351 1
0.9252778214274489 1
0.925288049888711 1
0.9252880498887112 2
0.9253147794882518 1
0.9253228629011807 1
0.9253228629011808 1
0.925325402730744 1
0.9253325092117273 1
0.9253334861436728 1
0.925337162285743 1
0.9253625081143011 1
0.925363485046247 1
0.9253689032125704 1
0.9253721544248481 1
0.9253721544248482 1
0.925392423977887 1
0.9254021533274218 1
0.9254021533274219 1
0.925402153327422 2
0.9254031302593675 1
0.9254031302593677 1
0.9254046931569853 1
0.9254046931569855 1
0.9254046931569856 1
0.9254127765699142 1
0.9254166318386197 1
0.9254320691910078 1
0.9254379651775492 1
0.9254514448510893 2
0.9254521596174113 1
0.9254524217830348 2
0.9254530077487071 1
0.9254539846806528 1
0.9254620680935818 1
0.9254627828599037 1
0.9254742224298106 1
0.9254776103906699 1
0.9254910900642098 1
0.9254920669961558 1
0.9254926529618281 1
0.9254936298937733 2
0.925494606825719 1
0.9255017133067024 1
0.9255269019143371 1
0.925533275106894 1
0.9255332751068943 1
0.9255413585198228 1
0.9255429214174407 1
0.9255466487914477 1
0.9255510048303697 1
0.9255635345197727 1
0.9255635345197729 1
0.92556498422984 1
0.9255810037329438 1
0.925583543562507 1
0.9255931898730541 1
0.9256061923405784 2
0.9256061923405787 1
0.9256183565749768 1
0.9256264399879056 1
0.9256302952566111 1
0.9256318581542289 1
0.9256458375536992 1
0.9256539209666279 1
0.9256686250305896 1
0.9256699404697316 1
0.9256703352509615 1
0.9256715033673495 2
0.9256935661797487 1
0.9256935661797489 1
0.9257397172010324 1
0.9257453756272676 1
0.9257668645318015 1
0.9257768543884711 1
0.9257905497166056 1
0.9257946671509347 1
0.9257962300485525 1
0.925812904843191 1
0.9258152802532668 1
0.9258358752616733 1
0.9258368521936188 1
0.9258368521936191 1
0.9258464985041658 1
0.9258564883640052 1
0.9258682991509413 1
0.9258755204747939 1
0.9258836038877228 1
0.9259137354059028 1
0.9259239043923781 1
0.9259450815515006 1
0.9259464020327389 1
0.925949414640424 1
0.9259496532450165 1
0.925964457211582 1
0.9259892984581374 1
0.9259892984581376 1
0.9259908613557554 1
0.9259941306587883 1
0.9260153590530176 1
0.9260289436712581 1
0.9260337758719092 1
0.9260399142748298 1
0.9260423173558116 1
0.9260464347901407 1
0.9260514925435558 2
0.9260543708803158 1
0.9260606527942039 1
0.9260749839826476 1
0.9260904213350356 1
0.9261036624039829 1
0.9261046393359287 1
0.9261375678103696 1
0.9261415061180631 1
0.9261585025531123 1
0.9261600654507302 2
0.9261697117612769 1
0.9261897208040112 1
0.9261917745736761 1
0.926198147766233 1
0.9262093350686854 1
0.9262093569743974 1
0.9262121074164589 1
0.9262232314291677 1
0.9262474392899004 2
0.9262499791194638 1
0.9262710649999174 2
0.9262710649999175 1
0.9262807113104643 1
0.9262822523023698 2
0.9262870845030209 1
0.926287084503021 1
0.9262870845030211 1
0.9263071749294247 1
0.9263086564433732 2
0.9263203565235848 1
0.926329269545705 1
0.9263322821533901 1
0.9263340836556008 1
0.9263357938759728 1
0.9263615646343233 1
0.9263615646343234 1
0.9264033842220024 1
0.9264118111842242 1
0.926413374081842 1
0.9264408550605645 1
0.9264450832047879 1
0.9264457979711099 1
0.9264530192949628 1
0.9264533310372043 1
0.9264626656055092 1
0.9264862913155265 1
0.9264926645080833 1
0.9264943747284553 1
0.9265032877505756 1
0.9265032877505758 1
0.9265141216055658 1
0.9265332036141616 1
0.9265365597711396 1
0.926540393134133 2
0.9265419560317507 1
0.9265477470735918 1
0.9265553297163045 1
0.9265640188441499 2
0.9265736651546966 2
0.9265746420866422 1
0.926582578176817 1
0.9266052269548883 1
0.9266142872997629 1
0.9266239336103097 1
0.9266254965079274 1
0.9266335799208563 1
0.9266415160110308 1
0.9266473070528725 1
0.9266529555809379 1
0.9266539325128835 1
0.9266539325128836 1
0.9266579302953647 1
0.9266651198153361 1
0.926686952265993 1
0.926695140623622 1
0.9267032240365508 1
0.9267032240365509 1
0.9267063498317867 1
0.9267169511685668 1
0.9267208064372723 1
0.9267208064372724 1
0.9267363487343606 1
0.9267428692496715 1
0.9267428692496716 1
0.9267444321472894 1
0.9267525155602183 1
0.9267565963816874 1
0.926760451650393 1
0.9267614285823388 1
0.9267644411900237 1
0.9267660040876414 1
0.9267898684022513 1
0.9267921607733389 1
0.926792160773339 1
0.9267937236709567 1
0.9267962415948081 1
0.9268058879053549 1
0.926827950717754 1
0.9268295136153718 1
0.9268295136153719 1
0.9268309934740019 1
0.9268375970283009 1
0.9268455331184756 1
0.9268503653191267 1
0.9268884514495859 1
0.9269072411439955 1
0.9269168874545418 1
0.9269168874545421 1
0.9269191432127698 1
0.926924823544717 1
0.926948903510751 1
0.9269565326676629 2
0.9269580955652806 1
0.9269741150683841 1
0.9269750920003298 2
0.9269961778807834 1
0.9269977407784011 2
0.9269977407784015 1
0.9270058241913303 1
0.9270137602815047 1
0.9270162683071871 1
0.9270243835239974 1
0.9270480092340141 1
0.9270480092340142 1
0.9270640287371177 1
0.9270795710342061 1
0.9270866775151891 1
0.9270876544471349 2
0.9270892173447528 1
0.9271030917995228 1
0.9271036739502385 1
0.9271052050439751 1
0.9271094649920797 1
0.9271242870525706 1
0.9271394638946537 1
0.9271587565157473 1
0.927176591183923 1
0.9271781540815407 1
0.9271791091077745 1
0.9271862374944696 1
0.9271877784863756 1
0.9272162363970434 1
0.9272162363970436 2
0.9272162363970438 1
0.9272177992946614 1
0.9272217057984738 1
0.9272284006314415 1
0.9272520263414588 1
0.9272670908183287 1
0.9273013178651262 1
0.9273051731338314 1
0.927310964175673 1
0.9273173373682297 1
0.9273173373682299 1
0.9273409630782469 1
0.9273425259758645 1
0.9273533878229494 1
0.9273696595935077 1
0.9273775956836823 1
0.9273806082913674 1
0.9273806082913676 1
0.9273888561237839 1
0.9273902546019142 1
0.9273912315338596 1
0.9273912315338597 1
0.9274120651468591 1
0.927429899815035 2
0.9274324396445983 1
0.9274342923787454 1
0.927440523057527 1
0.9274489500197489 1
0.9274596365519853 1
0.9274791913387023 1
0.9274801682706478 1
0.9274913555731001 1
0.9275138433152921 1
0.9275188365518225 1
0.927518836551823 1
0.9275294597943153 1
0.9275516138885529 1
0.927551613888553 1
0.9275912591016735 2
0.9275912591016737 1
0.9276087502205566 1
0.9276229682246195 1
0.9276445401649717 1
0.9276483954336773 1
0.9276747995778503 1
0.9276958854583038 1
0.9277038215484786 1
0.9277253934888309 1
0.9277373321704652 1
0.9277540900040917 1
0.9277650387019514 1
0.9277652773065441 1
0.9277937352172121 1
0.92779529811483 1
0.9278033815277591 1
0.9278091725696003 1
0.927812767328001 1
0.9278143302256189 1
0.9278153071575644 1
0.9278155457621571 1
0.9278224136385477 1
0.9278224136385478 1
0.9278333804303331 1
0.9278464423726451 1
0.9278539754387394 2
0.9278603168274151 1
0.9278620588516682 1
0.927875776085515 1
0.927882149278072 1
0.9278842129459061 1
0.9278884629958416 1
0.9278948361883985 1
0.9279042438943526 1
0.9279113503753357 1
0.9279174849664698 1
0.927917939222487 1
0.9279438891074732 1
0.927946878154127 1
0.9279555672819727 1
0.9279837729251865 1
0.9279837729251866 1
0.9280073986352035 2
0.9280406706557671 1
0.9280431055406305 1
0.928047043848324 1
0.928063063351428 1
0.92807875297127 2
0.9280866890614448 1
0.9280866890614449 1
0.9280963353719914 1
0.9280963353719917 1
0.9281179073123436 1
0.9281280444949374 1
0.9281359805851124 1
0.9281385204146757 1
0.9281417716269534 1
0.9281596062951291 1
0.9281596062951292 1
0.928169252605676 1
0.9281756257982328 1
0.9281756257982329 1
0.9281766027301785 1
0.9281862490407252 1
0.9281971977385851 1
0.9281974363431778 1
0.9281992515082499 1
0.9282168339089713 1
0.9282168339089714 1
0.9282274352457516 1
0.9282274571514635 1
0.928231685295687 1
0.928247466194198 1
0.9282607072663153 1
0.9282671023645842 2
0.9283067475777049 1
0.9283067475777051 1
0.9283163719825397 1
0.9283399976925567 1
0.9283415605901745 1
0.9283496440031036 1
0.9283544762037543 1
0.9283572266458158 1
0.9283602672455956 1
0.9283618301432138 1
0.9283635403635857 1
0.928375071212161 1
0.9283760481441067 1
0.9283902661481696 1
0.9283902661481698 2
0.9283908521138422 1
0.9283918290457877 1
0.9283999124587163 1
0.9283999124587166 1
0.9284118380885218 1
0.9284275359512144 1
0.9284289344293444 1
0.9284289344293447 1
0.9284331844792801 1
0.9284549950242248 1
0.928463183381854 1
0.9284631833818541 2
0.9284711194720288 1
0.9284711194720289 1
0.9284792028849576 2
0.9284895639618265 1
0.9285124749055216 1
0.9285140378031395 1
0.9285188480980783 1
0.9285188480980784 1
0.9285188480980786 1
0.9285204109956962 1
0.928528494408625 1
0.9285300354005308 1
0.9285440367057132 1
0.92855368301626 1
0.928560056208817 1
0.9285640221874165 1
0.9285697025193633 1
0.9285697025193634 1
0.9285697025193635 2
0.9285706794513091 1
0.9285754935612046 1
0.9285803257618559 1
0.9285917653317627 1
0.9285917653317628 1
0.9285933282293807 1
0.928603929566161 1
0.9286199709749765 1
0.9286314105448835 1
0.9286410568554302 1
0.9286411993692056 1
0.9286435747792814 1
0.9286489929456048 1
0.928648992945605 1
0.9286547839874459 1
0.9286698958844665 1
0.9286832199924022 1
0.9286847828900201 1
0.9287507492083258 1
0.9287818030397368 1
0.9287843428693003 1
0.9287883088478999 1
0.9288239880824208 1
0.9288239880824212 1
0.9288249650143666 1
0.9288336025890864 1
0.9288336343929676 1
0.9288473297211023 1
0.9288497270368902 1
0.9288569760316489 1
0.9288636332955416 1
0.9288675992741414 1
0.9288969053161052 1
0.9288990185605577 1
0.9289129248192088 1
0.9289129248192092 1
0.9289525700323297 1
0.9289525700323299 1
0.9289583610741708 1
0.9289631932748219 1
0.9289746328447288 1
0.9289746328447289 3
0.9289761957423467 1
0.9289858420528934 1
0.9289922152454505 1
0.9290254872660141 1
0.9290254872660142 1
0.9290397647448644 1
0.9290676504029862 1
0.9290772967135331 1
0.9290811519822384 1
0.9290821289141838 1
0.9291063405898734 1
0.9291169419266534 1
0.9291169419266535 1
0.9291188165665129 1
0.9291265882372002 1
0.9291372114796923 1
0.9291525063183051 1
0.9291565871397743 1
0.9291662334503209 1
0.9291672103822666 1
0.9291937144290435 1
0.9292058786634416 1
0.9292068555953873 2
0.9292185556755989 1
0.9292497739264975 1
0.9292582008887195 1
0.9292600023877601 1
0.9292948154002295 1
0.9292957923321751 1
0.9292978461018402 1
0.9293018438843212 1
0.9293091660167287 1
0.9293374913149607 1
0.9293374913149609 2
0.9293681038509427 1
0.9293941367780874 1
0.9293989470730262 1
0.9294031971229616 1
0.9294083547789802 2
0.9294083547789803 1
0.9294243742820839 1
0.92943221909359 1
0.9294362168760708 1
0.9294385922861471 1
0.9294401551837648 1
0.929447999992101 1
0.9294734272043285 1
0.9294798003968853 2
0.9294904236393777 1
0.9295051958020619 1
0.9295194456100062 1
0.9295216100863952 1
0.9295300688524983 1
0.9295333200647762 1
0.929536936728889 1
0.9295511547329518 1
0.9295527176305697 1
0.9295533510132225 1
0.9295697140656191 1
0.9295729871836089 1
0.9295734414396261 1
0.9295793603761657 1
0.9295907999460726 1
0.929594559123961 1
0.929601423188565 2
0.9296029860861829 1
0.9296093592787398 1
0.9296110694991117 1
0.9296133488183704 1
0.9296426312993035 1
0.9296426312993036 1
0.9296522557041381 1
0.9296827307684414 1
0.9296834958607489 1
0.9296919009172586 1
0.9296992729474733 1
0.9297038484527761 1
0.929704087057369 1
0.9297119318657052 1
0.9297219217255449 1
0.9297258877041443 1
0.9297294824625453 1
0.9297331090279974 1
0.9297416686026553 1
0.9297612233893723 1
0.9297612233893724 1
0.929771213249212 1
0.9297927851895643 1
0.929796751168164 1
0.9298108584623328 2
0.9298166495041739 1
0.9298230226967307 1
0.9298230226967309 1
0.929823022696731 1
0.9298405138156138 1
0.9298562947172946 1
0.9298626679098515 2
0.9298765642703337 1
0.9298771464210493 1
0.9298943770327973 1
0.9298943770327976 1
0.9298959399304152 2
0.9299316468358423 1
0.9299355851435359 2
0.9299525815785853 1
0.9299848766672034 1
0.9300018731022526 1
0.930022958982706 1
0.9300254988122694 1
0.9300254988122696 1
0.9300351451228164 1
0.9300415183153733 1
0.9300651440253904 2
0.930066706923008 1
0.9300747903359371 1
0.9300820612364078 1
0.9300859776383894 1
0.9300908098390407 1
0.9301144355490577 2
0.93012562285151 1
0.9301265997834557 1
0.9301304550521614 1
0.9301540807621782 2
0.9301540807621784 2
0.930163727072725 1
0.930165268064631 1
0.930169518114566 1
0.930179164425113 1
0.9302033722858455 1
0.9302391622302608 1
0.9302430174989665 1
0.9302551817333644 1
0.930264828043911 1
0.930270609187583 1
0.930284225609705 1
0.9302884537539281 1
0.9302894306858737 1
0.9302948269464849 1
0.9303102642988728 1
0.930318452656502 1
0.9303184526565021 1
0.9303205659009542 1
0.9303296618646665 1
0.9303393081752134 1
0.930355722459547 1
0.9303596607672405 1
0.9303693070777874 1
0.9303773904907162 1
0.9303783674226617 1
0.9303799084145676 1
0.9303820435647319 1
0.9304073893932903 2
0.9304089522909078 1
0.9304274798196939 1
0.9304304373804854 1
0.9304485975040288 2
0.9304576578489029 1
0.9304576578489032 1
0.9304673041594499 1
0.930470082593606 1
0.9304963261300782 1
0.9304973030620238 2
0.9305085122701882 1
0.9305385111727621 1
0.9305385111727624 1
0.9305465945856912 2
0.930548157483309 1
0.9305562408962379 1
0.9305862397988117 1
0.9305878026964298 1
0.9305974271012645 1
0.9306042169807633 1
0.9306332389513912 1
0.9306428852619385 1
0.9306616749563478 1
0.9306632378539654 1
0.93070795387233 1
0.9307109664800148 1
0.9307125293776327 1
0.9307231526201251 1
0.9307506116931357 1
0.9307602580036825 1
0.9307697251875939 1
0.9307999032168028 1
0.9308120893569131 1
0.930820516319135 1
0.9308205163191352 2
0.9308395484299239 1
0.9308420882594871 1
0.9308450773061411 1
0.9308517345700337 1
0.9308817334726076 1
0.9308864645435152 1
0.9309284851667116 1
0.9309300480643294 1
0.9309670754509949 1
0.9309803165199426 1
0.9310341797371261 1
0.931035399085451 1
0.9310596069461837 1
0.931065397988025 1
0.9310684881644228 1
0.9310738249502468 1
0.9310738249502469 1
0.9310953968905991 1
0.9311070969708107 1
0.9311088984698513 1
0.9311134701633675 2
0.931122593797986 1
0.9311240934058599 1
0.93112409340586 1
0.9311256563034775 1
0.9311350421037196 1
0.9311353026140244 1
0.9311583007034127 1
0.9311637386189805 3
0.9311653015165983 1
0.9311701156264941 1
0.9311749259214328 1
0.9311749478271453 1
0.9311853105593326 1
0.9312033838321012 1
0.9312049467297189 1
0.931204946729719 1
0.9312124479919323 1
0.9312260326101726 1
0.9312445919428397 1
0.9312478431551173 1
0.9312521526798402 1
0.9312732703641748 1
0.9312923205688892 2
0.9312938834665071 1
0.9312981116107305 1
0.9313286964789766 1
0.931329590371934 1
0.9313393197214688 1
0.9313667787944795 2
0.9313774020369716 2
0.9313789649345895 1
0.9313886112451364 1
0.9314028292460295 1
0.9314079869052178 1
0.9314170472500924 1
0.9314186101477102 1
0.931456692463213 1
0.9314663387737597 1
0.9314797124583133 1
0.931487910714112 1
0.9314979005739515 1
0.9314979005739517 1
0.9315059839868803 2
0.9315059839868804 1
0.9315059839868806 1
0.9315181701269906 1
0.9315296096968976 1
0.9315514202418423 1
0.9315672011403531 1
0.9315692549100182 2
0.9315910654549628 1
0.9315926283525807 1
0.9316104630207568 1
0.9316120259183743 1
0.9316164926640205 1
0.9316185464336855 1
0.9316307106680835 1
0.9316371057663525 1
0.9316525431187405 1
0.9316586459028232 1
0.9316597545444238 2
0.9316952785082591 1
0.9317318335449818 1
0.9317618324475555 1
0.9317635426679277 1
0.9317656877162612 1
0.9317714787581022 1
0.931798937831113 1
0.9318071856635293 1
0.9318608102761203 1
0.9318728319967429 2
0.9318743948943607 1
0.9318904143974642 1
0.9318904143974643 1
0.9318904143974646 1
0.9319236864180281 1
0.9319300596105851 1
0.9319300596105852 1
0.9319310365425306 1
0.9319561202054654 1
0.931961768733531 3
0.9319793511342525 1
0.9320029768442695 1
0.9320110602571984 1
0.9320199732793187 1
0.9320215043730552 1
0.9320215043730553 1
0.9320426220573901 2
0.932050705470319 1
0.9320547862917882 1
0.9320547862917883 1
0.932064432602335 1
0.9321040778154555 1
0.9321040778154556 1
0.9321315587941781 1
0.9321543462710687 1
0.932167719955622 1
0.9321833682416968 1
0.9321939914841891 1
0.9321939914841892 1
0.9321978467528949 1
0.9322157921309646 1
0.9322197304386585 1
0.9322326597653643 1
0.9322572624073269 1
0.9323065539309943 1
0.9323483123885672 1
0.9323501651227146 1
0.9323718649577654 1
0.9323858443572357 1
0.932411510170886 1
0.9324270524679743 1
0.932435135880903 1
0.9324447821914498 1
0.9324696234380052 1
0.9324747810940237 1
0.9324763439916413 1
0.9324775595281797 1
0.932548391188318 1
0.932552039659482 1
0.9325758820652097 1
0.9326101310177193 1
0.9326361403806626 1
0.9326648188019976 1
0.9326678495036085 1
0.932669412401226 1
0.932708714065054 1
0.9327288044914576 1
0.9327290666570811 2
0.9327588033940313 1
0.9327632920485595 1
0.9327799210783664 1
0.9327907829254514 1
0.9328022224953583 1
0.932819566291487 1
0.9328259076801625 1
0.9328434306060968 1
0.9328592115046077 1
0.9328672949175366 1
0.9329000722542666 3
0.9329211581347201 1
0.9329211581347202 1
0.9329397174673874 1
0.9329445315772829 1
0.9329492358832355 1
0.9330020114585794 1
0.9330035743561971 1
0.9330126347010718 2
0.9330280720534596 1
0.9330522799141923 1
0.93305384281181 1
0.9330682994172959 1
0.933091319412396 1
0.9331015714378599 1
0.9331031124297653 1
0.9331412166509803 2
0.9331533808853785 2
0.9331672772458606 1
0.9331808618641009 1
0.933180861864101 1
0.9331866529059423 1
0.933187367672264 1
0.9331930260984991 1
0.9332270128853847 1
0.9332326713116198 1
0.9332423176221664 1
0.9332423176221666 1
0.9332771525403482 1
0.9332819628352871 1
0.9333055885453042 2
0.9333071514429221 1
0.933315234855851 1
0.9333162117877967 1
0.9333196274195618 1
0.9333216080484078 1
0.9333216080484079 1
0.9333355044088901 1
0.9333452337584248 1
0.9333534815908413 1
0.9333548800689714 2
0.9333548800689715 1
0.9333558570009173 1
0.9333864418691633 1
0.9333864418691634 1
0.9333945252820922 1
0.9333945252820923 1
0.9334147948351312 1
0.9334351474271585 2
0.9334463566353232 1
0.933484438950826 3
0.9334860018484438 1
0.9335156572017249 1
0.9335240841639465 2
0.9335253035122715 1
0.9335256470615643 2
0.9335652922746851 1
0.9335692582532844 1
0.9335710833165263 1
0.9335733756876138 2
0.9335733756876139 1
0.9335749385852317 1
0.9335888130400017 1
0.9336091656320291 1
0.9336488108451496 2
0.9336706432958064 1
0.9336802896063534 1
0.9336884560582703 1
0.933698102368817 2
0.9337296641690088 1
0.9337336301476086 1
0.9337377475819376 1
0.9337732753607291 1
0.9337773927950584 1
0.9337799326246219 1
0.9338186009057966 1
0.9338266843187257 1
0.9338292241482893 2
0.9338307552420256 1
0.9338663295318465 1
0.9338678924294643 1
0.9338688693614098 1
0.9339085145745305 1
0.9339181608850773 2
0.9339278071956238 1
0.9339496908813877 1
0.9339553988842407 1
0.9339974513113186 1
0.9340428875662805 1
0.9340715840815412 1
0.9340835097113467 1
0.934113979736723 1
0.9341782374899759 1
0.9342256444756144 1
0.9342301649340239 1
0.934251736874376 1
0.9342852474995322 1
0.9342868103971504 1
0.934340673611164 1
0.9343503199217109 1
0.9343767240658838 1
0.9344041831388944 1
0.9344453912496329 1
0.934445391249633 1
0.9344834735651356 1
0.9344834735651358 1
0.934486889196901 1
0.9345050455054879 1
0.9345146918160345 1
0.9345167455856993 1
0.9345353049183666 1
0.9345543370291552 1
0.9345579536964377 1
0.9345903874838752 1
0.9345960360119407 1
0.9346036285528225 1
0.934614595344608 1
0.9346372441226793 1
0.9346432737659432 1
0.9346590546676241 1
0.9346829189790639 1
0.934682918979064 1
0.934703532081396 1
0.934711033343609 1
0.9347982598600253 1
0.934813697212413 1
0.9348218855700421 1
0.9348218855700422 1
0.9348379050731458 1
0.9348388820050915 1
0.9348512787576995 1
0.9348711770937095 1
0.9349171954993871 1
0.9349181724313327 1
0.9349408212094041 1
0.9349489046223332 1
0.9349568407125077 1
0.9349626317543489 1
0.9349885498354538 1
0.9350022769674696 1
0.9350086402618574 1
0.9350313208438099 1
0.9350419221805903 1
0.9350467543812415 1
0.9350564006917882 1
0.9350652857249835 1
0.9350815673937108 1
0.9350921906362032 1
0.9350921906362033 1
0.9350960459049088 1
0.9351318358493238 1
0.9351714810624445 1
0.9352101493436197 1
0.9352207725861119 1
0.9352304188966584 1
0.9352604177992326 2
0.9352604177992327 1
0.9353000630123531 1
0.9353236887223702 1
0.9353236887223705 1
0.9353252516199881 1
0.9353270213151476 1
0.9353333350329168 1
0.935333335032917 1
0.935355145577862 1
0.9353648968331089 1
0.9353729802460379 1
0.9353826265565843 1
0.9353851444804357 1
0.9354120197442414 1
0.9354126254591583 1
0.9354126254591584 1
0.9354141883567761 1
0.9354619169828257 1
0.9354644349066773 1
0.9355015621959463 1
0.9355015621959464 3
0.9355137264303446 1
0.9355630179540115 1
0.9356026631671327 1
0.9356765573327626 1
0.9357102323774066 1
0.9357162025458833 1
0.935717765443501 2
0.9357618993111497 1
0.9357654940695506 2
0.9358051392826713 1
0.9358447844957918 1
0.9358447844957919 1
0.9358531153671964 1
0.9358940760194592 1
0.9360061437824306 1
0.936079061016115 2
0.9361187062292357 1
0.9361187062292358 2
0.9361895696932551 1
0.9362256201479751 1
0.936235266458522 1
0.936246765503216 1
0.9362927244341063 1
0.9363033476765986 1
0.9363323696472269 1
0.936332369647227 1
0.9363339325448446 1
0.9363445557873369 1
0.9363826381028401 1
0.9364319296265073 1
0.9364619285290812 2
0.9364715748396278 2
0.9364895520215792 1
0.9364991983321264 1
0.9365266574051365 1
0.9365327919931006 1
0.9365508652658692 1
0.936552428163487 2
0.9365524281634872 2
0.9365663026182572 1
0.9365920733766078 1
0.9365963015208311 1
0.9366359467339517 1
0.9366755919470724 3
0.9366755919470725 1
0.9366974243977292 1
0.9367152371601931 1
0.9367248834707396 1
0.9367248834707398 1
0.936727423300303 1
0.9367564452709316 1
0.9367645286838602 1
0.9367670685134238 1
0.9367767148239706 1
0.9368017984869051 1
0.9368041738969809 1
0.9368041738969811 1
0.9368057367945988 1
0.9368221510789325 1
0.9368375053923321 1
0.936856005250212 1
0.9368956504633326 1
0.9369352956764533 1
0.9370696686682031 1
0.9370706456001487 1
0.9371093138813237 1
0.9371489590944444 2
0.9371489590944445 1
0.9371546670972976 1
0.9371886043075651 3
0.9371992275500574 1
0.9372378958312325 1
0.9372378958312326 1
0.937277541044353 2
0.9372775410443532 1
0.93728430901814 1
0.9372881642868454 1
0.9373239542312607 1
0.937327809499966 1
0.9373278094999662 1
0.9374032446575019 2
0.9374053579019539 1
0.9374128909680485 1
0.9374225372785954 1
0.9374428898706226 1
0.9374921813942899 1
0.9375318266074104 2
0.9375318266074106 1
0.93760173123341 1
0.9376207633441984 1
0.9377757494382805 1
0.9378153946514012 2
0.9378153946514013 1
0.9378550398645217 1
0.9378550398645218 1
0.9378656631070141 1
0.9378946850776424 1
0.9378946850776425 1
0.9379295199958242 1
0.937966039413709 1
0.9379676023113267 1
0.9379894128562717 1
0.9380072475244475 1
0.9380338902700435 1
0.938073535483164 1
0.9380889728355519 1
0.9380889728355521 1
0.9381586169512467 1
0.9381982621643672 1
0.9381982621643674 3
0.9382079084749138 1
0.9382275958772374 1
0.9382379073774879 5
0.9382475536880348 1
0.938267241090358 1
0.9382808257085985 1
0.9383026362535434 1
0.9383108246111724 1
0.9383268441142759 1
0.9383504698242929 1
0.938350469824293 1
0.9383520327219108 1
0.9383616790324575 1
0.938439406561081 1
0.9384733714422547 1
0.9385405075322671 1
0.9385526618684961 1
0.9386556098086355 1
0.9386952550217562 1
0.9386952550217563 1
0.9387033384346851 1
0.9387033384346853 1
0.9387033384346855 1
0.938704901332303 1
0.938723428861089 1
0.9387826288609266 2
0.9387841917585443 1
0.9387841917585444 1
0.938793838069091 2
0.938823836971665 1
0.9388278029502647 1
0.9388319203845938 1
0.9388384261927568 1
0.9388715655977146 1
0.9388731284953326 1
0.9389863838027473 1
0.9390384773216017 1
0.9390917348238688 1
0.9391274140583898 2
0.9391670592715106 1
0.9391869852784267 1
0.9392841698476312 1
0.9392899608894723 1
0.939305287531966 1
0.9394094192047626 1
0.9394887096310041 1
0.9394902725286216 1
0.9394902725286218 1
0.9395041469833919 1
0.9395057098810095 1
0.9395595730950235 1
0.9397435811597336 2
0.9397832263728543 1
0.9397938496153466 2
0.9398334948284672 1
0.9398431411390139 1
0.939843141139014 1
0.9398489321808552 1
0.9398489321808553 1
0.939873140041588 1
0.9398827863521347 1
0.9399224315652552 1
0.9399242842994027 1
0.9399339306099495 1
0.9399620767783761 1
0.939988137373256 1
0.9400471582464582 1
0.9400828651518854 1
0.9400868034595792 1
0.9401167193231647 1
0.9401360949832465 2
0.9401757401963673 1
0.9401767171283129 1
0.9402153854094877 1
0.9402656538651009 2
0.9403149453887681 1
0.9403821822905054 1
0.9404300257594245 1
0.9404396720699713 1
0.9405189624962127 2
0.9405286088067594 1
0.9405586077093332 1
0.9406200535692295 1
0.9406475444461212 1
0.9410997344343712 1
0.941218670073733 1
0.94122504326629 1
0.9412583152868538 1
0.9412646884794107 1
0.9413376057130951 1
0.9414783518974018 1
0.9415179971105225 1
0.9415991621766234 1
0.9416031004843173 1
0.9416411827998199 2
0.9416808280129405 1
0.9416823909105583 1
0.9416904743234872 1
0.9417204732260612 2
0.9417301195366079 1
0.9417480967185593 1
0.9417480967185594 1
0.9417697647497286 2
0.9417713276473464 2
0.9418506180735878 1
0.941855560984133 1
0.9420352595209507 1
0.9420652584235243 1
0.9421049036366453 2
0.9421185159257915 1
0.9421541951603126 1
0.9421938403734333 2
0.9422827771102213 1
0.9424481259364907 1
0.9424974174601581 1
0.9425070637707047 1
0.9425370626732787 1
0.9427809855041487 1
0.9428602759303901 1
0.9429907106144461 1
0.9430342941352605 1
0.9431532297746223 1
0.9431532297746225 1
0.9432034982302355 1
0.9432924349670236 1
0.943332080180144 1
0.9433378712219854 1
0.9434568068613473 1
0.9434568068613474 1
0.943496452074468 2
0.9435853888112561 1
0.9441009091974308 1
0.9445505911599986 1
0.9445886734755014 1
0.9447076091148632 1
0.9447472543279839 1
0.9448145230336027 1
0.9449334586729649 2
0.9449991644809655 1
0.9450523943123266 1
0.9450920395254472 2
0.9451413310491147 1
0.9453656177095983 1
0.9453956166121722 1
0.9454449081358396 1
0.9455241985620808 1
0.9455638437752014 1
0.9455638437752016 1
0.9455734900857482 1
0.9456131352988689 1
0.9461906341190375 1
0.9462302793321582 1
0.9463646523239082 1
0.9464042975370287 1
0.9464439427501493 1
0.9464835879632701 1
0.9465232331763906 1
0.9465232331763908 2
0.9480395302011285 1
0.9480791754142495 1
0.9481584658404906 1
0.9483034620747329 1
0.9483827525009743 1
0.9484223977140949 1
0.9484320440246417 1
0.9484620429272155 1
0.948511334450883 2
0.9485509796640037 1
0.9485906248771242 2
0.9514888240291383 2
