3 0.6536980663862533
1 0.09127381983204608
100 0.9680833780226906
42 0.5612506710186784
46 0.6219236812266551
63 0.7245300146020965
68 0.6174849441391825
49 0.07657994990954797
88 0.9268456006215319
96 0.14706316065393155
22 0.6631161401050891
27 0.8574774496808101
79 0.29542926970848526
41 0.23674851653335505
50 0.14119344713777782
69 0.9575860825155067
74 0.892080967969116
81 0.3859463571596472
59 0.09494148951142689
2 0.9234305450293958
98 0.8421592899173218
65 0.8921849210917869
57 0.4087436045231235
91 0.01345788048325558
61 0.5411817380584526
16 0.8437610812887583
95 0.9870538935993779
39 0.28123092114184034
40 0.9961346445406438
92 0.7942639789436028
93 0.2395449625001309
30 0.8220626770021414
31 0.23952086414755547
33 0.6763858010563439
34 0.14316295785689204
76 0.5476536374488897
38 0.12186468438160125
28 0.21398776336579228
4 0.14043023606881855
5 0.7891867346437639
67 0.7714670011114871
82 0.7499924468137685
60 0.6027320277539817
86 0.9639728322849404
6 0.15502335338061546
14 0.8262670828236762
51 0.9759785689543917
99 0.5002582107572852
37 0.437755816021807
45 0.11863321100099256
19 0.1298296983299011
29 0.5223873037151389
7 0.5478681064011425
8 0.9024683666305064
35 0.8466403403345327
94 0.9557972498280779
72 0.7980591793121965
23 0.011633402733904896
66 0.16301084901940843
85 0.8243027283944362
56 0.7753990338151788
36 0.40405071134213855
54 0.5962312097570951
73 0.5322009015291896
70 0.7804200925671665
12 0.5025674022085465
15 0.7271822529518392
17 0.7268135274663177
77 0.43110632004312444
78 0.6178430226292552
90 0.008553375770412264
80 0.1696207467028975
26 0.4984445282897262
84 0.9117204792130108
44 0.46870338156924884
20 0.20109116463418752
9 0.7350519488946147
24 0.005315322859835936
48 0.44642577660099525
47 0.4158704771999149
32 0.7999725108957492
87 0.1423764855690376
55 0.8988797279733657
75 0.5020016626340544
71 0.8372132966036331
43 0.5242739301922936
21 0.6011204903337032
52 0.23753861857934921
83 0.046560083230302474
62 0.7505406458414735
13 0.7846858733879403
10 0.5071000835782142
64 0.4364452054394249
89 0.8895833738832175
53 0.16189413245155826
58 0.6890057128009167
97 0.8734799498185835
18 0.18216117340221571
25 0.9672714539375628
11 0.6581264443367181
