
 0.610
 0.603
 0.634
 0.608
 0.622
 0.613
 0.606
 0.613
 0.620
 0.630
 0.627
 0.630
 0.622
 0.632
 0.630
 0.628
 0.647
 0.627
 0.645
 0.622
 0.610
 0.621
 0.628
 0.635
 0.618
 0.624
 0.625
 0.634
 0.642
 0.631
 0.606
 0.624
 0.632
 0.649
 0.638
 0.625
 0.627
 0.618
 0.631
 0.626
 0.643
 0.607
 0.644
 0.605
 0.629
 0.629
 0.627
 0.633
 0.627
 0.622
 0.617
 0.637
 0.626
 0.631
 0.617
 0.602
 0.622
 0.637
 0.640
 0.630
 0.633
 0.617
 0.638
 0.626
 0.619
 0.634
 0.631
 0.631
 0.637
 0.632
 0.643
 0.638
 0.639
 0.640
 0.620
 0.620
 0.613
 0.632
 0.634
 0.639
 0.633
 0.648
 0.627
 0.633
 0.622
 0.644
 0.639
 0.631
 0.640
 0.651
 0.643
 0.647
 0.661
 0.647
 0.664
 0.631
 0.660
 0.647
 0.636
 0.655
 0.648
 0.662
 0.667
 0.682
 0.653
 0.661
 0.673
 0.672
 0.674
 0.678
 0.681
 0.667
 0.671
 0.669
 0.673
 0.666
 0.671
 0.662
 0.678
 0.693
 0.681
 0.677
 0.665
 0.666
 0.678
 0.674
 0.652
 0.662
 0.688
 0.668
 0.684
 0.688
 0.699
 0.688
 0.691
 0.684
 0.684
 0.701
 0.696
 0.701
 0.687
 0.689
 0.690
 0.656
 0.684
 0.687
 0.704
 0.687
 0.686
 0.666
 0.681
 0.699
 0.670
 0.704
 0.697
 0.682
 0.696
 0.674
 0.702
 0.693
 0.687
 0.693
 0.698
 0.707
 0.700
 0.707
 0.718
 0.710
 0.711
 0.701
 0.693
 0.725
 0.709
 0.700
 0.692
 0.714
 0.708
 0.712
 0.714
 0.696
 0.713
 0.720
 0.707
 0.697
 0.701
 0.703
 0.714
 0.714
 0.719
 0.728
 0.715
 0.705
 0.735
 0.714
 0.721
 0.709
 0.739
 0.727
 0.704
 0.728
 0.704
 0.729
 0.726
 0.704
 0.737
 0.727
 0.714
 0.715
 0.724
 0.729
 0.729
 0.711
 0.721
 0.732
 0.730
 0.726
 0.739
 0.707
 0.733
 0.735
 0.741
 0.732
 0.721
 0.746
 0.728
 0.744
 0.751
 0.741
 0.749
 0.726
 0.733
 0.738
 0.736
 0.752
 0.700
 0.742
 0.736
 0.747
 0.751
 0.738
 0.749
 0.755
 0.736
 0.715
 0.748
 0.749
 0.733
 0.759
 0.741
 0.754
 0.752
 0.751
 0.757
 0.764
 0.726
 0.772
 0.746
 0.748
 0.752
 0.751
 0.764
 0.771
 0.753
 0.749
 0.750
 0.747
 0.751
 0.773
 0.759
 0.762
 0.770
 0.779
 0.779
 0.752
 0.771
 0.767
 0.764
 0.787
 0.770
 0.763
 0.774
 0.797
 0.772
 0.779
 0.766
 0.742
 0.786
 0.772
 0.790
 0.784
 0.776
 0.796
 0.798
 0.797
 0.779
 0.755
 0.782
 0.755
 0.773
 0.778
 0.785
 0.786
 0.773
 0.776
 0.793
 0.784
 0.798
 0.788
 0.787
 0.791
 0.793
 0.773
 0.769
 0.794
 0.781
 0.790
 0.790
 0.782
 0.799
 0.792
 0.792
 0.787
 0.800
 0.778
 0.781
 0.782
 0.792
 0.810
 0.795
 0.790
 0.774
 0.804
 0.774
 0.787
 0.778
 0.807
 0.803
 0.779
 0.803
 0.789
 0.777
 0.807
 0.795
 0.836
 0.812
 0.789
 0.806
 0.817
 0.805
 0.827
 0.779
 0.805
 0.788
 0.793
 0.812
 0.810
 0.803
 0.813
 0.816
 0.804
 0.813
 0.804
 0.817
 0.796
 0.838
 0.777
 0.829
 0.801
 0.832
 0.837
 0.786
 0.826
 0.802
 0.809
 0.840
 0.826
 0.815
 0.825
 0.834
 0.819
 0.811
 0.822
 0.827
 0.817
 0.825
 0.829
 0.825
 0.837
 0.824
 0.811
 0.816
 0.843
 0.805
 0.810
 0.823
 0.832
 0.836
 0.818
 0.826
 0.835
 0.824
 0.830
 0.810
 0.825
 0.809
 0.838
 0.821
 0.793
 0.835
 0.831
 0.827
 0.829
 0.825
 0.833
 0.830
 0.834
 0.822
 0.864
 0.843
 0.853
 0.858
 0.836
 0.829
 0.857
 0.837
 0.829
 0.831
 0.867
 0.824
 0.864
 0.835
 0.864
 0.840
 0.845
 0.852
 0.862
 0.846
 0.847
 0.847
 0.865
 0.846
 0.845
 0.822
 0.844
 0.878
 0.865
 0.854
 0.879
 0.850
 0.848
 0.845
 0.863
 0.823
 0.824
 0.843
 0.835
 0.857
 0.825
 0.867
 0.842
 0.858
 0.864
 0.873
 0.855
 0.875
 0.813
 0.858
 0.855
 0.835
 0.852
 0.838
 0.855
 0.845
 0.869
 0.853
 0.857
 0.867
 0.872
 0.855
 0.858
 0.876
 0.862
 0.842
 0.855
 0.841
 0.823
 0.877
 0.879
 0.846
 0.858
 0.882
 0.856
 0.836
 0.854
 0.864
 0.826
 0.864
 0.864
 0.818
 0.879
 0.867
 0.842
 0.876
 0.877
 0.869
 0.852
 0.880
 0.860
 0.829
 0.879
 0.889
 0.899
 0.886
 0.856
 0.859
 0.884
 0.881
 0.875
 0.888
 0.866
 0.883
 0.877
 0.876
 0.865
 0.829
 0.853
 0.869
 0.858
 0.850
 0.867
 0.893
 0.883
 0.862
 0.889
 0.871
 0.866
 0.882
 0.886
 0.871
 0.866
 0.870
 0.876
 0.868
 0.902
 0.900
 0.875
 0.861
 0.871
 0.886
 0.889
 0.840
 0.861
 0.902
 0.882
 0.848
 0.867
 0.900
 0.894
 0.885
 0.881
 0.868
 0.884
 0.833
 0.891
 0.877
 0.868
 0.872
 0.863
 0.887
 0.872
 0.884
 0.883
 0.861
 0.875
 0.869
 0.895
 0.877
 0.884
 0.873
 0.906
 0.874
 0.843
 0.893
 0.863
 0.881
 0.866
 0.870
 0.889
 0.876
 0.861
 0.902
 0.859
 0.882
 0.899
 0.892
 0.894
 0.892
 0.866
 0.903
 0.886
 0.875
 0.878
 0.837
 0.830
 0.866
 0.881
 0.853
 0.884
 0.874
 0.873
 0.898
 0.886
 0.881
 0.854
 0.866
 0.868
 0.888
 0.863
 0.856
 0.891
 0.868
 0.899
 0.865
 0.873
 0.865
 0.871
 0.881
 0.875
 0.901
 0.855
 0.895
 0.871
 0.890
 0.895
 0.885
 0.855
 0.882
 0.867
 0.866
 0.878
 0.878
 0.864
 0.885
 0.880
 0.889
 0.880
 0.875
 0.852
 0.887
 0.876
 0.870
 0.860
 0.881
 0.862
 0.861
 0.893
 0.858
 0.868
 0.892
 0.883
 0.898
 0.869
 0.857
 0.853
 0.863
 0.874
 0.857
 0.890
 0.881
 0.872
 0.898
 0.884
 0.887
 0.878
 0.887
 0.892
 0.881
 0.903
 0.882
 0.890
 0.884
 0.896
 0.875
 0.850
 0.909
 0.890
 0.882
 0.859
 0.868
 0.839
 0.862
 0.882
 0.861
 0.880
 0.886
 0.886
 0.907
 0.895
 0.884
 0.877
 0.891
 0.888
 0.895
 0.905
 0.894
 0.868
 0.893
 0.868
 0.870
 0.888
 0.878
 0.906
 0.907
 0.898
 0.882
 0.880
 0.886
 0.858
 0.887
 0.910
 0.877
 0.902
 0.858
 0.897
 0.877
 0.868
 0.911
 0.869
 0.874
 0.862
 0.879
 0.908
 0.887
 0.895
 0.896
 0.905
 0.870
 0.896
 0.884
 0.889
 0.850
 0.875
 0.891
 0.868
 0.878
 0.889
 0.885
 0.909
 0.897
 0.866
 0.894
 0.888
 0.877
 0.899
 0.900
 0.861
 0.893
 0.879
 0.882
 0.867
 0.871
 0.899
 0.884
 0.885
 0.882
 0.865
 0.884
 0.898
 0.859
 0.885
 0.902
 0.898
 0.880
 0.860
 0.891
 0.885
 0.887
 0.893
 0.892
 0.897
 0.903
 0.874
 0.888
 0.894
 0.879
 0.914
 0.881
 0.892
 0.867
 0.882
 0.894
 0.838
 0.899
 0.875
 0.902
 0.885
 0.875
 0.874
 0.896
 0.903
 0.880
 0.888
 0.908
 0.839
 0.900
 0.902
 0.881
 0.907
 0.877
 0.898
 0.895
 0.875
 0.890
 0.900
 0.894
 0.860
 0.894
 0.879
 0.884
 0.849
 0.912
 0.877
 0.895
 0.895
 0.854
 0.905
 0.885
 0.909
 0.895
 0.900
 0.887
 0.899
 0.857
 0.903
 0.884
 0.885
 0.900
 0.881
 0.919
 0.894
 0.861
 0.900
 0.870
 0.878
 0.906
 0.877
 0.873
 0.905
 0.917
 0.886
 0.879
 0.888
 0.898
 0.884
 0.885
 0.900
 0.876
 0.896
 0.903
 0.887
 0.888
 0.893
 0.895
 0.902
 0.893
 0.845
 0.871
 0.890
 0.901
 0.883
 0.892
 0.845
 0.897
 0.902
 0.853
 0.898
 0.902
 0.891
 0.901
 0.886
 0.894
 0.897
 0.897
 0.898
 0.863
 0.880
 0.901
 0.902
 0.881
 0.883
 0.893
 0.892
 0.870
 0.888
 0.902
 0.898
 0.892
 0.885
 0.903
 0.906
 0.880
 0.858
 0.888
 0.881
 0.905
 0.849
 0.901
 0.906
 0.865
 0.900
 0.856
 0.901
 0.875
 0.908
 0.899
 0.882
 0.884
 0.885
 0.888
 0.885
 0.876
 0.888
 0.901
 0.896
 0.862
 0.880
 0.912
 0.898
 0.877
 0.892
 0.907
 0.898
 0.919
 0.893
 0.897
 0.907
 0.911
 0.892
 0.878
 0.903
 0.903
 0.868
 0.867
 0.905
 0.887
 0.868
 0.896
 0.894
 0.884
 0.874
 0.873
 0.875
 0.882
 0.916
 0.914
 0.886
 0.901
 0.854
 0.896
 0.866
 0.881
 0.877
 0.865
 0.878
 0.904
 0.888
 0.877
 0.865
 0.877
 0.908
 0.893
 0.885
 0.887
 0.903
 0.867
 0.875
 0.912
 0.895
 0.889
 0.887
 0.895
 0.898
 0.909
 0.902
 0.901
 0.893
 0.872
 0.903
 0.867
 0.897
 0.899
 0.876
 0.900
 0.882
 0.872
 0.883
 0.893
 0.888
 0.879
 0.901
 0.896
 0.899
 0.892
 0.873
 0.880
 0.891
 0.881
 0.859
 0.900
 0.888
 0.917
 0.893
 0.910
 0.897
 0.877
 0.910
 0.874
 0.877
 0.885
 0.904
 0.879
 0.903
 0.915
 0.883
 0.878
 0.869
 0.873
 0.903
 0.901
 0.883
 0.897
 0.896
 0.915
 0.883
 0.856
 0.875
 0.897
 0.874
 0.873
 0.857
 0.899
 0.862
 0.904
 0.898
 0.920
 0.883
 0.894
 0.881
 0.895
 0.869
 0.903
 0.871
 0.904
 0.906
 0.884
 0.899
 0.884
 0.894
 0.888
 0.905
 0.898
 0.855
 0.892
 0.896
 0.900
 0.897
 0.907
 0.880
 0.908
 0.905
 0.900
 0.891
 0.866
 0.884
 0.896
 0.895
 0.882
 0.900
 0.897
 0.911
 0.888
 0.890
 0.891
 0.908
 0.890
 0.877
 0.888
 0.897
 0.895
 0.852
 0.868
 0.909
 0.886
 0.896
 0.892
 0.904
 0.896
 0.883
 0.891
 0.905
 0.891
 0.892
 0.903
 0.895
 0.912
 0.869
 0.900
 0.925
 0.889
 0.889
 0.890
 0.886
 0.909
 0.880
 0.888
 0.904
 0.901
 0.901
 0.863
 0.894
 0.893
 0.916
 0.909
 0.893
 0.918
 0.861
 0.889
 0.889
 0.899
 0.883
 0.886
 0.910
 0.916
 0.884
 0.890
 0.889
 0.877
 0.885
 0.869
 0.878
 0.897
 0.890
 0.902
 0.923
 0.883
 0.879
 0.914
 0.890
 0.908
 0.897
 0.877
 0.898
 0.902
 0.898
 0.893
 0.909
 0.900
 0.865
 0.876
 0.905
 0.894
 0.902
 0.886
 0.866
 0.895
 0.880
 0.877
 0.895
 0.909
 0.881
 0.900
 0.906
 0.887
 0.893
 0.871
 0.880
 0.890
 0.899
 0.889
 0.904
 0.911
 0.894
 0.901
 0.916
 0.903
 0.894
 0.903
 0.883
 0.919
 0.894
 0.893
 0.894
 0.875
 0.896
 0.888
 0.855
 0.899
 0.883
 0.906
 0.897
 0.885
 0.910
 0.873
 0.901
 0.872
 0.860
 0.884
 0.897
 0.910
 0.908
 0.886
 0.877
 0.892
 0.877
 0.884
 0.891
 0.903
 0.902
 0.874
 0.887
 0.861
 0.903
 0.906
 0.899
 0.871
 0.903
 0.899
 0.906
 0.893
 0.883
 0.889
 0.885
 0.896
 0.911
 0.900
 0.888
 0.913
 0.865
 0.894
 0.861
 0.899
 0.897
 0.891
 0.920
 0.871
 0.899
 0.868
 0.884
 0.895
 0.888
 0.886
 0.918
 0.902
 0.891
 0.893
 0.883
 0.906
 0.894
 0.891
 0.884
 0.891
 0.886
 0.884
 0.916
 0.864
 0.889
 0.906
 0.882
 0.875
 0.913
 0.912
 0.884
 0.898
 0.913
 0.872
 0.887
 0.894
 0.884
 0.899
 0.914
 0.906
 0.896
 0.880
 0.899
 0.905
 0.877
 0.882
 0.866
 0.894
 0.910
 0.878
 0.905
 0.910
 0.903
 0.917
 0.902
 0.899
 0.910
 0.893
 0.933
 0.874
 0.874
 0.918
 0.852
 0.908
 0.908
 0.897
 0.907
 0.889
 0.899
 0.899
 0.910
 0.884
 0.889
 0.924
 0.892
 0.905
 0.906
 0.887
 0.903
 0.902
 0.899
 0.892
 0.888
 0.903
 0.906
 0.897
 0.909
 0.903
 0.892
 0.856
 0.881
 0.913
 0.897
 0.888
 0.899
 0.901
 0.867
 0.912
 0.900
 0.896
 0.910
 0.899
 0.909
 0.887
 0.901
 0.901
 0.916
 0.899
 0.883
 0.884
 0.894
 0.904
 0.889
 0.894
 0.890
 0.908
 0.902
 0.904
 0.910
 0.887
 0.904
 0.871
 0.882
 0.878
 0.898
 0.896
 0.903
 0.894
 0.895
 0.901
 0.904
 0.899
 0.892
 0.884
 0.901
 0.896
 0.869
 0.892
 0.866
 0.899
 0.881
 0.872
 0.856
 0.920
 0.898
 0.898
 0.882
 0.909
 0.879
 0.924
 0.917
 0.905
 0.911
 0.904
 0.912
 0.910
 0.894
 0.896
 0.892
 0.884
 0.921
 0.917
 0.893
 0.909
 0.895
 0.900
 0.917
 0.895
 0.879
 0.916
 0.885
 0.904
 0.868
 0.917
 0.903
 0.924
 0.883
 0.878
 0.917
 0.900
 0.867
 0.913
 0.883
 0.905
 0.898
 0.879
 0.913
 0.914
 0.892
 0.892
 0.882
 0.896
 0.908
 0.883
 0.897
 0.891
 0.893
 0.920
 0.879
 0.898
 0.880
 0.889
 0.919
 0.901
 0.917
 0.908
 0.900
 0.885
 0.901
 0.913
 0.914
 0.934
 0.907
 0.907
 0.887
 0.931
 0.920
 0.907
 0.887
 0.920
 0.912
 0.906
 0.915
 0.894
 0.918
 0.883
 0.918
 0.923
 0.869
 0.903
 0.894
 0.891
 0.894
 0.915
 0.917
 0.907
 0.920
 0.898
 0.902
 0.892
 0.919
 0.927
 0.884
 0.909
 0.895
 0.889
 0.890
 0.914
 0.890
 0.903
 0.910
 0.871
 0.899
 0.906
 0.915
 0.900
 0.880
 0.903
 0.922
 0.914
 0.882
 0.917
 0.905
 0.910
 0.903
 0.872
 0.921
 0.916
 0.904
 0.928
 0.901
 0.910
 0.925
 0.890
 0.892
 0.904
 0.901
 0.905
 0.911
 0.906
 0.887
 0.902
 0.905
 0.873
 0.927
 0.896
 0.884
 0.920
 0.901
 0.906
 0.893
 0.929
 0.914
 0.904
 0.914
 0.890
 0.899
 0.902
 0.900
 0.909
 0.889
 0.912
 0.920
 0.931
 0.924
 0.900
 0.902
 0.887
 0.905
 0.879
 0.905
 0.917
 0.896
 0.913
 0.900
 0.930
 0.907
 0.890
 0.927
 0.900
 0.896
 0.907
 0.889
 0.885
 0.886
 0.897
 0.889
 0.913
 0.907
 0.911
 0.909
 0.907
 0.909
 0.923
 0.908
 0.873
 0.888
 0.912
 0.905
 0.909
 0.908
 0.931
 0.929
 0.930
 0.903
 0.889
 0.869
 0.899
 0.907
 0.906
 0.875
 0.912
 0.872
 0.920
 0.905
 0.891
 0.909
 0.917
 0.891
 0.908
 0.925
 0.927
 0.905
 0.941
 0.902
 0.904
 0.932
 0.907
 0.917
 0.917
 0.898
 0.899
 0.897
 0.888
 0.889
 0.920
 0.908
 0.926
 0.911
 0.915
 0.924
 0.911
 0.926
 0.921
 0.938
 0.892
 0.906
 0.901
 0.928
 0.914
 0.901
 0.909
 0.941
 0.928
 0.923
 0.882
 0.929
 0.921
 0.912
 0.892
 0.940
 0.894
 0.902
 0.907
 0.881
 0.900
 0.894
 0.909
 0.921
 0.935
 0.927
 0.913
 0.904
 0.912
 0.926
 0.905
 0.909
 0.901
 0.909
 0.892
 0.913
 0.892
 0.910
 0.917
 0.885
 0.882
 0.901
 0.918
 0.918
 0.932
 0.919
 0.884
 0.875
 0.936
 0.931
 0.919
 0.919
 0.911
 0.874
 0.901
 0.932
 0.917
 0.880
 0.897
 0.942
 0.906
 0.892
 0.909
 0.905
 0.895
 0.905
 0.887
 0.913
 0.921
 0.920
 0.923
 0.928
 0.903
 0.874
 0.877
 0.911
 0.916
 0.897
 0.902
 0.927
 0.907
 0.915
 0.901
 0.894
 0.898
 0.887
 0.927
 0.899
 0.926
 0.884
 0.896
 0.907
 0.914
 0.903
 0.915
 0.912
 0.896
 0.907
 0.906
 0.892
 0.939
 0.930
 0.882
 0.915
 0.924
 0.906
 0.912
 0.902
 0.906
 0.920
 0.918
 0.894
 0.905
 0.913
 0.926
 0.886
 0.918
 0.915
 0.916
 0.902
 0.901
 0.930
 0.888
 0.930
 0.915
 0.910
 0.910
 0.913
 0.932
 0.895
 0.926
 0.918
 0.925
 0.903
 0.883
 0.934
 0.883
 0.900
 0.902
 0.914
 0.925
 0.912
 0.920
 0.903
 0.900
 0.929
 0.909
 0.940
 0.937
 0.923
 0.898
 0.897
 0.916
 0.885
 0.906
 0.914
 0.900
 0.900
 0.883
 0.925
 0.912
 0.932
 0.887
 0.919
 0.936
 0.903
 0.922
 0.939
 0.888
 0.900
 0.899
 0.899
 0.911
 0.923
 0.918
 0.883
 0.918
 0.907
 0.896
 0.921
 0.928
 0.880
 0.940
 0.902
 0.909
 0.918
 0.927
 0.916
 0.926
 0.924
 0.909
 0.903
 0.938
 0.909
 0.904
 0.897
 0.917
 0.858
 0.909
 0.883
 0.895
 0.921
 0.905
 0.939
 0.913
 0.889
 0.919
 0.905
 0.933
 0.915
 0.895
 0.907
 0.907
 0.922
 0.902
 0.905
 0.935
 0.939
 0.917
 0.895
 0.927
 0.912
 0.924
 0.902
 0.915
 0.888
 0.907
 0.926
 0.898
 0.923
 0.916
 0.931
 0.935
 0.907
 0.912
 0.919
 0.913
 0.912
 0.918
 0.906
 0.922
 0.897
 0.930
 0.929
 0.923
 0.924
 0.906
 0.933
 0.933
 0.915
 0.894
 0.898
 0.909
 0.931
 0.880
 0.916
 0.919
 0.924
 0.921
 0.903
 0.901
 0.910
 0.913
 0.924
 0.935
 0.908
 0.933
 0.906
 0.925
 0.886
 0.913
 0.915
 0.908
 0.927
 0.910
 0.908
 0.905
 0.914
 0.928
 0.899
 0.915
 0.918
 0.915
 0.915
 0.899
 0.883
 0.939
 0.924
 0.923
 0.929
 0.917
 0.907
 0.921
 0.927
 0.893
 0.902
 0.890
 0.918
 0.947
 0.926
 0.897
 0.878
 0.923
 0.916
 0.909
 0.897
 0.900
 0.908
 0.932
 0.930
 0.924
 0.912
 0.875
 0.921
 0.904
 0.920
 0.913
 0.939
 0.903
 0.910
 0.922
 0.925
 0.944
 0.922
 0.945
 0.879
 0.904
 0.903
 0.898
 0.895
 0.872
 0.876
 0.918
 0.900
 0.912
 0.911
 0.913
 0.904
 0.916
 0.893
 0.915
 0.922
 0.915
 0.927
 0.881
 0.917
 0.931
 0.919
 0.914
 0.871
 0.900
 0.873
 0.905
 0.917
 0.928
 0.919
 0.892
 0.922
 0.892
 0.946
 0.894
 0.923
 0.941
 0.945
 0.932
 0.913
 0.929
 0.906
 0.920
 0.910
 0.922
 0.906
 0.884
 0.906
 0.911
 0.943
 0.921
 0.927
 0.896
 0.913
 0.925
 0.912
 0.899
 0.905
 0.925
 0.925
 0.920
 0.921
 0.906
 0.945
 0.899
 0.935
 0.910
 0.915
 0.913
 0.886
 0.909
 0.906
 0.902
 0.900
 0.913
 0.891
 0.927
 0.889
 0.906
 0.919
 0.907
 0.917
 0.926
 0.883
 0.906
 0.935
 0.948
 0.923
 0.922
 0.929
 0.949
 0.915
 0.890
 0.908
 0.909
 0.902
 0.900
 0.907
 0.903
 0.896
 0.922
 0.908
 0.934
 0.943
 0.933
 0.902
 0.935
 0.897
 0.937
 0.920
 0.880
 0.894
 0.933
 0.927
 0.903
 0.922
 0.930
 0.856
 0.926
 0.930
 0.916
 0.923
 0.903
 0.919
 0.918
 0.910
 0.937
 0.918
 0.924
 0.917
 0.947
 0.928
 0.936
 0.926
 0.893
 0.933
 0.937
 0.917
 0.923
 0.906
 0.919
 0.913
 0.913
 0.934
 0.932
 0.943
 0.943
 0.918
 0.905
 0.904
 0.911
 0.914
 0.880
 0.908
 0.917
 0.929
 0.897
 0.909
 0.924
 0.931
 0.931
 0.928
 0.921
 0.897
 0.882
 0.923
 0.897
 0.941
 0.916
 0.917
 0.913
 0.935
 0.912
 0.916
 0.925
 0.927
 0.924
 0.911
 0.941
 0.914
 0.924
 0.924
 0.916
 0.915
 0.938
 0.941
 0.894
 0.930
 0.907
 0.913
 0.908
 0.915
 0.892
 0.894
 0.894
 0.918
 0.911
 0.911
 0.936
 0.905
 0.917
 0.904
 0.925
 0.913
 0.902
 0.917
 0.925
 0.905
 0.913
 0.924
 0.929
 0.908
 0.911
 0.925
 0.895
 0.900
 0.929
 0.931
 0.910
 0.904
 0.930
 0.940
 0.882
 0.877
 0.920
 0.881
 0.923
 0.904
 0.911
 0.928
 0.915
 0.915
 0.934
 0.903
 0.909
 0.904
 0.950
 0.938
 0.912
 0.911
 0.906
 0.920
 0.914
 0.924
 0.908
 0.937
 0.928
 0.928
 0.896
 0.895
 0.908
 0.923
 0.941
 0.924
 0.900
 0.946
 0.917
 0.892
 0.907
 0.909
 0.925
 0.904
 0.941
 0.919
 0.900
 0.921
 0.934
 0.928
 0.911
 0.934
 0.924
 0.908
 0.926
 0.920
 0.949
 0.922
 0.922
 0.932
 0.899
 0.882
 0.930
 0.907
 0.929
 0.939
 0.909
 0.893
 0.917
 0.920
 0.942
 0.931
 0.904
 0.911
 0.889
 0.905
 0.909
 0.924
 0.906
 0.935
 0.946
 0.935
 0.908
 0.933
 0.898
 0.918
 0.921
 0.918
 0.920
 0.888
 0.902
 0.905
 0.905
 0.941
 0.923
 0.923
 0.903
 0.941
 0.893
 0.923
 0.926
 0.918
 0.896
 0.911
 0.895
 0.916
 0.942
 0.915
 0.890
 0.899
 0.898
 0.899
 0.937
 0.917
 0.896
 0.909
 0.948
 0.919
 0.915
 0.902
 0.937
 0.904
 0.931
 0.906
 0.926
 0.922
 0.936
 0.907
 0.929
 0.952
 0.909
 0.908
 0.913
 0.900
 0.936
 0.924
 0.924
 0.919
 0.924
 0.918
 0.919
 0.944
 0.896
 0.936
 0.924
 0.906
 0.889
 0.898
 0.929
 0.924
 0.934
 0.941
 0.933
 0.932
 0.888
 0.927
 0.902
 0.927
 0.943
 0.933
 0.907
 0.907
 0.941
 0.928
 0.890
 0.924
 0.938
 0.922
 0.880
 0.897
 0.943
 0.911
 0.900
 0.934
 0.908
 0.909
 0.940
 0.937
 0.935
 0.938
 0.913
 0.900
 0.924
 0.902
 0.907
 0.934
 0.898
 0.908
 0.916
 0.932
 0.918
 0.916
 0.893
 0.902
 0.916
 0.917
 0.904
 0.922
 0.922
 0.919
 0.937
 0.927
 0.946
 0.911
 0.926
 0.944
 0.931
 0.898
 0.935
 0.930
 0.892
 0.943
 0.918
 0.905
 0.900
 0.942
 0.906
 0.930
 0.934
 0.918
 0.937
 0.929
 0.906
 0.907
 0.901
 0.922
 0.927
 0.909
 0.908
 0.902
 0.920
 0.897
 0.927
 0.922
 0.936
 0.910
 0.921
 0.931
 0.905
 0.883
 0.916
 0.933
 0.918
 0.914
 0.938
 0.911
 0.906
 0.934
 0.932
 0.947
 0.904
 0.920
 0.914
 0.911
 0.915
 0.894
 0.947
 0.932
 0.942
 0.895
 0.936
 0.915
 0.915
 0.939
 0.917
 0.904
 0.937
 0.928
 0.914
 0.891
 0.913
 0.932
 0.915
 0.939
 0.901
 0.930
 0.933
 0.916
 0.941
 0.936
 0.910
 0.899
 0.935
 0.930
 0.893
 0.920
 0.934
 0.912
 0.936
 0.910
 0.940
 0.941
 0.946
 0.920
 0.916
 0.887
 0.910
 0.930
 0.908
 0.924
 0.938
 0.913
 0.906
 0.945
 0.925
 0.921
 0.919
 0.922
 0.931
 0.936
 0.925
 0.891
 0.928
 0.922
 0.906
 0.920
 0.908
 0.889
 0.918
 0.936
 0.934
 0.944
 0.896
 0.933
 0.912
 0.937
 0.922
 0.912
 0.908
 0.925
 0.920
 0.919
 0.911
 0.919
 0.942
 0.893
 0.931
 0.902
 0.914
 0.919
 0.909
 0.918
 0.921
 0.907
 0.917
 0.931
 0.935
 0.920
 0.924
 0.930
 0.908
 0.904
 0.918
 0.940
 0.915
 0.936
 0.906
 0.924
 0.906
 0.910
 0.920
 0.942
 0.922
 0.879
 0.902
 0.931
 0.911
 0.902
 0.924
 0.912
 0.904
 0.924
 0.932
 0.946
 0.908
 0.927
 0.940
 0.899
 0.903
 0.917
 0.942
 0.918
 0.954
 0.887
 0.912
 0.936
 0.930
 0.910
 0.931
 0.906
 0.904
 0.945
 0.916
 0.935
 0.910
 0.929
 0.922
 0.932
 0.940
 0.919
 0.895
 0.923
 0.927
 0.948
 0.918
 0.919
 0.914
 0.918
 0.897
 0.926
 0.913
 0.925
 0.926
 0.923
 0.893
 0.900
 0.927
 0.913
 0.907
 0.916
 0.923
 0.927
 0.931
 0.926
 0.900
 0.930
 0.938
 0.945
 0.910
 0.908
 0.868
 0.908
 0.953
 0.918
 0.920
 0.904
 0.956
 0.887
 0.932
 0.897
 0.929
 0.916
 0.874
 0.919
 0.925
 0.914
 0.882
 0.925
 0.905
 0.939
 0.932
 0.913
 0.922
 0.935
 0.909
 0.914
 0.933
 0.944
 0.928
 0.941
 0.934
 0.907
 0.920
 0.896
 0.918
 0.940
 0.928
 0.928
 0.915
 0.903
 0.929
 0.919
 0.912
 0.913
 0.895
 0.899
 0.907
 0.916
 0.926
 0.935
 0.894
 0.916
 0.922
 0.914
 0.921
 0.921
 0.890
 0.953
 0.916
 0.936
 0.932
 0.909
 0.914
 0.919
 0.923
 0.939
 0.937
 0.936
 0.881
 0.941
 0.916
 0.918
 0.927
 0.945
 0.923
 0.935
 0.958
 0.934
 0.887
 0.928
 0.943
 0.936
 0.927
 0.897
 0.924
 0.948
 0.911
 0.933
 0.915
 0.948
 0.949
 0.924
 0.884
 0.914
 0.931
 0.926
 0.915
 0.930
 0.897
 0.898
 0.920
 0.921
 0.925
 0.921
 0.933
 0.928
 0.921
 0.939
 0.926
 0.885
 0.904
 0.906
 0.926
 0.922
 0.946
 0.902
 0.924
 0.935
 0.929
 0.928
 0.940
 0.926
 0.953
 0.933
 0.918
 0.928
 0.900
 0.941
 0.914
 0.923
 0.915
 0.937
 0.903
 0.946
 0.925
 0.938
 0.884
 0.938
 0.940
 0.919
 0.926
 0.939
 0.935
 0.912
 0.932
 0.932
 0.932
 0.931
 0.923
 0.907
 0.930
 0.938
 0.925
 0.944
 0.932
 0.914
 0.918
 0.935
 0.967
 0.934
 0.927
 0.952
 0.955
 0.909
 0.892
 0.922
 0.933
 0.945
 0.933
 0.937
 0.914
 0.914
 0.950
 0.924
 0.944
 0.919
 0.926
 0.927
 0.943
 0.918
 0.908
 0.936
 0.897
 0.922
 0.930
 0.928
 0.913
 0.937
 0.918
 0.925
 0.890
 0.918
 0.921
 0.948
 0.930
 0.931
 0.932
 0.925
 0.928
 0.897
 0.935
 0.910
 0.888
 0.930
 0.928
 0.929
 0.890
 0.920
 0.909
 0.950
 0.935
 0.943
 0.950
 0.918
 0.918
 0.934
 0.930
 0.934
 0.933
 0.900
 0.945
 0.935
 0.931
 0.928
 0.937
 0.930
 0.944
 0.951
 0.929
 0.939
 0.910
 0.919
 0.924
 0.937
 0.924
 0.925
 0.926
 0.933
 0.910
 0.925
 0.932
 0.905
 0.921
 0.927
 0.938
 0.900
 0.903
 0.942
 0.938
 0.936
 0.917
 0.935
 0.917
 0.944
 0.936
 0.929
 0.928
 0.936
 0.917
 0.919
 0.922
 0.925
 0.942
 0.916
 0.910
 0.907
 0.935
 0.913
 0.901
 0.905
 0.925
 0.939
 0.939
 0.911
 0.926
 0.930
 0.927
 0.925
 0.915
 0.907
 0.930
 0.917
 0.932
 0.932
 0.954
 0.908
 0.956
 0.918
 0.931
 0.924
 0.940
 0.926
 0.923
 0.926
 0.928
 0.913
 0.911
 0.914
 0.926
 0.932
 0.895
 0.904
 0.919
 0.941
 0.940
 0.928
 0.930
 0.925
 0.938
 0.932
 0.931
 0.913
 0.910
 0.901
 0.949
 0.944
 0.956
 0.910
 0.938
 0.935
 0.940
 0.917
 0.942
 0.928
 0.919
 0.935
 0.939
 0.946
 0.945
 0.934
 0.931
 0.943
 0.915
 0.886
 0.920
 0.930
 0.908
 0.952
 0.943
 0.926
 0.928
 0.931
 0.912
 0.925
 0.936
 0.931
 0.910
 0.926
 0.953
 0.933
 0.910
 0.941
 0.924
 0.906
 0.928
 0.918
 0.938
 0.922
 0.934
 0.935
 0.956
 0.935
 0.940
 0.920
 0.921
 0.899
 0.948
 0.921
 0.960
 0.931
 0.926
 0.900
 0.924
 0.947
 0.940
 0.889
 0.915
 0.928
 0.916
 0.957
 0.952
 0.942
 0.941
 0.917
 0.932
 0.949
 0.920
 0.940
 0.941
 0.909
 0.936
 0.950
 0.945
 0.927
 0.923
 0.943
 0.933
 0.940
 0.923
 0.920
 0.926
 0.944
 0.940
 0.936
 0.947
 0.932
 0.932
 0.937
 0.905
 0.921
 0.942
 0.939
 0.956
 0.892
 0.922
 0.938
 0.890
 0.952
 0.915
 0.935
 0.904
 0.922
 0.927
 0.922
 0.937
 0.909
 0.940
 0.933
 0.918
 0.923
 0.931
 0.892
 0.926
 0.923
 0.933
 0.923
 0.936
 0.940
 0.934
 0.944
 0.910
 0.924
 0.911
 0.928
 0.912
 0.936
 0.906
 0.926
 0.908
 0.954
 0.924
 0.891
 0.938
 0.936
 0.932
 0.927
 0.946
 0.916
 0.946
 0.943
 0.938
 0.945
 0.939
 0.926
 0.937
 0.950
 0.944
 0.927
 0.944
 0.915
 0.951
 0.931
 0.910
 0.929
 0.929
 0.917
 0.929
 0.918
 0.921
 0.946
 0.900
 0.930
 0.943
 0.928
 0.946
 0.929
 0.922
 0.949
 0.939
 0.941
 0.933
 0.937
 0.921
 0.931
 0.925
 0.923
 0.945
 0.956
 0.903
 0.909
 0.951
 0.928
 0.961
 0.910
 0.906
 0.934
 0.892
 0.948
 0.917
 0.948
 0.925
 0.928
 0.940
 0.891
 0.947
 0.918
 0.945
 0.917
 0.923
 0.890
 0.926
 0.909
 0.942
 0.913
 0.919
 0.945
 0.947
 0.929
 0.946
 0.963
 0.916
 0.908
 0.906
 0.938
 0.923
 0.952
 0.960
 0.944
 0.940
 0.931
 0.963
 0.942
 0.935
 0.939
 0.939
 0.905
 0.959
 0.919
 0.932
 0.952
 0.937
 0.952
 0.926
 0.943
 0.914
 0.909
 0.922
 0.932
 0.931
 0.931
 0.939
 0.929
 0.951
 0.928
 0.907
 0.918
 0.930
 0.939
 0.924
 0.912
 0.948
 0.958
 0.925
 0.933
 0.922
 0.911
 0.942
 0.942
 0.932
 0.923
 0.944
 0.918
 0.926
 0.932
 0.947
 0.921
 0.952
 0.946
 0.857
 0.920
 0.951
 0.952
 0.941
 0.926
 0.945
 0.928
 0.930
 0.952
 0.921
 0.926
 0.929
 0.938
 0.909
 0.921
 0.923
 0.934
 0.953
 0.923
 0.946
 0.941
 0.918
 0.915
 0.965
 0.935
 0.930
 0.941
 0.959
 0.941
 0.926
 0.905
 0.951
 0.935
 0.933
 0.905
 0.931
 0.946
 0.941
 0.917
 0.933
 0.951
 0.921
 0.933
 0.929
 0.906
 0.923
 0.927
 0.936
 0.946
 0.928
 0.932
 0.956
 0.930
 0.950
 0.928
 0.923
 0.881
 0.927
 0.948
 0.952
 0.940
 0.934
 0.937
 0.936
 0.940
 0.952
 0.944
 0.944
 0.930
 0.931
 0.922
 0.933
 0.945
 0.947
 0.925
 0.924
 0.939
 0.930
 0.903
 0.936
 0.931
 0.930
 0.868
 0.942
 0.929
 0.948
 0.920
 0.949
 0.925
 0.937
 0.932
 0.921
 0.896
 0.903
 0.934
 0.950
 0.940
 0.939
 0.912
 0.922
 0.920
 0.951
 0.912
 0.921
 0.940
 0.920
 0.918
 0.939
 0.919
 0.927
 0.920
 0.933
 0.944
 0.942
 0.930
 0.894
 0.946
 0.933
 0.923
 0.961
 0.886
 0.943
 0.929
 0.925
 0.937
 0.939
 0.956
 0.942
 0.937
 0.929
 0.940
 0.965
 0.896
 0.921
 0.919
 0.904
 0.928
 0.923
 0.937
 0.934
 0.936
 0.953
 0.940
 0.940
 0.926
 0.954
 0.945
 0.928
 0.941
 0.951
 0.930
 0.928
 0.935
 0.930
 0.921
 0.946
 0.935
 0.917
 0.902
 0.941
 0.947
 0.940
 0.917
 0.907
 0.942
 0.958
 0.950
 0.921
 0.959
 0.938
 0.959
 0.925
 0.966
 0.946
 0.886
 0.948
 0.938
 0.943
 0.931
 0.933
 0.937
 0.949
 0.939
 0.942
 0.919
 0.932
 0.927
 0.935
 0.937
 0.936
 0.919
 0.952
 0.930
 0.906
 0.927
 0.944
 0.921
 0.903
 0.956
 0.916
 0.935
 0.928
 0.932
 0.937
 0.937
 0.913
 0.939
 0.929
 0.900
 0.910
 0.963
 0.970
 0.964
 0.938
 0.916
 0.953
 0.908
 0.963
 0.919
 0.931
 0.928
 0.956
 0.911
 0.936
 0.931
 0.873
 0.926
 0.927
 0.946
 0.956
 0.910
 0.928
 0.902
 0.932
 0.922
 0.902
 0.954
 0.955
 0.933
 0.945
 0.939
 0.945
 0.945
 0.925
 0.932
 0.911
 0.923
 0.956
 0.942
 0.916
 0.939
 0.943
 0.933
 0.922
 0.944
 0.927
 0.920
 0.915
 0.932
 0.961
 0.922
 0.914
 0.924
 0.896
 0.951
 0.946
 0.949
 0.935
 0.932
 0.941
 0.913
 0.930
 0.921
 0.926
 0.940
 0.940
 0.939
 0.939
 0.921
 0.916
 0.943
 0.934
 0.944
 0.938
 0.937
 0.935
 0.915
 0.924
 0.955
 0.901
 0.901
 0.930
 0.934
 0.908
 0.898
 0.944
 0.946
 0.909
 0.882
 0.911
 0.938
 0.932
 0.919
 0.918
 0.943
 0.924
 0.941
 0.923
 0.930
 0.920
 0.941
 0.906
 0.919
 0.922
 0.935
 0.912
 0.889
 0.948
 0.935
 0.942
 0.937
 0.940
 0.918
 0.926
 0.932
 0.940
 0.884
 0.973
 0.949
 0.932
 0.933
 0.938
 0.952
 0.936
 0.916
 0.950
 0.948
 0.914
 0.940
 0.941
 0.942
 0.957
 0.942
 0.914
 0.950
 0.932
 0.918
 0.952
 0.942
 0.937
 0.941
 0.953
 0.937
 0.918
 0.960
 0.919
 0.910
 0.951
 0.955
 0.908
 0.929
 0.941
 0.908
 0.943
 0.922
 0.938
 0.943
 0.938
 0.928
 0.933
 0.912
 0.946
 0.932
 0.921
 0.926
 0.906
 0.928
 0.930
 0.952
 0.902
 0.941
 0.929
 0.944
 0.958
 0.942
 0.911
 0.946
 0.938
 0.910
 0.913
 0.945
 0.947
 0.921
 0.932
 0.924
 0.919
 0.942
 0.920
 0.941
 0.929
 0.943
 0.937
 0.943
 0.895
 0.970
 0.906
 0.936
 0.918
 0.956
 0.925
 0.925
 0.934
 0.969
 0.902
 0.947
 0.942
 0.943
 0.937
 0.906
 0.934
 0.944
 0.918
 0.929
 0.929
 0.908
 0.917
 0.947
 0.931
 0.952
 0.919
 0.924
 0.924
 0.957
 0.927
 0.914
 0.922
 0.947
 0.933
 0.955
 0.936
 0.940
 0.948
 0.929
 0.917
 0.932
 0.908
 0.942
 0.927
 0.911
 0.938
 0.945
 0.928
 0.919
 0.946
 0.966
 0.946
 0.933
 0.940
 0.930
 0.961
 0.947
 0.953
 0.938
 0.928
 0.914
 0.955
 0.932
 0.934
 0.925
 0.935
 0.946
 0.929
 0.938
 0.942
 0.942
 0.926
 0.928
 0.922
 0.936
 0.931
 0.926
 0.926
 0.947
 0.949
 0.931
 0.953
 0.946
 0.923
 0.934
 0.925
 0.942
 0.942
 0.921
 0.910
 0.966
 0.919
 0.931
 0.947
 0.947
 0.929
 0.940
 0.944
 0.920
 0.935
 0.955
 0.928
 0.928
 0.947
 0.943
 0.930
 0.909
 0.939
 0.952
 0.920
 0.951
 0.913
 0.900
 0.943
 0.926
 0.948
 0.958
 0.931
 0.959
 0.933
 0.930
 0.941
 0.957
 0.956
 0.954
 0.942
 0.952
 0.941
 0.940
 0.904
 0.956
 0.919
 0.925
 0.951
 0.930
 0.911
 0.952
 0.911
 0.948
 0.928
 0.922
 0.904
 0.940
 0.920
 0.949
 0.930
 0.951
 0.946
 0.914
 0.942
 0.939
 0.900
 0.954
 0.934
 0.937
 0.895
 0.945
 0.928
 0.898
 0.949
 0.933
 0.915
 0.916
 0.942
 0.925
 0.933
 0.908
 0.949
 0.957
 0.933
 0.904
 0.925
 0.941
 0.906
 0.959
 0.924
 0.937
 0.936
 0.947
 0.925
 0.935
 0.935
 0.947
 0.948
 0.931
 0.938
 0.918
 0.933
 0.961
 0.946
 0.943
 0.935
 0.931
 0.958
 0.890
 0.949
 0.931
 0.943
 0.945
 0.927
 0.943
 0.943
 0.955
 0.921
 0.921
 0.943
 0.941
 0.929
 0.960
 0.954
 0.936
 0.941
 0.950
 0.964
 0.954
 0.907
 0.946
 0.929
 0.909
 0.946
 0.915
 0.955
 0.933
 0.941
 0.954
 0.949
 0.930
 0.917
 0.924
 0.895
 0.920
 0.935
 0.954
 0.901
 0.942
 0.937
 0.963
 0.934
 0.925
 0.945
 0.949
 0.970
 0.927
 0.946
 0.957
 0.942
 0.932
 0.919
 0.935
 0.944
 0.975
 0.940
 0.916
 0.937
 0.918
 0.941
 0.929
 0.916
 0.951
 0.954
 0.898
 0.944
 0.936
 0.945
 0.926
 0.915
 0.931
 0.946
 0.936
 0.949
 0.939
 0.955
 0.938
 0.941
 0.953
 0.947
 0.947
 0.950
 0.940
 0.951
 0.906
 0.942
 0.933
 0.912
 0.907
 0.912
 0.948
 0.923
 0.954
 0.950
 0.937
 0.952
 0.949
 0.925
 0.901
 0.911
 0.920
 0.926
 0.965
 0.958
 0.933
 0.912
 0.953
 0.929
 0.927
 0.920
 0.918
 0.932
 0.945
 0.947
 0.939
 0.938
 0.951
 0.933
 0.903
 0.962
 0.916
 0.952
 0.906
 0.928
 0.945
 0.961
 0.958
 0.954
 0.925
 0.936
 0.922
 0.945
 0.956
 0.921
 0.921
 0.915
 0.936
 0.921
 0.957
 0.946
 0.948
 0.949
 0.948
 0.955
 0.951
 0.947
 0.925
 0.919
 0.934
 0.925
 0.956
 0.939
 0.938
 0.955
 0.936
 0.934
 0.950
 0.914
 0.955
 0.930
 0.945
 0.933
 0.949
 0.949
 0.965
 0.921
 0.944
 0.924
 0.958
 0.944
 0.934
 0.939
 0.920
 0.949
 0.936
 0.918
 0.931
 0.924
 0.949
 0.946
 0.944
 0.954
 0.946
 0.937
 0.929
 0.926
 0.923
 0.914
 0.933
 0.896
 0.909
 0.952
 0.941
 0.934
 0.939
 0.930
 0.939
 0.946
 0.953
 0.949
 0.947
 0.941
 0.938
 0.925
 0.925
 0.927
 0.923
 0.942
 0.906
 0.961
 0.929
 0.924
 0.945
 0.951
 0.952
 0.942
 0.927
 0.938
 0.946
 0.931
 0.944
 0.925
 0.940
 0.939
 0.926
 0.943
 0.922
 0.958
 0.918
 0.938
 0.937
 0.938
 0.963
 0.916
 0.938
 0.924
 0.923
 0.934
 0.929
 0.937
 0.933
 0.952
 0.929
 0.961
 0.949
 0.919
 0.944
 0.952
 0.951
 0.942
 0.929
 0.942
 0.949
 0.935
 0.946
 0.904
 0.921
 0.948
 0.942
 0.957
 0.945
 0.905
 0.925
 0.936
 0.931
 0.946
 0.953
 0.935
 0.948
 0.947
 0.908
 0.949
 0.945
 0.953
 0.939
 0.927
 0.962
 0.901
 0.943
 0.962
 0.939
 0.942
 0.926
 0.915
 0.941
 0.899
 0.917
 0.928
 0.962
 0.963
 0.897
 0.930
 0.921
 0.957
 0.963
 0.911
 0.949
 0.945
 0.943
 0.933
 0.969
 0.921
 0.958
 0.951
 0.954
 0.927
 0.928
 0.921
 0.952
 0.932
 0.936
 0.921
 0.948
 0.947
 0.939
 0.911
 0.933
 0.934
 0.949
 0.929
 0.952
 0.942
 0.940
 0.948
 0.951
 0.953
 0.934
 0.970
 0.946
 0.945
 0.937
 0.957
 0.939
 0.959
 0.929
 0.956
 0.957
 0.960
 0.918
 0.931
 0.929
 0.935
 0.940
 0.918
 0.932
 0.918
 0.957
 0.936
 0.894
 0.949
 0.935
 0.945
 0.937
 0.907
 0.927
 0.947
 0.939
 0.941
 0.943
 0.957
 0.927
 0.935
 0.955
 0.954
 0.939
 0.932
 0.954
 0.945
 0.912
 0.942
 0.945
 0.896
 0.963
 0.947
 0.946
 0.965
 0.945
 0.937
 0.915
 0.937
 0.941
 0.941
 0.927
 0.929
 0.928
 0.922
 0.911
 0.918
 0.934
 0.958
 0.945
 0.913
 0.951
 0.935
 0.944
 0.923
 0.949
 0.939
 0.918
 0.954
 0.921
 0.942
 0.902
 0.947
 0.943
 0.927
 0.937
 0.919
 0.946
 0.958
 0.956
 0.936
 0.946
 0.944
 0.941
 0.938
 0.949
 0.925
 0.938
 0.932
 0.926
 0.941
 0.944
 0.966
 0.898
 0.935
 0.939
 0.923
 0.954
 0.940
 0.925
 0.954
 0.950
 0.909
 0.944
 0.938
 0.922
 0.922
 0.949
 0.941
 0.942
 0.908
 0.953
 0.946
 0.944
 0.921
 0.900
 0.934
 0.942
 0.922
 0.928
 0.936
 0.949
 0.952
 0.950
 0.955
 0.949
 0.934
 0.913
 0.930
 0.944
 0.924
 0.934
 0.927
 0.941
 0.916
 0.942
 0.939
 0.904
 0.931
 0.935
 0.926
 0.923
 0.927
 0.950
 0.928
 0.931
 0.941
 0.941
 0.934
 0.934
 0.946
 0.968
 0.952
 0.953
 0.961
 0.928
 0.935
 0.927
 0.905
 0.950
 0.933
 0.941
 0.936
 0.920
 0.937
 0.937
 0.933
 0.944
 0.930
 0.909
 0.946
 0.934
 0.970
 0.927
 0.914
 0.946
 0.915
 0.931
 0.966
 0.950
 0.956
 0.929
 0.924
 0.919
 0.936
 0.960
 0.947
 0.938
 0.949
 0.943
 0.923
 0.948
 0.917
 0.943
 0.940
 0.957
 0.940
 0.918
 0.971
 0.942
 0.941
 0.951
 0.939
 0.935
 0.934
 0.941
 0.953
 0.928
 0.951
 0.915
 0.925
 0.934
 0.964
 0.946
 0.903
 0.926
 0.952
 0.938
 0.947
 0.956
 0.944
 0.953
 0.968
 0.960
 0.941
 0.948
 0.961
 0.905
 0.968
 0.942
 0.949
 0.922
 0.918
 0.929
 0.944
 0.959
 0.944
 0.906
 0.957
 0.953
 0.954
 0.950
 0.910
 0.906
 0.959
 0.938
 0.949
 0.888
 0.942
 0.916
 0.904
 0.944
 0.969
 0.959
 0.938
 0.952
 0.937
 0.939
 0.950
 0.941
 0.918
 0.937
 0.918
 0.943
 0.974
 0.942
 0.931
 0.959
 0.935
 0.945
 0.933
 0.931
 0.927
 0.929
 0.915
 0.946
 0.952
 0.927
 0.901
 0.959
 0.945
 0.962
 0.926
 0.959
 0.916
 0.934
 0.932
 0.940
 0.930
 0.927
 0.955
 0.913
 0.908
 0.935
 0.921
 0.947
 0.927
 0.933
 0.957
 0.927
 0.938
 0.940
 0.901
 0.934
 0.925
 0.923
 0.966
 0.907
 0.945
 0.944
 0.939
 0.949
 0.954
 0.954
 0.951
 0.932
 0.931
 0.953
 0.940
 0.924
 0.925
 0.931
 0.970
 0.969
 0.929
 0.962
 0.928
 0.943
 0.956
 0.954
 0.935
 0.911
 0.928
 0.924
 0.923
 0.943
 0.956
 0.943
 0.973
 0.915
 0.964
 0.925
 0.933
 0.920
 0.936
 0.921
 0.954
 0.954
 0.925
 0.949
 0.955
 0.962
 0.968
 0.932
 0.956
 0.947
 0.926
 0.930
 0.925
 0.914
 0.956
 0.921
 0.935
 0.944
 0.954
 0.930
 0.941
 0.946
 0.975
 0.940
 0.937
 0.922
 0.904
 0.977
 0.959
 0.951
 0.924
 0.925
 0.964
 0.938
 0.945
 0.956
 0.929
 0.940
 0.926
 0.948
 0.949
 0.948
 0.955
 0.946
 0.932
 0.956
 0.893
 0.947
 0.951
 0.894
 0.906
 0.916
 0.920
 0.923
 0.949
 0.923
 0.960
 0.930
 0.966
 0.958
 0.937
 0.922
 0.952
 0.943
 0.946
 0.930
 0.923
 0.943
 0.944
 0.944
 0.940
 0.970
 0.931
 0.947
 0.940
 0.929
 0.967
 0.931
 0.949
 0.940
 0.971
 0.967
 0.911
 0.918
 0.956
 0.941
 0.937
 0.931
 0.949
 0.959
 0.929
 0.945
 0.932
 0.911
 0.919
 0.958
 0.941
 0.932
 0.950
 0.900
 0.954
 0.938
 0.912
 0.933
 0.938
 0.916
 0.948
 0.946
 0.919
 0.891
 0.908
 0.930
 0.943
 0.905
 0.922
 0.940
 0.959
 0.943
 0.928
 0.956
 0.958
 0.914
 0.929
 0.966
 0.948
 0.921
 0.942
 0.958
 0.916
 0.959
 0.948
 0.960
 0.938
 0.941
 0.937
 0.917
 0.933
 0.950
 0.944
 0.911
 0.948
 0.964
 0.954
 0.948
 0.947
 0.949
 0.940
 0.961
 0.923
 0.934
 0.946
 0.959
 0.935
 0.950
 0.943
 0.950
 0.936
 0.945
 0.954
 0.937
 0.925
 0.922
 0.926
 0.963
 0.961
 0.944
 0.905
 0.934
 0.962
 0.918
 0.947
 0.913
 0.935
 0.935
 0.903
 0.953
 0.953
 0.966
 0.929
 0.935
 0.922
 0.936
 0.955
 0.939
 0.970
 0.909
 0.902
 0.979
 0.957
 0.938
 0.927
 0.923
 0.959
 0.926
 0.949
 0.915
 0.923
 0.938
 0.927
 0.936
 0.956
 0.937
 0.957
 0.960
 0.940
 0.926
 0.901
 0.939
 0.943
 0.934
 0.956
 0.956
 0.939
 0.931
 0.914
 0.929
 0.950
 0.907
 0.937
 0.907
 0.935
 0.971
 0.920
 0.952
 0.947
 0.947
 0.949
 0.932
 0.952
 0.933
 0.922
 0.928
 0.950
 0.950
 0.942
 0.949
 0.946
 0.968
 0.931
 0.940
 0.967
 0.951
 0.950
 0.953
 0.950
 0.965
 0.945
 0.963
 0.953
 0.942
 0.941
 0.930
 0.936
 0.935
 0.966
 0.924
 0.938
 0.933
 0.921
 0.938
 0.942
 0.919
 0.938
 0.926
 0.958
 0.935
 0.934
 0.928
 0.959
 0.948
 0.931
 0.958
 0.925
 0.928
 0.926
 0.954
 0.923
 0.942
 0.936
 0.961
 0.948
 0.924
 0.947
 0.934
 0.941
 0.931
 0.949
 0.918
 0.941
 0.931
 0.960
 0.946
 0.948
 0.950
 0.921
 0.918
 0.930
 0.936
 0.911
 0.971
 0.961
 0.949
 0.939
 0.953
 0.950
 0.945
 0.945
 0.963
 0.941
 0.960
 0.970
 0.952
 0.939
 0.926
 0.904
 0.943
 0.972
 0.914
 0.950
 0.950
 0.941
 0.927
 0.940
 0.940
 0.953
 0.917
 0.944
 0.961
 0.931
 0.942
 0.948
 0.976
 0.942
 0.932
 0.928
 0.953
 0.946
 0.944
 0.908
 0.936
 0.927
 0.927
 0.964
 0.945
 0.951
 0.949
 0.900
 0.952
 0.943
 0.934
 0.946
 0.944
 0.933
 0.915
 0.956
 0.957
 0.956
 0.943
 0.958
 0.921
 0.938
 0.957
 0.939
 0.964
 0.961
 0.946
 0.935
 0.953
 0.945
 0.915
 0.953
 0.922
 0.959
 0.925
 0.937
 0.939
 0.946
 0.949
 0.935
 0.947
 0.937
 0.957
 0.957
 0.952
 0.932
 0.944
 0.957
 0.934
 0.949
 0.957
 0.950
 0.948
 0.933
 0.950
 0.954
 0.947
 0.950
 0.963
 0.937
 0.914
 0.930
 0.910
 0.948
 0.948
 0.949
 0.953
 0.955
 0.942
 0.952
 0.918
 0.951
 0.961
 0.922
 0.922
 0.920
 0.962
 0.959
 0.900
 0.916
 0.927
 0.935
 0.925
 0.924
 0.953
 0.937
 0.890
 0.951
 0.944
 0.945
 0.923
 0.948
 0.965
 0.930
 0.943
 0.952
 0.946
 0.946
 0.948
 0.921
 0.925
 0.929
 0.932
 0.920
 0.957
 0.939
 0.961
 0.951
 0.943
 0.926
 0.935
 0.951
 0.946
 0.931
 0.946
 0.956
 0.942
 0.926
 0.930
 0.917
 0.953
 0.910
 0.916
 0.940
 0.935
 0.946
 0.902
 0.953
 0.949
 0.966
 0.950
 0.948
 0.955
 0.920
 0.955
 0.943
 0.954
 0.945
 0.959
 0.958
 0.918
 0.951
 0.945
 0.959
 0.955
 0.949
 0.934
 0.926
 0.977
 0.953
 0.966
 0.937
 0.960
 0.955
 0.904
 0.916
 0.932
 0.965
 0.938
 0.942
 0.930
 0.943
 0.951
 0.940
 0.950
 0.951
 0.927
 0.919
 0.936
 0.967
 0.921
 0.942
 0.911
 0.919
 0.945
 0.954
 0.950
 0.925
 0.911
 0.943
 0.929
 0.924
 0.952
 0.921
 0.920
 0.966
 0.930
 0.928
 0.948
 0.930
 0.913
 0.954
 0.937
 0.966
 0.937

