28 2 1 0.3914339955912649 0.3914339955912649
31 1 4 0.47289761598643476 0.47289761598643476
32 1 4 0.47289761598643476 0.47289761598643476
32 1 4 0.47289761598643476 0.47289761598643476
33 1 4 0.47289761598643476 0.47289761598643476
33 1 4 0.47289761598643476 0.47289761598643476
34 1 4 0.47289761598643476 0.47289761598643476
36 2 4 0.47289761598643476 0.47289761598643476
36 2 4 0.47289761598643476 0.47289761598643476
37 1 4 0.47289761598643476 0.47289761598643476
37 1 4 0.47289761598643476 0.47289761598643476
37 2 4 0.47289761598643476 0.47289761598643476
38 2 4 0.47289761598643476 0.47289761598643476
38 1 4 0.47289761598643476 0.47289761598643476
38 2 4 0.47289761598643476 0.47289761598643476
39 1 4 0.47289761598643476 0.47289761598643476
39 2 4 0.47289761598643476 0.47289761598643476
39 2 4 0.47289761598643476 0.47289761598643476
39 1 4 0.47289761598643476 0.47289761598643476
41 1 4 0.47289761598643476 0.47289761598643476
41 1 4 0.47289761598643476 0.47289761598643476
42 2 4 0.47289761598643476 0.47289761598643476
42 2 4 0.47289761598643476 0.47289761598643476
42 1 4 0.47289761598643476 0.47289761598643476
43 2 4 0.47289761598643476 0.47289761598643476
43 1 4 0.47289761598643476 0.47289761598643476
43 1 4 0.47289761598643476 0.47289761598643476
44 1 4 0.47289761598643476 0.47289761598643476
44 1 4 0.47289761598643476 0.47289761598643476
44 1 4 0.47289761598643476 0.47289761598643476
44 2 1 0.3914339955912649 0.3914339955912649
44 1 4 0.47289761598643476 0.47289761598643476
45 2 4 0.47289761598643476 0.47289761598643476
46 1 4 0.47289761598643476 0.47289761598643476
46 2 4 0.47289761598643476 0.47289761598643476
46 1 4 0.47289761598643476 0.47289761598643476
47 2 4 0.47289761598643476 0.47289761598643476
47 1 4 0.47289761598643476 0.47289761598643476
47 2 4 0.47289761598643476 0.47289761598643476
48 1 4 0.47289761598643476 0.47289761598643476
48 1 4 0.47289761598643476 0.47289761598643476
48 2 4 0.47289761598643476 0.47289761598643476
48 1 4 0.47289761598643476 0.47289761598643476
49 2 4 0.47289761598643476 0.47289761598643476
49 2 4 0.47289761598643476 0.47289761598643476
52 2 4 0.47289761598643476 0.47289761598643476
52 1 4 0.47289761598643476 0.47289761598643476
55 1 4 0.47289761598643476 0.47289761598643476
56 2 4 0.47289761598643476 0.47289761598643476
60 1 4 0.47289761598643476 0.47289761598643476
