
 0.160
 0.189
 0.222
 0.251
 0.279
 0.312
 0.334
 0.364
 0.390
 0.409
 0.432
 0.440
 0.455
 0.467
 0.479
 0.487
 0.503
 0.505
 0.505
 0.519
 0.515
 0.526
 0.527
 0.532
 0.534
 0.537
 0.544
 0.542
 0.556
 0.550
 0.555
 0.564
 0.563
 0.564
 0.567
 0.566
 0.575
 0.570
 0.572
 0.586
 0.588
 0.580
 0.587
 0.592
 0.592
 0.600
 0.601
 0.602
 0.607
 0.613
 0.604
 0.614
 0.619
 0.622
 0.615
 0.617
 0.620
 0.622
 0.623
 0.629
 0.630
 0.627
 0.631
 0.626
 0.631
 0.639
 0.638
 0.638
 0.640
 0.639
 0.637
 0.643
 0.647
 0.643
 0.647
 0.653
 0.650
 0.647
 0.646
 0.650
 0.650
 0.661
 0.649
 0.657
 0.656
 0.652
 0.649
 0.656
 0.654
 0.652
 0.652
 0.656
 0.652
 0.656
 0.660
 0.658
 0.662
 0.652
 0.658
 0.662
 0.663
 0.658
 0.660
 0.661
 0.662
 0.658
 0.660
 0.666
 0.670
 0.665
 0.671
 0.662
 0.665
 0.671
 0.666
 0.671
 0.656
 0.673
 0.667
 0.666
 0.661
 0.671
 0.662
 0.663
 0.669
 0.674
 0.665
 0.669
 0.671
 0.666
 0.677
 0.669
 0.671
 0.677
 0.680
 0.675
 0.679
 0.680
 0.673
 0.675
 0.675
 0.670
 0.680
 0.676
 0.668
 0.678
 0.677
 0.683
 0.673
 0.677
 0.687
 0.676
 0.677
 0.688
 0.683
 0.685
 0.688
 0.685
 0.686
 0.681
 0.686
 0.689
 0.686
 0.684
 0.686
 0.676
 0.680
 0.693
 0.691
 0.689
 0.688
 0.690
 0.686
 0.686
 0.684
 0.682
 0.693
 0.691
 0.686
 0.684
 0.690
 0.691
 0.694
 0.689
 0.688
 0.696
 0.675
 0.688
 0.689
 0.691
 0.689
 0.698
 0.691
 0.698
 0.686
 0.690
 0.694
 0.688
 0.694
 0.695
 0.699
 0.698
 0.691
 0.704
 0.702
 0.702
 0.695
 0.700
 0.704
 0.699
 0.693
 0.709
 0.697
 0.702
 0.695
 0.699
 0.696
 0.689
 0.707
 0.697
 0.704
 0.704
 0.693
 0.697
 0.703
 0.698
 0.702
 0.702
 0.707
 0.701
 0.708
 0.707
 0.706
 0.703
 0.708
 0.705
 0.704
 0.704
 0.702
 0.707
 0.705
 0.705
 0.713
 0.704
 0.710
 0.714
 0.707
 0.706
 0.706
 0.712
 0.710
 0.714
 0.710
 0.710
 0.712
 0.714
 0.708
 0.715
 0.708
 0.715
 0.718
 0.720
 0.722
 0.718
 0.718
 0.719
 0.725
 0.709
 0.722
 0.721
 0.728
 0.725
 0.724
 0.715
 0.719
 0.717
 0.721
 0.722
 0.715
 0.718
 0.720
 0.721
 0.724
 0.725
 0.727
 0.729
 0.722
 0.727
 0.723
 0.730
 0.723
 0.729
 0.730
 0.729
 0.726
 0.723
 0.726
 0.731
 0.728
 0.727
 0.724
 0.726
 0.725
 0.735
 0.732
 0.735
 0.729
 0.737
 0.735
 0.734
 0.728
 0.739
 0.725
 0.732
 0.729
 0.736
 0.728
 0.735
 0.729
 0.722
 0.735
 0.743
 0.737
 0.739
 0.740
 0.735
 0.736
 0.745
 0.740
 0.731
 0.743
 0.741
 0.737
 0.729
 0.736
 0.741
 0.735
 0.740
 0.736
 0.741
 0.734
 0.737
 0.749
 0.749
 0.745
 0.742
 0.744
 0.746
 0.746
 0.736
 0.738
 0.738
 0.750
 0.743
 0.750
 0.747
 0.741
 0.750
 0.749
 0.753
 0.747
 0.746
 0.747
 0.747
 0.747
 0.741
 0.743
 0.749
 0.748
 0.746
 0.753
 0.747
 0.751
 0.756
 0.750
 0.752
 0.752
 0.756
 0.750
 0.748
 0.759
 0.747
 0.762
 0.757
 0.747
 0.755
 0.750
 0.754
 0.758
 0.758
 0.757
 0.759
 0.760
 0.759
 0.763
 0.760
 0.760
 0.755
 0.757
 0.763
 0.759
 0.759
 0.757
 0.757
 0.752
 0.761
 0.758
 0.759
 0.755
 0.763
 0.757
 0.759
 0.760
 0.760
 0.760
 0.761
 0.759
 0.760
 0.759
 0.760
 0.761
 0.753
 0.774
 0.765
 0.762
 0.770
 0.765
 0.767
 0.764
 0.767
 0.770
 0.760
 0.767
 0.771
 0.765
 0.764
 0.762
 0.766
 0.767
 0.768
 0.772
 0.767
 0.772
 0.769
 0.770
 0.767
 0.775
 0.762
 0.766
 0.773
 0.775
 0.772
 0.770
 0.770
 0.765
 0.767
 0.767
 0.772
 0.771
 0.777
 0.776
 0.767
 0.767
 0.773
 0.773
 0.773
 0.773
 0.765
 0.776
 0.769
 0.777
 0.776
 0.775
 0.769
 0.776
 0.776
 0.768
 0.777
 0.774
 0.782
 0.779
 0.782
 0.785
 0.782
 0.780
 0.786
 0.779
 0.777
 0.781
 0.777
 0.783
 0.782
 0.771
 0.780
 0.779
 0.785
 0.770
 0.786
 0.778
 0.785
 0.782
 0.784
 0.781
 0.776
 0.780
 0.783
 0.786
 0.785
 0.782
 0.785
 0.784
 0.776
 0.782
 0.791
 0.786
 0.792
 0.790
 0.789
 0.784
 0.780
 0.788
 0.787
 0.787
 0.792
 0.789
 0.783
 0.792
 0.789
 0.787
 0.784
 0.785
 0.785
 0.790
 0.795
 0.784
 0.794
 0.794
 0.788
 0.797
 0.793
 0.784
 0.791
 0.791
 0.786
 0.789
 0.786
 0.785
 0.796
 0.788
 0.798
 0.787
 0.789
 0.787
 0.794
 0.797
 0.792
 0.797
 0.795
 0.789
 0.792
 0.790
 0.802
 0.788
 0.795
 0.800
 0.785
 0.798
 0.794
 0.795
 0.801
 0.792
 0.797
 0.800
 0.796
 0.793
 0.798
 0.800
 0.802
 0.797
 0.800
 0.798
 0.798
 0.805
 0.802
 0.804
 0.789
 0.803
 0.806
 0.804
 0.792
 0.800
 0.805
 0.801
 0.797
 0.798
 0.808
 0.805
 0.808
 0.794
 0.809
 0.802
 0.804
 0.809
 0.810
 0.805
 0.799
 0.803
 0.805
 0.808
 0.808
 0.802
 0.812
 0.807
 0.804
 0.803
 0.805
 0.811
 0.805
 0.804
 0.815
 0.808
 0.813
 0.806
 0.808
 0.809
 0.806
 0.805
 0.803
 0.804
 0.806
 0.816
 0.816
 0.812
 0.805
 0.805
 0.810
 0.807
 0.819
 0.804
 0.808
 0.808
 0.807
 0.816
 0.810
 0.812
 0.807
 0.821
 0.819
 0.815
 0.811
 0.811
 0.817
 0.817
 0.820
 0.817
 0.822
 0.811
 0.815
 0.807
 0.811
 0.810
 0.815
 0.819
 0.803
 0.813
 0.809
 0.810
 0.814
 0.812
 0.819
 0.817
 0.818
 0.818
 0.818
 0.815
 0.814
 0.816
 0.815
 0.821
 0.820
 0.814
 0.819
 0.827
 0.819
 0.816
 0.811
 0.824
 0.825
 0.823
 0.828
 0.827
 0.819
 0.826
 0.822
 0.823
 0.815
 0.815
 0.822
 0.820
 0.822
 0.826
 0.825
 0.827
 0.822
 0.822
 0.831
 0.843
 0.833
 0.828
 0.836
 0.831
 0.819
 0.828
 0.834
 0.824
 0.834
 0.826
 0.827
 0.822
 0.833
 0.827
 0.825
 0.826
 0.831
 0.824
 0.830
 0.823
 0.831
 0.820
 0.836
 0.829
 0.837
 0.830
 0.829
 0.830
 0.822
 0.831
 0.836
 0.838
 0.831
 0.832
 0.837
 0.829
 0.824
 0.831
 0.835
 0.832
 0.833
 0.825
 0.832
 0.832
 0.834
 0.840
 0.837
 0.835
 0.835
 0.837
 0.831
 0.841
 0.827
 0.836
 0.841
 0.842
 0.840
 0.831
 0.833
 0.826
 0.842
 0.845
 0.843
 0.835
 0.843
 0.834
 0.832
 0.833
 0.839
 0.847
 0.837
 0.844
 0.841
 0.840
 0.844
 0.843
 0.835
 0.843
 0.850
 0.848
 0.844
 0.845
 0.842
 0.845
 0.846
 0.836
 0.842
 0.832
 0.831
 0.846
 0.849
 0.839
 0.845
 0.837
 0.836
 0.847
 0.837
 0.848
 0.842
 0.845
 0.841
 0.837
 0.838
 0.842
 0.839
 0.841
 0.846
 0.835
 0.845
 0.844
 0.840
 0.853
 0.841
 0.840
 0.851
 0.844
 0.848
 0.845
 0.844
 0.847
 0.843
 0.841
 0.851
 0.846
 0.845
 0.846
 0.843
 0.836
 0.849
 0.847
 0.851
 0.855
 0.845
 0.843
 0.852
 0.848
 0.844
 0.852
 0.853
 0.850
 0.847
 0.848
 0.842
 0.855
 0.841
 0.847
 0.852
 0.852
 0.851
 0.854
 0.853
 0.853
 0.850
 0.847
 0.855
 0.847
 0.850
 0.854
 0.851
 0.845
 0.844
 0.856
 0.854
 0.855
 0.846
 0.848
 0.851
 0.858
 0.852
 0.847
 0.858
 0.852
 0.860
 0.845
 0.849
 0.848
 0.858
 0.861
 0.854
 0.853
 0.851
 0.852
 0.850
 0.856
 0.849
 0.848
 0.850
 0.845
 0.862
 0.857
 0.854
 0.860
 0.848
 0.849
 0.845
 0.859
 0.856
 0.852
 0.857
 0.856
 0.855
 0.853
 0.862
 0.858
 0.858
 0.855
 0.864
 0.854
 0.845
 0.860
 0.855
 0.854
 0.864
 0.852
 0.854
 0.849
 0.849
 0.854
 0.850
 0.853
 0.853
 0.856
 0.861
 0.857
 0.862
 0.862
 0.866
 0.864
 0.861
 0.854
 0.857
 0.862
 0.867
 0.867
 0.860
 0.860
 0.853
 0.853
 0.859
 0.856
 0.861
 0.853
 0.855
 0.849
 0.859
 0.868
 0.862
 0.867
 0.859
 0.872
 0.856
 0.864
 0.863
 0.856
 0.861
 0.856
 0.874
 0.857
 0.863
 0.861
 0.864
 0.860
 0.862
 0.859
 0.857
 0.856
 0.862
 0.868
 0.855
 0.861
 0.868
 0.863
 0.856
 0.861
 0.864
 0.865
 0.857
 0.864
 0.870
 0.869
 0.866
 0.869
 0.858
 0.865
 0.864
 0.858
 0.858
 0.861
 0.862
 0.863
 0.860
 0.857
 0.868

