0.4183269474377759 1
0.4285378282715337 1
0.42914903966764867 1
0.4338975617030463 1
0.43576195160339926 1
0.43809313087637847 1
0.43880961123298506 1
0.441890264765288 1
0.4441523783652022 1
0.4457999547258173 1
0.4503067560939435 1
0.4505778455451189 1
0.45090252899670413 1
0.45132377905897747 1
0.45136004563962656 1
0.4513977173567778 1
0.4520985105138456 1
0.45257332943886885 1
0.4534383978973511 1
0.4547404769273619 1
0.4550622581410211 1
0.456111572974668 1
0.4585053194110298 1
0.46131904656270634 1
0.4631711002141795 1
0.4633810964929679 1
0.4643709079325877 1
0.46473554810723816 1
0.46501358913332214 1
0.46569350258165093 1
0.4664288506714867 1
0.46657983841869843 1
0.4671400024630885 1
0.4672590835974815 1
0.46731169650390675 1
0.4675534747424528 1
0.4684012789115877 1
0.46926804877391937 1
0.4694952200996789 1
0.4695625329287314 1
0.46956523673098294 1
0.4695734052202316 1
0.469672165533437 1
0.46969356148663755 1
0.4697517813275742 1
0.4697645493507032 1
0.4708679121921805 1
0.4709014164355153 1
0.4709521526911593 1
0.47112154125387595 1
0.47151459789311156 1
0.47151605029403887 1
0.4719645817699923 1
0.47222146512210755 1
0.4737676468124684 1
0.4738539535750763 1
0.47419396305565586 1
0.47523512130043144 1
0.4758797463435888 1
0.47612598571774434 1
0.4769656951171886 1
0.4772292298742129 1
0.47732078355727514 1
0.47779367366096687 1
0.4784863905111677 1
0.4789807950848297 1
0.4794607030819615 1
0.47977854281799687 1
0.4801138021300265 1
0.4801640557499529 1
0.4812723211054471 1
0.48207497745146677 1
0.4821429086153616 1
0.4838330374848547 1
0.48399585313917315 1
0.4840600007476257 1
0.4846219780775725 1
0.4849766179303453 1
0.48526179345804066 1
0.48556131740486086 1
0.48602788364716654 1
0.4869626463879715 1
0.4870320305519457 1
0.4871516957151441 1
0.48758079980101504 1
0.48796427628887096 1
0.4881354667099427 1
0.488688801633827 1
0.4889537259692061 1
0.489166686296476 1
0.4901397126444141 1
0.490500759287892 1
0.49121716011626815 1
0.49125507123107276 1
0.4913705452221967 1
0.491457927436083 1
0.4915683823837902 1
0.49187669329642836 1
0.4920392911213557 1
0.49252079031450596 1
0.49327964326732904 1
0.4947240100279187 1
0.4947779262537847 1
0.49495931533356696 1
0.495186627318554 1
0.4951906195197528 1
0.49576233842955647 1
0.49580714000016046 1
0.495843412314958 1
0.49678350397792914 1
0.4970824281534524 1
0.4976303144871432 1
0.49839819346451525 1
0.4985253105769579 1
0.4987304243794639 1
0.49897524711926944 1
0.49958855855111667 1
0.5000765626775376 1
0.500537320586409 1
0.500994911254404 1
0.5020276646994563 1
0.5026582579042789 1
0.502998157703043 1
0.5031216058660715 1
0.5033401380786164 1
0.5039764560823866 1
0.5042621094932673 1
0.5046302009376837 1
0.504788676927235 1
0.5053303408029358 1
0.5055175092143326 1
0.5062908060835122 1
0.5066747517026697 1
0.5075593995138288 1
0.5079255449678834 1
0.5090971517152557 1
0.509570976325393 1
0.5096430349581389 1
0.5101593963735209 1
0.5102259294496096 1
0.5102510394582105 1
0.5102913114052143 1
0.5107127024372273 1
0.5107344097781131 1
0.5111880986967897 1
0.511293459433425 1
0.5113651092215121 1
0.5126612898991486 1
0.5129566781961575 1
0.5132823010022277 1
0.5136128687647811 1
0.5140107037615173 1
0.514385826685364 1
0.514561438407043 1
0.5148596519281287 1
0.5148649406931046 1
0.5152233900654779 1
0.5153131097121914 1
0.5177713526383377 1
0.5178238915678385 1
0.5180439226722797 1
0.5185881958777241 1
0.5186181257056501 1
0.5186667798772999 1
0.5186821151733898 1
0.5191352649993032 1
0.519530291675788 1
0.51962211721686 1
0.5207706631920884 1
0.5215499780480009 1
0.5218692221798039 1
0.5223919807738868 1
0.5227028577317377 1
0.5231350220752421 1
0.5242161396540506 1
0.5256322465496412 1
0.5269236329424113 1
0.5282087857015515 1
0.5329093072784689 1
0.5329721025882567 1
0.5355278354455102 1
0.5355700813468693 1
0.5356352725493899 1
0.5358416143682798 1
0.5365254107049687 1
0.5377521921939039 1
0.5380684405658994 1
0.5388037318375246 1
0.5404017633834229 1
0.5407694821823288 1
0.5409988394138775 1
0.5454361821423328 1
0.5455001192614871 1
0.5459107899618949 1
0.5479549080123817 1
0.5481407382125534 1
0.549493452929851 1
0.5561531465738593 1
0.5570921407814393 1
0.557383990743074 1
