
 0.539
 0.479
 0.505
 0.518
 0.522
 0.519
 0.536
 0.456
 0.484
 0.484
 0.479
 0.523
 0.476
 0.496
 0.510
 0.522
 0.514
 0.467
 0.470
 0.509
 0.510
 0.493
 0.518
 0.503
 0.429
 0.471
 0.439
 0.488
 0.451
 0.518
 0.453
 0.515
 0.434
 0.472
 0.470
 0.514
 0.459
 0.499
 0.527
 0.489
 0.506
 0.500
 0.510
 0.488
 0.498
 0.451
 0.524
 0.507
 0.505
 0.465
 0.486
 0.520
 0.472
 0.418
 0.485
 0.455
 0.557
 0.487
 0.502
 0.471
 0.511
 0.533
 0.477
 0.495
 0.513
 0.486
 0.492
 0.477
 0.476
 0.519
 0.497
 0.501
 0.478
 0.492
 0.556
 0.538
 0.444
 0.480
 0.495
 0.470
 0.499
 0.463
 0.489
 0.469
 0.503
 0.549
 0.474
 0.463
 0.520
 0.514
 0.468
 0.442
 0.491
 0.492
 0.480
 0.503
 0.472
 0.465
 0.511
 0.496
 0.496
 0.511
 0.521
 0.470
 0.488
 0.491
 0.540
 0.504
 0.533
 0.467
 0.438
 0.519
 0.474
 0.508
 0.451
 0.489
 0.484
 0.477
 0.490
 0.468
 0.467
 0.491
 0.491
 0.523
 0.503
 0.495
 0.515
 0.470
 0.471
 0.508
 0.469
 0.470
 0.541
 0.450
 0.491
 0.485
 0.471
 0.504
 0.513
 0.481
 0.546
 0.474
 0.453
 0.537
 0.467
 0.470
 0.536
 0.528
 0.546
 0.495
 0.446
 0.499
 0.452
 0.500
 0.511
 0.482
 0.511
 0.538
 0.515
 0.451
 0.487
 0.557
 0.515
 0.429
 0.536
 0.464
 0.510
 0.513
 0.493
 0.510
 0.461
 0.522
 0.472
 0.515
 0.455
 0.451
 0.510
 0.497
 0.519
 0.495
 0.526
 0.485
 0.498
 0.545
 0.541
 0.505
 0.478
 0.482
 0.536
 0.487
 0.548
 0.548
 0.466
 0.475
 0.501
 0.466
 0.436
 0.519
 0.506
 0.480

