0 29
0 35
0 42
0 45
0 35
0 48
0 35
0 44
0 45
0 46
0 36
0 46
0 45
0 50
0 42
0 49
0 44
0 38
0 41
0 45
0 40
0 49
0 36
0 42
0 33
0 47
0 47
0 57
0 42
0 38
0 45
0 40
0 53
0 35
0 37
0 47
0 33
0 52
0 47
0 47
0 39
0 42
0 46
0 49
0 47
0 45
0 37
0 49
0 41
0 46
0 41
0 39
0 39
0 38
0 39
0 34
0 48
0 35
0 52
0 45
0 46
0 58
0 39
0 40
0 35
0 41
0 41
0 48
0 50
0 53
0 40
0 40
0 47
0 56
0 43
0 37
0 31
0 38
0 40
0 43
0 47
0 43
0 33
0 41
0 45
0 43
0 45
0 38
0 42
0 36
0 40
0 45
0 38
0 38
0 41
0 48
0 46
0 35
0 37
0 29
0 36
0 33
0 50
0 50
0 50
0 38
0 34
0 36
0 42
0 40
0 26
0 33
0 47
0 39
0 48
0 44
0 49
0 48
0 39
0 40
0 47
0 44
0 48
0 43
0 38
0 39
0 27
0 29
0 23
0 36
0 38
0 45
0 44
0 43
0 43
0 56
0 42
0 47
0 40
0 37
0 40
0 45
0 44
0 39
0 44
0 43
0 52
0 26
0 40
0 44
0 44
0 40
0 33
0 41
0 48
0 45
0 43
0 37
0 39
0 37
0 34
0 42
0 36
0 43
0 36
0 43
0 39
0 38
0 42
0 54
0 45
0 60
0 49
0 35
0 46
0 49
0 52
0 44
0 46
0 42
0 45
0 43
0 37
0 46
0 45
0 46
0 32
0 34
0 41
0 44
0 42
0 45
0 43
0 35
0 39
0 34
0 48
0 44
0 40
0 44
