
 0.434
 0.653
 0.665
 0.716
 0.725
 0.725
 0.725
 0.725
 0.725
 0.724
 0.724
 0.730
 0.742
 0.742
 0.742
 0.742
 0.742
 0.742
 0.742
 0.742
 0.742
 0.742
 0.742
 0.742
 0.742
 0.742
 0.742
 0.742
 0.742
 0.742
 0.742
 0.742
 0.742
 0.742
 0.742
 0.742
 0.742
 0.742
 0.742
 0.742
 0.742
 0.742
 0.742
 0.742
 0.742
 0.742
 0.742
 0.742
 0.742
 0.742
 0.742
 0.756
 0.764
 0.794
 0.793
 0.793
 0.793
 0.800
 0.800
 0.800
 0.800
 0.800
 0.800
 0.805
 0.805
 0.805
 0.805
 0.803
 0.803
 0.803
 0.803
 0.803
 0.803
 0.803
 0.803
 0.803
 0.803
 0.803
 0.803
 0.803
 0.803
 0.803
 0.803
 0.803
 0.803
 0.803
 0.803
 0.803
 0.803
 0.803
 0.803
 0.803
 0.803
 0.803
 0.803
 0.803
 0.803
 0.803
 0.803
 0.803
 0.803
 0.803
 0.803
 0.803
 0.803
 0.803
 0.803
 0.803
 0.803
 0.803
 0.803
 0.803
 0.803
 0.803
 0.803
 0.803
 0.803
 0.803
 0.803
 0.803
 0.803
 0.803
 0.803
 0.803
 0.803
 0.803
 0.803
 0.803
 0.803
 0.803
 0.803
 0.803
 0.803
 0.803
 0.803
 0.803
 0.803
 0.803
 0.803
 0.803
 0.803
 0.803
 0.803
 0.803
 0.803
 0.803
 0.803
 0.803
 0.803
 0.803
 0.803
 0.803
 0.803
 0.803
 0.803
 0.803
 0.803
 0.803
 0.803
 0.803
 0.803
 0.803
 0.803
 0.803
 0.803
 0.803
 0.803
 0.803
 0.803
 0.803
 0.803
 0.803
 0.803
 0.803
 0.803
 0.803
 0.803
 0.803
 0.803
 0.803
 0.803
 0.803
 0.803
 0.803
 0.803
 0.803
 0.803
 0.803
 0.803
 0.803
 0.803
 0.803
 0.803
 0.803
 0.803
 0.803
 0.803
 0.803
 0.803
 0.803

