1 39
3 37
3 38
0 56
3 36
2 36
1 46
1 49
0 46
0 32
2 27
1 52
0 32
3 52
1 44
1 40
3 39
3 44
1 53
3 53
2 40
2 47
0 43
3 54
0 36
2 39
2 41
1 42
3 39
2 42
0 40
0 33
3 49
3 41
1 39
2 32
0 40
1 40
2 47
3 43
3 49
0 29
1 28
3 47
1 46
3 40
2 55
1 60
1 30
2 36
0 39
2 51
3 42
0 39
3 42
1 37
2 34
2 45
0 38
1 62
2 34
2 41
0 47
3 47
2 44
3 49
2 41
3 48
1 51
3 44
1 49
0 34
1 54
3 38
2 54
3 38
2 37
1 36
1 48
0 53
1 32
2 45
3 38
0 44
2 33
2 36
2 51
0 38
0 51
0 55
0 46
2 46
0 43
3 40
1 42
1 47
1 51
2 34
3 37
0 47
2 29
1 44
3 49
0 48
2 46
2 53
2 39
2 32
0 52
1 48
1 40
0 36
0 44
0 40
1 45
3 51
2 55
0 45
0 42
1 42
0 41
1 45
3 34
2 53
3 37
3 38
3 33
2 45
0 42
2 42
2 28
2 45
1 31
2 38
1 44
3 32
1 38
2 45
0 46
3 30
0 47
0 51
3 41
0 36
0 45
1 39
0 41
3 44
0 38
3 44
0 43
3 34
2 42
0 44
3 51
0 29
3 50
0 41
2 48
1 59
1 43
0 35
3 34
0 51
1 41
2 53
1 41
1 34
0 45
0 43
2 41
2 39
1 40
2 48
2 37
3 42
1 35
2 47
3 41
1 45
0 49
2 33
1 44
0 52
1 46
1 52
0 39
0 33
1 38
0 31
1 33
3 36
3 50
2 37
0 33
2 33
1 37
3 46
3 37
3 42
