
 0.349
 0.357
 0.471
 0.523
 0.600
 0.628
 0.636
 0.611
 0.646
 0.665
 0.684
 0.684
 0.684
 0.698
 0.700
 0.702
 0.698
 0.700
 0.706
 0.706
 0.706
 0.706
 0.706
 0.706
 0.706
 0.706
 0.706
 0.706
 0.706
 0.706
 0.706
 0.706
 0.706
 0.706
 0.706
 0.706
 0.706
 0.706
 0.706
 0.706
 0.706
 0.706
 0.706
 0.706
 0.706
 0.706
 0.706
 0.706
 0.706
 0.706
 0.706
 0.706
 0.706
 0.706
 0.706
 0.706
 0.706
 0.706
 0.706
 0.706
 0.706
 0.706
 0.706
 0.706
 0.706
 0.706
 0.706
 0.706
 0.706
 0.706
 0.706
 0.706
 0.706
 0.706
 0.706
 0.706
 0.706
 0.706
 0.706
 0.706
 0.706
 0.706
 0.706
 0.706
 0.706
 0.706
 0.706
 0.706
 0.706
 0.706
 0.706
 0.706
 0.706
 0.706
 0.706
 0.706
 0.706
 0.706
 0.706
 0.706
 0.706
 0.706
 0.706
 0.706
 0.706
 0.706
 0.706
 0.706
 0.706
 0.706
 0.706
 0.706
 0.706
 0.706
 0.706
 0.706
 0.706
 0.706
 0.706
 0.706
 0.706
 0.706
 0.706
 0.706
 0.706
 0.706
 0.706
 0.706
 0.706
 0.706
 0.706
 0.706
 0.706
 0.706
 0.706
 0.706
 0.706
 0.706
 0.706
 0.706
 0.706
 0.706
 0.706
 0.706
 0.706
 0.706
 0.706
 0.706
 0.706
 0.706
 0.706
 0.706
 0.706
 0.706
 0.706
 0.706
 0.706
 0.706
 0.706
 0.706
 0.706
 0.706
 0.706
 0.706
 0.706
 0.706
 0.706
 0.706
 0.706
 0.706
 0.706
 0.706
 0.706
 0.706
 0.706
 0.706
 0.706
 0.706
 0.706
 0.706
 0.706
 0.706
 0.706
 0.706
 0.706
 0.706
 0.706
 0.706
 0.706
 0.706
 0.706
 0.706
 0.706
 0.706
 0.706
 0.706
 0.706
 0.706
 0.706
 0.706

