0.46524519258305214 1
0.47237697672179313 1
0.48582936445053737 1
0.4881651578642971 1
0.49675379342359505 1
0.49817081276137387 1
0.5000228139250664 1
0.5001169613845435 1
0.5013864537309662 1
0.5021752842408984 1
0.505184845877864 1
0.5056323806652253 1
0.5062705780115921 1
0.5081966866011379 1
0.5083835479173914 1
0.5097351931972779 1
0.5100678561132627 1
0.5107432362062057 1
0.5108244372346411 1
0.5114833810811532 1
0.5118818786033804 1
0.5121451311759855 1
0.5124564446139616 1
0.5128326831092732 1
0.512960753041119 1
0.5131450689064825 1
0.5138864834685031 1
0.5143970718343489 1
0.5144771525499047 1
0.5151689833493392 1
0.5152287358917824 1
0.5158273904960928 1
0.5162951788567308 1
0.5165613701888716 1
0.5167589684506934 1
0.5173532732578628 1
0.5175194883430767 1
0.5175683504095434 1
0.5185127939440839 1
0.5186787201682388 1
0.5190048438450462 1
0.5197515501709075 1
0.5203035524190771 1
0.5204394667944658 1
0.5209305061775242 1
0.521517805095881 1
0.5224131633952546 1
0.5226802631382288 1
0.5235763733233272 1
0.5242286699514154 1
0.5242951198506145 1
0.52443925924357 1
0.524459036101791 1
0.5249303940928631 1
0.5258540554887052 1
0.5258755657785688 1
0.5260500635243754 1
0.5260621828559436 1
0.526296838637195 1
0.5263838279818918 1
0.5271849354835255 1
0.5275810638721989 1
0.5277967093002968 1
0.5279589968947329 1
0.5282757716693857 1
0.5285254261192646 1
0.528772781676621 1
0.5294686831840812 1
0.529798378743395 1
0.5298824586830712 1
0.5300787551341124 1
0.530103621753182 1
0.5301493025901596 1
0.5303438606269424 1
0.5304716335352494 1
0.5309031618666235 1
0.5313570020142028 1
0.5317831277506845 1
0.5317962744509752 1
0.5319836901442077 1
0.53276791231508 1
0.5328204107575708 1
0.532881810038766 1
0.5329100456364917 1
0.532913485199404 1
0.5332469395926946 1
0.5335375008192689 1
0.5339367347727703 1
0.534022018653317 1
0.5340705512674839 1
0.5342123871589433 1
0.5345568936751747 1
0.5354442315059369 1
0.535648755826349 1
0.5356999044686219 1
0.5357014716155761 1
0.5359427409962081 1
0.5359719985062101 1
0.5364673950921357 1
0.5366683147989536 1
0.5367213581106055 1
0.5374123317725643 1
0.5375152704028615 1
0.5381593312743739 1
0.5382586725409604 1
0.5383526535669592 1
0.5383587544021065 1
0.5384053087699346 1
0.5384546744871018 1
0.5391215253007822 1
0.5393556742012575 1
0.5394948784824423 1
0.5395211036633183 1
0.5395951735909723 1
0.5402616298034726 1
0.540628630329679 1
0.5407144233295011 1
0.5420989929568425 1
0.5422788155436913 1
0.5426854295571596 1
0.5427924773413119 1
0.5429191304674322 1
0.5430382915632714 1
0.5433222761931349 1
0.5437362248935308 1
0.544368406640388 1
0.5451799370990864 1
0.5451873710880839 1
0.5456869024906309 1
0.5458913467547607 1
0.5467406684137496 1
0.5469125992049575 1
0.5469627926224914 1
0.5471220340403896 1
0.5473586649298141 1
0.5478429347506402 1
0.5478987193908108 1
0.5479923844403608 1
0.5480537817617518 1
0.5491759926285746 1
0.5491902800132414 1
0.549489366120969 1
0.5495074306177268 1
0.5499143994956777 1
0.5503998570906684 1
0.550531576973357 1
0.550779744626649 1
0.5509923805125486 1
0.5512222482796095 1
0.5514001946029102 1
0.5519457460515009 1
0.5522481590964614 1
0.552342718631705 1
0.5526230064698865 1
0.5529340534155619 1
0.5539986631448557 1
0.5545136864293353 1
0.554531842121937 1
0.5553855770149143 1
0.5553869322598232 1
0.5556116399436302 1
0.5565557619837824 1
0.5569197387022097 1
0.557117470911886 1
0.5580127166932389 1
0.5580489388260459 1
0.5587260473933146 1
0.5594634464742483 1
0.5594860748384923 1
0.5596427624896009 1
0.5601625083225806 1
0.5607965962602821 1
0.5609801544009451 1
0.5614287646922379 1
0.5614904911655053 1
0.5621406217154931 1
0.562657822389851 1
0.56269984988584 1
0.5632599235428123 1
0.5638110805053228 1
0.564130156034542 1
0.5651250132003346 1
0.5653350478232423 1
0.5654591776405621 1
0.565492080175654 1
0.5655175920301535 1
0.5656181646053704 1
0.5669481881585843 1
0.5688620067501509 1
0.5709841314645976 1
0.5715596085651117 1
0.5724222268743843 1
0.5733292461661718 1
0.5739582939413177 1
0.5746820425858833 1
0.5801362873378322 1
0.580965938337983 1
0.5834661346018334 1
0.5987346870458514 1
0.6061739907586087 1
