0.46506488734322204 1
0.47286919585538484 1
0.48646159706433845 1
0.48807774274473653 1
0.4895697405487217 1
0.4902183335833433 1
0.4953186288486629 1
0.49882395976605076 1
0.49944187127132944 1
0.4998707763247141 1
0.5005818689134123 1
0.5005883918733605 1
0.5006468768401673 1
0.5009902616536833 1
0.5025239679568063 1
0.5037839724003739 1
0.5038214018611487 1
0.5047384309459381 1
0.5050631768831773 1
0.5060950872060814 1
0.5066510147603733 1
0.5067436114662702 1
0.5073972015353959 1
0.510367182525693 1
0.5108078738421395 1
0.5113156177328559 1
0.5124695670864579 1
0.5126154734311318 1
0.5126990552259179 1
0.51286254359593 1
0.513533475586658 1
0.5142765106020423 1
0.5147156187981469 1
0.5148038112982102 1
0.5148148278125558 1
0.5160958333909208 1
0.5169118208564984 1
0.517266655982229 1
0.5180646454153388 1
0.5181202341404234 1
0.5187191881344899 1
0.5193291926590267 1
0.5193754623090943 1
0.5202803468652244 1
0.5206797358203736 1
0.5208199551388016 1
0.5219273107627105 1
0.5221454538532282 1
0.5227360281806503 1
0.5233879957270624 1
0.5240419984864197 1
0.5240769734431994 1
0.5247429824152109 1
0.5248405644011398 1
0.5250456097284354 1
0.5252043329989032 1
0.5255578000837613 1
0.5259356708449789 1
0.5259750189422224 1
0.5262022049443206 1
0.5265430181128601 1
0.5266060466523443 1
0.5269816758418387 1
0.5279245501273333 1
0.5287321352909417 1
0.5292352395131023 1
0.5292839638545587 1
0.529400301905102 1
0.5295832429278081 1
0.529586252708431 1
0.5299238863002826 1
0.5300654276194258 1
0.530335038759708 1
0.5304463014829731 1
0.531055546826765 1
0.531196337852653 1
0.5312070047937865 1
0.531248195100996 1
0.5321296898155672 1
0.5321332619229251 1
0.5321412776848029 1
0.5323510509795875 1
0.5325265653457741 1
0.5332182198278719 1
0.5335556630343333 1
0.5335783994316678 1
0.5342507458501469 1
0.5344498419129002 1
0.5348204909490826 1
0.534855736497516 1
0.5349658283332265 1
0.5356172919093456 1
0.5357915913602765 1
0.5358783962814114 1
0.536117771323016 1
0.5364521895040784 1
0.5364894769020654 1
0.5366723629226847 1
0.5369297103725938 1
0.5370949913542783 1
0.537558402929496 1
0.5375763807497489 1
0.5375983640149711 1
0.5378146282567028 1
0.5382469611928914 1
0.5382562612024749 1
0.5387525019799313 1
0.5389893122364149 1
0.5392244589320778 1
0.539428605082142 1
0.5401107344016112 1
0.5402042463781972 1
0.5404527801626262 1
0.5405742004154804 1
0.540764384563753 1
0.5408806328593189 1
0.5410105052765618 1
0.5411845438568141 1
0.5417650392700631 1
0.5419931293751462 1
0.5420014781773879 1
0.5421232780953004 1
0.5433931858718447 1
0.5435090253575109 1
0.5436778109103529 1
0.5444144518021193 1
0.5444711773067062 1
0.5452538815599618 1
0.5453147596690969 1
0.5456090198661766 1
0.5457454962760322 1
0.5457764356895088 1
0.5459680067325966 1
0.5460365110107469 1
0.5461555117743925 1
0.5462641901587335 1
0.5468541037827019 1
0.5469095773312794 1
0.5472864384009946 1
0.547309542233907 1
0.5473415325767822 1
0.5473460064209078 1
0.5474228334092299 1
0.5481014326791501 1
0.5481561963459677 1
0.5488554090526496 1
0.5496530390867597 1
0.5496722998926011 1
0.5501385754623422 1
0.5507346234579203 1
0.5514039856689092 1
0.5515581988493176 1
0.5519307454681761 1
0.5526599752703966 1
0.5528577466603758 1
0.5530084052454699 1
0.553067854493283 1
0.5537721014128387 1
0.5539138140128582 1
0.5550832093804505 1
0.5553106249330465 1
0.555863061600038 1
0.5564604111141283 1
0.5570410910499073 1
0.5575103605258338 1
0.5580213914254349 1
0.5590342389526345 1
0.5596934438888447 1
0.5598395483632184 1
0.5601855985483228 1
0.5606594203730844 1
0.5609039735325246 1
0.5610442270322532 1
0.561622003866454 1
0.5624911707462652 1
0.5626381180293745 1
0.5627298994876149 1
0.564155713464715 1
0.5647927301503752 1
0.5654783336878875 1
0.5656116270993286 1
0.5667347759863103 1
0.5667583220607096 1
0.567025788354808 1
0.5672728640375447 1
0.567490407541554 1
0.5675038015053525 1
0.5675733167588516 1
0.5679969156148243 1
0.5693294957942809 1
0.5695306273656869 1
0.5702394748109534 1
0.5721035876487259 1
0.572638127289704 1
0.5760855733200292 1
0.5763636212147482 1
0.5810196309076854 1
0.5844982001454057 1
0.5892226387950869 1
0.5904428445840243 1
