0.463081944483905 1
0.4780407589272185 1
0.4812076585172595 1
0.4897113021247612 1
0.490906197188163 1
0.49172393732945285 1
0.49383569581758957 1
0.4951060785124415 1
0.49562430285959386 1
0.4989688901847197 1
0.4992923868741224 1
0.49967347115248745 1
0.4998530367658175 1
0.4999105541713208 1
0.5003008320761796 1
0.5005090029630677 1
0.5015172756261232 1
0.5018296049566835 1
0.501990367006106 1
0.5024593614675079 1
0.504512450841376 1
0.5048331479330291 1
0.5049383583170083 1
0.5056876893082228 1
0.5057174556597398 1
0.5064937614510187 1
0.5068183539278518 1
0.5076798892237165 1
0.5080655283148078 1
0.5081203124595212 1
0.5084396200592981 1
0.5090303181802337 1
0.5091638946847789 1
0.5117443328896798 1
0.5118874847781127 1
0.5124686404813156 1
0.5128055384995805 1
0.5131306081889655 1
0.5136253931240269 1
0.5138424855212195 1
0.5139202640480527 1
0.514744496827404 1
0.5152194619524334 1
0.5165780191369479 1
0.5178606789585437 1
0.5180237856150919 1
0.5196805720959281 1
0.5196951660111743 1
0.5202372592694503 1
0.5209542124067446 1
0.5211739009625704 1
0.5215797179341521 1
0.522055085820812 1
0.5235973316234815 1
0.5245127991185314 1
0.5253244531863126 1
0.527084879943611 1
0.5272328209869362 1
0.5276410574514981 1
0.5277940813436564 1
0.5279818064407756 1
0.5279992108187911 1
0.5286753040702898 1
0.5291591633967377 1
0.5292602472702821 1
0.5299010973045009 1
0.5301733913221561 1
0.5303240196930463 1
0.5304945498045743 1
0.5306408149343895 1
0.53096069570468 1
0.5317458080006945 1
0.5323729466312405 1
0.533623697621761 1
0.5336399138610166 1
0.5340823049747887 1
0.5342567015891504 1
0.5343230281371529 1
0.534732739559435 1
0.5349198061117291 1
0.5353006012039705 1
0.5355225633467012 1
0.5357042703668096 1
0.5363622189652332 1
0.5373000982114278 1
0.5375275516730257 1
0.537630562412823 1
0.5382384812215796 1
0.5384392255151775 1
0.5387506546475416 1
0.5393483491764218 1
0.5396710893317159 1
0.5400986481054487 1
0.5403193505838035 1
0.5406376463166908 1
0.5413952145034756 1
0.541428285954406 1
0.5414653392495619 1
0.541528737062823 1
0.5415778626613268 1
0.5423339690625769 1
0.5424325742705858 1
0.5430051356844949 1
0.5432528016120967 1
0.5439245864365317 1
0.5443944944336714 1
0.5444844196806176 1
0.5445211090443851 1
0.5448097084757513 1
0.5448906086781592 1
0.5449349961832217 1
0.5449584011427985 1
0.5452016175518569 1
0.5454441852361577 1
0.5456325679816854 1
0.5459582258229461 1
0.546213803145944 1
0.546543507939479 1
0.5466476939484533 1
0.5468624822642575 1
0.5470164999233815 1
0.5471366558186137 1
0.5474334925233005 1
0.5479813846857623 1
0.5480379573101964 1
0.5489257780584408 1
0.5496895403163143 1
0.5500033543772065 1
0.5501084666152575 1
0.550447633957819 1
0.5504689303082002 1
0.5506064406505591 1
0.5510110000297832 1
0.5512247986871242 1
0.5515983469899624 1
0.5516883670509087 1
0.5535486242010595 1
0.5542438732516307 1
0.5543308116496378 1
0.5552002141951813 1
0.555563148929271 1
0.5556606939890524 1
0.5566529235957042 1
0.5568166079602648 1
0.5568325882977677 1
0.557087324494231 1
0.5571414357346255 1
0.5579451162995526 1
0.5583797920013895 1
0.5606227617449135 1
0.5613488304285075 1
0.5613792241087909 1
0.5617839573859496 1
0.5619035955731567 1
0.5629532970003729 1
0.5630038553598221 1
0.5633053938022825 1
0.563808241212333 1
0.5654806374674973 1
0.5664615832238055 1
0.5664796224975561 1
0.5673109869785276 1
0.567451773039073 1
0.5677062075682721 1
0.5680165987006403 1
0.569110483970776 1
0.5694942716823351 1
0.5699679448817464 1
0.5706211882900266 1
0.5715760244842949 1
0.5724538740892311 1
0.5730328148380537 1
0.5734966727079286 1
0.573839802388096 1
0.5751752460278118 1
0.5759473655743818 1
0.5764495880071417 1
0.5783421368852062 1
0.5789477192613428 1
0.5791502563221556 1
0.5794000708410479 1
0.5797284131499115 1
0.5798570601660231 1
0.5809722126948013 1
0.581948776574045 1
0.582835827270124 1
0.5848816459243628 1
0.5884283665721167 1
0.5885022565383775 1
0.5888380879230424 1
0.5891227201408537 1
0.5896186477973407 1
0.5917212740182233 1
0.5995619908128611 1
0.6006168315499915 1
0.6011157068694795 1
0.6044812950304156 1
0.6076462791681867 1
0.610091771356878 1
0.6189527078881174 1
