0.5243404753156901 1
0.5273683929900388 1
0.5303963106643876 1
0.5319102695015617 1
0.5319102695015618 1
0.531910269501562 3
0.5349381871759104 2
0.5349381871759105 2
0.5349381871759106 1
0.5364521460130848 3
0.5364521460130849 5
0.536452146013085 1
0.5379661048502591 1
0.5379661048502592 2
0.5394800636874334 3
0.5394800636874335 2
0.5409940225246077 1
0.5409940225246078 5
0.542507981361782 2
0.5425079813617821 9
0.5425079813617822 1
0.5440219401989563 2
0.5440219401989564 7
0.5440219401989566 3
0.5455358990361308 8
0.5455358990361309 3
0.545535899036131 1
0.547049857873305 1
0.5470498578733051 10
0.5470498578733052 12
0.5470498578733053 1
0.5485638167104794 8
0.5485638167104795 4
0.5485638167104796 2
0.5500777755476537 4
0.5500777755476538 8
0.5500777755476539 1
0.550077775547654 1
0.551591734384828 7
0.5515917343848281 7
0.5515917343848282 3
0.5531056932220022 1
0.5531056932220023 1
0.5531056932220024 7
0.5531056932220025 1
0.5546196520591767 7
0.5546196520591768 2
0.5561336108963509 2
0.556133610896351 4
0.5561336108963512 5
0.5576475697335254 7
0.5576475697335255 4
0.5576475697335256 2
0.5591615285706997 2
0.5591615285706998 2
0.5591615285706999 1
0.5606754874078741 2
0.5621894462450484 1
0.5621894462450485 3
0.5637034050822227 2
0.5637034050822228 1
0.565217363919397 1
0.5712731992680944 1
