0.41813505459758865 1
0.42626224532788953 1
0.4268243185978281 1
0.4282385435236646 1
0.43009915574213425 1
0.430560952331248 1
0.43336705983984936 1
0.43353699488640457 1
0.43422872327872836 1
0.43522814391232584 1
0.43680415432954106 1
0.4414698515771629 1
0.44171482729979156 1
0.4439375771452624 1
0.44490456828262986 1
0.4467831049384566 1
0.4470929448297152 1
0.44733269978165546 1
0.4477884940742254 1
0.44835944421399077 1
0.4499314130084771 1
0.45072177131936114 1
0.45242012903590373 1
0.45570190282756223 1
0.455817458299374 1
0.45629194988474286 1
0.4590170281084697 1
0.4590797690590104 1
0.4591950033584115 1
0.45934056743382695 1
0.4601116211636132 1
0.46165258485927246 1
0.46434154367389247 1
0.4658775710416523 1
0.46589369786293666 1
0.46590727410230526 1
0.4660441918597244 1
0.46689019246657376 1
0.46719670011360576 1
0.46730660531316687 1
0.46765856476891926 1
0.46823065136416153 1
0.4696133985195793 1
0.4701176303174637 1
0.470175802025121 1
0.4715927569614604 1
0.4716739370264391 1
0.47169248577416106 1
0.473505410620194 1
0.47481620261540786 1
0.47558094521255284 1
0.4756863587803338 1
0.47573693512596404 1
0.47581665816071217 1
0.4763076216745492 1
0.47647470303737427 1
0.476796685105506 1
0.4768785052061144 1
0.4773296851937083 1
0.4777443680416315 1
0.47790084222831425 1
0.4788911570283386 1
0.4790563648389366 1
0.4795747498189529 1
0.47967201126583897 1
0.4800778594709721 1
0.4801529264619604 1
0.4801864108581886 1
0.4815398005018849 1
0.48187173653681226 1
0.4819196383984747 1
0.48225739406260504 1
0.48250211446023317 1
0.4830765382377918 1
0.485244170806574 1
0.4853967281801376 1
0.4859104680191496 1
0.4859227912700069 1
0.4861169628060293 1
0.4862355339541572 1
0.48636590866398516 1
0.4867366588854257 1
0.4867405679079543 1
0.48679850128207514 1
0.487040378670318 1
0.48736995662485083 1
0.48767311651080464 1
0.4878404924589169 1
0.4880694102164824 1
0.4886583599370749 1
0.4897343407018508 1
0.48981480041267306 1
0.49016056314385 1
0.4902354230091002 1
0.4903457825492247 1
0.4907123126542539 1
0.4908821298587525 1
0.491030443247299 1
0.4914044409054979 1
0.49153024625185215 1
0.4922816655590852 1
0.49248247160321995 1
0.49285599439756383 1
0.4932241485611777 1
0.4932329499164884 1
0.49446171812308976 1
0.4951974485104909 1
0.4953688342518624 1
0.4959640243055671 1
0.49610160464737985 1
0.4965804991383492 1
0.49677655448671837 1
0.49711171013523914 1
0.49731162114745076 1
0.49747889570197806 1
0.49797853809978837 1
0.4983512039840277 1
0.4985568955177954 1
0.4991608526209099 1
0.500666992233841 1
0.5012944690134172 1
0.5013673963785975 1
0.5015675797954533 1
0.5027429576010881 1
0.5028374762982866 1
0.5037873362448729 1
0.5045542278387581 1
0.5064208050903709 1
0.5065206472674393 1
0.5066272819640356 1
0.5066919588541318 1
0.5067242066210178 1
0.506926255800001 1
0.5071436948333243 1
0.5074185384804932 1
0.5079467085970738 1
0.5079524604982666 1
0.5080850514263109 1
0.5081474419755694 1
0.5083202920617572 1
0.5085716195434759 1
0.5087617767652693 1
0.5088169811886449 1
0.5094460087672288 1
0.5096067954470248 1
0.5096496164230543 1
0.5101451005166018 1
0.5121097786561815 1
0.5121493523413198 1
0.5126392896231556 1
0.5134217530873765 1
0.5142417133421695 1
0.5144121849791652 1
0.5152714122958882 1
0.5164557704936272 1
0.5172197536058508 1
0.5175147665441238 1
0.5176242025443624 1
0.5178708664339594 1
0.5188978287162049 1
0.519333547223617 1
0.5195258854714193 1
0.5199685187969307 1
0.5201307200324594 1
0.5204325191136782 1
0.5209962330738955 1
0.5215924458027558 1
0.5219733732778732 1
0.5229004161869946 1
0.523475205634822 1
0.5243423679921773 1
0.5245607893892344 1
0.5263025464951042 1
0.5269429154659615 1
0.5274129479485362 1
0.5277457750369048 1
0.5278832172796672 1
0.5279422466675852 1
0.5284086003478792 1
0.5298840722633004 1
0.5311513916445747 1
0.5319370436588619 1
0.5328588732319426 1
0.5339283820128353 1
0.5352433956359957 1
0.535811858079147 1
0.537562790652559 1
0.5380012404496114 1
0.5395096116201923 1
0.539676830598873 1
0.5435466927907555 1
0.544225780965351 1
0.5458399121575033 1
0.5495289173308253 1
0.5499366453265059 1
0.5506486209003684 1
0.5538807939196037 1
0.5623681024769651 1
0.5789505057185567 1
0.5847688718919449 1
