
 0.476
 0.444
 0.477
 0.544
 0.519
 0.472
 0.466
 0.477
 0.544
 0.508
 0.480
 0.485
 0.507
 0.470
 0.470
 0.486
 0.496
 0.447
 0.475
 0.507
 0.535
 0.430
 0.524
 0.467
 0.550
 0.487
 0.538
 0.499
 0.562
 0.450
 0.480
 0.508
 0.523
 0.468
 0.512
 0.528
 0.497
 0.442
 0.498
 0.460
 0.493
 0.528
 0.472
 0.503
 0.497
 0.492
 0.490
 0.447
 0.520
 0.527
 0.507
 0.538
 0.518
 0.509
 0.509
 0.482
 0.459
 0.504
 0.483
 0.477
 0.530
 0.476
 0.466
 0.525
 0.520
 0.512
 0.513
 0.514
 0.426
 0.418
 0.513
 0.474
 0.482
 0.540
 0.459
 0.466
 0.551
 0.487
 0.506
 0.490
 0.456
 0.546
 0.480
 0.451
 0.456
 0.496
 0.497
 0.482
 0.509
 0.452
 0.478
 0.464
 0.497
 0.531
 0.522
 0.579
 0.491
 0.510
 0.516
 0.528
 0.495
 0.490
 0.497
 0.467
 0.448
 0.433
 0.523
 0.486
 0.517
 0.508
 0.507
 0.462
 0.499
 0.487
 0.480
 0.532
 0.554
 0.495
 0.476
 0.490
 0.434
 0.488
 0.527
 0.492
 0.507
 0.456
 0.480
 0.466
 0.534
 0.505
 0.508
 0.483
 0.585
 0.459
 0.482
 0.468
 0.502
 0.494
 0.445
 0.470
 0.533
 0.489
 0.441
 0.485
 0.514
 0.498
 0.526
 0.518
 0.550
 0.488
 0.501
 0.447
 0.491
 0.486
 0.503
 0.518
 0.501
 0.521
 0.486
 0.492
 0.501
 0.540
 0.434
 0.428
 0.507
 0.491
 0.522
 0.519
 0.472
 0.476
 0.435
 0.478
 0.431
 0.459
 0.437
 0.479
 0.510
 0.507
 0.520
 0.508
 0.479
 0.487
 0.510
 0.427
 0.487
 0.520
 0.509
 0.528
 0.448
 0.493
 0.486
 0.490
 0.515
 0.476
 0.536
 0.467
 0.488
 0.476
 0.491
 0.493

