1 40
3 37
0 35
3 41
2 56
1 42
1 42
2 56
3 40
1 35
1 40
1 36
3 36
1 51
3 52
1 41
2 40
2 40
3 45
1 42
2 43
1 45
0 51
0 47
1 45
3 38
0 44
1 42
2 41
0 43
3 46
2 45
1 47
3 37
2 43
3 34
0 37
2 44
2 43
1 48
1 44
2 51
2 44
3 32
3 48
1 42
1 35
2 36
2 46
3 45
3 45
0 43
2 44
3 39
3 50
0 39
1 40
0 43
1 44
0 44
0 43
3 36
1 46
2 45
1 40
2 46
2 43
2 44
0 50
3 26
3 35
2 43
1 26
1 35
0 36
0 49
0 44
3 50
3 40
2 59
2 53
1 45
1 47
3 46
3 41
2 43
0 43
1 38
3 32
0 34
3 38
3 32
3 41
0 50
0 56
1 30
2 52
2 48
2 38
3 49
0 41
3 46
2 29
1 43
3 46
0 40
0 53
1 50
3 44
0 42
3 41
0 33
2 33
3 43
2 36
1 45
3 40
0 43
0 39
1 32
1 50
0 45
3 43
0 40
1 46
3 41
0 44
3 52
2 39
2 34
0 39
3 43
1 40
0 47
2 43
0 47
2 39
2 48
3 48
3 31
1 42
2 34
1 46
1 48
0 39
1 33
3 47
0 37
1 46
3 33
0 40
2 49
1 53
3 34
0 54
0 42
0 49
2 38
0 39
1 36
2 38
1 42
0 35
2 36
2 54
1 50
2 40
3 40
2 41
0 52
2 48
2 36
0 41
3 51
3 40
2 42
0 48
3 50
3 42
2 27
2 42
2 42
2 46
2 51
0 40
0 44
3 47
3 33
0 42
0 34
0 36
2 48
0 40
1 38
2 44
1 37
0 41
2 48
3 42
0 45
