
 0.000
 0.050
 0.000
 0.020
 0.120
 3.980
 7.890
 1.980
 0.040
 0.020
 5.920
 0.010
 11.910
 0.030
 7.940
 11.890
 2.000
 0.020
 1.980
 0.030
 0.030
 0.010
 7.880
 0.040
 0.040
 0.020
 5.950
 0.060
 0.010
 0.030
 2.000
 2.020
 11.920
 0.050
 0.030
 0.070
 15.930
 0.050
 3.980
 0.020
 0.030
 5.900
 0.010
 0.020
 5.950
 5.900
 5.980
 0.020
 3.990
 0.060
 0.040
 0.020
 9.960
 1.970
 3.990
 0.030
 0.010
 2.010
 0.030
 0.050
 0.010
 0.010
 0.050
 0.030
 0.020
 7.880
 0.030
 0.010
 0.050
 0.040
 0.030
 3.970
 7.920
 0.040
 0.000
 0.030
 3.990
 0.040
 3.970
 0.080
 7.810
 0.040
 3.950
 0.070
 1.970
 0.010
 2.000
 0.020
 0.060
 3.930

