10 0.9728384737668063
0 0.766656027450785
1 0.06582235731382202
55 0.2246868586640529
70 0.5105185795505008
56 0.5090145638438026
38 0.6414462665847698
47 0.10029641575030745
2 0.9720701638077938
19 0.42554441681514776
64 0.09125902426362609
11 0.11113424888873169
18 0.5355833839107405
66 0.48512674920090415
33 0.06890927719463524
35 0.3430868133275081
67 0.8228282246332214
71 0.594007827956066
86 0.889043907533003
3 0.21955249091122842
4 0.3116359126668644
5 0.8929942010891507
79 0.1964557013205489
82 0.7371152388579425
49 0.34179095447034813
63 0.38050570196929456
23 0.271944574913081
68 0.391386950282147
44 0.7954626643003618
42 0.7161135852590664
15 0.7190781477351744
22 0.8448205581279554
52 0.9417644018026371
78 0.9996878825339333
48 0.8594882312948888
73 0.5243215616566832
75 0.48495842237334763
72 0.9617383488908189
6 0.6966786239065775
27 0.5391571949480753
88 0.16852984476573307
89 0.8130322603378228
50 0.23936076316392663
76 0.8812100314805217
69 0.05088847698317034
17 0.25497673400324916
7 0.49810038332496953
8 0.19668066527647066
59 0.25569063575352025
41 0.6016120552589656
57 0.7027243271542271
83 0.49200730859069
51 0.3998744669992377
24 0.07981893020335573
9 0.06891370260378804
14 0.8735545322477538
34 0.38541427019956265
37 0.10262325127207794
45 0.7432941771668427
62 0.5023474304829728
12 0.9676637847904629
39 0.476077065913326
53 0.7783679133236199
28 0.555148009207482
58 0.09540105395280885
77 0.42538983328121394
85 0.4994642711561813
74 0.5128857891480058
60 0.8630238426491134
20 0.017058899437821684
31 0.7082127204563132
32 0.9853173698627585
84 0.7248573683311994
21 0.3110946366136651
25 0.16661437965433057
26 0.5756491770874768
36 0.9282803257321338
65 0.8448169775896981
81 0.055646670794591735
43 0.29987115341129256
16 0.7585353628740704
61 0.3429301105528152
40 0.42445302974400234
46 0.5736090813545963
54 0.8635701160186023
87 0.44986405188188694
80 0.7897926499221308
29 0.1391203061617935
30 0.6172152049543551
13 0.5279761672851606
