
 0.529
 0.564
 0.656
 0.737
 0.782
 0.787
 0.798
 0.805
 0.813
 0.813
 0.813
 0.813
 0.818
 0.818
 0.818
 0.818
 0.818
 0.818
 0.818
 0.818
 0.818
 0.818
 0.818
 0.818
 0.818
 0.818
 0.818
 0.818
 0.818
 0.818
 0.818
 0.818
 0.818
 0.818
 0.818
 0.818
 0.818
 0.818
 0.818
 0.818
 0.818
 0.818
 0.818
 0.818
 0.818
 0.818
 0.818
 0.818
 0.818
 0.818
 0.818
 0.818
 0.818
 0.818
 0.818
 0.818
 0.818
 0.818
 0.818
 0.818
 0.818
 0.818
 0.818
 0.818
 0.818
 0.818
 0.818
 0.818
 0.818
 0.818
 0.818
 0.818
 0.818
 0.818
 0.818
 0.818
 0.818
 0.818
 0.818
 0.818
 0.818
 0.818
 0.818
 0.818
 0.818
 0.818
 0.818
 0.818
 0.818
 0.818
 0.818
 0.818
 0.818
 0.818
 0.818
 0.818
 0.818
 0.818
 0.818
 0.818
 0.818
 0.818
 0.818
 0.818
 0.818
 0.818
 0.818
 0.818
 0.818
 0.818
 0.818
 0.818
 0.818
 0.818
 0.818
 0.818
 0.818
 0.818
 0.818
 0.818
 0.818
 0.818
 0.818
 0.818
 0.818
 0.818
 0.818
 0.818
 0.818
 0.818
 0.818
 0.818
 0.818
 0.818
 0.818
 0.818
 0.818
 0.818
 0.818
 0.818
 0.818
 0.818
 0.818
 0.818
 0.818
 0.818
 0.818
 0.818
 0.818
 0.818
 0.818
 0.818
 0.818
 0.818
 0.818
 0.818
 0.818
 0.818
 0.818
 0.818
 0.818
 0.818
 0.818
 0.818
 0.818
 0.818
 0.818
 0.818
 0.818
 0.818
 0.818
 0.818
 0.818
 0.818
 0.818
 0.818
 0.818
 0.818
 0.818
 0.818
 0.818
 0.818
 0.818
 0.818
 0.818
 0.818
 0.818
 0.818
 0.818
 0.818
 0.818
 0.818
 0.818
 0.818
 0.818
 0.818
 0.818
 0.818
 0.818
 0.818

