
 1.780
 2.150
 1.960
 1.860
 2.160
 1.830
 2.140
 1.880
 1.820
 2.020
 2.000
 1.950
 2.040
 1.980
 1.860
 1.820
 1.860
 2.040
 1.950
 2.000
 2.120
 2.130
 2.020
 1.990
 2.170
 1.880
 1.910
 2.320
 2.080
 1.850
 1.750
 2.080
 1.930
 2.060
 2.080
 2.040
 2.110
 1.860
 1.670
 1.940
 1.870
 1.950
 1.870
 2.030
 1.920
 2.340
 2.180
 2.280
 1.980
 1.970
 1.800
 1.780
 2.170
 2.000
 1.990
 2.000
 2.240
 2.240
 2.150
 1.940
 1.720
 2.160
 2.080
 1.980
 2.000
 2.130
 1.730
 2.100
 2.070
 2.100
 1.990
 1.850
 1.920
 1.930
 1.940
 1.980
 2.000
 1.840
 2.070
 1.980
 1.830
 2.040
 2.170
 2.120
 2.020
 2.040
 2.080
 1.970
 1.930
 2.290
 1.750
 1.950
 1.930
 1.990
 1.880
 2.270
 2.170
 2.070
 2.170
 1.970

