0.42098395555308477 1
0.43924278726582217 1
0.4524576172780048 1
0.45309208891195285 1
0.4532414434425675 1
0.4537035848950626 1
0.4549268647950558 1
0.4572779032581046 1
0.4595468880994965 1
0.4712814170702329 1
0.47264564774450224 1
0.4728097857333972 1
0.4729223191447287 1
0.47786603829139856 1
0.47886689829346113 1
0.48077330063272916 1
0.48328682489098285 1
0.48475162656076826 1
0.48661869992688417 1
0.4876385019807639 1
0.48810768466089366 1
0.4881646359036275 1
0.48923569264961553 1
0.49093431571809243 1
0.49401903760288124 1
0.494037190372436 1
0.49512985971802914 1
0.4957607405983068 1
0.49582388797274063 1
0.49593219053914445 1
0.4959354179877953 1
0.4966319178558621 1
0.49668091463409103 1
0.49671582564998035 1
0.49701039050247936 1
0.4974363372861977 1
0.49788186930988265 1
0.49806644137069933 1
0.4985128105927102 1
0.4990446166331022 1
0.4993042519207809 1
0.4996241832234061 1
0.49963668814100726 1
0.49983128062038096 1
0.50121785131481 1
0.5013245810842237 1
0.5017641074986614 1
0.5019131708526272 1
0.5019960100128329 1
0.5028786322835903 1
0.502959996731766 1
0.503071994458489 1
0.503325889550236 1
0.5034176240756258 1
0.5036017294032036 1
0.5039622878395666 1
0.5043499813817083 1
0.5051990582128151 1
0.5052623954080029 1
0.5055801943845123 1
0.5058366401764902 1
0.506758304254197 1
0.5083261955304883 1
0.508634332621048 1
0.5094200779246444 1
0.5096062409363572 1
0.509742912822991 1
0.510558537080938 1
0.5105664760773017 1
0.5107756912757548 1
0.5110709320363233 1
0.5111265023740333 1
0.511140533355135 1
0.5111672701572418 1
0.5111913081397096 1
0.5115875574020692 1
0.5117679825420574 1
0.5117751026067 1
0.5126114433455458 1
0.5126717284498481 1
0.5131903684930125 1
0.5150477787705667 1
0.5151085695424326 1
0.5162727462651623 1
0.5163350728255603 1
0.5164118906311236 1
0.516594211279436 1
0.5168939624398362 1
0.5178712570092217 1
0.5182872990394684 1
0.5186700989988844 1
0.5187757197248551 1
0.5196307423801779 1
0.5197883302092106 1
0.5202207638206473 1
0.5202468598179875 1
0.5209571881621263 1
0.5213164993485845 1
0.5213467335550862 1
0.5214497183015304 1
0.5217448158829585 1
0.5221693246871533 1
0.5222057119836553 1
0.5222185986577754 1
0.5227162709491485 1
0.5233256296148491 1
0.523844043886158 1
0.5239336240130167 1
0.5243207918131509 1
0.5245797706438661 1
0.5253684421356912 1
0.5254359408341166 1
0.5267941296492227 1
0.5272468433596117 1
0.5274194957733747 1
0.5276967528733775 1
0.5279388337304386 1
0.5280090010385344 1
0.528072224879118 1
0.5281858651522439 1
0.528536195324874 1
0.5295119187301351 1
0.5301569746240022 1
0.5306676428086408 1
0.5311509630717227 1
0.5316237546863346 1
0.5319812154166821 1
0.5319905749758403 1
0.5322750344608326 1
0.532346879769246 1
0.5331693310368667 1
0.533369460538444 1
0.5335236082504913 1
0.5336029429384008 1
0.5348693675101354 1
0.5351030046987736 1
0.5360869961771104 1
0.5362140449326066 1
0.5367152712413408 1
0.5367997490950343 1
0.5374538148988411 1
0.5377989079281703 1
0.5385493528378158 1
0.5387733593949552 1
0.5393319014166057 1
0.5403619115544662 1
0.5404876191951591 1
0.5414776944885168 1
0.5418668693322184 1
0.5428763630313225 1
0.5432656789892863 1
0.5433227902932077 1
0.5441038414477231 1
0.5444547560703613 1
0.5450614275315062 1
0.5471702159121786 1
0.5479589161822629 1
0.5484916203572743 1
0.5489428387977578 1
0.549351350175445 1
0.5501444393329509 1
0.5508370442681426 1
0.5510091528960303 1
0.5542777981723572 1
0.5545169146494042 1
0.5555759718054128 1
0.5562228710371009 1
0.5576873254059241 1
0.5580519186720002 1
0.5588367925505093 1
0.5597139873480482 1
0.5598775412993955 1
0.5598845257878144 1
0.5600204936613324 1
0.5607749822546967 1
0.5616670949792758 1
0.5631669736444311 1
0.5632440668375043 1
0.5632473403844503 1
0.5638884441652866 1
0.5645559906848834 1
0.567222643018315 1
0.5686835155888708 1
0.5692147912793729 1
0.5709954600570463 1
0.571547316178581 1
0.5721561514132533 1
0.5731846753831774 1
0.5732370349045772 1
0.5743594301314547 1
0.5745854856481226 1
0.5749040954091168 1
0.5749851909272922 1
0.5751699276718214 1
0.5789319812641993 1
0.5802860602469466 1
0.5804931276296148 1
0.5807214642693007 1
0.582088290069877 1
0.5974699034465419 1
