
 0.503
 0.522
 0.533
 0.531
 0.563
 0.497
 0.524
 0.523
 0.569
 0.535
 0.511
 0.532
 0.532
 0.550
 0.556
 0.511
 0.544
 0.517
 0.498
 0.439
 0.559
 0.539
 0.548
 0.560
 0.573
 0.494
 0.579
 0.563
 0.511
 0.575
 0.597
 0.524
 0.503
 0.543
 0.489
 0.512
 0.503
 0.565
 0.547
 0.573
 0.502
 0.581
 0.503
 0.500
 0.554
 0.527
 0.528
 0.580
 0.515
 0.558
 0.560
 0.503
 0.542
 0.497
 0.537
 0.522
 0.522
 0.483
 0.421
 0.494
 0.460
 0.534
 0.516
 0.525
 0.471
 0.479
 0.563
 0.511
 0.488
 0.473
 0.516
 0.478
 0.525
 0.528
 0.543
 0.567
 0.518
 0.572
 0.549
 0.529
 0.539
 0.497
 0.580
 0.501
 0.510
 0.512
 0.504
 0.538
 0.533
 0.488
 0.522
 0.511
 0.523
 0.510
 0.543
 0.575
 0.508
 0.520
 0.499
 0.539
 0.473
 0.545
 0.507
 0.528
 0.500
 0.499
 0.497
 0.575
 0.527
 0.500
 0.540
 0.525
 0.487
 0.496
 0.574
 0.502
 0.496
 0.532
 0.562
 0.528
 0.544
 0.506
 0.452
 0.509
 0.561
 0.532
 0.506
 0.527
 0.537
 0.548
 0.511
 0.532
 0.519
 0.531
 0.551
 0.499
 0.454
 0.536
 0.513
 0.513
 0.481
 0.555
 0.582
 0.496
 0.453
 0.520
 0.569
 0.511
 0.498
 0.541
 0.455
 0.457
 0.558
 0.453
 0.571
 0.519
 0.520
 0.521
 0.524
 0.485
 0.549
 0.504
 0.560
 0.540
 0.564
 0.496
 0.505
 0.511
 0.518
 0.513
 0.501
 0.516
 0.521
 0.521
 0.535
 0.505
 0.534
 0.512
 0.504
 0.537
 0.536
 0.473
 0.521
 0.560
 0.551
 0.575
 0.491
 0.502
 0.530
 0.495
 0.497
 0.509
 0.515
 0.488
 0.530
 0.520
 0.517
 0.528
 0.556
 0.572

