
 0.516
 0.659
 0.689
 0.697
 0.708
 0.708
 0.708
 0.708
 0.708
 0.708
 0.708
 0.708
 0.708
 0.708
 0.708
 0.708
 0.708
 0.708
 0.708
 0.708
 0.708
 0.708
 0.708
 0.708
 0.708
 0.708
 0.708
 0.708
 0.708
 0.708
 0.708
 0.708
 0.708
 0.708
 0.708
 0.708
 0.708
 0.708
 0.708
 0.708
 0.708
 0.708
 0.708
 0.708
 0.708
 0.708
 0.708
 0.708
 0.708
 0.708
 0.708
 0.708
 0.708
 0.708
 0.708
 0.708
 0.708
 0.708
 0.708
 0.708
 0.708
 0.708
 0.708
 0.708
 0.708
 0.708
 0.708
 0.708
 0.708
 0.708
 0.708
 0.708
 0.708
 0.708
 0.708
 0.708
 0.708
 0.708
 0.708
 0.708
 0.708
 0.708
 0.708
 0.708
 0.708
 0.708
 0.708
 0.708
 0.708
 0.708
 0.708
 0.708
 0.708
 0.708
 0.708
 0.708
 0.708
 0.708
 0.708
 0.708
 0.708
 0.708
 0.708
 0.708
 0.708
 0.708
 0.708
 0.708
 0.708
 0.708
 0.708
 0.708
 0.708
 0.708
 0.708
 0.708
 0.708
 0.708
 0.708
 0.708
 0.708
 0.708
 0.708
 0.708
 0.708
 0.708
 0.708
 0.708
 0.708
 0.708
 0.708
 0.708
 0.708
 0.708
 0.708
 0.708
 0.708
 0.708
 0.708
 0.708
 0.708
 0.708
 0.708
 0.708
 0.708
 0.708
 0.708
 0.708
 0.708
 0.708
 0.708
 0.708
 0.708
 0.708
 0.708
 0.708
 0.708
 0.708
 0.708
 0.708
 0.708
 0.708
 0.708
 0.708
 0.708
 0.708
 0.708
 0.708
 0.708
 0.708
 0.708
 0.708
 0.708
 0.708
 0.708
 0.708
 0.708
 0.708
 0.708
 0.708
 0.708
 0.708
 0.708
 0.708
 0.708
 0.708
 0.708
 0.708
 0.708
 0.708
 0.708
 0.708
 0.708
 0.708
 0.708
 0.708
 0.708
 0.708
 0.708
 0.708

