0 42
0 40
0 49
0 39
0 42
0 40
0 46
0 37
0 41
0 45
0 40
0 38
0 50
0 32
0 40
0 44
0 47
0 50
0 35
0 43
0 43
0 59
0 34
0 29
0 42
0 53
0 31
0 39
0 38
0 39
0 41
0 59
0 57
0 45
0 34
0 44
0 44
0 40
0 44
0 41
0 30
0 41
0 31
0 38
0 44
0 42
0 40
0 45
0 39
0 42
0 51
0 43
0 34
0 28
0 49
0 43
0 42
0 44
0 47
0 55
0 48
0 28
0 38
0 37
0 38
0 36
0 40
0 39
0 50
0 45
0 44
0 46
0 30
0 32
0 49
0 40
0 39
0 38
0 42
0 46
0 42
0 47
0 39
0 47
0 42
0 44
0 37
0 48
0 49
0 45
0 37
0 37
0 39
0 55
0 33
0 33
0 40
0 42
0 35
0 39
0 49
0 37
0 36
0 32
0 41
0 44
0 33
0 32
0 52
0 39
0 39
0 42
0 43
0 34
0 44
0 38
0 51
0 51
0 30
0 44
0 37
0 40
0 55
0 41
0 40
0 35
0 46
0 35
0 47
0 39
0 46
0 36
0 37
0 41
0 43
0 34
0 43
0 38
0 39
0 51
0 36
0 41
0 40
0 38
0 39
0 38
0 52
0 39
0 47
0 38
0 40
0 48
0 56
0 42
0 47
0 41
0 38
0 31
0 35
0 53
0 50
0 48
0 41
0 33
0 39
0 47
0 54
0 40
0 50
0 45
0 47
0 40
0 41
0 36
0 55
0 32
0 40
0 35
0 45
0 47
0 41
0 46
0 52
0 40
0 42
0 42
0 41
0 36
0 36
0 43
0 40
0 33
0 48
0 40
0 54
0 46
0 46
0 54
0 39
0 39
