0.4280258369724066 1
0.4423233066211582 1
0.4434376058669376 1
0.4459960085738653 1
0.45189308131238093 1
0.4541128795429433 1
0.4544216372198652 1
0.45815998486279297 1
0.4599546150814483 1
0.4604924342071707 1
0.4614036664805385 1
0.46575029315456434 1
0.4691275180840092 1
0.4694096465431675 1
0.47205703548476863 1
0.47243629016907174 1
0.4731156601719421 1
0.4736424579781922 1
0.47371019513886586 1
0.47427225179906174 1
0.47526558826337323 1
0.47533243009461246 1
0.4761746859805214 1
0.47623048650820965 1
0.47739941768390337 1
0.4781444206758636 1
0.47839987732186723 1
0.47845224752851867 1
0.47942510428300883 1
0.47949462619624433 1
0.480206310795868 1
0.48085483458503375 1
0.4810833988663012 1
0.4814572787387106 1
0.485382612160188 1
0.4855951219612521 1
0.4861837180759148 1
0.48715110687499147 1
0.4879909639021925 1
0.48884336991821825 1
0.48940412817019024 1
0.4899005786270496 1
0.49033074547692423 1
0.49045406122945373 1
0.4910327614445157 1
0.4911070802032858 1
0.49168959595035444 1
0.49196705446649275 1
0.4921448481610885 1
0.4921998961709847 1
0.4924579441383167 1
0.4936081533668301 1
0.49377940900370265 1
0.49378100513546974 1
0.49438134273595735 1
0.4953645198244429 1
0.49562613088425217 1
0.49619578567578515 1
0.49692165534830474 1
0.4978415299482956 1
0.49824961835206893 1
0.4987750465394246 1
0.4987905143743068 1
0.4987988249577176 1
0.49892033109364076 1
0.49953562070053303 1
0.5002780232037279 1
0.5006603837054112 1
0.5009687963468886 1
0.501007934627839 1
0.5011652557055355 1
0.5011714077698983 1
0.5012221559494199 1
0.5014485163390688 1
0.5018848416655485 1
0.5019851994097825 1
0.5019859522440563 1
0.5021666536596159 1
0.5029295296330341 1
0.5031719323896662 1
0.5033282595820654 1
0.503734052216705 1
0.5038972287019142 1
0.5041184700915156 1
0.5041225204643347 1
0.504543759814328 1
0.5048475762831555 1
0.505087479439966 1
0.5051319599744946 1
0.505343828831443 1
0.5058759614119918 1
0.5063493743804649 1
0.5064990196368838 1
0.506822159622779 1
0.5074095961622451 1
0.5075717284121939 1
0.5078021022521145 1
0.5087314043366639 1
0.5087528785928828 1
0.5093605032076703 1
0.5094391277448281 1
0.5095276551812133 1
0.5095684082398855 1
0.509932052725289 1
0.510735575376629 1
0.5115869050252673 1
0.5121828155336258 1
0.5126155924324243 1
0.5126552091658605 1
0.512766963899456 1
0.5132516318302983 1
0.5133216898369058 1
0.5134145729654697 1
0.5136836109306716 1
0.5137411514676152 1
0.514063361568846 1
0.514474628046011 1
0.5146449737827578 1
0.5151095200195454 1
0.51531012580633 1
0.5164203250484205 1
0.5169957503731148 1
0.5177086252857008 1
0.5186389658504414 1
0.518655977296716 1
0.5187082905704647 1
0.5188307019589357 1
0.5189804216515934 1
0.5192590623637708 1
0.5195819526922256 1
0.5196864323112643 1
0.519856974381416 1
0.5199439699649143 1
0.5199930165776518 1
0.5206880476532731 1
0.5211367960626359 1
0.5213160608730225 1
0.5215553508050793 1
0.5220759700377285 1
0.5225730306132274 1
0.5234142999500639 1
0.5235262330868158 1
0.5237639543381735 1
0.5239814650895921 1
0.5240190075020913 1
0.525099013029747 1
0.5257593669919415 1
0.5258055874355265 1
0.5260507324100634 1
0.5262881733231017 1
0.5280476996188522 1
0.5282457563286536 1
0.5292642111458193 1
0.5302825651285277 1
0.530864491614804 1
0.5310389943597094 1
0.5312363985338341 1
0.5313750616475257 1
0.5313933555687602 1
0.5321168264419864 1
0.5325612908770099 1
0.5330786604415119 1
0.5332536629781592 1
0.5333741277572159 1
0.5334760879958327 1
0.5337302997476947 1
0.5343279277445242 1
0.5346106664146872 1
0.536520593728848 1
0.5371028400686376 1
0.5371571157019975 1
0.5379956987627316 1
0.5384156276865537 1
0.5390244188504189 1
0.5398537069846816 1
0.5399371554125628 1
0.5401169957461684 1
0.5401954251223663 1
0.5402979324252084 1
0.5407568607149555 1
0.5410422228827666 1
0.5415416270231233 1
0.5456560798965092 1
0.5473470495788327 1
0.5491927044520665 1
0.5498036222554561 1
0.5498382668223618 1
0.5506482102023412 1
0.5510709383813635 1
0.5528315071959435 1
0.5540974926899634 1
0.5560548288990715 1
0.557027815681438 1
0.5573265115713615 1
0.5573569777997978 1
0.5598214422447109 1
0.5641297309915143 1
0.5651404563358412 1
0.5705991018109496 1
0.5721262744319632 1
