0.4350540931989585 1
0.4417765793719898 1
0.4453399707603398 1
0.4516277686904985 1
0.45177765617670057 1
0.4571080407438868 1
0.45794845312267296 1
0.4608166166787156 1
0.46234800546782745 1
0.46320968137695734 1
0.4632345405307871 1
0.4633578957719522 1
0.46410041720100526 1
0.4650575747836407 1
0.4658427992675396 1
0.4665687105935493 1
0.4683226935106731 1
0.46847237415712206 1
0.4690147322601064 1
0.4691934377554001 1
0.46957329044769913 1
0.46993276793623545 1
0.47035012306528473 1
0.47056285641550744 1
0.47223213781735096 1
0.4727945982184395 1
0.4735994240347259 1
0.47537244483989033 1
0.47544675025809185 1
0.47613416395136865 1
0.4768055505493746 1
0.4775654487268532 1
0.4783212832644139 1
0.4790020240127985 1
0.47910899038146826 1
0.4793040144405842 1
0.47956814341059656 1
0.4808771187677214 1
0.48197837858104564 1
0.48387522403571404 1
0.4844274578251022 1
0.4845347254484367 1
0.48485117201526606 1
0.4855413455857224 1
0.4860915021828008 1
0.4861962452839829 1
0.4868618366252082 1
0.4888338957301862 1
0.4889814157202148 1
0.4894946605095506 1
0.4895204203658177 1
0.4898555526497427 1
0.4900116145470388 1
0.49001378344759394 1
0.4903761538717554 1
0.49136679945462514 1
0.4914490619601119 1
0.491667461903585 1
0.4919818607726101 1
0.49204258870249595 1
0.4927943683412227 1
0.4931818765740107 1
0.49338953578811146 1
0.49413279523673814 1
0.4946477178880135 1
0.49522091660199036 1
0.4956466887577802 1
0.49570963178533956 1
0.4957356208085354 1
0.49625948355809024 1
0.49635342637098034 1
0.49635747500902644 1
0.4964709500522785 1
0.49659859434234543 1
0.49659929637532185 1
0.496927866325046 1
0.4986279302615912 1
0.499291765685741 1
0.49930719234182724 1
0.4997609500290712 1
0.5005840752571599 1
0.5006464968325333 1
0.5007959552790995 1
0.5009766119557045 1
0.5010610327202906 1
0.5014822837836235 1
0.5030250954273842 1
0.5030566961889399 1
0.503588289949502 1
0.5039739043709865 1
0.5043214713809376 1
0.5045358936931141 1
0.5047269935437565 1
0.5048750675418675 1
0.50507128092086 1
0.5052589313356837 1
0.5054886089865593 1
0.5059792587884039 1
0.5060857502059711 1
0.5065977261510516 1
0.5066225727097445 1
0.5068269893260325 1
0.506961799020443 1
0.5073433829385849 1
0.5077858008539081 1
0.5078036489851009 1
0.5078797888529244 1
0.5085456467292478 1
0.50856305052496 1
0.5090497919510282 1
0.5092186705266151 1
0.5097166910161515 1
0.5107611100931098 1
0.5108476212694056 1
0.5113195062990893 1
0.5116054407777538 1
0.5118192195517536 1
0.5123712706409574 1
0.5128123461318406 1
0.5130472706694644 1
0.5133782994214175 1
0.5134683769962775 1
0.513481758539703 1
0.5139856174234414 1
0.5140132311015086 1
0.5142512699267917 1
0.514838985648342 1
0.5151973535304264 1
0.5152387246021799 1
0.5158817234990574 1
0.5159367243454629 1
0.5162283023281171 1
0.5163516792779189 1
0.5169132359643137 1
0.5169685442860389 1
0.5174706677425006 1
0.5177003207414503 1
0.5181296310559422 1
0.5188862791005753 1
0.5194160416987418 1
0.5194387904875082 1
0.5201319889824648 1
0.5201836875862936 1
0.5204430816641357 1
0.5204495519970537 1
0.5207474317932509 1
0.5208812231120541 1
0.5223070563205026 1
0.5224107292537336 1
0.5228820988613565 1
0.5228828217658018 1
0.5230408547177067 1
0.5232927832300188 1
0.523457839722961 1
0.5246107217878333 1
0.5248616661693654 1
0.5248879402244327 1
0.5249167356982256 1
0.5249704963835409 1
0.5250943561640852 1
0.5253465087905365 1
0.5260114383375625 1
0.5268111041513395 1
0.5270712461068657 1
0.5270734527461173 1
0.5281197369098142 1
0.5292931022326345 1
0.5308734865603489 1
0.5320316476042061 1
0.5324346463050385 1
0.5325479247486766 1
0.5326869072051035 1
0.5332636469333571 1
0.5338300316048609 1
0.5358021859964935 1
0.5363516634126915 1
0.5376031173633722 1
0.5383912204811877 1
0.5384001725718509 1
0.5386203138687403 1
0.5387957499893505 1
0.5391954217345777 1
0.5398999788307672 1
0.5401851212098583 1
0.5466695069746962 1
0.5477736059103622 1
0.5481097763186197 1
0.5518124088745826 1
0.5521266703343162 1
0.5526930814555296 1
0.5550024893971878 1
0.5603720720923729 1
0.5605960122157674 1
0.5640563085506294 1
0.5641191603068468 1
0.5664183558323399 1
0.5683198616390227 1
0.5712296996676985 1
0.5761510928911538 1
0.5792441418331126 1
