
 0.486
 0.477
 0.533
 0.501
 0.525
 0.466
 0.499
 0.487
 0.452
 0.504
 0.523
 0.519
 0.491
 0.506
 0.538
 0.492
 0.481
 0.536
 0.514
 0.496
 0.503
 0.467
 0.435
 0.461
 0.485
 0.520
 0.525
 0.523
 0.497
 0.463
 0.490
 0.555
 0.484
 0.511
 0.513
 0.496
 0.500
 0.470
 0.490
 0.514
 0.490
 0.501
 0.515
 0.499
 0.475
 0.516
 0.471
 0.547
 0.463
 0.548
 0.503
 0.511
 0.442
 0.531
 0.497
 0.538
 0.504
 0.501
 0.519
 0.476
 0.579
 0.468
 0.509
 0.538
 0.511
 0.512
 0.512
 0.527
 0.484
 0.480
 0.513
 0.548
 0.527
 0.458
 0.497
 0.472
 0.528
 0.518
 0.520
 0.534
 0.495
 0.452
 0.493
 0.513
 0.522
 0.492
 0.509
 0.525
 0.525
 0.469
 0.509
 0.486
 0.493
 0.463
 0.496
 0.474
 0.529
 0.505
 0.523
 0.485
 0.522
 0.521
 0.513
 0.520
 0.533
 0.533
 0.509
 0.523
 0.512
 0.564
 0.514
 0.479
 0.525
 0.564
 0.516
 0.552
 0.516
 0.445
 0.552
 0.505
 0.504
 0.571
 0.568
 0.516
 0.470
 0.532
 0.490
 0.507
 0.505
 0.489
 0.517
 0.508
 0.508
 0.536
 0.561
 0.496
 0.475
 0.492
 0.496
 0.518
 0.523
 0.507
 0.501
 0.491
 0.489
 0.508
 0.540
 0.465
 0.496
 0.505
 0.473
 0.505
 0.506
 0.470
 0.540
 0.478
 0.489
 0.515
 0.513
 0.478
 0.468
 0.560
 0.479
 0.539
 0.469
 0.553
 0.501
 0.507
 0.521
 0.501
 0.495
 0.527
 0.576
 0.507
 0.464
 0.566
 0.532
 0.517
 0.525
 0.490
 0.482
 0.519
 0.479
 0.515
 0.520
 0.462
 0.526
 0.539
 0.457
 0.493
 0.494
 0.517
 0.507
 0.525
 0.510
 0.499
 0.486
 0.505
 0.539
 0.496

