0.5228265164785157 1
0.5303963106643874 1
0.5319102695015618 1
0.533424228338736 1
0.5349381871759105 2
0.5349381871759106 1
0.5364521460130847 1
0.5364521460130849 1
0.537966104850259 1
0.5379661048502591 4
0.5379661048502592 3
0.5394800636874334 5
0.5394800636874336 1
0.5409940225246076 1
0.5409940225246077 1
0.5409940225246078 11
0.5409940225246079 1
0.542507981361782 2
0.5425079813617821 6
0.5440219401989563 5
0.5440219401989564 3
0.5440219401989566 5
0.5455358990361308 9
0.5455358990361309 4
0.547049857873305 4
0.5470498578733051 5
0.5470498578733052 3
0.5470498578733053 1
0.5485638167104794 11
0.5485638167104795 5
0.5485638167104796 1
0.5500777755476536 1
0.5500777755476537 5
0.5500777755476538 15
0.551591734384828 1
0.5515917343848281 5
0.5515917343848282 8
0.5531056932220024 13
0.5531056932220025 1
0.5546196520591766 1
0.5546196520591767 16
0.5561336108963509 2
0.556133610896351 3
0.5561336108963512 2
0.5576475697335254 4
0.5576475697335255 3
0.5591615285706997 2
0.5591615285706998 2
0.5606754874078741 3
0.5621894462450484 5
0.5621894462450485 1
0.5637034050822226 1
0.5637034050822227 1
0.565217363919397 1
0.5667313227565716 1
0.5697592404309201 1
0.5758150757796173 1
