1 43
2 38
2 46
2 36
1 30
2 37
2 34
2 48
1 45
0 43
1 33
2 42
2 39
1 44
2 37
2 38
1 35
0 39
2 43
1 39
0 39
1 34
2 40
0 42
1 52
1 40
2 42
1 44
2 44
0 38
2 40
0 46
2 44
2 37
0 57
0 45
2 44
2 46
1 40
2 34
2 48
1 43
1 51
0 46
0 32
2 46
0 32
1 33
2 37
2 38
1 45
1 53
0 45
1 32
2 41
0 53
1 50
1 44
2 48
0 29
2 43
1 40
0 42
1 44
1 37
2 44
2 48
1 39
2 38
2 36
0 43
0 52
2 43
2 43
2 52
1 39
0 39
0 42
1 44
0 39
0 40
2 44
1 40
0 41
1 44
2 37
2 53
1 49
1 49
2 41
0 39
1 46
2 39
0 43
0 34
0 37
0 42
0 45
2 43
2 42
2 43
2 51
1 37
1 41
1 37
0 26
1 37
1 40
1 35
1 36
0 50
1 49
2 44
0 42
0 34
0 44
0 46
1 50
0 43
0 37
2 45
2 40
0 47
1 52
2 51
0 49
0 56
2 38
0 49
0 32
1 39
2 41
0 30
1 44
1 48
1 37
2 47
1 46
2 61
1 54
0 35
2 33
2 44
1 46
2 56
2 35
2 38
1 36
0 44
1 50
2 41
1 47
1 44
2 31
0 51
2 45
1 43
1 49
0 31
1 31
0 37
2 36
0 50
1 36
1 42
1 38
1 33
1 49
1 32
2 53
1 34
1 43
0 48
0 35
2 39
1 40
0 44
0 42
2 39
1 38
2 48
1 33
1 47
1 55
2 53
1 41
1 45
0 37
2 44
1 37
0 55
0 48
0 48
2 35
0 28
0 43
0 49
0 43
0 46
1 37
