0.37067036247596336 1
0.38002571026792614 1
0.38105219705740334 1
0.3811972442932282 1
0.38407356050256963 1
0.38420190884960326 1
0.385135454447366 1
0.3877816474311593 1
0.3884725291921478 1
0.38895607083744393 1
0.39151642101139655 1
0.3920211057525242 1
0.3924211837380663 1
0.39273859159452656 1
0.39327859742070687 1
0.3943748531561608 1
0.3956462627725558 1
0.39576788536455965 1
0.3971462819844018 1
0.39735635467614117 1
0.39770619542280267 1
0.40162885913956275 1
0.4027161792668118 1
0.4029591573741127 1
0.4030037034744259 1
0.4030185325186029 1
0.4035950041586329 1
0.4036854566331962 1
0.40369717785848347 1
0.40427328360790205 1
0.4054628461018703 1
0.4106069003600965 1
0.4109226517640376 1
0.41157063156678425 1
0.41183481062690996 1
0.4118528927207288 1
0.4121250156034688 1
0.4127297817592479 1
0.412744685522945 1
0.4136380158731015 1
0.4143577499579203 1
0.4146241971576283 1
0.41464535554759085 1
0.41531561463542055 1
0.41557398009910557 1
0.4162331416637454 1
0.4176526415272875 1
0.41827874716535235 1
0.4188157766950132 1
0.420226427977814 1
0.42023498416582844 1
0.420262470388654 1
0.42058621727088996 1
0.42101050883267754 1
0.421203953615246 1
0.42148283955494165 1
0.4216331310270705 1
0.4220472612227412 1
0.4227814658790025 1
0.4233547247432405 1
0.4246666513778247 1
0.4246863094594607 1
0.42554208903847773 1
0.42556192425370815 1
0.42557827750611493 1
0.4264291689783355 1
0.4274513696912522 1
0.4275162401742931 1
0.42798084704420214 1
0.42806671519095885 1
0.4283845950972943 1
0.42857872995973695 1
0.42888769604448773 1
0.42923063071859324 1
0.4293166410683558 1
0.4296115461985765 1
0.4296456307705169 1
0.4297599929022634 1
0.4301410472782632 1
0.4302932098321311 1
0.4303137044611502 1
0.4305917553713892 1
0.43079253665347855 1
0.4308782112356043 1
0.43101684795085193 1
0.43137091383300225 1
0.43156607528112884 1
0.43175925030263224 1
0.43181162765619446 1
0.43208662486423494 1
0.43265341831932586 1
0.4328480655450613 1
0.43294125947345236 1
0.43311360997504095 1
0.4335797160995529 1
0.4336442489613752 1
0.43419908383380446 1
0.4343047322346838 1
0.4352504063453438 1
0.4361685217503639 1
0.4365847111415951 1
0.43719295033516997 1
0.4375556139667639 1
0.4379681848751129 1
0.43813288979083603 1
0.4383693147368515 1
0.4388047565436637 1
0.4399139772377156 1
0.4402525579187412 1
0.44046613251579214 1
0.44079732435388613 1
0.4408235879476407 1
0.4411506646859927 1
0.4418965220620166 1
0.4419358866073647 1
0.44206175385500784 1
0.44306772736379396 1
0.44316762484026206 1
0.4432097700837956 1
0.4432430093644229 1
0.4437373807104191 1
0.4437738101023339 1
0.4439980086852005 1
0.4442245628756049 1
0.4442259072224445 1
0.44449011418172424 1
0.4447817301184208 1
0.44624190777904593 1
0.4465155609298634 1
0.44686665178707635 1
0.4477932140410719 1
0.44858969363986817 1
0.44860656642751684 1
0.44903341620383974 1
0.44913272020451317 1
0.4493549809328692 1
0.44962202177394667 1
0.45000563730240023 1
0.4505455947810789 1
0.4508532885463053 1
0.4510471767654909 1
0.4513302472562254 1
0.4516329124716678 1
0.4519653499899634 1
0.45196744554395385 1
0.4521621170788868 1
0.45238862799073615 1
0.45276826722325586 1
0.4533960169327756 1
0.45340360806935515 1
0.45372512779724544 1
0.45425800693535195 1
0.45540476147860365 1
0.4555342913470885 1
0.45612442501943384 1
0.4564496455373082 1
0.456671506672328 1
0.4567531945722996 1
0.45708992147842203 1
0.4571476817672276 1
0.45780197259079486 1
0.4586762400226307 1
0.459175753011112 1
0.4595090803963213 1
0.4597773583964443 1
0.45994595531514193 1
0.46001145045363634 1
0.4601093392433079 1
0.4613941473746096 1
0.46257032463578424 1
0.46290064287352595 1
0.46378197392556314 1
0.4640113620173474 1
0.464042166170552 1
0.4659754748107018 1
0.4659795912246347 1
0.46612207738210165 1
0.4675984712326225 1
0.46779281536021133 1
0.46812019434394464 1
0.46931112039429324 1
0.469885239501589 1
0.47083008512581764 1
0.47234652887545914 1
0.4729588536333908 1
0.47374442448191273 1
0.47516192450342964 1
0.475377570419438 1
0.47871667299693693 1
0.47905231741014664 1
0.4819270704395447 1
0.4820278080885971 1
0.48539520586019874 1
0.48567961340405924 1
0.4860403167933472 1
0.4870538396037462 1
0.49198142311280213 1
0.4932048344281143 1
0.4947425670591295 1
0.4950997635632936 1
