
 0.420
 0.458
 0.468
 0.471
 0.450
 0.464
 0.429
 0.463
 0.403
 0.464
 0.396
 0.380
 0.430
 0.473
 0.456
 0.388
 0.441
 0.434
 0.443
 0.441
 0.447
 0.445
 0.430
 0.453
 0.413
 0.444
 0.455
 0.451
 0.438
 0.440
 0.460
 0.428
 0.474
 0.472
 0.482
 0.442
 0.427
 0.403
 0.461
 0.437
 0.453
 0.479
 0.431
 0.454
 0.469
 0.397
 0.442
 0.426
 0.434
 0.457
 0.393
 0.421
 0.486
 0.433
 0.452
 0.429
 0.460
 0.422
 0.397
 0.403
 0.431
 0.482
 0.457
 0.437
 0.456
 0.438
 0.431
 0.414
 0.435
 0.371
 0.402
 0.403
 0.392
 0.411
 0.384
 0.432
 0.429
 0.431
 0.493
 0.415
 0.384
 0.452
 0.412
 0.428
 0.432
 0.479
 0.431
 0.466
 0.430
 0.460
 0.446
 0.453
 0.421
 0.421
 0.412
 0.459
 0.428
 0.425
 0.412
 0.389
 0.448
 0.492
 0.412
 0.463
 0.460
 0.392
 0.468
 0.438
 0.475
 0.423
 0.418
 0.426
 0.456
 0.466
 0.413
 0.414
 0.443
 0.432
 0.450
 0.420
 0.421
 0.468
 0.430
 0.432
 0.433
 0.411
 0.440
 0.381
 0.466
 0.426
 0.443
 0.415
 0.441
 0.423
 0.405
 0.436
 0.487
 0.398
 0.444
 0.442
 0.392
 0.485
 0.433
 0.452
 0.452
 0.451
 0.430
 0.418
 0.388
 0.416
 0.443
 0.470
 0.440
 0.438
 0.495
 0.452
 0.396
 0.449
 0.444
 0.439
 0.381
 0.486
 0.426
 0.430
 0.404
 0.451
 0.393
 0.449
 0.451
 0.434
 0.459
 0.475
 0.404
 0.416
 0.457
 0.457
 0.495
 0.415
 0.460
 0.404
 0.444
 0.425
 0.428
 0.420
 0.454
 0.434
 0.449
 0.444
 0.422
 0.429
 0.394
 0.404
 0.447
 0.385
 0.419
 0.433
 0.464
 0.449
 0.444
 0.449

