1 53
1 29
1 35
1 42
0 49
1 44
1 47
1 43
0 38
1 39
0 39
0 33
0 50
0 48
0 30
1 49
0 40
0 29
0 39
1 42
0 37
1 32
0 45
0 36
0 35
1 35
0 55
0 57
0 38
0 33
1 36
1 38
1 34
0 31
1 38
1 33
1 36
1 43
1 34
1 45
1 46
1 44
0 45
0 38
0 39
1 28
1 43
0 43
0 40
0 36
1 37
0 32
1 43
1 40
1 40
0 43
0 40
1 37
0 43
1 40
1 34
0 45
1 54
1 48
1 39
0 38
0 46
0 37
0 46
1 40
0 30
1 38
0 38
1 39
0 53
1 39
0 45
0 43
0 40
0 55
1 37
0 40
1 36
1 43
1 28
0 41
1 45
0 55
1 52
0 48
0 46
0 45
0 43
1 34
1 44
1 29
0 43
1 36
1 42
0 40
0 40
0 38
1 46
1 46
1 46
0 49
1 42
0 50
1 47
1 45
0 35
0 46
0 36
1 46
0 35
1 60
0 46
0 40
0 38
1 36
1 45
1 43
1 51
0 32
1 46
0 52
1 42
0 46
0 58
0 47
0 46
1 35
1 45
0 48
1 43
1 45
1 39
1 41
0 42
1 49
1 34
1 54
0 49
1 45
0 42
1 32
0 45
1 39
0 37
1 39
1 52
0 51
0 43
1 42
1 42
0 51
0 51
1 36
1 32
1 46
0 44
1 50
1 45
0 34
1 48
0 35
1 46
0 48
1 52
0 41
0 53
1 37
1 36
1 45
1 28
0 34
1 52
1 52
0 37
1 31
1 48
1 47
0 42
0 39
0 27
0 33
1 37
1 38
0 35
1 48
0 47
1 51
1 40
0 30
1 50
1 36
1 41
1 54
0 36
0 25
