69 39
74 47
8 37
92 52
30 44
50 37
49 49
53 44
63 42
25 43
38 45
12 33
94 48
90 45
35 29
10 42
60 46
24 35
50 39
96 41
48 53
76 39
6 46
18 42
48 40
44 34
39 34
31 38
29 32
79 35
88 46
79 41
0 43
36 36
0 39
85 37
70 50
93 53
44 32
87 43
58 44
6 47
29 42
77 49
25 42
80 38
41 48
46 41
8 41
23 42
98 43
81 36
89 41
85 47
39 51
20 36
56 38
16 42
19 49
69 33
83 42
34 52
68 32
83 44
76 36
46 50
36 45
95 33
31 39
84 31
94 47
56 30
8 40
66 39
1 44
63 43
72 42
72 45
3 35
4 53
0 47
87 43
21 44
57 40
75 45
71 45
42 28
49 32
38 41
28 43
91 39
91 45
44 37
69 39
1 55
36 38
11 44
15 44
47 43
33 36
