0.4343302406828132 1
0.4419950871180596 1
0.4437531161011254 1
0.44542030347629735 1
0.44543737674714207 1
0.44891020494320805 1
0.4497995258387425 1
0.4506340639646982 1
0.4511843405140729 1
0.45120587083452074 1
0.45214857084876736 1
0.4524157436025648 1
0.4536918974451302 1
0.4545313662299661 1
0.454614006923386 1
0.4546671780422902 1
0.4587059260112757 1
0.4592839018046163 1
0.46026064857654597 1
0.46046590335277876 1
0.46087898900989893 1
0.4618593592300979 1
0.46191481701468234 1
0.46308954349491926 1
0.46313092728434463 1
0.4641859081406307 1
0.4643707906102581 1
0.4644360069173914 1
0.4651993871663106 1
0.4652641209580812 1
0.46546387123339705 1
0.4658444088391171 1
0.46763993149449284 1
0.4678408966694609 1
0.4697552934985203 1
0.4716717806377404 1
0.4731994234622629 1
0.47376503007621423 1
0.4740508004144789 1
0.47476751756421265 1
0.4748265982662084 1
0.47508632976492876 1
0.47652355413785324 1
0.4766672452180831 1
0.47714465817921903 1
0.4773006203938135 1
0.4777272789045535 1
0.4778217704642189 1
0.4797683933908493 1
0.479954978459298 1
0.4801108294491736 1
0.4804798598867647 1
0.4813226163022381 1
0.48181923067773236 1
0.4819355659761517 1
0.48196050211423835 1
0.4829081862653288 1
0.4831487401471615 1
0.4833073003513401 1
0.48405507626782324 1
0.48436857577017356 1
0.48476876139083436 1
0.4849474582163542 1
0.4857261797142893 1
0.48576630350185535 1
0.48676674170582546 1
0.4868662843431166 1
0.4873414810287892 1
0.488209703365779 1
0.48827821977346536 1
0.4883643051113312 1
0.48839473540636374 1
0.4885403701510181 1
0.4902373123991521 1
0.49039793093128475 1
0.491471222556954 1
0.49189189405609207 1
0.49192053699729743 1
0.49244453783395203 1
0.49256879892233024 1
0.4926462543932788 1
0.49272079109420575 1
0.49319469341654726 1
0.4935137402276412 1
0.49464514124909825 1
0.49469021349080017 1
0.49482238901001024 1
0.4949191001391899 1
0.49535355037641077 1
0.49627829456195954 1
0.4975379474607653 1
0.49773214162403945 1
0.49827138099247537 1
0.49837608949929135 1
0.49895597482792375 1
0.4990541877550985 1
0.49937639499621334 1
0.4997450915811028 1
0.49999811893564505 1
0.5000781044102863 1
0.5006347449572993 1
0.5008002867594212 1
0.5008516000405117 1
0.5011418329840608 1
0.5014412044598093 1
0.5015838731401988 1
0.5022127730932539 1
0.502344574829829 1
0.5025850993586274 1
0.502982357434091 1
0.5030534283290601 1
0.5034961459257873 1
0.5039129499104917 1
0.5039286889805396 1
0.5048206096383858 1
0.505320385602163 1
0.5056051263068594 1
0.5060127229745089 1
0.5064272819710335 1
0.5064873247825283 1
0.5064981552771646 1
0.5080708065559034 1
0.5083061062633681 1
0.5086208538481987 1
0.5104223778574225 1
0.5109194967664089 1
0.5111330838429733 1
0.5117228889484015 1
0.5122345792991689 1
0.5135401767342089 1
0.5137063512225419 1
0.5139406879087146 1
0.5140297870582198 1
0.5143495902262157 1
0.5144512011672837 1
0.5146240060696264 1
0.5152426336338536 1
0.5156571475179829 1
0.5161696454340468 1
0.5175385674987969 1
0.5177120520527982 1
0.5215841144524073 1
0.5215924160544341 1
0.5217882809932797 1
0.5222169704311768 1
0.5229227093512628 1
0.5235887948514921 1
0.5239100629693423 1
0.5242900882133325 1
0.5243300861720719 1
0.5247852232187823 1
0.525888148873441 1
0.52592179741991 1
0.5259909439839933 1
0.5263419066121588 1
0.5270467015679334 1
0.5274496598479874 1
0.5276399600091352 1
0.5278032015457689 1
0.5289847288651431 1
0.5293633166926524 1
0.5293933550165526 1
0.5294865378554494 1
0.5298347439427533 1
0.5307935882902758 1
0.531002803535969 1
0.5321938591011586 1
0.5323743772900649 1
0.5331318646436026 1
0.5355605479984125 1
0.5357719033386324 1
0.535810508128218 1
0.5368133876021951 1
0.5368250869409752 1
0.5370404244593049 1
0.537606296788489 1
0.538156169193045 1
0.5392744804923921 1
0.539369971948745 1
0.5399734357611583 1
0.5402630998716782 1
0.5427865928270904 1
0.5439728432201232 1
0.5459888642369533 1
0.5461536542947791 1
0.5463318541519943 1
0.5479115830885505 1
0.5481053689920434 1
0.54812508532453 1
0.549090121151927 1
0.5508332747339375 1
0.5534101983261135 1
0.5547927940615899 1
0.5609018463267033 1
0.5613085268935211 1
0.5632168478701643 1
0.5638783539850674 1
0.5665550657382438 1
0.574663151447774 1
0.6034131662424556 1
