
 0.527
 0.500
 0.464
 0.434
 0.529
 0.561
 0.489
 0.525
 0.548
 0.495
 0.532
 0.482
 0.529
 0.488
 0.506
 0.506
 0.539
 0.526
 0.564
 0.478
 0.537
 0.530
 0.509
 0.526
 0.485
 0.496
 0.506
 0.464
 0.455
 0.501
 0.523
 0.501
 0.506
 0.488
 0.514
 0.465
 0.460
 0.442
 0.531
 0.451
 0.532
 0.524
 0.499
 0.445
 0.484
 0.511
 0.501
 0.548
 0.474
 0.551
 0.478
 0.454
 0.544
 0.474
 0.486
 0.477
 0.502
 0.459
 0.527
 0.522
 0.492
 0.503
 0.518
 0.470
 0.499
 0.455
 0.533
 0.529
 0.465
 0.492
 0.450
 0.524
 0.546
 0.465
 0.459
 0.526
 0.498
 0.452
 0.563
 0.451
 0.540
 0.493
 0.472
 0.468
 0.508
 0.536
 0.514
 0.483
 0.484
 0.538
 0.491
 0.522
 0.455
 0.464
 0.546
 0.546
 0.504
 0.475
 0.503
 0.528
 0.482
 0.501
 0.498
 0.490
 0.462
 0.460
 0.480
 0.514
 0.536
 0.531
 0.493
 0.539
 0.561
 0.502
 0.475
 0.486
 0.506
 0.473
 0.461
 0.477
 0.514
 0.493
 0.512
 0.481
 0.503
 0.514
 0.480
 0.492
 0.543
 0.522
 0.567
 0.524
 0.500
 0.488
 0.493
 0.485
 0.468
 0.494
 0.516
 0.452
 0.514
 0.487
 0.501
 0.555
 0.504
 0.463
 0.537
 0.451
 0.515
 0.512
 0.449
 0.487
 0.483
 0.510
 0.488
 0.444
 0.526
 0.477
 0.511
 0.490
 0.505
 0.483
 0.495
 0.463
 0.515
 0.480
 0.516
 0.462
 0.575
 0.537
 0.480
 0.549
 0.495
 0.603
 0.498
 0.536
 0.445
 0.522
 0.538
 0.482
 0.518
 0.540
 0.503
 0.487
 0.502
 0.466
 0.500
 0.505
 0.548
 0.495
 0.477
 0.495
 0.499
 0.529
 0.508
 0.553
 0.498
 0.528
 0.524
 0.475

