
 0.481
 0.507
 0.497
 0.539
 0.479
 0.501
 0.541
 0.516
 0.495
 0.490
 0.511
 0.494
 0.481
 0.490
 0.490
 0.531
 0.488
 0.454
 0.487
 0.459
 0.490
 0.492
 0.513
 0.489
 0.456
 0.512
 0.487
 0.492
 0.526
 0.501
 0.482
 0.504
 0.504
 0.468
 0.499
 0.477
 0.506
 0.503
 0.475
 0.500
 0.490
 0.492
 0.486
 0.514
 0.495
 0.470
 0.443
 0.496
 0.493
 0.472
 0.469
 0.506
 0.467
 0.493
 0.494
 0.507
 0.562
 0.456
 0.476
 0.525
 0.481
 0.468
 0.470
 0.537
 0.545
 0.519
 0.475
 0.492
 0.526
 0.512
 0.545
 0.544
 0.479
 0.554
 0.499
 0.515
 0.505
 0.525
 0.485
 0.516
 0.530
 0.510
 0.521
 0.511
 0.505
 0.532
 0.523
 0.462
 0.519
 0.456
 0.534
 0.520
 0.494
 0.457
 0.442
 0.482
 0.458
 0.510
 0.469
 0.473
 0.481
 0.527
 0.525
 0.479
 0.521
 0.526
 0.506
 0.495
 0.496
 0.498
 0.481
 0.516
 0.492
 0.468
 0.531
 0.501
 0.506
 0.500
 0.486
 0.489
 0.504
 0.444
 0.506
 0.456
 0.547
 0.530
 0.482
 0.499
 0.487
 0.499
 0.503
 0.483
 0.535
 0.501
 0.521
 0.558
 0.539
 0.487
 0.440
 0.588
 0.516
 0.506
 0.541
 0.463
 0.482
 0.500
 0.516
 0.472
 0.513
 0.487
 0.495
 0.479
 0.542
 0.499
 0.520
 0.521
 0.495
 0.497
 0.444
 0.516
 0.448
 0.523
 0.449
 0.438
 0.487
 0.456
 0.478
 0.496
 0.496
 0.532
 0.482
 0.507
 0.450
 0.493
 0.491
 0.475
 0.496
 0.473
 0.476
 0.470
 0.532
 0.572
 0.508
 0.484
 0.509
 0.449
 0.525
 0.512
 0.453
 0.464
 0.451
 0.476
 0.570
 0.490
 0.506
 0.451
 0.506
 0.498
 0.505
 0.437

