2 51
1 42
2 46
2 27
0 45
1 45
0 44
1 38
1 47
1 51
1 31
1 47
2 45
0 38
2 46
0 40
1 39
1 37
1 34
0 42
2 31
0 50
0 38
0 48
1 47
1 38
2 47
0 48
1 31
2 50
0 46
1 46
1 37
0 41
1 60
0 41
1 39
2 36
2 45
1 39
0 35
0 40
1 33
2 45
1 28
1 34
1 39
2 44
2 49
2 45
1 48
1 32
1 48
2 50
0 42
2 44
2 42
2 40
1 47
0 49
2 51
2 44
2 42
0 42
0 37
1 37
2 41
1 40
0 31
1 41
2 43
0 44
0 52
1 41
0 48
2 52
1 52
2 33
0 35
2 41
2 41
1 43
2 38
2 41
2 34
2 36
0 44
1 46
1 36
0 45
0 53
1 50
0 41
2 45
1 42
2 40
0 35
0 48
1 44
2 36
1 44
2 43
2 49
2 40
2 54
1 40
1 57
1 55
2 41
2 37
2 34
0 50
0 49
2 46
0 38
0 42
0 47
1 41
1 31
1 41
2 29
1 41
0 44
2 50
0 40
2 36
2 40
0 34
0 50
1 53
2 40
1 33
2 41
2 43
1 44
1 43
1 45
1 38
2 38
0 47
2 40
1 38
1 41
2 44
0 40
1 43
0 51
1 46
2 40
2 41
1 46
2 46
1 40
2 45
2 39
0 41
2 36
0 31
0 36
2 30
1 50
2 37
2 48
1 38
1 28
2 41
2 56
2 37
1 45
1 30
2 49
0 29
0 52
1 34
0 44
1 39
0 51
1 34
2 46
2 43
1 49
2 38
1 46
0 40
1 55
2 46
2 30
2 44
2 45
0 40
1 46
0 46
2 53
1 36
1 45
2 46
1 35
0 48
0 36
0 31
