0.4100844923605685 1
0.42867779078290397 1
0.4325689266283521 1
0.4326376191512413 1
0.43555854451906706 1
0.44117815966884505 1
0.4426460221691378 1
0.4432013200783784 1
0.44481575097494924 1
0.4456915792294553 1
0.448677426421295 1
0.4506703044368657 1
0.4511610820147369 1
0.4547905191445381 1
0.45607712213831064 1
0.45624579691013945 1
0.45718656744610536 1
0.459146745736397 1
0.45918337075644966 1
0.4598338352364147 1
0.46153789026773373 1
0.4615670643813757 1
0.46163806016585396 1
0.4623165051878155 1
0.46390952978049205 1
0.46400360895836384 1
0.46402696094233353 1
0.46417422626085414 1
0.4675530401073354 1
0.46879412962712885 1
0.4693651142881854 1
0.47036246230441875 1
0.4703749673197323 1
0.4707535517878728 1
0.47114475977435655 1
0.4719444247106109 1
0.4739257331993509 1
0.4739828094045372 1
0.47413052881882406 1
0.47414560631358077 1
0.47418530696719136 1
0.4755010336362991 1
0.475988348168516 1
0.4765785030966946 1
0.47661442222786704 1
0.4768065307791769 1
0.47688570647048933 1
0.4775822223959229 1
0.47905472292366474 1
0.4797928926577303 1
0.4802225206007274 1
0.48049305686020943 1
0.4810802823155069 1
0.481274326413513 1
0.4822288813233619 1
0.48224983980502695 1
0.48266769470621607 1
0.48313442304395665 1
0.48316268634631515 1
0.4840403930592209 1
0.4847787150564809 1
0.4849381550356305 1
0.4858594794239198 1
0.48618272183493483 1
0.4865328556242876 1
0.48656001495970047 1
0.486802688126595 1
0.4868189635740846 1
0.48919503530374925 1
0.4893091610967747 1
0.4895340601080407 1
0.48976885394403424 1
0.490543035449752 1
0.49085104654127704 1
0.490884696282626 1
0.4910918870386181 1
0.4913260928731966 1
0.49133316242062924 1
0.4924623175710529 1
0.49260788898500024 1
0.4927584649911291 1
0.49314932051760385 1
0.4936108064687922 1
0.4940654644473619 1
0.4942180144216517 1
0.4943270740341287 1
0.49451421148823654 1
0.49477691888097114 1
0.49501625231183716 1
0.49514849350984347 1
0.49537058900594516 1
0.4953991415576827 1
0.4960387155356248 1
0.4961027769340927 1
0.4963202708374942 1
0.4963802734999815 1
0.49727431320486537 1
0.49796287673557577 1
0.49798931221857534 1
0.4983087217022556 1
0.49831853225778594 1
0.4983993078920297 1
0.4988052309233909 1
0.49888284765308477 1
0.4993193913410476 1
0.49952367877396575 1
0.5001307009723311 1
0.5002945556984911 1
0.5003185333856294 1
0.5004069364805344 1
0.5007528729393779 1
0.5013877568562704 1
0.5022309535807186 1
0.5023102445637921 1
0.5025819718497937 1
0.5027828372713994 1
0.5045613383139734 1
0.5052285778176153 1
0.5056498759981329 1
0.5063523248951777 1
0.5068023515055708 1
0.5069847185313516 1
0.5070442890659826 1
0.5072131868232967 1
0.5076204912158211 1
0.5076883606799583 1
0.5077495867627096 1
0.5078448989082692 1
0.5087228601290532 1
0.5089337555356163 1
0.5095687536639363 1
0.5096856554725355 1
0.510077329002231 1
0.5101052716399783 1
0.5101587748382304 1
0.5113650556219047 1
0.5115699679432646 1
0.5126961986744645 1
0.5127284133838885 1
0.512940565833331 1
0.5131295530775588 1
0.5132651145924975 1
0.5137090043796202 1
0.513793529264552 1
0.514156776885353 1
0.5146547213420567 1
0.5148242197660848 1
0.5156710663178594 1
0.515930070991653 1
0.5160917833758 1
0.5167045356173562 1
0.5167990863667861 1
0.5168813814384876 1
0.5169427569249229 1
0.5181134828884212 1
0.5187104180413923 1
0.5201315593363389 1
0.5203872030310275 1
0.5205629680013305 1
0.5223935273668968 1
0.5226383702207695 1
0.5226913015089663 1
0.5231468248772547 1
0.5236011365812954 1
0.5236730003175681 1
0.5261945439936435 1
0.5265598794280649 1
0.5268249072797937 1
0.5282797642194229 1
0.5297914334058231 1
0.5307279568794504 1
0.5312637583456484 1
0.5320878037073631 1
0.5324705848693957 1
0.5325020104417366 1
0.5328350420267588 1
0.5331169802095741 1
0.5342708676197139 1
0.5342777467620922 1
0.534805613930083 1
0.5351422816646201 1
0.5358096479786987 1
0.5360328071169453 1
0.5367191942532736 1
0.5369809566753875 1
0.5376355091048672 1
0.5382461041263376 1
0.5387511687040669 1
0.5394124567844948 1
0.5400640271910091 1
0.5401305855281343 1
0.5428610306717454 1
0.5430380209176738 1
0.5441994255743484 1
0.5508910801685556 1
0.5547717414427875 1
0.5566604177571715 1
0.5573262726790597 1
0.5627447046901751 1
0.5822651944442072 1
