
 0.474
 0.520
 0.557
 0.563
 0.507
 0.517
 0.496
 0.500
 0.512
 0.544
 0.460
 0.557
 0.433
 0.471
 0.451
 0.491
 0.530
 0.479
 0.502
 0.474
 0.462
 0.480
 0.524
 0.513
 0.520
 0.468
 0.436
 0.496
 0.543
 0.498
 0.482
 0.433
 0.507
 0.508
 0.531
 0.509
 0.477
 0.513
 0.532
 0.495
 0.489
 0.491
 0.503
 0.539
 0.502
 0.516
 0.555
 0.536
 0.500
 0.505
 0.495
 0.523
 0.451
 0.499
 0.445
 0.470
 0.493
 0.532
 0.500
 0.524
 0.457
 0.497
 0.481
 0.513
 0.523
 0.498
 0.477
 0.495
 0.538
 0.514
 0.495
 0.551
 0.477
 0.500
 0.537
 0.508
 0.505
 0.494
 0.491
 0.464
 0.472
 0.476
 0.519
 0.498
 0.501
 0.469
 0.496
 0.533
 0.540
 0.483
 0.474
 0.507
 0.462
 0.474
 0.459
 0.456
 0.480
 0.483
 0.538
 0.496
 0.464
 0.441
 0.536
 0.491
 0.517
 0.527
 0.513
 0.498
 0.494
 0.456
 0.494
 0.495
 0.489
 0.484
 0.493
 0.492
 0.487
 0.490
 0.462
 0.459
 0.509
 0.500
 0.535
 0.474
 0.498
 0.521
 0.533
 0.582
 0.515
 0.507
 0.506
 0.501
 0.514
 0.510
 0.543
 0.495
 0.523
 0.429
 0.499
 0.481
 0.510
 0.480
 0.464
 0.539
 0.443
 0.506
 0.493
 0.471
 0.516
 0.455
 0.491
 0.510
 0.487
 0.511
 0.533
 0.449
 0.494
 0.517
 0.527
 0.518
 0.490
 0.446
 0.528
 0.486
 0.443
 0.469
 0.491
 0.503
 0.510
 0.514
 0.516
 0.540
 0.534
 0.485
 0.508
 0.537
 0.482
 0.462
 0.534
 0.526
 0.517
 0.477
 0.478
 0.485
 0.464
 0.410
 0.531
 0.483
 0.522
 0.508
 0.486
 0.476
 0.487
 0.510
 0.515
 0.470
 0.513
 0.499
 0.535
 0.487

