
 0.427
 0.491
 0.455
 0.450
 0.420
 0.435
 0.426
 0.463
 0.475
 0.423
 0.452
 0.501
 0.432
 0.435
 0.443
 0.471
 0.443
 0.456
 0.513
 0.448
 0.442
 0.468
 0.474
 0.438
 0.455
 0.487
 0.416
 0.456
 0.436
 0.438
 0.450
 0.459
 0.513
 0.431
 0.465
 0.460
 0.467
 0.440
 0.459
 0.456
 0.419
 0.470
 0.513
 0.434
 0.463
 0.491
 0.439
 0.479
 0.423
 0.471
 0.476
 0.470
 0.486
 0.504
 0.434
 0.474
 0.454
 0.430
 0.442
 0.437
 0.456
 0.437
 0.484
 0.450
 0.453
 0.492
 0.467
 0.470
 0.469
 0.439
 0.454
 0.489
 0.477
 0.429
 0.502
 0.472
 0.439
 0.434
 0.473
 0.468
 0.468
 0.431
 0.481
 0.474
 0.455
 0.412
 0.473
 0.433
 0.459
 0.439
 0.455
 0.458
 0.425
 0.431
 0.442
 0.470
 0.473
 0.489
 0.414
 0.480
 0.430
 0.444
 0.466
 0.442
 0.460
 0.493
 0.468
 0.447
 0.465
 0.461
 0.480
 0.496
 0.466
 0.451
 0.439
 0.454
 0.448
 0.455
 0.442
 0.445
 0.450
 0.446
 0.505
 0.463
 0.457
 0.438
 0.445
 0.453
 0.460
 0.485
 0.489
 0.434
 0.469
 0.425
 0.457
 0.451
 0.450
 0.457
 0.462
 0.472
 0.433
 0.430
 0.492
 0.471
 0.498
 0.420
 0.470
 0.497
 0.438
 0.473
 0.484
 0.443
 0.420
 0.449
 0.445
 0.458
 0.448
 0.451
 0.494
 0.451
 0.484
 0.436
 0.467
 0.449
 0.427
 0.422
 0.419
 0.458
 0.479
 0.446
 0.432
 0.415
 0.462
 0.441
 0.429
 0.459
 0.439
 0.440
 0.434
 0.437
 0.433
 0.481
 0.458
 0.446
 0.484
 0.486
 0.470
 0.486
 0.487
 0.442
 0.479
 0.437
 0.420
 0.453
 0.460
 0.483
 0.469
 0.473
 0.489
 0.460

