0.3375191362138487 1
0.3476074649395364 1
0.34874104920988225 1
0.34924616237298256 1
0.3494769364980107 1
0.3498011998358829 1
0.3498410158343661 1
0.3509197267721588 1
0.35122982234062156 1
0.35280563194999814 1
0.3533885630687142 1
0.3534261043831351 1
0.35531907423578124 1
0.3565934045656957 1
0.359681538690933 1
0.4133707943786209 1
0.4773997736775813 1
0.4891835110271022 1
0.49295126861392835 1
0.4944858646854672 1
0.53336945978483 1
0.5342205725980342 1
0.5670535983496316 1
0.5742067079776467 1
0.5744717880314196 1
0.5820761626385771 1
0.5820893649285186 1
0.5834627309483414 1
0.5834740860149862 1
0.5837745951634524 1
0.5843910018364575 1
0.5846278461491247 1
0.5848571262770519 1
0.5848758958487711 1
0.5856523637943231 1
0.5859727558996071 1
0.5860774153206427 1
0.5861190145962136 1
0.586191450351809 1
0.5869042473707197 1
0.5871479867389742 1
0.5872630006729365 1
0.5872733238101525 1
0.5877910518229112 1
0.5879414477815292 1
0.5880769450820897 1
0.5881206248446135 1
0.5885093249247144 1
0.5885491039960105 1
0.5885607881942148 1
0.5886005890148743 1
0.5886350905818099 1
0.5887284535021766 1
0.5887436876896993 1
0.588839370077112 1
0.5889986261998956 1
0.5894527353100822 1
0.5894993432412026 1
0.5895594445732087 1
0.5895719172009364 1
0.5897011589938884 1
0.5900357785823636 1
0.5902806135983883 1
0.590329382648436 1
0.5904774664572114 1
0.5905662850917193 1
0.5906175851972686 1
0.5906423344515442 1
0.5906864455099509 1
0.5906918076115738 1
0.5910606974059847 1
0.5911216708167537 1
0.5912570474710758 1
0.5912802722743059 1
0.5913635383626898 1
0.5913636735932861 1
0.5914207802383281 1
0.5916610677321472 1
0.591747777728867 1
0.5918245260074803 1
0.591883112603328 1
0.5920414793824256 1
0.592127630852628 1
0.5922956340323099 1
0.5924308209366306 1
0.5925098286996525 1
0.5925479705709588 1
0.5925906687665619 1
0.5926150538304769 1
0.5927000881936209 1
0.5927127806485779 1
0.5929204416899863 1
0.592963119951272 1
0.5929906465029773 1
0.5930701589527502 1
0.5933537053991058 1
0.5933841075058649 1
0.5934123578907983 1
0.5935442210683315 1
0.593619690751727 1
0.5936227734761647 1
0.5936331376353821 1
0.59368135197861 1
0.5937417032394554 1
0.5937787076493464 1
0.5938179122471698 1
0.5938899469052844 1
0.5939130455694718 1
0.594017119291644 1
0.5940387631844875 1
0.5941349379121943 1
0.5941532230984987 1
0.5942028230202102 1
0.5942110010682929 1
0.5942477954136441 1
0.5943171814423255 1
0.5943308671319912 1
0.5943396480567636 1
0.5943939928147299 1
0.5944335162407439 1
0.594441957871494 1
0.5946021028267059 1
0.5948122923086882 1
0.5953072352874771 1
0.5954326062618749 1
0.595565254097381 1
0.5956247410189728 1
0.5957560406761033 1
0.5957863815111872 1
0.5959190997706776 1
0.5959596984389738 1
0.5960063491147621 1
0.5960551496513801 1
0.5960833363466008 1
0.5961164785928695 1
0.596159652177003 1
0.5963714333274424 1
0.5964006470546611 1
0.5964656147582423 1
0.5964788591194886 1
0.596597326097415 1
0.5966979909066855 1
0.5967546472921348 1
0.5967833977460442 1
0.5968917973661065 1
0.5969339086029556 1
0.5969418993079348 1
0.5969771215084666 1
0.5970112145233964 1
0.5970435669950275 1
0.5970910838549724 1
0.5971098653403347 1
0.5971561157109512 1
0.5971903852182594 1
0.5972460899814589 1
0.5972718943214793 1
0.5973307839839245 1
0.5973467794566785 1
0.5973819131798199 1
0.597413024526248 1
0.5974181785115973 1
0.5974188985035724 1
0.5974953875805155 1
0.597499175241616 1
0.5976120986211576 1
0.597646400284908 1
0.5977064402169991 1
0.5977631603123083 1
0.5979355211513888 1
0.5980799916812284 1
0.598128595943974 1
0.5982229201515392 1
0.5983204959063114 1
0.598342538734516 1
0.5983500903927791 1
0.5983918462978816 1
0.5984414043762623 1
0.5984593969306414 1
0.598483246182289 1
0.5985328746425276 1
0.5985537454253244 1
0.5986873450911387 1
0.5987287762269691 1
0.5988240363070377 1
0.5988446781764232 1
0.5988493462028978 1
0.5988864585783819 1
0.5989807442578711 1
0.5989942248269059 1
0.5990061079412128 1
0.599041403128575 1
0.5991999850250844 1
0.5992053327166862 1
0.5994318781445747 1
0.599473270008663 1
0.5994888986243245 1
0.599511989190868 1
0.599547438830321 1
0.5996616360477918 1
0.5996739226707494 1
0.59997579040952 1
0.5999886951151598 1
0.6000065052454813 1
0.6000334010297775 1
0.6000949135379573 1
0.600385518162301 1
0.6004472023231295 1
0.6005671074378894 1
0.6006515223642428 1
0.6006567564755817 1
0.6006578619667693 1
0.6007738422670656 1
0.6008666457642616 1
0.6008749859096744 1
0.6009195586012122 1
0.6009703301874467 1
0.6009825598821134 1
0.6011154451596241 1
0.601184566052289 1
0.6014106870276187 1
0.6015067187116012 1
0.6015238941506519 1
0.6015942424699703 1
0.6016162629526122 1
0.601676278237192 1
0.6016876046305124 1
0.601707045926999 1
0.6017564314565806 1
0.6020151711191628 1
0.6020174129212829 1
0.6021842004323565 1
0.6023436625259619 1
0.6023672515509514 1
0.6024049700167939 1
0.6025854565018981 1
0.6026364490281705 1
0.6029053201302348 1
0.6029902159535452 1
0.6029929956028479 1
0.6030334870236471 1
0.6030995038534677 1
0.6032479370158427 1
0.6033421735500697 1
0.6033748151207405 1
0.6034100173789466 1
0.6034508176618725 1
0.6034566507528688 1
0.6034729291968663 1
0.6034823500988843 1
0.603607686509585 1
0.6036361031234938 1
0.603906802468625 1
0.6044745534448845 1
0.6045295146665055 1
0.6046137003647982 1
0.6046754077038762 1
0.6047310839327692 1
0.6047870392280815 1
0.604845264360126 1
0.6049248741910934 1
0.604926212435452 1
0.6050032707347188 1
0.6052847842272449 1
0.6053951708314177 1
0.6054925868204296 1
0.6055106618426925 1
0.6058463452190609 1
0.6061839338206323 1
0.6062856935651242 1
0.6062998366972697 1
0.6063938891230786 1
0.606403824252611 1
0.6064214604905525 1
0.6065005386515951 1
0.6066705064041623 1
0.6067484278164058 1
0.6067888114030221 1
0.6068706791434754 1
0.6068840075550229 1
0.6071871006703624 1
0.6074352438047846 1
0.6074356180499846 1
0.6076618399129983 1
0.6076639240730117 1
0.6076663399025866 1
0.6077108871920373 1
0.6080259907758044 1
0.6081798065417694 1
0.608369933541045 1
0.6088540282521742 1
0.6091772926280734 1
0.6092794976406403 1
0.6094014145991392 1
0.6095867382443846 1
0.6104624172789815 1
0.6108763307830396 1
0.6115303867308122 1
0.6119322280075905 1
0.6135987831108352 1
0.6143919432124295 1
