
 0.00000 1.00000 2.00000 3.00000 4.00000 5.00000 6.00000 7.00000 8.00000 9.00000
 -0.01820 0.04120 -0.02020 0.04520 0.03640 -0.01840 -0.02240 0.03960 -0.01940 -0.02020
 0.01292 0.08880 0.00756 0.09568 0.08384 0.00888 -0.00064 0.08600 0.00764 0.00220
 0.00222 0.12397 -0.00493 0.08070 0.06838 -0.00266 -0.01108 0.07030 -0.00167 -0.00753
 -0.00926 0.15767 -0.01573 0.06368 0.05342 -0.01398 -0.02226 0.05227 -0.01375 -0.01759
 -0.02114 0.18231 -0.02659 0.10397 0.09216 -0.02594 -0.00141 0.09221 -0.02854 -0.02804
 -0.03231 0.16848 -0.03581 0.08515 0.07335 -0.03542 -0.01288 0.07518 -0.03624 -0.03649
 -0.04319 0.20056 -0.04456 0.12385 0.11115 -0.04544 0.01242 0.11630 -0.04426 -0.04435
 -0.04869 0.23292 -0.05103 0.10627 0.09523 -0.05439 0.00076 0.10008 -0.04915 -0.05291
 -0.03249 0.26292 -0.05732 0.14343 0.13168 -0.04222 0.02633 0.13633 -0.03519 -0.05771
 -0.03935 0.28304 -0.06296 0.17180 0.15975 -0.04703 0.01533 0.16372 -0.04232 -0.06220
 -0.04629 0.30270 -0.06779 0.16237 0.14687 -0.05436 0.00677 0.15298 -0.05055 -0.06640
 -0.05281 0.31764 -0.07259 0.18857 0.17418 -0.06035 -0.00221 0.14196 -0.05735 -0.07224
 -0.04429 0.34082 -0.07614 0.20573 0.19300 -0.04665 0.01940 0.16680 -0.04181 -0.07619
 -0.04893 0.36038 -0.08117 0.22444 0.21172 -0.05080 0.01166 0.15739 -0.04889 -0.08149
 -0.03637 0.37283 -0.08612 0.23685 0.22577 -0.04124 0.02996 0.17701 -0.03840 -0.08647
 -0.02620 0.38274 -0.09231 0.24905 0.23836 -0.03166 0.04457 0.19457 -0.02701 -0.07485
 -0.03281 0.37832 -0.09663 0.24392 0.23453 -0.03719 0.03875 0.18697 -0.03243 -0.07883
 -0.03838 0.38579 -0.10092 0.25408 0.24733 -0.04131 0.05046 0.20134 -0.03756 -0.08413
 -0.04403 0.38076 -0.10642 0.24957 0.24212 -0.04815 0.04510 0.19609 -0.04367 -0.08886
 -0.03211 0.38998 -0.11201 0.26075 0.24967 -0.05500 0.05951 0.20722 -0.03288 -0.09347
 -0.03722 0.39769 -0.11633 0.25617 0.24406 -0.06034 0.05289 0.20273 -0.03794 -0.10078
 -0.02715 0.40576 -0.12107 0.26505 0.25418 -0.04697 0.06290 0.21812 -0.02857 -0.10559
 -0.03209 0.41223 -0.12742 0.27202 0.26638 -0.05074 0.07146 0.22816 -0.03545 -0.10993
 -0.02172 0.41802 -0.13437 0.27832 0.27639 -0.03918 0.08066 0.23543 -0.02379 -0.10373
 -0.02673 0.42305 -0.13785 0.28672 0.28638 -0.04317 0.08765 0.24495 -0.02798 -0.10822
 -0.03350 0.41948 -0.14244 0.28296 0.28284 -0.04923 0.08268 0.23958 -0.03337 -0.11392
 -0.02503 0.42478 -0.14891 0.29256 0.28882 -0.03707 0.08973 0.25006 -0.02487 -0.11945
 -0.02960 0.42180 -0.15381 0.28800 0.28423 -0.04172 0.08487 0.24538 -0.03015 -0.12362
 -0.02315 0.42738 -0.15982 0.29562 0.29370 -0.03200 0.09591 0.25138 -0.02147 -0.12822
 -0.02684 0.43485 -0.16433 0.29112 0.28921 -0.03726 0.09234 0.24813 -0.02575 -0.13103
 -0.03192 0.44390 -0.16876 0.28819 0.28466 -0.04224 0.08634 0.24208 -0.02909 -0.13467
 -0.03528 0.44939 -0.17305 0.29630 0.29494 -0.04640 0.08203 0.23824 -0.03143 -0.13857
 -0.03915 0.45556 -0.17806 0.30408 0.30198 -0.05298 0.07752 0.24915 -0.03722 -0.14307
 -0.04534 0.46170 -0.18179 0.30081 0.29970 -0.05647 0.07170 0.24471 -0.04131 -0.14803
 -0.04960 0.46690 -0.18622 0.29744 0.29470 -0.06023 0.06731 0.23987 -0.04496 -0.15334
 -0.05369 0.46470 -0.19102 0.29362 0.29029 -0.06485 0.06073 0.23647 -0.04934 -0.15919
 -0.04428 0.46731 -0.19535 0.30226 0.29509 -0.05556 0.06758 0.24556 -0.04124 -0.16458
 -0.04862 0.46393 -0.19902 0.29808 0.29043 -0.05979 0.06294 0.24107 -0.04566 -0.16902
 -0.05115 0.46210 -0.20311 0.29471 0.28663 -0.06533 0.05890 0.23799 -0.05112 -0.17347
 -0.04139 0.47013 -0.20947 0.30302 0.29217 -0.05877 0.06943 0.24355 -0.04175 -0.17567
 -0.03250 0.47678 -0.21318 0.30826 0.29885 -0.04835 0.07696 0.25067 -0.02958 -0.18038
 -0.03773 0.48198 -0.21799 0.30370 0.29655 -0.05358 0.07277 0.24675 -0.03383 -0.18431
 -0.04117 0.48754 -0.22241 0.31002 0.30478 -0.05901 0.06921 0.25408 -0.03783 -0.18944
 -0.03153 0.49198 -0.22679 0.31639 0.31554 -0.04696 0.07848 0.26236 -0.03018 -0.19470
 -0.03609 0.49949 -0.23172 0.32339 0.31974 -0.05212 0.07337 0.25871 -0.03456 -0.19955
 -0.03940 0.50365 -0.23532 0.32063 0.31759 -0.05557 0.06917 0.25540 -0.03916 -0.20372
 -0.03154 0.50819 -0.23979 0.32613 0.32414 -0.04505 0.07521 0.26504 -0.03265 -0.19601
 -0.02124 0.51313 -0.24344 0.33340 0.33065 -0.03671 0.08473 0.27460 -0.02459 -0.18405
 -0.02552 0.51902 -0.24731 0.33953 0.33807 -0.04073 0.08075 0.27097 -0.02828 -0.18883
 -0.02906 0.52330 -0.25298 0.34520 0.34330 -0.04535 0.09027 0.27654 -0.03281 -0.19357
 -0.03295 0.52008 -0.25744 0.35406 0.35090 -0.05102 0.09701 0.28309 -0.02465 -0.19776
 -0.02296 0.51819 -0.26045 0.36136 0.35676 -0.04474 0.10526 0.29125 -0.01586 -0.20232
 -0.02751 0.51568 -0.26578 0.35738 0.35385 -0.04828 0.10178 0.28768 -0.02031 -0.20647
 -0.01644 0.51319 -0.26926 0.36591 0.35947 -0.03824 0.10825 0.29541 -0.00780 -0.19868
 -0.02166 0.51080 -0.27447 0.36334 0.35622 -0.04198 0.10280 0.29172 -0.01274 -0.20200
 -0.02560 0.50776 -0.27819 0.37122 0.36339 -0.04666 0.09817 0.28763 -0.01593 -0.20587
 -0.02928 0.50552 -0.28339 0.36652 0.36157 -0.05132 0.09426 0.28418 -0.01932 -0.20985
 -0.03210 0.50356 -0.28855 0.36296 0.35861 -0.05514 0.08951 0.28080 -0.02424 -0.21409
 -0.03561 0.50111 -0.29272 0.35975 0.35475 -0.05913 0.08668 0.27707 -0.02966 -0.21788
 -0.03957 0.49914 -0.29829 0.35623 0.35090 -0.06303 0.08313 0.27459 -0.03386 -0.22155
 -0.04406 0.49658 -0.30172 0.35307 0.34853 -0.06786 0.07906 0.27176 -0.03818 -0.22549
 -0.04794 0.49396 -0.30597 0.35065 0.34537 -0.07243 0.07353 0.26862 -0.04172 -0.22881
 -0.05312 0.49146 -0.30908 0.34658 0.34195 -0.07689 0.06823 0.26591 -0.04481 -0.23322
 -0.05743 0.48787 -0.31310 0.34433 0.34701 -0.08076 0.06360 0.26238 -0.04949 -0.23825
 -0.06333 0.48564 -0.31700 0.35090 0.35198 -0.08456 0.07235 0.26971 -0.04082 -0.24256
 -0.06777 0.49014 -0.32040 0.34764 0.34891 -0.08958 0.06747 0.26607 -0.04544 -0.24586
 -0.05974 0.49631 -0.32508 0.35358 0.35484 -0.08413 0.07232 0.27044 -0.03934 -0.24866
 -0.06296 0.49928 -0.32978 0.34946 0.35212 -0.08818 0.06926 0.26679 -0.04313 -0.25303
 -0.06539 0.50550 -0.33529 0.35671 0.35725 -0.09127 0.07874 0.27417 -0.04670 -0.25754
 -0.06941 0.50321 -0.33851 0.35423 0.35464 -0.09545 0.07544 0.27048 -0.05019 -0.26140
 -0.07233 0.50872 -0.34224 0.35116 0.35284 -0.09966 0.07029 0.26736 -0.05372 -0.26466
 -0.06224 0.51241 -0.34747 0.35813 0.36014 -0.09039 0.07733 0.27394 -0.04588 -0.25896
 -0.06789 0.51762 -0.35057 0.35468 0.35715 -0.09344 0.07320 0.27138 -0.04989 -0.26274
 -0.06080 0.52393 -0.35300 0.36239 0.36482 -0.08559 0.08031 0.27998 -0.04271 -0.25740
 -0.05243 0.52906 -0.35702 0.36718 0.37144 -0.07359 0.08748 0.28692 -0.03404 -0.26106
 -0.04195 0.53276 -0.35927 0.37283 0.37635 -0.06405 0.09563 0.29386 -0.02678 -0.25504
 -0.04540 0.53679 -0.36339 0.37048 0.37369 -0.06725 0.09075 0.28925 -0.03073 -0.25795
 -0.05060 0.54159 -0.36588 0.36897 0.37123 -0.07204 0.08746 0.28518 -0.03607 -0.26102
 -0.05540 0.54655 -0.36956 0.37694 0.37772 -0.07569 0.09523 0.29130 -0.03971 -0.26458
 -0.05915 0.55172 -0.37273 0.38225 0.38306 -0.08032 0.09004 0.28882 -0.04392 -0.26935
 -0.05220 0.55633 -0.37734 0.38720 0.38616 -0.07344 0.09657 0.29341 -0.03554 -0.26281
 -0.05719 0.55959 -0.38095 0.38501 0.38328 -0.07620 0.09159 0.29045 -0.03907 -0.26661
 -0.06074 0.56257 -0.38310 0.38269 0.37887 -0.08051 0.08828 0.28753 -0.04402 -0.26926
 -0.06399 0.56705 -0.38605 0.38787 0.38476 -0.08437 0.08474 0.29358 -0.04794 -0.27277
 -0.06787 0.57263 -0.39052 0.38503 0.38997 -0.08938 0.08057 0.29003 -0.05190 -0.27668
 -0.07192 0.57549 -0.39463 0.38190 0.38689 -0.09326 0.07694 0.28837 -0.05572 -0.28019
 -0.07737 0.57366 -0.39838 0.37849 0.38447 -0.09622 0.07297 0.28575 -0.05884 -0.28505
 -0.08172 0.57735 -0.40169 0.37591 0.38981 -0.10041 0.07027 0.28266 -0.06240 -0.28831
 -0.08556 0.58117 -0.40457 0.37364 0.38712 -0.10404 0.06771 0.27976 -0.06577 -0.29146
 -0.07817 0.58630 -0.40836 0.37638 0.39312 -0.09335 0.07342 0.28638 -0.05939 -0.29493
 -0.08296 0.58919 -0.41130 0.37361 0.38989 -0.09779 0.06809 0.28326 -0.06341 -0.29873
 -0.08629 0.59386 -0.41514 0.38005 0.39525 -0.10215 0.06341 0.28062 -0.06786 -0.30294
 -0.09081 0.59689 -0.41831 0.38366 0.40076 -0.10513 0.05938 0.27710 -0.07281 -0.30725
 -0.09464 0.59384 -0.42152 0.37893 0.39826 -0.10873 0.05642 0.27371 -0.07766 -0.31059
 -0.09923 0.59801 -0.42461 0.37660 0.39567 -0.11257 0.05261 0.27009 -0.08205 -0.31384
 -0.08900 0.60123 -0.42769 0.38236 0.40167 -0.10497 0.06179 0.27575 -0.07345 -0.30937
 -0.09153 0.60640 -0.43115 0.37992 0.39913 -0.10803 0.05906 0.27210 -0.07697 -0.31272
 -0.08215 0.61076 -0.43530 0.38442 0.40616 -0.09937 0.07000 0.28010 -0.07026 -0.31580
 -0.08629 0.61424 -0.43788 0.39026 0.41084 -0.10518 0.06822 0.27799 -0.07393 -0.31860
 -0.08981 0.61785 -0.44118 0.39548 0.41498 -0.10945 0.07567 0.28289 -0.07854 -0.32220
 -0.09284 0.62290 -0.44444 0.39265 0.41165 -0.11287 0.07297 0.27919 -0.08182 -0.32491
 -0.08624 0.62665 -0.44712 0.39789 0.41607 -0.11647 0.07803 0.28542 -0.07493 -0.32823
 -0.09165 0.62974 -0.45060 0.40255 0.42252 -0.11922 0.07490 0.29125 -0.07980 -0.33178
 -0.09464 0.63386 -0.45346 0.40691 0.42958 -0.12181 0.07195 0.29995 -0.08257 -0.33504
 -0.08471 0.63664 -0.45681 0.41455 0.43347 -0.11503 0.07881 0.30591 -0.07622 -0.33844
 -0.07963 0.64161 -0.46000 0.41934 0.43821 -0.10552 0.08314 0.30979 -0.06433 -0.34175
 -0.08345 0.64533 -0.46218 0.41657 0.43483 -0.10875 0.07994 0.30681 -0.06737 -0.34451
 -0.07744 0.64802 -0.46525 0.42166 0.43953 -0.10278 0.08739 0.31184 -0.06004 -0.33755
 -0.08096 0.65176 -0.46823 0.41867 0.43816 -0.10722 0.08316 0.30958 -0.06361 -0.34132
 -0.07274 0.65803 -0.47134 0.42237 0.44481 -0.10039 0.08943 0.31444 -0.05663 -0.33592
 -0.07562 0.66127 -0.47520 0.41939 0.44174 -0.10541 0.08455 0.31246 -0.06123 -0.33927
 -0.07887 0.66437 -0.47893 0.41771 0.43951 -0.10910 0.08148 0.30845 -0.06527 -0.34189
 -0.08251 0.66866 -0.48248 0.41593 0.43743 -0.11295 0.07765 0.30486 -0.06850 -0.34485
 -0.08770 0.67246 -0.48540 0.41364 0.43502 -0.11573 0.07330 0.30165 -0.07089 -0.34923
 -0.08232 0.67538 -0.48930 0.41821 0.43872 -0.10548 0.07784 0.30977 -0.06385 -0.35227
 -0.08564 0.67831 -0.49290 0.41635 0.44235 -0.10913 0.07458 0.30678 -0.06807 -0.35474
 -0.08885 0.68028 -0.49563 0.42044 0.44879 -0.11199 0.08191 0.31361 -0.07189 -0.35855
 -0.09267 0.68367 -0.49760 0.42549 0.45393 -0.11568 0.07931 0.31091 -0.07539 -0.36144
 -0.09521 0.68578 -0.50054 0.42840 0.45971 -0.11897 0.08618 0.31356 -0.07969 -0.36460
 -0.08613 0.68984 -0.50356 0.43241 0.46686 -0.11346 0.09327 0.32206 -0.06867 -0.36735
 -0.07905 0.69318 -0.50659 0.43610 0.47158 -0.10700 0.10103 0.32697 -0.06117 -0.36121
 -0.08355 0.69517 -0.50892 0.44071 0.47649 -0.11088 0.10819 0.33400 -0.06529 -0.36453
 -0.08750 0.69998 -0.51070 0.44511 0.48106 -0.11431 0.11563 0.33826 -0.06908 -0.36756
 -0.09043 0.70290 -0.51388 0.44329 0.47936 -0.11736 0.11267 0.33657 -0.07236 -0.37070
 -0.08123 0.70597 -0.51692 0.44740 0.48368 -0.11086 0.12142 0.34176 -0.06437 -0.36616
 -0.08640 0.71104 -0.51934 0.45381 0.48943 -0.11507 0.11731 0.33814 -0.06765 -0.36946
 -0.09012 0.71451 -0.52264 0.45066 0.48635 -0.11931 0.11335 0.33595 -0.07239 -0.37289
 -0.09484 0.71238 -0.52566 0.44775 0.48388 -0.12257 0.11130 0.33252 -0.07579 -0.37728
 -0.09783 0.71689 -0.52748 0.45264 0.48744 -0.12563 0.11731 0.33631 -0.07915 -0.38019
 -0.08984 0.72181 -0.53044 0.45717 0.49113 -0.11823 0.12501 0.34074 -0.07002 -0.38330
 -0.08268 0.72488 -0.53340 0.46146 0.49538 -0.10999 0.13226 0.34568 -0.06181 -0.37742
 -0.07680 0.72804 -0.53615 0.46564 0.50038 -0.10452 0.13656 0.35128 -0.05535 -0.38033
 -0.08117 0.73260 -0.53857 0.46339 0.49835 -0.10749 0.13318 0.34876 -0.05986 -0.38216
 -0.07541 0.73565 -0.54063 0.46810 0.50170 -0.10183 0.13814 0.35368 -0.05318 -0.37741
 -0.07907 0.73835 -0.54288 0.47271 0.50781 -0.10558 0.14423 0.35663 -0.05755 -0.37964
 -0.08297 0.74125 -0.54480 0.47885 0.51370 -0.10940 0.15195 0.36183 -0.06189 -0.38324
 -0.08606 0.74367 -0.54760 0.48260 0.51878 -0.11255 0.15838 0.37110 -0.06663 -0.38692
 -0.08991 0.74712 -0.54977 0.48737 0.52127 -0.11542 0.16310 0.37669 -0.06926 -0.39018
 -0.08293 0.75000 -0.55200 0.49284 0.52560 -0.10992 0.17195 0.38156 -0.06417 -0.38209
 -0.08574 0.75212 -0.55437 0.49089 0.52287 -0.11278 0.16893 0.37873 -0.06817 -0.38559
 -0.09055 0.75570 -0.55738 0.48839 0.52076 -0.11722 0.16483 0.37670 -0.07208 -0.38887
 -0.09433 0.75778 -0.55926 0.49254 0.52651 -0.12074 0.16096 0.38311 -0.07486 -0.39248
 -0.09829 0.76009 -0.56189 0.49753 0.52971 -0.12445 0.15739 0.38153 -0.07626 -0.39515
 -0.10228 0.76229 -0.56376 0.49590 0.52732 -0.12749 0.15498 0.37868 -0.07999 -0.39817
 -0.10611 0.76529 -0.56589 0.50055 0.53154 -0.13023 0.15118 0.37589 -0.08459 -0.40127
 -0.10879 0.76766 -0.56750 0.49772 0.52955 -0.13430 0.14688 0.37322 -0.08826 -0.40424
 -0.09962 0.77117 -0.57018 0.50196 0.53346 -0.12579 0.15252 0.37804 -0.08306 -0.40011
 -0.10285 0.77407 -0.57344 0.50018 0.53701 -0.12858 0.15002 0.37579 -0.08650 -0.40349
 -0.10767 0.77562 -0.57472 0.49872 0.53501 -0.13264 0.14692 0.37183 -0.08989 -0.40497
 -0.10149 0.77733 -0.57669 0.50270 0.53973 -0.12574 0.15028 0.37732 -0.08300 -0.40820
 -0.10476 0.77992 -0.57865 0.50560 0.54341 -0.12919 0.15906 0.38467 -0.08706 -0.40968
 -0.10617 0.78184 -0.58058 0.51025 0.54641 -0.13420 0.15560 0.38913 -0.09068 -0.41304
 -0.10933 0.78447 -0.58301 0.50828 0.54303 -0.13854 0.15166 0.38733 -0.09422 -0.41602
 -0.11347 0.78670 -0.58489 0.50514 0.54052 -0.14114 0.14876 0.38474 -0.09825 -0.41898
 -0.11617 0.78910 -0.58715 0.50288 0.54544 -0.14506 0.14618 0.38252 -0.10138 -0.42172
 -0.11960 0.79075 -0.58982 0.50114 0.54286 -0.14810 0.14350 0.37999 -0.10585 -0.42453
 -0.12324 0.79245 -0.59270 0.49856 0.54096 -0.15070 0.14005 0.37807 -0.10906 -0.42733
 -0.12565 0.79321 -0.59493 0.50083 0.54473 -0.15390 0.14731 0.38337 -0.11166 -0.42958
 -0.12897 0.79552 -0.59715 0.50489 0.54859 -0.15768 0.15301 0.39050 -0.11556 -0.43113
 -0.13237 0.79943 -0.59954 0.50201 0.55196 -0.16127 0.14941 0.38849 -0.11979 -0.43316
 -0.12368 0.80281 -0.60156 0.50480 0.55642 -0.15562 0.15650 0.39433 -0.11201 -0.43588
 -0.12713 0.80183 -0.60414 0.50261 0.55399 -0.15868 0.15270 0.39168 -0.11524 -0.43847
 -0.13209 0.80254 -0.60606 0.50559 0.55941 -0.16288 0.14927 0.38896 -0.11966 -0.44112
 -0.13558 0.80145 -0.60770 0.50352 0.55688 -0.16656 0.14625 0.38538 -0.12346 -0.44292
 -0.12597 0.80251 -0.60965 0.50909 0.56287 -0.16015 0.15330 0.38895 -0.11700 -0.43549
 -0.11940 0.80467 -0.61172 0.51360 0.56718 -0.15363 0.16113 0.39411 -0.11146 -0.42795
 -0.12349 0.80633 -0.61418 0.51660 0.57100 -0.15704 0.15828 0.39199 -0.11529 -0.43089
 -0.11784 0.80760 -0.61654 0.52093 0.57537 -0.14918 0.16162 0.39739 -0.10788 -0.42475
 -0.11112 0.80935 -0.61862 0.52463 0.58030 -0.14290 0.16748 0.40220 -0.10183 -0.42776
 -0.11446 0.81218 -0.62126 0.52850 0.58604 -0.14721 0.16506 0.40721 -0.10501 -0.43060
 -0.11726 0.81419 -0.62306 0.52666 0.58379 -0.15068 0.16110 0.40525 -0.10818 -0.43307
 -0.12081 0.81617 -0.62525 0.53003 0.58921 -0.15403 0.15917 0.40270 -0.11097 -0.43560
 -0.12392 0.81887 -0.62667 0.53388 0.59219 -0.15841 0.15592 0.39997 -0.11462 -0.43843
 -0.12701 0.81824 -0.62845 0.53156 0.58979 -0.16296 0.15313 0.39744 -0.11760 -0.44122
 -0.13068 0.81981 -0.63088 0.53711 0.59420 -0.16601 0.15876 0.40178 -0.12132 -0.44394
 -0.12531 0.82218 -0.63315 0.54136 0.59900 -0.16074 0.16299 0.40750 -0.11389 -0.44007
 -0.12926 0.82371 -0.63553 0.53975 0.59715 -0.16402 0.16039 0.40469 -0.11673 -0.44290
 -0.13252 0.82485 -0.63755 0.54341 0.60166 -0.16783 0.15838 0.40222 -0.12150 -0.44435
 -0.12611 0.82695 -0.63970 0.54497 0.60518 -0.17122 0.16641 0.40530 -0.11279 -0.44645
 -0.12974 0.82864 -0.64200 0.54753 0.60825 -0.17367 0.17491 0.41237 -0.11573 -0.44900
 -0.13234 0.83059 -0.64397 0.55104 0.61060 -0.17766 0.18130 0.41594 -0.11961 -0.45199
 -0.13654 0.83262 -0.64586 0.54804 0.60877 -0.18035 0.17913 0.41341 -0.12253 -0.45515
 -0.14000 0.83385 -0.64858 0.55345 0.61068 -0.18286 0.18593 0.41974 -0.11653 -0.45779
 -0.14240 0.83577 -0.65064 0.55833 0.61451 -0.18559 0.18235 0.42329 -0.11979 -0.46099
 -0.14597 0.83475 -0.65249 0.55529 0.61318 -0.18833 0.17947 0.42049 -0.12232 -0.46422
 -0.14944 0.83781 -0.65435 0.55297 0.61154 -0.19120 0.17554 0.41793 -0.12527 -0.46699
 -0.14253 0.83969 -0.65610 0.55663 0.61449 -0.18357 0.18431 0.42206 -0.11915 -0.46980
 -0.14718 0.84071 -0.65774 0.55427 0.61211 -0.18725 0.18179 0.41951 -0.12228 -0.47276
 -0.13881 0.84285 -0.65954 0.55818 0.61515 -0.18024 0.18660 0.42379 -0.11605 -0.47492
 -0.14172 0.84404 -0.66148 0.55618 0.61876 -0.18397 0.18395 0.42232 -0.11881 -0.47750
 -0.14494 0.84565 -0.66340 0.55484 0.61726 -0.18764 0.18149 0.41935 -0.12135 -0.47998
 -0.14833 0.84484 -0.66500 0.55243 0.61521 -0.19179 0.17812 0.41647 -0.12541 -0.48190
 -0.15112 0.84620 -0.66670 0.55668 0.61878 -0.19530 0.17442 0.41399 -0.12888 -0.48553
 -0.15338 0.84783 -0.66892 0.55933 0.62390 -0.19926 0.17877 0.41790 -0.13252 -0.48834
 -0.15646 0.84928 -0.67137 0.56390 0.62698 -0.20333 0.17569 0.41463 -0.13506 -0.49126
 -0.15984 0.84992 -0.67326 0.56205 0.62487 -0.20586 0.17326 0.41193 -0.13730 -0.49446
 -0.16364 0.85158 -0.67567 0.55983 0.62342 -0.20772 0.17055 0.40924 -0.14069 -0.49747
 -0.16647 0.85231 -0.67745 0.56401 0.62552 -0.20941 0.17577 0.41374 -0.14372 -0.50028
 -0.16878 0.85376 -0.67967 0.56243 0.62430 -0.21274 0.17190 0.41161 -0.14675 -0.50255
 -0.17157 0.85265 -0.68136 0.56049 0.62211 -0.21552 0.16936 0.40950 -0.15141 -0.50570
 -0.17512 0.85423 -0.68245 0.55840 0.62028 -0.21792 0.16558 0.40722 -0.15423 -0.50895
 -0.17829 0.85576 -0.68377 0.56220 0.62517 -0.22077 0.17263 0.41070 -0.15742 -0.51168
 -0.18212 0.85473 -0.68557 0.56018 0.62310 -0.22355 0.16960 0.40813 -0.16086 -0.51419
 -0.17617 0.85608 -0.68718 0.56556 0.62627 -0.21904 0.17507 0.41392 -0.15629 -0.51576
 -0.16710 0.85764 -0.68888 0.56950 0.62888 -0.21231 0.18201 0.41791 -0.15117 -0.50932
 -0.17058 0.85701 -0.69084 0.56702 0.62808 -0.21604 0.17846 0.41598 -0.15507 -0.51314
 -0.17330 0.85860 -0.69247 0.56495 0.62608 -0.21881 0.17553 0.41360 -0.15745 -0.51599
 -0.16770 0.86012 -0.69428 0.56953 0.63054 -0.21223 0.18052 0.41922 -0.15354 -0.51199
 -0.16219 0.86154 -0.69566 0.57313 0.63402 -0.20792 0.18614 0.42454 -0.14621 -0.51544
 -0.16482 0.86262 -0.69724 0.57638 0.63806 -0.21121 0.18406 0.42208 -0.14932 -0.51763
 -0.16805 0.86394 -0.69900 0.57504 0.63545 -0.21458 0.18183 0.41940 -0.15220 -0.51982
 -0.16201 0.86557 -0.70004 0.57893 0.63741 -0.20872 0.18790 0.42182 -0.14547 -0.52234
 -0.16564 0.86752 -0.70192 0.57715 0.63703 -0.21134 0.18501 0.41944 -0.14855 -0.52481
 -0.16911 0.86932 -0.70384 0.57915 0.64069 -0.21414 0.19069 0.42318 -0.15126 -0.52633
 -0.17298 0.87152 -0.70583 0.58277 0.64291 -0.21727 0.19531 0.42630 -0.15414 -0.52871
 -0.17601 0.87301 -0.70811 0.58657 0.64676 -0.21986 0.20109 0.43078 -0.15691 -0.53135
 -0.17897 0.87434 -0.70993 0.58427 0.64458 -0.22153 0.19871 0.42932 -0.15903 -0.53416
 -0.18193 0.87544 -0.71147 0.58291 0.64307 -0.22524 0.19611 0.42715 -0.16196 -0.53752
 -0.17610 0.87686 -0.71287 0.58582 0.64637 -0.21643 0.19903 0.43244 -0.15806 -0.54014
 -0.17881 0.87846 -0.71433 0.59031 0.64862 -0.21817 0.20303 0.43750 -0.15254 -0.54120
 -0.17231 0.87957 -0.71617 0.59406 0.65299 -0.21021 0.20780 0.44109 -0.14804 -0.54323
 -0.16599 0.88144 -0.71765 0.59752 0.65464 -0.20480 0.21487 0.44600 -0.14133 -0.54544
 -0.16835 0.88267 -0.71949 0.59609 0.65263 -0.20842 0.21187 0.44406 -0.14465 -0.54770
 -0.15876 0.88372 -0.72086 0.60048 0.65578 -0.20339 0.21781 0.44787 -0.13931 -0.54980
 -0.16135 0.88569 -0.72234 0.60400 0.65886 -0.20597 0.22266 0.45085 -0.14220 -0.55191
 -0.16463 0.88691 -0.72350 0.60324 0.66372 -0.20969 0.21971 0.44824 -0.14529 -0.55305
 -0.16790 0.88646 -0.72511 0.60206 0.66192 -0.21353 0.21757 0.44607 -0.14764 -0.55510
 -0.16281 0.88746 -0.72615 0.60669 0.66689 -0.20772 0.22135 0.44970 -0.14174 -0.55739
 -0.16587 0.88935 -0.72748 0.60466 0.66543 -0.21075 0.21825 0.44751 -0.14447 -0.55926
 -0.16997 0.89125 -0.72882 0.60303 0.66400 -0.21276 0.21572 0.44570 -0.14741 -0.56111
 -0.16476 0.89255 -0.72982 0.60656 0.66711 -0.20480 0.22175 0.44990 -0.14297 -0.56343
 -0.16797 0.89317 -0.73151 0.60467 0.66588 -0.20777 0.21964 0.44744 -0.14507 -0.56461
 -0.16055 0.89368 -0.73331 0.60692 0.66868 -0.20222 0.22541 0.45123 -0.14059 -0.56668
 -0.16550 0.89489 -0.73451 0.60981 0.67046 -0.20596 0.22357 0.44819 -0.14396 -0.56948
 -0.15858 0.89566 -0.73594 0.61276 0.67382 -0.19754 0.22873 0.45193 -0.14183 -0.56438
 -0.15125 0.89625 -0.73749 0.61680 0.67758 -0.19250 0.23433 0.45573 -0.13678 -0.56055
 -0.15541 0.89762 -0.73868 0.62208 0.67997 -0.19570 0.23752 0.46137 -0.14016 -0.56319
 -0.15929 0.89846 -0.73977 0.62150 0.67857 -0.19867 0.23394 0.45899 -0.14269 -0.56618
 -0.16189 0.89941 -0.74179 0.62549 0.68049 -0.20116 0.23851 0.46263 -0.14646 -0.56722
 -0.15550 0.90008 -0.74356 0.62782 0.68334 -0.20452 0.24293 0.46630 -0.14027 -0.56860
 -0.15804 0.90123 -0.74551 0.62610 0.68204 -0.20722 0.24024 0.46411 -0.14329 -0.57143
 -0.15079 0.90201 -0.74692 0.63101 0.68553 -0.19949 0.24344 0.46749 -0.13746 -0.56630
 -0.14124 0.90289 -0.74858 0.63303 0.68948 -0.19432 0.24769 0.47110 -0.13132 -0.56231
 -0.14492 0.90376 -0.75047 0.63618 0.69210 -0.19762 0.25187 0.47540 -0.13454 -0.56448
 -0.14753 0.90440 -0.75214 0.63957 0.69600 -0.19989 0.24848 0.47300 -0.13701 -0.56647
 -0.14994 0.90359 -0.75375 0.63795 0.69455 -0.20298 0.24673 0.47134 -0.13979 -0.56859
 -0.15281 0.90445 -0.75477 0.63629 0.69344 -0.20506 0.24469 0.46890 -0.14396 -0.57027
 -0.14697 0.90517 -0.75617 0.64029 0.69783 -0.20104 0.25042 0.47417 -0.13944 -0.56728
 -0.14955 0.90625 -0.75792 0.64330 0.70157 -0.20351 0.24763 0.47875 -0.14264 -0.56998
 -0.15260 0.90740 -0.75925 0.64148 0.69950 -0.20693 0.24496 0.47650 -0.14501 -0.57281
 -0.15646 0.90821 -0.76098 0.64015 0.69812 -0.20889 0.24254 0.47412 -0.14783 -0.57439
 -0.15927 0.91025 -0.76301 0.64396 0.70089 -0.21129 0.24685 0.47853 -0.15120 -0.57697
 -0.16148 0.91184 -0.76409 0.64730 0.70353 -0.21378 0.24410 0.47679 -0.15375 -0.57953
 -0.15166 0.91281 -0.76547 0.64891 0.70650 -0.20874 0.25153 0.47994 -0.14822 -0.57497
 -0.15563 0.91350 -0.76711 0.65285 0.70812 -0.21196 0.25519 0.48487 -0.14312 -0.57668
 -0.15888 0.91295 -0.76819 0.65132 0.70714 -0.21539 0.25255 0.48386 -0.14516 -0.57859
 -0.16104 0.91243 -0.76914 0.64906 0.70601 -0.21822 0.24994 0.48157 -0.14871 -0.58079
 -0.16336 0.91310 -0.77103 0.64698 0.70440 -0.22156 0.24801 0.47956 -0.15126 -0.58420
 -0.16581 0.91416 -0.77250 0.64916 0.70596 -0.22407 0.25328 0.48427 -0.15423 -0.58642
 -0.16849 0.91575 -0.77425 0.64781 0.70450 -0.22832 0.25122 0.48232 -0.15750 -0.58855
 -0.16461 0.91619 -0.77567 0.65116 0.70602 -0.22167 0.25516 0.48604 -0.15343 -0.59112
 -0.16702 0.91682 -0.77723 0.65318 0.70767 -0.22455 0.25995 0.49254 -0.15690 -0.59259
 -0.17032 0.91742 -0.77917 0.65106 0.71014 -0.22678 0.25758 0.48953 -0.16065 -0.59483
 -0.17320 0.91781 -0.78035 0.65410 0.71244 -0.22934 0.26168 0.49205 -0.16367 -0.59692
 -0.16767 0.91859 -0.78142 0.65672 0.71544 -0.22238 0.26693 0.49538 -0.15902 -0.59859
 -0.17056 0.91958 -0.78285 0.65515 0.71938 -0.22576 0.26459 0.49275 -0.16245 -0.60065
 -0.16494 0.92078 -0.78382 0.66011 0.72302 -0.21840 0.26753 0.49643 -0.15855 -0.60278
 -0.15908 0.92169 -0.78490 0.66286 0.72544 -0.21319 0.27355 0.49939 -0.15361 -0.60416
 -0.15218 0.92275 -0.78626 0.66634 0.72664 -0.20932 0.28005 0.50481 -0.14973 -0.60650
 -0.15537 0.92377 -0.78735 0.66524 0.72561 -0.21207 0.27731 0.50265 -0.15177 -0.60790
 -0.14992 0.92559 -0.78825 0.66730 0.72876 -0.20465 0.28389 0.50694 -0.14612 -0.60975
 -0.15304 0.92652 -0.78972 0.67119 0.73208 -0.20705 0.28095 0.50995 -0.14891 -0.61247
 -0.15708 0.92608 -0.79134 0.66910 0.73150 -0.20919 0.27939 0.50844 -0.15166 -0.61453
 -0.15997 0.92677 -0.79271 0.67084 0.73413 -0.21201 0.27676 0.51258 -0.15343 -0.61698
 -0.16307 0.92779 -0.79377 0.67399 0.73636 -0.21520 0.28087 0.51567 -0.15632 -0.61854
 -0.16623 0.92905 -0.79482 0.67279 0.73537 -0.21783 0.27789 0.51395 -0.15949 -0.62047
 -0.16945 0.92932 -0.79601 0.67623 0.73832 -0.22114 0.28387 0.51891 -0.16223 -0.62197
 -0.17267 0.93048 -0.79721 0.67464 0.73728 -0.22366 0.28220 0.51667 -0.16423 -0.62348
 -0.17518 0.93009 -0.79835 0.67317 0.73628 -0.22623 0.27912 0.51363 -0.16735 -0.62573
 -0.17878 0.93124 -0.79953 0.67216 0.73563 -0.23062 0.27727 0.51173 -0.16972 -0.62816
 -0.18101 0.93183 -0.80044 0.67029 0.73412 -0.23319 0.27439 0.50912 -0.17261 -0.62982
 -0.17463 0.93240 -0.80142 0.67279 0.73514 -0.22756 0.27900 0.51125 -0.16594 -0.63170
 -0.16739 0.93318 -0.80247 0.67616 0.73748 -0.22099 0.28334 0.51527 -0.16080 -0.62862
 -0.17041 0.93410 -0.80366 0.67955 0.73934 -0.22365 0.28837 0.52009 -0.15427 -0.63039
 -0.17242 0.93360 -0.80484 0.67758 0.73801 -0.22668 0.28524 0.51849 -0.15662 -0.63241
 -0.17443 0.93475 -0.80598 0.68039 0.74120 -0.22888 0.29208 0.52251 -0.15030 -0.63402
 -0.17753 0.93556 -0.80697 0.68490 0.74299 -0.23195 0.29037 0.51981 -0.15335 -0.63624
 -0.18033 0.93587 -0.80835 0.68382 0.74236 -0.23535 0.28780 0.51790 -0.15599 -0.63850
 -0.17466 0.93674 -0.80964 0.68578 0.74480 -0.23106 0.29251 0.52183 -0.15046 -0.63479
 -0.17765 0.93640 -0.81085 0.68439 0.74305 -0.23304 0.28959 0.51924 -0.15339 -0.63653
 -0.17946 0.93572 -0.81215 0.68283 0.74214 -0.23538 0.28716 0.51747 -0.15587 -0.63855
 -0.18201 0.93637 -0.81331 0.68560 0.74355 -0.23900 0.29113 0.52207 -0.15869 -0.64040
 -0.17677 0.93671 -0.81434 0.68821 0.74597 -0.23438 0.29579 0.52685 -0.15137 -0.64138
 -0.17141 0.93746 -0.81550 0.69160 0.74740 -0.22885 0.30054 0.52986 -0.14645 -0.64270
 -0.17420 0.93794 -0.81634 0.68931 0.74639 -0.23145 0.29772 0.52761 -0.14996 -0.64430
 -0.16856 0.93844 -0.81708 0.69262 0.74844 -0.22431 0.30149 0.52990 -0.14580 -0.64671
 -0.16194 0.93900 -0.81821 0.69482 0.74972 -0.22005 0.30571 0.53500 -0.14047 -0.64244
 -0.16565 0.93972 -0.81895 0.69805 0.75198 -0.22285 0.30396 0.53343 -0.14359 -0.64364
 -0.16023 0.94045 -0.81995 0.70091 0.75326 -0.21556 0.30949 0.53902 -0.13863 -0.64519
 -0.16293 0.94128 -0.82111 0.69931 0.75173 -0.21815 0.30671 0.53779 -0.14140 -0.64668

