
 0.41337
 0.48918
 0.47740
 0.49295
 0.49449
 0.53422
 0.53337
 0.56705
 0.57447
 0.57421
 0.58209
 0.58377
 0.60551
 0.59716
 0.59647
 0.58727
 0.59727
 0.60065
 0.58950
 0.58612
 0.59069
 0.59175
 0.59259
 0.58726
 0.60453
 0.58439
 0.58715
 0.59420
 0.59188
 0.60202
 0.59608
 0.60744
 0.58860
 0.60087
 0.59794
 0.58874
 0.59271
 0.59742
 0.59675
 0.59998
 0.59391
 0.59112
 0.59738
 0.58208
 0.59033
 0.60299
 0.60077
 0.59421
 0.59848
 0.58855
 0.34761
 0.35343
 0.34980
 0.35123
 0.35968
 0.35532
 0.34874
 0.35339
 0.35092
 0.35281
 0.34925
 0.34984
 0.35659
 0.33752
 0.34948
 0.58856
 0.60098
 0.58488
 0.59378
 0.59844
 0.60234
 0.58864
 0.59898
 0.60549
 0.58346
 0.60057
 0.59136
 0.59389
 0.60310
 0.59142
 0.60097
 0.59596
 0.60176
 0.60066
 0.58619
 0.59616
 0.58597
 0.60039
 0.60928
 0.59255
 0.58486
 0.58608
 0.59562
 0.59694
 0.59230
 0.59335
 0.60500
 0.58957
 0.60202
 0.59822
 0.60264
 0.60667
 0.58970
 0.60361
 0.59750
 0.59439
 0.60918
 0.59612
 0.59062
 0.60803
 0.59004
 0.59292
 0.59761
 0.59057
 0.58779
 0.59719
 0.59251
 0.60299
 0.59885
 0.59182
 0.60237
 0.59362
 0.60003
 0.59882
 0.59362
 0.59262
 0.59028
 0.59776
 0.60940
 0.60348
 0.59243
 0.60675
 0.60468
 0.60719
 0.59999
 0.58851
 0.59299
 0.61153
 0.59733
 0.59648
 0.58463
 0.60341
 0.59834
 0.60066
 0.59921
 0.59750
 0.59601
 0.59832
 0.60540
 0.60259
 0.60492
 0.60291
 0.60171
 0.60045
 0.60493
 0.59296
 0.59481
 0.60152
 0.59853
 0.60347
 0.59443
 0.59579
 0.58347
 0.60391
 0.58812
 0.59338
 0.59048
 0.59640
 0.59689
 0.59126
 0.60744
 0.60766
 0.60087
 0.59363
 0.58945
 0.60885
 0.58873
 0.60334
 0.59725
 0.59128
 0.58794
 0.60447
 0.59433
 0.59889
 0.59808
 0.59855
 0.59064
 0.59434
 0.59660
 0.59839
 0.59947
 0.59742
 0.59354
 0.60151
 0.58808
 0.59670
 0.59884
 0.60479
 0.59606
 0.58690
 0.59735
 0.59920
 0.59432
 0.60688
 0.59460
 0.58900
 0.60585
 0.60325
 0.59698
 0.60528
 0.60303
 0.60767
 0.59904
 0.60473
 0.59106
 0.59693
 0.59835
 0.60009
 0.59901
 0.61439
 0.59402
 0.59967
 0.59576
 0.59704
 0.60364
 0.60642
 0.60092
 0.60818
 0.61088
 0.60837
 0.60461
 0.60346
 0.59846
 0.59531
 0.59415
 0.59771
 0.59374
 0.59382
 0.60159
 0.59711
 0.59943
 0.59413
 0.59444
 0.60169
 0.59204
 0.60618
 0.60640
 0.60629
 0.59341
 0.59951
 0.59543
 0.59270
 0.60766
 0.59307
 0.60337
 0.60650
 0.59873
 0.58956
 0.59701
 0.59136
 0.59404
 0.60218
 0.58565
 0.60345
 0.61193
 0.58884
 0.60771
 0.59949
 0.59955
 0.60687
 0.60639
 0.59368
 0.59557
 0.59765
 0.60240
 0.60168
 0.59069
 0.61360
 0.59678
 0.59425
 0.59637
 0.60162
 0.60630
 0.60141
 0.59869
 0.60485
 0.59709
 0.59166
 0.59966
 0.59592
 0.60679
 0.59213
 0.60001
 0.60959
 0.59813
 0.60112
 0.60118
 0.61046
 0.59741
 0.59899

