
 0.502
 0.531
 0.536
 0.542
 0.606
 0.659
 0.664
 0.688
 0.685
 0.693
 0.693
 0.693
 0.693
 0.691
 0.691
 0.691
 0.691
 0.691
 0.691
 0.691
 0.691
 0.691
 0.691
 0.691
 0.691
 0.691
 0.691
 0.691
 0.691
 0.691
 0.691
 0.691
 0.691
 0.691
 0.691
 0.691
 0.691
 0.691
 0.691
 0.691
 0.691
 0.691
 0.691
 0.691
 0.691
 0.691
 0.691
 0.691
 0.691
 0.691
 0.691
 0.691
 0.691
 0.691
 0.691
 0.691
 0.691
 0.691
 0.691
 0.691
 0.691
 0.691
 0.691
 0.691
 0.691
 0.691
 0.691
 0.691
 0.691
 0.691
 0.691
 0.691
 0.691
 0.691
 0.691
 0.691
 0.691
 0.691
 0.691
 0.691
 0.691
 0.691
 0.691
 0.691
 0.691
 0.691
 0.691
 0.691
 0.691
 0.691
 0.691
 0.691
 0.691
 0.691
 0.691
 0.691
 0.691
 0.691
 0.691
 0.691
 0.691
 0.691
 0.691
 0.691
 0.691
 0.691
 0.691
 0.691
 0.691
 0.691
 0.691
 0.691
 0.691
 0.691
 0.691
 0.691
 0.691
 0.691
 0.691
 0.691
 0.691
 0.691
 0.691
 0.691
 0.691
 0.691
 0.691
 0.691
 0.691
 0.691
 0.691
 0.691
 0.691
 0.691
 0.691
 0.691
 0.691
 0.691
 0.691
 0.691
 0.691
 0.691
 0.691
 0.691
 0.691
 0.691
 0.691
 0.691
 0.691
 0.691
 0.691
 0.691
 0.691
 0.691
 0.691
 0.691
 0.691
 0.691
 0.691
 0.691
 0.691
 0.691
 0.691
 0.691
 0.691
 0.691
 0.691
 0.691
 0.691
 0.691
 0.691
 0.691
 0.691
 0.691
 0.691
 0.691
 0.691
 0.691
 0.691
 0.691
 0.691
 0.691
 0.691
 0.691
 0.691
 0.691
 0.691
 0.691
 0.691
 0.691
 0.691
 0.691
 0.691
 0.691
 0.691
 0.691
 0.691
 0.691
 0.691
 0.691

