
 1.170
 1.130
 1.030
 0.870
 1.010
 1.140
 1.120
 0.900
 0.840
 1.040
 0.990
 0.840
 1.030
 1.140
 1.060
 1.060
 1.210
 1.070
 0.820
 0.870
 0.920
 1.050
 0.970
 1.200
 1.170
 1.030
 0.960
 1.070
 1.180
 1.120
 0.960
 1.240
 1.020
 0.970
 1.040
 1.110
 1.070
 0.830
 0.960
 1.010
 0.870
 0.940
 1.060
 1.050
 1.020
 0.870
 0.950
 0.940
 1.000
 1.070
 1.110
 0.980
 0.980
 0.970
 0.860
 0.920
 1.180
 1.070
 1.030
 1.110
 0.990
 1.080
 0.880
 1.160
 1.070
 0.910
 0.890
 0.830
 1.010
 0.990
 1.130
 1.010
 0.860
 0.950
 1.030
 1.140
 0.800
 1.220
 1.090
 1.070
 1.010
 1.010
 0.890
 1.090
 0.910
 0.920
 0.920
 1.070
 1.140
 0.950
 0.880
 1.110
 0.960
 0.990
 1.040
 1.030
 1.060
 0.990
 1.100
 1.050
 1.110
 1.040
 0.960
 1.000
 0.990
 0.870
 0.950
 0.860
 0.940
 1.090
 0.980
 0.900
 1.060
 1.060
 0.920
 0.920
 0.870
 1.020
 1.060
 1.220
 1.020
 1.060
 1.020
 0.810
 0.690
 0.990
 0.850
 0.970
 1.130
 1.000
 1.000
 1.160
 0.960
 0.780
 1.040
 1.130
 1.010
 0.930
 0.930
 1.010
 0.850
 0.910
 1.050
 1.000
 0.900
 0.980
 0.900
 1.030
 0.950
 0.930
 0.760
 1.100
 1.240
 0.880
 1.010
 1.010
 1.060
 0.930
 1.000
 0.980
 1.040
 1.030
 0.960
 1.080
 0.920
 1.000
 1.010
 0.990
 1.070
 0.850
 0.850
 1.070
 0.860
 0.960
 1.130
 1.210
 1.010
 1.110
 0.920
 1.070
 0.940
 1.160
 1.010
 0.920
 0.900
 1.060
 0.840
 0.860
 0.900
 1.000
 0.930
 0.910
 1.110
 0.960
 1.040
 0.940
 0.990
 0.930
 1.130
 1.120

