0.43679891659242354 1
0.44405889756989075 1
0.4503734373402992 1
0.45407031049202573 1
0.4545322243268402 1
0.4585998201795725 1
0.45902431093479296 1
0.4608482418144796 1
0.46093582789189264 1
0.4617144963367009 1
0.4628627554863593 1
0.4634243908717842 1
0.46616628945461863 1
0.46736152756434196 1
0.4677223937184408 1
0.467866836805189 1
0.46827925127146564 1
0.46974758211925194 1
0.4706200376189805 1
0.47062333549030944 1
0.47199998886897904 1
0.47219038517150813 1
0.4729968450978806 1
0.47364265660999505 1
0.47384286170243356 1
0.475648229228269 1
0.47575033239340914 1
0.47678305133503607 1
0.4774016550116705 1
0.4781763556007509 1
0.4786484235844643 1
0.4786897305099591 1
0.4794298681184147 1
0.4803203461883683 1
0.48056156294912894 1
0.4811390654355779 1
0.48180430944274244 1
0.48186421748516467 1
0.48209299399929356 1
0.4845521199160187 1
0.4846147643128249 1
0.4847389384962406 1
0.48527721991393347 1
0.4855075613737768 1
0.4857892579851837 1
0.48595735678189456 1
0.4869959278661943 1
0.4872929722624486 1
0.48731537754763954 1
0.48808745059505343 1
0.4897342557947811 1
0.49056307269910215 1
0.49069948266973556 1
0.49098896771920586 1
0.4914088899949938 1
0.49168746982240885 1
0.4922685179640123 1
0.49288527065590626 1
0.49407506762972064 1
0.4943471562405937 1
0.4947321313127933 1
0.4949103158317459 1
0.4955328915726186 1
0.49569977719447195 1
0.49585528929910005 1
0.49634914494820004 1
0.49652999747158816 1
0.49814097410055774 1
0.5005661140215906 1
0.5005938963601606 1
0.5010990760829248 1
0.5013410819861658 1
0.5016393411327235 1
0.5019749766942343 1
0.5020629520142564 1
0.5025108786471713 1
0.5025893654939798 1
0.5028944139918885 1
0.5031444074888063 1
0.503213387182391 1
0.5038521485636646 1
0.5039301708310565 1
0.5040102493239298 1
0.5044190442385198 1
0.5044331336606894 1
0.5046392952753154 1
0.5050608861541795 1
0.5051529261911064 1
0.5055431260876373 1
0.5057255962209526 1
0.5058913386150794 1
0.5058955310986275 1
0.5059577093072936 1
0.5063348842643927 1
0.5063656007530724 1
0.5063665066283355 1
0.5067917832167069 1
0.5072111633836132 1
0.5076115201878261 1
0.5076700257660172 1
0.5088834909474376 1
0.5093651248144322 1
0.5094670146221454 1
0.5095178272256731 1
0.509805140997413 1
0.509846587262731 1
0.5119769913991288 1
0.5120265627448894 1
0.5121343827437688 1
0.5128677942073431 1
0.5133852142641401 1
0.5140073326722561 1
0.5142836408601964 1
0.5155023853818225 1
0.5155724162102963 1
0.5160093317734963 1
0.5166338374511125 1
0.5166733890760999 1
0.5167128719482609 1
0.5169968372571436 1
0.5182310011652269 1
0.5182710789328007 1
0.5182724433124413 1
0.5184221243743228 1
0.5184231162474211 1
0.5196557166566733 1
0.5198024298316145 1
0.5204998967600389 1
0.5223622831268591 1
0.5226126122538343 1
0.523388168876889 1
0.5241846609060188 1
0.5248514396879687 1
0.5252134129026295 1
0.5255688313149551 1
0.5263008305537705 1
0.5263524267179236 1
0.5269001575961239 1
0.5270779396365334 1
0.5271776868626408 1
0.527776210478223 1
0.5292885491151209 1
0.5293109639095961 1
0.5293911643400375 1
0.5301499926243319 1
0.5311387807128721 1
0.5317987564515402 1
0.5318933102695722 1
0.5320903262783361 1
0.5324730694007362 1
0.5325197444382034 1
0.5327045108832895 1
0.5327689186808062 1
0.5334887104136725 1
0.533730799961275 1
0.5338096375081893 1
0.5339583280417135 1
0.5356029919274676 1
0.5356363177405093 1
0.5359613689680117 1
0.5360514337417279 1
0.536305414371875 1
0.5375204758169666 1
0.5378942145815628 1
0.5382732393670069 1
0.5382803598034502 1
0.5393181724122841 1
0.540654205273975 1
0.5408463293616833 1
0.5417252402787807 1
0.5427173509734358 1
0.5429706802766584 1
0.5469420123430438 1
0.5473775606382231 1
0.5474256442501284 1
0.5477168912929067 1
0.5484800473237719 1
0.5487924501757417 1
0.5490618395148619 1
0.5498547460003725 1
0.5531169330720874 1
0.5537102177106434 1
0.5540570546280974 1
0.5553588637472658 1
0.555627206445005 1
0.5570427882013747 1
0.5578272990014268 1
0.5580073509087434 1
0.5581320718007803 1
0.5588939263520056 1
0.5600202208892068 1
0.560037043558963 1
0.5610549768862194 1
0.5627364864479475 1
0.5653675498179824 1
0.571742794370234 1
0.5777932039835113 1
0.5797771693148427 1
0.5832570931549705 1
0.6167078177069202 1
