0.38013248309991177 1
0.3992685233200487 1
0.4139826957367122 1
0.42722925895094654 1
0.441962471563796 1
0.4669689485936497 1
0.4861240290099725 1
0.5081952876349677 1
0.5405969312655249 1
0.5641357990929494 1
0.5715119254974671 1
0.5744471439023254 1
0.5965184025273207 1
0.5980050519259358 1
0.6304066955564931 1
0.6333419139613514 1
0.6495236955804441 1
0.6598160001936343 1
0.6627892989908644 1
0.6686787759967668 1
0.670146385199196 1
0.6731006438002405 1
0.7069508564370406 1
0.7172431610502307 1
0.7260868966571773 1
0.7304897242644648 1
0.7363982414665533 2
0.7393334598714116 1
0.7422686782762699 1
0.7422877184724558 2
0.7496448046807874 1
0.7511124138832166 1
0.7643589770974509 1
0.7702294139071675 1
0.7702484541033534 1
0.7746512817106411 1
0.774670321906827 1
0.7761379311092561 1
0.7776245805078712 1
0.7790731495141143 1
0.7834950173175877 1
0.7878978449248752 1
0.7908711437221053 2
0.795293011525579 1
0.8011634483352954 1
0.8070529253411979 1
0.807071965537384 1
0.8114747931446713 1
0.8129424023471005 1
0.8144290517457154 1
0.8173642701505739 1
0.8247213563589056 1
0.8261889655613348 1
0.8276565747637639 1
0.8320784425672373 1
0.8320974827634232 1
0.8350327011682817 1
0.8365003103707106 1
0.84094121837037 1
0.8423897873766133 1
0.8438764367752283 1
0.8453440459776574 1
0.8453440459776576 1
0.8482983045787019 1
0.8497659137811309 1
0.8512335229835599 1
0.8512335229835601 1
0.8527201723821751 1
0.8556553907870333 2
0.8556553907870336 1
0.8556934711794052 2
0.8571420401856484 1
0.8586096493880775 1
0.8586096493880777 1
0.8586286895842634 1
0.8600772585905067 1
0.8615448677929359 4
0.861563907989122 1
0.8616019883814937 1
0.8630124769953652 1
0.8630315171915511 1
0.8644991263939802 1
0.8645181665901661 1
0.864556246982538 1
0.8659667355964095 1
0.8659857757925953 3
0.8660048159887812 1
0.8674343447988384 3
0.8674533849950243 1
0.8674724251912103 1
0.8689400343936394 1
0.8689590745898255 2
0.8718752527984978 2
0.8718942929946836 1
0.8718942929946837 7
0.8733619021971128 7
0.873361902197113 3
0.8733809423932988 3
0.874810471203356 1
0.8748104712033562 1
0.8748295113995419 5
0.8748295113995421 5
0.8748485515957278 1
0.874848551595728 4
0.8762971206019711 1
0.8762971206019712 1
0.876316160798157 1
0.8763161607981571 8
0.8777647298044003 3
0.8777647298044005 1
0.8777837700005863 8
0.8777837700005864 1
0.8792323390068294 1
0.8792323390068296 1
0.8792513792030153 8
0.8792513792030155 4
0.8792704193992013 7
0.8792704193992015 1
0.8806999482092586 2
0.8806999482092587 3
0.8807189884054445 3
0.8807189884054446 3
0.8807189884054448 1
0.8807380286016304 2
0.8807380286016305 6
0.8807570687978163 1
0.8821675574116878 3
0.8821865976078738 5
0.8821865976078739 1
0.8822056378040596 2
0.8822056378040597 14
0.8822056378040598 4
0.8822246780002456 1
0.8836542068103028 2
0.8836732470064886 1
0.8836732470064887 17
0.883673247006489 4
0.8836922872026747 4
0.8836922872026749 2
0.8851218160127321 1
0.8851408562089179 9
0.885140856208918 12
0.8851598964051038 7
0.885159896405104 7
0.8866084654113471 7
0.8866084654113472 13
0.8866084654113473 1
0.886627505607533 6
0.8866275056075331 19
0.8880570344175903 1
0.8880760746137762 1
0.8880760746137765 1
0.8880951148099621 3
0.8880951148099622 28
0.8880951148099624 3
0.8881141550061481 1
0.8895436838162054 2
0.8895436838162055 2
0.8895627240123912 1
0.8895627240123913 40
0.8895627240123914 7
0.8895817642085773 5
0.8895817642085774 6
0.8910112930186345 1
0.8910112930186347 1
0.8910303332148204 19
0.8910303332148206 16
0.8910493734110063 13
0.8910493734110065 23
0.8924979424172496 5
0.8924979424172497 10
0.8925169826134355 7
0.8925169826134356 41
0.8925169826134358 2
0.8925360228096215 2
0.8939655516196788 8
0.8939655516196789 1
0.8939845918158646 2
0.8939845918158648 58
0.8939845918158649 5
0.8940036320120507 3
0.8940036320120508 1
0.8954522010182938 41
0.895452201018294 16
0.8954712412144797 17
0.89547124121448 14
0.896919810220723 14
0.8969198102207231 16
0.8969198102207233 1
0.8969388504169089 16
0.896938850416909 41
0.8969388504169092 1
0.8983874194231523 14
0.8983874194231524 2
0.8984064596193381 2
0.8984064596193382 105
0.8984064596193383 8
0.8998550286255813 2
0.8998550286255815 1
0.8998740688217671 1
0.8998740688217672 81
0.8998740688217675 20
0.8998931090179532 20
0.8998931090179534 7
0.9013416780241964 53
0.9013416780241965 35
0.9013607182203823 33
0.9013607182203824 45
0.9028092872266256 5
0.9028092872266257 20
0.9028283274228115 16
0.9028283274228116 105
0.9028283274228117 3
0.9042768964290547 3
0.904276896429055 1
0.9042959366252405 1
0.9042959366252407 154
0.9042959366252409 13
0.9043149768214266 6
0.9043149768214268 1
0.9057445056314839 1
0.9057635458276697 1
0.9057635458276698 102
0.9057635458276699 37
0.9057825860238558 23
0.9057825860238559 16
0.9072311550300989 18
0.9072311550300991 53
0.9072501952262848 27
0.907250195226285 74
0.908698764232528 2
0.9086987642325282 14
0.908717804428714 10
0.9087178044287141 201
0.9087178044287143 3
0.9101663734349573 2
0.9101854136311431 4
0.9101854136311432 182
0.9101854136311434 24
0.9102044538273292 10
0.9102044538273293 1
0.9116530228335723 70
0.9116530228335725 54
0.9116720630297582 36
0.9116720630297585 36
0.9131206320360015 7
0.9131206320360016 35
0.9131206320360018 1
0.9131396722321874 26
0.9131396722321875 157
0.9145882412384307 7
0.9146072814346166 4
0.9146072814346167 226
0.9146072814346168 7
0.9160748906370457 140
0.916074890637046 40
0.9160939308332317 22
0.9160939308332319 4
0.9175424998394749 27
0.917542499839475 38
0.9175615400356608 37
0.9175615400356609 77
0.919010109041904 1
0.9190101090419042 11
0.91902914923809 21
0.9190291492380901 195
0.920496758440519 1
0.9204967584405191 195
0.9204967584405194 13
0.9219643676429483 62
0.9219643676429484 51
0.9219834078391342 15
0.9219834078391344 9
0.9234319768453774 6
0.9234319768453776 19
0.9234510170415633 36
0.9234510170415635 97
0.9249186262439925 10
0.9249186262439926 183
0.9249186262439928 2
0.9263862354464217 111
0.9263862354464218 20
0.9278538446488508 15
0.927853844648851 22
0.9278728848450367 17
0.9278728848450369 5
0.9293404940474659 22
0.929340494047466 97
0.9308081032498952 104
0.9308081032498953 4
0.9322757124523242 27
0.9322757124523244 12
0.9337623618509393 11
0.9337623618509394 18
0.9352299710533686 58
0.9366975802557976 24
0.9366975802557979 1
0.939651838856842 20
0.9411194480592711 18
0.9455413158627445 4
