
 0.380
 0.399
 0.414
 0.427
 0.442
 0.467
 0.486
 0.508
 0.541
 0.572
 0.564
 0.574
 0.598
 0.597
 0.633
 0.630
 0.663
 0.650
 0.670
 0.669
 0.673
 0.707
 0.660
 0.717
 0.726
 0.736
 0.742
 0.736
 0.742
 0.750
 0.742
 0.730
 0.739
 0.778
 0.751
 0.775
 0.770
 0.776
 0.764
 0.791
 0.775
 0.783
 0.795
 0.770
 0.779
 0.791
 0.801
 0.813
 0.788
 0.807
 0.807
 0.814
 0.835
 0.811
 0.832
 0.825
 0.817
 0.842
 0.826
 0.837
 0.860
 0.845
 0.850
 0.828
 0.862
 0.862
 0.862
 0.862
 0.866
 0.853
 0.856
 0.856
 0.844
 0.851
 0.867
 0.856
 0.851
 0.863
 0.864
 0.867
 0.841
 0.867
 0.882
 0.862
 0.845
 0.857
 0.881
 0.848
 0.881
 0.859
 0.884
 0.890
 0.890
 0.875
 0.888
 0.881
 0.872
 0.882
 0.894
 0.881
 0.882
 0.867
 0.879
 0.863
 0.878
 0.887
 0.859
 0.876
 0.884
 0.890
 0.885
 0.859
 0.832
 0.878
 0.891
 0.884
 0.866
 0.904
 0.890
 0.875
 0.888
 0.878
 0.882
 0.898
 0.892
 0.875
 0.879
 0.872
 0.897
 0.887
 0.895
 0.881
 0.895
 0.907
 0.878
 0.909
 0.897
 0.890
 0.879
 0.885
 0.904
 0.897
 0.907
 0.897
 0.918
 0.882
 0.885
 0.909
 0.895
 0.882
 0.916
 0.888
 0.897
 0.907
 0.912
 0.916
 0.879
 0.925
 0.891
 0.873
 0.918
 0.903
 0.856
 0.887
 0.926
 0.915
 0.895
 0.888
 0.890
 0.898
 0.897
 0.894
 0.906
 0.935
 0.901
 0.925
 0.898
 0.910
 0.898
 0.919
 0.898
 0.925
 0.922
 0.909
 0.907
 0.901
 0.913
 0.920
 0.919
 0.904
 0.923
 0.915
 0.925
 0.919
 0.918
 0.925
 0.903
 0.919
 0.934
 0.906
 0.922
 0.923
 0.895
 0.901
 0.912
 0.918
 0.912
 0.913
 0.934
 0.931
 0.913
 0.907
 0.922
 0.912
 0.916
 0.907
 0.888
 0.913
 0.904
 0.918
 0.906
 0.915
 0.928
 0.918
 0.916
 0.922
 0.910
 0.923
 0.910
 0.918
 0.919
 0.916
 0.903
 0.923
 0.909
 0.912
 0.913
 0.931
 0.898
 0.915
 0.925
 0.913
 0.873
 0.919
 0.919
 0.891
 0.903
 0.916
 0.906
 0.913
 0.913
 0.912
 0.935
 0.937
 0.935
 0.897
 0.913
 0.916
 0.919
 0.920
 0.915
 0.922
 0.920
 0.915
 0.903
 0.923
 0.906
 0.919
 0.898
 0.929
 0.920
 0.918
 0.910
 0.894
 0.910
 0.928
 0.915
 0.913
 0.909
 0.919
 0.931
 0.916
 0.919
 0.910
 0.907
 0.904
 0.915
 0.918
 0.923
 0.913
 0.909
 0.915
 0.915
 0.912
 0.903
 0.909
 0.910
 0.922
 0.925
 0.912
 0.913
 0.926
 0.915
 0.929
 0.931
 0.928
 0.926
 0.895
 0.904
 0.904
 0.891
 0.935
 0.891
 0.925
 0.903
 0.920
 0.897
 0.900
 0.919
 0.872
 0.915
 0.926
 0.912
 0.900
 0.923
 0.910
 0.922
 0.913
 0.919
 0.910
 0.909
 0.916
 0.900
 0.906
 0.920
 0.912
 0.928
 0.919
 0.912
 0.906
 0.901
 0.907
 0.913
 0.916
 0.918
 0.895
 0.934
 0.940
 0.904
 0.929
 0.898
 0.906
 0.910
 0.915
 0.926
 0.895
 0.904
 0.890
 0.909
 0.901
 0.882
 0.895
 0.931
 0.920
 0.910
 0.892
 0.913
 0.923
 0.915
 0.916
 0.900
 0.918
 0.929
 0.916
 0.918
 0.922
 0.909
 0.926
 0.906
 0.919
 0.919
 0.895
 0.919
 0.897
 0.904
 0.885
 0.910
 0.931
 0.929
 0.894
 0.909
 0.915
 0.898
 0.923
 0.931
 0.925
 0.887
 0.920
 0.918
 0.929
 0.916
 0.888
 0.909
 0.925
 0.935
 0.929
 0.925
 0.922
 0.925
 0.916
 0.913
 0.931
 0.903
 0.909
 0.919
 0.913
 0.892
 0.898
 0.903
 0.907
 0.926
 0.884
 0.888
 0.893
 0.895
 0.904
 0.909
 0.912
 0.907
 0.907
 0.923
 0.912
 0.907
 0.895
 0.901
 0.907
 0.925
 0.909
 0.918
 0.903
 0.895
 0.920
 0.901
 0.923
 0.922
 0.913
 0.904
 0.912
 0.913
 0.888
 0.909
 0.918
 0.916
 0.891
 0.907
 0.923
 0.913
 0.909
 0.926
 0.884
 0.915
 0.919
 0.904
 0.912
 0.887
 0.920
 0.910
 0.898
 0.912
 0.915
 0.920
 0.913
 0.894
 0.904
 0.901
 0.897
 0.901
 0.904
 0.922
 0.885
 0.910
 0.913
 0.891
 0.923
 0.893
 0.919
 0.906
 0.919
 0.931
 0.900
 0.913
 0.915
 0.906
 0.900
 0.919
 0.906
 0.915
 0.922
 0.915
 0.884
 0.890
 0.900
 0.929
 0.932
 0.906
 0.940
 0.919
 0.922
 0.931
 0.929
 0.920
 0.913
 0.915
 0.915
 0.915
 0.919
 0.895
 0.909
 0.925
 0.913
 0.909
 0.890
 0.916
 0.884
 0.928
 0.873
 0.906
 0.898
 0.937
 0.922
 0.913
 0.926
 0.907
 0.904
 0.915
 0.931
 0.932
 0.909
 0.898
 0.916
 0.909
 0.912
 0.912
 0.901
 0.904
 0.923
 0.894
 0.906
 0.922
 0.885
 0.900
 0.931
 0.903
 0.910
 0.918
 0.910
 0.903
 0.882
 0.916
 0.912
 0.922
 0.888
 0.897
 0.912
 0.907
 0.920
 0.909
 0.890
 0.926
 0.920
 0.906
 0.912
 0.916
 0.916
 0.934
 0.906
 0.906
 0.916
 0.926
 0.904
 0.906
 0.935
 0.909
 0.901
 0.904
 0.912
 0.919
 0.929
 0.907
 0.923
 0.912
 0.918
 0.901
 0.920
 0.919
 0.913
 0.878
 0.920
 0.901
 0.906
 0.925
 0.888
 0.884
 0.900
 0.910
 0.922
 0.901
 0.903
 0.923
 0.887
 0.903
 0.920
 0.906
 0.900
 0.875
 0.925
 0.913
 0.916
 0.920
 0.903
 0.915
 0.907
 0.901
 0.916
 0.925
 0.932
 0.897
 0.912
 0.885
 0.900
 0.901
 0.887
 0.913
 0.920
 0.890
 0.919
 0.929
 0.901
 0.922
 0.919
 0.923
 0.912
 0.918
 0.910
 0.875
 0.891
 0.925
 0.918
 0.881
 0.925
 0.916
 0.901
 0.929
 0.900
 0.923
 0.893
 0.901
 0.915
 0.900
 0.919
 0.912
 0.919
 0.903
 0.913
 0.900
 0.925
 0.918
 0.919
 0.895
 0.916
 0.919
 0.904
 0.915
 0.923
 0.887
 0.901
 0.940
 0.918
 0.875
 0.909
 0.919
 0.901
 0.904
 0.935
 0.918
 0.909
 0.935
 0.919
 0.922
 0.920
 0.913
 0.912
 0.919
 0.913
 0.907
 0.910
 0.926
 0.900
 0.907
 0.890
 0.915
 0.907
 0.884
 0.919
 0.898
 0.900
 0.909
 0.922
 0.923
 0.915
 0.893
 0.901
 0.935
 0.897
 0.903
 0.910
 0.912
 0.873
 0.920
 0.907
 0.915
 0.903
 0.915
 0.919
 0.913
 0.931
 0.915
 0.909
 0.888
 0.897
 0.910
 0.903
 0.907
 0.909
 0.906
 0.918
 0.918
 0.910
 0.895
 0.894
 0.926
 0.912
 0.925
 0.901
 0.916
 0.919
 0.909
 0.916
 0.915
 0.916
 0.906
 0.904
 0.934
 0.919
 0.898
 0.909
 0.894
 0.904
 0.915
 0.913
 0.898
 0.907
 0.909
 0.940
 0.918
 0.906
 0.937
 0.931
 0.931
 0.875
 0.928
 0.900
 0.929
 0.903
 0.925
 0.916
 0.890
 0.929
 0.904
 0.935
 0.912
 0.913
 0.915
 0.925
 0.904
 0.935
 0.919
 0.919
 0.937
 0.918
 0.894
 0.912
 0.931
 0.941
 0.897
 0.919
 0.907
 0.913
 0.937
 0.909
 0.931
 0.890
 0.920
 0.923
 0.925
 0.940
 0.916
 0.925
 0.918
 0.928
 0.898
 0.904
 0.910
 0.895
 0.913
 0.925
 0.920
 0.906
 0.931
 0.922
 0.925
 0.920
 0.913
 0.912
 0.907
 0.926
 0.913
 0.907
 0.907
 0.915
 0.904
 0.909
 0.925
 0.894
 0.909
 0.923
 0.913
 0.909
 0.915
 0.915
 0.895
 0.907
 0.885
 0.888
 0.900
 0.925
 0.916
 0.916
 0.929
 0.901
 0.909
 0.935
 0.931
 0.912
 0.915
 0.894
 0.925
 0.918
 0.894
 0.898
 0.894
 0.903
 0.912
 0.907
 0.906
 0.897
 0.872
 0.912
 0.925
 0.929
 0.916
 0.941
 0.915
 0.920
 0.913
 0.912
 0.901
 0.912
 0.931
 0.913
 0.919
 0.903
 0.916
 0.900
 0.907
 0.920
 0.919
 0.912
 0.915
 0.906
 0.904
 0.900
 0.913
 0.910
 0.919
 0.910
 0.900
 0.901
 0.906
 0.909
 0.931
 0.907
 0.894
 0.915
 0.923
 0.923
 0.904
 0.901
 0.922
 0.922
 0.885
 0.909
 0.891
 0.913
 0.922
 0.909
 0.892
 0.926
 0.922
 0.895
 0.929
 0.932
 0.910
 0.913
 0.931
 0.915
 0.904
 0.926
 0.910
 0.900
 0.903
 0.919
 0.909
 0.887
 0.913
 0.920
 0.907
 0.909
 0.893
 0.912
 0.925
 0.897
 0.909
 0.913
 0.937
 0.912
 0.900
 0.912
 0.910
 0.923
 0.923
 0.922
 0.887
 0.913
 0.918
 0.929
 0.910
 0.897
 0.918
 0.931
 0.934
 0.893
 0.922
 0.910
 0.900
 0.900
 0.932
 0.904
 0.931
 0.895
 0.904
 0.900
 0.909
 0.909
 0.893
 0.922
 0.894
 0.904
 0.929
 0.929
 0.922
 0.920
 0.898
 0.884
 0.900
 0.909
 0.934
 0.913
 0.912
 0.932
 0.904
 0.915
 0.915
 0.929
 0.909
 0.925
 0.915
 0.901
 0.919
 0.913
 0.901
 0.925
 0.926
 0.916
 0.919
 0.913
 0.934
 0.929
 0.920
 0.910
 0.919
 0.923
 0.893
 0.923
 0.898
 0.894
 0.915
 0.946
 0.873
 0.895
 0.906
 0.888
 0.890
 0.907
 0.875
 0.887
 0.900
 0.915
 0.909
 0.916
 0.900
 0.918
 0.929
 0.929
 0.916
 0.888
 0.934
 0.904
 0.910
 0.887
 0.901
 0.915
 0.923
 0.879
 0.906
 0.901
 0.920
 0.910
 0.872
 0.903
 0.934
 0.929
 0.903
 0.900
 0.903
 0.923
 0.891
 0.912
 0.881
 0.903
 0.925
 0.891
 0.913
 0.925
 0.912
 0.887
 0.923
 0.907
 0.912
 0.906
 0.912
 0.901
 0.897
 0.918
 0.931
 0.920
 0.928
 0.915
 0.909
 0.928
 0.928
 0.909
 0.910
 0.915
 0.920
 0.891
 0.904
 0.913
 0.920
 0.894
 0.913
 0.910
 0.915
 0.909
 0.897
 0.919
 0.894
 0.916
 0.919
 0.903
 0.912
 0.920
 0.900
 0.919
 0.884
 0.926
 0.897
 0.923
 0.891
 0.915
 0.932
 0.912
 0.912
 0.869
 0.884
 0.922
 0.920
 0.912
 0.929
 0.891
 0.900
 0.926
 0.910
 0.937
 0.919
 0.935
 0.920
 0.920
 0.925
 0.935
 0.918
 0.909
 0.923
 0.901
 0.931
 0.923
 0.907
 0.922
 0.916
 0.918
 0.913
 0.916
 0.923
 0.925
 0.918
 0.915
 0.906
 0.890
 0.922
 0.929
 0.901
 0.934
 0.931
 0.929
 0.910
 0.929
 0.920
 0.910
 0.915
 0.887
 0.913
 0.932
 0.907
 0.919
 0.925
 0.913
 0.919
 0.919
 0.925
 0.898
 0.901
 0.912
 0.932
 0.906
 0.900
 0.926
 0.922
 0.913
 0.909
 0.910
 0.897
 0.920
 0.890
 0.916
 0.916
 0.920
 0.897
 0.906
 0.906
 0.915
 0.876
 0.898
 0.919
 0.918
 0.913
 0.919
 0.909
 0.919
 0.915
 0.915
 0.898
 0.928
 0.904
 0.915
 0.907
 0.901
 0.898
 0.915
 0.918
 0.900
 0.894
 0.940
 0.925
 0.912
 0.898
 0.919
 0.915
 0.919
 0.925
 0.916
 0.903
 0.910
 0.888
 0.932
 0.925
 0.907
 0.923
 0.920
 0.913
 0.888
 0.897
 0.898
 0.915
 0.906
 0.920
 0.906
 0.925
 0.919
 0.929
 0.923
 0.916
 0.918
 0.934
 0.923
 0.915
 0.923
 0.915
 0.916
 0.919
 0.916
 0.898
 0.926
 0.923
 0.903
 0.922
 0.907
 0.906
 0.926
 0.907
 0.906
 0.893
 0.920
 0.931
 0.915
 0.926
 0.919
 0.884
 0.893
 0.906
 0.920
 0.926
 0.915
 0.931
 0.926
 0.903
 0.920
 0.898
 0.916
 0.932
 0.907
 0.910
 0.865
 0.923
 0.916
 0.891
 0.915
 0.920
 0.934
 0.918
 0.929
 0.898
 0.891
 0.900
 0.925
 0.918
 0.906
 0.901
 0.910
 0.912
 0.918
 0.907
 0.898
 0.903
 0.916
 0.891
 0.913
 0.910
 0.919
 0.913
 0.897
 0.876
 0.915
 0.931
 0.900
 0.903
 0.866
 0.919
 0.900
 0.895
 0.922
 0.920
 0.926
 0.898
 0.923
 0.909
 0.919
 0.920
 0.919
 0.916
 0.932
 0.909
 0.891
 0.931
 0.913
 0.887
 0.913
 0.903
 0.929
 0.919
 0.929
 0.922
 0.903
 0.906
 0.901
 0.919
 0.903
 0.913
 0.918
 0.915
 0.892
 0.907
 0.918
 0.909
 0.906
 0.913
 0.915
 0.928
 0.900
 0.913
 0.918
 0.906
 0.912
 0.910
 0.916
 0.916
 0.931
 0.893
 0.910
 0.894
 0.925
 0.935
 0.925
 0.923
 0.926
 0.904
 0.884
 0.900
 0.922
 0.885
 0.918
 0.910
 0.907
 0.929
 0.935
 0.926
 0.907
 0.920
 0.909
 0.912
 0.897
 0.906
 0.903
 0.929
 0.920
 0.912
 0.903
 0.897
 0.925
 0.915
 0.915
 0.918
 0.884
 0.923
 0.903
 0.893
 0.920
 0.919
 0.913
 0.922
 0.941
 0.898
 0.907
 0.879
 0.900
 0.907
 0.904
 0.909
 0.907
 0.922
 0.903
 0.922
 0.919
 0.925
 0.906
 0.919
 0.923
 0.894
 0.907
 0.932
 0.878
 0.901
 0.925
 0.879
 0.903
 0.913
 0.913
 0.910
 0.909
 0.903
 0.910
 0.915
 0.898
 0.909
 0.898
 0.897
 0.923
 0.906
 0.912
 0.909
 0.935
 0.928
 0.906
 0.919
 0.915
 0.898
 0.913
 0.890
 0.891
 0.929
 0.913
 0.915
 0.920
 0.913
 0.920
 0.901
 0.925
 0.919
 0.900
 0.898
 0.935
 0.923
 0.898
 0.923
 0.909
 0.909
 0.925
 0.915
 0.907
 0.920
 0.901
 0.904
 0.918
 0.907
 0.906
 0.915
 0.916
 0.901
 0.910
 0.904
 0.928
 0.884
 0.923
 0.915
 0.913
 0.920
 0.885
 0.910
 0.928
 0.932
 0.912
 0.912
 0.890
 0.913
 0.913
 0.900
 0.910
 0.915
 0.900
 0.922
 0.909
 0.919
 0.906
 0.915
 0.895
 0.900
 0.919
 0.878
 0.901
 0.912
 0.888
 0.894
 0.907
 0.903
 0.937
 0.885
 0.900
 0.915
 0.909
 0.903
 0.912
 0.912
 0.918
 0.894
 0.920
 0.916
 0.907
 0.907
 0.918
 0.925
 0.910
 0.915
 0.887
 0.890
 0.920
 0.918
 0.929
 0.912
 0.929
 0.916
 0.926
 0.891
 0.915
 0.915
 0.912
 0.904
 0.901
 0.925
 0.910
 0.903
 0.903
 0.909
 0.916
 0.919
 0.901
 0.920
 0.941
 0.904
 0.897
 0.901
 0.922
 0.918
 0.898
 0.910
 0.903
 0.887
 0.915
 0.898
 0.913
 0.909
 0.906
 0.887
 0.918
 0.923
 0.909
 0.897
 0.906
 0.900
 0.898
 0.925
 0.903
 0.909
 0.925
 0.906
 0.919
 0.906
 0.901
 0.881
 0.928
 0.898
 0.895
 0.893
 0.884
 0.928
 0.916
 0.919
 0.929
 0.895
 0.913
 0.915
 0.925
 0.909
 0.898
 0.907
 0.893
 0.937
 0.926
 0.898
 0.909
 0.904
 0.890
 0.915
 0.894
 0.918
 0.894
 0.925
 0.923
 0.887
 0.910
 0.891
 0.873
 0.925
 0.912
 0.915
 0.913
 0.900
 0.891
 0.916
 0.931
 0.918
 0.915
 0.909
 0.895
 0.913
 0.916
 0.913
 0.894
 0.923
 0.919
 0.923
 0.935
 0.904
 0.903
 0.903
 0.925
 0.897
 0.913
 0.922
 0.884
 0.900
 0.937
 0.910
 0.919
 0.916
 0.920
 0.873
 0.935
 0.916
 0.923
 0.918
 0.912
 0.920
 0.910
 0.906
 0.935
 0.912
 0.928
 0.932
 0.885
 0.919
 0.901
 0.922
 0.925
 0.913
 0.891
 0.916
 0.913
 0.904
 0.919
 0.916
 0.915
 0.935
 0.898
 0.909
 0.926
 0.918
 0.925
 0.915
 0.910
 0.925
 0.941
 0.907
 0.912
 0.893
 0.929
 0.915
 0.910
 0.900
 0.915
 0.910
 0.907
 0.912
 0.918
 0.923
 0.910
 0.915
 0.888
 0.913
 0.890
 0.912
 0.926
 0.909
 0.919
 0.916
 0.891
 0.929
 0.897
 0.895
 0.906
 0.912
 0.909
 0.898
 0.892
 0.915
 0.926
 0.918
 0.922
 0.931
 0.890
 0.907
 0.913
 0.897
 0.922
 0.915
 0.935
 0.916
 0.903
 0.897
 0.935
 0.909
 0.922
 0.913
 0.887
 0.935
 0.925
 0.935
 0.925
 0.926
 0.918
 0.918
 0.916
 0.926
 0.901
 0.909
 0.920
 0.920
 0.923
 0.912
 0.904
 0.907
 0.901
 0.923
 0.922
 0.912
 0.906
 0.915
 0.918
 0.888
 0.878
 0.918
 0.900
 0.904
 0.907
 0.920
 0.929
 0.913
 0.918
 0.906
 0.916
 0.925
 0.926
 0.918
 0.929
 0.935
 0.915
 0.894
 0.900
 0.888
 0.915
 0.893
 0.903
 0.879
 0.909
 0.912
 0.906
 0.922
 0.928
 0.904
 0.941
 0.912
 0.906
 0.916
 0.920
 0.887
 0.894
 0.898
 0.915
 0.873
 0.909
 0.926
 0.918
 0.882
 0.918
 0.906
 0.919
 0.916
 0.926
 0.884
 0.925
 0.891
 0.929
 0.904
 0.918
 0.897
 0.903
 0.907
 0.937
 0.920
 0.925
 0.906
 0.929
 0.919
 0.913
 0.885
 0.915
 0.910
 0.919
 0.909
 0.898
 0.897
 0.892
 0.928
 0.894
 0.929
 0.885
 0.916
 0.909
 0.925
 0.916
 0.891
 0.926
 0.903
 0.919
 0.926
 0.909
 0.903
 0.893
 0.919
 0.901
 0.920
 0.913
 0.903
 0.901
 0.897
 0.916
 0.919
 0.919
 0.919
 0.920
 0.887
 0.929
 0.916
 0.909
 0.891
 0.907
 0.900
 0.907
 0.923
 0.890
 0.931
 0.900
 0.916
 0.891
 0.904
 0.919
 0.915
 0.898
 0.904
 0.922
 0.904
 0.920
 0.900
 0.907
 0.920
 0.895
 0.897
 0.893
 0.906
 0.923
 0.890
 0.895
 0.926
 0.923
 0.904
 0.922
 0.909
 0.923
 0.918
 0.907
 0.904
 0.900
 0.895
 0.903
 0.923
 0.918
 0.904
 0.895
 0.865
 0.895
 0.900
 0.935
 0.925
 0.900
 0.898
 0.918
 0.920
 0.900
 0.893
 0.919
 0.901
 0.916
 0.918
 0.909
 0.897
 0.910
 0.915
 0.907
 0.916
 0.925
 0.931
 0.913
 0.925
 0.898
 0.920
 0.907
 0.920
 0.923
 0.940
 0.901
 0.915
 0.909
 0.919
 0.913
 0.920
 0.906
 0.913
 0.913
 0.923
 0.916
 0.910
 0.909
 0.923
 0.916
 0.919
 0.919
 0.929
 0.923
 0.876
 0.918
 0.891
 0.929
 0.915
 0.890
 0.909
 0.925
 0.873
 0.912
 0.928
 0.923
 0.916
 0.895
 0.898
 0.918
 0.910
 0.887
 0.894
 0.913
 0.891
 0.872
 0.919
 0.912
 0.893
 0.916
 0.925
 0.893
 0.915
 0.918
 0.910
 0.915
 0.913
 0.904
 0.904
 0.925
 0.907
 0.904
 0.918
 0.920
 0.915
 0.910
 0.900
 0.920
 0.920
 0.891
 0.931
 0.925
 0.912
 0.903
 0.897
 0.920
 0.906
 0.894
 0.922
 0.931
 0.916
 0.922
 0.913
 0.934
 0.903
 0.894
 0.919
 0.934
 0.906
 0.913
 0.909
 0.931
 0.919
 0.900
 0.898
 0.925
 0.926
 0.920
 0.925
 0.879
 0.941
 0.907
 0.918
 0.913
 0.925
 0.919
 0.935
 0.925
 0.901
 0.910
 0.901
 0.903
 0.916
 0.881
 0.935
 0.906
 0.913
 0.875
 0.903
 0.940
 0.915
 0.935
 0.909
 0.929
 0.910
 0.925
 0.904
 0.894
 0.916
 0.901
 0.895
 0.895
 0.884
 0.931
 0.895
 0.898
 0.903
 0.923
 0.912
 0.923
 0.900
 0.895
 0.910
 0.918
 0.900
 0.920
 0.934
 0.935
 0.904
 0.923
 0.925
 0.912
 0.935
 0.895
 0.909
 0.910
 0.903
 0.890
 0.907
 0.932
 0.879
 0.910
 0.890
 0.926
 0.915
 0.931
 0.929
 0.909
 0.920
 0.904
 0.887
 0.876
 0.920
 0.925
 0.909
 0.915
 0.907
 0.932
 0.898
 0.912
 0.910
 0.925
 0.913
 0.920
 0.876
 0.940
 0.904
 0.931
 0.923
 0.901
 0.906
 0.926
 0.931
 0.913
 0.897
 0.922
 0.909
 0.887
 0.926
 0.912
 0.929
 0.922
 0.882
 0.904
 0.893
 0.913
 0.904
 0.885
 0.916
 0.918
 0.916
 0.922
 0.894
 0.910
 0.901
 0.909
 0.910
 0.901
 0.918
 0.912
 0.919
 0.928
 0.898
 0.925
 0.925
 0.912
 0.913
 0.912
 0.909
 0.920
 0.915
 0.881
 0.901
 0.926
 0.922
 0.901
 0.882
 0.912
 0.928
 0.897
 0.913
 0.907
 0.891
 0.903
 0.913
 0.925
 0.901
 0.882
 0.907
 0.915
 0.920
 0.906
 0.923
 0.909
 0.925
 0.940
 0.915
 0.900
 0.925
 0.937
 0.909
 0.919
 0.925
 0.918
 0.901
 0.923
 0.906
 0.898
 0.920
 0.894
 0.915
 0.912
 0.925
 0.916
 0.895
 0.900
 0.909
 0.934
 0.916
 0.919
 0.912
 0.907
 0.913
 0.915
 0.935
 0.925
 0.922
 0.912
 0.885
 0.915
 0.932
 0.904
 0.931
 0.925
 0.912
 0.906
 0.901
 0.906
 0.913
 0.909
 0.912
 0.876
 0.910
 0.915
 0.925
 0.929
 0.920
 0.931
 0.897
 0.922
 0.910
 0.909
 0.922
 0.925
 0.892
 0.910
 0.888
 0.898
 0.913
 0.901
 0.910
 0.929
 0.916
 0.918
 0.900
 0.916
 0.900
 0.912
 0.923
 0.922
 0.909
 0.887
 0.935
 0.909
 0.885
 0.915
 0.916
 0.910
 0.929
 0.922
 0.922
 0.903
 0.872
 0.926
 0.903
 0.903
 0.923
 0.931
 0.915
 0.907
 0.922
 0.919
 0.891
 0.923
 0.876
 0.918
 0.919
 0.913
 0.903
 0.934
 0.903
 0.879
 0.935
 0.925
 0.907
 0.910
 0.916
 0.915
 0.916
 0.893
 0.912
 0.907
 0.891
 0.910
 0.915
 0.909
 0.937
 0.904
 0.910
 0.895
 0.904
 0.919
 0.907
 0.898
 0.892
 0.913
 0.900
 0.913
 0.904
 0.919
 0.919
 0.932
 0.916
 0.897
 0.920
 0.903
 0.916
 0.907
 0.920
 0.919
 0.892
 0.903
 0.900
 0.903
 0.920
 0.934
 0.915
 0.894
 0.928
 0.925
 0.913
 0.909
 0.919
 0.919
 0.904
 0.913
 0.907
 0.925
 0.929
 0.906
 0.872
 0.890
 0.931
 0.898
 0.916
 0.898
 0.920
 0.916
 0.882
 0.909
 0.931
 0.920
 0.925
 0.887
 0.906
 0.909
 0.885
 0.916
 0.937
 0.916
 0.909
 0.925
 0.915
 0.891
 0.890
 0.919
 0.893
 0.910
 0.916
 0.919
 0.916
 0.888
 0.916
 0.898
 0.912
 0.910
 0.932
 0.904
 0.922
 0.910
 0.910
 0.910
 0.873
 0.884
 0.895
 0.923
 0.925
 0.907
 0.904
 0.918
 0.897
 0.906
 0.918
 0.919
 0.931
 0.926
 0.910
 0.879
 0.915
 0.922
 0.918
 0.922
 0.909
 0.915
 0.922
 0.910
 0.923
 0.919
 0.928
 0.910
 0.915
 0.919
 0.912
 0.916
 0.885
 0.923
 0.903
 0.916
 0.919
 0.932
 0.913
 0.907
 0.906
 0.932
 0.925
 0.909
 0.882
 0.898
 0.903
 0.898
 0.913
 0.913
 0.910
 0.916
 0.894
 0.906
 0.890
 0.913
 0.903
 0.909
 0.931
 0.890
 0.901
 0.926
 0.885
 0.926
 0.920
 0.929
 0.919
 0.931
 0.903
 0.923
 0.925
 0.891
 0.910
 0.916
 0.904
 0.918
 0.901
 0.909
 0.929
 0.922
 0.918
 0.919
 0.920
 0.916
 0.916
 0.935
 0.906
 0.923
 0.913
 0.898
 0.900
 0.919
 0.898
 0.897
 0.929
 0.910
 0.918
 0.901
 0.894
 0.910
 0.910
 0.900
 0.903
 0.900
 0.881
 0.925
 0.918
 0.906
 0.906
 0.909
 0.926
 0.898
 0.903
 0.915
 0.912
 0.922
 0.901
 0.897
 0.907
 0.922
 0.907
 0.915
 0.894
 0.898
 0.915
 0.898
 0.940
 0.916
 0.887
 0.903
 0.893
 0.916
 0.915
 0.926
 0.898
 0.909
 0.926
 0.916
 0.901
 0.916
 0.920
 0.925
 0.907
 0.919
 0.932
 0.888
 0.922
 0.894
 0.916
 0.918
 0.920
 0.922
 0.919
 0.915
 0.904
 0.912
 0.925
 0.900
 0.916
 0.887
 0.915
 0.931
 0.913
 0.922
 0.918
 0.932
 0.919
 0.882
 0.920
 0.909
 0.928
 0.904
 0.898
 0.920
 0.910
 0.918
 0.909
 0.929
 0.910
 0.918
 0.904
 0.926
 0.929
 0.918
 0.913
 0.910
 0.919
 0.912
 0.901
 0.913
 0.913
 0.909
 0.916
 0.866
 0.888
 0.929
 0.898
 0.907
 0.916
 0.916
 0.909
 0.920
 0.913
 0.891
 0.915
 0.906
 0.890
 0.932
 0.913
 0.903
 0.918
 0.931
 0.915
 0.893
 0.920
 0.904
 0.897
 0.909
 0.898
 0.893
 0.931
 0.907
 0.918
 0.915
 0.900
 0.913
 0.919
 0.932
 0.922
 0.882
 0.910
 0.919
 0.901
 0.879
 0.916
 0.920
 0.931
 0.906
 0.893
 0.926
 0.919
 0.918
 0.920
 0.920
 0.922
 0.890
 0.910
 0.910
 0.901
 0.926
 0.920
 0.928
 0.931
 0.891
 0.929
 0.920
 0.923
 0.895
 0.910
 0.931
 0.915
 0.901
 0.906
 0.895
 0.912
 0.885
 0.900
 0.901
 0.912
 0.920
 0.909
 0.916
 0.909
 0.909
 0.910
 0.909
 0.898
 0.885
 0.913
 0.913
 0.912
 0.925
 0.904
 0.904
 0.909
 0.893
 0.916
 0.910
 0.903
 0.906
 0.916
 0.918
 0.915
 0.926
 0.929
 0.904
 0.919
 0.913
 0.919
 0.910
 0.923
 0.900
 0.898
 0.895
 0.909
 0.925
 0.929
 0.929
 0.904
 0.929
 0.920
 0.920
 0.872
 0.901
 0.931
 0.920
 0.907
 0.910
 0.909
 0.901
 0.909
 0.915
 0.912
 0.882
 0.904
 0.923
 0.918
 0.912
 0.926
 0.912
 0.897
 0.885
 0.909
 0.909
 0.907
 0.891
 0.909
 0.925
 0.903
 0.888
 0.920
 0.920
 0.935
 0.926
 0.909
 0.904
 0.891
 0.926
 0.887
 0.897
 0.882
 0.926
 0.910
 0.907
 0.918
 0.898
 0.918
 0.907
 0.909
 0.918
 0.915
 0.925
 0.910
 0.929
 0.909
 0.919
 0.920
 0.912
 0.915
 0.926
 0.912
 0.925
 0.920
 0.907
 0.922
 0.907
 0.912
 0.913
 0.893
 0.920
 0.926
 0.915
 0.932
 0.901
 0.900
 0.901
 0.901
 0.897
 0.909
 0.929
 0.912
 0.901
 0.918
 0.916
 0.907
 0.903
 0.920
 0.895
 0.922
 0.894
 0.920
 0.916
 0.919
 0.912
 0.913
 0.906
 0.904
 0.926
 0.919
 0.912
 0.901
 0.912
 0.913
 0.929
 0.888
 0.913
 0.918
 0.913
 0.937
 0.918
 0.891
 0.907
 0.932
 0.895
 0.925
 0.926
 0.923
 0.906
 0.906
 0.891
 0.922
 0.935
 0.898
 0.920
 0.909
 0.925
 0.925
 0.907
 0.932
 0.897
 0.919
 0.919
 0.898
 0.913
 0.926
 0.929
 0.931
 0.891
 0.894
 0.900
 0.888
 0.881
 0.915
 0.885
 0.926
 0.916
 0.937
 0.909
 0.926
 0.904
 0.913
 0.916
 0.897
 0.907
 0.900
 0.897
 0.907
 0.916
 0.912
 0.875
 0.909
 0.904
 0.900
 0.910
 0.915
 0.898
 0.912
 0.918
 0.891
 0.940
 0.906
 0.913
 0.912
 0.897
 0.890
 0.919
 0.925
 0.915
 0.910
 0.906
 0.923
 0.912
 0.881
 0.919
 0.915
 0.898
 0.926
 0.912
 0.925
 0.901
 0.885
 0.928
 0.926
 0.898
 0.890
 0.929
 0.898
 0.919
 0.898
 0.919
 0.918
 0.918
 0.941
 0.926
 0.925
 0.893
 0.903
 0.894
 0.898
 0.901
 0.910
 0.909
 0.913
 0.925
 0.913
 0.907
 0.925
 0.926
 0.894
 0.913
 0.906
 0.907
 0.932
 0.910
 0.885
 0.913
 0.903
 0.920
 0.915
 0.891
 0.919
 0.909
 0.900
 0.906
 0.918
 0.915
 0.925
 0.928
 0.910
 0.926
 0.904
 0.923
 0.929
 0.915
 0.926
 0.900
 0.935
 0.910
 0.906
 0.901
 0.915
 0.915
 0.923
 0.925
 0.909
 0.906
 0.931
 0.907
 0.910
 0.903
 0.891
 0.922
 0.919
 0.919
 0.931
 0.913
 0.923
 0.920
 0.919
 0.901
 0.915
 0.923
 0.920
 0.916
 0.912
 0.923
 0.931
 0.878
 0.931
 0.909
 0.915
 0.907
 0.916
 0.909
 0.926
 0.919
 0.922
 0.897
 0.919
 0.937
 0.913
 0.926
 0.925
 0.903
 0.910
 0.910
 0.897
 0.941
 0.906
 0.918
 0.934
 0.895
 0.904
 0.913
 0.907
 0.900
 0.918
 0.913
 0.926
 0.903
 0.913
 0.929
 0.912
 0.946
 0.906
 0.919
 0.918
 0.904
 0.910
 0.940
 0.901
 0.901
 0.916
 0.901
 0.916
 0.898
 0.915
 0.916
 0.915
 0.916
 0.910
 0.926
 0.919
 0.890
 0.912
 0.897
 0.918
 0.901
 0.898
 0.912
 0.919
 0.890
 0.919
 0.907
 0.903
 0.922
 0.909
 0.910
 0.897
 0.923
 0.915
 0.890
 0.923
 0.931
 0.901
 0.913
 0.875
 0.929
 0.913
 0.910
 0.910
 0.920
 0.879
 0.906
 0.925
 0.913
 0.912
 0.915
 0.903
 0.916
 0.920
 0.926
 0.916
 0.884
 0.919
 0.879
 0.925
 0.901
 0.923
 0.900
 0.919
 0.920
 0.923
 0.929
 0.916
 0.918
 0.909
 0.894
 0.887
 0.926
 0.918
 0.920
 0.925
 0.893
 0.904
 0.897
 0.915
 0.922
 0.913
 0.903
 0.919
 0.923
 0.904
 0.926
 0.920
 0.895
 0.923
 0.920
 0.898
 0.910
 0.919
 0.916
 0.907
 0.912
 0.920
 0.903
 0.935
 0.929
 0.884
 0.923
 0.909
 0.913
 0.913
 0.904
 0.909
 0.923
 0.884
 0.919
 0.906
 0.906
 0.915
 0.919
 0.904
 0.892
 0.922
 0.920
 0.903
 0.912
 0.918
 0.922
 0.925
 0.897
 0.912
 0.919
 0.891
 0.875
 0.929
 0.915
 0.907
 0.931
 0.881
 0.937
 0.915
 0.919
 0.903
 0.907
 0.912
 0.909
 0.903
 0.907
 0.916
 0.890
 0.895
 0.901
 0.893
 0.907
 0.922
 0.919
 0.922
 0.922
 0.916
 0.919
 0.909
 0.888
 0.907
 0.910
 0.918
 0.901
 0.900
 0.925
 0.926
 0.909
 0.903
 0.904
 0.920
 0.916
 0.915
 0.904
 0.910
 0.895
 0.919
 0.913
 0.894
 0.918
 0.888
 0.907
 0.922
 0.916
 0.909
 0.920
 0.937
 0.926
 0.904
 0.906
 0.918
 0.898
 0.922
 0.913
 0.915
 0.904
 0.904
 0.909
 0.918
 0.900
 0.904
 0.910
 0.906
 0.909
 0.922
 0.895
 0.912
 0.923
 0.925
 0.934
 0.900
 0.901
 0.919
 0.912
 0.926
 0.916
 0.895
 0.915
 0.918
 0.929
 0.903
 0.919
 0.913
 0.897
 0.920
 0.929
 0.926
 0.910
 0.915
 0.898
 0.901
 0.912
 0.923
 0.907
 0.879
 0.934
 0.909
 0.916
 0.913
 0.940
 0.872
 0.926
 0.904
 0.929
 0.903
 0.904
 0.912
 0.903
 0.912
 0.897
 0.904
 0.878
 0.935
 0.923
 0.929
 0.910
 0.931
 0.929
 0.916
 0.895
 0.879
 0.926
 0.931
 0.918
 0.894
 0.893
 0.901
 0.903
 0.919
 0.903
 0.931
 0.882
 0.919
 0.928
 0.907
 0.897
 0.898
 0.919
 0.923
 0.913
 0.920
 0.920
 0.926
 0.900
 0.931
 0.920
 0.901
 0.929
 0.900
 0.920
 0.913
 0.882
 0.916
 0.920
 0.926
 0.915
 0.913
 0.920
 0.910
 0.901
 0.909
 0.873
 0.918
 0.920
 0.898
 0.916
 0.907
 0.909
 0.915
 0.910
 0.918
 0.916
 0.912
 0.918
 0.900
 0.931
 0.909
 0.925
 0.910
 0.900
 0.919
 0.912
 0.901
 0.912
 0.918
 0.916
 0.918
 0.901
 0.926
 0.932
 0.916
 0.925
 0.901
 0.918
 0.907
 0.920
 0.887
 0.901
 0.912
 0.909
 0.910
 0.885
 0.910
 0.920
 0.912
 0.900
 0.915
 0.928
 0.904
 0.925
 0.912
 0.918
 0.895
 0.893
 0.903
 0.918
 0.910
 0.912
 0.885
 0.882
 0.906
 0.912
 0.913
 0.912
 0.916
 0.915
 0.904
 0.923
 0.915
 0.910
 0.919
 0.913
 0.907
 0.895
 0.909
 0.882
 0.906
 0.895
 0.910
 0.909
 0.900
 0.919
 0.910
 0.920
 0.876
 0.891
 0.925
 0.929
 0.931
 0.937
 0.909
 0.897
 0.907
 0.909
 0.912
 0.928
 0.913
 0.923
 0.907
 0.925
 0.925
 0.915
 0.925
 0.895
 0.869
 0.904
 0.898
 0.903
 0.923
 0.885
 0.920
 0.931
 0.910
 0.913
 0.904
 0.891
 0.926
 0.923
 0.925
 0.918
 0.916
 0.931
 0.876
 0.910
 0.891
 0.901
 0.900
 0.901
 0.893
 0.913
 0.920
 0.918
 0.918
 0.926
 0.926
 0.876
 0.919
 0.895
 0.906
 0.903
 0.891
 0.901
 0.901
 0.904
 0.920
 0.919
 0.923
 0.897
 0.907
 0.903
 0.904
 0.910
 0.910
 0.906
 0.893
 0.925
 0.920
 0.931
 0.907
 0.904
 0.891
 0.891
 0.895
 0.919
 0.906
 0.922
 0.906
 0.929
 0.882
 0.928
 0.931
 0.925
 0.931
 0.875
 0.937
 0.918
 0.925
 0.901
 0.901
 0.925
 0.919
 0.900
 0.895
 0.920
 0.898
 0.929
 0.926
 0.909
 0.887
 0.919
 0.929
 0.900
 0.903
 0.907
 0.890
 0.913
 0.935
 0.919
 0.906
 0.895
 0.913
 0.887
 0.910
 0.912
 0.901
 0.919
 0.879
 0.910
 0.910
 0.887
 0.901
 0.915
 0.912
 0.935
 0.907
 0.912
 0.900
 0.906
 0.918
 0.915
 0.915
 0.901
 0.926
 0.910
 0.912
 0.900
 0.922
 0.922
 0.910
 0.946
 0.931
 0.904
 0.906
 0.918
 0.918
 0.923
 0.916
 0.888
 0.923
 0.913
 0.918
 0.926
 0.931
 0.903
 0.915
 0.928
 0.919
 0.928
 0.925
 0.925
 0.916
 0.920
 0.900
 0.926
 0.915
 0.912
 0.875
 0.909
 0.915
 0.916
 0.931
 0.926
 0.904
 0.907
 0.903
 0.920
 0.915
 0.906
 0.915
 0.913
 0.897
 0.925
 0.903
 0.912
 0.915
 0.915
 0.923
 0.932
 0.901
 0.894
 0.913
 0.935
 0.887
 0.912
 0.920
 0.912
 0.891
 0.904
 0.884
 0.919
 0.913
 0.907
 0.920
 0.909
 0.918
 0.882
 0.898
 0.909
 0.922
 0.926
 0.910
 0.920
 0.903
 0.913
 0.901
 0.904
 0.916
 0.910
 0.897
 0.898
 0.904
 0.897
 0.919
 0.909
 0.931
 0.910
 0.906
 0.923
 0.904
 0.916
 0.895
 0.913
 0.913
 0.919
 0.907
 0.903
 0.913
 0.907
 0.912
 0.912
 0.932
 0.894
 0.918
 0.920
 0.915
 0.903
 0.931
 0.904
 0.929
 0.903
 0.931
 0.907
 0.901
 0.918
 0.923
 0.881
 0.925
 0.918
 0.922
 0.915
 0.901
 0.897
 0.910
 0.887
 0.922
 0.925
 0.909
 0.907
 0.918
 0.910
 0.926
 0.925
 0.920
 0.913
 0.906
 0.915
 0.900
 0.913
 0.903
 0.909
 0.891
 0.891
 0.926
 0.926
 0.909
 0.909
 0.916
 0.916
 0.900
 0.906
 0.915
 0.932
 0.913
 0.907
 0.904
 0.910
 0.884
 0.888
 0.910
 0.916
 0.900
 0.890
 0.906
 0.940
 0.915
 0.909
 0.910
 0.890
 0.915
 0.895
 0.928
 0.928
 0.928
 0.900
 0.919
 0.929
 0.891
 0.910
 0.909
 0.910
 0.931
 0.923
 0.913
 0.910
 0.931
 0.915
 0.929
 0.916
 0.909
 0.915
 0.915
 0.895
 0.909
 0.897
 0.912
 0.918
 0.904
 0.922
 0.910
 0.898
 0.894
 0.912
 0.900
 0.888
 0.920
 0.894
 0.918
 0.888
 0.915
 0.894
 0.897
 0.935
 0.919
 0.885
 0.922
 0.916
 0.898
 0.898
 0.894
 0.906
 0.931
 0.901
 0.935
 0.901
 0.904
 0.912
 0.895
 0.913
 0.915
 0.925
 0.916
 0.922
 0.894
 0.903
 0.903
 0.910
 0.881
 0.923
 0.916
 0.906
 0.928
 0.931
 0.913
 0.909
 0.919
 0.909
 0.898
 0.903
 0.931
 0.916
 0.923
 0.934
 0.897
 0.895
 0.909
 0.906
 0.894
 0.919
 0.913
 0.931
 0.923
 0.920
 0.918
 0.895
 0.909
 0.912
 0.910
 0.897
 0.916
 0.907
 0.906
 0.925
 0.915
 0.890
 0.918
 0.918
 0.901
 0.901
 0.907
 0.909
 0.894
 0.916
 0.878
 0.923
 0.919
 0.907
 0.885
 0.903
 0.923
 0.904
 0.912
 0.925
 0.925
 0.913
 0.923
 0.909
 0.898
 0.926
 0.898
 0.894
 0.897
 0.926
 0.909
 0.910
 0.909
 0.923
 0.906
 0.919
 0.913
 0.904
 0.926
 0.904
 0.907
 0.918
 0.925
 0.931
 0.915
 0.916
 0.920
 0.915
 0.920
 0.891
 0.900
 0.895
 0.925
 0.907
 0.906
 0.903
 0.906
 0.913
 0.910
 0.906
 0.909
 0.906
 0.906
 0.918
 0.904
 0.916
 0.912
 0.893
 0.926
 0.920
 0.913
 0.904
 0.922
 0.909
 0.915
 0.898
 0.913
 0.915
 0.923
 0.910
 0.913
 0.903
 0.920
 0.941
 0.903
 0.891
 0.891
 0.904
 0.907
 0.897
 0.934
 0.907
 0.898
 0.915
 0.923
 0.906
 0.920
 0.915
 0.890
 0.929
 0.910
 0.903
 0.922
 0.901
 0.907
 0.903
 0.903
 0.888
 0.922
 0.926
 0.901
 0.898
 0.925
 0.915
 0.918
 0.906
 0.929
 0.913
 0.912
 0.915
 0.926
 0.898
 0.926
 0.915
 0.901
 0.895
 0.919
 0.920
 0.909
 0.916
 0.920
 0.906
 0.906
 0.923
 0.907
 0.931
 0.907
 0.915
 0.925
 0.915
 0.916
 0.918
 0.934
 0.932
 0.891
 0.898
 0.920
 0.923
 0.893
 0.900
 0.894
 0.916
 0.910
 0.916
 0.909
 0.913
 0.903
 0.910
 0.923
 0.887
 0.904
 0.916
 0.929
 0.910
 0.916
 0.910
 0.907
 0.916
 0.906
 0.913
 0.881
 0.915
 0.931
 0.904
 0.907
 0.931
 0.920
 0.906
 0.922
 0.929
 0.900
 0.910
 0.913
 0.935
 0.935
 0.867
 0.925
 0.918
 0.890
 0.918
 0.922
 0.887
 0.918
 0.893
 0.920
 0.894
 0.910
 0.898
 0.922
 0.895
 0.900
 0.918
 0.904
 0.907
 0.929
 0.912
 0.897
 0.893
 0.919
 0.895
 0.898
 0.903
 0.912
 0.910
 0.903
 0.922
 0.901
 0.891
 0.935
 0.906
 0.901
 0.909
 0.912
 0.903
 0.901
 0.928
 0.894
 0.918
 0.922
 0.907
 0.884
 0.922
 0.909
 0.891
 0.919
 0.898
 0.925
 0.925
 0.918
 0.891
 0.929
 0.926
 0.892
 0.904
 0.890
 0.893
 0.934
 0.893
 0.922
 0.915
 0.910
 0.893
 0.915
 0.900
 0.919
 0.894
 0.898
 0.923
 0.925
 0.925
 0.937
 0.894
 0.903
 0.925
 0.909
 0.910
 0.912
 0.906
 0.926
 0.909
 0.931
 0.923
 0.919
 0.904
 0.904
 0.915
 0.928
 0.910
 0.912
 0.884
 0.916
 0.910
 0.907
 0.916
 0.884
 0.881
 0.909
 0.929
 0.909
 0.920
 0.904
 0.918
 0.904
 0.922
 0.904
 0.909
 0.915
 0.901
 0.918
 0.906
 0.910
 0.925
 0.906
 0.925
 0.928
 0.891
 0.909
 0.928
 0.915
 0.912
 0.906
 0.904
 0.922
 0.910
 0.916
 0.904
 0.903
 0.915
 0.915
 0.910
 0.901
 0.920
 0.926
 0.906
 0.901
 0.925
 0.918
 0.898
 0.909
 0.923
 0.903
 0.946
 0.926
 0.888
 0.898
 0.906
 0.904
 0.904
 0.925
 0.910
 0.912
 0.915
 0.901
 0.907
 0.923
 0.894
 0.915
 0.910
 0.919
 0.937
 0.919
 0.894
 0.920
 0.913
 0.931
 0.920
 0.887
 0.912
 0.904
 0.912
 0.928
 0.907
 0.912
 0.923
 0.898
 0.925
 0.906
 0.897
 0.910
 0.888
 0.916
 0.900
 0.920
 0.912
 0.898
 0.895
 0.910
 0.928
 0.915
 0.915
 0.925
 0.900
 0.912
 0.904
 0.904
 0.922
 0.885
 0.913
 0.903
 0.929
 0.892
 0.926
 0.906
 0.913
 0.916
 0.906
 0.913
 0.923
 0.923
 0.901
 0.898
 0.937
 0.913
 0.912
 0.904
 0.909
 0.897
 0.887
 0.928
 0.913
 0.913
 0.922
 0.919
 0.922
 0.900
 0.922
 0.935
 0.923
 0.920
 0.912
 0.913
 0.900
 0.897
 0.916
 0.909
 0.919
 0.920
 0.894
 0.912
 0.920
 0.906
 0.903
 0.909
 0.898
 0.915
 0.929
 0.926
 0.934
 0.932
 0.915
 0.900
 0.856
 0.907
 0.909
 0.910
 0.928
 0.910
 0.900
 0.890
 0.931
 0.906
 0.910
 0.918
 0.919
 0.929
 0.913
 0.909
 0.909
 0.897
 0.923
 0.903
 0.898
 0.923
 0.910
 0.909
 0.940
 0.909
 0.925
 0.922
 0.922
 0.909
 0.898
 0.878
 0.923
 0.922
 0.929
 0.891
 0.922
 0.915
 0.910
 0.913
 0.909
 0.904
 0.922
 0.910
 0.913
 0.901
 0.919
 0.898
 0.916
 0.910
 0.907
 0.929
 0.919
 0.910
 0.904
 0.915
 0.901
 0.894
 0.913
 0.910
 0.913
 0.935
 0.920
 0.931
 0.906
 0.913
 0.890
 0.925
 0.900
 0.904
 0.919
 0.906
 0.910
 0.916
 0.909
 0.910
 0.913
 0.913
 0.931
 0.894
 0.898
 0.919
 0.904
 0.895
 0.910
 0.925
 0.904
 0.915
 0.912
 0.918
 0.910
 0.923
 0.893
 0.926
 0.929
 0.931
 0.904
 0.906
 0.915
 0.900
 0.928
 0.898
 0.920
 0.887
 0.893
 0.906
 0.903
 0.894
 0.901
 0.929
 0.904
 0.866
 0.913
 0.894
 0.890
 0.920
 0.906
 0.920
 0.925
 0.925
 0.920
 0.916
 0.941
 0.882
 0.919
 0.909
 0.891
 0.894
 0.925
 0.885
 0.918
 0.916
 0.906
 0.941
 0.923
 0.922
 0.926
 0.912
 0.906
 0.925
 0.907
 0.913
 0.929
 0.929
 0.901
 0.919
 0.923
 0.929
 0.879
 0.906
 0.903
 0.925
 0.900
 0.898
 0.926
 0.928
 0.913
 0.890
 0.891
 0.906
 0.904
 0.906
 0.928
 0.900
 0.919
 0.920
 0.919
 0.923
 0.920
 0.906
 0.898
 0.918
 0.909
 0.920
 0.915
 0.903
 0.918
 0.923
 0.906
 0.904
 0.910
 0.928
 0.909
 0.923
 0.907
 0.916
 0.909
 0.904
 0.920
 0.904
 0.898
 0.920
 0.910
 0.928
 0.934
 0.907
 0.895
 0.904
 0.920
 0.923
 0.918
 0.907
 0.897
 0.937
 0.928
 0.941
 0.900
 0.907
 0.925
 0.900
 0.888
 0.901
 0.923
 0.909
 0.929
 0.897
 0.931
 0.906
 0.901
 0.901
 0.925
 0.910
 0.893
 0.895
 0.878
 0.907
 0.904
 0.910
 0.926
 0.919
 0.932
 0.894
 0.920
 0.919
 0.900
 0.919
 0.926
 0.904
 0.909
 0.900
 0.915
 0.926
 0.916
 0.915
 0.906
 0.920
 0.913
 0.904
 0.920
 0.904
 0.913
 0.890
 0.890
 0.901
 0.907
 0.890
 0.904
 0.906
 0.919
 0.920
 0.934
 0.919
 0.907
 0.920
 0.901
 0.929
 0.907
 0.940
 0.894
 0.909
 0.909
 0.920
 0.912
 0.901
 0.909
 0.910
 0.916
 0.897
 0.897
 0.906
 0.925
 0.895
 0.916
 0.888
 0.922
 0.910
 0.929
 0.900
 0.901
 0.922
 0.884
 0.931
 0.931
 0.904
 0.910
 0.929
 0.892
 0.941
 0.901
 0.904
 0.912
 0.906
 0.931
 0.901
 0.909
 0.890
 0.882
 0.907
 0.915
 0.925
 0.915
 0.893
 0.906
 0.919
 0.918
 0.894
 0.920
 0.918
 0.929
 0.918
 0.881
 0.906
 0.918
 0.915
 0.940
 0.913
 0.915
 0.920
 0.922
 0.916
 0.879
 0.925
 0.915
 0.916
 0.928
 0.900
 0.904
 0.923
 0.923
 0.903
 0.923
 0.906
 0.882
 0.901
 0.885
 0.916
 0.928
 0.925
 0.926
 0.931
 0.907
 0.904
 0.916
 0.903
 0.925
 0.916
 0.923
 0.901
 0.915
 0.926
 0.907
 0.916
 0.903
 0.898
 0.909
 0.926
 0.894
 0.910
 0.920
 0.912
 0.915
 0.901
 0.894
 0.919
 0.915
 0.910
 0.912
 0.923
 0.912
 0.909
 0.926
 0.918
 0.897
 0.919
 0.909
 0.919
 0.925
 0.928
 0.922
 0.907
 0.920
 0.894
 0.893
 0.935
 0.901
 0.913
 0.913
 0.931
 0.909
 0.926
 0.919
 0.901
 0.904
 0.904
 0.895
 0.935
 0.922
 0.912
 0.913
 0.912
 0.909
 0.928
 0.910
 0.903
 0.895
 0.926
 0.925
 0.925
 0.873
 0.907
 0.898
 0.919
 0.925
 0.940
 0.925
 0.906
 0.935
 0.895
 0.919
 0.882
 0.920
 0.919
 0.910
 0.919
 0.900
 0.907
 0.898
 0.929
 0.912
 0.909
 0.915
 0.919
 0.922
 0.918
 0.904
 0.941
 0.920
 0.919
 0.904
 0.923
 0.918
 0.922
 0.893
 0.920
 0.910
 0.935
 0.912
 0.904
 0.925
 0.881
 0.912
 0.900
 0.904
 0.922
 0.913
 0.907
 0.913
 0.915
 0.875
 0.895
 0.912
 0.887
 0.903
 0.925
 0.915
 0.912
 0.900
 0.913
 0.890
 0.879
 0.875
 0.922
 0.894
 0.931
 0.900
 0.912
 0.912
 0.906
 0.901
 0.910
 0.910
 0.913
 0.919
 0.904
 0.891
 0.935
 0.869
 0.918
 0.935
 0.906
 0.918
 0.918
 0.919
 0.915
 0.890
 0.907
 0.887
 0.903
 0.906
 0.882
 0.906
 0.901
 0.909
 0.910
 0.929
 0.900
 0.931
 0.900
 0.920
 0.912
 0.941
 0.910
 0.898
 0.901
 0.903
 0.922
 0.901
 0.906
 0.862
 0.912
 0.898
 0.931
 0.901
 0.900
 0.912
 0.910
 0.918
 0.916
 0.897
 0.912
 0.923
 0.923
 0.909
 0.916
 0.912
 0.926
 0.879
 0.907
 0.873
 0.923
 0.929
 0.904
 0.901
 0.890
 0.916
 0.913
 0.906
 0.909
 0.929
 0.891
 0.916
 0.913
 0.925
 0.929
 0.906
 0.913
 0.912
 0.907
 0.910
 0.923
 0.903
 0.910
 0.919
 0.929
 0.887
 0.906
 0.922
 0.926
 0.925
 0.906
 0.910
 0.890
 0.910
 0.895
 0.920
 0.901
 0.913
 0.920
 0.919
 0.913
 0.885
 0.926
 0.923
 0.931
 0.916
 0.893
 0.892
 0.915
 0.904
 0.932
 0.897
 0.915
 0.910
 0.920
 0.901
 0.906
 0.928
 0.890
 0.904
 0.906
 0.897
 0.923
 0.891
 0.920
 0.906
 0.925
 0.909
 0.903
 0.916
 0.920
 0.910
 0.925
 0.916
 0.910
 0.904
 0.907
 0.895
 0.928
 0.916
 0.875
 0.915
 0.895
 0.907
 0.895
 0.900
 0.901
 0.912
 0.901
 0.903
 0.913
 0.920
 0.907
 0.916
 0.906
 0.903
 0.920
 0.882
 0.916
 0.912
 0.922
 0.923
 0.922
 0.940
 0.919
 0.901
 0.910
 0.901
 0.916
 0.941
 0.925
 0.890
 0.903
 0.909
 0.916
 0.926
 0.906
 0.890
 0.901
 0.915
 0.891
 0.907
 0.941
 0.920
 0.906
 0.895
 0.895
 0.920
 0.901
 0.901
 0.881
 0.919
 0.919
 0.895
 0.919
 0.904
 0.915
 0.909
 0.922
 0.887
 0.920
 0.918
 0.916
 0.920
 0.894
 0.895
 0.904
 0.893
 0.909
 0.925
 0.922
 0.898
 0.909
 0.925
 0.910
 0.906
 0.904
 0.906
 0.904
 0.898
 0.901
 0.904
 0.915
 0.890
 0.915
 0.898
 0.910
 0.932
 0.891
 0.920

