0 45
0 30
0 34
0 34
0 42
0 32
0 46
0 48
0 37
0 44
0 48
0 42
0 46
0 32
0 36
0 38
0 32
0 38
0 44
0 34
0 43
0 46
0 43
0 54
0 35
0 39
0 46
0 36
0 45
0 47
0 43
0 41
0 38
0 44
0 47
0 31
0 39
0 37
0 44
0 40
0 43
0 39
0 42
0 39
0 29
0 40
0 32
0 55
0 43
0 34
0 31
0 51
0 36
0 39
0 31
0 44
0 42
0 33
0 52
0 61
0 46
0 39
0 43
0 26
0 40
0 53
0 29
0 32
0 40
0 31
0 32
0 49
0 39
0 32
0 43
0 34
0 54
0 50
0 37
0 32
0 57
0 53
0 38
0 38
0 39
0 47
0 37
0 42
0 35
0 30
0 37
0 41
0 41
0 41
0 53
0 46
0 34
0 44
0 43
0 36
0 56
0 57
0 37
0 46
0 46
0 48
0 46
0 35
0 32
0 46
0 33
0 52
0 39
0 38
0 48
0 45
0 50
0 46
0 38
0 44
0 41
0 37
0 34
0 48
0 37
0 47
0 51
0 34
0 45
0 37
0 45
0 33
0 35
0 42
0 51
0 32
0 43
0 48
0 36
0 46
0 42
0 43
0 48
0 34
0 39
0 46
0 40
0 42
0 42
0 40
0 49
0 44
0 44
0 52
0 45
0 45
0 41
0 60
0 35
0 37
0 53
0 52
0 44
0 47
0 46
0 54
0 39
0 27
0 45
0 47
0 42
0 39
0 30
0 31
0 48
0 48
0 49
0 39
0 40
0 45
0 31
0 27
0 52
0 35
0 44
0 54
0 38
0 34
0 43
0 46
0 37
0 50
0 33
0 44
0 50
0 47
0 40
0 43
0 39
0 41
