0.33362796493021163 1
0.35010274777839934 1
0.3567817412241839 1
0.3588501833217626 1
0.3693504344934563 1
0.3707471972655795 1
0.3717903337606367 1
0.3729770962799241 1
0.3753450314758716 1
0.37834938243332167 1
0.3801794230181344 1
0.3814470336554191 1
0.3828751093880623 1
0.3833413904338006 1
0.3922652822235116 1
0.3996564326648228 1
0.4070931202737933 1
0.42274435224450047 1
0.4491761135192308 1
0.47257145711146953 1
0.4860895185038751 1
0.5003708475514569 1
0.5103714159808542 1
0.5229248026442231 1
0.5278675551390898 1
0.5391052603544777 1
0.5461514950507061 1
0.5467645495750117 1
0.5514591836417497 1
0.5515621241512084 1
0.5567211296436939 1
0.5582395411291105 1
0.5585891432714711 1
0.5590456914513068 1
0.5596635142542413 1
0.5597004624865736 1
0.5600432709514872 1
0.5600530966125611 1
0.5609238673826923 1
0.5638958924580545 1
0.564547770636709 1
0.5650143557265689 1
0.5650801646160484 1
0.5655549791787057 1
0.5656639715696409 1
0.5657707654547948 1
0.5661268017647069 1
0.5662859187417991 1
0.5672435309777029 1
0.5692868378757797 1
0.569404402401205 1
0.5705582566484776 1
0.571679843461155 1
0.5723084023261013 1
0.5732691553433286 1
0.5734519227511412 1
0.5735175476202511 1
0.5740546246585089 1
0.5750940933629671 1
0.5752212293168458 1
0.57605914422993 1
0.5762650688244934 1
0.577158256512276 1
0.577354003462055 1
0.5779123397781462 1
0.5790847952956044 1
0.5791160831972598 1
0.5793317706292432 1
0.5793700587101259 1
0.5796859871018165 1
0.5806090909448243 1
0.5806876476453431 1
0.5815173369881377 1
0.5815833015221228 1
0.5818341435292637 1
0.5818611166931518 1
0.5829864863193885 1
0.5836487630001186 1
0.5837198927722744 1
0.5843981220984432 1
0.5852891515971053 1
0.5857074036990778 1
0.5858217895733674 1
0.5863610250188526 1
0.5870103590522797 1
0.588858909380872 1
0.5888871189060843 1
0.5888966350051437 1
0.5895748968130143 1
0.5904144767089113 1
0.5904800975359538 1
0.591335005704466 1
0.5920912717125798 1
0.5925374123629696 1
0.5935282311802966 1
0.5942760281711096 1
0.5958423311884619 1
0.5964129561093404 1
0.5987419514439448 1
0.5991700305084647 1
0.5998611116735872 1
0.5999941132062949 1
0.6036559399879764 1
0.6038812390356407 1
0.6040045583519604 1
0.6083767999274138 1
0.6088112241060508 1
0.6104710356155552 1
0.6106109336378411 1
0.6112418289735086 1
0.6118258651448505 1
0.613207160115546 1
0.6136715865721182 1
0.616411537122746 1
0.6194372754024761 1
0.6199798476416387 1
0.6205419492710714 1
0.6206034040743331 1
0.6208068752636785 1
0.6218269060414836 1
0.6240386698420971 1
0.6246731318168505 1
0.6247124833373229 1
0.6259975466778553 1
0.6263601136970738 1
0.6275494372579413 1
0.6278996683043963 1
0.6283497904560308 1
0.6299991647692409 1
0.6323425992856463 1
0.6328212496533941 1
0.6329999015421981 1
0.6354888606168344 1
0.6371636099591481 1
0.6371882675368359 1
0.6376224082409673 1
0.6377907401173333 1
0.6401714966677785 1
0.6403079050197429 1
0.6407606413399046 1
0.6414927237696293 1
0.6429393378356344 1
0.6434229776728472 1
0.643470896642142 1
0.6457090958070963 1
0.646853846835209 1
0.6475286685948801 1
0.6489836289823782 1
0.6494564203006497 1
0.6507615302923209 1
0.6517069474300152 1
0.6525503110848747 1
0.6539626484061608 1
0.6556984207894458 1
0.6563214624130048 1
0.6575151924922685 1
0.658608076409518 1
0.6596732265817925 1
0.6597644705088335 1
0.6598676327209837 1
0.6606518153728012 1
0.6609137786764167 1
0.6611959784316769 1
0.6619513864547857 1
0.6631934877094223 1
0.6633299033497855 1
0.6637965157047818 1
0.6677481241896511 1
0.6679085479669641 1
0.6688850614217325 1
0.6702117407882012 1
0.6715510673959061 1
0.671676355489571 1
0.6727750168331563 1
0.6753229966593487 1
0.6755137763319546 1
0.6767908086100304 1
0.6775037774815342 1
0.6788248218611422 1
0.6789580594698296 1
0.6825383577930699 1
0.6839545030834638 1
0.6841990537720447 1
0.686564649915381 1
0.6875271300337292 1
0.6888270079159995 1
0.6889385540440705 1
0.6892845628370017 1
0.692272674128129 1
0.6928846412532014 1
0.6938605424555897 1
0.6944407730741363 1
0.6949083515797243 1
0.6952036277069934 1
0.6955847946368232 1
0.6968453955014047 1
0.6968725282330513 1
0.6977067684295934 1
0.6978373269008592 1
0.6982332850081922 1
0.6983173063169434 1
0.6983483181907778 1
0.6984838418330168 1
0.6986805939112132 1
0.6998273517529054 1
0.700975508007355 1
0.7022953361889932 1
0.702346265080526 1
0.7025118809057306 1
0.7025497601821462 1
0.7042233041078478 1
0.7051084128389673 1
0.7051742010052249 1
0.7054149868661731 1
0.706582734889475 1
0.7070387512221794 1
0.7073015382036968 1
0.7078002517712275 1
0.7090675555042377 1
0.7101527230243593 1
0.712059338630294 1
0.7124933286899762 1
0.7126838967027979 1
0.7137056153398396 1
0.7138347107065967 1
0.7156645327078736 1
0.7158452892566628 1
0.7162688484445958 1
0.7169180432312706 1
0.7173265004731698 1
0.7173537847967454 1
0.7177339299390393 1
0.7180348182703186 1
0.7183271103222743 1
0.7184158305911115 1
0.7186489831796236 1
0.7186587948581488 1
0.7188253650010824 1
0.7200586297675519 1
0.7201764710383329 1
0.7203013837407659 1
0.7207075043754734 1
0.7207221774657296 1
0.7223324982282453 1
0.7223365082134042 1
0.722566490013279 1
0.7225685522764966 1
0.7227539379728806 1
0.7233706604355495 1
0.7235512182802679 1
0.723694520887128 1
0.724046334870763 1
0.7241135177119385 1
0.7245015157132811 1
0.7246019599166742 1
0.7250126252701184 1
0.7251239586140532 1
0.7253098720811375 1
0.7254379194165114 1
0.7255877695881925 1
0.7265040460643308 1
0.7267426285444448 1
0.7275793141546137 1
0.7282977670307152 1
0.7289336467501919 1
0.7290341067541701 1
0.7297367138959856 1
0.7308633413157999 1
0.7309032688692487 1
0.7310264148282811 1
0.7321481429148701 1
0.7322812502167013 1
0.7326615275325697 1
0.7329434487005628 1
0.733062629733617 1
0.7353990500072151 1
0.7354797467526117 1
0.7355297061846248 1
0.7357959325141933 1
0.736089278597093 1
0.7363756322125617 1
0.7368951862590483 1
0.7370648259517207 1
0.7372364931729408 1
0.7404599781501459 1
0.7404615906983569 1
0.7412844537426633 1
0.7420632103406316 1
0.7436006303764898 1
0.7437887867095189 1
0.7444570015403084 1
0.7447701912913256 1
0.7472071155308094 1
0.7475003334967176 1
0.7483477232753543 1
0.7483681962454051 1
0.7485914627091942 1
0.7486082436649998 1
0.7494926055480873 1
0.7510607816487008 1
