
 0.00000 1.00000 2.00000 3.00000 4.00000 5.00000 6.00000 7.00000 8.00000 9.00000
 -0.02260 0.03400 -0.01820 0.03920 0.03760 -0.02140 -0.02140 0.03800 -0.02080 -0.02120
 0.01396 0.05936 0.01068 0.07080 0.06336 0.01468 0.01644 0.06232 0.01736 0.01192
 -0.00589 0.08283 -0.00457 0.05735 0.05341 -0.00154 -0.00363 0.05203 0.00012 -0.00402
 -0.02255 0.10488 -0.01766 0.04002 0.03951 -0.01605 -0.02268 0.03887 -0.01791 -0.01949
 -0.03633 0.13053 -0.02809 0.08255 0.07003 -0.02828 0.01432 0.06983 -0.03215 -0.03222
 -0.04711 0.11942 -0.03503 0.06487 0.05555 -0.04146 -0.00294 0.05755 -0.04796 -0.04255
 -0.05486 0.14597 -0.04173 0.10294 0.09158 -0.05232 0.03625 0.08617 -0.05815 -0.05191
 -0.06328 0.17141 -0.05061 0.08691 0.07436 -0.05990 0.02112 0.07432 -0.06813 -0.05936
 -0.04690 0.19619 -0.05600 0.12253 0.10738 -0.04443 0.05137 0.10375 -0.04307 -0.06540
 -0.05399 0.21565 -0.06141 0.14982 0.13905 -0.05388 0.03782 0.12694 -0.05755 -0.07127
 -0.05992 0.23501 -0.06675 0.13683 0.12688 -0.06301 0.02137 0.11788 -0.06779 -0.07701
 -0.06754 0.25196 -0.07173 0.16580 0.15343 -0.06898 0.00561 0.10591 -0.07769 -0.08208
 -0.05015 0.26665 -0.07675 0.19043 0.17255 -0.05661 0.03705 0.13369 -0.06134 -0.08580
 -0.05605 0.28305 -0.08046 0.21194 0.19092 -0.06367 0.02223 0.12461 -0.07031 -0.09213
 -0.04185 0.29525 -0.08472 0.22747 0.20717 -0.04982 0.05515 0.14822 -0.05479 -0.09577
 -0.03074 0.30471 -0.08996 0.24333 0.22093 -0.03743 0.08192 0.16642 -0.03612 -0.08173
 -0.03825 0.29950 -0.09366 0.23673 0.21472 -0.04539 0.07110 0.16064 -0.04703 -0.08543
 -0.04617 0.30812 -0.09736 0.25169 0.22979 -0.05270 0.09249 0.17431 -0.05579 -0.08929
 -0.05190 0.30136 -0.10263 0.24443 0.22379 -0.06086 0.08328 0.16842 -0.06433 -0.09365
 -0.03802 0.31331 -0.10707 0.25502 0.23484 -0.06863 0.10521 0.17989 -0.05033 -0.09860
 -0.04631 0.32471 -0.11052 0.24967 0.22922 -0.07489 0.09713 0.17439 -0.06006 -0.10599
 -0.03497 0.33496 -0.11426 0.26077 0.24108 -0.06354 0.11838 0.18924 -0.04109 -0.11020
 -0.04174 0.34331 -0.11863 0.27145 0.25131 -0.07036 0.13604 0.20131 -0.04866 -0.11554
 -0.02988 0.35357 -0.12275 0.28080 0.26139 -0.05956 0.14984 0.21231 -0.03046 -0.10556
 -0.03559 0.36250 -0.12807 0.29309 0.27279 -0.06403 0.16507 0.22691 -0.03959 -0.11137
 -0.04124 0.35813 -0.13449 0.28871 0.26801 -0.06951 0.15881 0.22246 -0.04821 -0.11448
 -0.02930 0.36400 -0.13981 0.29815 0.27509 -0.05726 0.17063 0.22847 -0.03318 -0.12007
 -0.03346 0.36084 -0.14433 0.29357 0.26993 -0.06326 0.16445 0.22465 -0.04184 -0.12517
 -0.02281 0.37038 -0.14898 0.29880 0.27917 -0.05137 0.17492 0.23303 -0.02157 -0.12977
 -0.02916 0.37707 -0.15269 0.29573 0.27548 -0.05833 0.16928 0.22902 -0.03016 -0.13427
 -0.03407 0.38723 -0.15702 0.29180 0.27198 -0.06284 0.16344 0.22531 -0.03739 -0.14018
 -0.03891 0.39134 -0.16191 0.30031 0.28004 -0.06856 0.15776 0.22009 -0.04485 -0.14597
 -0.04467 0.39858 -0.16746 0.31059 0.28895 -0.07457 0.15155 0.22886 -0.05178 -0.15178
 -0.05143 0.40340 -0.17194 0.30830 0.28480 -0.08049 0.14645 0.22400 -0.05799 -0.15600
 -0.05511 0.41246 -0.17651 0.30485 0.28048 -0.08395 0.13944 0.22024 -0.06468 -0.16039
 -0.05854 0.40968 -0.18191 0.30240 0.27639 -0.08828 0.13228 0.21278 -0.07157 -0.16416
 -0.04799 0.41945 -0.18580 0.30969 0.28551 -0.07501 0.14609 0.22184 -0.05872 -0.16756
 -0.05261 0.41588 -0.18971 0.30456 0.28193 -0.07975 0.13991 0.21810 -0.06518 -0.17136
 -0.05865 0.41254 -0.19430 0.30128 0.27736 -0.08398 0.13307 0.21370 -0.07127 -0.17456
 -0.04938 0.42197 -0.19923 0.30939 0.28581 -0.07455 0.14859 0.22320 -0.06133 -0.17753
 -0.03973 0.42965 -0.20279 0.31970 0.29293 -0.06685 0.15879 0.23070 -0.04776 -0.18162
 -0.04614 0.43493 -0.20663 0.31502 0.28756 -0.07170 0.15340 0.22693 -0.05355 -0.18508
 -0.05084 0.44354 -0.21028 0.32405 0.29579 -0.07659 0.14929 0.23557 -0.05796 -0.18955
 -0.04037 0.44971 -0.21449 0.33050 0.30921 -0.06932 0.16108 0.24326 -0.04811 -0.19428
 -0.04523 0.45801 -0.21837 0.33773 0.31701 -0.07537 0.15562 0.23819 -0.05462 -0.19703
 -0.04962 0.46699 -0.22165 0.33345 0.31228 -0.08011 0.15027 0.23395 -0.06036 -0.20122
 -0.03900 0.47398 -0.22693 0.34147 0.32053 -0.07089 0.16176 0.24138 -0.05029 -0.19477
 -0.02942 0.47925 -0.23028 0.34985 0.32799 -0.06546 0.16981 0.25080 -0.03955 -0.18635
 -0.03469 0.48335 -0.23448 0.35737 0.33628 -0.06985 0.16500 0.24776 -0.04440 -0.18948
 -0.04009 0.49022 -0.23873 0.36688 0.34375 -0.07440 0.17653 0.25622 -0.04843 -0.19413
 -0.04589 0.48616 -0.24324 0.37504 0.35057 -0.07745 0.18392 0.26455 -0.04027 -0.19807
 -0.03506 0.48308 -0.24626 0.37999 0.35847 -0.07065 0.19180 0.27249 -0.03074 -0.20286
 -0.04119 0.47934 -0.24971 0.37635 0.35541 -0.07512 0.18651 0.26904 -0.03514 -0.20624
 -0.03368 0.47594 -0.25490 0.38452 0.36227 -0.06746 0.19502 0.27791 -0.02445 -0.19995
 -0.03915 0.47358 -0.25915 0.38168 0.35933 -0.07313 0.19184 0.27320 -0.02908 -0.20374
 -0.04445 0.47019 -0.26359 0.38904 0.36737 -0.07625 0.18818 0.26686 -0.03376 -0.20769
 -0.04896 0.46636 -0.26623 0.38507 0.36447 -0.08022 0.18446 0.26086 -0.03888 -0.21206
 -0.05353 0.46409 -0.26976 0.38014 0.35992 -0.08455 0.18183 0.25737 -0.04473 -0.21670
 -0.05738 0.46092 -0.27414 0.37578 0.35618 -0.08962 0.17685 0.25342 -0.04912 -0.21990
 -0.06297 0.45777 -0.27877 0.37168 0.35158 -0.09395 0.17348 0.24890 -0.05446 -0.22330
 -0.06604 0.45569 -0.28346 0.36665 0.34699 -0.09819 0.16866 0.24495 -0.05906 -0.22787
 -0.06932 0.45166 -0.28773 0.36265 0.34375 -0.10302 0.16332 0.24135 -0.06421 -0.23109
 -0.07366 0.44827 -0.29161 0.36024 0.33824 -0.10788 0.15771 0.23740 -0.06979 -0.23625
 -0.07800 0.44424 -0.29514 0.35691 0.34722 -0.11240 0.15365 0.23329 -0.07484 -0.24034
 -0.08070 0.44084 -0.29929 0.36363 0.35508 -0.11683 0.16267 0.23964 -0.06476 -0.24453
 -0.08565 0.44470 -0.30319 0.35945 0.35182 -0.12141 0.15734 0.23480 -0.06883 -0.24874
 -0.07947 0.45040 -0.30790 0.36669 0.35770 -0.10970 0.16737 0.24235 -0.05961 -0.25295
 -0.08399 0.45711 -0.31198 0.36178 0.35489 -0.11423 0.16417 0.23828 -0.06374 -0.25649
 -0.08737 0.46382 -0.31726 0.36758 0.36163 -0.11683 0.17481 0.24784 -0.06825 -0.25938
 -0.09017 0.46018 -0.32053 0.36449 0.35681 -0.12069 0.16975 0.24337 -0.07305 -0.26335
 -0.09396 0.46568 -0.32317 0.36012 0.35348 -0.12448 0.16579 0.23859 -0.07777 -0.26654
 -0.08497 0.47097 -0.32679 0.36830 0.36057 -0.11760 0.17714 0.24523 -0.06607 -0.26170
 -0.08946 0.47583 -0.33170 0.36550 0.35715 -0.12204 0.17160 0.24051 -0.07089 -0.26557
 -0.08178 0.48403 -0.33641 0.37167 0.36414 -0.11126 0.17867 0.24941 -0.05978 -0.25800
 -0.07135 0.49140 -0.33965 0.37922 0.37194 -0.10305 0.18672 0.25897 -0.05042 -0.26039
 -0.06461 0.49689 -0.34283 0.38526 0.37855 -0.09370 0.19495 0.26609 -0.04176 -0.25548
 -0.06832 0.50466 -0.34741 0.38183 0.37605 -0.09756 0.19178 0.26178 -0.04618 -0.25934
 -0.07180 0.51007 -0.35000 0.38043 0.37273 -0.10154 0.18720 0.25683 -0.05129 -0.26364
 -0.07574 0.51429 -0.35398 0.38605 0.38027 -0.10476 0.19551 0.26566 -0.05486 -0.26631
 -0.07968 0.51970 -0.35766 0.39076 0.38732 -0.10892 0.19230 0.26226 -0.05910 -0.27058
 -0.07268 0.52639 -0.36233 0.39632 0.39302 -0.09998 0.20014 0.26977 -0.05149 -0.26201
 -0.07724 0.53092 -0.36633 0.39299 0.38985 -0.10352 0.19573 0.26683 -0.05706 -0.26512
 -0.08079 0.53614 -0.37014 0.39056 0.38690 -0.10701 0.19150 0.26304 -0.06155 -0.26929
 -0.08498 0.54291 -0.37423 0.39614 0.39349 -0.11087 0.18775 0.27152 -0.06458 -0.27351
 -0.08980 0.54810 -0.37751 0.39391 0.40084 -0.11460 0.18364 0.26835 -0.06839 -0.27786
 -0.09365 0.55343 -0.37994 0.39150 0.39838 -0.11775 0.17944 0.26458 -0.07219 -0.28109
 -0.09748 0.55123 -0.38312 0.38762 0.39530 -0.12141 0.17554 0.26130 -0.07669 -0.28516
 -0.10081 0.55763 -0.38616 0.38517 0.39950 -0.12795 0.17209 0.25792 -0.08048 -0.28979
 -0.10565 0.56183 -0.38947 0.38150 0.39717 -0.13103 0.16764 0.25352 -0.08413 -0.29323
 -0.09685 0.56672 -0.39242 0.38870 0.40197 -0.12371 0.17617 0.26316 -0.07484 -0.29748
 -0.10212 0.57183 -0.39642 0.38647 0.39923 -0.12702 0.17315 0.25958 -0.07863 -0.30128
 -0.10507 0.57575 -0.40072 0.39225 0.40554 -0.13085 0.16983 0.25532 -0.08265 -0.30494
 -0.10845 0.58177 -0.40387 0.39636 0.41396 -0.13614 0.16629 0.25176 -0.08735 -0.30819
 -0.11230 0.57862 -0.40667 0.39306 0.41224 -0.13923 0.16153 0.24878 -0.09236 -0.31114
 -0.11595 0.58396 -0.41096 0.39025 0.40958 -0.14290 0.15681 0.24599 -0.09623 -0.31480
 -0.10766 0.58952 -0.41417 0.39645 0.41411 -0.13354 0.16368 0.25048 -0.08702 -0.30859
 -0.11241 0.59205 -0.41819 0.39368 0.41132 -0.13528 0.16016 0.24654 -0.09012 -0.31367
 -0.10371 0.59680 -0.42150 0.40101 0.41747 -0.12881 0.16810 0.25347 -0.08007 -0.31719
 -0.10741 0.60238 -0.42560 0.40682 0.42512 -0.13200 0.16370 0.24958 -0.08450 -0.32006
 -0.11080 0.60785 -0.42911 0.41278 0.43241 -0.13550 0.17048 0.25751 -0.08847 -0.32426
 -0.11428 0.61296 -0.43220 0.41032 0.42990 -0.13873 0.16654 0.25421 -0.09309 -0.32766
 -0.10915 0.61767 -0.43479 0.41586 0.43570 -0.14297 0.17540 0.26205 -0.08449 -0.33153
 -0.11325 0.62220 -0.43816 0.42047 0.44294 -0.14664 0.17245 0.26720 -0.08743 -0.33500
 -0.11784 0.62705 -0.44068 0.42530 0.44795 -0.14941 0.16943 0.27219 -0.09139 -0.33924
 -0.11090 0.63147 -0.44424 0.43117 0.45521 -0.14245 0.17604 0.27902 -0.08297 -0.34225
 -0.10129 0.63530 -0.44736 0.43784 0.46076 -0.13309 0.18112 0.28672 -0.07544 -0.34606
 -0.10474 0.63899 -0.44986 0.43544 0.45803 -0.13608 0.17797 0.28193 -0.07919 -0.35059
 -0.09880 0.64420 -0.45264 0.43918 0.46472 -0.12885 0.18231 0.28862 -0.06886 -0.34235
 -0.10308 0.65073 -0.45562 0.43659 0.46201 -0.13261 0.17942 0.28544 -0.07303 -0.34493
 -0.09463 0.65532 -0.45925 0.44332 0.46585 -0.12650 0.18511 0.29258 -0.06512 -0.33950
 -0.09906 0.65953 -0.46132 0.44011 0.46384 -0.13018 0.18085 0.28939 -0.06747 -0.34239
 -0.10290 0.66308 -0.46386 0.43782 0.46144 -0.13342 0.17756 0.28624 -0.07128 -0.34571
 -0.10536 0.66795 -0.46579 0.43507 0.45812 -0.13623 0.17405 0.28212 -0.07596 -0.34822
 -0.10852 0.67109 -0.46858 0.43245 0.45551 -0.13920 0.17048 0.28030 -0.07976 -0.35102
 -0.10012 0.67447 -0.47243 0.43650 0.45894 -0.13408 0.17689 0.28621 -0.07088 -0.35439
 -0.10360 0.67706 -0.47572 0.43380 0.46437 -0.13753 0.17406 0.28340 -0.07454 -0.35774
 -0.10759 0.68087 -0.47796 0.43986 0.46902 -0.14044 0.18031 0.28752 -0.07864 -0.36117
 -0.11157 0.68514 -0.48164 0.44663 0.47396 -0.14299 0.17801 0.28405 -0.08183 -0.36449
 -0.11497 0.68985 -0.48472 0.45245 0.47772 -0.14701 0.18683 0.28975 -0.08560 -0.36711
 -0.10835 0.69385 -0.48693 0.45754 0.48327 -0.14186 0.19462 0.29456 -0.07894 -0.37004
 -0.10149 0.69642 -0.48924 0.46116 0.48598 -0.13335 0.20133 0.30263 -0.07402 -0.36145
 -0.10630 0.69898 -0.49328 0.46730 0.49163 -0.13674 0.20805 0.30740 -0.07768 -0.36587
 -0.10962 0.70383 -0.49577 0.47293 0.49630 -0.14048 0.21338 0.31263 -0.08148 -0.36946
 -0.11264 0.70774 -0.49844 0.47059 0.49405 -0.14383 0.20967 0.30947 -0.08533 -0.37208
 -0.10598 0.71163 -0.50160 0.47656 0.49909 -0.13574 0.21656 0.31452 -0.07682 -0.36417
 -0.11013 0.71352 -0.50432 0.48203 0.50510 -0.13884 0.21271 0.31064 -0.08081 -0.36696
 -0.11373 0.71694 -0.50645 0.47997 0.50251 -0.14231 0.20874 0.30704 -0.08522 -0.37089
 -0.11802 0.71573 -0.50863 0.47685 0.49978 -0.14678 0.20551 0.30384 -0.08836 -0.37394
 -0.12251 0.71954 -0.51151 0.47973 0.50538 -0.14992 0.21116 0.30708 -0.09143 -0.37709
 -0.11028 0.72335 -0.51517 0.48415 0.51193 -0.14548 0.21593 0.31429 -0.08394 -0.37956
 -0.10453 0.72585 -0.51822 0.49054 0.51618 -0.13731 0.22245 0.32098 -0.07673 -0.37282
 -0.09754 0.73015 -0.52061 0.49497 0.52063 -0.13092 0.22807 0.32651 -0.07266 -0.37524
 -0.10204 0.73248 -0.52276 0.49303 0.51762 -0.13403 0.22559 0.32338 -0.07636 -0.37853
 -0.09355 0.73734 -0.52645 0.49763 0.52137 -0.12686 0.23269 0.33010 -0.06977 -0.37220
 -0.09746 0.74081 -0.52902 0.50300 0.52651 -0.13121 0.24016 0.33619 -0.07228 -0.37478
 -0.10042 0.74364 -0.53198 0.50689 0.53060 -0.13392 0.24543 0.34186 -0.07698 -0.37803
 -0.10390 0.74619 -0.53385 0.51160 0.53491 -0.13781 0.25166 0.34651 -0.07998 -0.38057
 -0.10716 0.74926 -0.53575 0.51563 0.54046 -0.14250 0.25817 0.35280 -0.08331 -0.38414
 -0.10022 0.75148 -0.53844 0.52130 0.54513 -0.13607 0.26410 0.35971 -0.07777 -0.37641
 -0.10404 0.75310 -0.54112 0.51827 0.54261 -0.13855 0.26064 0.35647 -0.08116 -0.37963
 -0.10704 0.75522 -0.54344 0.51559 0.54111 -0.14147 0.25815 0.35331 -0.08610 -0.38264
 -0.11114 0.75759 -0.54598 0.52164 0.54480 -0.14371 0.25473 0.36008 -0.08984 -0.38530
 -0.11442 0.76126 -0.54806 0.52578 0.54842 -0.14724 0.25087 0.35855 -0.09362 -0.38915
 -0.11777 0.76313 -0.55095 0.52405 0.54644 -0.15016 0.24788 0.35561 -0.09681 -0.39294
 -0.12128 0.76530 -0.55364 0.52887 0.55169 -0.15410 0.24504 0.35328 -0.10093 -0.39540
 -0.12397 0.76836 -0.55592 0.52669 0.54971 -0.15704 0.24104 0.35050 -0.10388 -0.39886
 -0.11550 0.76998 -0.55821 0.53149 0.55505 -0.15203 0.24635 0.35570 -0.09827 -0.39204
 -0.11825 0.77332 -0.56062 0.52976 0.56266 -0.15638 0.24300 0.35290 -0.10235 -0.39546
 -0.12135 0.77665 -0.56354 0.52799 0.56062 -0.15986 0.24116 0.34957 -0.10592 -0.39986
 -0.11196 0.77912 -0.56585 0.53207 0.56563 -0.15497 0.24786 0.35484 -0.10031 -0.40249
 -0.11549 0.78205 -0.56879 0.53695 0.57093 -0.15759 0.25333 0.36178 -0.10344 -0.40543
 -0.11859 0.78495 -0.57111 0.53949 0.57397 -0.16073 0.25061 0.36870 -0.10636 -0.40886
 -0.12103 0.78747 -0.57325 0.53729 0.57203 -0.16488 0.24768 0.36664 -0.10920 -0.41236
 -0.12426 0.78933 -0.57511 0.53572 0.57011 -0.16880 0.24460 0.36378 -0.11356 -0.41572
 -0.12805 0.79221 -0.57798 0.53365 0.57515 -0.17176 0.24185 0.36160 -0.11761 -0.41872
 -0.13100 0.79425 -0.58002 0.53097 0.57317 -0.17536 0.23985 0.35883 -0.12085 -0.42186
 -0.13502 0.79621 -0.58204 0.52969 0.57144 -0.17863 0.23724 0.35615 -0.12377 -0.42563
 -0.13896 0.79736 -0.58370 0.53384 0.57552 -0.18184 0.24308 0.36072 -0.12740 -0.42845
 -0.14231 0.79904 -0.58537 0.54028 0.57943 -0.18507 0.24793 0.36589 -0.13040 -0.43229
 -0.14533 0.80103 -0.58866 0.53902 0.58492 -0.18788 0.24641 0.36416 -0.13338 -0.43439
 -0.13851 0.80298 -0.59103 0.54189 0.58835 -0.17884 0.25240 0.36899 -0.12770 -0.43709
 -0.14049 0.80143 -0.59331 0.54026 0.58639 -0.18196 0.24866 0.36600 -0.13051 -0.43963
 -0.14360 0.80388 -0.59571 0.54439 0.59097 -0.18447 0.24524 0.36224 -0.13356 -0.44202
 -0.14597 0.80226 -0.59768 0.54232 0.58967 -0.18791 0.24299 0.35889 -0.13692 -0.44546
 -0.14020 0.80477 -0.60003 0.54901 0.59505 -0.18194 0.24905 0.36401 -0.13293 -0.43859
 -0.13040 0.80818 -0.60126 0.55307 0.59857 -0.17541 0.25521 0.36882 -0.12544 -0.43284
 -0.13430 0.81061 -0.60389 0.55759 0.60159 -0.17835 0.25238 0.36757 -0.12922 -0.43540
 -0.12634 0.81320 -0.60558 0.56215 0.60620 -0.17064 0.25878 0.36916 -0.12096 -0.42949
 -0.11942 0.81530 -0.60807 0.56578 0.61017 -0.16715 0.26460 0.37433 -0.11448 -0.43271
 -0.12293 0.81710 -0.61049 0.56890 0.61385 -0.17121 0.26145 0.37883 -0.11771 -0.43512
 -0.12632 0.81957 -0.61243 0.56693 0.61232 -0.17471 0.25908 0.37604 -0.12117 -0.43660
 -0.12923 0.82259 -0.61460 0.56924 0.61640 -0.17680 0.25610 0.37393 -0.12476 -0.44038
 -0.13289 0.82503 -0.61704 0.57375 0.61886 -0.18034 0.25203 0.37089 -0.12709 -0.44431
 -0.13525 0.82384 -0.61881 0.57171 0.61724 -0.18330 0.24872 0.36852 -0.13030 -0.44721
 -0.13876 0.82670 -0.62025 0.57475 0.62308 -0.18579 0.25371 0.37397 -0.13459 -0.44903
 -0.13204 0.82823 -0.62258 0.57733 0.62736 -0.17861 0.25983 0.37934 -0.12723 -0.44294
 -0.13427 0.83240 -0.62433 0.57574 0.62455 -0.18098 0.25727 0.37718 -0.13086 -0.44646
 -0.13699 0.83461 -0.62627 0.57750 0.62811 -0.18476 0.25448 0.37464 -0.13479 -0.44934
 -0.13140 0.83657 -0.62759 0.58273 0.63280 -0.18789 0.25999 0.37908 -0.12908 -0.45198
 -0.13520 0.83841 -0.62965 0.58718 0.63643 -0.19102 0.26625 0.38218 -0.13198 -0.45546
 -0.13846 0.84171 -0.63086 0.59006 0.64016 -0.19410 0.26948 0.38649 -0.13600 -0.45845
 -0.14197 0.84441 -0.63321 0.58873 0.63889 -0.19779 0.26694 0.38373 -0.13873 -0.46097
 -0.14402 0.84670 -0.63554 0.59262 0.64413 -0.20100 0.27286 0.38872 -0.13180 -0.46381
 -0.14803 0.84829 -0.63803 0.59621 0.64680 -0.20398 0.27134 0.39241 -0.13540 -0.46641
 -0.15007 0.84721 -0.64002 0.59396 0.64546 -0.20614 0.26888 0.38954 -0.13902 -0.46802
 -0.15329 0.84943 -0.64174 0.59200 0.64323 -0.20924 0.26686 0.38788 -0.14226 -0.47030
 -0.14729 0.85309 -0.64360 0.59699 0.64739 -0.20474 0.27053 0.39273 -0.13578 -0.47380
 -0.14992 0.85564 -0.64579 0.59565 0.64524 -0.20716 0.26895 0.39117 -0.13830 -0.47682
 -0.14434 0.85828 -0.64733 0.59968 0.64970 -0.20073 0.27727 0.39602 -0.13250 -0.47904
 -0.14725 0.85974 -0.64939 0.59748 0.65273 -0.20339 0.27479 0.39417 -0.13658 -0.48184
 -0.15126 0.86293 -0.65108 0.59642 0.65162 -0.20723 0.27300 0.39200 -0.14052 -0.48353
 -0.15343 0.86226 -0.65233 0.59448 0.65016 -0.21067 0.26994 0.38963 -0.14406 -0.48645
 -0.15630 0.86364 -0.65426 0.59857 0.65491 -0.21416 0.26693 0.38716 -0.14687 -0.48821
 -0.15920 0.86489 -0.65624 0.60323 0.65673 -0.21785 0.27151 0.39140 -0.15026 -0.49038
 -0.16175 0.86726 -0.65786 0.60771 0.66149 -0.22039 0.26793 0.38827 -0.15277 -0.49254
 -0.16519 0.86889 -0.65961 0.60572 0.65995 -0.22331 0.26449 0.38576 -0.15635 -0.49466
 -0.16878 0.87030 -0.66209 0.60405 0.65858 -0.22670 0.26105 0.38295 -0.16012 -0.49682
 -0.17150 0.87327 -0.66408 0.60678 0.66197 -0.22999 0.26600 0.38947 -0.16323 -0.49951
 -0.17445 0.87503 -0.66596 0.60569 0.66066 -0.23490 0.26226 0.38658 -0.16683 -0.50138
 -0.17774 0.87381 -0.66789 0.60386 0.65931 -0.23742 0.25874 0.38453 -0.17083 -0.50460
 -0.18068 0.87525 -0.67028 0.60127 0.65742 -0.23968 0.25463 0.38260 -0.17404 -0.50652
 -0.18401 0.87664 -0.67211 0.60569 0.66204 -0.24206 0.26060 0.38770 -0.17765 -0.50873
 -0.18756 0.87562 -0.67370 0.60455 0.66067 -0.24540 0.25898 0.38554 -0.18115 -0.51138
 -0.18216 0.87798 -0.67505 0.60764 0.66407 -0.23875 0.26321 0.39211 -0.17530 -0.51343
 -0.17439 0.88005 -0.67673 0.61183 0.66706 -0.23291 0.26982 0.39749 -0.17057 -0.50731
 -0.17695 0.87886 -0.67813 0.61054 0.66470 -0.23578 0.26651 0.39475 -0.17374 -0.51067
 -0.18031 0.88093 -0.68032 0.60799 0.66363 -0.23863 0.26399 0.39184 -0.17687 -0.51318
 -0.17403 0.88285 -0.68226 0.61096 0.66756 -0.23259 0.26842 0.39693 -0.16921 -0.50894
 -0.16698 0.88461 -0.68460 0.61434 0.67048 -0.22458 0.27272 0.40137 -0.16446 -0.51126
 -0.17042 0.88683 -0.68649 0.61745 0.67284 -0.22783 0.27048 0.39875 -0.16741 -0.51333
 -0.17261 0.88859 -0.68881 0.61516 0.67111 -0.23032 0.26699 0.39603 -0.16953 -0.51570
 -0.16882 0.88988 -0.69031 0.61823 0.67461 -0.22693 0.27213 0.40090 -0.16409 -0.51821
 -0.17202 0.89161 -0.69169 0.61704 0.67308 -0.22997 0.27080 0.39797 -0.16724 -0.52156
 -0.17556 0.89437 -0.69356 0.62090 0.67595 -0.23254 0.27610 0.40270 -0.17042 -0.52352
 -0.17801 0.89673 -0.69547 0.62547 0.67946 -0.23574 0.27986 0.41015 -0.17259 -0.52599
 -0.18011 0.89923 -0.69712 0.62930 0.68193 -0.23897 0.28597 0.41508 -0.17522 -0.52913
 -0.18314 0.90036 -0.69879 0.62727 0.68044 -0.24118 0.28423 0.41274 -0.17890 -0.53205
 -0.18634 0.90221 -0.70036 0.62607 0.67902 -0.24320 0.28215 0.41038 -0.18124 -0.53464
 -0.17997 0.90422 -0.70258 0.62953 0.68193 -0.23644 0.28679 0.41457 -0.17718 -0.53651
 -0.18293 0.90531 -0.70445 0.63404 0.68463 -0.23914 0.29341 0.41934 -0.17148 -0.53889
 -0.17763 0.90697 -0.70571 0.63680 0.68676 -0.23488 0.29727 0.42619 -0.16747 -0.54167
 -0.17057 0.90816 -0.70753 0.63983 0.68946 -0.22950 0.30076 0.43228 -0.16161 -0.54351
 -0.17328 0.90976 -0.70909 0.63839 0.68772 -0.23274 0.29820 0.43115 -0.16475 -0.54666
 -0.16850 0.91094 -0.71094 0.64268 0.68996 -0.22638 0.30386 0.43586 -0.15823 -0.54906
 -0.17200 0.91203 -0.71218 0.64596 0.69229 -0.22902 0.30608 0.44088 -0.16030 -0.55080
 -0.17539 0.91292 -0.71347 0.64439 0.69561 -0.23118 0.30354 0.43885 -0.16396 -0.55374
 -0.17877 0.91266 -0.71484 0.64328 0.69417 -0.23346 0.30136 0.43655 -0.16722 -0.55581
 -0.17169 0.91367 -0.71638 0.64662 0.69722 -0.22655 0.30579 0.44179 -0.16123 -0.55780
 -0.17529 0.91528 -0.71838 0.64494 0.69550 -0.22917 0.30353 0.43879 -0.16293 -0.56037
 -0.17773 0.91613 -0.71985 0.64309 0.69400 -0.23276 0.30014 0.43669 -0.16653 -0.56247
 -0.17279 0.91725 -0.72158 0.64625 0.69709 -0.22737 0.30633 0.44187 -0.16322 -0.56550
 -0.17449 0.91897 -0.72316 0.64496 0.69525 -0.23006 0.30395 0.43972 -0.16631 -0.56778
 -0.16743 0.92084 -0.72413 0.64883 0.69917 -0.22383 0.30889 0.44531 -0.15941 -0.57020
 -0.17050 0.92157 -0.72584 0.65209 0.70294 -0.22652 0.30606 0.44304 -0.16252 -0.57378
 -0.16479 0.92322 -0.72722 0.65509 0.70448 -0.21979 0.31278 0.44687 -0.15592 -0.56879
 -0.15824 0.92473 -0.72863 0.65858 0.70781 -0.21296 0.31921 0.44964 -0.15145 -0.56436
 -0.16085 0.92529 -0.72997 0.66112 0.71009 -0.21595 0.32531 0.45345 -0.15375 -0.56619
 -0.16427 0.92577 -0.73159 0.65975 0.70886 -0.21907 0.32293 0.45109 -0.15576 -0.56738
 -0.16625 0.92745 -0.73309 0.66297 0.71083 -0.22164 0.32734 0.45577 -0.15825 -0.57089
 -0.15867 0.92902 -0.73440 0.66630 0.71394 -0.22389 0.33260 0.46072 -0.15502 -0.57288
 -0.16178 0.92998 -0.73560 0.66492 0.71239 -0.22715 0.33007 0.45889 -0.15786 -0.57521
 -0.15732 0.93081 -0.73703 0.66772 0.71535 -0.22055 0.33481 0.46230 -0.15113 -0.57003
 -0.15152 0.93208 -0.73813 0.67076 0.71903 -0.21573 0.33902 0.46621 -0.14460 -0.56573
 -0.15502 0.93307 -0.73934 0.67242 0.72212 -0.21875 0.34627 0.46966 -0.14789 -0.56770
 -0.15786 0.93439 -0.74095 0.67549 0.72433 -0.22211 0.34400 0.46732 -0.15139 -0.56960
 -0.16174 0.93395 -0.74219 0.67440 0.72319 -0.22529 0.34220 0.46436 -0.15362 -0.57179
 -0.16537 0.93536 -0.74318 0.67307 0.72146 -0.22822 0.33976 0.46186 -0.15658 -0.57299
 -0.16017 0.93588 -0.74456 0.67622 0.72314 -0.22388 0.34451 0.46721 -0.15084 -0.56817
 -0.16334 0.93658 -0.74592 0.67973 0.72557 -0.22636 0.34212 0.47166 -0.15353 -0.57010
 -0.16592 0.93696 -0.74737 0.67739 0.72424 -0.22913 0.34006 0.46968 -0.15715 -0.57207
 -0.16857 0.93818 -0.74886 0.67621 0.72318 -0.23239 0.33768 0.46769 -0.16012 -0.57368
 -0.17164 0.93926 -0.75085 0.67915 0.72565 -0.23524 0.34183 0.47310 -0.16260 -0.57614
 -0.17403 0.94049 -0.75223 0.68187 0.72813 -0.23800 0.33966 0.47107 -0.16546 -0.57827
 -0.16880 0.94115 -0.75422 0.68416 0.73040 -0.23177 0.34533 0.47674 -0.15974 -0.57402
 -0.17148 0.94331 -0.75554 0.68705 0.73321 -0.23432 0.35072 0.48088 -0.15470 -0.57597
 -0.17547 0.94279 -0.75726 0.68597 0.73187 -0.23705 0.34881 0.47909 -0.15759 -0.57897
 -0.17784 0.94226 -0.75875 0.68482 0.73004 -0.24139 0.34649 0.47652 -0.16010 -0.58062
 -0.18131 0.94282 -0.75974 0.68311 0.72869 -0.24417 0.34398 0.47455 -0.16330 -0.58358
 -0.18546 0.94372 -0.76092 0.68771 0.73096 -0.24781 0.34875 0.47920 -0.16615 -0.58565
 -0.18802 0.94471 -0.76250 0.68644 0.73009 -0.25027 0.34668 0.47697 -0.16952 -0.58782
 -0.18230 0.94567 -0.76422 0.68943 0.73221 -0.24540 0.35007 0.48155 -0.16420 -0.59016
 -0.18507 0.94662 -0.76549 0.69256 0.73445 -0.24744 0.35490 0.48559 -0.16814 -0.59258
 -0.18802 0.94716 -0.76724 0.69043 0.73823 -0.24938 0.35269 0.48379 -0.17103 -0.59495
 -0.19078 0.94832 -0.76823 0.69403 0.74020 -0.25267 0.35856 0.48958 -0.17366 -0.59812
 -0.18412 0.94916 -0.76995 0.69635 0.74406 -0.24724 0.36298 0.49395 -0.16998 -0.59997
 -0.18721 0.94969 -0.77108 0.69513 0.74712 -0.25017 0.36017 0.49155 -0.17322 -0.60189
 -0.18041 0.95032 -0.77222 0.69819 0.74814 -0.24409 0.36296 0.49513 -0.16798 -0.60506
 -0.17334 0.95113 -0.77335 0.70071 0.75026 -0.23835 0.36924 0.50005 -0.16168 -0.60692
 -0.16697 0.95257 -0.77451 0.70463 0.75191 -0.23182 0.37423 0.50406 -0.15568 -0.60933
 -0.16937 0.95344 -0.77537 0.70340 0.75073 -0.23378 0.37193 0.50189 -0.15823 -0.61109
 -0.16222 0.95407 -0.77653 0.70675 0.75231 -0.22662 0.37669 0.50601 -0.15105 -0.61306
 -0.16468 0.95518 -0.77767 0.70871 0.75503 -0.22969 0.37367 0.51104 -0.15336 -0.61520
 -0.16638 0.95491 -0.77894 0.70730 0.75320 -0.23246 0.37212 0.50892 -0.15481 -0.61694
 -0.16888 0.95576 -0.78065 0.71038 0.75685 -0.23497 0.36966 0.51230 -0.15751 -0.61890
 -0.17212 0.95701 -0.78213 0.71347 0.75888 -0.23769 0.37531 0.51561 -0.16184 -0.62148
 -0.17486 0.95772 -0.78366 0.71232 0.75735 -0.24200 0.37279 0.51310 -0.16468 -0.62381
 -0.17717 0.95816 -0.78494 0.71552 0.76044 -0.24467 0.37759 0.51690 -0.16720 -0.62588
 -0.17965 0.95863 -0.78623 0.71438 0.75939 -0.24751 0.37592 0.51447 -0.16977 -0.62799
 -0.18279 0.95828 -0.78749 0.71238 0.75828 -0.24995 0.37353 0.51168 -0.17298 -0.62955
 -0.18548 0.95905 -0.78894 0.71183 0.75723 -0.25232 0.37188 0.50921 -0.17675 -0.63092
 -0.18758 0.95951 -0.78997 0.71061 0.75656 -0.25556 0.36940 0.50609 -0.17921 -0.63301
 -0.18139 0.95989 -0.79104 0.71509 0.75852 -0.25087 0.37526 0.50958 -0.17446 -0.63462
 -0.17616 0.96038 -0.79221 0.71734 0.76051 -0.24675 0.37944 0.51232 -0.16837 -0.63096
 -0.17874 0.96079 -0.79348 0.71910 0.76357 -0.24963 0.38406 0.51778 -0.16454 -0.63260
 -0.18178 0.96063 -0.79443 0.71787 0.76259 -0.25246 0.38197 0.51606 -0.16645 -0.63543
 -0.18527 0.96123 -0.79520 0.72060 0.76439 -0.25542 0.38579 0.51950 -0.16151 -0.63753
 -0.18841 0.96213 -0.79672 0.72401 0.76692 -0.25759 0.38427 0.51776 -0.16406 -0.64004
 -0.19087 0.96301 -0.79789 0.72289 0.76564 -0.26042 0.38161 0.51601 -0.16620 -0.64143
 -0.18452 0.96342 -0.79924 0.72509 0.76725 -0.25537 0.38599 0.51910 -0.16055 -0.63723
 -0.18753 0.96315 -0.80064 0.72344 0.76624 -0.25847 0.38357 0.51714 -0.16333 -0.63917
 -0.18996 0.96286 -0.80189 0.72248 0.76565 -0.26103 0.38143 0.51476 -0.16652 -0.64102
 -0.19304 0.96390 -0.80314 0.72522 0.76722 -0.26368 0.38599 0.51776 -0.16899 -0.64333
 -0.18870 0.96493 -0.80467 0.72807 0.76988 -0.25737 0.39093 0.52126 -0.16331 -0.64449
 -0.18072 0.96590 -0.80547 0.73141 0.77219 -0.25126 0.39691 0.52488 -0.15856 -0.64643
 -0.18320 0.96657 -0.80674 0.73016 0.77048 -0.25331 0.39481 0.52234 -0.16144 -0.64797
 -0.17650 0.96705 -0.80812 0.73362 0.77285 -0.24930 0.40074 0.52529 -0.15452 -0.64952
 -0.17074 0.96740 -0.80937 0.73637 0.77520 -0.24332 0.40595 0.52843 -0.14698 -0.64582
 -0.17420 0.96814 -0.81060 0.73789 0.77639 -0.24631 0.40457 0.52715 -0.14927 -0.64806
 -0.16700 0.96850 -0.81196 0.74002 0.77805 -0.24280 0.40999 0.53147 -0.14493 -0.65009
 -0.17031 0.96898 -0.81314 0.73896 0.77699 -0.24627 0.40777 0.52937 -0.14650 -0.65150

