
 0.39966
 0.40709
 0.42274
 0.44918
 0.47257
 0.48609
 0.50037
 0.51037
 0.52292
 0.52787
 0.53911
 0.54676
 0.54615
 0.55824
 0.55146
 0.55156
 0.56577
 0.56004
 0.55905
 0.56092
 0.55859
 0.56724
 0.56629
 0.56940
 0.56005
 0.56929
 0.55970
 0.56508
 0.56566
 0.56501
 0.57168
 0.55966
 0.56555
 0.56455
 0.57791
 0.57231
 0.57509
 0.58183
 0.57716
 0.57937
 0.58365
 0.57735
 0.58957
 0.57912
 0.58061
 0.58886
 0.57969
 0.59041
 0.59254
 0.58890
 0.33363
 0.35010
 0.35885
 0.35678
 0.37298
 0.38018
 0.37835
 0.39227
 0.38288
 0.38145
 0.38334
 0.37179
 0.37075
 0.37535
 0.36935
 0.55672
 0.56390
 0.57327
 0.57352
 0.58299
 0.58372
 0.57606
 0.56613
 0.57056
 0.57627
 0.58571
 0.57405
 0.57908
 0.58069
 0.57345
 0.57933
 0.57522
 0.58186
 0.58582
 0.58152
 0.59986
 0.58701
 0.58158
 0.58636
 0.58529
 0.59048
 0.58440
 0.59353
 0.59999
 0.59584
 0.59641
 0.58889
 0.59209
 0.59134
 0.59428
 0.60388
 0.61061
 0.60366
 0.61183
 0.60838
 0.59874
 0.59917
 0.60881
 0.61047
 0.61124
 0.61998
 0.61641
 0.62600
 0.62404
 0.60400
 0.61367
 0.62755
 0.61944
 0.62467
 0.62835
 0.62471
 0.61321
 0.62790
 0.63000
 0.62081
 0.62054
 0.63234
 0.63282
 0.63719
 0.62183
 0.62060
 0.64685
 0.64031
 0.62636
 0.63300
 0.63762
 0.64347
 0.64342
 0.63779
 0.63716
 0.64571
 0.63549
 0.64149
 0.64294
 0.64946
 0.65076
 0.64898
 0.64017
 0.64076
 0.65255
 0.65171
 0.65632
 0.66195
 0.65396
 0.64753
 0.65976
 0.65861
 0.65987
 0.65967
 0.66120
 0.66091
 0.67021
 0.66333
 0.66319
 0.65570
 0.66775
 0.66791
 0.67278
 0.66889
 0.66065
 0.67155
 0.67168
 0.65752
 0.67532
 0.67551
 0.66380
 0.67882
 0.68420
 0.68928
 0.67896
 0.69288
 0.68395
 0.67750
 0.67679
 0.69771
 0.69227
 0.68883
 0.69868
 0.68894
 0.68656
 0.69983
 0.69823
 0.69386
 0.69784
 0.69491
 0.69685
 0.68753
 0.69520
 0.68254
 0.69687
 0.69832
 0.69444
 0.69835
 0.70422
 0.70255
 0.70251
 0.69848
 0.69558
 0.70235
 0.70230
 0.70658
 0.71833
 0.70511
 0.70907
 0.70517
 0.71268
 0.71733
 0.71206
 0.70541
 0.70098
 0.72501
 0.70780
 0.71692
 0.70704
 0.72450
 0.71249
 0.71627
 0.71371
 0.70730
 0.71015
 0.71842
 0.72233
 0.71735
 0.71803
 0.72275
 0.71866
 0.72460
 0.72071
 0.72072
 0.72531
 0.71883
 0.72257
 0.72544
 0.72257
 0.72018
 0.72559
 0.73103
 0.72674
 0.72893
 0.72006
 0.72369
 0.71566
 0.73228
 0.72355
 0.73294
 0.71865
 0.73086
 0.72405
 0.71585
 0.72903
 0.72974
 0.74046
 0.72234
 0.71773
 0.72650
 0.73266
 0.72337
 0.72830
 0.73306
 0.74835
 0.72411
 0.73690
 0.74837
 0.72758
 0.71383
 0.72030
 0.73706
 0.73540
 0.74750
 0.74949
 0.73553
 0.74721
 0.74360
 0.74128
 0.72512
 0.74379
 0.73215
 0.74859
 0.74046
 0.73090
 0.73580
 0.73609
 0.73548
 0.74446
 0.74861
 0.73638
 0.74206
 0.74477
 0.73724
 0.75106

