
 0.501
 0.505
 0.495
 0.552
 0.505
 0.533
 0.454
 0.517
 0.533
 0.499
 0.518
 0.474
 0.509
 0.496
 0.518
 0.480
 0.519
 0.501
 0.548
 0.494
 0.513
 0.523
 0.504
 0.505
 0.478
 0.507
 0.533
 0.494
 0.491
 0.473
 0.503
 0.466
 0.503
 0.475
 0.513
 0.491
 0.475
 0.494
 0.490
 0.521
 0.534
 0.506
 0.484
 0.527
 0.503
 0.525
 0.480
 0.535
 0.497
 0.516
 0.487
 0.496
 0.507
 0.539
 0.534
 0.537
 0.481
 0.542
 0.522
 0.491
 0.491
 0.470
 0.529
 0.540
 0.493
 0.494
 0.485
 0.505
 0.495
 0.494
 0.521
 0.465
 0.491
 0.495
 0.492
 0.478
 0.476
 0.480
 0.502
 0.494
 0.464
 0.519
 0.480
 0.502
 0.515
 0.512
 0.496
 0.491
 0.468
 0.505
 0.529
 0.494
 0.515
 0.484
 0.515
 0.485
 0.474
 0.515
 0.484
 0.488
 0.543
 0.515
 0.521
 0.548
 0.535
 0.516
 0.491
 0.536
 0.441
 0.504
 0.493
 0.491
 0.516
 0.488
 0.479
 0.487
 0.495
 0.467
 0.502
 0.465
 0.484
 0.511
 0.500
 0.550
 0.533
 0.544
 0.472
 0.501
 0.501
 0.480
 0.459
 0.484
 0.530
 0.470
 0.493
 0.505
 0.522
 0.490
 0.498
 0.544
 0.523
 0.544
 0.486
 0.489
 0.503
 0.528
 0.484
 0.495
 0.486
 0.492
 0.503
 0.513
 0.482
 0.513
 0.484
 0.487
 0.541
 0.495
 0.512
 0.531
 0.511
 0.503
 0.525
 0.527
 0.503
 0.579
 0.495
 0.533
 0.493
 0.485
 0.509
 0.505
 0.492
 0.477
 0.494
 0.467
 0.463
 0.509
 0.481
 0.518
 0.506
 0.520
 0.526
 0.488
 0.475
 0.517
 0.493
 0.508
 0.520
 0.490
 0.526
 0.517
 0.457
 0.507
 0.522
 0.451
 0.480
 0.491
 0.523
 0.530

