
 0.494
 0.593
 0.621
 0.630
 0.630
 0.630
 0.630
 0.630
 0.630
 0.630
 0.630
 0.630
 0.630
 0.630
 0.630
 0.630
 0.630
 0.630
 0.630
 0.630
 0.630
 0.630
 0.630
 0.630
 0.630
 0.630
 0.630
 0.630
 0.630
 0.630
 0.630
 0.630
 0.630
 0.630
 0.630
 0.630
 0.630
 0.630
 0.630
 0.630
 0.630
 0.630
 0.630
 0.630
 0.630
 0.630
 0.630
 0.630
 0.630
 0.630
 0.630
 0.630
 0.630
 0.630
 0.630
 0.630
 0.630
 0.630
 0.630
 0.630
 0.630
 0.630
 0.630
 0.630
 0.630
 0.630
 0.630
 0.630
 0.630
 0.630
 0.630
 0.630
 0.630
 0.630
 0.630
 0.630
 0.630
 0.630
 0.630
 0.630
 0.630
 0.630
 0.630
 0.630
 0.630
 0.630
 0.630
 0.630
 0.630
 0.630
 0.630
 0.630
 0.630
 0.630
 0.630
 0.630
 0.630
 0.630
 0.630
 0.630
 0.630
 0.630
 0.630
 0.630
 0.630
 0.630
 0.630
 0.630
 0.630
 0.630
 0.630
 0.630
 0.630
 0.630
 0.630
 0.630
 0.630
 0.630
 0.630
 0.630
 0.630
 0.630
 0.630
 0.630
 0.630
 0.630
 0.630
 0.630
 0.630
 0.630
 0.630
 0.630
 0.630
 0.630
 0.630
 0.630
 0.630
 0.630
 0.630
 0.630
 0.630
 0.630
 0.630
 0.630
 0.630
 0.630
 0.630
 0.630
 0.630
 0.630
 0.630
 0.630
 0.630
 0.630
 0.630
 0.630
 0.630
 0.630
 0.630
 0.630
 0.630
 0.630
 0.630
 0.630
 0.630
 0.630
 0.630
 0.630
 0.630
 0.630
 0.630
 0.630
 0.630
 0.630
 0.630
 0.630
 0.630
 0.630
 0.630
 0.630
 0.630
 0.630
 0.630
 0.630
 0.630
 0.630
 0.630
 0.630
 0.630
 0.630
 0.630
 0.630
 0.630
 0.630
 0.630
 0.630
 0.630
 0.630
 0.630
 0.630

