0.4245885369561539 1
0.4321835713516227 1
0.434102154704519 1
0.435729061480276 1
0.4388945775146479 1
0.4449476747488702 1
0.4453951858423813 1
0.4477760954556411 1
0.44806000171765326 1
0.4505875998131594 1
0.4508986813764934 1
0.4511058560336468 1
0.45123786694141876 1
0.45280588420840806 1
0.45294900575521274 1
0.4534033351944138 1
0.4546516582955227 1
0.45536429764171726 1
0.4585451026789342 1
0.4589324579004432 1
0.4590013598715808 1
0.4605144870728167 1
0.4624982807387072 1
0.463468887203738 1
0.463628383843373 1
0.46488861134398923 1
0.46496470396323775 1
0.46650411604312503 1
0.467416005470854 1
0.4689376649167901 1
0.46956782412056547 1
0.4699929305720045 1
0.47003149220974116 1
0.47072973357657216 1
0.4712986137475553 1
0.4713033378136984 1
0.4715470731451799 1
0.47219490244757234 1
0.4722884158002282 1
0.4722996622422789 1
0.4727723915484454 1
0.47291555105578253 1
0.4730912031422489 1
0.4734757451485772 1
0.4737824389246804 1
0.474040237481749 1
0.47415283503323946 1
0.47521393085240066 1
0.4752497747745457 1
0.475987911294058 1
0.47665321000952 1
0.4772445109887565 1
0.47767017135808026 1
0.47886707197277234 1
0.4790882721853731 1
0.4795496617395887 1
0.47968293961770614 1
0.47983626713412186 1
0.47992198709354833 1
0.4805542372166967 1
0.48058777841688305 1
0.4821312625010117 1
0.4824720248958531 1
0.48262746368989945 1
0.4828921524880563 1
0.4834119412040959 1
0.4838918124940736 1
0.48426525717006014 1
0.48463631253731726 1
0.4849498372299077 1
0.48610584920252364 1
0.4862221732780657 1
0.4874887664785447 1
0.4879827121033237 1
0.4882918959969837 1
0.48829430406860375 1
0.48852766656644037 1
0.4886165190831758 1
0.4894385155806218 1
0.48973745542043134 1
0.48988232360197637 1
0.4901164951899342 1
0.49039775811036057 1
0.4907420183192767 1
0.4907843816043434 1
0.4909325834029474 1
0.4909655275417157 1
0.4912247028453354 1
0.492099856499595 1
0.49217074889335294 1
0.4923473230585753 1
0.492474576630537 1
0.4929525058288109 1
0.49298155637057434 1
0.4938250817048872 1
0.49382697815731624 1
0.49445117987568216 1
0.49462970140549545 1
0.49470329788786266 1
0.49485964417269074 1
0.49641219885385446 1
0.49645153732814373 1
0.49702201614725866 1
0.4973034764584525 1
0.4977056132839987 1
0.4980016658254682 1
0.4986601246984288 1
0.5012242060596911 1
0.5013677168554272 1
0.5013927775427213 1
0.5025425010707082 1
0.5031266858460297 1
0.5034754141594884 1
0.5044465431201715 1
0.5057945290666478 1
0.5061457740234807 1
0.5067109366321585 1
0.5067943947630424 1
0.5069811018208369 1
0.5073331166347451 1
0.5073780105338502 1
0.5076533065065275 1
0.5076932675676716 1
0.5086105328224407 1
0.5096396975357923 1
0.5098294054124488 1
0.5099336862235444 1
0.5100802369389172 1
0.5101142745385563 1
0.5118711353337605 1
0.5119380371520843 1
0.5131549665685439 1
0.5133108502470047 1
0.5146610719631857 1
0.5146740109675055 1
0.5149574664802936 1
0.5150336479933373 1
0.5152097118993685 1
0.5153891005737573 1
0.5154601394522582 1
0.5154620046247139 1
0.5160976282800396 1
0.5163666596681253 1
0.5164065444716328 1
0.5164678367912137 1
0.5166365651940192 1
0.5166995505346867 1
0.5168291487388141 1
0.5182580745662559 1
0.5185528812876726 1
0.5191091450995732 1
0.5201556435657948 1
0.5202348935404211 1
0.5205334620816447 1
0.5219204689766909 1
0.5225445542942074 1
0.5225561414634072 1
0.5233887490496082 1
0.5236180206523572 1
0.5241356408130401 1
0.5246170549423413 1
0.5249576130982514 1
0.525029865997304 1
0.525222890806911 1
0.5269403610481536 1
0.52741483217101 1
0.5278476550650768 1
0.5286888761187292 1
0.5288806716299983 1
0.5289011171526189 1
0.5291993861332692 1
0.5299072168352129 1
0.5308733135878354 1
0.5308801064001293 1
0.5311644745048787 1
0.531175014437563 1
0.5313902228286285 1
0.5314684038034724 1
0.5318520850318127 1
0.5320921011484773 1
0.5321759943006225 1
0.5328059494518509 1
0.5332694055765826 1
0.5337631642770451 1
0.53443518129364 1
0.5354061988007377 1
0.5354686348144672 1
0.5388868760490723 1
0.5394733362273192 1
0.5395666132954037 1
0.5420600427098975 1
0.5494515164838224 1
0.5498791510361285 1
0.5537943290095777 1
0.5539078606292035 1
0.554817038406339 1
0.557600125099588 1
0.5609801493249441 1
0.5668332191623926 1
0.5761983186051078 1
