
 0.539
 0.540
 0.483
 0.506
 0.515
 0.491
 0.479
 0.515
 0.492
 0.464
 0.516
 0.462
 0.494
 0.515
 0.470
 0.470
 0.509
 0.510
 0.534
 0.467
 0.516
 0.477
 0.531
 0.494
 0.459
 0.515
 0.529
 0.489
 0.425
 0.451
 0.472
 0.491
 0.532
 0.480
 0.499
 0.516
 0.436
 0.517
 0.535
 0.531
 0.465
 0.490
 0.524
 0.535
 0.525
 0.555
 0.504
 0.484
 0.501
 0.491
 0.515
 0.529
 0.521
 0.495
 0.554
 0.483
 0.503
 0.480
 0.488
 0.448
 0.489
 0.528
 0.533
 0.453
 0.507
 0.531
 0.451
 0.476
 0.482
 0.497
 0.517
 0.531
 0.492
 0.523
 0.520
 0.498
 0.490
 0.480
 0.473
 0.510
 0.475
 0.471
 0.486
 0.523
 0.477
 0.512
 0.507
 0.490
 0.532
 0.508
 0.495
 0.445
 0.497
 0.473
 0.480
 0.494
 0.463
 0.515
 0.525
 0.486
 0.567
 0.478
 0.510
 0.519
 0.503
 0.473
 0.432
 0.445
 0.472
 0.539
 0.503
 0.507
 0.554
 0.482
 0.518
 0.576
 0.508
 0.491
 0.550
 0.489
 0.513
 0.519
 0.448
 0.453
 0.522
 0.483
 0.501
 0.531
 0.507
 0.549
 0.474
 0.527
 0.531
 0.492
 0.490
 0.506
 0.493
 0.459
 0.488
 0.459
 0.472
 0.507
 0.524
 0.465
 0.471
 0.487
 0.533
 0.485
 0.493
 0.534
 0.530
 0.495
 0.491
 0.467
 0.520
 0.481
 0.498
 0.473
 0.529
 0.453
 0.472
 0.510
 0.525
 0.529
 0.470
 0.474
 0.455
 0.515
 0.525
 0.513
 0.542
 0.461
 0.481
 0.496
 0.527
 0.475
 0.434
 0.561
 0.512
 0.510
 0.516
 0.501
 0.451
 0.492
 0.515
 0.485
 0.523
 0.451
 0.474
 0.484
 0.455
 0.471
 0.532
 0.479
 0.517
 0.558
 0.439
 0.488
 0.496
 0.469

