0.3953735050117311 1
0.41439969431712276 1
0.4279999482546023 1
0.431168937302898 1
0.4317834728695711 1
0.4359865574969241 1
0.43713484354311416 1
0.4381072077308204 1
0.4402693271994583 1
0.4409624141763697 1
0.4432183034209129 1
0.4456127996602694 1
0.4456565646372435 1
0.44685098397227024 1
0.4472459060034526 1
0.44727650758314047 1
0.4476519549056619 1
0.4483436051353034 1
0.44862809203177956 1
0.44908531929335477 1
0.45183334448508433 1
0.4521826291242178 1
0.45587006118053497 1
0.4560418177343643 1
0.45749610361787235 1
0.4578310745360444 1
0.45898878454151537 1
0.4600523212517368 1
0.46081454552366247 1
0.4611548182971314 1
0.46147435366229916 1
0.463434565776421 1
0.465620990970999 1
0.4658460477034739 1
0.46702006779038213 1
0.46806265230060906 1
0.46944888976988475 1
0.4695429787022687 1
0.4702761948345796 1
0.47050974073472995 1
0.47110150351134455 1
0.47131430414548064 1
0.4720431614886762 1
0.47235391001256355 1
0.4732243477369055 1
0.47511159143638104 1
0.47575175458998475 1
0.47593980321143564 1
0.47637765916042596 1
0.47781586843470064 1
0.47822688248018225 1
0.47838385962863456 1
0.4786754673467813 1
0.48002310252957536 1
0.480029054034977 1
0.48059346856278673 1
0.481624736818541 1
0.4824613914879949 1
0.48303398734396474 1
0.4841724421454023 1
0.4842907862162431 1
0.4843118563111915 1
0.4843357737650715 1
0.4845170752656972 1
0.4848168640454059 1
0.4848714020933377 1
0.48514600083840564 1
0.4857449624549983 1
0.48578925785942695 1
0.48582582477931235 1
0.4866410587947009 1
0.48730419434715094 1
0.48736904438476353 1
0.48766549729006853 1
0.4878393988436622 1
0.4880558829528321 1
0.48826799165166257 1
0.48897008227556077 1
0.48919278819305395 1
0.48920910758779407 1
0.49006624666240695 1
0.49040524910548383 1
0.49070053004907827 1
0.49089888597659226 1
0.49225535676894266 1
0.49243807694310315 1
0.49334790456468236 1
0.49335861354855226 1
0.49348142754362473 1
0.4935325384240051 1
0.4935968739176382 1
0.4953296013698565 1
0.49559178651623703 1
0.4957141380942621 1
0.4962059136836985 1
0.49636210356775223 1
0.49639241469423495 1
0.49747822684796483 1
0.49747857490517844 1
0.4977652337143141 1
0.49887287284337567 1
0.4993804378105158 1
0.4994784563978702 1
0.4997510398525609 1
0.5001288538356444 1
0.5002434395977776 1
0.5002446174257851 1
0.5002700922359787 1
0.5008990473652412 1
0.5013762711547074 1
0.5021537596747064 1
0.5023936061225232 1
0.502401589968447 1
0.5025529736761366 1
0.5028197796217528 1
0.5029837429957643 1
0.5032084417793873 1
0.5032109698610268 1
0.5042544928076336 1
0.5044055232712413 1
0.5045334659036715 1
0.5061397449198125 1
0.5062199726458955 1
0.5063700379283381 1
0.5070109549196329 1
0.5077958285279559 1
0.5079928054315817 1
0.5081202919529221 1
0.5087747269160618 1
0.5101318258793767 1
0.5107467661414606 1
0.5112808242828235 1
0.5121608548232777 1
0.5124332419226915 1
0.5125233292218506 1
0.5134670634481854 1
0.5135242046334695 1
0.5146362893337862 1
0.5152746809494054 1
0.5160488694158386 1
0.5161316564168335 1
0.5170079704197814 1
0.5171379529844007 1
0.5173299506585065 1
0.5177991640544785 1
0.5179910475439368 1
0.5180318002473857 1
0.5181669827226794 1
0.518548826743865 1
0.5190077675432639 1
0.5190371296986054 1
0.5197032850533067 1
0.5207277355626727 1
0.5214324619573477 1
0.5218325325849242 1
0.5220328717319134 1
0.5225498908275973 1
0.5238482001989189 1
0.5244358497373881 1
0.5247101193541344 1
0.5251584670349366 1
0.5252458436363703 1
0.526227837194714 1
0.5262865493264985 1
0.5270732623015371 1
0.5271916759724012 1
0.5272648945233324 1
0.5288612545310173 1
0.5293769716537046 1
0.5300290328690491 1
0.530620829490656 1
0.5311159060548027 1
0.5320293839559338 1
0.5323795045910661 1
0.5330099273949781 1
0.5353133047253822 1
0.5354304739224135 1
0.5361766766905188 1
0.536275675107622 1
0.5364992864543114 1
0.5366345025502905 1
0.5382643330918457 1
0.5390056464818155 1
0.5417412325582396 1
0.54359722579134 1
0.5461014309861468 1
0.546547733493308 1
0.5472051481732866 1
0.5476756054367269 1
0.5481014408397726 1
0.5489345448961677 1
0.5493096214351294 1
0.5510096420871587 1
0.5512811234278417 1
0.551314508133177 1
0.5515157812416346 1
0.5558167723186153 1
0.5572809926460129 1
0.5575728559686245 1
0.5654869120690872 1
