
 0.508
 0.468
 0.515
 0.456
 0.460
 0.463
 0.496
 0.525
 0.506
 0.496
 0.485
 0.500
 0.461
 0.498
 0.428
 0.512
 0.489
 0.446
 0.505
 0.514
 0.547
 0.471
 0.489
 0.488
 0.497
 0.494
 0.484
 0.436
 0.519
 0.493
 0.452
 0.510
 0.466
 0.485
 0.446
 0.532
 0.544
 0.488
 0.536
 0.472
 0.503
 0.529
 0.476
 0.518
 0.531
 0.529
 0.542
 0.466
 0.516
 0.535
 0.470
 0.414
 0.531
 0.533
 0.512
 0.476
 0.518
 0.522
 0.484
 0.549
 0.511
 0.486
 0.503
 0.537
 0.519
 0.500
 0.516
 0.489
 0.484
 0.508
 0.488
 0.502
 0.556
 0.551
 0.547
 0.481
 0.443
 0.518
 0.502
 0.506
 0.495
 0.431
 0.527
 0.517
 0.499
 0.503
 0.447
 0.548
 0.548
 0.519
 0.447
 0.486
 0.457
 0.484
 0.511
 0.518
 0.475
 0.459
 0.472
 0.526
 0.526
 0.551
 0.502
 0.452
 0.501
 0.440
 0.432
 0.488
 0.476
 0.517
 0.536
 0.532
 0.500
 0.493
 0.508
 0.551
 0.492
 0.493
 0.485
 0.517
 0.478
 0.496
 0.549
 0.535
 0.520
 0.504
 0.565
 0.538
 0.513
 0.461
 0.515
 0.491
 0.492
 0.536
 0.473
 0.527
 0.480
 0.491
 0.503
 0.521
 0.456
 0.521
 0.483
 0.448
 0.513
 0.395
 0.527
 0.497
 0.524
 0.482
 0.490
 0.558
 0.523
 0.499
 0.501
 0.499
 0.494
 0.447
 0.525
 0.509
 0.530
 0.449
 0.525
 0.461
 0.496
 0.441
 0.478
 0.449
 0.469
 0.479
 0.486
 0.500
 0.500
 0.471
 0.467
 0.506
 0.480
 0.448
 0.490
 0.539
 0.546
 0.504
 0.458
 0.503
 0.522
 0.487
 0.552
 0.485
 0.437
 0.478
 0.557
 0.487
 0.524
 0.471
 0.487
 0.507
 0.470
 0.496
 0.438
 0.482

