0 30
1 51
2 50
0 40
0 47
2 46
2 42
1 40
2 38
0 45
0 51
1 47
0 41
0 41
1 40
1 52
0 52
1 48
2 51
0 41
0 49
1 43
1 48
0 58
1 42
2 45
1 54
1 45
2 49
0 48
2 32
1 43
2 45
1 31
1 42
2 44
1 38
1 42
2 35
2 35
2 35
1 45
1 38
0 41
2 35
2 39
0 42
1 48
2 38
0 44
1 50
0 39
0 37
2 41
0 42
1 30
0 42
1 37
2 35
2 45
1 42
2 42
2 41
0 31
2 45
1 36
1 39
0 44
0 42
1 47
1 39
2 39
2 42
1 50
1 38
0 34
0 38
1 48
1 37
2 37
1 37
2 46
1 57
2 46
1 50
2 29
0 40
2 41
2 50
1 33
1 48
2 47
2 48
2 46
0 39
2 38
0 42
1 52
0 45
1 45
1 43
2 34
0 44
1 32
1 51
2 47
2 46
1 30
2 44
0 39
1 42
2 35
0 46
1 50
1 46
2 43
2 40
0 47
2 46
1 31
0 39
1 26
0 34
1 50
1 38
0 42
2 47
0 31
1 35
2 38
2 37
0 44
1 39
1 46
0 34
1 48
1 54
1 37
1 47
2 43
2 52
2 44
0 38
2 37
1 43
1 43
1 37
2 37
1 51
1 40
0 45
0 54
0 54
1 59
2 44
1 39
0 44
1 59
0 43
0 45
1 35
2 34
1 49
1 47
1 43
1 47
2 48
2 41
2 51
0 31
2 43
2 61
1 47
2 42
1 42
0 24
0 38
1 39
0 49
1 42
0 45
2 46
1 46
1 33
0 29
2 44
1 38
2 40
0 48
1 43
1 45
0 36
1 45
1 37
0 43
1 45
0 46
0 52
2 42
0 43
