0.46134209893090017 1
0.47900679033547133 1
0.48759798773102425 1
0.49062205249779417 1
0.4965598428922855 1
0.5006274008118422 1
0.5031658028311079 1
0.5033005872445547 1
0.5040605778333144 1
0.505093864888779 1
0.5059577504678257 1
0.5076069097789581 1
0.508562184378353 1
0.5098229200449996 1
0.5108429609285227 1
0.5109251510870261 1
0.513140614528887 1
0.5139323307727681 1
0.5147706331195867 1
0.5153295242336374 1
0.5155410389726828 1
0.5156597781456591 1
0.5162307214315902 1
0.5171425032337468 1
0.5177548624478743 1
0.5184371641184011 1
0.5191340090176066 1
0.5192230858782996 1
0.5205028430091996 1
0.5211818568022393 1
0.5218618107838069 1
0.5219432248965608 1
0.5223367009965773 1
0.5227450149991857 1
0.5228071394418778 1
0.5234121688740045 1
0.5235045378289355 1
0.5237256343239539 1
0.5239680158750738 1
0.5240388590084991 1
0.5248257518867008 1
0.525693988707331 1
0.5258091909273991 1
0.5262031101713327 1
0.5268246209423505 1
0.5273628919858163 1
0.5275033481740496 1
0.5276863939158623 1
0.5278911292775751 1
0.5281084502652083 1
0.5283222765098158 1
0.5286675855370007 1
0.530078991742474 1
0.5317863546791759 1
0.5321822002469505 1
0.5337120096403052 1
0.5342248459720532 1
0.5345974223754046 1
0.5346902769870858 1
0.5353311867235432 1
0.536152620124771 1
0.5366068139382587 1
0.5371122124522723 1
0.5373780393851403 1
0.5378001399825368 1
0.5379007821151742 1
0.5385409827579622 1
0.5385688732388054 1
0.5388907395198733 1
0.5392318054524787 1
0.5393661828056671 1
0.5396732568969749 1
0.5401201508018204 1
0.5401610930240994 1
0.5402335799781546 1
0.5404766258674484 1
0.5407543223723458 1
0.5411759805833912 1
0.541293146907164 1
0.5415846940928406 1
0.5415876399822716 1
0.543246759906042 1
0.5433252178951985 1
0.5440087219311353 1
0.5442196932150429 1
0.5442237417246192 1
0.5449550458656945 1
0.5459535597291097 1
0.5461651542322925 1
0.5462240803814591 1
0.5463002337398174 1
0.5464497629037137 1
0.5474530372784493 1
0.5475921531161272 1
0.5486346769577671 1
0.5490239701382986 1
0.5493898410618869 1
0.5495810291624745 1
0.5502709033297049 1
0.550377553258147 1
0.550502941448711 1
0.5507338873085599 1
0.5510648078395067 1
0.5511507955025075 1
0.5513786662660106 1
0.5515330762197488 1
0.5515449946240093 1
0.5521673202105153 1
0.552776591424779 1
0.5534461247906595 1
0.5535095332533788 1
0.5535517706528115 1
0.5536033468043243 1
0.5536331724418965 1
0.5542078733797728 1
0.5546601466643152 1
0.554687324956245 1
0.5548198308727368 1
0.5549355555880546 1
0.5555245278235845 1
0.55619982844616 1
0.5563901961765424 1
0.5563923759461177 1
0.5575047038005926 1
0.557527521366855 1
0.5575947819575614 1
0.5584659250068722 1
0.5588639475946706 1
0.5589894367428936 1
0.5591598980120052 1
0.5600504542112131 1
0.5602477998247847 1
0.5602985283869149 1
0.5606934284886624 1
0.5613591335717573 1
0.5615774047728547 1
0.562305482772671 1
0.5623205800984163 1
0.5627802098643037 1
0.5641656128133657 1
0.5643358998568896 1
0.564386373368888 1
0.5645017266305671 1
0.5646408628281425 1
0.5653983675523047 1
0.5657032660790076 1
0.5659639556340821 1
0.5667414652004382 1
0.566907082948544 1
0.5669485391195844 1
0.5673263928149646 1
0.5675436899146349 1
0.5687043266350976 1
0.5694828825210437 1
0.5699315128065328 1
0.5710273589261614 1
0.5718535103295737 1
0.5722101047554075 1
0.5722817854483586 1
0.5728558877418636 1
0.5728798637954071 1
0.57303622741249 1
0.5737051299099926 1
0.5737185145961575 1
0.5740338244901364 1
0.5742145052582046 1
0.5752679328919924 1
0.5758170093549753 1
0.5758290541234125 1
0.5758782689818379 1
0.5764218073786985 1
0.5768078315965832 1
0.57739220724366 1
0.5774521677894027 1
0.5782762859406253 1
0.5790628995529874 1
0.5793063524841109 1
0.5803113637321224 1
0.5810194958137713 1
0.5810476571081626 1
0.5811281777061971 1
0.5812444498904472 1
0.5816798404383343 1
0.5833515794144823 1
0.5834354924166333 1
0.583746882567003 1
0.5854765672856757 1
0.585945670792878 1
0.5870919161577389 1
0.5886051946245973 1
0.5887589501663888 1
0.5951679948526281 1
0.5955420003986641 1
0.5960090747058342 1
0.5963650456169766 1
0.6015215009061315 1
0.602990125307695 1
0.6068492585305321 1
0.6072695803901229 1
0.6178820551525185 1
