
 0.581
 0.544
 0.503
 0.554
 0.555
 0.519
 0.552
 0.525
 0.538
 0.556
 0.523
 0.523
 0.541
 0.534
 0.516
 0.550
 0.479
 0.527
 0.513
 0.506
 0.546
 0.516
 0.575
 0.618
 0.528
 0.603
 0.529
 0.516
 0.551
 0.535
 0.461
 0.559
 0.568
 0.538
 0.552
 0.556
 0.510
 0.563
 0.518
 0.546
 0.572
 0.551
 0.539
 0.528
 0.524
 0.576
 0.556
 0.530
 0.584
 0.546
 0.566
 0.552
 0.564
 0.559
 0.577
 0.545
 0.521
 0.514
 0.508
 0.549
 0.577
 0.589
 0.524
 0.515
 0.503
 0.526
 0.558
 0.555
 0.582
 0.553
 0.521
 0.511
 0.543
 0.555
 0.572
 0.554
 0.505
 0.595
 0.555
 0.488
 0.537
 0.558
 0.567
 0.558
 0.583
 0.587
 0.550
 0.565
 0.539
 0.548
 0.501
 0.578
 0.522
 0.526
 0.551
 0.579
 0.523
 0.551
 0.574
 0.541
 0.534
 0.571
 0.576
 0.567
 0.497
 0.579
 0.528
 0.518
 0.564
 0.543
 0.542
 0.565
 0.585
 0.553
 0.577
 0.509
 0.576
 0.581
 0.539
 0.554
 0.532
 0.544
 0.560
 0.527
 0.541
 0.560
 0.504
 0.547
 0.540
 0.570
 0.551
 0.511
 0.550
 0.607
 0.519
 0.560
 0.562
 0.491
 0.537
 0.528
 0.573
 0.540
 0.567
 0.559
 0.546
 0.522
 0.539
 0.535
 0.532
 0.565
 0.566
 0.540
 0.528
 0.544
 0.562
 0.574
 0.572
 0.569
 0.561
 0.586
 0.515
 0.602
 0.549
 0.535
 0.573
 0.569
 0.556
 0.540
 0.536
 0.581
 0.596
 0.524
 0.567
 0.554
 0.574
 0.589
 0.596
 0.596
 0.561
 0.542
 0.573
 0.607
 0.574
 0.580
 0.554
 0.562
 0.583
 0.539
 0.524
 0.558
 0.564
 0.546
 0.517
 0.522
 0.581
 0.576
 0.526
 0.537
 0.540
 0.549

