2 45
1 37
3 38
4 43
0 43
2 40
4 49
1 48
1 48
0 36
1 34
4 36
2 49
2 41
0 35
3 36
2 52
0 44
2 40
3 45
1 48
1 37
3 41
3 42
0 39
2 39
3 29
0 37
4 50
3 32
3 51
1 41
2 34
3 43
4 35
1 44
4 46
2 46
1 50
0 35
0 42
2 41
0 43
0 36
2 44
2 47
3 38
2 43
4 28
1 46
4 43
3 44
3 39
3 48
1 35
3 48
0 52
2 38
2 34
3 43
0 33
4 45
3 40
0 48
2 38
3 53
0 45
3 42
3 48
2 34
1 39
2 50
1 56
1 46
4 48
0 38
0 35
2 37
3 40
2 26
0 35
2 45
4 52
0 43
0 37
1 50
1 36
3 41
0 43
2 36
1 32
1 33
1 46
2 41
3 43
0 37
3 41
4 47
0 37
1 46
3 47
3 47
0 46
0 36
4 44
4 29
2 40
4 48
2 39
1 42
0 47
0 32
1 39
1 33
0 50
2 39
2 43
4 47
1 43
1 42
0 47
0 42
0 39
2 43
1 55
3 43
0 39
2 45
1 35
3 42
1 41
1 40
0 49
3 44
2 35
2 31
4 37
3 35
1 50
3 44
0 41
0 42
3 50
2 42
4 34
0 56
2 48
0 42
1 44
4 44
3 47
2 38
0 43
3 40
0 46
1 56
4 37
4 41
3 36
3 54
4 44
0 48
4 46
1 53
2 49
2 41
4 39
1 40
0 46
2 38
0 45
0 45
4 40
2 50
3 31
2 52
4 55
1 39
0 49
0 33
3 34
2 36
4 33
3 49
0 42
0 46
4 43
3 34
2 55
1 36
0 50
4 50
1 31
1 39
2 41
4 44
3 49
4 44
2 39
0 38
