
 0.457
 0.451
 0.484
 0.431
 0.448
 0.481
 0.477
 0.455
 0.463
 0.487
 0.480
 0.482
 0.432
 0.475
 0.452
 0.419
 0.493
 0.456
 0.431
 0.474
 0.498
 0.465
 0.466
 0.432
 0.448
 0.487
 0.533
 0.410
 0.487
 0.483
 0.452
 0.445
 0.486
 0.473
 0.469
 0.455
 0.438
 0.416
 0.481
 0.503
 0.448
 0.446
 0.484
 0.460
 0.474
 0.467
 0.464
 0.418
 0.443
 0.407
 0.486
 0.439
 0.439
 0.471
 0.483
 0.444
 0.423
 0.506
 0.458
 0.483
 0.449
 0.448
 0.433
 0.450
 0.471
 0.431
 0.502
 0.435
 0.420
 0.448
 0.429
 0.442
 0.469
 0.466
 0.472
 0.451
 0.425
 0.481
 0.476
 0.480
 0.396
 0.470
 0.478
 0.487
 0.446
 0.473
 0.467
 0.469
 0.464
 0.475
 0.490
 0.439
 0.429
 0.445
 0.477
 0.420
 0.461
 0.465
 0.472
 0.440
 0.463
 0.473
 0.462
 0.483
 0.464
 0.509
 0.491
 0.454
 0.422
 0.435
 0.418
 0.431
 0.451
 0.397
 0.435
 0.462
 0.482
 0.468
 0.424
 0.463
 0.425
 0.466
 0.491
 0.443
 0.507
 0.446
 0.463
 0.473
 0.436
 0.468
 0.467
 0.422
 0.473
 0.472
 0.448
 0.477
 0.436
 0.481
 0.475
 0.471
 0.465
 0.438
 0.421
 0.491
 0.499
 0.486
 0.459
 0.477
 0.469
 0.429
 0.470
 0.429
 0.496
 0.398
 0.462
 0.474
 0.417
 0.415
 0.457
 0.442
 0.504
 0.468
 0.436
 0.476
 0.464
 0.507
 0.445
 0.488
 0.482
 0.457
 0.491
 0.452
 0.441
 0.430
 0.460
 0.436
 0.451
 0.451
 0.469
 0.477
 0.476
 0.446
 0.423
 0.426
 0.473
 0.494
 0.458
 0.418
 0.496
 0.479
 0.469
 0.467
 0.415
 0.455
 0.465
 0.423
 0.474
 0.446
 0.536
 0.450

