1 32
1 29
2 43
2 40
0 45
2 34
0 41
0 37
1 40
2 50
0 36
2 26
2 52
0 43
1 33
1 49
0 39
1 41
2 43
2 35
0 40
1 42
2 32
2 42
2 39
2 46
1 50
1 27
0 42
2 45
2 43
1 46
2 35
0 48
0 42
2 45
1 41
0 45
0 43
1 47
0 40
1 39
1 42
0 36
2 32
0 42
1 35
1 42
2 49
0 36
0 41
2 30
2 40
2 39
0 48
1 60
1 51
2 38
0 30
2 51
0 50
1 50
0 41
1 44
0 50
2 44
2 35
2 41
0 45
0 43
0 55
2 43
2 48
2 43
2 54
2 37
2 49
0 32
1 39
1 40
0 43
0 43
2 39
2 42
0 48
2 35
1 59
2 45
0 39
2 50
2 41
0 37
2 50
0 47
2 33
1 50
1 53
0 41
1 38
0 46
1 41
0 52
0 36
1 40
1 49
0 42
1 30
0 44
2 29
0 36
1 48
1 44
1 41
0 40
2 29
0 45
2 39
2 41
1 47
0 50
1 58
2 43
0 47
2 55
1 49
2 45
1 47
2 46
1 43
1 38
1 34
2 50
0 39
2 47
0 45
0 30
0 55
2 34
1 39
1 24
0 36
0 41
1 50
1 36
2 42
0 45
1 46
1 35
1 38
1 43
0 42
1 49
2 45
0 38
1 38
1 34
2 47
0 40
2 43
2 34
0 41
2 47
2 48
2 40
0 37
0 44
2 37
0 55
0 37
1 34
0 43
0 41
2 31
2 31
0 36
2 37
2 44
2 44
2 37
2 33
2 35
0 49
0 32
2 52
1 38
0 43
1 43
0 48
1 39
2 41
2 37
2 52
0 42
1 38
1 43
2 44
1 49
1 44
2 51
2 48
