0.5390004448374537 1
0.5480677550602223 1
0.5520173422439888 1
0.5526323115408769 1
0.5587432882559065 1
0.5588426136235093 1
0.5599732268496826 1
0.5612834737197899 1
0.5626928754396731 1
0.5655498835798092 1
0.5671769531261693 1
0.56789124779066 1
0.5678912477906601 1
0.5682885492610711 1
0.5698351400132734 1
0.570946736148175 1
0.5712447122509833 1
0.5716421842392212 1
0.5723753254771566 1
0.5727726269475675 1
0.5740828738176749 1
0.5741015498732928 1
0.5758281153050825 1
0.5761260914078905 1
0.576424067510699 1
0.5778523158040269 1
0.5778524863218536 1
0.5789829290302 1
0.5791012714890745 1
0.5792809051330083 1
0.579380230500611 1
0.5794984024416583 1
0.5808086493117658 1
0.5812061213000035 1
0.58180207350562 1
0.5818210905968915 1
0.5822370681229203 1
0.58233656400835 1
0.5830506881550138 1
0.5841622842899157 1
0.5849759043220092 1
0.585075229689612 1
0.5852737099069907 1
0.5858886792038785 1
0.5859881750893082 1
0.5859881750893083 1
0.586087329939084 1
0.5860873299390841 1
0.5865036485007666 1
0.5876152446356683 1
0.5877334165767159 1
0.5882302139325563 1
0.5887456873440149 1
0.5896584622258841 1
0.5897579581113138 1
0.5901550890638978 1
0.5903729274082019 1
0.5904910993492494 1
0.59067090351101 1
0.5911862064046417 1
0.591385027657674 1
0.5914843530252767 1
0.591701850333927 1
0.5918013462193565 1
0.5919006715869591 1
0.5921984771719407 1
0.5932107479392394 1
0.5937073747772533 1
0.593726391868525 1
0.5938255467183008 1
0.5938255467183009 1
0.5945398413827917 2
0.5950366387386321 1
0.5950554853120769 1
0.5952541360472824 1
0.5953532908970584 1
0.5953724785061566 1
0.5957696094587408 1
0.5959494136205017 1
0.59646488703196 1
0.5964650575497868 1
0.5964839041232314 1
0.5985084456578296 1
0.5986076005076054 1
0.5987069258752082 1
0.5991232444368907 1
0.599638888366176 1
0.5999178473777126 1
0.6001164981129181 1
0.600433320789171 1
0.6005516632480455 1
0.6016630888651203 1
0.6018620806359793 1
0.6019614060035824 1
0.6021787327944056 1
0.6025762047826434 1
0.6028741808854516 1
0.6028930274588963 1
0.6029735062530545 1
0.6040849318701293 1
0.6042031038111768 1
0.6044822333405403 1
0.6048180731080648 1
0.6051162197286999 1
0.6056126760488868 1
0.6060291651283961 1
0.6061283199781721 1
0.6063458172868222 1
0.6064451426544248 1
0.6068426146426629 2
0.6070412653778682 1
0.607060111951313 1
0.6073579175362943 1
0.6079540402597378 1
0.6085690095566257 1
0.6087674897740044 1
0.6089851576004814 1
0.609084482968084 1
0.6093826295887192 1
0.6098792564267329 1
0.6099972578499535 1
0.6099974283677804 1
0.6100162749412251 1
0.6100967537353832 1
0.6100967537353833 1
0.610494225723621 1
0.6116244979141406 1
0.6118419952227907 1
0.6118419952227908 1
0.6118421657406177 1
0.6122394672110286 1
0.6123389630964582 1
0.6126367686814396 1
0.6127549406224871 1
0.6131712591841697 1
0.6137670408719592 1
0.6139468450337199 1
0.6140651874925943 1
0.6141835299514687 1
0.6146801567894823 1
0.6151767836274961 1
0.6152761089950988 1
0.6156922570389545 1
0.6161084050828102 1
0.6163072263358423 1
0.6165057065532212 1
0.6166053729564775 1
0.6168228702651279 1
0.6169030080236322 1
0.6171206758501091 1
0.6174188224707442 1
0.6176174732059497 1
0.6178349705145998 1
0.6178349705145999 1
0.6198595120491978 1
0.6205736361958618 1
0.6206729615634646 1
0.6206918081369092 1
0.6216047535366056 1
0.6219027296394137 2
0.622281355054207 1
0.6223000311098249 1
0.6227163496715074 1
0.6233311484505684 1
0.6237286204388063 1
0.6259704887642277 1
0.6265854580611157 1
0.6269827595315267 1
0.6276970541960174 1
0.6280137063544435 1
0.6282125276074759 1
0.6282930064016339 1
0.6283120234929054 1
0.6293241237423777 1
0.6304355493594526 1
0.6305538918183268 1
0.6308708850124065 1
0.6313484947591489 1
0.6314478201267515 1
0.6314478201267516 1
0.6318643092062609 1
0.6320627894236395 1
0.6328762389379061 1
0.6328764094557331 1
0.6342055028992851 1
0.6360312231808506 1
0.6367455178453415 1
0.6422415252634832 1
0.6423410211489129 1
0.6434714638572592 1
0.6486508191169749 1
0.6528179036093915 1
0.6591277015774534 1
0.6602392977123553 1
0.6720641201898304 1
0.683335776108958 1
0.685993962996062 1
