0.5836082733298665 1
0.5924082687440534 1
0.6096232280305418 1
0.6334569915266747 1
0.6570775193243683 1
0.658696695209285 1
0.6680869861711234 1
0.6734901419601149 1
0.6746640360412466 1
0.6755615316501407 1
0.6760937286720528 1
0.6773813668313733 1
0.683048800559176 1
0.6854638914297674 1
0.6870077187585614 1
0.6879180084367111 1
0.6920174146806426 1
0.6923785286387074 1
0.6938075682271505 1
0.6955763781279717 1
0.696967322767883 1
0.6983993033622362 1
0.6992704761781839 1
0.7040889967671305 1
0.705102345361703 1
0.7058366884092282 1
0.7120026551389834 1
0.715569804477771 1
0.7182301472999548 1
0.7189893849525496 1
0.7222374445568789 1
0.7233717397207226 1
0.7237811747954106 1
0.723873079180202 1
0.72421458114141 1
0.7244057946240781 1
0.72500926859497 1
0.7250245134434161 1
0.7250591930399487 1
0.7252093224043853 1
0.7257874247358579 1
0.7259963968972138 1
0.72605327960645 1
0.7265867263811483 1
0.7267101388448304 1
0.7267397568970198 1
0.7267964124528898 1
0.7270378499630711 1
0.727700705270657 1
0.7277655027951389 1
0.7279566927756438 1
0.7288261177839328 1
0.7291667325167389 1
0.7300830642697405 1
0.7301955497744765 1
0.7302782074518284 1
0.7305682192452966 1
0.730572150620139 1
0.7306721164179744 1
0.7311108506061461 1
0.7318953415237929 1
0.7319020798481751 1
0.7320001958410449 1
0.7320360274976299 1
0.7323209416452305 1
0.7323778594803279 1
0.7325290881119322 1
0.732670113992763 1
0.7331085268933846 1
0.7333834176036621 1
0.7336514372179975 1
0.7341577902775921 1
0.7344029698091046 1
0.7352368063859069 1
0.7355616990535737 1
0.7361966835368778 1
0.7366834346010204 1
0.7368425575277866 1
0.7371652773878784 1
0.7374527597542814 1
0.7377927899631658 1
0.738008725738353 1
0.7380605434121118 1
0.7381969327199455 1
0.7384588302248252 1
0.7385925813900756 1
0.738631783911474 1
0.7387009771438114 1
0.7389620038260555 1
0.7393338900545078 1
0.7396024269224436 1
0.7400830762159509 1
0.7401019031885989 1
0.7401859444464561 1
0.7403213434590459 1
0.7405109837647799 1
0.7406653997797773 1
0.7407259583040247 1
0.7410808403107852 1
0.7411237335600017 1
0.7416390279714921 1
0.7420304310711314 1
0.7420391290902772 1
0.742050714845668 1
0.7420836478095681 1
0.7423097334311299 1
0.7429493632557345 1
0.7430971015363447 1
0.7434648629638195 1
0.7435893431121375 1
0.7437034674091285 1
0.7437643125228179 1
0.7438899227630946 1
0.743952561263392 1
0.7441061898798249 1
0.7444331349289771 1
0.7446192078092442 1
0.7446449413492116 1
0.7451052844600856 1
0.7452390725152117 1
0.7452581169379624 1
0.7453464477283046 1
0.7453476864609501 1
0.7456542169278875 1
0.7458952287242014 1
0.7459768571869252 1
0.7459912863648392 1
0.7460174556411613 1
0.7460511307288097 1
0.7461437369426817 1
0.7462210764751827 1
0.746224578034266 1
0.7467342247966335 1
0.747002452876414 1
0.747206299642027 1
0.7473122277036387 1
0.7480510646412571 1
0.7480541424271919 1
0.7482306119198244 1
0.7485071543030498 1
0.7490709407428213 1
0.7492032166048066 1
0.7492859795117834 1
0.7495960657018859 1
0.750050842834721 1
0.7500719478626252 1
0.7506541108953679 1
0.750691376014851 1
0.7509173997204288 1
0.7510896861890807 1
0.7511526816165018 1
0.7512245027826387 1
0.7512666486571141 1
0.7512812761313262 1
0.7517993082548354 1
0.7521024220809747 1
0.7522070879551426 1
0.7522789749341359 1
0.7524557629689468 1
0.752468278479328 1
0.7525217785991796 1
0.752665653701154 1
0.7531906885751769 1
0.7533127795054755 1
0.753464954008924 1
0.7535124673519982 1
0.7536079656082262 1
0.7536804602870055 1
0.7537568979254899 1
0.7538841351322503 1
0.754009968968281 1
0.7544861047972693 1
0.7545082011316525 1
0.7545793118363645 1
0.7549789910892937 1
0.7551031398478416 1
0.7551509794354638 1
0.7552967480812433 1
0.7553747445279662 1
0.7553845373379566 1
0.7554589385097072 1
0.7557734888611949 1
0.7558306672510282 1
0.755960198566748 1
0.7560498160995349 1
0.7566175962532405 1
0.7568906517320575 1
0.7576077524650686 1
0.7576576105286125 1
0.7576834138516993 1
0.7579983625709128 1
0.7580572847225246 1
0.7585552375603581 1
0.758717025416105 1
0.758780727555036 1
0.7589832498018713 1
0.759261673029428 1
0.7593130311948341 1
0.7600962802019323 1
0.7601462019468435 1
0.7603233081575375 1
0.7604291843772282 1
0.7607885041287316 1
0.7609018008082328 1
0.7609057824725706 1
0.7610735471877071 1
0.7614053084133453 1
0.7615851974624099 1
0.7615963282877715 1
0.7616889875913144 1
0.7624127485055805 1
0.7626000549113219 1
0.762660244554665 1
0.7628222628034135 1
0.7631757632800895 1
0.7631987238009201 1
0.763478211704599 1
0.7635371392394338 1
0.7637562163854335 1
0.7638230133978959 1
0.7638706573080034 1
0.7640593468292828 1
0.7640988326873547 1
0.7641877275234237 1
0.7646598663703741 1
0.7652382320184683 1
0.765269315700425 1
0.7654855121992747 1
0.766089766290033 1
0.7661242007776238 1
0.7661320733517358 1
0.7661925816766124 1
0.7662739729611509 1
0.7662840595594314 1
0.7663769132024676 1
0.7664604968742342 1
0.7670085115769197 1
0.767309571597695 1
0.7673999090059674 1
0.7675925741422954 1
0.7676635767941147 1
0.7679094537233153 1
0.7682655479055854 1
0.7685148430556124 1
0.7686278996410851 1
0.7687350742325813 1
0.7689882255728108 1
0.7690064940247041 1
0.7691211205044894 1
0.7697272085399367 1
0.7699964968195192 1
0.770037831026577 1
0.7700807436325575 1
0.7704726736191331 1
0.7705495169312019 1
0.7709298618118706 1
0.7709438859106736 1
0.7710440589851215 1
0.7711898720768036 1
0.7712104360245011 1
0.7713222244741812 1
0.7719762250984371 1
0.7722600543062115 1
0.7726167737084633 1
0.7728652417476762 1
0.7731053400295015 1
0.773161810426372 1
0.773307865878918 1
0.7739097688784397 1
0.7746060464177968 1
0.7747327491674512 1
0.7750790553952025 1
0.7753721001775394 1
0.7754709844679012 1
0.7755633727322224 1
0.7762647560102285 1
0.7763006189752574 1
0.7764011508493176 1
0.7766986955638158 1
0.777642868837979 1
0.7776663796514364 1
0.7780062921853107 1
0.7781000767075112 1
0.778300579654741 1
0.7786121794081644 1
0.7786916094645268 1
0.7788964909467448 1
0.7792404203824606 1
0.7794455743482256 1
0.7797778228436992 1
0.7801240438494638 1
0.7801908070593776 1
0.7802608360831719 1
0.7803465314780573 1
0.7805556750893797 1
0.7805976248486312 1
0.7806048005834563 1
0.7806581338372356 1
0.7806840922410676 1
0.7809546201695746 1
0.7810048749818952 1
0.7810352228870795 1
0.7813648033763159 1
0.7815767679977929 1
0.7819132058327606 1
0.7819876127247128 1
0.7825437397918399 1
0.7825575864881497 1
0.782705089466377 1
0.7827431656585567 1
0.7827719147403068 1
0.7829601477240382 1
0.782983570709269 1
0.7831889241726233 1
0.7832414935557623 1
0.7837969117517869 1
0.7842261834269809 1
0.7844531202596894 1
0.7846919213619669 1
0.784694683664923 1
0.78472818529899 1
0.7849010554507637 1
0.7850503605905241 1
0.785167280039335 1
0.785354348497113 1
0.7855549826939663 1
0.7857565411106491 1
0.78592932212691 1
0.7861905860337691 1
0.786309999942506 1
0.7863694020191727 1
0.7867418080576779 1
0.7868962645980008 1
0.7869062996043932 1
0.7869690794219436 1
0.7869728305922513 1
0.7871115346148266 1
0.7873906141267659 1
0.78749334675623 1
0.7875898489509232 1
0.7876907632965521 1
0.7881003389219556 1
0.7882870439324425 1
0.7886570124552417 1
0.7886834511966717 1
0.7887143905166746 1
0.788876147013195 1
0.7889225083061564 1
0.7890937488876014 1
0.789162329903623 1
0.7892489511251686 1
0.7893134913874235 1
0.7896265373878558 1
0.7896974153406559 1
0.7897388625544728 1
0.7899786608158921 1
0.7900807053787173 1
0.7902023405937669 1
0.7909305514690625 1
0.79109136795108 1
0.7912058667069314 1
0.7912192519644999 1
0.791233833650638 1
0.7912421172558303 1
0.7913073045263012 1
0.7913762294303285 1
0.7914908069100953 1
0.7915712926193914 1
0.7916896471799186 1
0.7919259210385521 1
0.7920089386748578 1
0.7920311757424933 1
0.7921921558346204 1
0.792355126000018 1
0.7924421449584335 1
0.7925830551418981 1
0.7927099675961207 1
0.7930512273823818 1
0.7931014141006101 1
0.7940392314512954 1
0.7940594780714972 1
0.7941565639845367 1
0.7942328496525163 1
0.7942528772366915 1
0.7948522705437181 1
0.7949284934793381 1
0.7949390562475309 1
0.7950765451740957 1
0.7953313671688647 1
0.7953369121106244 1
0.7953513612662392 1
0.7959599786358464 1
0.7961154318865307 1
0.7961984384665726 1
0.7965983223911793 1
0.7972521935128736 1
0.797329403348258 1
0.7976017968870722 1
0.7976792890248956 1
0.7979218850656215 1
0.7981098649835867 1
0.7982125978289673 1
0.7983857562934464 1
0.7984729734148347 1
0.7985192819549513 1
0.7987069815306763 1
0.7987247385180651 1
0.7989982210412169 1
0.7990393137185923 1
0.7993712716200261 1
0.7993968893408058 1
0.7994905464859039 1
0.7997501899806383 1
0.7997975017986245 1
0.7998457640041126 1
0.8000766157562708 1
0.8002394642300142 1
0.8003062526650436 1
0.8004838042625966 1
0.8005638372984765 1
0.8006930164074086 1
0.8009475936846083 1
0.8010572893564847 1
0.8013094043204384 1
0.8013949948413992 1
0.8015258853020547 1
0.8016915161039596 1
0.8019914926240893 1
0.8024921733740329 1
0.802755244398849 1
0.8028638755063707 1
0.8030060674062753 1
0.8030900068413489 1
0.8032777230514885 1
0.8033065817720023 1
0.8036571498782363 1
0.8039662979858158 1
0.80406615165283 1
0.8041131453208331 1
0.8045313008127412 1
0.8050707502726057 1
0.8053573615280658 1
0.8060725747504028 1
0.8060742602790328 1
0.8060785095633687 1
0.8060892227224927 1
0.8061750681117069 1
0.8061939410881356 1
0.8062152685450721 1
0.8063810638064335 1
0.8064514906356584 1
0.806604546097305 1
0.8068428995159178 1
0.8068601274927991 1
0.8068631084874069 1
0.806888067526939 1
0.8070990060403699 1
0.8075214107426916 1
0.8076624838037484 1
0.8079176560070555 1
0.8079300374580138 1
0.8080407802174627 1
0.8080479894711736 1
0.8084532758708182 1
0.808478982874933 1
0.8085356938484902 1
0.8087105942263026 1
0.8087166989788113 1
0.8087622296494691 1
0.8087945018562822 1
0.8089562871510227 1
0.809414832368695 1
0.8094800217995489 1
0.8102510282909088 1
0.8104198255306883 1
0.8113241895983863 1
0.8120855903698718 1
0.8124450140955559 1
0.8126944332205474 1
0.8127682310531003 1
0.8128840361318634 1
0.8129451627761518 1
0.8129575963307077 1
0.8132846076144125 1
0.8132950819815492 1
0.8133147586853987 1
0.8137096363268495 1
0.81375357392824 1
0.8144269805876194 1
0.8146321990789323 1
0.8147834336430183 1
0.8156265904956396 1
0.8162702487792847 1
0.8168539684197222 1
0.8170945063040909 1
0.8199779132678261 1
0.8201958051220767 1
0.8205757905551953 1
0.8216798999431463 1
0.8218059215817627 1
