7 0.16599148941526387
3 0.6977039735028797
0 0.3803712200095992
1 0.5270551380262601
2 0.08836543336559688
4 0.812498487795631
5 0.6701572734345526
6 0.30196061825619736
8 0.187390701902735
9 0.1539176102276617
10 0.4725869190929095
11 0.5222428940361986
12 0.33066446687327644
13 0.8216824542865847
14 0.8510945491492381
15 0.3253135896165722
16 0.9410539705188071
17 0.045185152735018996
18 0.1813661387345692
19 0.953939206157813
20 0.008592139007070454
21 0.1146548879935031
22 0.7782291259321343
23 0.1809938046411005
24 0.6503151020873575
25 0.32874440111915404
26 0.6219669514949688
27 0.9832875461877858
28 0.658564478246114
29 0.15771975717282916
