26018 44
27722 46
16375 52
4295 54
28284 46
5547 39
22382 52
26053 37
16038 61
10109 44
12366 39
1534 46
29646 32
8778 49
4787 40
2359 41
10900 48
15425 42
14727 44
19489 49
22490 38
29395 39
26054 42
14600 37
5958 43
26705 49
20143 36
9760 37
15792 38
2790 59
27503 38
21393 40
10108 38
18089 39
28126 43
1280 44
18866 44
184 44
10763 54
10077 35
10489 49
27069 52
11609 41
3939 39
5525 48
28895 32
4386 28
24991 47
25996 34
21590 40
28586 44
14018 34
8696 38
28967 50
12303 49
29979 46
7891 44
23611 40
22370 37
29327 54
16378 35
25923 46
2254 27
17743 34
2694 45
19889 54
28560 41
6514 39
22547 46
16546 37
2417 29
13720 38
933 41
29377 41
2348 37
773 53
17937 38
17318 47
1129 35
1438 39
9279 42
8715 34
196 42
3231 45
1817 41
6791 51
27885 34
12555 39
29144 34
17686 46
20619 43
29245 42
2725 24
8851 41
22413 36
27213 47
8350 50
22368 32
10276 47
2665 35
2553 42
580 34
16520 45
626 43
2086 40
25868 57
1831 53
22568 49
20248 43
7076 35
22656 45
1962 31
4069 35
27232 50
19655 45
800 40
14038 39
14132 51
25994 45
4947 27
13279 63
7526 38
9971 44
25918 35
19475 55
14165 35
14192 42
8352 47
19952 37
22338 42
24831 41
11216 52
26731 48
8128 30
4051 34
17558 41
17765 38
5112 47
16920 50
26931 46
13092 35
25718 46
299 36
26660 42
29034 37
27574 38
21238 43
28087 36
4271 43
7230 42
244 42
1993 36
23760 41
2574 33
116 48
28076 35
14432 44
17426 45
18541 45
188 39
28694 51
1392 39
19528 41
22842 38
4340 36
24012 43
25162 35
24237 33
27522 48
16277 32
6819 55
20766 49
2744 38
16153 43
4302 47
11040 46
20948 36
10454 42
22909 40
16018 54
7289 46
21615 48
18603 48
10882 37
21567 48
18193 37
3453 25
17092 35
24553 40
2805 41
17210 42
11623 53
17823 48
1043 49
18491 46
24171 41
28388 38
27392 33
248 48
7984 37
2068 34
19157 36
23198 27
15962 35
8628 32
6309 37
347 41
27793 33
21745 31
26589 45
22685 50
27289 36
12649 43
3046 41
1854 35
7432 40
7013 32
14498 34
26178 56
9877 38
25086 31
9554 41
22264 49
7369 43
925 49
17745 42
7553 36
29809 42
4573 46
6692 38
26075 35
14492 52
17673 42
8918 55
21895 42
24274 30
6786 45
3629 34
16485 42
22308 39
22586 36
13352 34
16501 45
18614 50
8408 42
5034 32
10979 40
8005 44
23589 38
10778 37
15887 32
28736 29
1472 39
25990 41
12216 39
10429 40
3189 37
29830 47
6170 43
12543 45
3839 51
11540 39
9560 48
2110 47
9145 64
27153 52
5818 39
23014 41
18289 34
14068 46
28203 49
1227 47
14012 50
4166 46
12947 31
8636 46
2585 33
8147 59
15410 39
13161 41
26574 45
25363 52
11249 55
14131 33
7635 47
14169 36
15134 29
17156 44
7784 37
8519 37
20291 53
13735 36
1647 34
25141 39
17229 47
2678 43
12754 46
16483 48
9329 59
6786 44
1317 38
12698 37
10767 43
17363 47
7282 40
20609 38
18380 54
7277 38
17874 42
1794 37
26208 36
25301 47
14643 31
29300 51
7620 45
18381 36
14740 41
10986 42
2374 39
27940 44
22542 42
22069 47
20562 48
13734 32
7608 45
11565 40
4244 45
29644 47
2749 41
19951 43
20956 44
10112 38
21693 27
18313 42
5099 41
11755 58
6158 52
3609 40
25569 43
29252 46
7016 42
6243 56
5276 44
24300 44
15519 34
25052 47
18816 52
11286 40
3619 49
17520 41
18539 29
22587 43
1044 44
2022 41
27397 29
4844 47
14392 47
5579 40
17412 47
10257 40
4808 44
3577 38
26569 53
26340 40
3796 31
7292 52
7036 53
23213 45
3475 48
5825 46
29054 33
4327 49
18475 40
18480 41
3320 44
9549 40
27191 40
8210 39
4531 42
4228 36
12327 41
12822 44
21780 49
29818 35
24468 55
29351 34
11253 45
1365 56
11201 43
29747 51
15574 33
11558 52
13337 46
7204 44
20685 41
28657 48
7419 42
11793 37
24880 45
26846 35
5314 31
23954 48
1247 38
5651 44
6625 45
23580 45
22744 44
6902 50
899 51
9892 39
29008 41
6276 32
11012 44
21428 41
23113 32
6564 37
16218 30
25136 46
17089 34
1551 47
8346 45
11428 30
244 37
4191 55
25313 47
2217 55
26591 44
23840 40
26823 50
14995 44
11722 43
24987 41
26407 45
692 42
20875 39
8879 38
1572 36
736 38
7186 40
3152 44
19660 56
874 37
25518 36
1578 43
10652 39
15764 55
7029 33
22349 42
15051 43
12269 32
7956 37
14489 34
10046 45
29690 51
17881 37
10872 50
3882 33
17324 44
13164 32
8613 32
10177 50
29932 36
7076 48
24045 42
28780 41
27583 42
14801 49
5940 44
1845 40
23174 48
1097 26
14958 39
3462 37
23534 44
29065 33
29502 37
21167 42
27684 37
7288 49
3564 41
27642 34
12002 33
13131 34
7772 37
16972 36
21064 53
4365 41
10017 51
11740 33
21397 41
5017 44
21721 38
3619 44
18167 35
3077 31
18592 41
12148 44
721 43
24926 46
23854 46
14933 44
14458 36
29247 45
25242 41
29918 32
10413 36
16386 40
27496 36
3757 41
9330 42
7374 36
16847 39
28911 47
8944 54
27298 42
7465 49
25026 37
22247 43
26970 38
8110 44
19570 39
4339 50
26600 31
2703 43
29063 44
7137 38
16313 55
29901 41
4088 38
21684 41
29663 34
10193 26
14907 36
24331 34
6883 45
1023 46
11571 34
27098 51
8425 29
21052 46
4688 44
18458 41
22012 39
13393 53
22598 49
22039 35
2384 38
823 53
5661 33
4407 38
18968 34
23962 43
17516 30
23072 53
23785 44
25652 37
22259 44
1942 56
19964 48
21743 48
23915 46
4985 41
5773 33
22463 53
3021 39
6011 43
16274 44
18902 41
11777 32
14981 39
2856 38
11779 47
15223 55
7247 48
18791 37
13367 53
7211 29
23864 49
14040 33
25017 37
3794 45
11799 37
25247 44
9507 45
20304 34
29507 34
825 48
26934 46
3461 43
17308 54
29429 41
18574 36
4117 47
7280 38
9528 42
8749 36
11364 38
2414 49
1334 48
5592 44
21003 37
9022 44
10578 40
18545 52
27350 38
11593 47
6703 39
3795 40
11338 43
18368 36
2826 49
22836 44
25061 35
20810 39
21871 47
15711 43
14727 31
11545 44
20513 47
29365 46
15191 28
4769 30
24506 43
1146 52
3089 36
2387 37
25759 27
23106 32
25915 53
15517 47
19872 49
24471 34
22031 47
1518 35
7204 53
1880 43
2827 38
26868 56
17381 43
13801 54
28407 41
19278 44
29221 47
4398 42
26393 47
18352 42
23776 59
4920 51
10689 50
27832 42
23403 37
27634 52
3419 52
1466 36
3655 47
4348 51
24583 38
4927 47
10074 44
20540 33
1690 35
22482 52
11630 54
4803 48
16197 44
19423 30
6029 37
27243 34
28772 49
4916 37
25366 40
23292 47
26197 31
11299 31
15353 49
5833 44
16001 48
9715 44
11266 47
22220 45
26726 37
2669 44
29774 45
13334 53
6279 42
4915 44
8072 34
12863 54
2399 41
18879 46
8534 44
13655 44
18803 32
23128 21
22465 44
7310 35
11522 53
22838 45
27907 34
23751 43
1072 30
28258 52
28524 49
2367 43
19670 40
29196 44
18974 37
3209 42
14750 42
5347 35
1766 36
2247 47
16280 42
7296 39
17933 39
19948 62
28997 49
11916 47
2935 50
26165 42
26008 46
28826 44
8100 33
21906 38
13819 36
2694 46
4934 54
28939 35
26327 44
13222 37
7270 45
24856 40
8321 34
29116 53
14703 53
2812 38
11511 36
28737 28
23430 42
3525 43
18321 47
240 33
29818 42
18069 36
13515 38
21438 53
24835 38
9828 34
29379 37
3480 35
14132 41
6237 35
2736 37
17591 40
1007 32
20296 32
25723 32
20788 43
16278 36
26569 46
24674 36
28694 47
21910 50
10824 34
26539 46
24863 43
12559 50
9019 42
13752 41
6596 41
11702 33
586 41
23271 40
3017 51
1728 46
2901 42
6367 45
6263 45
17487 48
12251 55
19112 51
3053 39
3470 44
8731 49
11254 53
25798 39
966 27
15733 37
14937 49
24277 42
26575 50
22076 53
27217 47
23604 22
28728 44
28812 35
28634 40
15596 41
17218 44
17775 29
26903 40
27365 38
12784 41
23488 48
13616 43
22360 58
6160 57
17098 47
23560 50
24057 44
7238 47
4322 43
11725 41
9980 38
5107 55
13581 41
19659 33
22285 32
10822 45
15875 45
7319 47
26063 44
5390 44
17923 53
21427 44
2241 43
22636 48
28283 40
10070 41
17714 51
10722 35
13286 34
926 53
5116 44
15068 28
13469 53
25358 37
19327 40
19363 50
28135 47
10163 59
17392 44
20530 46
8457 41
8573 46
9985 39
12056 37
9644 35
5726 57
24561 37
17726 30
23946 37
9796 26
25701 49
27534 40
8830 43
11086 29
8963 40
27484 38
28038 41
23344 32
16727 49
1845 51
19000 33
475 30
16965 45
22474 31
17827 63
7829 36
18022 42
15191 46
13381 36
29652 42
3478 32
26847 35
8661 42
28394 51
20978 46
28562 37
26776 47
13494 42
25635 42
3639 49
16904 47
20042 40
5179 45
5351 45
5764 48
29212 39
2235 34
18489 31
18629 46
24510 41
29804 44
3253 39
14656 41
28034 39
7917 37
20139 52
9789 44
13368 36
21859 51
29989 40
24890 38
21260 40
68 44
16650 41
28550 38
14806 39
2781 34
23908 57
27084 47
8081 52
23381 36
25707 45
8424 28
16907 45
325 42
15619 41
20220 42
8264 46
5712 40
7454 50
16064 43
6225 45
16461 40
27756 46
27315 43
6371 25
25288 41
1140 39
10129 46
18924 54
20119 50
9514 39
2561 41
28028 31
9385 35
24208 34
23499 46
3393 38
20524 39
2634 45
5796 56
195 44
2153 48
20359 46
21995 46
27156 42
23003 34
10518 39
12827 41
16471 39
6509 40
25856 43
3464 47
21159 47
1727 60
8897 37
21271 63
26329 45
4574 45
16809 54
23012 46
11505 46
694 42
13616 33
7148 37
24558 37
24882 44
26675 40
18624 45
19588 41
3082 56
19780 53
12960 43
14746 36
14469 43
20088 50
12642 28
25704 41
7237 45
11493 42
23611 39
24607 35
20225 44
16695 50
24777 44
23108 36
3885 51
3275 34
25192 31
13808 37
19341 42
20714 40
10093 47
27521 37
10664 48
12910 41
18678 46
