0.45171412940127004 1
0.5620611326836654 1
0.568334332139659 1
0.6070844708857556 1
0.6082187389458649 1
0.6125160329559274 1
0.6393635932567089 1
0.6784591807706498 1
0.6910657762821323 1
0.6921887101319862 1
0.6922954784636238 1
0.6929734110705038 1
0.693214236253959 1
0.6945278629057243 1
0.6968283298581968 1
0.7247511290012306 1
0.7351479287564762 1
0.7356457734348991 1
0.7584554967192839 1
0.7718829385529185 1
0.8017667613808759 1
0.8081879118637678 1
0.8109069370309908 1
0.812085279271679 1
0.8148782448117737 1
0.8187475756984718 175
