
 0.290
 0.430
 0.420
 0.390
 0.530
 0.420
 0.490
 0.330
 0.390
 0.430
 0.310
 0.360
 0.390
 0.390
 0.450
 0.390
 0.470
 0.440
 0.360
 0.510
 0.520
 0.400
 0.410
 0.370
 0.380
 0.350
 0.380
 0.360
 0.340
 0.490
 0.310
 0.460
 0.370
 0.410
 0.410
 0.430
 0.400
 0.370
 0.420
 0.400
 0.350
 0.370
 0.410
 0.410
 0.390
 0.400
 0.450
 0.360
 0.430
 0.370
 0.390
 0.370
 0.420
 0.500
 0.390
 0.310
 0.370
 0.380
 0.380
 0.440
 0.480
 0.380
 0.440
 0.330
 0.350
 0.360
 0.520
 0.320
 0.370
 0.390
 0.260
 0.540
 0.410
 0.450
 0.390
 0.400
 0.320
 0.400
 0.410
 0.390
 0.440
 0.460
 0.410
 0.520
 0.430
 0.420
 0.330
 0.530
 0.370
 0.420
 0.490
 0.590
 0.430
 0.320
 0.420
 0.420
 0.320
 0.360
 0.340
 0.450
 0.510
 0.400
 0.480
 0.500
 0.370
 0.410
 0.400
 0.310
 0.340
 0.350
 0.390
 0.350
 0.420
 0.280
 0.470
 0.400
 0.320
 0.340
 0.470
 0.480
 0.300
 0.400
 0.470
 0.400
 0.510
 0.380
 0.470
 0.440
 0.400
 0.460
 0.350
 0.300
 0.350
 0.350
 0.460
 0.310
 0.440
 0.220
 0.400
 0.370
 0.340
 0.460
 0.410
 0.440
 0.410
 0.500
 0.400
 0.350
 0.380
 0.370
 0.370
 0.340
 0.340
 0.380
 0.490
 0.400
 0.380
 0.350
 0.410
 0.410
 0.450
 0.290
 0.500
 0.390
 0.510
 0.360
 0.280
 0.410
 0.390
 0.390
 0.440
 0.370
 0.410
 0.490
 0.370
 0.330
 0.490
 0.370
 0.430
 0.440
 0.410
 0.410
 0.330
 0.400
 0.380
 0.420
 0.290
 0.310
 0.420
 0.480
 0.390
 0.460
 0.380
 0.460
 0.420
 0.540
 0.370
 0.300
 0.320
 0.360
 0.460
 0.410
 0.470
 0.370
 0.360
 0.390
 0.450
 0.410
 0.290
 0.410
 0.350
 0.510
 0.330
 0.330
 0.430
 0.430
 0.390
 0.450
 0.400
 0.330
 0.320
 0.460
 0.400
 0.430
 0.430
 0.420
 0.350
 0.400
 0.360
 0.430
 0.400
 0.400
 0.460
 0.350
 0.370
 0.460
 0.440
 0.360
 0.470
 0.340
 0.430
 0.330
 0.450
 0.280
 0.430
 0.460
 0.440
 0.380
 0.330
 0.450
 0.420
 0.520
 0.390
 0.490
 0.480
 0.410
 0.370
 0.300
 0.320
 0.420
 0.360
 0.450
 0.490
 0.310
 0.430
 0.460
 0.360
 0.410
 0.360
 0.400
 0.390
 0.350
 0.280
 0.490
 0.450
 0.420
 0.370
 0.370
 0.370
 0.390
 0.480
 0.470
 0.380
 0.360
 0.420
 0.460
 0.370
 0.380
 0.430
 0.410
 0.410
 0.490
 0.390
 0.390
 0.460
 0.470
 0.410
 0.390
 0.350
 0.420
 0.440
 0.370
 0.440
 0.420
 0.460
 0.290
 0.440
 0.370
 0.370
 0.420
 0.440
 0.420
 0.350
 0.290
 0.330
 0.390
 0.380
 0.220
 0.280
 0.440
 0.440
 0.390
 0.410
 0.480
 0.410
 0.400
 0.320
 0.450
 0.350
 0.510
 0.410
 0.490
 0.420
 0.380
 0.440
 0.430
 0.360
 0.530
 0.520
 0.330
 0.340
 0.340
 0.400
 0.500
 0.380
 0.290
 0.480
 0.380
 0.490
 0.320
 0.260
 0.470
 0.320
 0.310
 0.310
 0.310
 0.360
 0.330
 0.390
 0.430
 0.390
 0.360
 0.420
 0.320
 0.330
 0.540
 0.270
 0.370
 0.340
 0.510
 0.330
 0.360
 0.460
 0.410
 0.370
 0.430
 0.320
 0.320
 0.370
 0.440
 0.360
 0.500
 0.460
 0.350
 0.420
 0.460
 0.370
 0.340
 0.340
 0.430
 0.410
 0.380
 0.430
 0.490
 0.440
 0.360
 0.430
 0.430
 0.390
 0.360
 0.360
 0.420
 0.390
 0.390
 0.320
 0.430
 0.360
 0.330
 0.380
 0.280
 0.390
 0.340
 0.300
 0.420
 0.510
 0.470
 0.390
 0.340
 0.490
 0.370
 0.440
 0.470
 0.480
 0.580
 0.300
 0.360
 0.320
 0.420
 0.460
 0.400
 0.360
 0.340
 0.400
 0.460
 0.340
 0.450
 0.330
 0.460
 0.310
 0.480
 0.360
 0.430
 0.380
 0.500
 0.370
 0.370
 0.470
 0.360
 0.380
 0.410
 0.400
 0.390
 0.350
 0.310
 0.450
 0.360
 0.470
 0.410
 0.440
 0.430
 0.450
 0.410
 0.460
 0.420
 0.380
 0.400
 0.380
 0.480
 0.400
 0.350
 0.430
 0.430
 0.310
 0.290
 0.440
 0.280
 0.400
 0.400
 0.290
 0.380
 0.540
 0.380
 0.450
 0.450
 0.450
 0.390
 0.420
 0.450
 0.450
 0.400
 0.510
 0.470
 0.440
 0.380
 0.350
 0.320
 0.410
 0.490
 0.440
 0.430

