0.41555943540466134 1
0.438195761473521 1
0.43843464673110616 1
0.44210906225543617 1
0.4439748575166598 1
0.4440704732316794 1
0.4444655904586039 1
0.44515700529868246 1
0.44611824087139035 1
0.4478532461015836 1
0.45052057293782427 1
0.45154872732404777 1
0.45379623949392317 1
0.4539761189989613 1
0.45660548834439746 1
0.45672898997363215 1
0.45696310679472896 1
0.4584613566382007 1
0.45925910815967164 1
0.4593643959918281 1
0.4600550256654055 1
0.46006648810136036 1
0.4610405478825632 1
0.4610427389136632 1
0.46215270119967167 1
0.46223746584000686 1
0.4631200752666205 1
0.4634626746197989 1
0.4642035352210801 1
0.4644943060534458 1
0.4645245441895418 1
0.4647207555138169 1
0.4650984862774512 1
0.46701137620220995 1
0.467596496829372 1
0.46838980696562194 1
0.4684376355902941 1
0.4687463693963636 1
0.46979641580251724 1
0.4699694117058128 1
0.46998571207115986 1
0.4700803694375194 1
0.470652200285014 1
0.4709304499601161 1
0.47100265291401194 1
0.47111789924187875 1
0.4712493491918698 1
0.4715481727179169 1
0.47193560744686963 1
0.47240030024394364 1
0.47294498572366345 1
0.473392743925638 1
0.4736293161405247 1
0.47366777189433235 1
0.4747627243929683 1
0.4747746397225951 1
0.4753101273529446 1
0.4757018901782714 1
0.47573385780568594 1
0.4757808607297098 1
0.4764186407518476 1
0.4764895376008402 1
0.4767359370964379 1
0.47701012897286676 1
0.4776781193222298 1
0.47775887631798775 1
0.47820781193131723 1
0.4785191878564514 1
0.4790916407980397 1
0.4793946195108743 1
0.47964225552205436 1
0.4797284173047789 1
0.4807203223723571 1
0.4816530709364277 1
0.4816858049279488 1
0.4822811842066562 1
0.48243984322111977 1
0.48277964668319584 1
0.4836282155699348 1
0.48363218097323313 1
0.48411024747540987 1
0.4844466702959708 1
0.4845484180413123 1
0.4857962852858837 1
0.4860993470038051 1
0.4871643762203577 1
0.4873143533672317 1
0.4874757518082151 1
0.48766563643842475 1
0.48777943999614776 1
0.48786983342611046 1
0.48790931470006077 1
0.48845596520307183 1
0.48870100420935536 1
0.4896693541421395 1
0.4898083556750563 1
0.4898606510370971 1
0.4908356008458859 1
0.4912493651942251 1
0.4917731648412599 1
0.4917771271160562 1
0.4921213600317924 1
0.4925240078517436 1
0.492535702464924 1
0.4926195644635374 1
0.4927472001390742 1
0.4928303945125287 1
0.49291378512471956 1
0.49386241064320574 1
0.4944553113812688 1
0.49459990353169425 1
0.496853887217262 1
0.4974025254221378 1
0.4974298208541264 1
0.49816349350778827 1
0.4982629859974164 1
0.49867328178462134 1
0.4989903924016509 1
0.4992320756543336 1
0.4993221349152464 1
0.4996867612077199 1
0.49980699890089925 1
0.5006718380329105 1
0.5008673814907549 1
0.501054190410979 1
0.5014432897423291 1
0.501795975495072 1
0.5022414194493325 1
0.5044402636473021 1
0.5045458430301921 1
0.5061583439693118 1
0.5063019888426042 1
0.5068298435133641 1
0.5071733927539793 1
0.5072100800940632 1
0.5073694886291521 1
0.5074719512414423 1
0.5076924171446047 1
0.5078860110357661 1
0.5083317636740604 1
0.5086345699564973 1
0.5100622875675097 1
0.5103317813455465 1
0.5111615070297577 1
0.512157497393803 1
0.5121629039674488 1
0.5123759721979408 1
0.512376855119809 1
0.5128213383166199 1
0.5128473253545507 1
0.5128730207344326 1
0.5129608321839586 1
0.5140528896602933 1
0.5143141481324941 1
0.5144395151303471 1
0.5151483698085714 1
0.5155205870800487 1
0.5157569717192425 1
0.5161223983218803 1
0.5173488791995364 1
0.5177946049499401 1
0.517853829297671 1
0.5178765415042944 1
0.5179609016068362 1
0.5183187549423385 1
0.5186363387890558 1
0.5195674866572941 1
0.5202782338384846 1
0.5203692309688249 1
0.5213563311128834 1
0.5220044862778327 1
0.5226632388962912 1
0.5235246008514262 1
0.5237481820962963 1
0.5241602786928788 1
0.5248030379454458 1
0.5257302996561944 1
0.5265770769331651 1
0.5275277372737106 1
0.5276241703329054 1
0.5277267187998586 1
0.5310598315979754 1
0.5310882305083626 1
0.5319672325681482 1
0.5327394376838653 1
0.534256215532391 1
0.5375132860619289 1
0.5382214703068136 1
0.5383583355767668 1
0.5410921448703014 1
0.5414663681058856 1
0.542136935114179 1
0.5421427861076856 1
0.5427715001889385 1
0.5507622562041612 1
0.5518308133629654 1
0.5566307888368826 1
0.5608938754564874 1
0.5626216974911344 1
0.5638352410377016 1
