0 0.14590478568864762
1 0.33894267679892076
14 0.7244898236559956
52 0.39812599831295903
128 0.21792472554228082
146 0.038088197196180396
152 0.36455311380514144
373 0.23767816415309595
432 0.9225016563009067
481 0.3826417057141277
462 0.6130519950220301
221 0.9667037959348357
499 0.030159373722389637
295 0.09054765336414572
162 0.46447302507313426
209 0.1809033580547864
441 0.6943561728583901
264 0.11855173464435953
294 0.952810357780149
480 0.8255016277375548
467 0.21628841511901087
377 0.8770475344247595
458 0.03766984446329347
299 0.5474634172356446
305 0.5964829925333108
210 0.24367235355726957
256 0.5097901592742273
139 0.11224687139638845
370 0.28230971764251855
403 0.780406066143479
257 0.8935654634413556
144 0.7157811534821819
115 0.13912519582194094
239 0.23880134529428954
191 0.33978028408993743
258 0.3833703123773221
37 0.9373726640875587
101 0.4375882380347348
482 0.2429119881572499
137 0.21593468191147158
69 0.9872441553353589
342 0.027067489359291264
13 0.23565926891142974
26 0.8258830050530562
355 0.07451520517402088
349 0.6263211903638257
396 0.6800099094002732
141 0.3129624694946701
312 0.6161692709693861
303 0.6736113747273401
22 0.8071032059792251
38 0.8406073165612238
426 0.8630111847089132
248 0.13678777674676268
413 0.21705798068998128
261 0.7016112044820125
192 0.0598690666794478
247 0.2046261828225312
225 0.017392558590194063
241 0.15303465111330894
220 0.019410932974539552
131 0.7974867921114588
251 0.1265264190333576
483 0.34298032239028253
164 0.5684517758196259
55 0.3395600127935319
59 0.7999555810945125
84 0.5388182404229499
448 0.809753587695736
175 0.7474161059329681
297 0.8606306827172125
215 0.7907481349863746
179 0.6143663764051163
64 0.838214079426692
103 0.13928788817192939
263 0.3332511999259913
89 0.42594408365660974
186 0.980097242931143
317 0.21253879043211832
474 0.33553355330897283
104 0.9689959647188827
135 0.14514933304367017
194 0.5447409670261004
410 0.8062619389350734
32 0.7177825549078186
56 0.7538249857807853
154 0.218032754459765
436 0.46583455259904694
445 0.4785431083513716
100 0.594748119365733
177 0.40247806499793337
341 0.34407626314347806
70 0.2551927524169859
173 0.20325491605586588
469 0.7043814230908282
206 0.7183817251817547
283 0.9823740879916976
368 0.0954976271764203
122 0.262323761974257
444 0.7695950355159876
285 0.5500069823401209
369 0.32500873415398923
379 0.05131873139480558
431 0.3429181386493193
449 0.018024697445679694
490 0.259120294053538
195 0.6424266860437514
440 0.6963872298012185
265 0.4869433499400284
86 0.45218837293198855
41 0.9771328316869271
347 0.6756746307032293
2 0.03105880438824149
3 0.4200087838811084
99 0.19737680337456565
133 0.4730109525849371
301 0.23636811144660796
489 0.46405583920268223
354 0.7750008414873427
39 0.6386479934088637
136 0.5523125887326481
414 0.9615893859063596
123 0.3035093536333737
167 0.11691380364270076
234 0.7286977275879202
363 0.2346486674549606
365 0.4748522164607979
309 0.8603271583987161
330 0.37657348470176344
4 0.3872202316805953
5 0.9628838676582263
452 0.3247189613157663
411 0.29268714677688035
245 0.8408075475175524
383 0.034079547868780424
315 0.1799863664152639
182 0.08738671121765385
484 0.8876302415931235
273 0.662641929701626
307 0.7149703692674937
244 0.9417099674148698
109 0.7581672388920438
392 0.33764487905322527
339 0.2757286366029599
476 0.6896951587422071
475 0.7550364113374358
459 0.34162024199569385
464 0.7803480461079616
187 0.8227992250181725
288 0.2340971880781293
149 0.815168463823055
43 0.9124324873269856
351 0.6833124619769672
374 0.7495918691623505
321 0.14900322830000134
196 0.5854253070449359
408 0.41742883297147515
447 0.26578759868580815
232 0.748217799257273
54 0.7106607595835642
33 0.23824977528251412
280 0.2908028693097292
96 0.9865168779402839
485 0.6186081230409648
230 0.8198866988817989
378 0.3195258571066826
495 0.706926925750138
253 0.8291130385124436
142 0.6012817594923389
40 0.7347511075711581
61 0.8116214583730231
174 0.3037282795735843
404 0.5740567888944466
250 0.9146946248749283
320 0.24059163990986365
327 0.8057472571394095
402 0.3059766318956496
199 0.13763557665596726
229 0.7514048626668751
113 0.440432779072236
451 0.4383380320295832
329 0.9667677324782104
36 0.2112495779387873
6 0.7465952094584658
7 0.18214110264127759
53 0.1375001169665787
266 0.6592120693038797
202 0.549056200213272
398 0.1353502080458865
493 0.22430598436240035
286 0.028233104703958567
471 0.6227713335945415
216 0.12425506415793985
117 0.0016218977629155473
124 0.530812612777246
153 0.5038770022275197
268 0.3908775798673697
325 0.18338892917921346
326 0.6111557700843737
361 0.5810922438051083
151 0.8836571031495539
364 0.4658433347507961
66 0.10885071267790303
68 0.23973056734061393
238 0.24790396224683586
388 0.44429936038133777
322 0.3663197247434379
358 0.4162513570428634
316 0.5525591710334488
205 0.4328463706410397
227 0.8598064429825496
73 0.2854993845969499
412 0.4773822943449513
453 0.40244759114236295
159 0.25035248996857373
218 0.40884308786099754
278 0.5298612423564522
340 0.7372778361910476
270 0.7738883088233411
393 0.4400543563773385
80 0.1467679086331768
372 0.5845262855549298
399 0.7185541973461095
130 0.1753822688510992
454 0.6834000859842939
249 0.9693622748115875
132 0.7503044240298375
118 0.3278387163628138
77 0.938773076633019
25 0.0818216359307199
473 0.20796785688945807
58 0.9561138855608045
19 0.3863308260913909
23 0.8121636484961734
94 0.5458143421224746
108 0.4254876775525991
310 0.3160200959920768
385 0.5160792574683615
387 0.6875056213953559
401 0.9724059365422028
42 0.7723697677887863
161 0.7964334578968361
338 0.6209173568043634
95 0.39783135842280803
107 0.5602555958401311
170 0.8333735160371616
443 0.8177574233390085
165 0.4315797738962466
346 0.05626671730621613
287 0.656904510913116
343 0.45619662152011564
8 0.6399145013175651
16 0.5185736538512468
31 0.24566186165166715
255 0.8707104606440987
468 0.3448866418076869
406 0.3706463361945218
422 0.12069075604358137
430 0.003191405030132932
421 0.34845688284020093
293 0.09075439443553857
331 0.48907018972223226
246 0.643209292356147
366 0.7924324620347722
456 0.6147303063682726
30 0.5277165228727357
423 0.8683082651028731
233 0.8304851716824659
407 0.9997210871265717
90 0.9072349617025101
197 0.34876896546479585
384 0.6085878002882794
277 0.8328219068192656
323 0.16015795185290027
156 0.8842665935529552
112 0.7486116391650972
47 0.1605418293265749
418 0.07708876778032225
428 0.756934801572145
461 0.46809024537725763
254 0.3221016151035633
333 0.9108712551047455
85 0.19955531913741864
171 0.22959369550920083
427 0.8331561288325046
110 0.7605538862311132
81 0.6699541363135468
20 0.9792433649048198
114 0.858202839705512
417 0.4760853884635302
160 0.29347050582080136
242 0.8952601239552637
334 0.046820542395223375
208 0.4535249947640433
284 0.11514306486509451
375 0.7848343235481389
207 0.6341083159077058
121 0.02593760567634773
158 0.761245072888639
439 0.17639431438892894
45 0.8019440500411171
498 0.3573691151800159
292 0.31318727820880987
357 0.4112025774774054
362 0.5048303642370762
455 0.9277156795505417
166 0.6722458036240282
168 0.1909128749527863
271 0.4763947762139652
337 0.39699880697919
409 0.9064529741936465
27 0.16021940416753688
17 0.29353049082529703
18 0.33888903047780383
204 0.2480254195347249
228 0.5477759335324239
492 0.10271743295057678
212 0.925524571403061
88 0.42095431039819386
243 0.8478028937784534
262 0.2745123033442888
92 0.8037322394680373
75 0.5048339577086861
87 0.6732579411825615
193 0.4221524890612298
97 0.6586902095091899
134 0.9897999724016533
51 0.7548567215903383
429 0.31561794704084245
183 0.3486699441799318
60 0.05660756693629421
29 0.873525834595208
185 0.6644478198331852
352 0.2526400492654569
394 0.8577953428126938
219 0.7533799944743773
281 0.415799340643054
181 0.6808477170288603
224 0.079399930872036
486 0.19810623883248912
344 0.6656936344907086
433 0.02485262543648059
477 0.3732309229916778
419 0.5102168199288174
223 0.026749013305815472
425 0.6910119557868721
371 0.20596738202277964
446 0.01061099506620855
35 0.7820259076750091
9 0.25752434131666124
15 0.38425330969309546
28 0.2173500217323867
416 0.39164184475435504
236 0.34398858759690987
386 0.33349454654362154
126 0.5478548588216935
180 0.9880734681178059
356 0.16645375078836944
74 0.47692715547258513
328 0.8751833184358945
360 0.8839400531479507
200 0.4431481769768596
291 0.47712754658748535
78 0.8064722412403769
34 0.7943919495289865
457 0.592426013177541
466 0.2020401138779645
296 0.08219358446868896
217 0.1407238160336871
290 0.7689901604034338
44 0.10421045644975435
24 0.7572203131930321
189 0.12464022477959058
82 0.704211435087718
304 0.9263438836232019
332 0.7914176023880156
143 0.01607815380166777
48 0.4714770302685122
65 0.5615353844086229
389 0.41696175663365376
213 0.5774417868586981
319 0.08092949476473832
472 0.23776436613332952
106 0.708732742076344
203 0.6696385650613981
275 0.5910942940780534
120 0.06588960510232611
155 0.08525600569406189
442 0.03315384403528676
222 0.25486185943748774
252 0.4782793129318279
260 0.1985030060213121
335 0.8785676006729056
272 0.49788414471953923
491 0.5217669693837542
300 0.027673577737828747
259 0.5110786010442927
314 0.6729509275284514
308 0.6862751344306616
178 0.42001885240050585
211 0.08927919633781989
111 0.42013052041841925
63 0.983642232355326
380 0.12354054404701964
465 0.2744754313105954
83 0.017401336787688737
231 0.3259714709320142
105 0.47969352936577414
57 0.402403774061725
62 0.7295997872518148
306 0.20780108698539235
190 0.467295639652888
226 0.640629617559162
302 0.833617314310081
71 0.8048074453870581
125 0.23539306466417897
267 0.6598978132361292
176 0.4765400122738933
235 0.7816009938286617
497 0.8825606587084099
201 0.6863573199254867
49 0.6440735536137415
12 0.6588144184324205
127 0.9902316689611025
318 0.6952926523679738
415 0.16732619442865682
437 0.9968279244552796
479 0.5954088816846399
188 0.5584743255077684
397 0.3396978726154669
311 0.5485802177823759
460 0.8122264943919354
282 0.6036823783130555
116 0.7729720755010397
198 0.37862869259433807
148 0.9359731040708194
353 0.9788237846173168
376 0.5825032507754739
435 0.3317055402660314
324 0.9861235804976024
46 0.2126223043689801
91 0.7242850942743246
214 0.20263158074713816
478 0.6345379797319274
98 0.1518052105438843
102 0.07364980843524394
138 0.011338068912523425
157 0.4783521646690133
163 0.15855501188276666
237 0.5156895241893461
496 0.9606154769677191
487 0.534121844526878
390 0.05938565614848457
420 0.08689457771357478
169 0.959787540269818
391 0.05789097891749717
438 0.567006403137435
129 0.696518499805528
172 0.26343393273841376
494 0.1482639943570767
269 0.832333299168089
488 0.8417283930066326
359 0.2106202475253106
150 0.520166589972566
274 0.24053542043265652
279 0.8349965852117561
240 0.31862907932906936
367 0.4203436890971751
313 0.04944528176873009
350 0.6598925825160382
470 0.04442786039385227
348 0.5792109039791025
72 0.3210767918451707
289 0.3674732119246762
140 0.5014541803980246
276 0.8382780871329399
336 0.05296649643591145
382 0.5749789338868991
67 0.65441896105203
11 0.38141771788429124
10 0.18608013122956812
298 0.11462332162728972
381 0.05887171565656257
93 0.9039946375720139
405 0.6965430905224871
424 0.25062379542994984
463 0.3228293727492979
345 0.06887983169570278
395 0.39260798982515877
76 0.5024644768169114
434 0.7004974392224019
79 0.9227215991144658
21 0.39422650619623856
147 0.700747494599409
119 0.5288628896152588
145 0.2542812925570409
450 0.9459061699030784
184 0.9288907941079932
400 0.5453530796090438
50 0.6304809951593574
