
 0.465
 0.518
 0.463
 0.448
 0.490
 0.482
 0.519
 0.471
 0.499
 0.534
 0.508
 0.467
 0.507
 0.563
 0.462
 0.486
 0.507
 0.514
 0.542
 0.477
 0.513
 0.487
 0.491
 0.464
 0.561
 0.564
 0.461
 0.501
 0.499
 0.542
 0.474
 0.457
 0.479
 0.468
 0.506
 0.518
 0.493
 0.518
 0.531
 0.541
 0.533
 0.500
 0.528
 0.515
 0.465
 0.451
 0.508
 0.531
 0.488
 0.497
 0.476
 0.475
 0.552
 0.509
 0.482
 0.457
 0.513
 0.476
 0.458
 0.445
 0.510
 0.470
 0.508
 0.517
 0.478
 0.518
 0.463
 0.472
 0.465
 0.471
 0.484
 0.470
 0.500
 0.501
 0.457
 0.491
 0.484
 0.524
 0.499
 0.494
 0.444
 0.512
 0.513
 0.520
 0.444
 0.484
 0.492
 0.541
 0.482
 0.516
 0.485
 0.495
 0.480
 0.522
 0.501
 0.492
 0.523
 0.493
 0.525
 0.489
 0.490
 0.513
 0.504
 0.472
 0.538
 0.520
 0.521
 0.532
 0.462
 0.469
 0.538
 0.524
 0.492
 0.476
 0.487
 0.494
 0.484
 0.479
 0.472
 0.471
 0.493
 0.471
 0.528
 0.459
 0.520
 0.490
 0.497
 0.486
 0.511
 0.557
 0.488
 0.488
 0.478
 0.498
 0.477
 0.471
 0.444
 0.475
 0.512
 0.464
 0.442
 0.497
 0.438
 0.482
 0.526
 0.487
 0.476
 0.507
 0.454
 0.475
 0.528
 0.480
 0.468
 0.507
 0.514
 0.538
 0.514
 0.518
 0.502
 0.527
 0.446
 0.454
 0.501
 0.474
 0.498
 0.476
 0.473
 0.488
 0.473
 0.461
 0.502
 0.493
 0.499
 0.493
 0.438
 0.516
 0.551
 0.488
 0.524
 0.505
 0.507
 0.512
 0.460
 0.506
 0.478
 0.481
 0.510
 0.452
 0.479
 0.470
 0.483
 0.543
 0.493
 0.512
 0.459
 0.470
 0.468
 0.460
 0.516
 0.416

