0.4019478152883403 1
0.4069875150309609 1
0.4072770437265759 1
0.4080140434842531 1
0.40812590915065755 1
0.4109877051675353 1
0.41302859150485566 1
0.4158867087412819 1
0.416323230329962 1
0.4183587795273487 1
0.4190807350297242 1
0.41926861151915235 1
0.41928620704288205 1
0.4217245983514138 1
0.42180666910642356 1
0.4218362566384311 1
0.4237241154458862 1
0.4247544242762713 1
0.42484726701043996 1
0.42508338467931606 1
0.4253593733777947 1
0.42548776622604223 1
0.42740846667798643 1
0.42741349069231377 1
0.42822585161699456 1
0.4285067783735591 1
0.429001669644019 1
0.42934740990781867 1
0.43069615404045025 1
0.43200450179357347 1
0.43217128469826105 1
0.4323739421152834 1
0.43349766481460406 1
0.43363662088019905 1
0.43466356001903156 1
0.4348256649299069 1
0.4348415025697529 1
0.43574609472750586 1
0.436178816406548 1
0.43677283625614194 1
0.436794727433015 1
0.4380094773012836 1
0.43834716132977475 1
0.4387142090887125 1
0.43899571303045987 1
0.4390631892343935 1
0.439817305167915 1
0.4402579047961247 1
0.44026058037776816 1
0.44035172412265244 1
0.4407087669529081 1
0.44081110897752096 1
0.4410221764516537 1
0.44233482481718456 1
0.44263757958343064 1
0.4427496842974668 1
0.44316502842672145 1
0.44332740490183015 1
0.4438289604348002 1
0.44425620184248465 1
0.44429913100869683 1
0.44441524071053484 1
0.444513197793054 1
0.4446579356288494 1
0.44580107497010346 1
0.44585174816414136 1
0.44609962315956253 1
0.44620369269736904 1
0.44634227339532656 1
0.4463834022133655 1
0.44647517137005804 1
0.44649159274988337 1
0.44677759273786194 1
0.4467977103471678 1
0.4473340557000239 1
0.44763142960130897 1
0.4481623251734361 1
0.44822595086087647 1
0.44906115629676546 1
0.44941973467269924 1
0.44965346001199946 1
0.44972062356905723 1
0.44973529485743974 1
0.45008905475336797 1
0.4509177166328147 1
0.4511298144623818 1
0.45118102939932436 1
0.4512355971893406 1
0.45143365988802253 1
0.45149824352861506 1
0.45176767365497983 1
0.4518124783249959 1
0.45190694020711314 1
0.45246871242832926 1
0.45252457344886815 1
0.4525312970588517 1
0.4531369696936756 1
0.4532106946005762 1
0.45331531874933534 1
0.4533630288368897 1
0.45356298952931595 1
0.45356678406221157 1
0.4537181242095588 1
0.453767897480586 1
0.4538624466946106 1
0.45411796609072674 1
0.45412150984600436 1
0.4546811007352393 1
0.4550430282880633 1
0.45620230773310944 1
0.45689223796651207 1
0.4570715303204427 1
0.4573279080943778 1
0.45797896721213915 1
0.458013104279373 1
0.4587417576449691 1
0.45877345126722474 1
0.46033931994724014 1
0.46039589122461827 1
0.46082480322020414 1
0.4610822636248724 1
0.46143770750428703 1
0.46150188847336815 1
0.46203844199723726 1
0.4625786776138953 1
0.4642282554148345 1
0.464251295643793 1
0.46444974925181653 1
0.4649774953548988 1
0.46507749352884903 1
0.46521376684420146 1
0.4659330223222043 1
0.46619386687266967 1
0.46657426285646564 1
0.4666719634043015 1
0.46667237262321193 1
0.467679860224688 1
0.46772715190828734 1
0.46787577374840256 1
0.468015729745363 1
0.46825249203663516 1
0.46860199464441893 1
0.469709738297409 1
0.4701805869923154 1
0.47021079224485535 1
0.4705361638681977 1
0.47055372714594523 1
0.47060017773220614 1
0.47102068200040237 1
0.4712793932674616 1
0.4719684056883912 1
0.4725899102578584 1
0.47308566816716097 1
0.4732900376601023 1
0.47403853414723124 1
0.47416359716993084 1
0.4747206471060086 1
0.47586659235851747 1
0.4759855794567364 1
0.4759881974222192 1
0.4765693698344917 1
0.47657258932661795 1
0.476854819889817 1
0.477195195450051 1
0.4779579166275896 1
0.4780961271303006 1
0.47821884595812975 1
0.47852397351749454 1
0.4789376618741618 1
0.4792279611592253 1
0.4793779084810144 1
0.48124620905667503 1
0.4814662608678812 1
0.4817416454407082 1
0.4818105801782447 1
0.4834902093203279 1
0.4835790375501903 1
0.48366203648328415 1
0.4836775849642359 1
0.4837101305951952 1
0.48374644509122416 1
0.484318236490479 1
0.4845390934924121 1
0.485176050717754 1
0.48629590356484764 1
0.48744369015689026 1
0.4881432681382975 1
0.4885995076039397 1
0.4886865319739816 1
0.48940721877006454 1
0.4911681468340148 1
0.4931308070405207 1
0.49399502510924087 1
0.4943370021801978 1
0.49655225988960505 1
0.49735147701888743 1
0.49903419796647647 1
0.5017861068034396 1
0.5032131886214762 1
0.5061172080913529 1
