
 0.445
 0.457
 0.452
 0.437
 0.461
 0.428
 0.425
 0.476
 0.416
 0.441
 0.425
 0.473
 0.439
 0.418
 0.494
 0.476
 0.475
 0.408
 0.441
 0.439
 0.468
 0.484
 0.438
 0.432
 0.440
 0.497
 0.451
 0.449
 0.485
 0.506
 0.437
 0.471
 0.454
 0.477
 0.451
 0.471
 0.440
 0.478
 0.499
 0.454
 0.435
 0.454
 0.425
 0.484
 0.468
 0.481
 0.497
 0.463
 0.464
 0.465
 0.468
 0.444
 0.459
 0.488
 0.456
 0.422
 0.449
 0.489
 0.443
 0.465
 0.478
 0.452
 0.448
 0.485
 0.448
 0.453
 0.470
 0.468
 0.429
 0.484
 0.461
 0.446
 0.464
 0.482
 0.460
 0.503
 0.438
 0.446
 0.491
 0.452
 0.433
 0.431
 0.454
 0.454
 0.443
 0.411
 0.471
 0.446
 0.464
 0.473
 0.460
 0.446
 0.481
 0.429
 0.479
 0.474
 0.477
 0.474
 0.469
 0.486
 0.402
 0.453
 0.459
 0.482
 0.447
 0.467
 0.455
 0.479
 0.467
 0.448
 0.450
 0.453
 0.479
 0.439
 0.416
 0.457
 0.484
 0.487
 0.413
 0.451
 0.407
 0.452
 0.446
 0.453
 0.434
 0.470
 0.450
 0.440
 0.472
 0.407
 0.424
 0.467
 0.432
 0.429
 0.453
 0.425
 0.441
 0.446
 0.408
 0.450
 0.447
 0.468
 0.451
 0.442
 0.489
 0.458
 0.473
 0.427
 0.484
 0.444
 0.451
 0.446
 0.422
 0.454
 0.436
 0.478
 0.443
 0.502
 0.477
 0.489
 0.422
 0.476
 0.493
 0.457
 0.436
 0.461
 0.471
 0.470
 0.419
 0.483
 0.451
 0.419
 0.455
 0.432
 0.447
 0.444
 0.462
 0.458
 0.494
 0.454
 0.440
 0.443
 0.444
 0.446
 0.484
 0.479
 0.435
 0.425
 0.453
 0.427
 0.419
 0.471
 0.450
 0.462
 0.435
 0.466
 0.445
 0.477
 0.465
 0.466

