1 33
1 57
0 44
0 46
3 49
3 47
2 42
3 41
0 44
0 38
2 41
3 48
2 46
0 46
3 37
0 47
1 47
1 35
3 52
1 35
0 45
0 48
1 39
1 35
1 43
1 46
3 39
3 47
0 38
3 39
0 29
0 32
0 29
2 44
1 43
2 46
0 44
3 37
3 41
1 53
0 41
2 40
1 44
2 49
0 30
1 39
1 38
1 37
3 49
1 42
3 43
1 40
3 39
1 49
2 41
0 45
3 50
0 49
1 37
1 49
3 50
0 45
2 34
2 42
2 44
2 53
0 38
2 31
0 43
1 41
3 40
2 47
0 50
1 45
0 42
3 48
2 31
1 44
2 47
3 46
1 49
3 52
1 33
0 43
1 42
0 41
0 43
3 41
0 50
2 43
1 45
1 45
0 47
3 40
2 35
0 48
2 50
1 41
3 39
3 44
3 40
3 55
1 43
0 33
0 45
3 48
0 44
0 51
0 41
0 36
2 37
1 48
3 48
0 32
0 44
0 40
3 36
2 32
2 45
1 41
0 44
0 40
1 50
2 48
3 45
2 43
1 42
1 32
2 41
3 42
3 52
0 38
3 32
2 39
1 49
2 45
0 42
0 29
2 44
2 37
1 52
1 40
0 45
3 37
3 36
2 47
0 56
0 44
0 40
0 40
2 35
2 35
0 35
0 36
1 32
2 41
2 38
1 46
1 50
0 50
1 41
2 38
1 39
3 33
0 35
1 46
2 38
2 40
0 37
1 55
2 41
2 51
2 49
1 50
3 47
0 34
2 53
3 41
2 48
3 42
2 41
1 31
0 38
0 44
3 38
0 32
3 45
0 42
2 48
1 29
3 48
3 54
1 43
2 28
0 61
2 39
3 34
0 39
1 32
3 46
