0.4370460478310519 1
0.470091985868047 1
0.47350314127072607 1
0.4755396469211761 1
0.481191863732706 1
0.4827004134596908 1
0.49070425455645733 1
0.4917961232478334 1
0.4928204313614401 1
0.4950805833973662 1
0.4967681162810828 1
0.497125451237029 1
0.4973016750047398 1
0.4986880025658179 1
0.5005025236535272 1
0.5009562069421818 1
0.5012190734813635 1
0.5013110700109414 1
0.5014845618901532 1
0.5021228907438475 1
0.5026355734948931 1
0.5037849993017539 1
0.5041432715755338 1
0.5048948566610949 1
0.5056414972576154 1
0.5105422123578444 1
0.5124744562638078 1
0.5145855418604753 1
0.5146964968893308 1
0.5152969322433183 1
0.5158326405035032 1
0.5159903509129212 1
0.5164523357141878 1
0.5166646907985293 1
0.5169856362955876 1
0.5172988801379912 1
0.518386057327667 1
0.5185064221765798 1
0.521287720244442 1
0.5215975637244532 1
0.5227895982196421 1
0.5236892067431402 1
0.5238520945822648 1
0.5248525224132868 1
0.5250092757796783 1
0.5254049568118626 1
0.5258809558868659 1
0.5260520382773406 1
0.5265027151740207 1
0.526571604805547 1
0.526784928538697 1
0.5276485845104814 1
0.5278001871325483 1
0.52787808361437 1
0.5282392823410127 1
0.5291048848784119 1
0.5295550101202168 1
0.5295776550178511 1
0.5298958085018299 1
0.530786923894217 1
0.5313257713748897 1
0.5315592706669666 1
0.5316897223617782 1
0.5332380942968272 1
0.5340148501162166 1
0.5342913061217803 1
0.5343738663141249 1
0.5356974743150775 1
0.535986337578636 1
0.5372555087360426 1
0.5372657108349964 1
0.5380901665510293 1
0.5380931801938728 1
0.5386496588998975 1
0.5407709588754144 1
0.5413285345970641 1
0.5420529975693832 1
0.5422017071972721 1
0.5422878026383576 1
0.5428369322871868 1
0.5433263448641195 1
0.5441909787527108 1
0.5442257509979627 1
0.5449087916613817 1
0.5449627663244354 1
0.5452759481929543 1
0.5455304320563968 1
0.5455807403602485 1
0.5456623706695002 1
0.5462640870961522 1
0.5464572919479371 1
0.5466334560948566 1
0.5468038106821079 1
0.5474402475933318 1
0.5475470820065179 1
0.5479622555915998 1
0.5484396731367849 1
0.548903493088181 1
0.5490764949911204 1
0.5492428530363846 1
0.5492574858946389 1
0.5493162963289223 1
0.5494604699665515 1
0.5511267530853385 1
0.5518280130995893 1
0.5520516392620383 1
0.5526044882319581 1
0.5529119686464825 1
0.553479784345555 1
0.5534825605333907 1
0.5535316258108722 1
0.5541577053710008 1
0.5542832543649405 1
0.5544452342318577 1
0.5550454280204138 1
0.5551965375364724 1
0.5552801510763491 1
0.5553946258071083 1
0.5564755858064754 1
0.556947422883099 1
0.5578707312477238 1
0.5580759072811353 1
0.5587289518051932 1
0.5590646209475059 1
0.5591150817935505 1
0.5597748031399309 1
0.5598814487783779 1
0.560285091030672 1
0.5603486447587153 1
0.5605236745055787 1
0.5611406525026651 1
0.5613609054100344 1
0.5619383458851168 1
0.5631912950193547 1
0.5635376353291965 1
0.5640660929606056 1
0.5649695765047074 1
0.5652638333326327 1
0.5661309209558714 1
0.566684716958995 1
0.5669202281269865 1
0.5672193239638469 1
0.5681571116298313 1
0.5704990331556544 1
0.5708218574709347 1
0.5709775925775485 1
0.5711415339069705 1
0.5713825758914467 1
0.5715920608212295 1
0.5727490162373486 1
0.572831809928334 1
0.5739005352671233 1
0.574200716797169 1
0.5748405149365197 1
0.5752279726233687 1
0.5756443743798436 1
0.5756900273378547 1
0.575831950744663 1
0.5759721123510242 1
0.5772885827570491 1
0.5784061800901944 1
0.5798086357230278 1
0.5806669630048864 1
0.5809076003430588 1
0.5810604678024858 1
0.581377637316201 1
0.5817440425042146 1
0.5822230355387809 1
0.5830209865428493 1
0.5845770743981985 1
0.5847659772790056 1
0.5851110829805403 1
0.5852543202455418 1
0.5857961632584311 1
0.5862182359145696 1
0.587205622938258 1
0.5890249849215171 1
0.5892162283802695 1
0.5900815683678777 1
0.5903113674212985 1
0.590362496981929 1
0.5912602814946016 1
0.5919378342329854 1
0.5933992238919967 1
0.5936909746127177 1
0.5945495087799426 1
0.5956776298466745 1
0.596482903815304 1
0.5993888361895787 1
0.6006573387430023 1
0.6027826400934111 1
0.6031530285755047 1
0.6045726199745883 1
0.6049811533104591 1
0.6054286286614938 1
0.6060753536257673 1
0.607891328214996 1
0.6080806239409392 1
0.6115192846819193 1
0.6197542235908332 1
