
 0.605
 0.504
 0.497
 0.572
 0.560
 0.557
 0.620
 0.549
 0.606
 0.525
 0.522
 0.527
 0.528
 0.567
 0.552
 0.539
 0.553
 0.521
 0.517
 0.544
 0.605
 0.589
 0.546
 0.505
 0.554
 0.437
 0.541
 0.590
 0.564
 0.551
 0.541
 0.483
 0.542
 0.567
 0.599
 0.536
 0.555
 0.559
 0.545
 0.501
 0.533
 0.553
 0.534
 0.574
 0.585
 0.560
 0.538
 0.571
 0.504
 0.525
 0.556
 0.519
 0.511
 0.526
 0.518
 0.578
 0.501
 0.549
 0.531
 0.546
 0.587
 0.523
 0.576
 0.512
 0.528
 0.542
 0.567
 0.590
 0.503
 0.481
 0.526
 0.546
 0.555
 0.559
 0.553
 0.562
 0.561
 0.560
 0.493
 0.581
 0.534
 0.517
 0.474
 0.585
 0.563
 0.554
 0.549
 0.542
 0.608
 0.595
 0.549
 0.524
 0.559
 0.516
 0.497
 0.576
 0.566
 0.549
 0.530
 0.537
 0.605
 0.571
 0.571
 0.495
 0.577
 0.536
 0.565
 0.554
 0.543
 0.516
 0.501
 0.501
 0.582
 0.544
 0.568
 0.555
 0.527
 0.576
 0.547
 0.545
 0.537
 0.515
 0.528
 0.580
 0.530
 0.589
 0.499
 0.565
 0.546
 0.571
 0.470
 0.558
 0.570
 0.564
 0.547
 0.516
 0.552
 0.517
 0.531
 0.586
 0.529
 0.596
 0.501
 0.554
 0.576
 0.582
 0.573
 0.553
 0.583
 0.593
 0.591
 0.534
 0.524
 0.545
 0.491
 0.575
 0.502
 0.546
 0.573
 0.492
 0.594
 0.515
 0.497
 0.575
 0.549
 0.515
 0.548
 0.560
 0.608
 0.525
 0.538
 0.532
 0.561
 0.603
 0.585
 0.530
 0.527
 0.547
 0.581
 0.585
 0.592
 0.558
 0.561
 0.612
 0.601
 0.555
 0.596
 0.586
 0.548
 0.543
 0.548
 0.506
 0.581
 0.532
 0.590
 0.528
 0.574
 0.603
 0.581
 0.476

