4 44
0 32
3 39
1 37
3 37
4 33
3 47
4 50
3 34
1 38
3 55
3 47
4 42
4 47
2 37
3 49
1 45
0 44
2 30
1 48
3 39
0 41
3 40
4 43
4 38
2 38
0 41
4 48
0 39
1 35
3 38
0 44
4 39
1 42
0 39
0 48
3 39
1 49
2 31
3 46
2 43
0 37
0 51
2 59
2 52
3 41
3 31
2 43
0 46
0 37
3 44
1 42
3 36
1 48
0 37
4 32
2 49
2 47
2 44
3 50
0 36
1 40
4 39
0 42
4 46
2 40
2 50
4 42
3 36
2 46
3 43
0 31
4 46
4 34
1 39
2 39
1 46
4 37
4 29
3 46
1 40
4 32
1 44
4 38
4 45
0 37
0 39
1 37
0 33
3 34
1 42
3 44
2 49
3 41
1 39
2 43
2 47
3 33
3 39
4 30
0 39
4 32
4 39
3 44
0 45
1 42
3 35
3 40
4 42
0 51
4 47
2 53
1 52
0 35
4 34
2 48
3 36
3 51
0 48
3 42
1 43
3 43
1 40
4 51
4 36
0 28
3 53
3 44
2 48
4 41
0 48
3 47
2 42
2 33
4 39
4 36
0 30
0 34
0 47
4 48
0 47
1 46
3 31
1 49
2 44
4 31
2 40
0 41
2 48
2 37
1 36
4 48
1 39
2 40
3 35
1 41
3 50
3 50
3 35
0 58
2 44
2 49
2 30
3 38
4 49
2 31
1 43
4 42
4 62
0 40
2 35
1 33
3 40
0 49
2 40
2 37
2 34
0 30
3 43
0 35
2 44
1 41
4 43
3 41
0 51
1 44
1 43
0 40
1 54
4 36
2 49
2 39
3 36
4 43
3 45
3 35
0 35
2 46
1 33
3 38
