
 0.000
 0.000
 0.000
 2.000
 0.000
 0.000
 0.000
 0.000
 0.000
 0.000
 0.000
 0.000
 0.000
 0.000
 0.000
 3.740
 0.000
 0.000
 0.000
 0.000
 0.000
 2.000
 0.000
 0.000
 0.000
 0.000
 0.000
 0.000
 0.000
 0.000
 0.000
 0.000
 0.000
 0.000
 0.000
 0.000
 0.000
 0.000
 2.000
 0.000
 0.000
 0.010
 0.000
 0.000
 0.000
 0.000
 0.000
 0.000
 0.010
 0.000
 0.000
 0.040
 1.950
 0.010
 0.000
 0.050
 0.000
 0.000
 0.000
 0.040
 0.000
 0.010
 0.000
 0.000
 0.000
 0.000
 0.010
 0.050
 0.000
 0.000
 0.000
 0.000
 0.000
 0.000
 0.000
 0.000
 0.000
 0.000
 1.910
 0.000
 0.000
 0.000
 0.000
 0.000
 0.010
 0.000
 0.000
 0.000
 0.000
 0.000
 0.000
 0.000
 2.000
 0.000
 0.000
 0.000
 0.000
 0.000
 1.990
 0.000
 0.000
 0.010
 0.000
 0.000
 0.000
 2.000
 0.000
 0.000
 0.000
 0.000
 0.000
 0.000
 0.000
 0.010
 2.000
 0.000
 0.000
 0.000
 0.000
 2.000
 0.000
 0.000
 0.010
 0.000
 0.000
 0.000
 0.000
 0.010
 0.000
 0.000
 0.000
 0.000
 0.000
 0.000
 2.000
 1.930
 0.000
 0.000
 0.000
 0.000
 0.000
 0.000
 0.000
 0.000
 2.000
 0.000
 0.000
 0.000
 0.000
 0.000
 2.000
 0.000
 0.000
 0.000
 1.950
 0.000
 0.000
 0.000
 0.000
 0.000
 0.000
 0.000
 0.000
 0.010
 0.000
 0.000
 0.000
 0.000
 0.000
 0.000
 2.000
 0.000
 1.940
 0.000
 0.040
 0.000
 0.000
 0.000
 0.000
 0.000
 0.000
 0.000
 0.000
 1.990
 0.000
 0.000
 2.000
 0.000
 0.000
 0.010
 0.000
 0.000
 0.000
 0.000
 0.000
 0.010
 0.000
 0.000
 0.000
 0.010
 0.000
 0.000
 0.000
 0.040
 0.000
 0.000
 0.000
 0.010
 2.000
 0.000
 0.000
 0.000
 0.040
 0.000
 0.000
 0.000
 0.000
 0.000
 0.000
 0.000
 2.000
 0.010
 0.000
 0.000
 0.000
 0.000
 0.000
 0.000
 0.000
 0.000
 0.000
 0.000
 0.000
 0.000
 0.000
 0.000
 0.000
 0.000
 0.000
 0.010
 0.000
 0.000
 0.000
 0.000
 0.000
 0.000
 0.000
 0.000
 0.000
 0.000
 2.000
 0.000
 0.000
 0.000
 0.000
 0.000
 0.000
 2.000
 0.000
 0.000
 0.000
 0.000
 0.000
 0.000
 0.000
 0.000
 0.000
 0.000
 1.910
 0.000
 2.000
 0.000
 0.000
 0.000
 0.000
 0.000
 0.010
 2.000
 0.010
 0.000
 0.000
 0.000
 0.000
 0.000
 2.000
 0.010
 0.000
 0.000
 0.010
 0.000
 2.000
 0.000
 0.000
 2.000
 0.000
 0.010
 0.000
 0.000
 0.000
 0.000
 0.000
 2.000
 2.000
 0.000
 0.000
 0.000
 0.040
 0.000
 0.000
 2.000
 0.000
 0.000
 0.000
 2.040
 1.950
 0.000
 0.000
 0.000
 0.000
 0.000
 0.000
 3.990
 2.000
 0.000
 0.000
 2.000
 0.000
 0.010
 0.000
 2.000
 0.000
 0.000
 0.000
 0.000
 0.000
 0.000
 2.000
 0.040
 0.000
 0.000
 0.010
 2.000
 0.000
 0.000
 0.000
 0.000
 2.000
 0.000
 0.040
 0.000
 0.000
 0.000
 1.990
 0.000
 0.000
 0.000
 2.000
 0.000
 2.000
 0.000
 2.000
 0.000
 0.000
 0.000
 0.000
 0.000
 0.000
 0.010
 0.000
 0.000
 0.000
 0.000
 0.020
 0.000
 0.000
 0.010
 0.000
 0.000
 0.000
 0.000
 0.000
 0.000
 0.000
 0.000
 0.000
 0.000
 0.000
 0.000
 1.910
 0.000
 0.000
 0.000
 0.010
 0.040
 0.040
 0.000
 0.000
 0.000
 0.000
 0.000
 0.000
 0.000
 0.040
 0.000
 0.000
 0.000
 2.000
 0.000
 0.000
 1.950
 2.000
 1.990
 0.000
 0.000
 0.000
 0.000
 0.010
 0.000
 0.010
 0.000
 0.000
 0.000
 0.000
 0.000
 0.000
 0.040
 0.000
 0.040
 0.000
 0.000
 0.000
 2.000
 1.990
 0.000
 0.000
 0.010
 0.000
 2.000
 0.000
 0.000
 0.000
 0.000
 0.040
 0.000
 2.000
 2.000
 2.000
 0.000
 2.000
 0.000
 0.000
 2.000
 0.000
 0.000
 0.000
 0.000
 0.000
 2.000
 0.000
 1.910
 0.010
 0.000
 2.000
 0.000
 3.910
 0.000
 0.000
 0.000
 0.000
 0.000
 0.000
 0.000
 0.000
 0.000
 0.000
 0.000
 0.040
 0.000
 0.000
 0.000
 0.000
 0.000
 0.000
 0.000
 0.000
 0.000
 0.000
 0.000
 0.000
 0.000
 0.000
 3.900
 3.990
 0.000
 0.000
 0.000
 2.000
 0.000
 1.970
 0.000
 0.000
 0.000
 0.000
 0.000
 0.000
 0.000
 0.000
 0.000
 2.000
 0.000
 0.000
 0.000
 0.000
 0.000
 0.000
 1.950
 0.000
 0.000
 0.000
 0.000
 0.000
 0.000
 0.000
 0.000
 0.000
 2.000
 0.000
 0.000
 0.000
 0.000
 0.010
 2.000
 0.000
 0.000
 0.000
 0.000
 2.000
 0.000
 1.990
 0.000
 0.000
 0.000
 0.000
 0.000
 0.000
 0.000
 0.000
 0.000
 0.000
 0.000
 0.000
 0.000
 0.000
 0.000
 1.990
 0.000
 1.990
 0.000
 3.990
 0.040
 0.040
 0.000
 0.000
 0.000
 0.000
 0.000
 0.000
 0.000
 0.000
 2.000
 0.000
 0.000
 1.990
 0.000
 0.000
 0.000
 0.000
 0.000
 0.000
 0.000
 0.000
 0.000
 0.010
 2.000
 0.000
 0.000
 2.000
 2.000
 0.000
 2.000
 0.000
 0.000
 0.040
 0.000
 0.000
 0.000
 0.000
 0.000
 0.000
 2.000
 0.000
 0.000
 0.000
 0.000
 0.000
 0.010
 0.010
 0.000
 1.950
 0.000
 0.000
 0.000
 0.000
 0.000
 0.040
 0.000
 2.000
 0.000
 0.000
 2.000
 0.000
 0.000
 0.000
 0.000
 0.000
 0.020
 0.000
 0.000
 0.040
 0.000
 0.000
 0.000
 0.040
 0.040
 0.000
 2.000
 2.000
 0.010
 0.000
 0.000
 0.000
 0.000
 0.000
 0.000
 2.000
 0.000
 0.000
 0.000
 0.000
 0.000
 0.000
 0.000
 0.000
 0.000
 0.000
 0.000
 0.000
 0.000
 0.000
 0.000
 0.000
 1.990
 0.000
 0.000
 0.000
 0.000
 0.000
 0.000
 0.000
 0.000
 0.000
 0.000
 0.000
 0.000
 4.000
 0.000
 0.000
 0.010
 0.010
 0.000
 0.000
 0.000
 0.000
 0.000
 0.000
 0.010
 3.950
 0.000
 0.000
 0.000
 0.000
 0.000
 0.000
 0.000
 0.000
 0.000
 0.000
 0.000
 0.000
 0.000

