2 0.48560096285524035
0 0.5013396715318031
1 0.2849117373488883
3 0.9183793390826567
23 0.999443033915331
193 0.5706363069812835
453 0.6682694605195395
58 0.5420067698097426
132 0.3607001097623138
232 0.6039392666269037
591 0.522328364111844
208 0.8143054439997106
495 0.48723798246387273
319 0.6390720914900778
118 0.22328708551439092
320 0.9601019405882858
567 0.1493383317650383
457 0.447735365406039
511 0.6535486068266014
544 0.23186441673190705
293 0.5610436462546724
454 0.056288874411929646
379 0.3863643078332173
461 0.5691583178317484
677 0.0680282729942514
478 0.763711782210152
219 0.6592573162353587
227 0.003143924123178987
614 0.16756655305966506
100 0.02423740820716147
14 0.9745325120650846
158 0.6196682557611384
190 0.9614924895855216
282 0.2816639027835832
112 0.15075721836117184
331 0.2621344756152707
249 0.4900122190183054
377 0.6860637717387778
513 0.33543737621219205
317 0.6640851658204878
363 0.2067929006664162
265 0.40692969413823865
166 0.3184177729440304
492 0.9508281529987327
214 0.9864959093705681
57 0.6384444907269822
160 0.40396452661794824
553 0.375687994738361
630 0.14305776917957103
519 0.5272784274662154
538 0.625446029118731
650 0.8173087161838716
531 0.5655089473701554
404 0.620341653737046
418 0.5628024516871273
496 0.6391473958544367
540 0.5646960666248142
691 0.2781440395181891
266 0.29649998501633634
588 0.1709995691156877
389 0.9251848877201345
394 0.2869807029902268
376 0.8144643980494879
183 0.6860471969333365
96 0.45723010318317436
125 0.18811623066883676
443 0.27479929620495547
167 0.5583275828296126
91 0.5633071493494828
34 0.36628950265909543
64 0.7389117170347373
135 0.8304957282933582
688 0.11455678249297019
150 0.4170914028752546
264 0.3115191201438916
682 0.09263339895042833
609 0.21329723955756608
119 0.5763946194982736
253 0.6432312985439884
581 0.469502335640795
221 0.8363778609217334
583 0.5610655999418029
640 0.4296658474098677
67 0.18519512122477455
470 0.10592937557581883
315 0.39910161378132825
689 0.46704783374991043
154 0.920355735829104
225 0.30394702971476273
401 0.3982259524121057
489 0.5408298160089455
102 0.9643837192460936
116 0.6237192247629626
372 0.03328144691991752
204 0.671763188507934
514 0.11301133781724948
85 0.3902812731776958
54 0.540955346753802
323 0.7663507900775242
505 0.040139595188797283
566 0.45532310637309703
480 0.31305578211511653
178 0.9873559557494908
545 0.6225519088591843
41 0.626836005160237
4 0.04208287839924818
5 0.41991058140902104
75 0.2889217282455291
136 0.6659888750482769
55 0.30407420481510683
343 0.28976678845314874
117 0.9919947163374307
216 0.6219409341301311
502 0.04583853259420245
671 0.6411256223604229
613 0.2056707390920971
641 0.22276233435208692
420 0.6737568758253561
546 0.9641174121206947
308 0.07716307224544805
412 0.40183853946610304
15 0.7643427997612058
39 0.8341400888335075
52 0.4713987953853108
390 0.9212118035883625
644 0.5091992125717473
292 0.37900127053568256
74 0.011326005025717234
134 0.47316972038003835
494 0.6083680242171181
522 0.5679937228967323
628 0.14888877026493852
261 0.3853144539237531
500 0.24078028925683737
386 0.10408664660046696
65 0.23764938656892953
66 0.42862769699834125
153 0.9393533064782932
301 0.8013949072240064
619 0.9865344844329884
223 0.269964939404708
529 0.8061877681303163
108 0.33033637406524285
557 0.0449605049475893
44 0.1208202350036599
616 0.34480024428817535
257 0.3823500206796976
483 0.29676481959856293
558 0.6401046382215896
695 0.7116840768070787
30 0.8022288438577049
62 2.0237132015576975E-4
51 0.38988440545038605
196 0.5719872947833624
382 0.6319952418038459
89 0.8481668995886263
122 0.17706902853612316
209 0.8040785531336332
251 0.751497654660984
287 0.9001895394112804
173 0.14881806693854127
161 0.039986197152309555
171 0.6914466868068428
618 0.9124101593348882
358 0.45002109716858785
27 0.7488242309256732
6 0.623152405800395
113 0.28497047358357486
295 0.022023215980404798
314 0.7046316642877132
155 0.72049703523149
350 0.4715236668783068
524 0.3179339259806192
450 0.13404077762859967
269 0.5170209664308135
405 0.7069009091016276
220 0.5315351621185884
99 0.793573269115859
559 0.041790384175889095
657 0.5334139083795907
375 0.18415500987849087
568 0.2400467696752211
148 0.726481131907687
302 0.8965260748716727
45 0.20455682378148166
189 0.015758733607200148
206 0.07915334585349398
579 0.033346461553809714
603 0.649677558928609
174 0.20569095740410948
585 0.779762247178222
84 0.1765895218786011
19 0.6055227171451675
29 0.46061156267076286
406 0.8502613785944232
398 0.9913609331070821
469 0.6661306911956082
242 0.07167398553907289
296 0.3243419254905088
169 0.15878607313935078
354 0.08998027864633584
233 0.00899740632673729
131 0.16906403867075648
145 0.9184026068760608
435 0.2048351310398434
318 0.7466396786175219
191 0.0362667947161619
380 0.5657317170208099
248 0.17692622785357637
229 0.0505549775428179
230 0.5835507596372855
515 0.6484551297151144
647 0.8551030729266526
211 0.26209655353017447
37 0.025332371643555174
424 0.3726187107067488
429 0.348807927258465
517 0.8666892257728772
384 0.3720321948726184
146 0.6489083127398098
255 0.7365702601806009
299 0.24024592509254572
403 0.7094078361823438
570 0.2416083936373813
636 0.5890803628250055
56 0.5880068836398111
141 0.6467092148400894
210 0.6565817583774839
359 0.9640975826451817
164 0.5857299163602062
272 0.8921134151655205
307 0.21610550647442162
506 0.4127226600841587
627 6.793996669358648E-4
597 0.6302368808940839
434 0.4827161891556905
653 0.8042781138767408
129 0.5953409319002738
391 0.48153753836114477
325 0.8449324867874557
574 0.9918934632349037
237 0.7788325340685697
556 0.9897767144636229
252 0.013399090614788278
98 0.7754078445854505
38 0.8678072126910916
11 0.2231081435619926
17 0.344776778468038
449 0.6478643727586266
637 0.03504398701151912
684 0.26105546382100797
300 0.23797349954872682
388 0.9693198918601269
535 0.9624330024034151
668 0.1250498529832137
121 0.7777019238099611
303 0.4415543134550599
351 0.8989302647584968
268 0.6441527561438963
28 0.6879968646957643
207 0.28921740182332256
586 0.33905969130902924
338 0.7524913591824703
385 0.8586131920760335
608 0.4062737750642017
699 0.9454719994147622
607 0.9108420831465449
675 0.6097230977470989
163 0.6716200714299644
611 0.4613452102119058
565 0.7719466683394027
277 0.46005870721277475
430 0.8238201140404326
138 0.08772726836567035
575 0.7462833700648679
510 0.5841732224923225
512 0.34997718239772446
610 0.06069456117349559
284 0.45191745315961385
460 0.3190587521361905
184 0.7891521881792057
547 0.9887795792292747
245 0.397338210626187
244 0.08115131249068974
159 0.582191405401971
81 0.0635870678920607
7 0.6048086619617024
8 0.9232012744099409
322 0.8559158183809469
213 0.2346875975297854
673 0.20715666403406507
693 0.5074460563851237
447 0.9931514583937499
666 0.16487532212574774
123 0.48366734575702097
324 0.15998226774507462
374 0.1819175069351887
185 0.5145112878234024
235 0.9040267685614738
393 0.08191406080204633
598 0.9203592201514702
617 0.4723403556070874
562 0.8751466053141577
140 0.22469793505160152
76 0.6100719796547107
87 0.6596088855151935
486 0.9337946274312778
362 0.13217636375515607
427 0.4659349846849833
258 0.27582305159743803
336 0.84245293869291
548 0.6514437632622717
392 0.041391613734300337
582 0.3135478448870075
634 0.23518990004121565
409 0.6664727308960695
90 0.38706460346119176
92 0.6032478869329715
212 0.41567804593272417
646 0.2915964025783939
507 0.16431123895049582
542 0.6266825450282079
228 0.5771310432715175
286 0.5498581862309537
345 0.3147201432316089
432 0.9107235031449236
663 0.49177875149020445
615 0.9363604702373538
182 0.6264611846270327
660 0.12752437086947355
690 0.7532030174161234
419 0.9073368491127027
651 0.05817925154628223
687 0.9161748393051171
95 0.5839605469503363
674 0.7526958253902036
276 0.07009904038345949
520 0.003026283896687465
411 0.9888361254455509
465 0.6041859333472676
347 0.8757731823638486
172 0.9955071586032401
43 0.9508420075352705
124 0.8923082756712376
104 0.6326305790756473
291 0.7733720475170381
642 0.7920733509486547
86 0.7913460123180187
88 0.7729011761464202
481 0.148692838284041
527 0.47114164715658435
326 0.014664313725102684
370 0.07684939631483989
580 0.6170332166351908
110 0.8515280581001395
114 0.6743203037230383
72 0.6670936073703512
24 0.6135706614412908
36 0.6720661170157605
77 0.6854733236188227
165 0.8655542846968074
260 0.49870107842479916
353 0.7344199498801394
552 0.42635958375433636
346 0.8034458614293775
288 0.10464410285054726
601 0.824170434012557
383 0.5962595150201099
466 0.75674052451739
696 0.5017146777108404
436 0.5112955929989208
387 0.7201552226658344
341 0.45210630882092595
256 0.7144387234587014
373 0.6241033683813692
633 0.5126555253448833
539 0.8429613104007018
631 0.16027642311840473
348 0.5466759939487298
509 0.6403064362440904
536 0.9131892840825607
474 0.6827147203198409
215 0.9730077429110773
234 0.5584012788366355
437 0.3509342831965845
626 0.1522616195099138
126 0.8896263082309848
200 0.32860385312832996
532 0.3402722550463332
267 0.3735084373801806
612 0.7506273878563551
197 0.8481881234239755
283 0.684967502296781
639 0.6914699387303679
201 0.5823635692732999
332 0.21738109220209845
396 0.0058420299085881755
397 0.5182840890967907
472 0.6591653021553563
73 0.05079441510471927
464 0.37398126673882714
550 0.8524383050541235
270 0.7405011967414036
410 0.5561923254914519
144 0.5571466656784129
240 0.7103177479023242
335 0.25098168920491604
589 0.9550450899920003
442 0.5011985437726633
9 0.8263131364200595
364 0.5053604310302386
485 0.9409263015364207
537 0.48361048379644034
106 0.8920883083219107
199 0.3163483613884671
670 0.5879017059888682
176 0.7144922374051799
68 0.08379681868574007
70 0.1979282122265117
369 0.7479599019569486
499 0.8145323172781485
533 0.12335150392672634
475 0.3665841879451802
635 0.47564014135158983
333 0.7107030387861206
433 0.5643997704932278
157 0.27625690024426064
330 0.1857162413174247
676 0.053079283728191595
525 0.4188063052289219
592 0.2343499200353214
407 0.7724159183024314
275 0.25190534589134694
476 0.3376247130815443
360 0.46895716363073914
578 0.9180092719080597
523 0.19980882621460394
681 0.2654903409457706
455 0.5666214308744937
312 0.8528407357063909
203 0.46155911918142833
101 0.06226290344666863
109 0.06982963173841394
309 0.6122707089979665
503 0.7173509189497381
576 0.7832149855519516
534 0.4759748245450889
625 0.13850308726852378
408 0.772105984829616
685 0.2111388581856195
590 0.9076511793792739
686 0.5731066453605682
327 0.15778264479324122
337 0.4423174641082728
423 0.3584181500422703
654 0.928745187008936
340 0.29282355006794647
365 0.9684884595943056
236 0.4264967122197032
606 0.09276516460541884
659 0.8666993962114894
13 0.9564239929004783
20 0.5609950526248816
137 0.6427224813339235
600 0.8367698551819224
187 0.5141799899103192
263 0.6581756298712111
329 0.6168286414836827
415 0.7716589447157411
94 0.318768936689116
310 0.9107074303589549
667 0.322459136865455
569 0.9521082341867582
170 0.6656243609048335
40 0.7795009155565605
61 0.1725264155360231
604 0.34040600634547835
452 0.8908010384962706
561 0.19892265231407047
678 0.17899990384019293
649 0.5717956717046423
262 0.12944670134595648
352 0.8227971298359694
541 0.5847562742026488
623 0.8253353381549289
554 0.9135314136176199
655 0.9811468773853609
661 0.9028280595641388
504 0.3791205270720416
69 0.03161589983932489
501 0.859604241253779
669 0.6732539715664219
491 0.7417681425365069
662 0.4389000448172803
188 0.10027988514103858
378 0.043698533328331846
445 0.7265116461861701
497 0.5431547971174362
313 0.45697764156393594
142 0.4731542067809579
162 0.0890580703433711
414 0.07479805359206881
78 0.9605052191980401
10 0.32078345935469366
16 0.009222119155196995
21 0.8509433892619539
115 0.22970516115172424
127 0.3119562477342135
692 0.03184039211539247
290 0.5639134071111118
587 0.5753956776855805
683 0.8690526220240703
371 0.5335620978847705
32 0.7516898436996525
241 0.5662452461620023
648 0.30966339764906703
274 0.3976484001700955
280 0.8231450524922586
357 0.07547907200745385
297 0.28604757918203705
468 0.6788041043524091
658 0.15308417284387565
493 0.7340094090678485
202 0.709445969035402
361 0.9992860717435758
48 0.044104061486051616
18 0.650160147537403
25 0.011371996622535074
222 0.9339083945512728
698 0.08104786784581941
402 0.25658414995705603
179 0.7735101124504243
367 4.988902853482191E-4
53 0.0528509310090729
97 0.039375286066719806
311 0.8811612017433911
130 0.9951896672122764
246 0.9717001328821034
459 0.46290748857928854
488 0.6648991008562758
656 0.34065865871229517
594 0.626700893841127
549 0.9785066475347569
342 0.13261521450037517
467 0.47265971284987895
638 0.9250700633857515
46 0.6739784094433497
50 0.12935064436140153
60 0.7053424690028983
186 0.7406664180404982
355 0.853579055730603
521 0.5417877515207776
621 0.7379901710759288
530 0.06736461439479302
551 0.7837112482259301
431 0.5143453234133909
239 0.04558658228813761
152 0.1965965025394466
289 0.33049824426379193
224 0.036185809805498126
448 0.7757171806738822
473 0.48353343262566717
59 0.2761195141698283
80 0.24239965298526334
439 0.5720457804699286
334 0.47077106167626603
417 0.6522817742960781
441 0.3720601370226455
508 0.7062780471160099
596 0.8789681191920672
572 0.900852745706285
664 0.7069252010798036
83 0.9988547464356323
156 0.7774432933741138
487 0.3674162421798255
426 0.5470090149781186
643 0.4751165845754367
180 0.49499264789587705
279 0.9688342126857041
560 0.7325050790602231
571 0.5994458935298118
605 0.746295544933569
629 0.6710376622094637
63 0.057464864737840626
458 0.7394884724521195
620 0.5188708586600116
149 0.8192901750292803
278 0.1039912808372282
573 0.5044269207634219
247 0.9410474102038261
181 0.8037004531437052
33 0.5121632866132638
35 0.36357364921299873
243 0.34296752448306844
456 0.7470788220956129
139 0.13254340112562557
444 0.9160631145022184
555 0.7264669229290135
22 0.6071839289412204
49 0.3457131392273902
103 0.7065335168241057
652 0.21066703535780906
298 0.4918102088976841
462 0.38774353141883844
697 0.6756041785496982
316 0.6593745152675614
93 0.8467461673466102
680 0.8715098689124772
105 0.39238487946716083
133 0.47321603799062595
563 0.5286212585925061
238 0.4187720664604997
438 0.2667457749063824
416 0.0230600998814825
71 0.3571255396406693
526 0.7657162383429431
305 0.26498959753404805
413 0.6499776110714551
147 0.19826866375745178
285 0.016992176902755896
593 0.13919893383613446
111 0.6984774454394534
349 0.11688178435029739
672 0.7070291898496434
599 0.4548992873608986
194 0.6473808776322718
425 0.23063313322507895
602 0.7826908455661868
400 0.04710139627227927
226 0.27656677777933414
143 0.4493603644534939
79 0.5863609902828943
42 0.4050860620803901
192 0.006637334391357941
395 0.7236340197547313
484 0.1338789927498436
294 0.6798424292018356
595 0.6594467985878857
339 0.13874687304152922
198 0.965402773448798
273 0.9731970996772944
622 0.7857832082691953
321 0.6617111165801002
107 0.3451455882655935
259 0.23613339573246905
624 0.08267530297933068
516 0.5953610183686303
271 0.5821528703853097
477 0.7516095211037608
254 0.39244488703192915
543 0.9955011815324994
577 0.26471942679821014
518 0.19038868845766332
26 0.3847081125586216
31 0.2892707798512266
168 0.1114042315913697
250 0.6199035558857101
304 0.7087623559082099
421 0.41325023157811314
645 0.9885721674553006
281 0.7440757442934239
399 0.5713631188756005
218 0.4914066188454289
482 0.9158179261614343
665 0.5086880916926207
195 0.10036104689043146
498 0.9423842440049696
381 0.6838955802277976
217 0.8975978996877185
151 0.05680246255614718
344 0.7675956979269761
328 0.6754289983381286
528 0.3334099477242791
368 0.03212471922126614
679 0.5971092689115357
490 0.8612515456572543
12 0.3613796544468665
82 0.4930852681489821
446 0.3564421613829214
428 0.9210847590675317
632 0.2149698089544183
463 0.07805053474177337
128 0.24912503419660004
356 0.6881242792202042
422 0.31573344402336545
177 0.9758353645109747
440 0.9869172351263666
175 0.8266398099815389
47 0.5683320977189978
205 0.8276801216458027
366 0.42440738085103347
564 0.27534598192674875
231 0.09370169015121232
471 0.7507675040730372
479 0.009504145423020804
451 0.8721110751457198
584 0.048883420085736984
694 0.12488173352726639
120 0.46325111482582737
306 0.10120610018871301
