
 0.478
 0.600
 0.614
 0.613
 0.615
 0.619
 0.631
 0.637
 0.637
 0.668
 0.669
 0.675
 0.672
 0.674
 0.674
 0.674
 0.674
 0.674
 0.674
 0.674
 0.674
 0.674
 0.674
 0.674
 0.674
 0.674
 0.674
 0.674
 0.674
 0.674
 0.674
 0.674
 0.674
 0.674
 0.674
 0.674
 0.674
 0.674
 0.674
 0.674
 0.674
 0.674
 0.674
 0.674
 0.674
 0.674
 0.674
 0.674
 0.674
 0.674
 0.674
 0.674
 0.674
 0.674
 0.674
 0.674
 0.674
 0.674
 0.674
 0.674
 0.674
 0.674
 0.674
 0.674
 0.674
 0.674
 0.674
 0.674
 0.674
 0.674
 0.674
 0.674
 0.674
 0.674
 0.674
 0.674
 0.674
 0.674
 0.674
 0.674
 0.674
 0.674
 0.674
 0.674
 0.674
 0.674
 0.674
 0.674
 0.674
 0.674
 0.674
 0.674
 0.674
 0.674
 0.674
 0.674
 0.674
 0.674
 0.674
 0.674
 0.674
 0.674
 0.674
 0.674
 0.674
 0.674
 0.674
 0.674
 0.674
 0.674
 0.674
 0.674
 0.674
 0.674
 0.674
 0.674
 0.674
 0.674
 0.674
 0.674
 0.674
 0.674
 0.674
 0.674
 0.674
 0.674
 0.674
 0.674
 0.674
 0.674
 0.674
 0.674
 0.674
 0.674
 0.674
 0.674
 0.674
 0.674
 0.674
 0.674
 0.674
 0.674
 0.674
 0.674
 0.674
 0.674
 0.674
 0.674
 0.674
 0.674
 0.674
 0.674
 0.674
 0.674
 0.674
 0.674
 0.674
 0.674
 0.674
 0.674
 0.674
 0.674
 0.674
 0.674
 0.674
 0.674
 0.674
 0.674
 0.674
 0.674
 0.674
 0.674
 0.674
 0.674
 0.674
 0.674
 0.674
 0.674
 0.674
 0.674
 0.674
 0.674
 0.674
 0.674
 0.674
 0.674
 0.674
 0.674
 0.674
 0.674
 0.674
 0.674
 0.674
 0.674
 0.674
 0.674
 0.674
 0.674
 0.674
 0.674

