0.44073769115076017 1
0.4485653582994559 1
0.46196204054360285 1
0.46278265667468743 1
0.4668102051364274 1
0.46903719379649467 1
0.4736168531853955 1
0.4751324238977837 1
0.4751686912979309 1
0.475707288651083 1
0.4758330326766121 1
0.47615787537350557 1
0.4773942830864176 1
0.47747900664436266 1
0.4776377458799419 1
0.478975051544481 1
0.4796717585689548 1
0.48011735898889646 1
0.4803057182322749 1
0.4803525209980723 1
0.4816081071065564 1
0.4817932670480643 1
0.48202745427149746 1
0.48243612917648276 1
0.4837749390621679 1
0.4855717577088005 1
0.48612978292273107 1
0.48617822467053473 1
0.486444353475356 1
0.4870024248265375 1
0.48709000208978614 1
0.4872412402098216 1
0.48770565536758786 1
0.48779259525776447 1
0.4878155734903505 1
0.48927470437535847 1
0.4893055600115253 1
0.4894940110031984 1
0.49135104156409676 1
0.49148478779343074 1
0.49170027089866686 1
0.4923012263491453 1
0.4934188176051167 1
0.4939901772632884 1
0.4939973770398066 1
0.4942319790231696 1
0.4948615311809588 1
0.49491575074434124 1
0.49507089815630123 1
0.4951394559456043 1
0.49542249231219787 1
0.49557839143320215 1
0.49610236126762475 1
0.4968838625653998 1
0.4976178231081161 1
0.4981235702419018 1
0.49869115642466133 1
0.4989543639087078 1
0.4999608608101321 1
0.5005435665787895 1
0.5009551107912585 1
0.5017966692014858 1
0.503048307860002 1
0.5035654570088824 1
0.5037958211601277 1
0.5041206442771792 1
0.5042862380565899 1
0.5053366935631103 1
0.5056964715109502 1
0.5058582662503124 1
0.5059568233656614 1
0.5064228290109708 1
0.5067307737655571 1
0.5069126763235003 1
0.5076501492434459 1
0.507804187374189 1
0.508032395826036 1
0.5085187086818144 1
0.5094198146655851 1
0.5094442899746087 1
0.5099620106946621 1
0.5104166986052376 1
0.5106221839842537 1
0.5109856750700977 1
0.5113544859652724 1
0.5115283938001264 1
0.5127788105605632 1
0.5128436355302837 1
0.5132708272583294 1
0.5135997566376421 1
0.5138239140692701 1
0.5146932058120673 1
0.5149588403957596 1
0.51499531704321 1
0.5150310868324663 1
0.5156557027899916 1
0.515675131880895 1
0.5158200286269661 1
0.5159504724696246 1
0.5159733334289812 1
0.516273635389722 1
0.5163809511506151 1
0.5173452335512481 1
0.5175492685245747 1
0.5190584439733275 1
0.5194440636817543 1
0.519783756407424 1
0.5206341439554495 1
0.5212256677394863 1
0.5214681968828487 1
0.5215309815324694 1
0.5215639791249015 1
0.521804066331587 1
0.5221079896592509 1
0.5221178851207346 1
0.5222067945291201 1
0.5222933199879407 1
0.5227880519288266 1
0.5234419217782265 1
0.5234695219625091 1
0.5235577210875493 1
0.5239162484440749 1
0.5239832009994113 1
0.5239939826741242 1
0.5243327679122275 1
0.525281994425078 1
0.5254981993399405 1
0.5257607790121055 1
0.5258910097079076 1
0.5261251691467832 1
0.5265062353117143 1
0.5269811271114445 1
0.5270178002768291 1
0.5272128512151398 1
0.5291883884145883 1
0.529694113191315 1
0.5298152528924605 1
0.5301004057470824 1
0.5301736008195994 1
0.5305508630939907 1
0.5306548777323262 1
0.5326803297616682 1
0.532892044409446 1
0.5331450308310608 1
0.5344338119133238 1
0.5345015086612189 1
0.5347660449259211 1
0.5352449440318938 1
0.5358711688421718 1
0.5363003998415723 1
0.5364656896773229 1
0.5370456298440895 1
0.5373187079831222 1
0.5384030738539362 1
0.5386639987503549 1
0.5386769255704308 1
0.5399066865060554 1
0.5412897110637904 1
0.5416891355368683 1
0.5428835895221384 1
0.5433556315291999 1
0.5438357075322467 1
0.5469019070660507 1
0.5474582047513507 1
0.5475806133708749 1
0.547803471885322 1
0.5482138551104655 1
0.5493145752771335 1
0.5495289204201328 1
0.5498680663981775 1
0.5504605927294003 1
0.5517346226461481 1
0.5519366758889113 1
0.5523192070555961 1
0.5526964089000471 1
0.55273549686446 1
0.5531569243519135 1
0.5534325855547129 1
0.5545565583683433 1
0.556123168596719 1
0.5568832453240052 1
0.5572179204421223 1
0.5574319113061814 1
0.5577179767737878 1
0.5606315585160361 1
0.5647971538559927 1
0.5652346549080682 1
0.565253405157909 1
0.5657860876773163 1
0.566613420957661 1
0.5674565829685707 1
0.5679752167285862 1
0.5690579112639018 1
0.5721613936823622 1
0.5743910990622151 1
0.5777173896717351 1
0.5789945221700564 1
0.5799361683425583 1
0.5818879246636182 1
0.587742858827346 1
