
 0.533
 0.565
 0.548
 0.496
 0.522
 0.588
 0.462
 0.498
 0.509
 0.524
 0.494
 0.488
 0.553
 0.509
 0.506
 0.536
 0.535
 0.477
 0.496
 0.498
 0.533
 0.505
 0.482
 0.542
 0.521
 0.568
 0.527
 0.508
 0.499
 0.497
 0.516
 0.537
 0.513
 0.556
 0.476
 0.494
 0.480
 0.449
 0.521
 0.510
 0.484
 0.495
 0.521
 0.487
 0.512
 0.567
 0.536
 0.482
 0.535
 0.482
 0.558
 0.515
 0.525
 0.547
 0.488
 0.522
 0.543
 0.504
 0.534
 0.506
 0.504
 0.479
 0.567
 0.487
 0.548
 0.572
 0.516
 0.522
 0.549
 0.486
 0.510
 0.487
 0.441
 0.476
 0.557
 0.489
 0.489
 0.524
 0.539
 0.547
 0.530
 0.524
 0.509
 0.529
 0.513
 0.550
 0.491
 0.477
 0.533
 0.503
 0.516
 0.516
 0.531
 0.522
 0.541
 0.476
 0.469
 0.507
 0.561
 0.486
 0.553
 0.580
 0.527
 0.493
 0.552
 0.480
 0.474
 0.482
 0.515
 0.579
 0.535
 0.552
 0.515
 0.524
 0.522
 0.506
 0.478
 0.530
 0.495
 0.553
 0.467
 0.495
 0.530
 0.520
 0.501
 0.508
 0.523
 0.486
 0.513
 0.526
 0.488
 0.537
 0.480
 0.495
 0.508
 0.475
 0.526
 0.494
 0.539
 0.507
 0.489
 0.536
 0.569
 0.500
 0.578
 0.540
 0.522
 0.492
 0.552
 0.557
 0.475
 0.523
 0.511
 0.501
 0.531
 0.511
 0.565
 0.499
 0.566
 0.516
 0.492
 0.491
 0.544
 0.525
 0.526
 0.557
 0.565
 0.538
 0.519
 0.582
 0.463
 0.519
 0.515
 0.518
 0.516
 0.543
 0.527
 0.504
 0.553
 0.480
 0.514
 0.555
 0.511
 0.502
 0.527
 0.522
 0.550
 0.517
 0.550
 0.504
 0.506
 0.514
 0.516
 0.548
 0.574
 0.524
 0.530
 0.523
 0.495
 0.486

