0 33
1 52
1 50
0 40
1 40
2 37
2 42
2 44
0 43
0 36
1 43
2 51
2 40
1 31
2 40
1 41
0 30
0 40
0 52
0 37
2 33
2 41
1 47
1 46
0 52
2 34
2 43
1 44
2 43
2 41
1 51
1 46
2 34
0 35
2 61
1 37
1 50
1 38
0 49
0 46
2 34
0 52
2 44
1 40
1 45
0 36
2 45
2 44
1 38
1 44
2 52
1 46
0 37
1 41
0 46
1 44
2 42
1 35
1 41
0 52
2 26
2 49
1 36
1 33
1 42
1 35
0 33
2 31
1 31
1 40
1 49
1 36
0 48
1 38
2 57
1 44
2 49
1 44
2 39
0 44
0 43
2 35
0 35
1 36
0 64
2 42
0 47
0 42
1 39
0 42
2 50
1 35
0 40
0 27
1 57
1 35
0 49
1 51
1 47
2 38
2 45
2 50
0 37
2 43
1 45
1 33
1 43
2 43
2 45
0 50
1 39
1 41
2 33
1 45
1 43
1 34
1 40
2 48
2 36
0 45
1 43
0 43
1 51
2 32
1 41
0 34
0 54
2 46
0 49
1 34
2 51
2 49
2 42
0 39
0 55
1 36
2 46
2 40
0 46
2 41
2 41
0 41
0 41
2 34
0 42
0 32
2 47
0 48
2 54
0 47
0 46
1 46
2 35
0 42
1 38
0 46
1 37
0 33
1 34
0 40
2 42
2 44
2 27
2 36
2 55
2 37
0 39
1 43
2 43
2 37
0 46
0 49
2 51
1 43
1 49
2 40
1 38
1 46
0 44
1 38
1 41
0 29
2 41
2 40
1 36
1 41
0 38
0 42
2 34
1 36
1 47
2 41
1 31
2 46
0 44
1 35
2 39
2 40
0 39
2 50
