
 0.530
 0.538
 0.530
 0.572
 0.553
 0.518
 0.493
 0.583
 0.559
 0.552
 0.531
 0.544
 0.505
 0.551
 0.519
 0.555
 0.566
 0.562
 0.523
 0.576
 0.522
 0.547
 0.562
 0.519
 0.569
 0.501
 0.530
 0.524
 0.529
 0.575
 0.521
 0.560
 0.570
 0.541
 0.549
 0.506
 0.556
 0.562
 0.553
 0.565
 0.547
 0.533
 0.536
 0.520
 0.545
 0.576
 0.568
 0.564
 0.564
 0.547
 0.544
 0.537
 0.506
 0.519
 0.522
 0.517
 0.550
 0.562
 0.545
 0.529
 0.538
 0.523
 0.550
 0.528
 0.587
 0.545
 0.550
 0.536
 0.551
 0.510
 0.523
 0.514
 0.520
 0.551
 0.528
 0.520
 0.576
 0.565
 0.550
 0.556
 0.537
 0.585
 0.543
 0.533
 0.610
 0.521
 0.523
 0.570
 0.515
 0.529
 0.540
 0.562
 0.489
 0.520
 0.548
 0.527
 0.532
 0.533
 0.526
 0.576
 0.540
 0.512
 0.538
 0.541
 0.534
 0.544
 0.534
 0.555
 0.478
 0.555
 0.546
 0.527
 0.514
 0.539
 0.515
 0.518
 0.516
 0.574
 0.525
 0.544
 0.524
 0.556
 0.570
 0.551
 0.540
 0.558
 0.532
 0.527
 0.600
 0.525
 0.537
 0.521
 0.552
 0.587
 0.526
 0.565
 0.543
 0.532
 0.515
 0.515
 0.561
 0.536
 0.546
 0.557
 0.498
 0.586
 0.507
 0.542
 0.507
 0.498
 0.538
 0.541
 0.506
 0.508
 0.559
 0.552
 0.543
 0.503
 0.555
 0.551
 0.537
 0.550
 0.560
 0.506
 0.541
 0.528
 0.521
 0.573
 0.489
 0.553
 0.538
 0.506
 0.491
 0.601
 0.512
 0.524
 0.584
 0.497
 0.518
 0.525
 0.544
 0.518
 0.549
 0.540
 0.540
 0.505
 0.555
 0.521
 0.540
 0.559
 0.599
 0.558
 0.524
 0.581
 0.520
 0.531
 0.528
 0.559
 0.548
 0.499

