0 44
1 35
1 47
2 46
0 41
2 46
1 39
1 43
2 52
1 37
0 55
0 41
2 38
1 45
2 55
1 45
0 37
0 41
0 38
2 36
1 35
0 33
1 44
2 43
0 34
1 35
2 41
2 37
0 47
1 36
0 39
2 45
1 34
2 39
1 49
1 33
1 29
0 44
0 48
2 30
1 36
2 43
0 47
1 48
1 33
2 46
1 46
1 51
0 37
2 38
0 36
2 47
2 50
2 31
1 50
1 41
1 50
2 45
1 41
2 32
2 40
1 62
2 42
0 53
2 30
2 38
2 42
1 47
2 38
0 45
0 45
0 40
0 37
1 41
2 36
2 46
0 42
0 48
2 49
0 35
2 37
0 42
1 25
0 45
1 40
2 36
0 42
1 37
0 61
1 39
2 49
0 44
2 38
0 36
1 46
1 31
1 51
2 38
2 40
2 45
2 40
0 44
2 53
2 50
1 51
1 41
1 37
2 54
1 45
0 32
2 39
0 41
2 47
2 40
1 44
1 38
2 39
1 36
0 44
0 51
2 28
2 38
1 31
2 43
2 49
0 43
1 38
1 53
0 35
0 42
2 47
2 38
1 53
0 30
2 50
0 38
0 42
2 66
2 56
2 42
2 32
1 43
2 45
2 51
0 43
1 38
2 47
1 41
0 45
1 34
1 31
1 43
2 35
0 33
2 39
1 44
2 37
0 32
2 42
1 42
0 44
1 46
0 39
2 39
1 40
2 44
1 39
0 50
0 46
0 44
0 36
0 38
0 47
2 38
0 39
0 46
2 44
2 42
1 41
1 46
1 50
2 46
2 35
2 45
1 35
2 36
2 44
0 34
0 41
0 37
1 35
1 45
1 36
2 46
1 45
2 50
2 37
2 37
2 44
0 49
