0.4264117417887499 1
0.4318891339430454 1
0.43557764528125453 1
0.43947294420331284 1
0.44556073849792016 1
0.4491548759228302 1
0.45063133903754227 1
0.4511650624166858 1
0.45373569716150014 1
0.4541321128517668 1
0.45458420318998044 1
0.45462301653354054 1
0.4546542220284921 1
0.4547054006610085 1
0.4549237310495144 1
0.455101504823512 1
0.45511154883614685 1
0.45741415845875044 1
0.45776182138455423 1
0.45941595200374424 1
0.45977694308273487 1
0.4628621491318152 1
0.4634483230038435 1
0.46350765549609974 1
0.46396790292873347 1
0.46407236701940996 1
0.46432197309495443 1
0.4651157466151931 1
0.4659649552299163 1
0.46681633667825073 1
0.4669469984450634 1
0.4679317524273036 1
0.4683771061511816 1
0.46853932446261914 1
0.4691670684037421 1
0.46920713070168346 1
0.4704541430152153 1
0.4706195166671987 1
0.4707063110109122 1
0.4710252350227107 1
0.47102905347316026 1
0.4713661715274153 1
0.47189605810599955 1
0.472448537848468 1
0.4732479626431956 1
0.4733099480491221 1
0.47389789188149883 1
0.47467603233530203 1
0.4747619695427716 1
0.4749490996778986 1
0.4754029474618396 1
0.475569635515189 1
0.4759417734352591 1
0.476424127804063 1
0.4766827898795516 1
0.47709505951375386 1
0.4771389857764499 1
0.47737573233294717 1
0.4774246666311866 1
0.4774324235901722 1
0.4776294908300425 1
0.4777009756014921 1
0.4786071449843727 1
0.47862680856004525 1
0.47900871128692546 1
0.47915617846171854 1
0.479244564709476 1
0.48039142816755154 1
0.48095655320953823 1
0.4813517358356439 1
0.481385198705694 1
0.482025492813124 1
0.48210312532588967 1
0.4825173747881808 1
0.4829932313296249 1
0.48333451985615367 1
0.483376064456374 1
0.48344952086730764 1
0.48368607156455534 1
0.4837579319607523 1
0.4842165568751618 1
0.484678573900526 1
0.4848445901656072 1
0.484848126554134 1
0.48506670886658265 1
0.48558115558417614 1
0.48578097007842463 1
0.4859880918741391 1
0.4866468086459364 1
0.48738296954280214 1
0.4879843671912443 1
0.4883991162364209 1
0.4884353453895529 1
0.489770960442654 1
0.4898900780636684 1
0.4900949835374969 1
0.4901532986668926 1
0.4907850238842453 1
0.4910217851038673 1
0.4915281511452912 1
0.49153574253614984 1
0.49224307577386556 1
0.49264134107155455 1
0.49301900421053996 1
0.493830191450822 1
0.49481130215020785 1
0.49539296090194573 1
0.4958395260153402 1
0.4965521984515339 1
0.49672741115735364 1
0.49688096579323165 1
0.4969525033947983 1
0.4972487494456819 1
0.4976832096793432 1
0.49773646972091 1
0.4977548282021147 1
0.49798925242030584 1
0.49808944784862974 1
0.4981208570084766 1
0.4982285958392896 1
0.49822860443119477 1
0.498345009774763 1
0.49835016160125245 1
0.49849840535379114 1
0.49890900306696007 1
0.499108811254415 1
0.4991496335756745 1
0.49952391877757557 1
0.49988947595425 1
0.5005253699913943 1
0.5008905936017384 1
0.5012966610713088 1
0.5016957237699012 1
0.5019891973886674 1
0.5023476542715978 1
0.503153131000772 1
0.5034814521744706 1
0.5038605502334792 1
0.5042197200187819 1
0.504334345409174 1
0.5059979189351658 1
0.5062396930755169 1
0.5062626127173128 1
0.5062746238628909 1
0.5067018933580646 1
0.5070716223426589 1
0.5080095386853619 1
0.5082970426108848 1
0.5083868850988764 1
0.5085241263546786 1
0.5090824617513305 1
0.5092342356211736 1
0.5095519083834038 1
0.5098207331972919 1
0.5101343785402161 1
0.5107131679041894 1
0.5123219472019559 1
0.512607456080133 1
0.51283473750127 1
0.5132533652005224 1
0.5150578374457084 1
0.5168449298303646 1
0.5171866951730972 1
0.5173223739111213 1
0.5174790057511279 1
0.517550750811603 1
0.5188561018016385 1
0.5201078161414386 1
0.5209254299344733 1
0.5219954383493599 1
0.5226203967392602 1
0.522999100057768 1
0.5243781291984457 1
0.524886253212309 1
0.5249570240396811 1
0.5249611934481841 1
0.52522948922119 1
0.5255167926331389 1
0.525817592608755 1
0.5261395470682958 1
0.5265003564271907 1
0.5275407511246555 1
0.5287510036392749 1
0.5313041581452356 1
0.5314161827684284 1
0.5327238030290121 1
0.5331218647002457 1
0.535165536227795 1
0.5351854010419689 1
0.5364136231185902 1
0.5397872579344613 1
0.5409573955422791 1
0.5468649678679277 1
0.5484195582275116 1
0.5499975290126661 1
0.5503770588580104 1
0.5513879056386953 1
0.5650910639462166 1
0.5683084591889556 1
0.5730844447452443 1
