
 0.478
 0.464
 0.493
 0.485
 0.551
 0.483
 0.503
 0.455
 0.466
 0.488
 0.477
 0.493
 0.451
 0.481
 0.498
 0.503
 0.484
 0.475
 0.525
 0.479
 0.523
 0.485
 0.477
 0.528
 0.458
 0.495
 0.471
 0.475
 0.519
 0.477
 0.526
 0.490
 0.502
 0.492
 0.487
 0.439
 0.512
 0.492
 0.515
 0.523
 0.471
 0.478
 0.498
 0.504
 0.491
 0.497
 0.510
 0.464
 0.455
 0.455
 0.491
 0.506
 0.463
 0.504
 0.446
 0.524
 0.509
 0.529
 0.506
 0.517
 0.573
 0.511
 0.473
 0.477
 0.498
 0.508
 0.449
 0.498
 0.488
 0.476
 0.498
 0.469
 0.463
 0.565
 0.486
 0.451
 0.485
 0.509
 0.533
 0.535
 0.455
 0.508
 0.531
 0.501
 0.485
 0.464
 0.426
 0.483
 0.479
 0.455
 0.472
 0.454
 0.506
 0.500
 0.482
 0.547
 0.496
 0.467
 0.484
 0.506
 0.498
 0.541
 0.455
 0.455
 0.486
 0.483
 0.499
 0.497
 0.497
 0.469
 0.483
 0.482
 0.471
 0.526
 0.507
 0.465
 0.457
 0.474
 0.501
 0.470
 0.504
 0.481
 0.497
 0.509
 0.527
 0.508
 0.467
 0.477
 0.490
 0.533
 0.475
 0.525
 0.501
 0.513
 0.517
 0.495
 0.494
 0.479
 0.487
 0.497
 0.436
 0.471
 0.479
 0.502
 0.492
 0.540
 0.454
 0.476
 0.548
 0.469
 0.468
 0.464
 0.550
 0.473
 0.483
 0.513
 0.498
 0.502
 0.498
 0.517
 0.525
 0.526
 0.522
 0.486
 0.499
 0.510
 0.498
 0.531
 0.476
 0.521
 0.481
 0.513
 0.460
 0.432
 0.535
 0.479
 0.510
 0.498
 0.499
 0.488
 0.500
 0.480
 0.520
 0.490
 0.518
 0.475
 0.568
 0.517
 0.477
 0.525
 0.459
 0.536
 0.472
 0.550
 0.490
 0.468
 0.507
 0.471
 0.498
 0.484

