3 45
0 44
3 49
2 42
0 45
3 40
3 44
3 38
0 57
3 47
1 47
1 43
2 45
1 40
3 31
2 33
0 38
1 50
0 47
1 43
3 42
3 37
1 41
3 49
0 47
1 46
2 45
2 53
0 43
1 39
0 45
1 40
0 38
1 36
1 48
1 46
1 40
1 46
3 38
3 42
2 45
3 50
1 37
2 47
0 39
1 39
2 44
3 52
1 39
3 46
3 40
3 40
0 35
2 34
0 37
3 33
2 42
2 38
1 47
3 40
2 52
2 44
1 33
3 49
1 51
0 40
3 44
1 42
3 47
2 31
3 45
0 37
1 48
0 42
0 39
2 43
1 44
1 54
2 48
0 54
2 45
3 46
0 45
0 54
3 47
0 41
3 39
3 37
3 45
3 39
2 45
0 54
1 47
1 33
2 37
1 48
2 32
2 37
3 32
1 44
2 36
2 48
0 40
1 41
1 46
2 31
1 35
1 40
0 41
0 52
2 51
0 43
1 35
3 49
0 40
1 51
0 42
0 47
2 34
3 36
0 41
2 43
1 47
1 42
1 45
2 51
1 52
3 30
2 48
1 50
2 52
3 44
3 31
0 44
3 45
1 40
0 28
0 37
0 46
2 39
1 36
3 40
0 44
1 39
1 38
2 39
0 49
3 36
0 45
3 42
3 40
0 40
2 53
1 36
0 33
3 44
0 41
1 46
0 34
2 44
3 43
0 46
3 39
0 44
3 39
0 44
0 49
0 42
1 36
0 36
3 37
1 33
0 52
2 39
0 46
3 41
1 34
1 50
2 43
3 46
0 39
0 44
3 45
2 56
0 41
3 47
0 46
3 43
2 40
1 33
3 55
1 43
1 40
0 38
0 39
1 35
3 51
2 39
3 53
3 43
