0.4201338991425698 1
0.4311329852990118 1
0.4371642450096474 1
0.44433189707581094 1
0.44609428725674233 1
0.44656116709814997 1
0.4482945611860547 1
0.4530239682685243 1
0.4558173789534544 1
0.4563459230758802 1
0.4571101809454527 1
0.45854138799879457 1
0.45870668852159396 1
0.458976306557111 1
0.46068461045890424 1
0.4619922271328904 1
0.4630139938072697 1
0.4653557665099545 1
0.46701859407891805 1
0.4682572480207582 1
0.46874001024069367 1
0.4705175418280685 1
0.47123722897299153 1
0.47191616749337956 1
0.472396574169113 1
0.47297746235890636 1
0.4734901788576811 1
0.47371466362885445 1
0.4754902060548485 1
0.47590033851328867 1
0.4769520809400292 1
0.47758577424666204 1
0.4779604788648692 1
0.47800738352694544 1
0.4793760651855958 1
0.4795905799864753 1
0.4804444256271577 1
0.48075179818295893 1
0.48085487314614583 1
0.4827656565464919 1
0.4827867670469543 1
0.4828381330948372 1
0.48316501097783193 1
0.4832872716662298 1
0.48385822936259953 1
0.4841390681274107 1
0.4841919919155683 1
0.4845601766506875 1
0.4851968828838312 1
0.48541350724652127 1
0.4854464539634392 1
0.4856591065134297 1
0.4859142382322169 1
0.48605451266715716 1
0.4864087397893711 1
0.486664075301698 1
0.48728611637431507 1
0.4873122249691799 1
0.4873709775105752 1
0.4874229112923174 1
0.4876181617332195 1
0.48896207158083255 1
0.48918530633949664 1
0.48923947731919776 1
0.4892485189890956 1
0.48939985582957685 1
0.48973470297245997 1
0.48985676777008913 1
0.4901099187762285 1
0.49183189012893824 1
0.49202712016677386 1
0.4921825414493847 1
0.49375305178384565 1
0.4941757570520128 1
0.4948119281892957 1
0.49525064617111253 1
0.4959944634546257 1
0.4960469373938258 1
0.49662863083624964 1
0.49674938736652235 1
0.4970280305767368 1
0.4970658086754847 1
0.4977688300363017 1
0.4977709161191028 1
0.4977711413099306 1
0.497976597603188 1
0.49828981263724226 1
0.49872780758390334 1
0.498820595198207 1
0.4990993382550892 1
0.49942431954248534 1
0.4994854747748699 1
0.4995536718925991 1
0.5002207158724428 1
0.5003017384596576 1
0.5009671345393122 1
0.5014326473349247 1
0.5016421948759556 1
0.5021633666652422 1
0.5023767015199616 1
0.502380366891926 1
0.5029335614208905 1
0.5029377428010426 1
0.503536538701864 1
0.5039404054924327 1
0.5040025325376636 1
0.5042408196531132 1
0.5044526348129641 1
0.5049963741914074 1
0.5054149335941527 1
0.505514043777087 1
0.505770862653969 1
0.505857293615419 1
0.5058647254684737 1
0.5060747434563594 1
0.5064578632649848 1
0.5066372371425644 1
0.5071579328262179 1
0.5071983665835182 1
0.5083329717284786 1
0.5085878488001225 1
0.5085885545785918 1
0.5085893339508818 1
0.5089305026661348 1
0.5095176799537416 1
0.5100572709867026 1
0.5102966196615357 1
0.5106386865238752 1
0.5108695835023992 1
0.5111854644408952 1
0.5112198656740733 1
0.5113977297655092 1
0.5122858478878395 1
0.5125475972910263 1
0.5129213219710859 1
0.5130253790984652 1
0.5130742792732164 1
0.5135662877587073 1
0.5140450905574186 1
0.5141574169906251 1
0.5144286424152953 1
0.514770042655321 1
0.5148526172116427 1
0.5161384536012829 1
0.5176488596830071 1
0.5180058750685945 1
0.5181240744606219 1
0.5181966409272551 1
0.5184079983585268 1
0.5185680011442743 1
0.5187434329326415 1
0.5188366172509835 1
0.518871111281489 1
0.5192975153930278 1
0.5206983479634371 1
0.5208006325303022 1
0.5209646321989223 1
0.5221519689779143 1
0.5225377699327887 1
0.5228444666615133 1
0.5234768787978732 1
0.5235443074578373 1
0.5242865813694112 1
0.5248235997611025 1
0.5251612154487705 1
0.525270176287673 1
0.5253479120663722 1
0.5255623549841714 1
0.5258852901360861 1
0.5259351810529747 1
0.5265578250226022 1
0.5266417296365451 1
0.527681513154047 1
0.5280900208392292 1
0.5288113494500319 1
0.5288894240079859 1
0.5293659702089697 1
0.5297497385076106 1
0.5315642234896832 1
0.5325822268126764 1
0.5333379221977886 1
0.5340865514159421 1
0.534496339065042 1
0.5346482857360833 1
0.5353937018279763 1
0.5362294850336746 1
0.5376730827954892 1
0.5385289023628509 1
0.5387320413676254 1
0.5393689249096782 1
0.5401629882175392 1
0.5409711204341504 1
0.5420754076553578 1
0.5441570148735367 1
0.5472392346977438 1
0.5480570901855392 1
0.5531457450346757 1
0.5532991657451414 1
0.5611256152359089 1
0.5698490922710289 1
