
 0.521
 0.514
 0.494
 0.502
 0.522
 0.514
 0.504
 0.519
 0.473
 0.499
 0.500
 0.510
 0.516
 0.502
 0.527
 0.471
 0.420
 0.539
 0.497
 0.487
 0.502
 0.506
 0.448
 0.504
 0.499
 0.509
 0.511
 0.473
 0.535
 0.505
 0.523
 0.539
 0.463
 0.511
 0.525
 0.489
 0.542
 0.484
 0.447
 0.467
 0.480
 0.489
 0.474
 0.494
 0.509
 0.532
 0.521
 0.472
 0.459
 0.498
 0.515
 0.507
 0.518
 0.511
 0.476
 0.492
 0.561
 0.509
 0.483
 0.503
 0.483
 0.519
 0.539
 0.513
 0.487
 0.510
 0.504
 0.530
 0.501
 0.479
 0.486
 0.518
 0.496
 0.506
 0.453
 0.513
 0.503
 0.534
 0.509
 0.488
 0.515
 0.518
 0.481
 0.533
 0.487
 0.508
 0.526
 0.502
 0.478
 0.513
 0.486
 0.459
 0.485
 0.485
 0.547
 0.527
 0.481
 0.462
 0.498
 0.536
 0.483
 0.471
 0.544
 0.514
 0.489
 0.511
 0.518
 0.525
 0.472
 0.512
 0.457
 0.523
 0.478
 0.498
 0.506
 0.500
 0.431
 0.523
 0.524
 0.498
 0.506
 0.504
 0.490
 0.528
 0.486
 0.484
 0.507
 0.446
 0.513
 0.553
 0.534
 0.553
 0.540
 0.461
 0.529
 0.500
 0.497
 0.528
 0.506
 0.499
 0.498
 0.483
 0.499
 0.485
 0.495
 0.524
 0.510
 0.490
 0.497
 0.497
 0.477
 0.489
 0.504
 0.484
 0.456
 0.519
 0.486
 0.499
 0.529
 0.465
 0.505
 0.469
 0.444
 0.518
 0.511
 0.526
 0.495
 0.526
 0.529
 0.490
 0.437
 0.506
 0.480
 0.521
 0.514
 0.475
 0.525
 0.459
 0.487
 0.483
 0.456
 0.487
 0.468
 0.507
 0.489
 0.533
 0.525
 0.496
 0.492
 0.478
 0.570
 0.548
 0.535
 0.538
 0.485
 0.519
 0.501
 0.492
 0.541
 0.519

