
 0.462
 0.543
 0.554
 0.590
 0.603
 0.603
 0.603
 0.603
 0.603
 0.603
 0.603
 0.603
 0.603
 0.603
 0.603
 0.603
 0.603
 0.603
 0.603
 0.603
 0.603
 0.603
 0.603
 0.603
 0.603
 0.603
 0.603
 0.603
 0.603
 0.603
 0.603
 0.603
 0.603
 0.603
 0.603
 0.603
 0.603
 0.603
 0.603
 0.603
 0.603
 0.603
 0.603
 0.603
 0.603
 0.603
 0.603
 0.603
 0.603
 0.603
 0.603
 0.603
 0.603
 0.603
 0.603
 0.603
 0.603
 0.603
 0.603
 0.603
 0.603
 0.603
 0.603
 0.603
 0.603
 0.603
 0.603
 0.603
 0.603
 0.603
 0.603
 0.603
 0.603
 0.603
 0.603
 0.603
 0.603
 0.603
 0.603
 0.603
 0.603
 0.603
 0.603
 0.603
 0.603
 0.603
 0.603
 0.603
 0.603
 0.603
 0.603
 0.603
 0.603
 0.603
 0.603
 0.603
 0.603
 0.603
 0.603
 0.603
 0.603
 0.603
 0.603
 0.603
 0.603
 0.603
 0.603
 0.603
 0.603
 0.603
 0.603
 0.603
 0.603
 0.603
 0.603
 0.603
 0.603
 0.603
 0.603
 0.603
 0.603
 0.603
 0.603
 0.603
 0.603
 0.603
 0.603
 0.603
 0.603
 0.603
 0.603
 0.603
 0.603
 0.603
 0.603
 0.603
 0.603
 0.603
 0.603
 0.603
 0.603
 0.603
 0.603
 0.603
 0.603
 0.603
 0.603
 0.603
 0.603
 0.603
 0.603
 0.603
 0.603
 0.603
 0.603
 0.603
 0.603
 0.603
 0.603
 0.603
 0.603
 0.603
 0.603
 0.603
 0.603
 0.603
 0.603
 0.603
 0.603
 0.603
 0.603
 0.603
 0.603
 0.603
 0.603
 0.603
 0.603
 0.603
 0.603
 0.603
 0.603
 0.603
 0.603
 0.603
 0.603
 0.603
 0.603
 0.603
 0.603
 0.603
 0.603
 0.603
 0.603
 0.603
 0.603
 0.603
 0.603
 0.603
 0.603
 0.603

