4 43
2 44
3 42
1 29
3 38
4 59
2 48
1 52
4 42
0 46
4 48
3 40
2 43
0 44
4 38
1 33
3 41
1 49
3 35
4 63
3 45
1 23
4 39
1 43
3 47
2 47
3 46
1 32
0 32
4 41
4 30
3 40
3 45
4 43
0 46
1 41
3 44
0 43
1 42
3 36
3 38
3 40
1 30
4 47
3 39
1 49
0 39
1 36
3 34
1 32
0 43
1 44
1 47
1 44
4 47
3 38
2 46
2 33
0 39
1 41
2 41
0 47
2 47
3 33
0 44
4 41
0 35
3 37
1 37
0 45
1 29
4 45
0 36
2 43
0 46
4 33
0 31
4 40
2 42
4 63
3 45
4 47
3 35
4 37
4 38
2 50
0 50
3 42
1 45
2 51
0 54
0 34
3 37
0 54
4 58
3 40
1 43
3 38
4 36
2 49
2 50
4 42
2 44
4 42
2 45
0 44
2 46
3 44
0 38
2 42
1 41
2 39
3 52
2 51
2 43
1 29
2 37
3 44
0 41
1 41
4 45
0 29
1 39
2 38
3 48
2 33
3 38
3 39
2 45
4 55
2 42
4 44
1 40
3 35
1 53
0 35
2 44
4 47
0 51
1 44
4 39
0 46
3 33
0 38
0 49
3 39
4 35
2 49
4 36
0 43
0 44
0 44
0 43
1 44
1 44
4 40
2 47
2 41
4 35
4 35
3 41
3 43
1 33
1 32
4 47
1 47
0 39
1 39
2 49
3 48
1 47
2 44
2 45
3 49
1 33
3 47
0 51
0 29
3 37
1 41
3 49
2 50
3 32
3 51
2 32
1 47
1 46
0 37
2 55
2 26
1 42
3 49
4 45
0 39
1 43
4 42
4 49
1 45
2 45
0 39
