
 0.000
 0.000
 0.000
 0.000
 0.000
 2.000
 0.000
 0.000
 0.000
 0.000
 0.000
 1.990
 0.000
 0.000
 0.010
 0.000
 0.010
 0.000
 4.000
 0.000
 2.000
 0.010
 0.000
 2.000
 0.000
 0.000
 1.990
 0.000
 0.000
 0.000
 4.000
 3.980
 0.000
 0.000
 0.000
 0.010
 0.000
 0.000
 0.000
 0.000
 1.980
 1.990
 0.000
 1.970
 2.000
 1.990
 0.000
 0.000
 2.000
 0.000
 0.000
 0.000
 0.000
 0.000
 0.000
 4.000
 0.000
 0.010
 0.010
 0.000
 2.000
 0.020
 0.000
 0.000
 0.010
 0.000
 0.010
 0.040
 0.000
 2.000
 0.010
 0.000
 0.000
 0.000
 0.000
 0.000
 2.000
 0.000
 0.000
 0.000
 2.000
 0.000
 0.000
 3.990
 4.000
 2.000
 0.000
 0.000
 0.010
 9.950
 2.000
 0.000
 2.000
 0.000
 0.000
 0.000
 0.000
 0.000
 3.990
 0.000
 0.000
 0.000
 0.000
 0.000
 0.000
 0.000
 0.000
 2.000
 1.990
 0.000
 0.010
 0.000
 0.000
 0.000
 0.000
 0.000
 0.000
 1.980
 2.000
 0.000
 0.000
 0.000
 0.000
 0.000
 2.000
 3.980
 0.000
 0.010
 0.000
 2.000
 4.000
 0.000
 0.000
 0.000
 0.000
 0.000
 0.000
 0.000
 0.000
 0.000
 1.990
 0.000
 0.010
 0.000
 2.000
 0.000
 5.980
 0.000
 0.000
 0.000
 2.000
 0.000
 0.010
 0.000
 0.010
 0.000
 2.000
 0.000
 2.000
 2.000
 0.000
 2.000
 3.990
 0.000
 1.980
 0.020
 2.000
 1.990
 2.000
 2.000
 0.000
 0.000
 0.000
 0.000
 0.000
 0.010
 0.010
 0.000
 0.000
 0.000
 0.010
 0.000
 0.000
 0.000
 0.000
 0.000
 0.020
 1.990
 0.000
 0.010
 0.000
 0.000
 0.000
 0.000
 0.000
 0.000
 0.000
 0.000
 2.000
 0.000
 2.000
 0.010
 0.000
 4.000
 4.000
 0.000
 0.000
 2.000
 0.000
 0.000
 0.000
 0.010
 0.000
 0.010
 0.000
 2.000
 2.000
 0.000
 0.000
 1.990
 0.000
 0.010
 2.000
 0.000
 0.000
 1.970
 0.000
 0.000
 0.000
 0.000
 0.000
 0.000
 0.010
 0.000
 4.000
 3.950
 0.000
 4.000
 0.000
 0.000
 0.010
 0.000
 2.000
 0.010
 0.000
 0.000
 0.000
 0.000
 0.000
 0.000
 0.000
 0.000
 0.000
 0.000
 0.000
 0.010
 0.030
 2.000
 0.000
 0.000
 0.000
 2.000
 0.000
 0.000
 2.000
 0.000
 2.000
 0.000
 0.000
 0.000
 1.990
 2.000
 1.990
 0.000
 0.000
 2.000
 2.000
 0.000
 2.000
 2.000
 0.000
 0.010
 0.000
 0.000
 0.000
 0.000
 0.000
 2.000
 0.000
 0.000
 0.010
 0.010
 0.020
 5.970
 0.000
 2.000
 0.000
 0.000
 0.000
 0.000

