
 0.532
 0.616
 0.649
 0.662
 0.671
 0.671
 0.671
 0.671
 0.671
 0.671
 0.671
 0.671
 0.671
 0.671
 0.671
 0.671
 0.671
 0.671
 0.671
 0.671
 0.671
 0.671
 0.671
 0.671
 0.671
 0.671
 0.671
 0.671
 0.671
 0.671
 0.671
 0.671
 0.671
 0.671
 0.671
 0.671
 0.671
 0.671
 0.671
 0.671
 0.671
 0.671
 0.671
 0.671
 0.671
 0.671
 0.671
 0.671
 0.671
 0.671
 0.671
 0.671
 0.671
 0.671
 0.671
 0.671
 0.671
 0.671
 0.671
 0.671
 0.671
 0.671
 0.671
 0.671
 0.671
 0.671
 0.671
 0.671
 0.671
 0.671
 0.671
 0.671
 0.671
 0.671
 0.671
 0.671
 0.671
 0.671
 0.671
 0.671
 0.671
 0.671
 0.671
 0.671
 0.671
 0.671
 0.671
 0.671
 0.671
 0.671
 0.671
 0.671
 0.671
 0.671
 0.671
 0.671
 0.671
 0.671
 0.671
 0.671
 0.671
 0.671
 0.671
 0.671
 0.671
 0.671
 0.671
 0.671
 0.671
 0.671
 0.671
 0.671
 0.671
 0.671
 0.671
 0.671
 0.671
 0.671
 0.671
 0.671
 0.671
 0.671
 0.671
 0.671
 0.671
 0.671
 0.671
 0.671
 0.671
 0.671
 0.671
 0.671
 0.671
 0.671
 0.671
 0.671
 0.671
 0.671
 0.671
 0.671
 0.671
 0.671
 0.671
 0.671
 0.671
 0.671
 0.671
 0.671
 0.671
 0.671
 0.671
 0.671
 0.671
 0.671
 0.671
 0.671
 0.671
 0.671
 0.671
 0.671
 0.671
 0.671
 0.671
 0.671
 0.671
 0.671
 0.671
 0.671
 0.671
 0.671
 0.671
 0.671
 0.671
 0.671
 0.671
 0.671
 0.671
 0.671
 0.671
 0.671
 0.671
 0.671
 0.671
 0.671
 0.671
 0.671
 0.671
 0.671
 0.671
 0.671
 0.671
 0.671
 0.671
 0.671
 0.671
 0.671
 0.671
 0.671
 0.671
 0.671

