0 46
0 42
0 38
0 37
0 43
0 51
0 47
0 47
0 51
0 39
0 45
0 39
0 54
0 41
0 35
0 47
0 38
0 51
0 39
0 47
0 32
0 49
0 36
0 36
0 36
0 43
0 39
0 38
0 31
0 38
0 31
0 52
0 36
0 46
0 35
0 42
0 36
0 35
0 46
0 62
0 43
0 42
0 40
0 50
0 40
0 47
0 33
0 41
0 42
0 44
0 43
0 38
0 41
0 38
0 61
0 38
0 57
0 48
0 38
0 41
0 57
0 35
0 42
0 40
0 29
0 36
0 40
0 43
0 45
0 33
0 36
0 37
0 42
0 38
0 43
0 57
0 48
0 44
0 39
0 34
0 41
0 45
0 59
0 43
0 41
0 48
0 49
0 33
0 30
0 39
0 44
0 44
0 44
0 52
0 31
0 39
0 35
0 34
0 44
0 39
0 40
0 62
0 47
0 49
0 41
0 39
0 39
0 43
0 38
0 53
0 39
0 47
0 38
0 36
0 38
0 43
0 44
0 38
0 46
0 36
0 60
0 43
0 56
0 36
0 40
0 40
0 56
0 36
0 38
0 45
0 58
0 44
0 42
0 48
0 45
0 36
0 35
0 39
0 52
0 43
0 37
0 56
0 50
0 47
0 46
0 23
0 47
0 38
0 47
0 35
0 44
0 35
0 45
0 47
0 43
0 45
0 42
0 36
0 46
0 49
0 39
0 39
0 43
0 38
0 30
0 48
0 46
0 42
0 39
0 39
0 35
0 49
0 38
0 39
0 42
0 35
0 37
0 47
0 36
0 38
0 55
0 46
0 26
0 33
0 41
0 35
0 42
0 44
0 46
0 43
0 47
0 43
0 40
0 45
0 37
0 38
0 39
0 47
0 37
0 43
