
 0.506
 0.610
 0.649
 0.653
 0.653
 0.653
 0.653
 0.653
 0.653
 0.653
 0.653
 0.653
 0.653
 0.653
 0.653
 0.653
 0.653
 0.653
 0.653
 0.653
 0.653
 0.653
 0.653
 0.653
 0.653
 0.653
 0.653
 0.653
 0.653
 0.653
 0.653
 0.653
 0.653
 0.653
 0.653
 0.653
 0.653
 0.653
 0.653
 0.653
 0.653
 0.653
 0.653
 0.653
 0.653
 0.653
 0.653
 0.653
 0.653
 0.653
 0.653
 0.653
 0.653
 0.653
 0.653
 0.653
 0.653
 0.653
 0.653
 0.653
 0.653
 0.653
 0.653
 0.653
 0.653
 0.653
 0.653
 0.653
 0.653
 0.653
 0.653
 0.653
 0.653
 0.653
 0.653
 0.653
 0.653
 0.653
 0.653
 0.653
 0.653
 0.653
 0.653
 0.653
 0.653
 0.653
 0.653
 0.653
 0.653
 0.653
 0.653
 0.653
 0.653
 0.653
 0.653
 0.653
 0.653
 0.653
 0.653
 0.653
 0.653
 0.653
 0.653
 0.653
 0.653
 0.653
 0.653
 0.653
 0.653
 0.653
 0.653
 0.653
 0.653
 0.653
 0.653
 0.653
 0.653
 0.653
 0.653
 0.653
 0.653
 0.653
 0.653
 0.653
 0.653
 0.653
 0.653
 0.653
 0.653
 0.653
 0.653
 0.653
 0.653
 0.653
 0.653
 0.653
 0.653
 0.653
 0.653
 0.653
 0.653
 0.653
 0.653
 0.653
 0.653
 0.653
 0.653
 0.653
 0.653
 0.653
 0.653
 0.653
 0.653
 0.653
 0.653
 0.653
 0.653
 0.653
 0.653
 0.653
 0.653
 0.653
 0.653
 0.653
 0.653
 0.653
 0.653
 0.653
 0.653
 0.653
 0.653
 0.653
 0.653
 0.653
 0.653
 0.653
 0.653
 0.653
 0.653
 0.653
 0.653
 0.653
 0.653
 0.653
 0.653
 0.653
 0.653
 0.653
 0.653
 0.653
 0.653
 0.653
 0.653
 0.653
 0.653
 0.653
 0.653
 0.653
 0.653
 0.653

