0 31
0 34
0 34
0 45
0 47
0 40
0 37
0 49
0 36
0 33
0 39
0 49
0 45
0 39
0 30
0 33
0 43
0 45
0 52
0 30
0 33
0 31
0 35
0 42
0 36
0 33
0 44
0 38
0 40
0 55
0 43
0 45
0 40
0 43
0 51
0 38
0 47
0 52
0 30
0 42
0 42
0 42
0 36
0 43
0 43
0 50
0 48
0 38
0 42
0 47
0 46
0 30
0 47
0 37
0 42
0 46
0 41
0 35
0 55
0 41
0 40
0 39
0 31
0 48
0 44
0 47
0 51
0 57
0 29
0 46
0 34
0 47
0 44
0 46
0 46
0 41
0 60
0 42
0 43
0 41
0 35
0 47
0 39
0 35
0 47
0 35
0 38
0 45
0 51
0 42
0 40
0 47
0 44
0 42
0 46
0 47
0 41
0 47
0 42
0 36
0 35
0 47
0 45
0 39
0 45
0 33
0 43
0 41
0 42
0 43
0 41
0 42
0 37
0 43
0 48
0 47
0 40
0 43
0 43
0 48
0 41
0 31
0 54
0 46
0 47
0 62
0 35
0 41
0 40
0 31
0 45
0 31
0 51
0 47
0 37
0 51
0 46
0 57
0 49
0 34
0 41
0 42
0 45
0 38
0 40
0 43
0 33
0 40
0 48
0 48
0 47
0 45
0 35
0 45
0 34
0 42
0 33
0 46
0 49
0 59
0 54
0 36
0 60
0 46
0 39
0 39
0 41
0 53
0 35
0 61
0 51
0 36
0 46
0 41
0 58
0 53
0 50
0 39
0 36
0 39
0 31
0 46
0 43
0 44
0 45
0 55
0 39
0 50
0 39
0 46
0 34
0 42
0 30
0 37
0 46
0 36
0 39
0 41
0 46
0 36
