
 49.550
 50.310
 47.940
 51.180
 50.760
 50.140
 49.510
 49.450
 49.210
 51.770
 50.460
 50.050
 50.920
 49.210
 49.640
 49.840
 50.210
 50.940
 50.190
 50.250
 49.340
 50.510
 48.960
 50.340
 49.940
 47.640
 49.950
 50.400
 51.380
 49.840
 48.890
 49.550
 50.090
 50.010
 51.150
 50.140
 50.200
 50.720
 50.030
 50.670
 51.210
 49.040
 49.720
 50.270
 49.470
 50.790
 50.400
 49.240
 50.210
 49.220
 50.250
 49.010
 49.270
 48.870
 50.240
 50.060
 50.590
 49.280
 49.990
 49.790
 48.030
 51.380
 50.660
 48.820
 50.980
 49.710
 50.640
 49.100
 49.370
 49.630
 49.860
 49.720
 49.440
 51.710
 48.670
 50.520
 50.230
 49.940
 50.700
 51.000
 49.880
 50.460
 49.900
 50.800
 49.560
 50.170
 50.320
 50.770
 49.920
 49.530
 49.510
 50.820
 51.390
 50.320
 50.520
 50.350
 48.510
 49.670
 49.310
 49.980

