3 0.7358805107472618
1 0.31613782759437814
100 0.22217577012234924
42 0.064042403567105
46 0.4224824610464688
63 0.5486896802054766
68 0.5889133958224266
49 0.6131567448873251
88 0.5093728742160948
96 0.3678131994875258
22 0.6084036854972034
27 0.8272210543146612
79 0.04206346952562101
41 0.9053968327876415
50 0.5889450495343833
69 0.08828795378368759
74 0.12313027010865829
81 0.8337662697266881
59 0.35675098741068434
2 0.07253079031084408
98 0.2813030261293272
65 0.6884981448033503
57 0.5806881417861308
91 0.5490917668798861
61 0.8702129756147441
16 0.7808490682110769
95 0.94285327586844
39 0.9701225413404816
40 0.3924100101146577
92 0.3365384867252037
93 0.9886324633773814
30 0.8281677317499904
31 0.6310108866598008
33 0.9410262999668987
34 0.1528423151183751
76 0.18559036759239844
38 0.4612861129507787
28 0.21067972955867142
4 0.6131560249914658
5 0.8604003693187992
67 0.2867900678484391
82 0.4969281845983673
60 0.4382950820079933
86 0.2532487232525933
6 0.2128057703996722
14 0.3781627619556114
51 0.6026366204850016
99 0.6255727261740013
37 0.5610148925200825
45 0.0675804813716171
19 0.3169618420083882
29 0.27758125887759455
7 0.5711417789014114
8 0.20351534552594464
35 0.36175665020913716
94 0.5450392305813357
72 0.374771690224167
23 0.21402256919696927
66 0.27765247581650887
85 0.1323437560120294
56 0.4271182797065812
36 0.9630244298120307
54 0.5783721771815777
73 0.4680164391296291
70 0.5324942155671185
12 0.5068589021635697
15 0.9026425773791525
17 0.36312977835318405
77 0.7683951171606513
78 0.6207271392125973
90 0.31525014165071974
80 0.11029758679827684
26 0.30324890912696656
84 0.3986830945433003
44 0.7761386683604187
20 0.2836622818401988
9 0.23839153089932152
24 0.7515139811038335
48 0.6749558448942481
47 0.6196179299742648
32 0.9858600298411246
87 0.4662203097911667
55 0.10314067485288747
75 0.7070412947183542
71 0.5355821540462345
43 0.8177703123501165
21 0.7621160123533379
52 0.5898835229348548
83 0.6364573218551199
62 0.994167421884087
13 0.6802425053086723
10 0.3877675030121728
64 0.9432761908467675
89 0.7960654082230768
53 0.37227578662701066
58 0.9302613083130848
97 0.9394129173452234
18 0.5651048788702001
25 0.4412078542485115
11 0.983858560950326
