
 0.356
 0.339
 0.323
 0.368
 0.373
 0.389
 0.314
 0.346
 0.364
 0.327
 0.365
 0.372
 0.381
 0.345
 0.357
 0.360
 0.355
 0.346
 0.365
 0.358
 0.336
 0.318
 0.382
 0.346
 0.362
 0.355
 0.332
 0.353
 0.357
 0.329
 0.326
 0.360
 0.348
 0.332
 0.365
 0.358
 0.358
 0.330
 0.314
 0.316
 0.332
 0.350
 0.307
 0.368
 0.339
 0.340
 0.345
 0.363
 0.339
 0.368
 0.329
 0.343
 0.385
 0.329
 0.328
 0.362
 0.362
 0.368
 0.350
 0.340
 0.338
 0.335
 0.357
 0.373
 0.373
 0.378
 0.361
 0.350
 0.339
 0.342
 0.324
 0.359
 0.343
 0.367
 0.352
 0.369
 0.390
 0.324
 0.377
 0.351
 0.377
 0.381
 0.361
 0.366
 0.355
 0.340
 0.340
 0.329
 0.351
 0.365
 0.347
 0.388
 0.343
 0.336
 0.319
 0.342
 0.350
 0.325
 0.352
 0.344
 0.350
 0.353
 0.320
 0.360
 0.328
 0.330
 0.303
 0.384
 0.382
 0.341
 0.346
 0.386
 0.352
 0.369
 0.376
 0.326
 0.338
 0.333
 0.339
 0.359
 0.348
 0.371
 0.360
 0.402
 0.340
 0.318
 0.361
 0.305
 0.360
 0.323
 0.384
 0.334
 0.344
 0.352
 0.361
 0.341
 0.361
 0.334
 0.360
 0.340
 0.336
 0.330
 0.343
 0.325
 0.340
 0.355
 0.357
 0.363
 0.357
 0.371
 0.349
 0.316
 0.358
 0.342
 0.344
 0.331
 0.355
 0.349
 0.364
 0.338
 0.345
 0.323
 0.372
 0.393
 0.345
 0.336
 0.355
 0.326
 0.338
 0.395
 0.391
 0.339
 0.384
 0.326
 0.282
 0.371
 0.347
 0.350
 0.316
 0.368
 0.314
 0.364
 0.369
 0.295
 0.340
 0.358
 0.377
 0.303
 0.339
 0.310
 0.354
 0.363
 0.350
 0.363
 0.352
 0.390
 0.363
 0.359
 0.352
 0.332
 0.311
 0.367
 0.353
 0.390
 0.323
 0.364
 0.333
 0.359
 0.345
 0.352
 0.388
 0.373
 0.384
 0.335
 0.376
 0.319
 0.351
 0.362
 0.341
 0.319
 0.347
 0.360
 0.313
 0.310
 0.343
 0.339
 0.358
 0.363
 0.343
 0.374
 0.377
 0.346
 0.375
 0.312
 0.325
 0.370
 0.327
 0.366
 0.318
 0.350
 0.341
 0.363
 0.350
 0.332
 0.309
 0.348
 0.382
 0.342
 0.337
 0.340
 0.334
 0.373
 0.347
 0.339
 0.396
 0.336
 0.361
 0.345
 0.357
 0.369
 0.399
 0.359
 0.362
 0.343
 0.361
 0.348
 0.353
 0.324
 0.349
 0.315
 0.345
 0.352
 0.280
 0.372
 0.363
 0.330
 0.330
 0.381
 0.353
 0.328
 0.379
 0.362
 0.361
 0.324
 0.334
 0.373
 0.318
 0.359
 0.356
 0.355
 0.336
 0.326
 0.321
 0.365
 0.347
 0.348
 0.324
 0.350
 0.350
 0.393
 0.346
 0.362
 0.361
 0.336
 0.343
 0.334
 0.379
 0.357
 0.394
 0.308
 0.376
 0.330
 0.348
 0.352
 0.387
 0.383
 0.332
 0.333
 0.312
 0.380
 0.397
 0.324
 0.319
 0.368
 0.400
 0.321
 0.325
 0.351
 0.353
 0.348
 0.342
 0.312
 0.334
 0.386
 0.301
 0.369
 0.334
 0.369
 0.341
 0.344
 0.363
 0.374
 0.362
 0.355
 0.349
 0.336
 0.337
 0.332
 0.378
 0.344
 0.373
 0.324
 0.308
 0.324
 0.355
 0.332
 0.338
 0.351
 0.327
 0.324
 0.298
 0.336
 0.319
 0.331
 0.358
 0.364
 0.326
 0.326
 0.346
 0.321
 0.319
 0.351
 0.372
 0.345
 0.391
 0.363
 0.302
 0.392
 0.348
 0.372
 0.345
 0.355
 0.352
 0.296
 0.320
 0.328
 0.354
 0.355
 0.369
 0.341
 0.342
 0.377
 0.359
 0.352
 0.376
 0.354
 0.343
 0.357
 0.371
 0.310
 0.372
 0.300
 0.326
 0.346
 0.383
 0.377
 0.368
 0.346
 0.344
 0.314
 0.378
 0.316
 0.358
 0.383
 0.364
 0.304
 0.325
 0.361
 0.347
 0.366
 0.350
 0.383
 0.346
 0.363
 0.370
 0.325
 0.356
 0.386
 0.318
 0.347
 0.325
 0.333
 0.350
 0.331
 0.308
 0.373
 0.347
 0.326
 0.352
 0.344
 0.340
 0.398
 0.343
 0.330
 0.335
 0.338
 0.363
 0.353
 0.353
 0.340
 0.381
 0.330
 0.310
 0.358
 0.335
 0.329
 0.370
 0.347
 0.367
 0.341
 0.380
 0.331
 0.333
 0.372
 0.347
 0.379
 0.358
 0.374
 0.351
 0.337
 0.366
 0.358
 0.362
 0.358
 0.323
 0.369
 0.332
 0.337
 0.360
 0.298
 0.324
 0.379
 0.376
 0.339
 0.331
 0.358
 0.308
 0.368
 0.300
 0.379
 0.326
 0.344
 0.307
 0.389
 0.373
 0.355
 0.322
 0.323
 0.374
 0.322
 0.380
 0.352
 0.382
 0.331
 0.360
 0.346
 0.309
 0.344
 0.352
 0.388
 0.307
 0.303
 0.353
 0.324
 0.342
 0.345
 0.339
 0.336
 0.371
 0.335
 0.320
 0.289
 0.331
 0.313
 0.349
 0.320
 0.336
 0.335
 0.324
 0.330
 0.356
 0.351
 0.348
 0.386
 0.396
 0.344
 0.333
 0.318
 0.362
 0.319
 0.362
 0.352
 0.351
 0.337
 0.355
 0.319
 0.313
 0.349
 0.297
 0.329
 0.345
 0.345
 0.361
 0.321
 0.344
 0.329
 0.376
 0.369
 0.386
 0.364
 0.363
 0.328
 0.364
 0.340
 0.342
 0.335
 0.352
 0.315
 0.315
 0.352
 0.378
 0.335
 0.387
 0.321
 0.382
 0.334
 0.325
 0.328
 0.340
 0.346
 0.355
 0.349
 0.328
 0.339
 0.340
 0.347
 0.368
 0.358
 0.370
 0.347
 0.341
 0.368
 0.330
 0.324
 0.335
 0.345
 0.316
 0.376
 0.351
 0.362
 0.358
 0.405
 0.367
 0.360
 0.346
 0.351
 0.351
 0.396
 0.343
 0.359
 0.383
 0.381
 0.337
 0.346
 0.334
 0.358
 0.340
 0.350
 0.382
 0.364
 0.340
 0.376
 0.375
 0.361
 0.343
 0.334
 0.346
 0.341
 0.343
 0.320
 0.338
 0.368
 0.382
 0.351
 0.387
 0.339
 0.284
 0.391
 0.357
 0.346
 0.335
 0.350
 0.345
 0.370
 0.374
 0.372
 0.327
 0.348
 0.319
 0.381
 0.378
 0.293
 0.326
 0.329
 0.315
 0.350
 0.334
 0.377
 0.385
 0.340
 0.348
 0.387
 0.324
 0.362
 0.344
 0.376
 0.337
 0.348
 0.333
 0.356
 0.364
 0.312
 0.362
 0.304
 0.316
 0.372
 0.329
 0.362
 0.337
 0.334
 0.282
 0.348
 0.354
 0.321
 0.332
 0.326
 0.347
 0.382
 0.360
 0.324
 0.284
 0.350
 0.358
 0.365
 0.362
 0.309
 0.354
 0.353
 0.344
 0.337
 0.360
 0.339
 0.368
 0.363
 0.328
 0.344
 0.352
 0.371
 0.354
 0.358
 0.339
 0.337
 0.339
 0.351
 0.359
 0.324
 0.323
 0.373
 0.353
 0.374
 0.347
 0.348
 0.341
 0.316
 0.394
 0.335
 0.320
 0.320
 0.371
 0.353
 0.355
 0.342
 0.349
 0.349
 0.313
 0.377
 0.331
 0.327
 0.349
 0.353
 0.357
 0.336
 0.354
 0.348
 0.369
 0.377
 0.363
 0.332
 0.362
 0.369
 0.326
 0.367
 0.325
 0.367
 0.381
 0.320
 0.345
 0.359
 0.319
 0.362
 0.322
 0.315
 0.346
 0.318
 0.396
 0.353
 0.353
 0.360
 0.354
 0.345
 0.347
 0.352
 0.341
 0.359
 0.329
 0.355
 0.369
 0.334
 0.378
 0.343
 0.371
 0.347
 0.325
 0.318
 0.361
 0.347
 0.354
 0.403
 0.317
 0.373
 0.348
 0.337
 0.367
 0.329
 0.368
 0.323
 0.311
 0.357
 0.355
 0.371
 0.348
 0.354
 0.340
 0.348
 0.323
 0.344
 0.315
 0.362
 0.362
 0.315
 0.293
 0.332
 0.395
 0.367
 0.347
 0.335
 0.369
 0.374
 0.304
 0.346
 0.325
 0.366
 0.362
 0.354
 0.347
 0.345
 0.288
 0.344
 0.321
 0.344
 0.357
 0.350
 0.329
 0.323
 0.345
 0.351
 0.345
 0.366
 0.317
 0.379
 0.362
 0.398
 0.345
 0.350
 0.330
 0.324
 0.343
 0.364
 0.321
 0.379
 0.319
 0.334
 0.373
 0.318
 0.361
 0.382
 0.387
 0.333
 0.370
 0.389
 0.352
 0.371
 0.343
 0.355
 0.320
 0.361
 0.320
 0.307
 0.355
 0.381
 0.322
 0.334
 0.340
 0.319
 0.342
 0.377
 0.387
 0.349
 0.331
 0.342
 0.343
 0.339
 0.334
 0.336
 0.329
 0.360
 0.300
 0.351
 0.350
 0.347
 0.352
 0.347
 0.317
 0.382
 0.364
 0.354
 0.352
 0.365
 0.366
 0.342
 0.324
 0.364
 0.342
 0.337
 0.363
 0.349
 0.365
 0.372
 0.332
 0.364
 0.333
 0.357
 0.337
 0.353
 0.355
 0.377
 0.353
 0.380
 0.373
 0.343
 0.317
 0.385
 0.354
 0.352
 0.338
 0.343
 0.411
 0.372
 0.324
 0.320
 0.346
 0.333
 0.353
 0.347
 0.359
 0.319
 0.337
 0.351
 0.369
 0.336
 0.314
 0.361
 0.328
 0.381
 0.322
 0.325
 0.337
 0.345
 0.340
 0.359
 0.339
 0.338
 0.339
 0.352
 0.371
 0.359
 0.316
 0.361
 0.350
 0.386
 0.354
 0.328
 0.375
 0.367
 0.314
 0.350
 0.376
 0.307
 0.336
 0.385
 0.335
 0.340
 0.375
 0.355
 0.355
 0.350
 0.304
 0.326
 0.339
 0.364
 0.351
 0.352
 0.344
 0.346
 0.338
 0.339
 0.371
 0.344
 0.351
 0.385
 0.365
 0.328
 0.360
 0.369
 0.338
 0.324
 0.351
 0.344
 0.361
 0.363
 0.349
 0.337
 0.388
 0.348
 0.311
 0.330
 0.361
 0.379
 0.348
 0.349
 0.297
 0.314
 0.335
 0.328
 0.343
 0.360
 0.371
 0.351
 0.381
 0.338
 0.400
 0.314
 0.349
 0.305
 0.360
 0.347
 0.356
 0.367
 0.344
 0.329
 0.354
 0.323
 0.364
 0.345
 0.316
 0.341
 0.347
 0.347
 0.354
 0.372
 0.403
 0.334
 0.373
 0.361
 0.409
 0.386
 0.356
 0.364
 0.365
 0.351
 0.350
 0.381
 0.388
 0.361
 0.342
 0.338
 0.311
 0.298
 0.323
 0.384
 0.345
 0.355
 0.326
 0.348
 0.381
 0.394
 0.384
 0.364
 0.325
 0.336
 0.334
 0.340
 0.326
 0.357
 0.383
 0.334
 0.360
 0.331
 0.372
 0.316
 0.318
 0.331
 0.335
 0.382
 0.345
 0.380
 0.343
 0.281
 0.373
 0.335
 0.364
 0.372
 0.341
 0.383
 0.362
 0.369
 0.369
 0.258
 0.364
 0.323
 0.330
 0.332
 0.374
 0.298
 0.343
 0.310
 0.328
 0.372
 0.351
 0.383
 0.339
 0.359
 0.387
 0.346
 0.343
 0.381
 0.369
 0.367
 0.307
 0.325
 0.318
 0.339
 0.336
 0.363
 0.349
 0.357
 0.333
 0.303
 0.319
 0.350
 0.331
 0.328
 0.364
 0.295
 0.342
 0.393
 0.391
 0.357
 0.343
 0.342
 0.316
 0.321
 0.351
 0.351
 0.383
 0.330
 0.355
 0.393
 0.356
 0.367
 0.361
 0.351
 0.333
 0.362
 0.332
 0.345
 0.381
 0.340
 0.315
 0.352
 0.350
 0.311
 0.368
 0.363
 0.380
 0.400
 0.383
 0.315
 0.315
 0.348
 0.314
 0.337
 0.341
 0.301
 0.295
 0.350
 0.332
 0.338
 0.346
 0.376
 0.347
 0.394
 0.337
 0.286
 0.349
 0.349
 0.373
 0.346
 0.361
 0.382
 0.341
 0.393
 0.380
 0.331
 0.327
 0.323
 0.370
 0.342
 0.366
 0.339
 0.356
 0.309
 0.327
 0.351
 0.393
 0.307
 0.370
 0.354
 0.344
 0.351
 0.371
 0.357
 0.346
 0.338
 0.355
 0.321
 0.349
 0.347
 0.333
 0.367
 0.331
 0.355
 0.366
 0.307
 0.361
 0.359
 0.336
 0.382
 0.359
 0.352
 0.346
 0.346
 0.347
 0.332
 0.305
 0.335
 0.370
 0.370
 0.357
 0.327
 0.345
 0.344
 0.336
 0.392
 0.387
 0.332
 0.352
 0.329
 0.343
 0.344
 0.338
 0.353
 0.354
 0.338
 0.313
 0.319
 0.322
 0.311
 0.330
 0.340
 0.355
 0.369
 0.354
 0.343
 0.344
 0.349
 0.337
 0.346
 0.357
 0.328
 0.384
 0.345
 0.317
 0.379
 0.307
 0.339
 0.332
 0.355
 0.344
 0.348
 0.366
 0.365
 0.363
 0.321
 0.353
 0.353
 0.361
 0.361
 0.402
 0.379
 0.363
 0.365
 0.398
 0.363
 0.384
 0.348
 0.370
 0.312
 0.328
 0.344
 0.364
 0.364
 0.340
 0.355
 0.294
 0.314
 0.373
 0.312
 0.349
 0.346
 0.391
 0.313
 0.352
 0.286
 0.325
 0.365
 0.368
 0.343
 0.349
 0.356
 0.411
 0.349
 0.393
 0.306
 0.360
 0.361
 0.345
 0.323
 0.374
 0.357
 0.342
 0.409
 0.354
 0.343
 0.332
 0.359
 0.309
 0.354
 0.336
 0.345
 0.365
 0.394
 0.393
 0.351
 0.381
 0.356
 0.341
 0.339
 0.356
 0.354
 0.328
 0.387
 0.331
 0.322
 0.337
 0.383
 0.314
 0.360
 0.366
 0.322
 0.343
 0.355
 0.348
 0.340
 0.382
 0.344
 0.351
 0.317
 0.369
 0.348
 0.325
 0.370
 0.338
 0.390
 0.367
 0.290
 0.359
 0.376
 0.345
 0.335
 0.365
 0.341
 0.382
 0.345
 0.357
 0.372
 0.335
 0.341
 0.336
 0.329
 0.361
 0.358
 0.314
 0.313
 0.359
 0.332
 0.374
 0.337
 0.330
 0.325
 0.360
 0.348
 0.369
 0.364
 0.360
 0.352
 0.397
 0.345
 0.315
 0.385
 0.318
 0.335
 0.358
 0.358
 0.331
 0.347
 0.369
 0.315
 0.343
 0.329
 0.328
 0.352
 0.337
 0.352
 0.334
 0.334
 0.310
 0.354
 0.343
 0.424
 0.346
 0.353
 0.333
 0.348
 0.365
 0.374
 0.332
 0.317
 0.355
 0.364
 0.325
 0.328
 0.363
 0.328
 0.335
 0.335
 0.298
 0.381
 0.369
 0.356
 0.333
 0.364
 0.373
 0.358
 0.355
 0.339
 0.339
 0.297
 0.330
 0.355
 0.365
 0.377
 0.361
 0.329
 0.391
 0.361
 0.346
 0.344
 0.320
 0.337
 0.316
 0.371
 0.374
 0.335
 0.357
 0.333
 0.267
 0.343
 0.357
 0.340
 0.325
 0.332
 0.380
 0.332
 0.383
 0.349
 0.382
 0.350
 0.371
 0.348
 0.335
 0.404
 0.351
 0.313
 0.313
 0.400
 0.356
 0.365
 0.362
 0.348
 0.343
 0.374
 0.337
 0.388
 0.362
 0.343
 0.334
 0.331
 0.364
 0.362
 0.352
 0.379
 0.320
 0.373
 0.343
 0.336
 0.366
 0.356
 0.338
 0.344
 0.347
 0.336
 0.323
 0.314
 0.358
 0.314
 0.290
 0.379
 0.335
 0.346
 0.350
 0.346
 0.313
 0.353
 0.354
 0.337
 0.321
 0.362
 0.370
 0.347
 0.315
 0.345
 0.341
 0.375
 0.361
 0.335
 0.349
 0.339
 0.342
 0.377
 0.328
 0.318
 0.356
 0.357
 0.338
 0.373
 0.361
 0.333
 0.351
 0.339
 0.356
 0.360
 0.345
 0.371
 0.354
 0.355
 0.345
 0.349
 0.311
 0.346
 0.405
 0.391
 0.388
 0.360
 0.346
 0.342
 0.325
 0.339
 0.308
 0.337
 0.319
 0.389
 0.362
 0.339
 0.355
 0.381
 0.294
 0.349
 0.384
 0.351
 0.354
 0.333
 0.350
 0.354
 0.356
 0.343
 0.361
 0.333
 0.359
 0.349
 0.345
 0.348
 0.376
 0.344
 0.359
 0.311
 0.362
 0.323
 0.362
 0.341
 0.360
 0.370
 0.305
 0.342
 0.324
 0.356
 0.344
 0.343
 0.324
 0.358
 0.360
 0.300
 0.372
 0.346
 0.317
 0.339
 0.364
 0.343
 0.365
 0.371
 0.361
 0.340
 0.357
 0.347
 0.378
 0.419
 0.320
 0.376
 0.365
 0.366
 0.392
 0.307
 0.351
 0.344
 0.339
 0.341
 0.333
 0.387
 0.368
 0.340
 0.332
 0.359
 0.367
 0.350
 0.356
 0.349
 0.294
 0.305
 0.335
 0.328
 0.339
 0.334
 0.345
 0.354
 0.322
 0.336
 0.374
 0.329
 0.313
 0.359
 0.378
 0.344
 0.322
 0.379
 0.318
 0.353
 0.331
 0.308
 0.368
 0.394
 0.394
 0.324
 0.326
 0.369
 0.358
 0.340
 0.327
 0.321
 0.370
 0.387
 0.343
 0.322
 0.332
 0.315
 0.330
 0.320
 0.332
 0.378
 0.275
 0.379
 0.322
 0.338
 0.333
 0.380
 0.374
 0.375
 0.362
 0.324
 0.357
 0.406
 0.371
 0.342
 0.300
 0.358
 0.372
 0.325
 0.380
 0.335
 0.333
 0.341
 0.325
 0.367
 0.334
 0.337
 0.324
 0.291
 0.376
 0.353
 0.330
 0.358
 0.383
 0.308
 0.353
 0.351
 0.377
 0.333
 0.346
 0.373
 0.315
 0.391
 0.338
 0.321
 0.336
 0.333
 0.392
 0.344
 0.349
 0.380
 0.404
 0.344
 0.344
 0.349
 0.319
 0.365
 0.341
 0.337
 0.390
 0.347
 0.360
 0.345
 0.344
 0.325
 0.357
 0.330
 0.404
 0.345
 0.337
 0.343
 0.376
 0.313
 0.346
 0.332
 0.338
 0.332
 0.323
 0.328
 0.374
 0.361
 0.338
 0.325
 0.338
 0.335
 0.347
 0.345
 0.357
 0.373
 0.336
 0.337
 0.334
 0.361
 0.341
 0.355
 0.359
 0.315
 0.342
 0.327
 0.377
 0.368
 0.361
 0.329
 0.352
 0.359
 0.309
 0.374
 0.366
 0.332
 0.333
 0.368
 0.337
 0.350
 0.353
 0.352
 0.328
 0.329
 0.377
 0.349
 0.359
 0.384
 0.338
 0.307
 0.362
 0.373
 0.346
 0.354
 0.357
 0.375
 0.370
 0.368
 0.374
 0.325
 0.349
 0.400
 0.374
 0.370
 0.376
 0.327
 0.318
 0.352
 0.353
 0.376
 0.348
 0.350
 0.348
 0.298
 0.305
 0.342
 0.356
 0.345
 0.392
 0.366
 0.340
 0.335
 0.360
 0.322
 0.374
 0.371
 0.381
 0.314
 0.329
 0.361
 0.363
 0.332
 0.325
 0.350
 0.338
 0.333
 0.344
 0.347
 0.331
 0.350
 0.340
 0.358
 0.313
 0.354
 0.416
 0.357
 0.381
 0.341
 0.351
 0.323
 0.325
 0.343
 0.406
 0.334
 0.369
 0.385
 0.359
 0.355
 0.330
 0.315
 0.319
 0.346
 0.335
 0.343
 0.355
 0.325
 0.358
 0.360
 0.370
 0.354
 0.321
 0.348
 0.354
 0.318
 0.342
 0.329
 0.360
 0.302
 0.353
 0.353
 0.311
 0.342
 0.374
 0.348
 0.344
 0.388
 0.335
 0.321
 0.383
 0.325
 0.329
 0.304
 0.345
 0.387
 0.334
 0.349
 0.368
 0.362
 0.382
 0.329
 0.344
 0.307
 0.369
 0.340
 0.352
 0.393
 0.349
 0.385
 0.325
 0.350
 0.305
 0.322
 0.353
 0.360
 0.378
 0.346
 0.374
 0.391
 0.309
 0.334
 0.341
 0.385
 0.347
 0.329
 0.342
 0.347
 0.371
 0.353
 0.351
 0.368
 0.340
 0.345
 0.324
 0.349
 0.353
 0.351
 0.360
 0.328
 0.334
 0.309
 0.340
 0.344
 0.363
 0.352
 0.343
 0.318
 0.330
 0.331
 0.360
 0.322
 0.325
 0.326
 0.371
 0.308
 0.344
 0.342
 0.340
 0.341
 0.350
 0.365
 0.352
 0.329
 0.335
 0.351
 0.359
 0.333
 0.374
 0.364
 0.347
 0.311
 0.310
 0.362
 0.363
 0.364
 0.318
 0.387
 0.366
 0.399
 0.354
 0.334
 0.344
 0.347
 0.352
 0.354
 0.424
 0.319
 0.360
 0.334
 0.337
 0.359
 0.299
 0.349
 0.326
 0.314
 0.346
 0.340
 0.415
 0.377
 0.325
 0.402
 0.350
 0.349
 0.336
 0.331
 0.398
 0.355
 0.372
 0.363
 0.320
 0.315
 0.331
 0.337
 0.379
 0.362
 0.386
 0.385
 0.364
 0.331
 0.338
 0.316
 0.372
 0.389
 0.384
 0.380
 0.385
 0.321
 0.335
 0.369
 0.325
 0.330
 0.379
 0.355
 0.379
 0.344
 0.335
 0.330
 0.377
 0.353
 0.349
 0.336
 0.320
 0.360
 0.388
 0.363
 0.317
 0.318
 0.360
 0.311
 0.377
 0.303
 0.313
 0.374
 0.354
 0.366
 0.379
 0.308
 0.341
 0.362
 0.383
 0.316
 0.342
 0.359
 0.353
 0.327
 0.329
 0.379
 0.366
 0.342
 0.313
 0.326
 0.342
 0.356
 0.351
 0.359
 0.337
 0.382
 0.348
 0.351
 0.383
 0.366
 0.392
 0.339
 0.335
 0.311
 0.350
 0.352
 0.336
 0.313
 0.393
 0.354
 0.351
 0.333
 0.353
 0.336
 0.320
 0.345
 0.392
 0.345
 0.359
 0.357
 0.290
 0.373
 0.369
 0.351
 0.323
 0.374
 0.359
 0.358
 0.330
 0.372
 0.362
 0.340
 0.374
 0.351
 0.359
 0.359
 0.345
 0.372
 0.349
 0.328
 0.315
 0.314
 0.345
 0.342
 0.375
 0.366
 0.330
 0.326
 0.333
 0.305
 0.358
 0.359
 0.392
 0.364
 0.327
 0.366
 0.359
 0.379
 0.316
 0.399
 0.328
 0.314
 0.371
 0.321
 0.373
 0.359
 0.321
 0.329
 0.353
 0.329
 0.299
 0.306
 0.330
 0.349
 0.343
 0.332
 0.353
 0.350
 0.339
 0.355
 0.319
 0.335
 0.350
 0.338
 0.354
 0.327
 0.367
 0.339
 0.353
 0.359
 0.314
 0.355
 0.360
 0.358
 0.377
 0.328
 0.329
 0.371
 0.381
 0.337
 0.332
 0.358
 0.389
 0.325
 0.357
 0.393
 0.385
 0.347
 0.384
 0.349
 0.342
 0.373
 0.338
 0.341
 0.375
 0.311
 0.346
 0.322
 0.371
 0.365
 0.334
 0.326
 0.329
 0.321
 0.312
 0.326
 0.345
 0.359
 0.344
 0.312
 0.388
 0.392
 0.365
 0.321
 0.351
 0.330
 0.337
 0.385
 0.313
 0.330
 0.347
 0.367
 0.360
 0.346
 0.377
 0.331
 0.318
 0.318
 0.334
 0.311
 0.329
 0.326
 0.374
 0.371
 0.370
 0.318
 0.332
 0.375
 0.345
 0.332
 0.361
 0.351
 0.376
 0.343
 0.408
 0.375
 0.333
 0.357
 0.367
 0.302
 0.366
 0.351
 0.342
 0.352
 0.340
 0.344
 0.311
 0.358
 0.350
 0.316
 0.379
 0.367
 0.338
 0.333
 0.330
 0.356
 0.346
 0.346
 0.336
 0.310
 0.353
 0.368
 0.354
 0.357
 0.363
 0.347
 0.321
 0.347
 0.357
 0.349
 0.349
 0.362
 0.347
 0.348
 0.328
 0.348
 0.380
 0.346
 0.366
 0.344
 0.346
 0.341
 0.368
 0.331
 0.327
 0.350
 0.353
 0.323
 0.370
 0.360
 0.355
 0.354
 0.396
 0.380
 0.359
 0.351
 0.366
 0.344
 0.366
 0.336
 0.351
 0.323
 0.345
 0.334
 0.371
 0.312
 0.353
 0.361
 0.358
 0.356
 0.269
 0.365
 0.323
 0.349
 0.372
 0.367
 0.373
 0.353
 0.334
 0.363
 0.402
 0.346
 0.323
 0.291
 0.297
 0.365
 0.327
 0.375
 0.335
 0.368
 0.335
 0.299
 0.332
 0.368
 0.369
 0.339
 0.343
 0.311
 0.358
 0.350
 0.329
 0.354
 0.314
 0.316
 0.342
 0.325
 0.384
 0.393
 0.370
 0.360
 0.353
 0.355
 0.353
 0.352
 0.290
 0.370
 0.349
 0.329
 0.320
 0.349
 0.335
 0.346
 0.364
 0.347
 0.322
 0.363
 0.350
 0.345
 0.357
 0.371
 0.395
 0.326
 0.350
 0.353
 0.362
 0.348
 0.320
 0.322
 0.349
 0.333
 0.352
 0.353
 0.312
 0.345
 0.375
 0.340
 0.358
 0.370
 0.367
 0.328
 0.350
 0.322
 0.340
 0.370
 0.350
 0.349
 0.353
 0.353
 0.342
 0.323
 0.334
 0.319
 0.347
 0.350
 0.305
 0.335
 0.377
 0.358
 0.334
 0.319
 0.319
 0.381
 0.348
 0.380
 0.328
 0.367
 0.369
 0.367
 0.358
 0.359
 0.366
 0.326
 0.318
 0.404
 0.339
 0.362
 0.337
 0.373
 0.339
 0.390
 0.324
 0.347
 0.314
 0.407
 0.353
 0.349
 0.359
 0.330
 0.361
 0.371
 0.307
 0.348
 0.387
 0.341
 0.345
 0.370
 0.311
 0.361
 0.364
 0.374
 0.385
 0.364
 0.334
 0.315
 0.319
 0.338
 0.332
 0.338
 0.328
 0.355
 0.366
 0.339
 0.400
 0.355
 0.363
 0.347
 0.346
 0.365
 0.335
 0.382
 0.340
 0.374
 0.352
 0.333
 0.324
 0.326
 0.328
 0.372
 0.349
 0.366
 0.335
 0.356
 0.374
 0.344
 0.366
 0.346
 0.308
 0.350
 0.360
 0.368
 0.364
 0.356
 0.356
 0.341
 0.330
 0.308
 0.375
 0.391
 0.354
 0.331
 0.343
 0.385
 0.339
 0.314
 0.380
 0.328
 0.360
 0.332
 0.331
 0.390
 0.369
 0.332
 0.356
 0.337
 0.359
 0.342
 0.348
 0.386
 0.399
 0.385
 0.387
 0.378
 0.353
 0.336
 0.355
 0.385
 0.337
 0.350
 0.392
 0.368
 0.326
 0.350
 0.327
 0.352
 0.354
 0.376
 0.385
 0.341
 0.360
 0.331
 0.352
 0.333
 0.353
 0.348
 0.340
 0.405
 0.395
 0.377
 0.331
 0.376
 0.339
 0.318
 0.359
 0.351
 0.336
 0.379
 0.348
 0.377
 0.315
 0.335
 0.349
 0.359
 0.316
 0.362
 0.347
 0.320
 0.342
 0.320
 0.371
 0.323
 0.352
 0.365
 0.370
 0.369
 0.374
 0.353
 0.351
 0.337
 0.344
 0.356
 0.340
 0.351
 0.351
 0.324
 0.364
 0.356
 0.314
 0.347
 0.311
 0.324
 0.352
 0.333
 0.346
 0.341
 0.377
 0.379
 0.326
 0.333
 0.400
 0.320
 0.356
 0.325
 0.299
 0.353
 0.315
 0.383
 0.316
 0.311
 0.351
 0.390
 0.346
 0.340
 0.355
 0.325
 0.361
 0.393
 0.327
 0.330
 0.367
 0.361
 0.356
 0.366
 0.348
 0.331
 0.356
 0.395
 0.358
 0.330
 0.330
 0.389
 0.374
 0.320
 0.335
 0.348
 0.330
 0.336
 0.345
 0.372
 0.341
 0.358
 0.340
 0.329
 0.376
 0.373
 0.338
 0.349
 0.346
 0.346
 0.339
 0.310
 0.313
 0.367
 0.379
 0.317
 0.334
 0.298
 0.394
 0.339
 0.336
 0.345
 0.324
 0.352
 0.341
 0.387
 0.341
 0.394
 0.354
 0.365
 0.394
 0.340
 0.341
 0.367
 0.343
 0.360
 0.391
 0.320
 0.348
 0.375
 0.355
 0.349
 0.337
 0.313
 0.343
 0.345
 0.351
 0.378
 0.370
 0.341
 0.348
 0.347
 0.333
 0.369
 0.356
 0.365
 0.320
 0.359
 0.328
 0.360
 0.348
 0.357
 0.365
 0.311
 0.313
 0.372
 0.369
 0.324
 0.341
 0.340
 0.351
 0.332
 0.308
 0.348
 0.356
 0.332
 0.321
 0.317
 0.347
 0.370
 0.353
 0.327
 0.373
 0.338
 0.316
 0.358
 0.366
 0.363
 0.357
 0.322
 0.366
 0.374
 0.326
 0.343
 0.362
 0.287
 0.344
 0.316
 0.306
 0.348
 0.380
 0.313
 0.351
 0.363
 0.383
 0.338
 0.357
 0.352
 0.289
 0.338
 0.318
 0.320
 0.369
 0.396
 0.310
 0.354
 0.382
 0.388
 0.326
 0.340
 0.365
 0.391
 0.376
 0.372
 0.314
 0.342
 0.360
 0.323
 0.374
 0.311
 0.372
 0.368
 0.344
 0.278
 0.390
 0.348
 0.366
 0.372
 0.344
 0.369
 0.362
 0.298
 0.339
 0.292
 0.334
 0.381
 0.360
 0.333
 0.333
 0.354
 0.316
 0.354
 0.339
 0.368
 0.356
 0.356
 0.376
 0.338
 0.354
 0.341
 0.345
 0.368
 0.318
 0.364
 0.347
 0.394
 0.342
 0.378
 0.369
 0.343
 0.341
 0.321
 0.343
 0.315
 0.343
 0.303
 0.312
 0.360
 0.316
 0.322
 0.366
 0.283
 0.373
 0.330
 0.353
 0.324
 0.335
 0.389
 0.307
 0.312
 0.372
 0.342
 0.339
 0.394
 0.350
 0.353
 0.346
 0.369
 0.346
 0.351
 0.337
 0.330
 0.322
 0.324
 0.366
 0.366
 0.348
 0.309
 0.374
 0.358
 0.350
 0.361
 0.361
 0.350
 0.342
 0.303
 0.319
 0.346
 0.378
 0.357
 0.345
 0.325
 0.311
 0.353
 0.349
 0.313
 0.366
 0.328
 0.359
 0.366
 0.373
 0.373
 0.332
 0.328
 0.335
 0.327
 0.357
 0.302
 0.314
 0.364
 0.366
 0.319
 0.367
 0.358
 0.370
 0.331
 0.319
 0.346
 0.364
 0.344
 0.334
 0.365
 0.347
 0.339
 0.349
 0.301
 0.372
 0.306
 0.362
 0.355
 0.352
 0.364
 0.330
 0.342
 0.359
 0.328
 0.349
 0.325
 0.355
 0.318
 0.316
 0.408
 0.336
 0.315
 0.338
 0.371
 0.347
 0.319
 0.352
 0.357
 0.355
 0.355
 0.372
 0.354
 0.333
 0.375
 0.351
 0.327
 0.390
 0.388
 0.334
 0.331
 0.348
 0.362
 0.329
 0.342
 0.339
 0.336
 0.347
 0.361
 0.332
 0.337
 0.343
 0.348
 0.366
 0.331
 0.293
 0.357
 0.330
 0.379
 0.376
 0.350
 0.328
 0.374
 0.315
 0.316
 0.360
 0.353
 0.363
 0.382
 0.372
 0.352
 0.362
 0.356
 0.338
 0.343
 0.332
 0.364
 0.340
 0.334
 0.393
 0.358
 0.364
 0.328
 0.330
 0.365
 0.324
 0.324
 0.347
 0.335
 0.348
 0.337
 0.378
 0.314
 0.336
 0.299
 0.394
 0.359
 0.372
 0.346
 0.367
 0.338
 0.379
 0.366
 0.311
 0.352
 0.342
 0.364
 0.341
 0.296
 0.398
 0.348
 0.345
 0.334
 0.337
 0.360
 0.378
 0.320
 0.314
 0.371
 0.350
 0.340
 0.376
 0.337
 0.332
 0.325
 0.335
 0.316
 0.332
 0.386
 0.360
 0.352
 0.317
 0.334
 0.296
 0.350
 0.325
 0.325
 0.340
 0.377
 0.360
 0.340
 0.343
 0.371
 0.381
 0.341
 0.404
 0.353
 0.331
 0.338
 0.363
 0.331
 0.341
 0.348
 0.365
 0.319
 0.329
 0.330
 0.331
 0.347
 0.370
 0.318
 0.335
 0.346
 0.336
 0.338
 0.332
 0.377
 0.390
 0.349
 0.369
 0.372
 0.329
 0.329
 0.334
 0.359
 0.328
 0.349
 0.353
 0.337
 0.349
 0.305
 0.345
 0.338
 0.342
 0.328
 0.329
 0.339
 0.297
 0.374
 0.343
 0.366
 0.355
 0.334
 0.346
 0.350
 0.343
 0.370
 0.343
 0.355
 0.331
 0.348
 0.316
 0.358
 0.350
 0.335
 0.348
 0.361
 0.359
 0.328
 0.359
 0.347
 0.390
 0.365
 0.320
 0.395
 0.379
 0.358
 0.333
 0.348
 0.378
 0.316
 0.317
 0.373
 0.388
 0.367
 0.360
 0.348
 0.283
 0.361
 0.334
 0.308
 0.326
 0.330
 0.368
 0.354
 0.379
 0.360
 0.322
 0.360
 0.325
 0.368
 0.325
 0.335
 0.349
 0.305
 0.366
 0.354
 0.300
 0.342
 0.379
 0.319
 0.315
 0.339
 0.338
 0.347
 0.342
 0.323
 0.362
 0.328
 0.345
 0.373
 0.363
 0.350
 0.380
 0.358
 0.365
 0.328
 0.331
 0.367
 0.309
 0.340
 0.378
 0.343
 0.382
 0.368
 0.317
 0.354
 0.328
 0.351
 0.328
 0.327
 0.356
 0.320
 0.339
 0.304
 0.373
 0.326
 0.344
 0.353
 0.341
 0.364
 0.339
 0.357
 0.349
 0.356
 0.366
 0.364
 0.371
 0.356
 0.372
 0.369
 0.413
 0.333
 0.348
 0.364
 0.345
 0.355
 0.328
 0.325
 0.379
 0.384
 0.329
 0.355
 0.378
 0.349
 0.389
 0.316
 0.361
 0.358
 0.315
 0.330
 0.352
 0.312
 0.324
 0.360
 0.313
 0.342
 0.354
 0.358
 0.299
 0.307
 0.344
 0.347
 0.395
 0.411
 0.364
 0.347
 0.327
 0.348
 0.358
 0.352
 0.388
 0.346
 0.369
 0.324
 0.336
 0.307
 0.339
 0.314
 0.366
 0.341
 0.358
 0.333
 0.318
 0.365
 0.341
 0.332
 0.351
 0.344
 0.364
 0.373
 0.370
 0.374
 0.326
 0.314
 0.386
 0.394
 0.348
 0.338
 0.358
 0.336
 0.337
 0.331
 0.314
 0.365
 0.340
 0.313
 0.385
 0.341
 0.377
 0.356
 0.355
 0.336
 0.311
 0.373
 0.322
 0.382
 0.385
 0.337
 0.356
 0.352
 0.337
 0.354
 0.325
 0.337
 0.379
 0.372
 0.348
 0.375
 0.361
 0.343
 0.353
 0.333
 0.327
 0.329
 0.345
 0.330
 0.353
 0.358
 0.379
 0.331
 0.362
 0.344
 0.337
 0.340
 0.348
 0.315
 0.368
 0.368
 0.353
 0.342
 0.330
 0.377
 0.383
 0.373
 0.339
 0.343
 0.364
 0.311
 0.356
 0.341
 0.354
 0.355
 0.348
 0.338
 0.363
 0.307
 0.315
 0.350
 0.349
 0.364
 0.347
 0.363
 0.404
 0.307
 0.333
 0.343
 0.327
 0.357
 0.331
 0.355
 0.352
 0.347
 0.358
 0.337
 0.365
 0.357
 0.342
 0.330
 0.371
 0.314
 0.350
 0.379
 0.339
 0.318
 0.382
 0.329
 0.336
 0.353
 0.296
 0.300
 0.320
 0.334
 0.322
 0.387
 0.368
 0.317
 0.309
 0.363
 0.354
 0.320
 0.315
 0.330
 0.357
 0.334
 0.336
 0.334
 0.406
 0.306
 0.362
 0.342
 0.297
 0.361
 0.339
 0.328
 0.324
 0.329
 0.356
 0.369
 0.375
 0.338
 0.364
 0.370
 0.373
 0.347
 0.358
 0.344
 0.346
 0.380
 0.343
 0.358
 0.377
 0.360
 0.343
 0.350
 0.381
 0.377
 0.358
 0.321
 0.313
 0.337
 0.335
 0.375
 0.306
 0.395
 0.314
 0.308
 0.362
 0.308
 0.342
 0.337
 0.331
 0.377
 0.378
 0.338
 0.387
 0.323
 0.364
 0.340
 0.350
 0.345
 0.323
 0.370
 0.354
 0.361
 0.329
 0.315
 0.357
 0.354
 0.343
 0.352
 0.367
 0.338
 0.324
 0.325
 0.350
 0.353
 0.342
 0.366
 0.393
 0.351
 0.344
 0.352
 0.319
 0.336
 0.373
 0.359
 0.373
 0.338
 0.376
 0.343
 0.341
 0.305
 0.326
 0.346
 0.356
 0.318
 0.360
 0.373
 0.374
 0.347
 0.317
 0.373
 0.363
 0.336
 0.328
 0.318
 0.336
 0.359
 0.324
 0.347
 0.377
 0.346
 0.335
 0.326
 0.396
 0.345
 0.337
 0.344
 0.337
 0.357
 0.350
 0.324
 0.323
 0.326
 0.394
 0.319
 0.409
 0.374
 0.373
 0.365
 0.333
 0.375
 0.402
 0.351
 0.306
 0.368
 0.336
 0.385
 0.340
 0.299
 0.363
 0.347
 0.369
 0.322
 0.329
 0.331
 0.364
 0.353
 0.365
 0.356
 0.334
 0.355
 0.343
 0.316
 0.352
 0.336
 0.365
 0.334
 0.386
 0.326
 0.326
 0.344
 0.365
 0.364
 0.284
 0.319
 0.352
 0.360
 0.362
 0.283
 0.385
 0.350
 0.362
 0.300
 0.379
 0.357
 0.398
 0.317
 0.355
 0.360
 0.363
 0.367
 0.353
 0.349
 0.329
 0.350
 0.342
 0.338
 0.372
 0.349
 0.320
 0.351
 0.320
 0.302
 0.313
 0.313
 0.372
 0.335
 0.347
 0.327
 0.339
 0.323
 0.382
 0.351
 0.313
 0.322
 0.313
 0.333
 0.355
 0.333
 0.335
 0.307
 0.364
 0.341
 0.339
 0.369
 0.374
 0.340
 0.315
 0.324
 0.383
 0.357
 0.367
 0.300
 0.338
 0.303
 0.320
 0.328
 0.373
 0.340
 0.341
 0.356
 0.352
 0.368
 0.355
 0.362
 0.345
 0.331
 0.340
 0.341
 0.386
 0.347
 0.334
 0.333
 0.315
 0.353
 0.345
 0.372
 0.341
 0.381
 0.341
 0.381
 0.327
 0.357
 0.357
 0.353
 0.351
 0.349
 0.365
 0.346
 0.332
 0.325
 0.401
 0.337
 0.315
 0.349
 0.326
 0.382
 0.357
 0.328
 0.348
 0.331
 0.314
 0.319
 0.344
 0.375
 0.354
 0.357
 0.346
 0.339
 0.330
 0.341
 0.359
 0.333
 0.381
 0.333
 0.368
 0.351
 0.321
 0.357
 0.321
 0.372
 0.349
 0.374
 0.362
 0.350
 0.352
 0.325
 0.321
 0.307
 0.357
 0.330
 0.352
 0.318
 0.356
 0.338
 0.332
 0.425
 0.345
 0.339
 0.354
 0.369
 0.344
 0.360
 0.343
 0.372
 0.374
 0.346
 0.324
 0.345
 0.307
 0.335
 0.322
 0.395
 0.362
 0.348
 0.339
 0.310
 0.344
 0.336
 0.342
 0.312
 0.315
 0.315
 0.325
 0.340
 0.343
 0.379
 0.330
 0.335
 0.385
 0.336
 0.332
 0.334
 0.342
 0.340
 0.365
 0.298
 0.380
 0.331
 0.349
 0.384
 0.333
 0.332
 0.326
 0.335
 0.345
 0.350
 0.336
 0.368
 0.359
 0.372
 0.370
 0.362
 0.364
 0.311
 0.335
 0.347
 0.337
 0.362
 0.329
 0.312
 0.338
 0.382
 0.311
 0.351
 0.361
 0.343
 0.343
 0.342
 0.315
 0.358
 0.363
 0.363
 0.345
 0.327
 0.374
 0.385
 0.367
 0.345
 0.356
 0.345
 0.330
 0.325
 0.324
 0.359
 0.315
 0.354
 0.348
 0.376
 0.324
 0.376
 0.337
 0.342
 0.364
 0.360
 0.353
 0.368
 0.321
 0.374
 0.368
 0.358
 0.307
 0.386
 0.346
 0.348
 0.326
 0.350
 0.379
 0.350
 0.320
 0.306
 0.376
 0.374
 0.347
 0.382
 0.333
 0.345
 0.355
 0.380
 0.346
 0.370
 0.382
 0.345
 0.361
 0.371
 0.408
 0.319
 0.375
 0.347
 0.339
 0.386
 0.359
 0.359
 0.316
 0.352
 0.344
 0.329
 0.305
 0.400
 0.389
 0.331
 0.338
 0.368
 0.366
 0.369
 0.342
 0.365
 0.365
 0.284
 0.335
 0.362
 0.322
 0.347
 0.319
 0.327
 0.362
 0.351
 0.345
 0.335
 0.384
 0.324
 0.329
 0.385
 0.375
 0.296
 0.318
 0.341
 0.322
 0.359
 0.353
 0.367
 0.331
 0.346
 0.390
 0.332
 0.340
 0.348
 0.337
 0.343
 0.351
 0.382
 0.342
 0.317
 0.366
 0.385
 0.349
 0.329
 0.278
 0.314
 0.356
 0.290
 0.368
 0.346
 0.364
 0.317
 0.348
 0.359
 0.349
 0.369
 0.375
 0.312
 0.322
 0.374
 0.308
 0.356
 0.369
 0.344
 0.327
 0.354
 0.358
 0.309
 0.335
 0.365
 0.323
 0.377
 0.354
 0.350
 0.347
 0.344
 0.363
 0.368
 0.327
 0.320
 0.322
 0.352
 0.375
 0.366
 0.388
 0.346
 0.394
 0.357
 0.354
 0.368
 0.386
 0.333
 0.377
 0.389
 0.303
 0.375
 0.360
 0.342
 0.349
 0.386
 0.357
 0.355
 0.383
 0.332
 0.389
 0.341
 0.370
 0.342
 0.376
 0.321
 0.378
 0.331
 0.359
 0.334
 0.329
 0.364
 0.364
 0.364
 0.417
 0.335
 0.366
 0.359
 0.390
 0.323
 0.333
 0.357
 0.319
 0.383
 0.370
 0.347
 0.292
 0.372
 0.373
 0.365
 0.362
 0.312
 0.296
 0.370
 0.341
 0.375
 0.359
 0.373
 0.354
 0.332
 0.356
 0.325
 0.331
 0.325
 0.324
 0.366
 0.360
 0.336
 0.355
 0.365
 0.367
 0.358
 0.351
 0.375
 0.320
 0.343
 0.324
 0.349
 0.311
 0.343
 0.342
 0.316
 0.345
 0.335
 0.371
 0.353
 0.308
 0.365
 0.344
 0.327
 0.385
 0.347
 0.369
 0.310
 0.319
 0.372
 0.342
 0.327
 0.334
 0.342
 0.331
 0.361
 0.388
 0.341
 0.348
 0.379
 0.349
 0.372
 0.336
 0.329
 0.342
 0.319
 0.341
 0.333
 0.351
 0.380
 0.364
 0.352
 0.352
 0.330
 0.346
 0.356
 0.339
 0.334
 0.366
 0.366
 0.358
 0.337
 0.322
 0.363
 0.351
 0.367
 0.368
 0.328
 0.342
 0.351
 0.332
 0.356
 0.329
 0.343
 0.341
 0.356
 0.378
 0.335
 0.356
 0.345
 0.369
 0.338
 0.348
 0.349
 0.345
 0.332
 0.359
 0.386
 0.361
 0.372
 0.376
 0.418
 0.322
 0.324
 0.344
 0.341
 0.341
 0.335
 0.335
 0.333
 0.327
 0.389
 0.340
 0.370
 0.349
 0.371
 0.334
 0.341
 0.347
 0.332
 0.343
 0.341
 0.362
 0.385
 0.353
 0.359
 0.353
 0.351
 0.305
 0.384
 0.360
 0.359
 0.373
 0.370
 0.392
 0.381
 0.349
 0.361
 0.357
 0.350
 0.330
 0.376
 0.359
 0.372
 0.340
 0.368
 0.353
 0.371
 0.342
 0.351
 0.345
 0.384
 0.339
 0.347
 0.347
 0.331
 0.314
 0.345
 0.371
 0.352
 0.385
 0.342
 0.367
 0.364
 0.361
 0.361
 0.330
 0.361
 0.335
 0.369
 0.353
 0.362
 0.333
 0.380
 0.335
 0.344
 0.318
 0.290
 0.337
 0.351
 0.334
 0.340
 0.353
 0.375
 0.386
 0.332
 0.317
 0.329
 0.400
 0.349
 0.352
 0.365
 0.373
 0.386
 0.338
 0.312
 0.322
 0.348
 0.384
 0.345
 0.349
 0.363
 0.330
 0.320
 0.352
 0.372
 0.384
 0.378
 0.369
 0.376
 0.355
 0.392
 0.328
 0.388
 0.299
 0.349
 0.329
 0.352
 0.352
 0.380
 0.320
 0.366
 0.368
 0.374
 0.364
 0.371
 0.339
 0.319
 0.351
 0.344
 0.344
 0.340
 0.295
 0.303
 0.361
 0.362
 0.381
 0.319
 0.402
 0.321
 0.350
 0.375
 0.378
 0.324
 0.353
 0.365
 0.358
 0.376
 0.368
 0.337
 0.338
 0.350
 0.358
 0.304
 0.347
 0.379
 0.354
 0.351
 0.366
 0.334
 0.335
 0.357
 0.330
 0.374
 0.344
 0.363
 0.350
 0.329
 0.338
 0.373
 0.325
 0.390
 0.342
 0.309
 0.348
 0.374
 0.360
 0.351
 0.341
 0.337
 0.352
 0.367
 0.363
 0.407
 0.323
 0.335
 0.371
 0.338
 0.354
 0.374
 0.393
 0.369
 0.366
 0.351
 0.353
 0.345
 0.394
 0.366
 0.357
 0.324
 0.374
 0.357
 0.333
 0.290
 0.303
 0.361
 0.382
 0.334
 0.339
 0.340
 0.347
 0.333
 0.327
 0.348
 0.355
 0.297
 0.358
 0.303
 0.326
 0.338
 0.347
 0.353
 0.351
 0.333
 0.356
 0.343
 0.362
 0.355
 0.387
 0.373
 0.328
 0.378
 0.366
 0.374
 0.362
 0.347
 0.367
 0.342
 0.323
 0.341
 0.358
 0.360
 0.330
 0.346
 0.323
 0.327
 0.375
 0.340
 0.390
 0.348
 0.350
 0.387
 0.352
 0.310
 0.337
 0.343
 0.340
 0.323
 0.328
 0.355
 0.365
 0.329
 0.353
 0.357
 0.347
 0.326
 0.320
 0.371
 0.353
 0.388
 0.355
 0.335
 0.327
 0.350
 0.369
 0.335
 0.320
 0.348
 0.330
 0.356
 0.339
 0.332
 0.356
 0.359
 0.338
 0.397
 0.412
 0.314
 0.339
 0.357
 0.370
 0.289
 0.358
 0.351
 0.393
 0.353
 0.396
 0.381
 0.346
 0.373
 0.327
 0.314
 0.330
 0.319
 0.327
 0.353
 0.378
 0.372
 0.349
 0.352
 0.385
 0.375
 0.323
 0.316
 0.339
 0.355
 0.361
 0.347
 0.369
 0.366
 0.365
 0.320
 0.314
 0.363
 0.328
 0.375
 0.308
 0.327
 0.381
 0.374
 0.380
 0.351
 0.359
 0.357
 0.355
 0.363
 0.295
 0.325
 0.365
 0.353
 0.375
 0.346
 0.356
 0.371
 0.343
 0.358
 0.329
 0.363
 0.385
 0.337
 0.291
 0.350
 0.347
 0.334
 0.340
 0.349
 0.358
 0.363
 0.371
 0.324
 0.400
 0.351
 0.311
 0.335
 0.323
 0.337
 0.349
 0.324
 0.327
 0.349
 0.383
 0.339
 0.352
 0.333
 0.348
 0.333
 0.372
 0.365
 0.338
 0.311
 0.301
 0.344
 0.338
 0.348
 0.359
 0.385
 0.355
 0.347
 0.330
 0.368
 0.382
 0.351
 0.337
 0.339
 0.336
 0.335
 0.341
 0.309
 0.362
 0.361
 0.414
 0.329
 0.369
 0.366
 0.337
 0.355
 0.341
 0.340
 0.317
 0.352
 0.350
 0.359
 0.315
 0.333
 0.328
 0.371
 0.345
 0.319
 0.324
 0.337
 0.323
 0.387
 0.354
 0.362
 0.334
 0.323
 0.379
 0.358
 0.358
 0.361
 0.344
 0.381
 0.370
 0.351
 0.284
 0.334
 0.333
 0.322
 0.358
 0.385
 0.349
 0.320
 0.398
 0.315
 0.334
 0.341
 0.298
 0.359
 0.287
 0.350
 0.371
 0.319
 0.345
 0.340
 0.385
 0.333
 0.301
 0.385
 0.369
 0.360
 0.366
 0.356
 0.342
 0.321
 0.355
 0.332
 0.335
 0.348
 0.344
 0.327
 0.278
 0.392
 0.339
 0.347
 0.363
 0.385
 0.348
 0.317
 0.345
 0.364
 0.363
 0.373
 0.343
 0.349
 0.339
 0.337
 0.331
 0.325
 0.340
 0.343
 0.319
 0.347
 0.357
 0.329
 0.325
 0.337
 0.385
 0.331
 0.336
 0.334
 0.329
 0.358
 0.342
 0.365
 0.335
 0.357
 0.322
 0.352
 0.335
 0.362
 0.329
 0.345
 0.356
 0.349
 0.354
 0.351
 0.391
 0.366
 0.315
 0.319
 0.364
 0.389
 0.374
 0.355
 0.387
 0.343
 0.311
 0.370
 0.322
 0.355
 0.322
 0.346
 0.303
 0.347
 0.335
 0.320
 0.309
 0.343
 0.359
 0.359
 0.343
 0.348
 0.378
 0.347
 0.356
 0.401
 0.366
 0.375
 0.375
 0.284
 0.334
 0.337
 0.323
 0.353
 0.363
 0.335
 0.325
 0.330
 0.364
 0.351
 0.322
 0.350
 0.328
 0.329
 0.358
 0.318
 0.348
 0.375
 0.409
 0.317
 0.331
 0.342
 0.376
 0.353
 0.325
 0.362
 0.335
 0.359
 0.318
 0.306
 0.321
 0.345
 0.327
 0.326
 0.327
 0.336
 0.366
 0.310
 0.380
 0.350
 0.350
 0.365
 0.348
 0.314
 0.375
 0.352
 0.342
 0.353
 0.332
 0.303
 0.349
 0.346
 0.316
 0.367
 0.356
 0.320
 0.360
 0.358
 0.374
 0.338
 0.357
 0.353
 0.305
 0.325
 0.333
 0.350
 0.376
 0.367
 0.342
 0.304
 0.285
 0.365
 0.352
 0.362
 0.349
 0.315
 0.384
 0.346
 0.334
 0.385
 0.329
 0.356
 0.343
 0.359
 0.381
 0.374
 0.343
 0.290
 0.369
 0.320
 0.321
 0.316
 0.364
 0.351
 0.311
 0.350
 0.323
 0.343
 0.329
 0.368
 0.321
 0.368
 0.372
 0.374
 0.394
 0.351
 0.328
 0.348
 0.363
 0.350
 0.306
 0.358
 0.339
 0.357
 0.323
 0.303
 0.329
 0.383
 0.371
 0.349
 0.369
 0.340
 0.336
 0.386
 0.322
 0.371
 0.355
 0.334
 0.327
 0.355
 0.355
 0.334
 0.336
 0.376
 0.328
 0.344
 0.326
 0.304
 0.324
 0.378
 0.358
 0.329
 0.386
 0.308
 0.344
 0.341
 0.349
 0.353
 0.360
 0.322
 0.340
 0.365
 0.357
 0.349
 0.344
 0.349
 0.335
 0.315
 0.353
 0.344
 0.350
 0.351
 0.348
 0.369
 0.354
 0.315
 0.350
 0.341
 0.344
 0.358
 0.338
 0.359
 0.341
 0.338
 0.386
 0.336
 0.336
 0.374
 0.356
 0.357
 0.354
 0.365
 0.323
 0.309
 0.387
 0.331
 0.361
 0.388
 0.334
 0.350
 0.354
 0.301
 0.361
 0.376
 0.371
 0.361
 0.316
 0.314
 0.313
 0.347
 0.325
 0.350
 0.342
 0.325
 0.328
 0.342
 0.350
 0.293
 0.355
 0.359
 0.357
 0.354
 0.357
 0.338
 0.344
 0.322
 0.358
 0.364
 0.330
 0.366
 0.334
 0.366
 0.363
 0.373
 0.377
 0.355
 0.365
 0.359
 0.327
 0.332
 0.354
 0.326
 0.346
 0.360
 0.374
 0.367
 0.361
 0.364
 0.334
 0.379
 0.313
 0.328
 0.319
 0.370
 0.385
 0.359
 0.354
 0.367
 0.348
 0.330
 0.303
 0.362
 0.373
 0.362
 0.350
 0.333
 0.324
 0.349
 0.351
 0.366
 0.340
 0.320
 0.294
 0.329
 0.323
 0.326
 0.394
 0.348
 0.371
 0.338
 0.315
 0.357
 0.338
 0.388
 0.342
 0.362
 0.289
 0.333
 0.367
 0.330
 0.313
 0.359
 0.289
 0.365
 0.353
 0.375
 0.356
 0.341
 0.323
 0.344
 0.362
 0.305
 0.369
 0.351
 0.329
 0.291
 0.377
 0.370
 0.384
 0.374
 0.344
 0.368
 0.354
 0.338
 0.336
 0.349
 0.361
 0.353
 0.389
 0.325
 0.358
 0.333
 0.345
 0.336
 0.326
 0.315
 0.325
 0.356
 0.304
 0.341
 0.354
 0.331
 0.371
 0.316
 0.341
 0.392
 0.341
 0.352
 0.374
 0.340
 0.317
 0.329
 0.364
 0.342
 0.375
 0.340
 0.309
 0.315
 0.368
 0.356
 0.340
 0.354
 0.356
 0.357
 0.377
 0.354

