28 2 4 0.47289761598643476 0.47289761598643476
31 1 3 0.3337405587079193 0.3337405587079193
32 1 2 0.2591033573388388 0.2591033573388388
32 1 4 0.47289761598643476 0.47289761598643476
33 1 4 0.47289761598643476 0.47289761598643476
33 1 1 0.3914339955912649 0.3914339955912649
34 1 2 0.2591033573388388 0.2591033573388388
36 2 4 0.47289761598643476 0.47289761598643476
36 2 3 0.3337405587079193 0.3337405587079193
37 1 2 0.2591033573388388 0.2591033573388388
37 1 1 0.3914339955912649 0.3914339955912649
37 2 2 0.2591033573388388 0.2591033573388388
38 2 3 0.3337405587079193 0.3337405587079193
38 1 1 0.3914339955912649 0.3914339955912649
38 2 3 0.3337405587079193 0.3337405587079193
39 1 4 0.47289761598643476 0.47289761598643476
39 2 2 0.2591033573388388 0.2591033573388388
39 2 3 0.3337405587079193 0.3337405587079193
39 1 2 0.2591033573388388 0.2591033573388388
41 1 3 0.3337405587079193 0.3337405587079193
41 1 3 0.3337405587079193 0.3337405587079193
42 2 1 0.3914339955912649 0.3914339955912649
42 2 2 0.2591033573388388 0.2591033573388388
42 1 1 0.3914339955912649 0.3914339955912649
43 2 3 0.3337405587079193 0.3337405587079193
43 1 2 0.2591033573388388 0.2591033573388388
43 1 1 0.3914339955912649 0.3914339955912649
44 1 2 0.2591033573388388 0.2591033573388388
44 1 2 0.2591033573388388 0.2591033573388388
44 1 3 0.3337405587079193 0.3337405587079193
44 2 4 0.47289761598643476 0.47289761598643476
44 1 1 0.3914339955912649 0.3914339955912649
45 2 3 0.3337405587079193 0.3337405587079193
46 1 3 0.3337405587079193 0.3337405587079193
46 2 2 0.2591033573388388 0.2591033573388388
46 1 2 0.2591033573388388 0.2591033573388388
47 2 3 0.3337405587079193 0.3337405587079193
47 1 4 0.47289761598643476 0.47289761598643476
47 2 2 0.2591033573388388 0.2591033573388388
48 1 1 0.3914339955912649 0.3914339955912649
48 1 1 0.3914339955912649 0.3914339955912649
48 2 3 0.3337405587079193 0.3337405587079193
48 1 1 0.3914339955912649 0.3914339955912649
49 2 3 0.3337405587079193 0.3337405587079193
49 2 2 0.2591033573388388 0.2591033573388388
52 2 4 0.47289761598643476 0.47289761598643476
52 1 4 0.47289761598643476 0.47289761598643476
55 1 2 0.2591033573388388 0.2591033573388388
56 2 1 0.3914339955912649 0.3914339955912649
60 1 1 0.3914339955912649 0.3914339955912649
