4 32
1 34
4 39
4 35
3 44
1 46
1 37
2 40
1 47
1 49
4 43
4 45
1 43
4 37
3 42
4 39
3 40
3 32
3 40
1 42
3 32
3 40
3 41
2 31
4 47
3 39
2 46
4 38
2 29
1 45
2 45
1 51
4 51
1 47
2 50
3 33
3 31
4 43
1 38
1 44
1 43
1 49
1 49
2 37
3 31
4 28
3 46
4 53
4 42
2 42
4 36
1 44
4 52
2 40
2 31
2 39
4 38
1 44
2 36
4 51
1 32
3 34
2 36
4 35
3 51
3 35
2 44
4 46
2 45
3 32
4 48
3 37
2 41
4 42
2 49
4 58
3 36
2 29
4 39
1 50
4 50
1 41
3 60
2 38
2 47
3 42
2 50
4 48
3 49
4 52
1 40
1 35
1 52
1 38
4 44
1 55
2 42
3 37
4 42
1 34
2 42
4 33
4 40
1 34
2 42
1 36
4 39
1 48
4 42
3 29
4 39
1 53
3 49
3 45
3 45
4 42
2 42
3 47
4 56
1 41
1 43
1 45
3 50
2 43
3 46
4 40
1 37
1 41
1 48
4 38
1 47
4 44
1 25
2 38
3 46
4 38
1 51
2 51
3 39
1 46
3 36
2 32
1 38
3 35
2 50
2 32
2 48
4 37
1 51
3 36
2 44
1 32
1 43
2 31
4 49
1 43
3 35
3 42
2 35
3 33
4 38
1 41
2 34
1 48
2 32
3 46
2 51
3 44
1 38
1 41
1 50
1 43
3 38
3 47
1 42
1 50
3 46
1 47
4 41
4 40
1 40
2 42
2 42
4 49
3 42
1 37
4 41
2 42
4 42
2 50
4 43
4 26
4 33
4 34
1 49
2 45
1 38
1 41
4 52
4 47
4 60
4 41
3 43
2 39
2 48
1 46
3 38
3 38
3 32
1 47
3 40
2 40
3 37
3 42
4 38
1 39
1 56
4 37
2 42
1 58
2 43
4 38
2 41
4 50
1 54
1 40
1 41
3 33
3 58
2 41
3 39
2 34
2 45
3 38
3 37
3 37
1 47
3 46
4 43
1 47
1 44
1 46
3 54
4 45
2 44
4 36
4 39
3 30
1 31
3 42
3 54
1 53
1 44
3 44
4 38
2 44
4 39
2 33
2 47
3 49
3 28
2 40
4 46
2 35
4 46
3 43
3 46
4 42
1 47
2 44
2 36
1 50
1 38
4 45
4 44
2 41
1 48
4 43
1 41
4 44
4 48
4 48
2 35
3 41
1 37
2 44
3 53
2 48
3 38
1 36
3 39
3 37
3 40
3 40
2 36
4 31
1 43
4 56
3 54
3 36
1 46
3 63
2 45
3 39
4 34
2 37
4 42
1 36
3 41
1 40
1 39
1 44
1 50
3 41
3 48
4 41
1 40
2 32
1 31
4 37
3 29
2 33
4 43
3 46
4 52
1 45
1 41
4 32
2 42
4 32
1 42
2 45
4 48
2 41
4 40
1 37
4 46
2 43
4 38
2 37
4 47
1 41
4 41
4 38
2 41
3 34
2 37
4 42
4 46
3 34
3 43
4 44
4 43
3 34
3 44
1 44
3 39
3 34
2 38
4 42
3 46
3 36
1 34
4 48
4 45
4 46
1 48
1 41
1 33
3 51
4 58
1 36
1 42
1 38
1 47
1 38
4 41
2 44
3 44
2 41
4 37
3 40
3 42
2 31
3 36
4 36
4 37
1 40
1 40
1 43
4 36
4 35
2 32
1 39
4 40
4 41
3 42
2 56
3 37
3 43
3 43
1 43
4 56
2 42
4 35
3 47
1 56
3 34
4 33
1 29
1 38
2 51
4 48
2 56
2 33
4 43
3 37
2 54
4 45
4 37
1 36
2 26
2 58
3 49
2 47
4 46
4 44
4 46
2 48
2 35
4 51
4 65
3 41
2 38
2 39
1 32
3 41
3 49
2 35
1 40
3 45
2 47
4 47
1 40
2 49
1 47
1 47
4 43
2 53
1 45
1 41
2 41
1 44
3 46
1 46
3 51
4 32
4 36
2 52
1 34
4 35
1 44
3 37
3 38
2 42
3 38
3 41
1 36
4 43
3 43
2 29
4 44
3 23
1 59
4 37
3 41
3 44
3 51
3 49
3 46
3 39
2 38
2 46
4 49
3 25
1 47
4 43
4 50
4 38
1 41
3 42
2 50
3 48
2 45
4 46
3 50
2 37
1 49
4 39
2 39
2 51
2 48
2 33
1 38
4 48
1 34
3 43
4 50
4 42
3 47
4 47
2 40
3 43
2 40
4 36
1 66
4 42
4 30
3 42
1 40
3 44
4 30
1 41
3 31
3 49
1 34
1 54
2 48
2 34
3 38
3 34
2 45
4 38
1 38
4 43
1 39
4 48
3 37
3 48
2 46
1 49
3 47
4 49
2 42
2 40
1 41
1 47
4 49
4 41
1 43
1 32
4 50
1 48
2 43
3 43
2 42
4 44
3 43
4 45
4 36
3 38
4 25
3 51
1 45
4 54
4 52
1 56
2 51
4 46
1 42
4 42
2 41
4 43
4 44
1 42
4 40
3 41
2 43
3 42
1 33
3 49
4 31
3 45
4 46
2 44
1 38
4 45
3 52
4 29
3 37
1 35
2 50
2 39
2 28
3 41
1 50
3 35
2 42
2 54
2 53
3 40
4 48
4 55
3 43
1 37
1 37
2 38
1 44
2 47
3 39
1 42
2 52
4 46
4 55
2 49
2 53
2 36
1 45
1 37
1 48
4 48
2 39
4 43
2 42
1 48
3 34
3 50
4 48
4 35
2 42
3 37
4 44
3 45
3 43
2 30
1 48
4 42
2 41
1 34
4 53
3 48
3 35
4 42
3 37
3 41
2 36
2 46
3 27
2 49
1 43
4 29
3 44
2 43
3 54
1 31
1 43
3 33
4 39
4 49
1 39
2 48
1 40
4 36
3 42
2 27
2 36
2 41
3 62
3 41
1 40
2 38
3 41
1 46
2 39
4 43
2 46
2 40
3 49
2 46
4 44
1 37
3 41
3 37
1 43
1 36
3 33
3 50
2 48
2 36
4 40
4 27
1 43
1 37
3 43
4 45
3 47
4 41
4 45
4 33
4 54
2 52
2 45
3 40
4 41
1 60
2 43
3 46
2 37
4 41
2 50
3 46
4 46
3 43
2 40
4 51
4 40
3 49
4 29
2 49
3 45
2 31
3 46
3 49
2 40
1 45
1 38
4 35
3 46
2 37
3 45
4 36
1 46
2 45
1 48
3 45
1 34
1 38
3 51
1 41
1 35
4 36
4 29
1 44
1 35
4 48
2 36
4 44
2 40
4 50
3 38
4 49
2 51
2 44
2 36
3 40
4 34
3 48
4 36
2 34
3 45
4 43
4 48
4 36
3 49
2 52
1 35
4 56
1 46
4 47
4 49
3 34
3 38
1 41
2 47
2 40
3 37
3 33
1 49
4 51
2 42
4 35
2 46
2 53
3 47
4 47
2 36
2 43
1 42
4 35
3 43
4 45
1 46
1 34
1 50
1 41
1 50
1 32
2 40
1 42
2 46
2 44
3 33
3 41
4 46
2 47
1 35
3 43
3 45
4 46
3 38
1 46
3 45
4 46
2 43
2 50
3 59
4 48
4 41
4 41
4 39
2 38
1 47
2 37
2 48
2 49
1 52
4 42
4 34
4 33
1 50
3 43
3 41
2 38
3 45
4 43
1 26
3 46
1 42
4 38
1 41
1 39
4 46
4 41
2 43
4 33
2 46
2 37
1 30
1 32
4 44
2 51
1 45
2 36
4 54
3 38
4 39
1 44
1 45
3 45
3 43
1 44
3 49
1 26
2 46
3 56
4 47
4 46
1 47
1 40
4 41
1 39
4 37
2 39
4 44
3 48
2 43
4 39
4 30
2 40
1 58
3 29
4 33
3 45
2 49
3 39
1 37
3 36
2 48
2 38
2 42
2 38
2 32
3 47
3 37
3 32
3 38
1 37
2 48
2 44
2 38
1 40
2 53
1 53
2 45
2 52
1 42
3 43
4 28
1 54
2 44
2 44
4 40
3 43
4 46
1 40
3 38
3 40
4 35
1 37
2 37
3 35
4 35
3 31
4 38
2 42
4 44
3 41
1 46
4 43
3 41
2 40
3 38
1 46
4 51
4 40
4 50
3 44
2 36
2 43
1 58
1 47
4 49
4 48
1 47
2 46
4 32
4 34
1 48
3 37
3 64
4 30
4 31
3 46
3 46
4 37
4 42
2 40
4 53
4 36
3 48
3 40
1 32
4 45
4 49
2 44
1 41
1 37
3 41
4 43
1 37
3 39
2 34
2 37
1 44
4 32
1 36
3 44
4 41
4 41
4 37
3 36
3 49
4 34
2 37
4 34
2 48
2 45
2 47
2 48
3 36
4 40
4 51
3 54
4 32
4 49
1 33
4 50
1 33
1 46
1 43
1 39
2 34
2 43
4 44
4 49
2 40
4 29
3 32
3 39
1 42
3 44
1 46
3 39
1 47
4 48
1 32
1 47
1 43
4 47
1 50
1 37
1 34
3 39
3 37
1 36
1 48
4 39
2 40
2 39
3 41
3 40
2 33
3 40
2 41
4 40
3 45
3 45
4 43
3 39
1 47
2 44
3 45
2 37
3 53
4 35
2 39
1 43
1 49
4 52
1 39
2 44
3 41
4 48
3 40
1 47
4 39
2 53
4 39
4 46
3 43
4 47
4 48
1 50
1 49
3 37
2 41
2 41
4 36
4 42
2 48
3 42
4 59
2 42
4 49
4 45
4 31
3 46
2 39
4 33
3 40
4 38
3 54
4 40
2 40
1 50
2 33
1 44
1 44
1 43
2 43
4 43
4 33
3 32
4 37
2 42
2 50
4 51
1 55
4 33
3 31
3 46
4 44
4 44
3 31
2 39
1 42
1 40
4 38
2 41
2 42
1 45
1 29
4 37
2 44
4 47
1 52
4 43
2 40
3 49
2 48
4 42
3 43
2 40
4 41
2 34
4 41
1 41
1 53
4 38
1 48
2 40
4 32
2 26
4 29
3 53
3 36
4 49
3 54
3 40
4 51
3 52
4 35
1 46
2 46
1 49
2 41
3 38
3 46
3 45
4 42
1 34
4 47
1 39
4 49
4 45
1 30
3 29
2 44
2 37
1 34
2 47
3 44
2 42
1 35
3 27
3 45
3 41
1 40
4 37
2 42
2 41
3 61
4 42
1 43
3 50
4 38
2 37
1 42
2 43
4 36
1 35
3 34
1 52
4 40
2 39
2 38
1 45
2 39
4 43
2 45
4 41
3 40
4 44
3 47
4 32
2 45
3 46
3 45
1 50
1 46
1 40
3 38
1 51
4 43
4 37
1 49
2 50
2 53
1 30
2 43
3 41
3 31
1 43
3 32
4 49
1 40
4 48
4 44
3 45
1 50
2 49
3 45
3 44
3 39
3 41
4 42
3 35
4 49
1 42
3 34
4 37
3 39
1 41
2 34
2 34
1 45
4 56
3 37
3 45
4 40
1 38
4 52
2 39
4 46
4 40
2 39
3 42
2 47
4 51
2 41
4 46
1 50
3 38
2 43
4 48
4 45
1 35
4 42
1 44
3 45
3 51
1 39
2 32
2 38
4 49
2 37
3 32
1 48
4 46
1 44
4 43
2 47
3 46
1 43
1 41
4 35
2 39
1 38
2 47
1 64
1 43
4 47
1 45
4 57
1 33
2 42
3 53
1 33
1 51
1 42
1 35
3 48
2 31
4 36
3 39
3 39
1 46
3 33
2 36
3 42
2 41
4 44
1 37
4 36
2 50
4 34
1 49
1 46
2 39
4 31
4 39
1 49
1 32
3 51
2 32
2 39
2 59
2 42
4 43
3 41
3 39
1 38
3 36
3 33
4 42
4 51
3 35
3 46
4 44
4 47
2 50
3 42
3 40
2 40
1 35
3 34
1 47
3 30
4 41
3 41
3 43
2 34
4 49
1 36
3 47
1 45
2 33
1 35
2 43
2 37
1 40
2 63
3 33
4 44
2 34
3 28
2 40
2 33
2 41
1 38
3 44
2 43
4 43
4 34
3 28
3 43
4 34
4 43
4 53
1 36
4 38
1 44
1 48
1 39
4 37
1 34
2 39
3 38
1 44
1 45
1 49
1 44
4 38
2 47
3 43
4 47
2 45
4 46
3 38
1 42
2 45
4 42
3 42
3 41
2 37
2 45
2 31
2 44
2 39
2 43
2 43
3 41
3 47
4 38
2 47
3 53
4 47
4 34
3 47
2 40
3 53
2 34
1 53
3 42
4 43
3 41
1 50
4 38
3 44
4 33
2 43
2 46
4 34
2 48
3 34
1 38
3 33
2 57
2 32
2 34
4 39
2 35
1 42
4 38
1 46
2 36
1 45
1 39
2 41
3 36
2 46
2 47
2 48
4 43
4 30
2 46
4 50
2 43
3 40
1 49
3 51
3 46
1 32
3 41
2 39
3 37
1 39
1 33
2 39
4 46
4 37
2 34
1 42
2 43
4 50
2 39
2 41
4 33
3 29
2 42
2 44
2 28
1 34
1 43
2 47
4 33
1 60
1 43
2 34
2 46
3 36
3 46
1 47
3 39
1 45
4 45
1 33
1 35
2 37
1 33
4 43
2 37
2 32
4 40
3 42
3 47
1 39
2 39
4 45
4 36
1 39
4 45
3 45
1 41
3 41
2 49
3 39
1 39
3 33
3 39
4 32
4 45
1 36
1 55
3 40
2 48
2 35
2 47
3 46
3 48
4 37
4 53
1 36
4 41
4 42
4 51
4 41
2 45
3 53
2 36
2 46
4 44
2 53
2 34
2 46
4 44
1 39
1 29
3 39
3 42
1 48
4 40
4 50
4 34
1 30
3 38
1 42
1 44
4 39
4 37
3 39
3 39
2 40
4 49
4 39
1 40
1 54
1 40
3 43
2 53
4 45
1 41
2 35
1 50
4 39
2 46
2 32
1 47
3 44
1 45
1 41
3 36
1 45
2 34
2 32
1 45
1 37
2 46
2 37
1 42
2 34
4 52
1 43
3 36
3 32
4 57
3 44
3 52
2 53
2 45
4 38
4 41
4 47
1 41
3 47
2 47
2 33
1 44
2 43
1 49
4 48
2 36
2 40
3 31
3 39
3 37
1 41
2 34
1 40
4 53
2 43
3 36
4 30
3 42
1 40
3 40
4 57
3 43
4 40
3 34
1 48
4 34
1 44
2 48
2 51
3 43
1 48
4 29
4 36
2 58
1 39
4 46
1 38
2 51
1 52
3 41
3 44
3 53
2 39
3 33
3 48
1 45
4 37
1 44
3 38
3 47
2 33
4 47
4 45
3 36
2 42
3 55
3 63
2 40
3 42
2 43
4 35
1 40
3 47
4 46
4 44
3 45
1 33
4 36
2 48
3 46
4 58
2 30
3 45
2 44
1 33
4 38
2 34
1 44
4 26
4 41
4 45
4 51
3 36
2 51
3 42
1 41
3 44
4 40
1 42
1 46
3 40
4 50
4 51
2 41
2 50
3 50
2 34
3 28
3 44
3 35
4 41
4 46
1 47
1 37
3 31
2 34
3 49
1 40
4 52
3 42
4 51
4 41
2 38
3 46
1 41
3 39
1 45
3 46
4 33
2 47
2 34
3 37
4 45
3 44
3 40
1 47
1 39
3 41
2 35
2 58
3 53
3 53
1 39
2 36
3 31
2 34
3 36
2 44
4 39
1 39
1 36
1 46
1 49
2 37
2 38
3 48
4 40
3 41
2 52
4 44
2 41
4 41
3 45
3 35
2 50
4 49
2 38
2 36
4 49
3 43
4 51
3 54
4 48
3 39
4 48
3 41
3 52
2 40
3 46
4 47
4 42
3 47
2 46
3 40
2 50
4 43
3 45
4 44
1 40
4 43
1 47
1 53
2 41
4 36
2 52
1 38
1 40
3 42
2 32
3 36
3 44
2 43
2 41
3 49
1 32
3 44
2 38
1 63
1 45
2 49
4 43
2 49
4 39
4 53
4 40
4 53
3 37
4 47
2 42
1 51
1 55
3 30
2 41
4 45
4 45
4 41
3 43
2 45
3 47
4 45
4 30
3 36
3 52
1 38
1 42
1 30
1 42
1 47
1 46
2 35
1 40
1 40
3 47
2 39
1 42
4 40
1 42
2 48
3 34
3 46
4 34
2 40
2 54
3 48
1 39
2 45
1 36
2 48
1 42
2 43
1 45
3 45
1 35
1 42
2 43
4 31
1 40
1 41
1 42
3 42
4 38
3 47
1 38
2 40
2 37
3 36
4 33
3 36
1 41
3 33
4 58
3 34
3 28
2 38
4 44
1 48
1 45
4 39
1 48
2 33
1 51
3 49
2 38
3 29
1 38
3 36
2 39
1 44
4 41
1 30
3 47
2 39
3 45
2 45
3 45
1 42
1 64
4 46
4 41
2 36
4 32
2 38
3 43
2 35
1 38
3 53
4 37
3 59
2 59
2 34
2 33
2 49
2 43
3 46
4 36
4 51
2 47
3 32
4 47
4 51
4 38
1 48
2 46
2 38
3 40
3 40
4 40
3 32
4 41
1 39
3 38
3 38
4 39
2 36
3 47
1 37
4 48
1 37
1 38
3 39
1 42
2 31
1 46
4 43
4 51
4 41
2 46
1 39
4 43
4 54
1 32
3 32
3 50
1 41
4 41
1 42
1 37
3 40
2 40
1 42
4 44
2 38
3 37
2 37
2 36
4 44
1 39
1 51
4 48
3 47
3 43
1 45
3 36
4 60
2 46
3 47
4 39
1 39
2 32
4 42
3 36
2 39
2 43
4 40
1 43
1 31
4 42
4 36
3 53
2 41
3 47
3 34
1 43
1 29
2 47
1 39
4 48
1 44
4 32
2 45
1 40
1 34
3 43
4 39
4 47
4 39
4 37
2 43
1 57
1 44
4 47
3 43
2 52
1 45
3 49
1 46
3 41
4 49
4 40
3 49
1 36
4 42
1 29
2 47
4 39
2 46
2 51
2 39
2 35
3 32
4 52
2 37
2 38
2 38
3 42
2 59
4 46
1 50
1 43
2 49
4 50
1 40
2 22
4 43
4 48
3 42
3 42
2 37
2 40
2 46
3 44
4 49
1 51
3 47
3 26
4 43
4 48
2 45
3 54
2 31
3 40
1 34
3 41
2 45
3 44
3 28
4 46
3 62
1 41
2 48
2 33
2 45
1 35
4 40
1 42
4 44
3 42
4 43
3 44
1 41
1 39
3 46
4 41
2 31
4 35
2 46
3 42
4 40
3 49
3 48
2 44
2 47
2 38
2 39
4 47
2 30
4 32
1 38
4 43
4 37
2 32
3 36
1 37
4 28
1 39
2 41
1 50
1 55
1 39
2 43
4 50
1 52
3 38
4 42
2 55
3 50
1 31
3 34
2 40
2 44
2 26
1 26
2 40
1 40
3 47
3 43
3 55
2 48
2 45
4 45
3 33
4 41
1 47
3 56
2 50
2 45
4 38
1 45
2 39
1 58
2 40
4 37
4 51
2 48
1 38
3 41
4 42
2 46
2 46
2 43
4 38
2 50
1 39
4 45
4 45
3 43
3 44
3 38
1 38
1 46
3 49
1 54
4 47
4 33
2 40
3 37
1 37
3 41
4 61
3 45
4 50
4 53
3 58
4 45
3 24
2 41
4 40
2 35
1 50
1 29
1 44
3 43
4 44
2 46
2 34
4 43
1 45
3 49
2 41
3 40
1 45
2 46
1 40
3 35
2 45
1 46
2 40
4 44
4 43
4 40
3 35
4 41
1 42
1 35
2 54
1 38
1 32
1 31
1 44
4 45
3 43
3 37
3 33
1 47
3 52
2 41
4 52
1 49
4 35
3 50
4 31
3 49
4 35
4 37
4 51
3 36
1 43
1 42
1 46
1 26
3 38
2 37
1 39
2 52
3 44
4 44
1 38
2 48
3 50
2 39
3 47
2 37
3 42
3 42
3 32
2 39
2 55
1 38
1 34
2 35
3 52
4 50
1 51
3 46
4 29
4 41
3 37
2 44
3 48
1 39
3 43
1 54
3 45
4 39
4 36
2 42
3 44
4 45
4 44
4 34
4 49
1 40
3 45
1 48
4 36
3 52
3 39
2 37
1 34
3 38
3 45
3 52
3 33
4 32
3 39
2 43
1 31
4 53
2 50
1 50
3 45
3 35
3 44
2 33
3 51
4 31
1 45
2 49
2 46
3 42
1 39
4 39
3 48
1 41
3 43
4 48
2 40
2 39
3 47
4 30
3 33
4 53
1 41
3 41
1 50
2 52
4 47
2 46
2 37
1 42
3 39
3 52
2 43
2 44
4 46
2 38
3 38
3 46
3 41
1 37
3 44
4 42
2 36
3 57
3 41
2 38
2 42
1 38
3 46
3 40
3 36
1 52
4 44
2 45
1 45
3 34
4 33
3 44
4 30
3 52
1 39
3 41
4 43
1 37
3 34
2 26
4 35
4 51
1 51
4 53
1 46
3 42
4 38
1 44
1 44
1 43
3 38
1 53
2 49
4 47
4 50
4 44
1 50
3 42
1 33
3 57
4 35
3 52
4 51
2 52
2 50
2 41
3 45
3 39
3 47
3 37
1 46
2 49
1 51
3 35
4 51
3 41
3 43
3 49
4 42
4 48
4 41
2 47
1 44
4 45
4 48
1 53
4 39
4 35
3 40
3 37
4 45
2 43
4 49
1 48
2 46
1 40
3 49
4 34
1 58
2 35
1 39
1 36
4 44
4 50
3 36
1 41
4 46
3 37
3 40
1 42
2 42
4 49
3 50
3 27
1 40
3 41
1 39
2 51
2 40
2 38
4 35
3 43
3 51
1 50
1 29
1 39
1 44
2 44
1 50
2 38
3 34
2 37
2 42
3 36
3 43
3 38
3 33
3 56
3 46
2 41
3 42
2 49
1 54
3 28
3 48
3 52
2 43
1 38
4 35
2 47
4 44
2 44
1 30
1 37
3 31
4 37
4 32
4 44
1 45
1 59
3 49
3 47
1 46
1 47
4 28
3 35
4 42
3 38
4 45
2 34
3 43
2 37
2 42
3 38
1 35
3 39
3 48
4 57
1 51
3 53
2 45
2 47
1 39
2 39
3 49
1 45
4 45
4 40
2 35
1 32
3 34
1 48
1 40
4 39
3 49
1 35
2 42
4 46
2 41
2 49
2 45
1 43
1 39
1 43
2 42
3 35
3 39
1 29
4 39
2 36
3 38
3 51
4 33
3 55
4 39
2 43
1 42
3 38
3 43
2 36
1 44
2 42
2 43
4 37
3 39
3 32
1 44
4 42
4 39
3 40
2 43
1 48
3 37
3 48
1 37
2 45
1 33
2 47
3 52
3 34
4 46
3 41
4 36
4 37
4 49
1 39
3 30
2 39
3 53
4 42
4 40
1 36
2 51
2 38
1 40
4 50
3 40
4 33
4 35
2 45
3 51
3 31
2 37
3 43
2 48
4 36
4 43
4 43
3 37
2 44
1 43
2 41
2 34
1 59
4 43
2 40
4 46
1 35
4 43
3 44
3 39
3 32
2 29
4 39
2 39
4 53
3 53
3 56
1 39
2 42
3 45
1 38
1 36
2 43
2 43
4 48
2 37
4 50
1 36
1 34
4 38
4 48
1 46
2 43
3 39
2 48
1 39
3 47
1 41
1 40
3 41
2 40
4 33
2 37
2 53
4 51
1 38
4 53
2 48
1 32
3 45
1 33
3 43
2 26
2 40
3 37
3 40
2 35
3 40
1 46
3 43
3 45
2 45
4 43
3 43
4 47
2 47
1 51
2 45
3 36
4 39
3 42
3 37
2 36
4 38
3 46
3 33
4 51
2 40
2 47
3 31
2 39
1 39
3 50
2 43
3 47
2 42
4 39
3 45
3 36
3 40
3 52
3 62
1 45
1 49
1 47
3 43
1 43
1 26
4 53
1 56
4 39
3 40
2 30
4 40
2 45
4 39
3 51
4 42
2 40
2 46
1 28
3 40
3 47
2 49
3 54
3 41
1 43
1 43
2 41
2 44
2 40
4 42
4 41
1 46
3 35
4 45
2 48
4 34
2 38
2 36
1 39
4 42
3 38
1 42
3 36
2 37
1 37
3 45
4 52
4 39
1 52
3 36
4 56
4 26
1 39
1 36
3 38
3 36
4 51
1 28
3 29
2 31
2 57
2 37
3 32
2 45
3 42
4 41
1 39
1 33
4 35
4 35
1 37
1 44
1 37
3 44
4 48
1 39
3 36
1 43
1 48
2 49
4 44
2 40
2 54
4 42
3 53
3 36
1 34
1 38
4 35
3 45
2 48
2 38
1 41
4 37
3 59
3 42
1 50
2 40
1 44
3 41
3 37
4 41
3 37
4 40
2 42
4 36
2 43
3 42
4 38
4 39
2 52
1 39
4 55
3 45
3 50
4 35
3 42
3 35
2 39
3 33
3 45
2 39
4 51
4 42
4 43
4 44
4 28
2 36
1 42
3 45
3 39
3 41
3 35
3 45
2 33
4 48
2 47
1 32
2 25
3 44
3 45
1 43
3 52
1 35
1 55
1 43
2 44
3 52
1 38
4 46
4 46
4 53
3 51
2 44
2 45
4 51
4 52
2 47
4 45
1 32
3 33
4 39
3 43
3 42
1 41
3 48
3 55
2 44
1 47
3 44
3 32
2 38
4 46
2 36
1 50
3 37
2 51
2 40
3 41
4 43
1 47
1 48
4 34
1 29
1 29
3 40
2 45
4 53
2 35
2 38
4 51
4 36
4 47
3 47
4 42
1 27
1 42
4 44
2 40
4 47
1 54
1 39
4 40
4 48
2 50
4 35
3 54
4 44
1 38
4 39
4 31
4 50
2 46
2 32
1 42
3 37
3 50
2 26
1 28
2 40
1 31
2 51
1 45
1 46
1 42
2 42
2 38
1 56
4 33
2 48
4 48
4 35
3 32
3 51
3 43
4 51
2 27
1 41
2 36
4 56
4 41
3 52
3 44
4 44
1 45
1 30
4 38
2 39
3 55
3 38
3 35
2 36
2 42
3 43
4 55
4 41
3 39
2 42
4 35
2 55
3 53
2 38
4 52
3 32
1 41
1 32
2 38
3 49
4 39
3 36
4 43
3 43
4 38
4 37
2 42
3 39
4 46
3 37
1 42
1 41
3 32
4 43
2 48
1 42
1 49
1 40
1 36
4 38
4 38
3 42
3 39
4 50
4 57
2 46
2 50
1 49
4 37
4 29
4 37
3 44
2 44
1 53
2 44
3 51
1 36
3 54
4 36
2 52
1 36
4 40
3 52
2 40
1 42
3 38
2 52
2 45
4 55
2 50
2 37
1 49
4 46
4 40
3 41
2 60
4 41
1 51
3 48
2 29
4 54
4 42
2 52
3 33
4 40
4 49
1 38
4 42
1 36
1 40
1 53
3 35
3 40
2 45
3 39
1 47
1 52
3 51
4 45
4 36
3 31
1 34
1 40
1 47
1 38
4 41
4 46
1 47
2 41
4 58
2 41
2 39
1 39
4 37
2 46
1 37
4 51
2 33
2 40
2 40
2 45
3 46
2 36
3 46
4 45
3 45
3 32
1 45
4 37
1 46
3 56
2 30
1 41
1 44
4 35
4 34
4 40
2 36
3 55
1 40
4 37
3 34
4 42
1 38
3 33
1 56
2 40
1 46
4 38
3 42
3 38
3 44
2 40
3 46
2 39
3 34
4 41
4 34
2 48
3 52
4 33
4 41
2 33
1 40
1 39
2 40
2 41
3 50
3 35
2 37
3 52
2 38
1 31
4 38
2 35
1 46
1 44
3 34
2 42
3 42
3 35
4 48
4 40
2 55
3 36
2 33
1 39
4 49
1 33
4 43
4 41
3 46
3 43
3 36
1 41
1 36
4 36
4 50
1 41
2 50
4 41
2 42
1 53
4 39
3 46
1 44
3 30
3 56
2 47
3 47
2 38
2 38
4 38
1 30
3 39
2 47
2 35
2 48
4 43
2 46
1 30
3 43
4 31
4 39
3 46
2 51
3 37
3 44
1 41
3 39
3 29
3 35
2 46
1 32
1 34
1 38
2 31
3 28
2 46
3 47
3 43
1 43
4 36
4 46
4 46
2 45
2 34
4 56
2 35
1 36
3 40
3 41
4 38
3 52
4 33
4 37
4 42
2 41
1 44
1 37
3 38
3 43
3 49
2 38
3 52
3 43
4 37
4 48
3 56
4 32
4 42
1 44
4 42
4 51
2 35
3 54
3 44
3 50
2 41
2 36
2 45
4 40
1 33
2 46
2 40
4 41
4 37
3 36
1 42
1 49
4 42
2 49
2 42
2 42
4 48
3 52
3 38
2 36
2 43
4 27
1 29
4 47
4 39
4 51
3 43
3 35
3 43
4 52
4 34
1 46
3 40
3 43
4 42
3 40
1 47
1 41
3 38
3 44
1 52
3 49
3 43
2 36
2 32
1 46
2 35
2 37
2 40
1 42
4 39
2 48
1 56
2 47
3 43
2 49
2 45
2 46
2 32
2 41
1 42
3 47
4 39
2 43
2 38
4 37
4 49
2 38
1 47
2 30
4 40
2 34
3 53
2 44
4 37
2 35
2 22
3 41
2 47
3 61
1 42
1 35
1 29
3 40
1 41
4 46
3 41
1 38
4 49
1 38
2 46
4 44
2 55
2 47
1 55
3 40
1 52
2 39
4 50
4 47
1 31
1 41
4 35
3 45
4 43
3 50
2 48
3 34
4 43
4 43
2 46
3 41
2 43
2 44
4 34
2 37
4 37
4 46
1 42
3 35
1 43
1 51
1 43
1 31
2 57
3 40
4 47
1 42
3 42
2 39
4 61
3 38
4 39
2 44
3 34
1 39
3 51
4 42
3 43
1 33
1 41
1 53
2 54
1 51
4 39
3 40
4 48
4 44
2 46
2 46
4 46
1 54
2 27
2 37
2 54
4 31
3 47
4 34
3 53
2 44
3 37
3 52
3 34
3 45
1 54
2 49
2 40
1 37
4 51
1 43
4 39
4 39
1 44
3 50
3 41
2 56
4 47
1 32
3 55
2 55
2 46
3 44
2 34
2 36
4 34
2 41
4 32
3 37
1 37
1 50
1 48
4 57
1 46
1 41
4 39
1 39
4 43
2 48
2 38
2 53
1 48
4 48
3 46
3 36
3 42
2 32
2 41
1 30
2 40
4 43
1 46
3 40
1 34
1 38
3 30
1 35
1 56
2 54
3 41
3 36
2 35
1 38
1 42
2 42
4 31
4 30
3 50
3 44
1 39
1 30
4 58
4 44
1 43
1 45
4 38
2 34
4 37
4 38
2 45
3 39
4 40
4 48
1 48
4 45
1 29
2 37
1 30
2 45
2 44
3 48
2 38
2 40
1 34
3 34
3 36
1 34
2 48
1 43
4 48
1 52
4 49
4 33
3 40
1 33
2 42
3 37
3 32
4 43
1 41
1 50
3 36
1 44
4 41
4 36
3 36
1 28
4 45
3 50
2 48
1 42
3 54
1 44
1 42
3 49
4 40
2 37
3 42
4 51
4 43
2 38
2 42
1 39
4 31
1 41
4 42
4 42
1 37
3 46
1 33
4 28
2 41
4 32
4 29
4 45
4 47
1 43
1 41
2 34
2 59
2 42
4 53
1 43
3 44
1 41
3 25
2 40
4 43
4 37
3 40
3 50
4 51
2 40
2 41
4 50
3 42
4 41
2 44
4 43
3 38
2 44
1 47
4 33
2 46
3 42
4 50
1 56
1 48
4 34
2 43
3 48
2 35
1 42
2 39
4 31
4 42
4 36
4 44
3 39
3 51
2 45
3 46
1 39
1 47
2 53
2 35
1 38
2 44
3 34
4 47
3 45
4 45
1 56
2 32
2 36
2 44
2 41
1 56
4 53
4 30
3 35
2 32
1 35
1 45
4 34
3 43
2 46
4 31
1 51
2 48
4 32
4 43
3 39
3 32
1 46
3 31
3 50
2 38
4 42
3 42
2 49
3 36
2 47
1 59
3 40
4 31
4 56
3 49
3 58
1 38
4 39
3 34
2 45
2 40
1 38
2 42
2 39
3 36
4 44
1 40
3 50
4 46
3 43
3 55
3 48
4 42
2 45
4 47
1 42
2 37
2 33
2 44
4 36
1 49
4 42
1 31
4 37
1 31
1 55
4 48
4 41
3 34
4 36
3 39
4 43
3 44
1 36
1 42
1 36
3 45
4 23
3 37
3 29
1 41
2 36
3 40
2 26
3 48
3 38
1 46
3 50
3 36
1 50
4 42
4 40
2 38
3 34
1 46
4 43
2 48
4 49
3 43
3 42
3 44
3 43
4 61
4 38
1 48
3 41
3 51
2 44
3 38
2 47
3 31
3 42
3 39
4 41
4 49
4 41
3 49
1 47
1 36
2 55
4 51
4 51
1 43
1 52
3 41
2 33
2 45
3 48
4 42
1 32
4 46
3 42
3 42
1 43
1 39
4 49
2 39
4 27
1 33
4 41
1 50
4 39
4 40
4 37
3 32
3 35
3 33
4 37
2 36
2 39
4 37
2 39
1 31
2 43
3 48
4 52
1 37
3 49
1 35
4 49
4 43
3 48
3 42
3 51
3 61
1 39
4 45
2 34
2 45
1 42
1 46
3 54
4 45
3 37
1 56
1 38
1 50
1 37
4 49
4 43
3 39
3 36
2 34
4 44
3 51
1 55
4 37
4 48
4 42
2 35
3 46
1 40
4 47
2 48
3 45
4 37
1 46
4 57
2 36
2 45
4 41
4 52
3 47
1 46
2 37
2 46
1 45
3 40
4 40
2 52
2 38
1 51
4 40
2 46
2 52
3 47
3 30
2 40
3 45
1 32
1 43
4 46
3 35
2 41
4 34
1 41
4 40
2 50
1 46
3 46
4 26
1 44
3 36
1 36
3 41
1 37
4 44
1 57
2 51
2 46
4 39
2 37
1 42
4 44
4 47
2 31
1 43
3 46
2 34
4 50
3 47
1 44
1 38
4 30
3 33
3 43
4 49
4 35
3 31
2 36
3 37
3 41
4 40
4 51
3 51
4 45
3 44
4 48
4 35
1 35
1 37
3 51
2 40
4 37
2 33
2 42
2 49
3 36
2 42
4 39
2 29
1 42
4 49
1 38
1 36
2 39
3 51
3 40
3 49
2 38
4 53
1 34
2 33
2 38
3 42
2 39
2 39
3 43
1 51
4 37
2 43
3 36
2 45
3 28
3 51
3 48
4 33
3 37
3 42
2 35
2 51
3 58
1 47
1 37
3 40
4 39
3 51
3 45
1 39
4 52
2 43
1 43
2 43
1 45
3 43
1 37
2 47
2 43
4 33
4 40
2 48
3 47
3 41
4 34
2 44
1 29
2 42
3 38
4 37
2 41
4 40
2 52
3 37
3 44
2 38
4 30
2 42
1 41
3 45
4 29
2 51
2 42
2 30
2 40
4 40
3 35
2 44
4 39
1 36
1 46
2 45
2 41
4 38
1 55
1 50
2 51
4 49
4 36
1 45
3 45
3 45
4 66
3 35
1 43
1 38
4 44
1 43
4 52
4 56
2 35
3 42
3 41
2 42
2 43
4 50
4 41
2 55
2 39
4 38
1 48
3 35
1 40
2 44
3 53
1 40
2 40
4 52
2 51
2 43
2 48
3 37
1 45
4 31
4 51
3 41
3 39
1 44
1 42
1 41
4 45
2 32
4 57
3 45
3 46
2 39
4 35
1 39
4 48
3 44
2 46
3 52
4 40
4 46
3 40
3 41
2 37
1 41
3 47
3 36
3 47
1 58
3 52
2 40
4 38
4 42
1 40
3 29
2 52
1 39
4 39
2 33
2 32
2 36
3 41
1 42
4 44
2 45
2 47
1 48
2 39
4 48
3 40
4 46
4 44
3 46
4 43
4 37
3 43
2 41
1 39
1 38
1 50
2 48
1 40
1 42
4 43
2 44
1 26
3 38
2 49
1 40
2 45
3 41
2 40
2 48
2 30
4 44
3 50
4 43
3 29
4 49
3 38
2 35
1 46
4 49
1 40
4 35
2 35
2 30
3 34
4 44
1 32
2 39
2 39
2 41
4 46
1 51
3 40
3 27
2 56
1 46
4 48
4 37
1 35
1 32
4 30
3 44
2 36
2 48
2 43
3 44
3 42
1 40
4 55
4 37
3 34
3 47
2 51
3 45
1 56
1 43
3 47
2 33
2 63
3 47
1 42
2 55
2 56
3 31
1 41
1 39
3 33
3 36
2 43
2 45
1 34
3 39
4 55
4 48
1 42
4 49
3 52
3 33
4 33
4 52
2 44
4 43
4 40
2 45
2 46
1 40
1 38
4 39
4 46
4 41
3 35
1 36
1 25
1 42
3 41
3 43
2 37
3 36
4 55
3 47
3 41
3 36
3 42
4 54
2 48
2 45
4 29
1 39
4 50
4 50
3 35
3 36
2 49
4 37
2 45
3 44
3 49
4 35
2 51
1 47
4 40
3 35
1 45
2 54
1 36
1 39
4 50
1 34
3 37
2 55
3 45
2 50
3 56
4 45
1 47
1 33
1 38
4 40
1 42
1 45
3 40
2 42
3 48
1 37
1 63
2 30
2 35
1 48
2 56
2 36
4 31
3 41
2 48
4 40
2 45
3 38
3 48
1 35
1 37
2 37
3 42
1 35
2 48
3 47
2 58
1 37
1 42
4 37
2 49
1 49
1 32
4 41
2 50
3 39
2 30
2 44
1 28
4 45
4 46
2 36
2 39
1 44
1 52
1 44
2 45
2 35
1 37
2 37
2 40
3 38
1 49
3 27
4 46
1 39
2 35
1 41
4 42
1 49
4 40
2 39
2 45
1 46
3 43
4 44
1 44
2 36
3 43
3 34
1 43
3 36
4 37
3 45
4 42
1 37
1 53
2 60
4 50
2 38
4 44
2 36
1 37
3 43
2 36
2 41
1 44
1 35
1 41
2 38
4 41
3 37
1 49
2 41
3 41
1 38
3 40
3 40
2 43
4 33
2 31
2 32
2 33
2 50
4 53
2 48
3 47
3 45
3 46
4 53
1 43
4 59
1 48
3 35
3 52
1 47
3 33
1 43
1 42
4 42
4 47
2 51
4 46
4 38
2 35
4 44
3 37
2 43
3 39
3 42
1 44
2 33
4 37
3 38
2 34
1 36
1 39
2 49
2 37
3 34
3 37
3 46
4 38
1 41
2 41
4 44
4 41
1 30
2 33
3 47
1 37
3 53
3 40
3 46
3 43
1 39
4 43
3 36
2 46
4 39
3 57
4 29
3 48
3 39
2 44
2 38
1 49
3 47
4 42
2 43
4 36
2 40
4 53
4 40
1 39
2 39
3 42
4 49
1 40
1 39
1 39
1 44
4 46
1 34
3 48
1 49
2 41
2 43
2 35
4 38
3 39
1 47
1 43
4 51
2 39
2 48
4 47
4 41
1 50
1 40
1 44
2 41
1 56
4 37
4 46
3 53
1 41
1 46
2 30
3 44
3 43
3 58
3 37
2 43
2 45
3 43
4 33
1 42
4 40
4 54
1 55
1 49
3 43
3 42
3 47
4 28
2 42
2 48
4 46
1 50
3 54
1 42
4 43
3 39
2 39
1 27
2 43
1 39
1 38
2 42
2 44
4 47
1 37
1 35
1 44
2 43
3 35
2 42
3 43
3 32
1 36
2 39
2 34
2 49
3 41
4 49
4 44
3 46
3 41
4 45
1 27
3 47
1 42
1 39
4 51
4 37
3 38
1 34
2 39
4 43
1 40
4 34
3 38
4 54
3 40
2 41
2 42
4 38
3 36
4 36
2 45
2 46
1 43
2 40
3 40
2 47
2 38
1 37
2 42
2 44
3 49
3 38
1 42
2 29
1 42
1 43
2 47
3 42
2 55
2 35
2 40
2 35
1 38
2 44
3 45
2 37
4 41
4 35
2 56
1 43
4 45
4 41
2 53
2 47
3 42
2 44
4 32
4 44
1 29
2 46
4 32
3 34
3 42
2 45
2 38
2 41
4 34
4 49
3 43
3 39
1 38
4 48
3 43
3 44
2 38
3 35
1 29
2 39
1 33
4 50
4 50
2 36
2 51
2 51
4 37
1 44
2 29
3 51
4 42
2 39
1 45
2 42
1 41
1 39
2 44
4 38
4 31
3 38
3 54
2 36
1 38
3 47
3 39
2 41
2 54
3 38
4 47
1 48
1 33
1 46
2 46
4 46
2 44
4 51
1 40
4 48
4 27
3 34
2 32
3 46
3 30
3 35
3 46
1 40
3 53
1 51
4 32
4 46
4 43
2 48
3 45
1 44
3 39
2 41
1 48
4 58
4 39
4 53
3 49
1 42
2 43
4 39
4 35
1 40
2 45
1 54
2 38
1 40
4 41
4 52
1 52
1 46
2 48
4 42
4 35
1 43
3 48
1 42
4 37
1 45
1 45
3 49
1 38
2 26
2 38
1 46
4 36
4 40
2 46
3 49
3 30
3 46
1 41
4 41
2 41
3 41
2 38
3 37
3 34
2 44
2 45
2 29
1 49
1 35
1 44
1 31
2 48
1 64
2 44
1 51
1 46
2 37
3 51
4 56
4 38
3 38
3 54
4 43
2 43
3 40
4 39
3 51
3 33
1 34
2 37
1 41
1 37
1 52
4 44
3 42
4 48
2 41
1 46
3 46
3 34
4 34
2 51
3 42
4 38
1 45
1 34
4 47
1 48
3 39
2 38
1 42
1 46
1 39
3 50
4 45
4 39
1 41
2 45
1 34
4 52
4 45
3 46
1 46
2 44
1 37
4 57
4 41
3 43
3 38
1 31
4 42
1 38
4 46
2 58
1 41
2 42
4 51
3 35
4 46
4 33
4 33
1 35
1 41
4 42
1 42
1 47
2 50
1 43
2 41
4 33
4 41
3 42
2 47
3 45
1 37
2 42
3 41
1 32
3 43
4 45
3 38
1 47
4 42
3 33
1 36
1 46
1 47
4 35
1 42
1 46
3 36
4 51
1 38
3 41
1 34
4 46
3 48
2 54
1 39
3 45
1 42
3 42
3 49
1 43
2 46
3 47
3 47
3 37
2 46
1 38
1 32
4 47
2 30
4 46
3 52
2 44
4 51
2 41
4 42
3 30
4 42
3 40
4 48
4 33
3 52
1 39
1 41
3 44
1 45
1 45
3 45
1 38
4 44
2 42
4 50
2 37
3 36
3 41
2 42
1 26
2 52
2 42
3 42
3 52
1 44
1 39
1 49
1 41
2 51
2 37
1 29
2 38
1 42
1 34
4 46
2 36
2 43
4 44
1 43
4 37
3 36
4 38
2 43
2 43
3 49
2 39
2 39
2 46
4 30
2 47
1 34
2 44
3 42
3 35
2 46
2 33
1 41
1 34
2 35
3 53
4 53
2 34
4 41
3 40
3 49
3 42
1 23
3 53
3 50
1 54
2 35
4 43
1 43
1 36
3 36
3 39
2 37
2 44
2 36
2 44
2 53
4 47
4 35
1 42
4 51
1 45
3 29
4 42
3 44
4 43
1 41
2 30
4 38
2 42
3 43
3 49
1 44
2 47
2 49
2 37
4 42
1 42
3 44
3 38
3 31
2 37
1 50
4 35
4 52
2 33
4 54
2 44
4 34
2 38
2 35
3 39
1 44
3 37
2 46
3 46
3 31
4 39
2 43
4 36
1 38
1 48
1 49
3 38
3 35
3 34
1 48
4 49
2 47
1 45
1 41
4 38
4 32
2 46
2 45
3 39
1 53
3 54
3 45
3 27
3 44
2 54
4 34
4 37
2 40
2 30
4 44
3 37
4 42
2 34
2 52
3 36
2 53
3 40
4 45
2 41
3 42
1 47
4 47
1 39
1 41
3 38
2 56
1 39
1 53
3 44
2 44
1 38
3 50
1 54
2 51
2 51
2 35
4 35
2 37
4 52
4 38
2 55
2 42
4 45
1 44
1 41
3 49
2 31
4 44
1 36
1 43
1 41
3 37
2 41
2 44
1 35
2 46
2 36
1 48
4 38
3 35
4 36
3 45
4 47
3 49
4 51
1 42
2 50
1 55
3 41
1 43
3 35
4 40
4 52
1 42
4 52
2 42
3 40
2 48
1 39
2 38
1 36
3 46
1 35
4 32
1 47
3 43
2 44
4 40
4 45
3 42
2 41
2 36
1 42
1 45
1 45
3 39
1 31
4 50
3 36
1 46
2 45
2 36
4 46
3 49
4 45
3 41
2 37
3 46
4 36
3 41
1 53
4 49
3 29
1 33
3 41
3 42
1 46
4 43
