13 0.43360957470960493
14 0.6392316314827556
15 0.9044274405228185
16 0.8749313791031184
17 0.20128532674111344
18 0.6107817626298407
19 0.39458595688427667
20 0.9002253830674888
21 0.06288406485605191
22 0.36572899149811444
23 0.30404402252126006
24 0.3463418865668626
25 0.24934266615835332
26 0.487325512266488
27 0.5420612502132315
28 0.2873485674923705
29 0.07109414954970561
30 0.3592535888711935
31 0.21684179463094733
32 0.5215812084131921
33 0.4096273137071422
34 0.859922504940811
35 0.12418396800936504
36 0.5104250750771196
37 0.7571280788961672
38 0.6936910227066787
39 0.64311328042956
40 0.9277918669124965
41 0.7605312511590961
42 0.9767220055097704
43 0.22578513020871716
44 0.9384875226476979
45 0.2585391822003641
46 0.5789643522926275
47 0.9667953640216207
48 0.09807860111352307
49 0.6136393947325535
50 0.6387966075417614
1 0.6543051789046632
2 0.6669097603456219
3 0.16747359900349423
4 0.20728404240979315
5 0.3678752317014471
6 0.708114242722563
7 0.8265519899884526
8 0.7657339396748362
9 0.9595847890415872
10 0.8457180876636501
11 0.8709022997789704
12 0.7175443622028433
