0.41239505294636536 1
0.418044722839377 1
0.42564575808381216 1
0.4267391709376056 1
0.42695212292981166 1
0.4329467952863134 1
0.438665837015007 1
0.4389280295972126 1
0.4420288056336111 1
0.443788689634216 1
0.44412483037342 1
0.444868369237543 1
0.4452404532671677 1
0.4481419942745034 1
0.4504916133832843 1
0.4516596269605722 1
0.4526394489365758 1
0.45391850382197757 1
0.4553979947855552 1
0.4567877469791652 1
0.4573300227754601 1
0.45751834900724403 1
0.45755303135746034 1
0.4587953570239016 1
0.45969820845153386 1
0.4603983237945083 1
0.46130088335148206 1
0.46142394422782423 1
0.4615303955307713 1
0.46169811757859797 1
0.4618789175090772 1
0.46446558593200094 1
0.46469455328080045 1
0.4654507087445765 1
0.46569484178512854 1
0.4657628758705932 1
0.4665949087781575 1
0.4669203330736779 1
0.4671010225271475 1
0.46722785871594213 1
0.4676309918751002 1
0.46923589159949963 1
0.47079441723429133 1
0.47082759298934623 1
0.47099813698686327 1
0.47102725209865126 1
0.47107328216642563 1
0.47108689449753727 1
0.471382803312728 1
0.4715296344437412 1
0.47264814652424386 1
0.4731394544218137 1
0.47359676909078124 1
0.4738915939186472 1
0.474712347829733 1
0.4760623234631454 1
0.4770770253583484 1
0.47717606103227245 1
0.47723372099318534 1
0.47776868985311055 1
0.4779935943811283 1
0.47875589544851493 1
0.47895017410502383 1
0.47990236198443703 1
0.4800231450517918 1
0.4809832292582516 1
0.48103736648853745 1
0.48148806851174586 1
0.48149348455418733 1
0.48177115225928596 1
0.48201174541168323 1
0.4821842649082476 1
0.4823819701451615 1
0.48258221764678255 1
0.4829214299029116 1
0.4831401849777394 1
0.4843499359656138 1
0.4846325288666148 1
0.4847986824817964 1
0.48576598523781506 1
0.4859150578819924 1
0.4865872737642642 1
0.48660143721044824 1
0.48670942790047084 1
0.48747564383178477 1
0.4881220223160778 1
0.48821615733726276 1
0.4884389065723299 1
0.48847163353332923 1
0.4889123037638885 1
0.489410315781739 1
0.4895520965708578 1
0.48955340516374685 1
0.48983281301391185 1
0.490338903659366 1
0.49123819910024474 1
0.4915516337307574 1
0.49225577661534187 1
0.4925670086647576 1
0.49259328631971633 1
0.4927608225808235 1
0.49278049882627456 1
0.4928609961523336 1
0.4929247109766113 1
0.4930728985573349 1
0.49350900201467485 1
0.49402265834504483 1
0.49455005236172217 1
0.49535968282389775 1
0.4957542756505638 1
0.4959539266965647 1
0.4961429340337407 1
0.4962038221749064 1
0.4965268962551546 1
0.49654204937422913 1
0.49736628477617545 1
0.4978746452230904 1
0.4980121144870708 1
0.4986335679373301 1
0.49931164501379965 1
0.4993497815736736 1
0.4994731964702027 1
0.49957594902855823 1
0.5002287739840601 1
0.5003182860174338 1
0.5005074913417341 1
0.5007571060462785 1
0.5008536436321004 1
0.5014142649837007 1
0.5021989452633221 1
0.5022600759322216 1
0.5027273159079085 1
0.5033548176635472 1
0.5035157092345149 1
0.5036094643796232 1
0.5041846424211939 1
0.5052700076958058 1
0.506146659979377 1
0.5063142831550852 1
0.5081946369243906 1
0.5092779891491983 1
0.5094464342877819 1
0.5094859363430578 1
0.509833369241049 1
0.5099972989139558 1
0.510087618686994 1
0.5101521184986911 1
0.5106872653188852 1
0.5113028114574899 1
0.5129026347614485 1
0.5141250495978185 1
0.5150148472017115 1
0.5154590113601459 1
0.5162922841123497 1
0.5166261465388436 1
0.5166611249417205 1
0.5167541932321371 1
0.5168226578567198 1
0.5168707856576957 1
0.5171330706522134 1
0.5175137434952477 1
0.5177638476943591 1
0.5179443361357385 1
0.5191342956278899 1
0.5194849526295354 1
0.5195404087135415 1
0.5202583224629658 1
0.5210388430098851 1
0.5212185658443813 1
0.5218042326128389 1
0.5224488944077891 1
0.5236001105324601 1
0.5238898669408102 1
0.5241335453780961 1
0.5242768509868901 1
0.5266713290243327 1
0.5268456469545693 1
0.5271985462707033 1
0.5279855725787528 1
0.5279946970719464 1
0.5287011812556784 1
0.5293141820093133 1
0.5306496128259323 1
0.5307475063751922 1
0.5308089211475916 1
0.5314098347995353 1
0.5323770191028224 1
0.5331366110309683 1
0.540111052070548 1
0.5404684695681687 1
0.5424099282149509 1
0.5447014295991496 1
0.5456164578658194 1
0.5465060433487229 1
0.5484417691805381 1
0.5520973966552031 1
0.5620489276604542 1
0.5635401711211703 1
0.5773492656844256 1
0.5810534877188993 1
