
 0.480
 0.471
 0.552
 0.482
 0.487
 0.467
 0.496
 0.475
 0.520
 0.490
 0.564
 0.483
 0.457
 0.455
 0.510
 0.442
 0.479
 0.503
 0.517
 0.493
 0.493
 0.464
 0.562
 0.445
 0.506
 0.546
 0.472
 0.480
 0.513
 0.465
 0.444
 0.450
 0.477
 0.518
 0.481
 0.499
 0.457
 0.501
 0.581
 0.467
 0.504
 0.518
 0.462
 0.477
 0.506
 0.465
 0.499
 0.493
 0.517
 0.467
 0.529
 0.522
 0.524
 0.461
 0.503
 0.427
 0.439
 0.494
 0.460
 0.529
 0.439
 0.487
 0.528
 0.498
 0.532
 0.502
 0.485
 0.510
 0.462
 0.448
 0.481
 0.540
 0.471
 0.488
 0.471
 0.531
 0.528
 0.519
 0.458
 0.466
 0.478
 0.510
 0.481
 0.487
 0.444
 0.524
 0.488
 0.505
 0.477
 0.514
 0.427
 0.459
 0.454
 0.509
 0.531
 0.481
 0.489
 0.493
 0.515
 0.511
 0.497
 0.482
 0.474
 0.483
 0.511
 0.516
 0.540
 0.483
 0.462
 0.471
 0.496
 0.527
 0.460
 0.478
 0.498
 0.527
 0.517
 0.418
 0.490
 0.501
 0.521
 0.484
 0.471
 0.473
 0.524
 0.493
 0.474
 0.496
 0.499
 0.486
 0.479
 0.533
 0.495
 0.452
 0.488
 0.493
 0.504
 0.545
 0.426
 0.471
 0.531
 0.500
 0.547
 0.517
 0.494
 0.458
 0.509
 0.517
 0.518
 0.495
 0.445
 0.509
 0.531
 0.542
 0.491
 0.515
 0.482
 0.412
 0.461
 0.466
 0.524
 0.469
 0.508
 0.577
 0.490
 0.490
 0.548
 0.520
 0.500
 0.500
 0.486
 0.504
 0.510
 0.497
 0.499
 0.471
 0.487
 0.482
 0.501
 0.517
 0.492
 0.467
 0.493
 0.522
 0.492
 0.519
 0.433
 0.488
 0.502
 0.476
 0.468
 0.521
 0.485
 0.496
 0.489
 0.527
 0.453
 0.501
 0.497
 0.473

