0.3513932492952406 1
0.35296302485399267 1
0.3547801094074158 1
0.35506276452613095 1
0.35540278161955624 1
0.3570805877985526 1
0.35792952537266376 1
0.3586348819183327 1
0.3613802909940236 1
0.3638629162211294 1
0.36413617400651743 1
0.3697200595623752 1
0.3697428284352769 1
0.37294677560178097 1
0.3741284390986377 1
0.3762069350533191 1
0.3777310350080998 1
0.37830098371661725 1
0.3789494901755738 1
0.37901074125890366 1
0.37912706288802656 1
0.3793377523667114 1
0.37950846080037565 1
0.37959605588771006 1
0.3797427283903812 1
0.3797713661248381 1
0.38009807419309316 1
0.380571786134775 1
0.38322368000529494 1
0.3840378040094236 1
0.3845450410036345 1
0.3845763065948228 1
0.38561453049856986 1
0.3863030338223315 1
0.3867212614033453 1
0.3869696791267145 1
0.38781690028427707 1
0.3884481712558959 1
0.38916490241105706 1
0.389232679889516 1
0.38947770650233143 1
0.38949615747008287 1
0.3912117259408572 1
0.3914494433066782 1
0.3921532860146382 1
0.39261900970631586 1
0.39331111187564716 1
0.3936595273011166 1
0.3947385090198901 1
0.39488765927591507 1
0.3949074960079119 1
0.3958863667205105 1
0.39588945482508286 1
0.3961457565143437 1
0.3963045794987506 1
0.39638107113994436 1
0.39694374174583713 1
0.3972365904292683 1
0.3972440697878927 1
0.39735375047319105 1
0.3975293983267696 1
0.3975355233588942 1
0.397677262564723 1
0.3986152791547994 1
0.3986515627812082 1
0.39893408773753336 1
0.3996060838691975 1
0.3996715498680321 1
0.3997729917471834 1
0.40041181941241005 1
0.4005375186048308 1
0.4008406294669562 1
0.40099665361851256 1
0.4016616301979819 1
0.4022541617548928 1
0.40232075266660744 1
0.4026760890920171 1
0.40286337472622213 1
0.40320983634584323 1
0.40324256542412995 1
0.4038121014059962 1
0.40424599616207435 1
0.40441625632575834 1
0.4045748681804335 1
0.40478229316609204 1
0.4055259986226727 1
0.4055878264170517 1
0.4056331584139221 1
0.40605244321647677 1
0.40606969639468454 1
0.406123877935505 1
0.40653743790086544 1
0.4067766701373338 1
0.4067899715433576 1
0.4081499686551647 1
0.40839437354293406 1
0.40876462431085403 1
0.4088110052033529 1
0.4094937730619321 1
0.40950156688440986 1
0.4095868267227661 1
0.4097178481234752 1
0.4098498121197642 1
0.41019415817206395 1
0.4103574677658366 1
0.410766750021733 1
0.41117951611695375 1
0.4112110599141268 1
0.41142295887707897 1
0.41143822051062595 1
0.4115605121853311 1
0.4120304575781576 1
0.4124622236946041 1
0.41265526291035665 1
0.41271525481047655 1
0.4127473431819824 1
0.41294839765177577 1
0.413456793432045 1
0.41364711133569765 1
0.41375225712665553 1
0.4140372558701685 1
0.41432987942732086 1
0.41528289211021013 1
0.41552907078066426 1
0.41555636090076165 1
0.4155914822669481 1
0.4156847712437341 1
0.41575901348887934 1
0.4158877148999963 1
0.41652413688439716 1
0.41692341223404883 1
0.4171832190251816 1
0.4176879831120217 1
0.41771044461708473 1
0.4179317264606526 1
0.41812493706411114 1
0.4182468514793608 1
0.4184114183321552 1
0.418688084486425 1
0.41871246066178736 1
0.41881011202050106 1
0.4192308193360399 1
0.4194257664183543 1
0.41947218990951385 1
0.4195135610877496 1
0.41958284191617323 1
0.4197165665041608 1
0.4201881649144187 1
0.42021036064447415 1
0.4202910613009054 1
0.42064574887938877 1
0.4207526427175201 1
0.4209197155738365 1
0.42122422225794887 1
0.42150972190334 1
0.4216086679404456 1
0.42184618227922627 1
0.42222146288272966 1
0.4223583323528548 1
0.4227718232247406 1
0.4231424000631977 1
0.42320992822986825 1
0.4233297530091425 1
0.4237560614035079 1
0.4239170315062527 1
0.4246046047158373 1
0.42484347013244717 1
0.42556272852507904 1
0.42681522860349025 1
0.4275508606039294 1
0.42802915736168345 1
0.4281771720730781 1
0.428302564336201 1
0.4303329625463321 1
0.4305484028664211 1
0.4307418962655727 1
0.4311596598059755 1
0.4314367728184746 1
0.4325042823407293 1
0.43324103412753934 1
0.43353597877764416 1
0.43372800410973106 1
0.4341420590898384 1
0.43570592691027926 1
0.43572166102801296 1
0.4377769206533811 1
0.4384475526505399 1
0.4398545522582538 1
0.4406242889398642 1
0.4407611316206063 1
0.4410024967066096 1
0.44101653097054877 1
0.4428381883353419 1
0.44500095378639287 1
0.4450362371969675 1
0.4508061146748182 1
0.4542836456698616 1
0.459597030704417 1
0.460182777799753 1
0.4717840642618195 1
