
 0.385
 0.445
 0.383
 0.422
 0.425
 0.393
 0.411
 0.411
 0.387
 0.422
 0.355
 0.419
 0.396
 0.384
 0.355
 0.400
 0.421
 0.422
 0.378
 0.416
 0.445
 0.404
 0.406
 0.386
 0.434
 0.401
 0.420
 0.402
 0.379
 0.404
 0.406
 0.406
 0.397
 0.425
 0.423
 0.420
 0.416
 0.418
 0.409
 0.419
 0.441
 0.355
 0.443
 0.351
 0.406
 0.420
 0.380
 0.395
 0.419
 0.376
 0.396
 0.399
 0.451
 0.424
 0.426
 0.419
 0.398
 0.412
 0.413
 0.419
 0.406
 0.416
 0.388
 0.410
 0.410
 0.413
 0.414
 0.420
 0.396
 0.430
 0.410
 0.428
 0.392
 0.421
 0.418
 0.403
 0.412
 0.396
 0.373
 0.423
 0.357
 0.396
 0.431
 0.431
 0.434
 0.400
 0.370
 0.407
 0.422
 0.428
 0.454
 0.418
 0.407
 0.433
 0.364
 0.358
 0.411
 0.438
 0.399
 0.428
 0.414
 0.374
 0.416
 0.353
 0.391
 0.398
 0.391
 0.427
 0.381
 0.402
 0.417
 0.409
 0.472
 0.401
 0.408
 0.359
 0.379
 0.441
 0.400
 0.403
 0.416
 0.386
 0.397
 0.388
 0.409
 0.389
 0.438
 0.436
 0.389
 0.380
 0.408
 0.417
 0.440
 0.428
 0.380
 0.411
 0.410
 0.420
 0.420
 0.433
 0.418
 0.423
 0.441
 0.410
 0.414
 0.397
 0.389
 0.364
 0.385
 0.460
 0.405
 0.423
 0.378
 0.400
 0.413
 0.419
 0.414
 0.401
 0.421
 0.413
 0.379
 0.395
 0.416
 0.389
 0.393
 0.424
 0.415
 0.410
 0.407
 0.418
 0.405
 0.387
 0.412
 0.379
 0.413
 0.404
 0.411
 0.402
 0.361
 0.417
 0.397
 0.403
 0.431
 0.394
 0.370
 0.403
 0.395
 0.422
 0.380
 0.418
 0.421
 0.406
 0.431
 0.380
 0.399
 0.460
 0.436
 0.398
 0.434
 0.441

