0.54348452252395 1
0.5477511029017963 1
0.5489807004599185 1
0.5521168381294186 1
0.5525329861732742 1
0.55404171326076 1
0.5554891491631861 1
0.5559857760011999 1
0.5563027691952798 1
0.5567993960332934 1
0.5577121709151627 1
0.5583273107298777 1
0.5586252868326858 1
0.5588239375678914 1
0.5620969232340565 1
0.5634260166776085 1
0.5644194408714628 1
0.5662640077264731 1
0.5662641782443 1
0.5669784729087908 1
0.569400145395973 1
0.5696176427046232 1
0.5710270444245062 1
0.5719778534889187 1
0.5720585028009036 1
0.5729712776827731 1
0.5733874257266288 2
0.5733875962444556 1
0.573685401829437 1
0.5737657101057682 1
0.5739028991380872 1
0.5743995259761008 1
0.5754117967433999 1
0.575629464569877 1
0.5760267660402878 1
0.5765235633961285 1
0.5776538355866478 1
0.577653835586648 1
0.5778526568396805 1
0.5789640824567553 1
0.5790822543978027 1
0.5790824249156296 1
0.5796782066034192 1
0.5796972236946908 2
0.5798958744298963 1
0.5805108437267843 1
0.5810074705647981 1
0.5813244637588779 1
0.58233656400835 1
0.5839636335547101 1
0.5843611055429481 1
0.5849947508954538 1
0.5855908736188972 1
0.5867211458094167 1
0.5868206416948464 1
0.587416423382636 1
0.5883291982645054 1
0.5886463619764121 1
0.5895593073761084 1
0.5900746102697401 1
0.59067090351101 1
0.590769887842959 1
0.5911863769224684 1
0.5912855317722444 1
0.5913850276576739 1
0.5918011757015296 1
0.5922978025395433 1
0.5923971279071462 1
0.5924161449984177 1
0.5926146252157963 1
0.5926147957336232 1
0.5927141211012259 1
0.5931917308479681 1
0.5935275706154926 1
0.5936268959830953 1
0.5936270665009221 1
0.5939250426037305 1
0.5943410201297591 1
0.594918125761931 1
0.5956514375176932 1
0.5956514375176934 1
0.5961669109291519 1
0.5962662362967545 1
0.5962852533880261 1
0.5963655616643571 1
0.5965832294908342 1
0.5967630336525951 1
0.5967818802260397 1
0.5968812055936427 1
0.5969805309612451 1
0.5970798563288481 1
0.5975955002581332 1
0.5979928017285443 1
0.5986076005076054 1
0.5987069258752082 1
0.5993218951720963 1
0.5997382137337787 1
0.5999178473777127 1
0.6000361898365868 1
0.6001164981129182 1
0.6009489647184564 1
0.6011476154536619 1
0.6016632593829473 1
0.6035694584586708 1
0.6036876303997183 1
0.6041041194792277 1
0.6045012504318118 1
0.6046004052815878 1
0.6048985519022227 1
0.6065446385398545 1
0.6069607865837102 1
0.6074575839395508 1
0.6075567387893268 1
0.6078548854099618 1
0.6082521868803729 1
0.6086683349242284 1
0.6088858322328785 1
0.6100967537353832 1
0.6101960791029858 1
0.6109103737674766 1
0.6113265218113323 1
0.6116244979141406 1
0.6121212952699812 1
0.612139971325599 1
0.6121401418434258 1
0.6125372727960099 1
0.6125374433138367 2
0.6128542659900897 1
0.613369909919375 1
0.614779482157085 1
0.6149779623744638 1
0.6155931021891786 1
0.6157917529243842 1
0.6166052024386507 1
0.6167045278062535 1
0.6169030080236322 1
0.6169221956327305 1
0.6171206758501092 1
0.6173194971031416 1
0.6173194971031417 1
0.618232271985011 1
0.6183315973526138 2
0.6191642344759787 1
0.619859341531371 1
0.6202756600930536 1
0.6204744813460858 1
0.6208904588721147 1
0.6211887760105768 1
0.6219029001572405 1
0.6229953086830439 1
0.623212976509521 1
0.6239461177474566 1
0.6245420699530729 1
0.6259704887642276 1
0.6266847834287185 1
0.6267841087963212 1
0.6271009314725741 1
0.6287281715367611 1
0.6292247983747749 1
0.6296222703630128 1
0.6317649838386581 1
0.6320626189058127 1
0.6322614401588451 1
0.6324789374674953 1
0.6326966052939723 1
0.6328762389379061 1
0.6328950855113509 1
0.6344041536344903 1
0.6344041536344904 1
0.6351184482989812 1
0.6359507443866926 1
0.636229873916056 1
0.6363290287658319 1
0.6375401207861633 1
0.6385900847003518 1
0.6403164796143146 1
0.6408131064523284 1
0.6427573397105952 1
0.6431546411810062 1
0.6433721384896565 1
0.6438687653276702 1
0.6443844092569553 1
0.6448810360949692 1
0.6484521683817693 1
0.6487689910580221 1
0.6493649432636388 1
0.6503772140309377 1
0.6518056328420923 1
0.6524015850477088 1
0.6538300038588636 1
0.657301810778061 1
0.6583140815453601 1
0.6584324240042341 1
0.6641084061019638 1
0.6661517942100064 1
0.6753798915032643 1
