
 0.608
 0.658
 0.600
 0.643
 0.617
 0.617
 0.624
 0.605
 0.634
 0.579
 0.644
 0.617
 0.593
 0.612
 0.587
 0.557
 0.590
 0.596
 0.589
 0.618
 0.613
 0.588
 0.584
 0.573
 0.621
 0.641
 0.611
 0.577
 0.591
 0.569
 0.612
 0.652
 0.643
 0.599
 0.559
 0.591
 0.636
 0.622
 0.607
 0.593
 0.594
 0.621
 0.579
 0.586
 0.610
 0.608
 0.609
 0.571
 0.630
 0.592
 0.613
 0.601
 0.632
 0.597
 0.643
 0.596
 0.604
 0.591
 0.578
 0.632
 0.633
 0.666
 0.558
 0.580
 0.612
 0.585
 0.591
 0.596
 0.620
 0.579
 0.615
 0.618
 0.575
 0.599
 0.636
 0.645
 0.649
 0.600
 0.548
 0.563
 0.602
 0.609
 0.648
 0.608
 0.600
 0.633
 0.597
 0.598
 0.572
 0.543
 0.620
 0.567
 0.591
 0.573
 0.552
 0.623
 0.574
 0.554
 0.595
 0.627
 0.555
 0.620
 0.594
 0.592
 0.592
 0.625
 0.573
 0.629
 0.604
 0.633
 0.613
 0.615
 0.596
 0.605
 0.580
 0.594
 0.558
 0.654
 0.573
 0.574
 0.593
 0.612
 0.617
 0.664
 0.576
 0.605
 0.623
 0.574
 0.566
 0.649
 0.553
 0.616
 0.578
 0.599
 0.580
 0.617
 0.626
 0.632
 0.597
 0.597
 0.657
 0.574
 0.582
 0.559
 0.618
 0.616
 0.604
 0.638
 0.576
 0.566
 0.598
 0.627
 0.613
 0.650
 0.597
 0.658
 0.587
 0.564
 0.556
 0.578
 0.549
 0.581
 0.592
 0.596
 0.636
 0.652
 0.610
 0.570
 0.607
 0.607
 0.590
 0.619
 0.617
 0.581
 0.596
 0.581
 0.635
 0.587
 0.634
 0.562
 0.580
 0.629
 0.584
 0.617
 0.632
 0.601
 0.627
 0.640
 0.600
 0.593
 0.611
 0.556
 0.594
 0.597
 0.613
 0.675
 0.572
 0.594
 0.644
 0.639

