0 52
1 42
2 36
3 41
1 44
0 44
1 38
1 33
0 54
0 31
2 38
2 50
1 41
1 52
1 38
0 46
2 41
3 46
3 44
2 38
0 34
1 38
2 37
0 38
0 44
2 41
2 28
2 52
0 48
3 47
0 41
1 38
3 38
1 49
2 42
1 41
3 50
2 37
0 40
2 50
2 40
2 36
0 46
2 45
2 47
1 42
2 43
0 43
1 35
0 42
3 53
3 46
3 54
2 47
2 41
2 39
0 46
3 44
2 47
0 47
2 45
0 43
1 35
1 44
0 38
1 44
2 40
0 30
3 47
2 38
1 45
2 46
0 58
1 37
2 55
0 40
3 37
1 42
0 37
1 34
2 47
1 43
2 35
2 54
0 52
0 41
3 34
3 53
0 57
1 39
1 44
0 59
1 42
1 56
2 51
0 57
0 42
3 51
3 25
0 37
1 40
2 33
0 42
2 52
0 56
0 30
2 44
1 39
2 42
3 49
0 41
3 40
2 34
1 45
3 46
0 37
0 41
0 56
3 41
2 36
2 50
2 40
3 36
0 37
2 39
3 46
1 47
1 53
2 34
1 36
2 39
0 42
1 46
0 40
2 44
2 45
0 49
3 49
2 41
0 32
1 37
2 41
2 53
1 44
1 46
0 48
1 46
3 46
0 50
0 47
3 34
0 38
2 47
3 36
1 42
1 44
3 44
3 37
2 39
3 48
1 38
1 36
2 44
2 44
1 41
3 38
3 41
3 45
1 38
2 46
3 54
0 49
1 50
1 45
1 40
0 42
3 42
0 43
2 36
3 33
0 51
3 48
2 48
0 32
1 32
0 54
3 40
3 41
0 45
0 36
0 44
3 29
0 19
0 36
3 38
3 41
2 44
3 47
1 45
1 40
