
 2.500
 1.900
 2.170
 2.330
 2.360
 2.280
 2.270
 2.270
 2.370
 2.620
 2.370
 2.210
 2.300
 2.240
 2.330
 2.110
 2.210
 2.300
 2.090
 1.910
 2.180
 2.140
 2.390
 2.260
 2.380
 2.010
 2.220
 2.250
 2.240
 2.190
 2.270
 2.420
 2.160
 2.140
 2.130
 2.200
 2.440
 2.070
 2.260
 2.120
 2.120
 2.420
 1.850
 2.110
 2.140
 2.470
 2.130
 2.250
 2.140
 2.130
 2.380
 2.080
 2.220
 2.310
 2.260
 2.390
 2.180
 2.010
 2.340
 2.430
 2.380
 2.250
 2.310
 2.240
 2.160
 2.250
 2.170
 2.120
 2.300
 2.070
 1.930
 2.310
 1.960
 2.170
 2.080
 2.180
 2.180
 2.130
 2.360
 2.130
 2.370
 2.180
 2.080
 2.260
 2.280
 2.130
 2.020
 2.460
 2.320
 2.250

