0.44289868280168354 1
0.44651097128367334 1
0.4611105055322868 1
0.4617914897730105 1
0.462585416910812 1
0.46655208514447055 1
0.4670484715261963 1
0.46731823335436795 1
0.4680954803086956 1
0.4686949497283762 1
0.4688569176303605 1
0.46916976646833697 1
0.47000627047369375 1
0.47053743168877493 1
0.4708610673831104 1
0.47205970279177284 1
0.4727565584763145 1
0.4734886621280351 1
0.4744577755201425 1
0.47988573067222035 1
0.479915815605054 1
0.48025272644001143 1
0.4815779322404039 1
0.4815895383303165 1
0.48213845127825905 1
0.4839590307354177 1
0.48640530631906037 1
0.48802479581939645 1
0.4888469142535859 1
0.4898145167086799 1
0.49145678935204495 1
0.4925622418920348 1
0.49258064980676514 1
0.49278713437897076 1
0.492842523614892 1
0.4929226856103683 1
0.4932591023247822 1
0.4933808257665422 1
0.4935410689088043 1
0.4937082660435799 1
0.49413216505520813 1
0.4941584320514494 1
0.4947486569801039 1
0.49541780255454987 1
0.4955607257866984 1
0.4957250221248401 1
0.4960486303268356 1
0.49637745390352966 1
0.4972058599157327 1
0.4975982089195056 1
0.4980069166506806 1
0.4980142817107341 1
0.4982859929180794 1
0.4983036154886827 1
0.49849575616578773 1
0.49868876305902665 1
0.49921376645462195 1
0.49985231209999825 1
0.5000357890116126 1
0.5000494475901813 1
0.5007769436790447 1
0.501036644638483 1
0.5026842441333925 1
0.5031167594042385 1
0.5031302904560193 1
0.5034690239833289 1
0.5035079199433151 1
0.5035951514312551 1
0.5037481289393871 1
0.504445606255523 1
0.5056965825857103 1
0.5062633088788131 1
0.5065090085474011 1
0.5072029883783106 1
0.5075160783795173 1
0.5077156845108474 1
0.5077505987128683 1
0.507859197384056 1
0.5080922375435288 1
0.5088611987831135 1
0.5091079079716424 1
0.5091816083727809 1
0.5096361461240327 1
0.5096659616054792 1
0.510252094664271 1
0.5105200328077041 1
0.5110842833145122 1
0.511276940255564 1
0.5114919525378618 1
0.5116341432282447 1
0.5122987261250702 1
0.5126870229068842 1
0.5127181512065628 1
0.5130563204782016 1
0.5138278873611986 1
0.5140802066149583 1
0.5145616821534784 1
0.5148706985134737 1
0.5151605914137805 1
0.5152907579575728 1
0.5159931886605578 1
0.5165790273905568 1
0.5168373769841847 1
0.5169862346059331 1
0.5178983820485051 1
0.518366864429655 1
0.5184642498443993 1
0.518766371738892 1
0.5189667243700073 1
0.5189941399708126 1
0.5191867983309321 1
0.5203689683594678 1
0.5203859431803672 1
0.5205567343181466 1
0.5209806392033762 1
0.5213482259360296 1
0.5222711548680153 1
0.5229975469057849 1
0.5230076069507459 1
0.5232717280222033 1
0.5233200556322357 1
0.5233351053995093 1
0.5235541065532012 1
0.5243447061999487 1
0.524401664128687 1
0.5247626755106962 1
0.5254832506405435 1
0.5256836405052945 1
0.5263014495186353 1
0.526335846444555 1
0.5278877168455987 1
0.5279478778442336 1
0.5279542503377251 1
0.5290297779249058 1
0.5298104533083327 1
0.5303146205438085 1
0.5307764227611379 1
0.5313354881050852 1
0.5317764421193824 1
0.5320693336713839 1
0.5323711677031778 1
0.534137246641184 1
0.5344699481195603 1
0.5347821375219748 1
0.5360348193567517 1
0.5367762294441625 1
0.5385078940905567 1
0.5394156050160541 1
0.5400183664853666 1
0.5402800934442582 1
0.5402994320751305 1
0.5412751983130278 1
0.54167071539238 1
0.5424436181592407 1
0.54340928500485 1
0.5438384359409344 1
0.5440014302188136 1
0.5445080211145108 1
0.5447761827758629 1
0.545746858407869 1
0.5461314502768808 1
0.5462503212941374 1
0.546780577764592 1
0.5468346699134597 1
0.5476928625380616 1
0.5483609103967965 1
0.5492573542428508 1
0.5503121260409383 1
0.5506646654013369 1
0.5514766502934768 1
0.5514822938350281 1
0.5515193095733842 1
0.5522100257380932 1
0.5523280687216101 1
0.5544031291906266 1
0.5560597380824092 1
0.5582047561376419 1
0.5587056606045977 1
0.5602279272755726 1
0.5604223890295109 1
0.5617560563305135 1
0.5628381645042139 1
0.5642075655261236 1
0.5650394536798001 1
0.5650762219583886 1
0.5653715146933432 1
0.565581185435052 1
0.5659400483440931 1
0.5683776352961403 1
0.5705398025874594 1
0.5720516367566888 1
0.5750563094788625 1
0.575694627014849 1
0.5767213730566209 1
0.5820587024332583 1
0.5837108330223773 1
0.5840524036912393 1
0.5844508634787924 1
0.5887562371953983 1
0.5895929088686449 1
