0 46
0 38
0 52
0 31
0 33
0 38
1 39
0 40
0 37
0 39
1 52
1 48
0 38
1 51
1 28
1 44
1 44
0 43
1 52
1 38
1 51
1 28
0 41
0 37
0 39
0 27
0 37
1 44
0 25
1 40
1 50
1 44
1 47
1 40
1 49
1 53
1 53
1 42
0 41
0 40
0 45
0 53
1 45
0 53
0 28
1 51
0 42
1 42
1 32
0 46
1 43
1 47
0 37
0 44
1 49
0 62
0 44
0 40
0 48
1 40
0 42
0 45
0 45
1 43
0 46
0 44
0 42
1 50
1 41
0 37
0 39
1 45
1 36
0 43
1 36
1 34
0 47
0 43
0 51
1 52
0 45
1 45
0 45
0 43
1 45
0 41
0 45
1 33
0 38
0 37
1 33
1 37
1 48
0 49
1 41
0 48
1 40
0 37
0 38
1 48
1 40
1 42
0 40
1 44
0 51
0 52
0 37
0 41
0 48
0 38
1 36
1 42
1 40
1 48
1 36
1 44
0 46
1 48
1 39
1 43
1 42
0 33
0 38
0 38
0 47
1 31
0 46
1 44
1 60
0 50
1 53
0 41
1 46
1 48
0 52
0 36
0 30
1 43
1 47
0 33
0 38
0 40
0 37
1 45
0 36
1 53
1 43
0 46
1 48
1 32
0 48
1 48
1 43
0 39
0 47
0 39
1 45
1 48
0 39
1 44
1 44
0 35
1 46
0 44
1 40
1 51
0 50
1 41
1 48
0 41
0 47
0 44
1 37
1 42
0 52
0 31
0 54
1 47
1 49
0 40
0 46
1 52
0 41
0 42
0 45
0 40
0 44
1 52
1 40
1 44
0 36
1 33
0 36
0 49
1 60
0 46
0 39
0 42
1 43
0 41
