0.4083985511098938 1
0.4171263567779269 1
0.43033382550540183 1
0.4316271355769239 1
0.4320603616549482 1
0.43419788983248886 1
0.43839110307972584 1
0.43845910777233527 1
0.4406442410439743 1
0.4413148568665604 1
0.44378881334761267 1
0.4452123488691646 1
0.4498083358651794 1
0.4507324304075668 1
0.4515521187753254 1
0.45230857901313365 1
0.4542198273166701 1
0.45537217582381173 1
0.4558551588088124 1
0.45596491201701916 1
0.4564227569169661 1
0.45655086263962785 1
0.4566031491697604 1
0.45831268355511007 1
0.45847190681391836 1
0.4589997359974455 1
0.45930904553327145 1
0.4603828535314333 1
0.4618580745736069 1
0.46232199020661857 1
0.4631597040188135 1
0.46369379172462005 1
0.46573370261036806 1
0.4670526668083086 1
0.4676188568374412 1
0.46783260409604227 1
0.4680031050234661 1
0.46876990660204654 1
0.46894531710120063 1
0.4691877402281813 1
0.4693757887997886 1
0.46950352524151967 1
0.46959359195811423 1
0.47032775951357253 1
0.47085854852196546 1
0.47122483731774495 1
0.47127348373809125 1
0.472221945397143 1
0.4726715420431365 1
0.475568465916282 1
0.4759440647258809 1
0.47622261201130556 1
0.476865848620097 1
0.4771129824107718 1
0.47738382460015527 1
0.47764763694616247 1
0.47807605112878315 1
0.478244944019842 1
0.47863359941881006 1
0.47897673094966053 1
0.4791648587977944 1
0.47939846709047124 1
0.4807585379197189 1
0.48176988326005554 1
0.4821190008461303 1
0.4823318890311451 1
0.48340741695956924 1
0.4841449354282583 1
0.48444507141360454 1
0.48448804250384514 1
0.48498669431465946 1
0.4866119079644907 1
0.4866892365596867 1
0.4872474477522645 1
0.48747183856479553 1
0.4877963352514035 1
0.48846195047631874 1
0.48847010487533254 1
0.4885306060386989 1
0.48857422921571925 1
0.48862048151546716 1
0.4888771424753841 1
0.489127953511124 1
0.48958641714503365 1
0.48967251324567945 1
0.49009203672516044 1
0.49061916026310654 1
0.4914017144814828 1
0.4916801650817171 1
0.491960285681699 1
0.4920578693356646 1
0.49321619437060166 1
0.4940845671897 1
0.4941384617207103 1
0.49430577047645824 1
0.4947072298691009 1
0.4964845556384471 1
0.49751240149604814 1
0.4979300840060161 1
0.49816880865715857 1
0.4982669488595737 1
0.4982783086825651 1
0.4986736775596585 1
0.4996604780352943 1
0.4998374649481157 1
0.4999288114146196 1
0.500141866265408 1
0.5004144763906256 1
0.5006879795705568 1
0.5008209213798734 1
0.5008284438544339 1
0.5010225297641525 1
0.501044419864083 1
0.5014403530212017 1
0.5017659984183382 1
0.5019442104387233 1
0.5025967995781255 1
0.5038066137772974 1
0.5043451409739218 1
0.5048936358299465 1
0.505293970684053 1
0.505552724256098 1
0.5056821712990636 1
0.5059124466119581 1
0.5064628775765126 1
0.5065743850974909 1
0.5071796197825716 1
0.5076701620795668 1
0.5086871173607724 1
0.5095710492444241 1
0.5100802254328124 1
0.5102984437523633 1
0.5105073596012538 1
0.5107839970119209 1
0.5112965261290602 1
0.512352026873508 1
0.5124167363967894 1
0.5127142355779083 1
0.5128871837142931 1
0.5129777535221565 1
0.5136275310646564 1
0.5136938502845955 1
0.5150244427574411 1
0.5159884176612356 1
0.516833437959386 1
0.5176890844873754 1
0.5178635597963174 1
0.5182483851179636 1
0.5195555751022893 1
0.51957246290807 1
0.5198628687703598 1
0.5208401773613106 1
0.5218748414389892 1
0.5223982274337888 1
0.5224018903754446 1
0.5229155104755921 1
0.5231790080037567 1
0.5237724235801511 1
0.5243682008536376 1
0.5247224954044294 1
0.5248406810291766 1
0.5263028619174356 1
0.526971633848928 1
0.5279464405744166 1
0.5287986931918703 1
0.5303039741901558 1
0.5308165262358115 1
0.5308488524628793 1
0.530948536038975 1
0.5315781092072213 1
0.5316188993987214 1
0.5319297877536333 1
0.5322247459368074 1
0.5322807389555176 1
0.53240669896662 1
0.5333179101881581 1
0.5352770834757936 1
0.5359118917011919 1
0.5360797858609886 1
0.5365157648668193 1
0.537054322518511 1
0.5388471628541145 1
0.538917266478945 1
0.5391668644530627 1
0.5394474385239024 1
0.5399925356007226 1
0.5404124092027511 1
0.5419306366209705 1
0.5470416641563844 1
0.547850326677234 1
0.5480104083938395 1
0.5509045288079485 1
0.5522408111117452 1
0.5523515888951611 1
0.5525554844659012 1
0.5527096981823586 1
0.5583184322373493 1
0.5657029338397165 1
0.5669324713420921 1
0.5763001262123096 1
