
 0.488
 0.518
 0.455
 0.451
 0.500
 0.459
 0.513
 0.489
 0.506
 0.524
 0.576
 0.452
 0.514
 0.567
 0.484
 0.551
 0.488
 0.506
 0.500
 0.408
 0.505
 0.518
 0.450
 0.495
 0.558
 0.499
 0.477
 0.488
 0.525
 0.472
 0.484
 0.432
 0.524
 0.521
 0.476
 0.522
 0.502
 0.522
 0.441
 0.515
 0.535
 0.468
 0.489
 0.514
 0.536
 0.464
 0.445
 0.452
 0.490
 0.476
 0.522
 0.432
 0.478
 0.531
 0.504
 0.470
 0.526
 0.457
 0.469
 0.506
 0.482
 0.469
 0.532
 0.530
 0.532
 0.513
 0.477
 0.501
 0.507
 0.532
 0.485
 0.539
 0.532
 0.473
 0.516
 0.456
 0.479
 0.525
 0.482
 0.547
 0.513
 0.512
 0.457
 0.456
 0.552
 0.490
 0.417
 0.470
 0.500
 0.463
 0.483
 0.520
 0.471
 0.498
 0.478
 0.510
 0.518
 0.477
 0.501
 0.493
 0.548
 0.481
 0.469
 0.510
 0.487
 0.537
 0.523
 0.487
 0.509
 0.484
 0.489
 0.458
 0.430
 0.501
 0.459
 0.491
 0.454
 0.520
 0.441
 0.498
 0.468
 0.566
 0.533
 0.498
 0.471
 0.434
 0.501
 0.508
 0.482
 0.523
 0.466
 0.536
 0.498
 0.476
 0.491
 0.539
 0.537
 0.540
 0.478
 0.479
 0.520
 0.553
 0.462
 0.500
 0.456
 0.502
 0.529
 0.512
 0.517
 0.462
 0.532
 0.501
 0.539
 0.438
 0.492
 0.458
 0.489
 0.479
 0.501
 0.511
 0.444
 0.468
 0.505
 0.492
 0.487
 0.500
 0.539
 0.438
 0.487
 0.540
 0.553
 0.504
 0.470
 0.467
 0.471
 0.542
 0.494
 0.479
 0.489
 0.460
 0.506
 0.511
 0.548
 0.527
 0.496
 0.528
 0.532
 0.510
 0.494
 0.498
 0.531
 0.494
 0.469
 0.490
 0.503
 0.492
 0.507
 0.531
 0.511
 0.552

