
 0.467
 0.551
 0.645
 0.650
 0.721
 0.766
 0.791
 0.778
 0.789
 0.790
 0.796
 0.796
 0.796
 0.796
 0.796
 0.796
 0.796
 0.796
 0.796
 0.796
 0.796
 0.796
 0.796
 0.796
 0.796
 0.796
 0.796
 0.796
 0.796
 0.796
 0.796
 0.796
 0.796
 0.796
 0.796
 0.796
 0.796
 0.796
 0.796
 0.796
 0.796
 0.796
 0.796
 0.796
 0.796
 0.796
 0.796
 0.796
 0.796
 0.796
 0.796
 0.796
 0.796
 0.796
 0.796
 0.796
 0.796
 0.796
 0.796
 0.796
 0.796
 0.796
 0.796
 0.796
 0.796
 0.796
 0.796
 0.796
 0.796
 0.796
 0.796
 0.796
 0.796
 0.796
 0.796
 0.796
 0.796
 0.796
 0.796
 0.796
 0.796
 0.796
 0.796
 0.796
 0.796
 0.796
 0.796
 0.796
 0.796
 0.796
 0.796
 0.796
 0.796
 0.796
 0.796
 0.796
 0.796
 0.796
 0.796
 0.796
 0.796
 0.796
 0.796
 0.796
 0.796
 0.796
 0.796
 0.796
 0.796
 0.796
 0.796
 0.796
 0.796
 0.796
 0.796
 0.796
 0.796
 0.796
 0.796
 0.796
 0.796
 0.796
 0.796
 0.796
 0.796
 0.796
 0.796
 0.796
 0.796
 0.796
 0.796
 0.796
 0.796
 0.796
 0.796
 0.796
 0.796
 0.796
 0.796
 0.796
 0.796
 0.796
 0.796
 0.796
 0.796
 0.796
 0.796
 0.796
 0.796
 0.796
 0.796
 0.796
 0.796
 0.796
 0.796
 0.796
 0.796
 0.796
 0.796
 0.796
 0.796
 0.796
 0.796
 0.796
 0.796
 0.796
 0.796
 0.796
 0.796
 0.796
 0.796
 0.796
 0.796
 0.796
 0.796
 0.796
 0.796
 0.796
 0.796
 0.796
 0.796
 0.796
 0.796
 0.796
 0.796
 0.796
 0.796
 0.796
 0.796
 0.796
 0.796
 0.796
 0.796
 0.796
 0.796
 0.796
 0.796
 0.796
 0.796
 0.796

