0.440403172093607 1
0.441985178673428 1
0.4425528120989478 1
0.44676938278005063 1
0.46078626476503004 1
0.4622215672805096 1
0.46410771622777824 1
0.4687795194214639 1
0.4692946699344071 1
0.4696192239522449 1
0.4702066374190196 1
0.47052152764189054 1
0.4737769590004529 1
0.4740415662906478 1
0.474596024624088 1
0.4807111026340487 1
0.4823101344386195 1
0.48337719157932857 1
0.4835759687873281 1
0.48413219693982107 1
0.485826943198934 1
0.48592801777222516 1
0.48665153926007165 1
0.4887127263934705 1
0.48887502299825314 1
0.489005896892046 1
0.4912922218842439 1
0.49178575169185607 1
0.49201625119968406 1
0.4921976637432316 1
0.49311784520130175 1
0.4932286810697186 1
0.4936784989349076 1
0.49378472036854326 1
0.4938414951823919 1
0.49396847927810095 1
0.49426922648362387 1
0.4967294880103138 1
0.4977502560883796 1
0.4983176307990891 1
0.49851430242247086 1
0.49857027915541474 1
0.4990524302717222 1
0.4994831135573176 1
0.49975512542043143 1
0.5003565450152673 1
0.5005723147553846 1
0.5006299775913942 1
0.5023549872180793 1
0.5024074099733405 1
0.5024360868095868 1
0.5025778738071005 1
0.5027616781026265 1
0.5029698542287665 1
0.5035286395483812 1
0.503532182068485 1
0.503534418029872 1
0.5045060547710952 1
0.5055572541235136 1
0.5059437729742097 1
0.5061079831389377 1
0.5061972511642879 1
0.5082192798875456 1
0.5083422107416807 1
0.5085713495012314 1
0.5086141351435799 1
0.5099029980592333 1
0.5099735726978953 1
0.5100756057332041 1
0.5106659830394452 1
0.5113159306999876 1
0.5116541620339902 1
0.5116868960591259 1
0.5118416345008168 1
0.5123507688347977 1
0.5126681956254137 1
0.5129085500041266 1
0.5129152242724974 1
0.513676728981773 1
0.5138391893151187 1
0.5140139239768157 1
0.5140871480580124 1
0.5145849505092902 1
0.5146581252842578 1
0.5154997053899604 1
0.5160623692743623 1
0.5168439532446246 1
0.5168690510667687 1
0.516978338926794 1
0.5175278739235969 1
0.517535900903017 1
0.5181656808280046 1
0.5192346916664692 1
0.5195407565320163 1
0.5197710709249477 1
0.5198702428825919 1
0.5204698098896845 1
0.521148047980137 1
0.5212733930486056 1
0.5212912658774762 1
0.5229329743977607 1
0.5231169156568023 1
0.5231312839053737 1
0.5231873267159586 1
0.5232435816371696 1
0.524591668929748 1
0.5267662384967298 1
0.5282440335170506 1
0.5282813860752354 1
0.5284992729614003 1
0.5293577457238525 1
0.5313755754518974 1
0.5323700389117103 1
0.5324401617693859 1
0.5328045417805285 1
0.533497833426987 1
0.5336802960780941 1
0.5340180130091191 1
0.5348873257582586 1
0.5349327473898257 1
0.5350035258093336 1
0.5351605534317301 1
0.5367233714086866 1
0.5367420928067155 1
0.5374550463618424 1
0.537456731556452 1
0.5375041508908358 1
0.537979669365014 1
0.5383593932688112 1
0.538390726153594 1
0.5385739771728172 1
0.5390232517282493 1
0.5390509923872936 1
0.5393101543568297 1
0.5397411119429188 1
0.5401939356474301 1
0.5402506752332724 1
0.5406022113955828 1
0.540610978596083 1
0.5408143329291296 1
0.5409715380053425 1
0.5414944448467011 1
0.5417037438514168 1
0.5424703157933515 1
0.5427421357174518 1
0.5427495976687614 1
0.5427677364046546 1
0.5437071224621413 1
0.5438244622671344 1
0.5442041317183964 1
0.54476244927261 1
0.5449836252200674 1
0.5451034177483559 1
0.5451532580207769 1
0.5452253840342559 1
0.54536473961268 1
0.5453885309587304 1
0.5458266066079648 1
0.5472648616745505 1
0.5473887141728826 1
0.5481562355969908 1
0.5486410492546728 1
0.5496683715107035 1
0.549672013243163 1
0.5499492233431659 1
0.5500614499163973 1
0.5501328209211567 1
0.5503125255310599 1
0.5511448358607126 1
0.5513836342526761 1
0.5513981483045177 1
0.5519834588251772 1
0.5521537838144355 1
0.5532577577666475 1
0.5534944387063179 1
0.5537523968924822 1
0.5540122622120964 1
0.5540763386981932 1
0.5543712487344898 1
0.5571242561674148 1
0.5575545224089868 1
0.5588309107361363 1
0.560021306935847 1
0.561070309224945 1
0.5622138748668398 1
0.5657506225729547 1
0.5665727799294252 1
0.5671431631092356 1
0.5701692584708911 1
0.5742061790687399 1
0.5780241754458811 1
0.5786236918593202 1
0.5786381667381589 1
0.5787153159479117 1
0.5819919208051143 1
0.5842175138730527 1
0.5882441526994989 1
0.5882760533706104 1
0.5986221624906424 1
0.6070072165000177 1
