
 0.469
 0.523
 0.489
 0.550
 0.550
 0.497
 0.567
 0.482
 0.501
 0.520
 0.559
 0.551
 0.471
 0.491
 0.512
 0.514
 0.503
 0.541
 0.500
 0.498
 0.528
 0.527
 0.504
 0.554
 0.541
 0.545
 0.523
 0.554
 0.554
 0.540
 0.498
 0.523
 0.504
 0.518
 0.560
 0.486
 0.510
 0.541
 0.501
 0.544
 0.553
 0.607
 0.511
 0.516
 0.550
 0.533
 0.534
 0.512
 0.494
 0.545
 0.505
 0.538
 0.537
 0.552
 0.523
 0.442
 0.518
 0.539
 0.558
 0.484
 0.514
 0.535
 0.500
 0.515
 0.546
 0.499
 0.484
 0.550
 0.553
 0.537
 0.582
 0.512
 0.550
 0.544
 0.443
 0.520
 0.502
 0.521
 0.540
 0.532
 0.486
 0.566
 0.515
 0.579
 0.517
 0.461
 0.508
 0.520
 0.562
 0.579
 0.537
 0.509
 0.514
 0.470
 0.469
 0.493
 0.511
 0.506
 0.521
 0.502
 0.474
 0.547
 0.440
 0.503
 0.543
 0.538
 0.492
 0.574
 0.513
 0.541
 0.470
 0.588
 0.506
 0.513
 0.528
 0.541
 0.529
 0.551
 0.517
 0.549
 0.531
 0.481
 0.519
 0.557
 0.538
 0.533
 0.489
 0.545
 0.518
 0.540
 0.545
 0.532
 0.514
 0.554
 0.494
 0.534
 0.512
 0.513
 0.483
 0.535
 0.508
 0.494
 0.525
 0.499
 0.584
 0.504
 0.474
 0.542
 0.545
 0.506
 0.492
 0.521
 0.579
 0.599
 0.548
 0.547
 0.550
 0.492
 0.489
 0.561
 0.570
 0.542
 0.578
 0.544
 0.462
 0.493
 0.475
 0.551
 0.538
 0.539
 0.494
 0.567
 0.509
 0.487
 0.494
 0.517
 0.543
 0.510
 0.523
 0.499
 0.588
 0.539
 0.510
 0.537
 0.535
 0.499
 0.535
 0.506
 0.503
 0.545
 0.552
 0.539
 0.464
 0.528
 0.515
 0.545
 0.543
 0.447
 0.502
 0.520

