0.43750933180555207 1
0.43825891206993167 1
0.4405021125140667 1
0.4436723443553998 1
0.44568722283004497 1
0.44755783805004695 1
0.44787214300190614 1
0.4497003097634596 1
0.4531925656834674 1
0.4536144261367746 1
0.45437031490929036 1
0.45517981174497585 1
0.455732506915926 1
0.45727176734927594 1
0.45779727581944607 1
0.45797285315434716 1
0.45801877613954695 1
0.4580609475158661 1
0.4599804492935183 1
0.4601989716300004 1
0.46086331702366023 1
0.4614872374602818 1
0.46197910356773536 1
0.46237214959477557 1
0.46247899857597063 1
0.46264129355421213 1
0.4635417453420773 1
0.464376041146185 1
0.46442732947191545 1
0.46450636483898194 1
0.46516451464161784 1
0.4654850796688419 1
0.4657174375487967 1
0.4666744258547874 1
0.4672813322068024 1
0.46786360839442614 1
0.46916576781056435 1
0.471373284253126 1
0.4719998015043385 1
0.47203606199268117 1
0.472161012440302 1
0.472183596222296 1
0.47316372625075137 1
0.4742883740939348 1
0.47429506072386746 1
0.4743061757658101 1
0.47559352716771186 1
0.47646721092434063 1
0.47755804607546465 1
0.47782580235525723 1
0.47818502862423573 1
0.4786567241266679 1
0.47877969732273074 1
0.4788038510898469 1
0.47970746439372364 1
0.48052147016436536 1
0.4808275377905673 1
0.4809766113671053 1
0.4810679565783503 1
0.4812008574536022 1
0.48125832229934995 1
0.4814509977945605 1
0.48201392253909076 1
0.4821819196692995 1
0.483067966023684 1
0.48316495593485825 1
0.48327033905641736 1
0.48388547698020223 1
0.48407207281601683 1
0.4842445848419763 1
0.48438121266699924 1
0.48504497491815846 1
0.4855567852586604 1
0.48573870891513615 1
0.4860212441887677 1
0.48737143322757 1
0.4877259070938652 1
0.4885298322130074 1
0.4898710829290699 1
0.4903165513964136 1
0.49076493990963266 1
0.4911080991593313 1
0.49123362427254835 1
0.49193188732039717 1
0.4919461871647431 1
0.49347453011006953 1
0.49370628246049647 1
0.4940586400407821 1
0.49429427872718196 1
0.49434889461355164 1
0.49445992992314886 1
0.4945639550970195 1
0.4949062414578264 1
0.49517984035557744 1
0.4952306937863936 1
0.49543163683086555 1
0.49577704380057014 1
0.49624070931174463 1
0.4962661371033908 1
0.49635996351737843 1
0.49653002925383305 1
0.49672541224946565 1
0.4971373876407984 1
0.4977313227374174 1
0.49782274593742604 1
0.497937354764369 1
0.49808411753957915 1
0.4981113589976308 1
0.4982716944544125 1
0.4984766491638981 1
0.49854213096992694 1
0.49872254251404896 1
0.4988591780839824 1
0.49941615034660203 1
0.49970467587850564 1
0.500564207888451 1
0.5012651881992548 1
0.501883862525153 1
0.5019420243032358 1
0.5030639914957088 1
0.5030667547865886 1
0.5032838938360997 1
0.5036031318024414 1
0.5039679870581031 1
0.504261279043931 1
0.5044020746341533 1
0.5050680033136273 1
0.505936104269783 1
0.5061178272093875 1
0.5064109815523444 1
0.5066005972860067 1
0.5067675605270339 1
0.5067754971301277 1
0.5071125209505591 1
0.507220835612944 1
0.5074053920007634 1
0.5076265655693674 1
0.508873774066211 1
0.5088986469029141 1
0.5092845468598747 1
0.5096098698858921 1
0.5097145936326961 1
0.5100740676553414 1
0.5100863014308517 1
0.510424322563343 1
0.511276029255349 1
0.5118573698747725 1
0.5123798209859435 1
0.5127605046806731 1
0.5133173351309579 1
0.5138419938612866 1
0.514768650754418 1
0.5147766039719943 1
0.514796583060481 1
0.5155310748934719 1
0.5167620295119627 1
0.5183095260184316 1
0.5197113247625843 1
0.5197332770324291 1
0.5201724776708713 1
0.5202313759020821 1
0.5209920668663501 1
0.5214089046339495 1
0.5215269087683702 1
0.5216302265925552 1
0.5219562976222264 1
0.5221738220973634 1
0.5222907326766292 1
0.5223349664863395 1
0.5226475890166504 1
0.5230505451261127 1
0.5242412206202115 1
0.5245575229623318 1
0.5249891278289635 1
0.525635087522093 1
0.5256469739638019 1
0.5275597845758034 1
0.5275935210265277 1
0.5307045670510769 1
0.5320313609417154 1
0.5330894210892747 1
0.533426966678139 1
0.534816118387154 1
0.5355561105682873 1
0.5364594329161722 1
0.5371480069715738 1
0.5386637920885091 1
0.5417915341721122 1
0.5435131662403294 1
0.543772892957925 1
0.5439224469605124 1
0.5467354037179051 1
0.5473695184714863 1
0.5474859824576883 1
0.5478287519213838 1
0.5490805537574929 1
0.549526033808483 1
0.5561885482790243 1
0.5566403243387407 1
0.5575702601576178 1
