0 36
1 37
0 43
0 36
0 46
1 49
1 37
1 45
0 35
1 38
1 41
0 35
0 44
1 40
1 32
0 52
1 36
1 40
1 57
0 38
0 48
1 31
0 48
0 53
1 50
0 55
1 47
1 42
0 48
0 48
1 47
1 37
0 42
1 37
1 36
1 51
0 54
1 46
0 44
1 37
1 29
0 50
1 47
0 38
1 35
1 46
1 41
0 43
0 46
0 51
0 46
0 45
0 53
0 38
1 42
0 30
1 44
0 47
0 38
0 45
0 36
0 46
0 51
0 38
1 38
1 42
1 40
1 36
0 47
1 33
0 38
1 44
1 52
0 44
0 41
0 36
1 47
1 41
0 51
1 50
1 39
0 36
1 39
0 48
1 27
1 48
1 44
0 45
1 42
0 35
0 34
0 41
0 39
0 31
1 39
0 31
0 51
1 44
1 36
1 43
0 30
0 32
1 47
0 37
0 42
1 32
1 45
0 40
1 47
1 33
1 44
1 49
1 47
0 42
0 41
1 39
1 42
0 42
0 51
1 45
1 44
0 48
1 37
1 41
1 43
1 46
0 54
0 42
1 43
1 32
1 47
0 44
0 39
1 40
1 52
0 45
1 45
1 41
1 51
0 49
1 52
0 39
1 29
0 43
0 38
1 42
1 47
1 42
1 52
1 40
1 41
1 35
0 37
1 32
0 48
1 40
0 32
1 39
0 47
0 32
0 59
1 47
1 46
0 42
1 46
0 48
0 59
0 37
1 50
1 35
1 48
1 35
1 45
1 41
1 32
0 43
0 49
0 36
0 43
0 50
0 45
1 44
0 56
1 39
0 42
0 46
1 37
0 46
0 39
0 39
1 50
0 54
1 40
1 43
1 47
0 39
0 42
1 46
0 40
0 55
