0.5198219200772857 1
0.5228332992668877 1
0.5257113970831881 1
0.5271599660894315 1
0.5287037360766044 1
0.5301332648866617 1
0.5316389544814628 1
0.5331065636838919 2
0.5331636842724495 1
0.5345360924939491 1
0.5345741728863209 1
0.5360037016963783 1
0.5360227418925643 1
0.5375093912911791 1
0.5375093912911794 1
0.5375284314873653 1
0.5375665118797371 1
0.5389960406897945 1
0.5390341210821662 1
0.5404065293036658 1
0.5404636498922235 1
0.5404826900884094 2
0.5405017302845954 1
0.5405017302845955 1
0.5419122188984669 1
0.5419312590946528 3
0.5419502992908387 6
0.5419693394870245 1
0.5419693394870246 2
0.5433988682970821 1
0.5434369486894538 1
0.5448474373033252 1
0.5448664774995111 1
0.5448664774995112 1
0.544885517695697 1
0.5449045578918829 1
0.5463150465057544 1
0.5463150465057545 1
0.5463340867019403 3
0.5463340867019404 1
0.5463531268981261 1
0.5463531268981262 2
0.5463531268981263 1
0.546391207290498 2
0.5478016959043694 1
0.5478207361005553 1
0.5478207361005554 2
0.5478397762967412 1
0.5478397762967413 2
0.5478588164929271 2
0.5478588164929272 1
0.5478778566891132 1
0.5492502649106128 1
0.5492883453029844 1
0.5492883453029845 1
0.5493073854991704 2
0.5493073854991705 2
0.5493073854991706 1
0.5493264256953563 2
0.5493264256953564 2
0.5493454658915422 1
0.5507369143092278 1
0.5507369143092279 2
0.5507559545054136 1
0.5507559545054137 3
0.5507559545054138 1
0.5507749947015995 2
0.5507749947015997 1
0.5507940348977856 2
0.5507940348977857 1
0.5508130750939714 1
0.5522235637078429 2
0.5522426039040288 3
0.5522426039040289 1
0.5522616441002146 1
0.5522616441002147 5
0.5536530925179002 1
0.553691172910272 2
0.553710213106458 2
0.5537292533026439 3
0.5537482934988297 1
0.5537482934988298 1
0.5537863738912017 1
0.5551397419165154 1
0.5551587821127012 1
0.5551587821127013 1
0.5551587821127014 1
0.555177822308887 1
0.5551778223088871 5
0.5551778223088872 2
0.555196862505073 2
0.5551968625050732 3
0.5552159027012589 3
0.555215902701259 3
0.5552159027012591 1
0.5552349428974448 2
0.5566263913151304 1
0.5566454315113163 4
0.5566454315113164 1
0.5566644717075021 1
0.5566644717075022 7
0.5566644717075023 2
0.5567025520998741 1
0.5580940005175595 3
0.5580940005175596 1
0.5581130407137455 3
0.5581320809099313 1
0.5581320809099314 5
0.5581320809099315 1
0.5581511211061172 3
0.5581511211061173 7
0.5581701613023032 2
0.5595806499161745 1
0.5595806499161746 2
0.5595806499161747 5
0.5595996901123604 4
0.5595996901123605 4
0.5596187303085464 2
0.5596187303085465 3
0.5596377705047323 5
0.5596377705047324 2
0.5596377705047325 1
0.5596568107009181 1
0.5596568107009182 1
0.5596568107009183 1
0.561029218922418 1
0.5610482591186039 1
0.5610672993147897 4
0.5610672993147898 2
0.5610863395109755 2
0.5610863395109756 9
0.5611053797071615 2
0.5611053797071616 6
0.5611053797071617 1
0.562515868321033 3
0.5625158683210331 1
0.5625349085172189 3
0.562534908517219 3
0.5625539487134047 3
0.5625539487134048 7
0.5625729889095905 2
0.5625729889095906 1
0.5625729889095907 9
0.5625920291057764 1
0.5625920291057765 1
0.5625920291057767 2
0.5625920291057768 1
0.5640025177196479 1
0.564002517719648 4
0.5640025177196482 4
0.5640215579158339 1
0.564021557915834 2
0.5640215579158341 5
0.5640405981120198 4
0.5640405981120199 6
0.56404059811202 4
0.5640596383082057 1
0.5640596383082058 2
0.5640786785043916 1
0.5640786785043918 1
0.5654510867258912 1
0.5654701269220772 1
0.5654891671182631 6
0.5654891671182632 4
0.565508207314449 2
0.5655082073144491 16
0.5655082073144492 3
0.565527247510635 7
0.5655462877068208 2
0.5655462877068209 2
0.5669377361245064 5
0.5669567763206923 10
0.5669567763206924 2
0.5669758165168781 3
0.5669758165168782 8
0.5669758165168783 1
0.566994856713064 2
0.5669948567130642 8
0.5669948567130643 1
0.56701389690925 1
0.5683863051307497 1
0.5684053453269357 4
0.5684243855231215 4
0.5684243855231216 11
0.5684434257193073 3
0.5684434257193074 12
0.5684434257193075 6
0.5684624659154933 8
0.5684624659154934 5
0.5684815061116791 1
0.5684815061116792 4
0.5685005463078651 1
0.568519586504051 1
0.5698729545293648 1
0.5698919947255506 3
0.5698919947255507 6
0.5699110349217364 9
0.5699110349217366 5
0.5699110349217367 4
0.5699300751179224 9
0.5699300751179225 10
0.5699300751179226 3
0.5699491153141083 8
0.5699491153141084 3
0.5699681555102942 1
0.5713596039279798 1
0.5713596039279799 4
0.5713786441241656 1
0.5713786441241657 10
0.5713786441241658 2
0.5713976843203515 2
0.5713976843203517 20
0.5713976843203518 3
0.5714167245165375 2
0.5714167245165376 7
0.5714167245165377 4
0.5714357647127235 1
0.5714357647127236 1
0.5728081729342231 1
0.5728272131304089 1
0.572827213130409 1
0.5728272131304091 3
0.5728272131304092 2
0.5728462533265948 3
0.5728462533265949 1
0.572846253326595 8
0.5728462533265951 1
0.5728652935227807 1
0.5728652935227808 7
0.5728652935227809 14
0.5728843337189666 5
0.5728843337189667 8
0.5728843337189669 3
0.5729033739151527 2
0.5729033739151528 1
0.574294822332838 1
0.5742948223328381 1
0.5742948223328382 5
0.5743138625290239 4
0.574313862529024 8
0.5743138625290242 5
0.5743329027252099 7
0.57433290272521 5
0.5743329027252101 7
0.5743519429213958 8
0.5743519429213959 8
0.574351942921396 2
0.5743709831175817 4
0.5757624315352674 4
0.5757814717314532 5
0.5757814717314533 4
0.5757814717314534 1
0.5758005119276391 15
0.5758005119276393 5
0.5758005119276394 1
0.5758195521238251 17
0.5758195521238252 4
0.5758195521238253 1
0.5758385923200109 4
0.575838592320011 5
0.5758576325161969 2
0.5758766727123826 1
0.5772300407376965 1
0.5772300407376967 1
0.5772490809338824 2
0.5772490809338826 1
0.5772681211300682 1
0.5772681211300683 21
0.5772681211300684 3
0.5772681211300685 1
0.5772871613262542 17
0.5772871613262543 1
0.57730620152244 5
0.5773062015224402 13
0.577325241718626 1
0.5773252417186261 5
0.5773252417186262 1
0.5773442819148119 2
0.5787166901363114 1
0.5787166901363116 1
0.5787166901363117 3
0.5787357303324974 1
0.5787357303324975 4
0.5787357303324976 9
0.5787547705286833 1
0.5787547705286834 8
0.5787547705286835 8
0.5787738107248692 7
0.5787738107248693 7
0.5787738107248694 6
0.578792850921055 1
0.5787928509210551 4
0.5787928509210553 1
0.5787928509210554 1
0.5788118911172412 1
0.5801652591425549 2
0.580165259142555 1
0.5801842993387407 1
0.5801842993387409 1
0.5802033395349266 9
0.5802033395349268 4
0.5802033395349269 1
0.5802223797311125 2
0.5802223797311126 18
0.5802223797311127 7
0.5802223797311128 3
0.5802414199272984 1
0.5802414199272985 15
0.5802414199272986 4
0.5802604601234844 8
0.5802604601234845 2
0.5802795003196702 1
0.5802795003196703 3
0.5816328683449842 1
0.5816709487373558 4
0.5816899889335416 3
0.5816899889335417 16
0.5816899889335418 5
0.581689988933542 2
0.5817090291297276 3
0.5817090291297277 19
0.5817090291297278 4
0.5817090291297279 1
0.5817280693259135 4
0.5817280693259136 11
0.5817471095220994 4
0.5817471095220995 1
0.5831004775474132 1
0.583119517743599 1
0.5831195177435992 1
0.583138557939785 1
0.5831385579397851 8
0.5831575981359708 1
0.5831575981359709 3
0.583157598135971 10
0.5831575981359711 1
0.5831766383321567 5
0.5831766383321568 14
0.5831766383321569 14
0.583176638332157 1
0.5831956785283426 6
0.5831956785283428 8
0.5831956785283429 3
0.5832147187245286 1
0.5832147187245287 2
0.5832147187245288 4
0.5832337589207145 1
0.5845871269460283 2
0.5846061671422141 1
0.5846061671422143 8
0.5846252073384001 6
0.5846252073384002 11
0.584644247534586 19
0.5846442475345861 10
0.5846632877307718 4
0.5846632877307719 20
0.584663287730772 8
0.5846823279269577 1
0.5846823279269578 7
0.5847013681231438 2
0.5860737763446433 1
0.5860928165408291 1
0.5860928165408292 6
0.5860928165408293 2
0.5860928165408295 2
0.586111856737015 2
0.5861118567370152 22
0.5861118567370153 8
0.5861118567370154 1
0.586130896933201 6
0.5861308969332011 30
0.5861308969332012 2
0.5861499371293869 2
0.586149937129387 15
0.5861499371293871 1
0.5861689773255729 4
0.5875413855470726 1
0.5875413855470727 1
0.5875604257432584 4
0.5875604257432585 11
0.5875794659394442 4
0.5875794659394443 6
0.5875794659394444 16
0.5875985061356301 3
0.5875985061356302 24
0.5875985061356304 15
0.5876175463318161 6
0.5876175463318162 9
0.5876175463318163 5
0.5876175463318164 1
0.587636586528002 1
0.5876365865280021 2
0.5890089947495016 1
0.5890280349456876 5
0.5890280349456877 6
0.5890470751418735 10
0.5890470751418736 13
0.5890661153380593 1
0.5890661153380594 16
0.5890661153380595 7
0.5890851555342452 1
0.5890851555342453 12
0.5890851555342455 6
0.5891041957304313 6
0.5891041957304314 1
0.5891232359266172 1
0.5891232359266173 1
0.5904766039519309 1
0.5904956441481167 1
0.5904956441481168 1
0.590495644148117 2
0.5905146843443025 1
0.5905146843443027 12
0.5905146843443028 9
0.5905146843443029 3
0.5905337245404885 1
0.5905337245404886 25
0.5905337245404887 12
0.5905337245404888 2
0.5905527647366744 1
0.5905527647366745 22
0.5905527647366746 1
0.5905527647366747 1
0.5905718049328603 2
0.5905718049328604 11
0.5905908451290461 1
0.5905908451290462 1
0.5905908451290464 2
0.591963253350546 4
0.5919822935467318 3
0.5919822935467319 11
0.5920013337429176 1
0.5920013337429177 15
0.5920013337429179 25
0.592001333742918 1
0.5920203739391036 5
0.5920203739391037 13
0.5920203739391038 19
0.5920203739391039 1
0.5920394141352895 5
0.5920394141352896 5
0.5920394141352897 5
0.5920584543314754 3
0.5920584543314756 1
0.5920774945276615 2
0.5934308625529751 2
0.5934308625529752 2
0.5934499027491609 1
0.593449902749161 3
0.5934499027491611 6
0.5934499027491612 1
0.5934689429453468 2
0.5934689429453469 5
0.593468942945347 18
0.5934879831415327 5
0.5934879831415328 11
0.593487983141533 11
0.5935070233377187 6
0.5935070233377188 9
0.5935070233377189 8
0.5935260635339046 4
0.5935260635339047 3
0.5935260635339048 1
0.5935641439262765 1
0.5949175119515901 4
0.5949175119515903 3
0.5949365521477761 16
0.5949365521477762 12
0.5949365521477763 6
0.5949555923439619 2
0.594955592343962 34
0.5949555923439621 15
0.5949555923439622 2
0.5949746325401478 5
0.5949746325401479 18
0.594974632540148 5
0.5949746325401482 1
0.5949936727363337 1
0.5949936727363339 11
0.5950127129325198 1
0.5963851211540193 1
0.5963851211540194 3
0.5963851211540195 1
0.5964041613502052 1
0.5964041613502054 11
0.5964041613502055 1
0.5964232015463912 13
0.5964232015463913 23
0.596442241742577 5
0.5964422417425771 15
0.5964422417425772 20
0.5964422417425773 1
0.596461281938763 10
0.5964612819387631 6
0.5964803221349488 3
0.596480322134949 2
0.5964803221349491 3
0.5978527303564484 1
0.5978527303564486 1
0.5978717705526344 6
0.5978717705526345 13
0.5978717705526346 1
0.5978908107488202 3
0.5978908107488203 9
0.5978908107488204 28
0.5978908107488206 1
0.5979098509450061 8
0.5979098509450063 14
0.5979098509450064 27
0.5979288911411921 3
0.5979288911411922 13
0.5979288911411923 5
0.597947931337378 2
0.5979479313373781 1
0.5979479313373782 1
0.5993203395588776 2
0.5993203395588778 1
0.5993393797550636 4
0.5993393797550637 7
0.5993393797550638 8
0.5993584199512495 20
0.5993584199512496 11
0.5993584199512497 7
0.5993774601474353 2
0.5993774601474354 24
0.5993774601474355 4
0.5993774601474356 2
0.5993965003436212 4
0.5993965003436214 26
0.5993965003436215 3
0.5994155405398071 1
0.5994155405398073 4
0.5994155405398074 1
0.5994345807359932 2
0.6008069889574928 2
0.6008260291536786 1
0.6008260291536787 21
0.6008260291536788 6
0.6008260291536789 3
0.6008450693498646 25
0.6008450693498647 10
0.6008450693498648 1
0.6008641095460504 3
0.6008641095460505 32
0.6008641095460506 7
0.6008641095460507 2
0.6008831497422363 1
0.6008831497422364 5
0.6008831497422366 1
0.6009021899384223 1
0.6009021899384224 1
0.602274598159922 2
0.6022745981599221 1
0.6022936383561077 1
0.6022936383561078 4
0.6022936383561079 13
0.6023126785522936 1
0.6023126785522938 12
0.6023126785522939 30
0.6023317187484796 4
0.6023317187484797 12
0.6023317187484798 16
0.6023507589446655 6
0.6023507589446656 4
0.6023507589446657 3
0.6023697991408514 1
0.6023697991408515 1
0.6023697991408516 2
0.6037231671661653 1
0.6037422073623512 2
0.6037422073623513 1
0.603761247558537 6
0.6037612475585371 6
0.6037612475585372 4
0.6037802877547228 1
0.6037802877547229 17
0.603780287754723 16
0.6037802877547231 6
0.6037993279509088 19
0.603799327950909 9
0.6037993279509091 2
0.6038183681470947 1
0.6038183681470948 9
0.6038183681470949 3
0.6038374083432806 1
0.6038374083432807 4
0.6038374083432808 1
0.6052288567609662 2
0.6052288567609663 8
0.6052288567609664 3
0.6052478969571521 16
0.6052478969571522 12
0.6052478969571523 1
0.6052669371533379 1
0.605266937153338 15
0.6052669371533381 11
0.6052669371533382 3
0.6052859773495238 2
0.6052859773495239 23
0.605285977349524 4
0.6052859773495242 1
0.6053050175457098 1
0.6053050175457099 5
0.6066774257672095 2
0.6066964659633953 1
0.6066964659633954 6
0.6066964659633955 2
0.6067155061595813 2
0.6067155061595814 17
0.6067155061595815 2
0.6067345463557672 10
0.6067345463557673 25
0.6067345463557674 1
0.606753586551953 7
0.6067535865519531 9
0.6067535865519532 20
0.6067535865519533 1
0.6067726267481389 6
0.606772626748139 4
0.6067726267481391 6
0.606791666944325 1
0.6068107071405108 1
0.6081640751658246 3
0.6081831153620104 3
0.6081831153620105 19
0.6081831153620106 1
0.6082021555581963 20
0.6082021555581965 28
0.6082021555581966 1
0.6082211957543823 20
0.6082211957543824 13
0.6082402359505681 1
0.6082402359505682 13
0.6082402359505683 2
0.6082592761467539 1
0.608259276146754 1
0.6082592761467541 4
0.6082592761467542 1
0.6096316843682538 1
0.6096316843682539 1
0.6096507245644396 1
0.6096507245644397 5
0.6096507245644398 4
0.6096697647606255 9
0.6096697647606256 15
0.6096697647606257 3
0.6096888049568113 1
0.6096888049568114 20
0.6096888049568115 12
0.6096888049568117 3
0.6097078451529974 8
0.6097078451529975 4
0.6097078451529976 1
0.6097268853491833 3
0.6111183337668689 4
0.611118333766869 1
0.6111373739630546 1
0.6111373739630547 3
0.6111373739630548 22
0.6111373739630549 1
0.6111564141592405 1
0.6111564141592406 7
0.6111564141592407 17
0.6111564141592408 3
0.6111754543554264 1
0.6111754543554265 6
0.6111754543554266 12
0.6111754543554268 1
0.6111944945516125 1
0.6111944945516126 7
0.6112135347477984 1
0.6112135347477985 1
0.612585942969298 1
0.6126049831654838 5
0.612604983165484 12
0.6126049831654841 3
0.6126240233616698 12
0.6126240233616699 22
0.61262402336167 3
0.6126430635578556 1
0.6126430635578557 10
0.6126430635578558 18
0.6126621037540416 10
0.6126621037540417 4
0.6126811439502275 2
0.6140345119755414 1
0.6140535521717272 5
0.6140535521717273 1
0.614072592367913 4
0.6140725923679131 3
0.6140725923679132 6
0.6140916325640989 9
0.614091632564099 12
0.6140916325640992 4
0.6141106727602847 1
0.6141106727602849 27
0.614110672760285 11
0.6141106727602851 3
0.6141297129564708 19
0.6141297129564709 1
0.6141487531526567 1
0.6155211613741565 1
0.6155402015703422 1
0.6155402015703423 14
0.6155402015703424 4
0.6155592417665281 1
0.6155592417665282 18
0.6155592417665283 3
0.6155782819627139 2
0.615578281962714 7
0.6155782819627141 20
0.6155973221588998 3
0.6155973221589 5
0.6155973221589001 9
0.6156163623550859 4
0.615616362355086 3
0.6156354025512717 1
0.6156354025512718 1
0.6170078107727714 3
0.6170078107727717 1
0.6170268509689573 3
0.6170268509689574 14
0.6170268509689575 1
0.6170458911651431 3
0.6170458911651432 6
0.6170458911651433 23
0.6170458911651434 1
0.617064931361329 4
0.6170649313613291 11
0.6170649313613292 13
0.6170649313613293 1
0.6170839715575149 1
0.617083971557515 3
0.6170839715575152 3
0.6184754199752005 1
0.6184754199752006 2
0.6184754199752007 1
0.6184944601713864 3
0.6184944601713865 8
0.6184944601713867 3
0.6185135003675724 12
0.6185135003675725 14
0.6185135003675726 4
0.6185325405637583 16
0.6185325405637584 17
0.6185325405637585 2
0.6185515807599442 10
0.6185515807599443 3
0.6185706209561301 3
0.6199430291776298 3
0.6199430291776299 1
0.6199620693738157 9
0.6199620693738158 6
0.6199811095700015 1
0.6199811095700016 25
0.6199811095700017 4
0.6200001497661873 1
0.6200001497661874 4
0.6200001497661876 17
0.6200001497661877 2
0.6200191899623734 7
0.6200191899623735 7
0.6200382301585593 3
0.6200572703547451 1
0.6214106383800589 1
0.621410638380059 1
0.6214106383800592 1
0.6214296785762449 5
0.621429678576245 1
0.6214487187724307 2
0.6214487187724308 11
0.6214487187724309 2
0.6214677589686165 3
0.6214677589686166 4
0.6214677589686167 25
0.6214867991648024 4
0.6214867991648025 5
0.6214867991648027 7
0.6215058393609885 2
0.6215248795571744 1
0.6215248795571745 1
0.6228972877786739 1
0.622897287778674 2
0.6228972877786741 1
0.6229163279748599 3
0.62291632797486 4
0.6229163279748601 8
0.6229353681710458 8
0.6229353681710459 15
0.622935368171046 8
0.6229544083672317 11
0.6229544083672318 10
0.6229544083672319 2
0.6229734485634176 4
0.6229734485634177 1
0.6229924887596036 1
0.6243648969811031 1
0.6243648969811033 2
0.624383937177289 1
0.6243839371772891 4
0.6243839371772892 7
0.6244029773734749 12
0.624402977373475 14
0.6244029773734752 7
0.6244220175696608 1
0.6244220175696609 15
0.624422017569661 6
0.6244220175696611 3
0.6244410577658468 13
0.6244410577658469 1
0.6258515463797183 10
0.6258515463797184 3
0.6258705865759041 2
0.6258705865759042 17
0.6258705865759043 1
0.6258705865759044 1
0.62588962677209 9
0.6258896267720901 15
0.6259086669682759 1
0.625908666968276 5
0.6259086669682761 9
0.625927707164462 5
0.6259467473606478 2
0.6273191555821475 2
0.6273191555821476 2
0.6273381957783333 2
0.6273381957783334 5
0.6273381957783335 6
0.6273572359745192 5
0.6273572359745193 15
0.6273572359745194 4
0.6273762761707051 10
0.6273762761707052 8
0.627395316366891 5
0.6273953163668912 1
0.6273953163668913 1
0.6274524369554487 1
0.6288058049807624 2
0.6288058049807626 5
0.6288058049807627 3
0.6288248451769484 5
0.6288248451769485 10
0.6288248451769486 5
0.6288438853731343 9
0.6288438853731344 6
0.6288438853731345 6
0.6288629255693202 11
0.6288629255693203 2
0.6302543739870058 1
0.6302543739870059 1
0.6302734141831917 5
0.6302734141831918 2
0.6302924543793776 11
0.6302924543793778 5
0.6303114945755635 4
0.6303114945755636 13
0.6303114945755637 1
0.6303305347717493 1
0.6303305347717494 4
0.6303305347717495 12
0.6303495749679352 1
0.6303495749679353 1
0.631721983189435 1
0.6317410233856208 1
0.6317410233856209 1
0.631741023385621 1
0.6317600635818068 13
0.6317791037779926 3
0.6317791037779927 15
0.6317981439741785 6
0.6317981439741787 11
0.6318171841703645 2
0.6318171841703646 2
0.6318362243665504 1
0.6332086325880502 2
0.6332276727842359 1
0.633227672784236 4
0.6332276727842361 5
0.6332467129804218 6
0.6332467129804219 15
0.633246712980422 2
0.6332657531766077 8
0.6332657531766078 2
0.6332847933727936 3
0.6332847933727939 1
0.6346762417904792 1
0.6346762417904793 1
0.6346952819866651 4
0.6346952819866652 2
0.634714322182851 1
0.6347143221828511 15
0.6347143221828512 1
0.6347333623790369 3
0.634733362379037 12
0.6347524025752227 1
0.6347524025752228 3
0.6347524025752229 2
0.6347904829675947 1
0.6361438509929085 1
0.6361628911890943 4
0.6361819313852801 2
0.6361819313852802 11
0.6361819313852803 2
0.636200971581466 4
0.6362009715814662 9
0.6362009715814663 1
0.636220011777652 2
0.6362200117776521 6
0.6362200117776522 1
0.6362390519738379 2
0.6376114601953375 1
0.6376114601953377 1
0.6376305003915235 2
0.6376305003915236 2
0.6376495405877093 1
0.6376495405877094 3
0.6376495405877095 2
0.6376685807838952 3
0.6376685807838953 6
0.6376685807838954 4
0.6376876209800811 4
0.6376876209800812 4
0.6376876209800814 1
0.6390981095939527 4
0.6391171497901386 5
0.6391171497901387 1
0.6391361899863244 1
0.6391361899863245 6
0.6391361899863246 4
0.6391552301825104 5
0.6391742703786962 1
0.6391742703786963 2
0.6391933105748823 1
0.6405847589925676 1
0.6405847589925677 2
0.640584758992568 1
0.6406037991887535 2
0.6406037991887537 8
0.6406228393849395 5
0.6406228393849396 2
0.6406418795811254 3
0.6406418795811255 3
0.6406609197773114 1
0.6420523681949969 5
0.6420714083911828 6
0.6420714083911829 2
0.6420904485873687 10
0.6420904485873689 1
0.6421094887835546 2
0.6421094887835547 4
0.6421285289797405 1
0.6421285289797406 1
0.643539017593612 8
0.6435390175936121 2
0.6435580577897979 8
0.643558057789798 3
0.6435770979859836 1
0.6435770979859838 7
0.6436151783783555 1
0.645006626796041 1
0.6450066267960411 6
0.645025666992227 3
0.6450256669922271 3
0.6450447071884129 4
0.6450447071884132 1
0.6450637473845988 1
0.6450637473845989 2
0.6464551958022845 1
0.6464742359984703 1
0.6464932761946561 1
0.6464932761946562 9
0.6465123163908421 2
0.6465123163908422 7
0.646531356587028 2
0.6465313565870281 2
0.6465503967832139 1
0.6479228050047134 1
0.6479418452008996 3
0.6479608853970853 1
0.6479608853970855 4
0.6479799255932711 1
0.6479799255932712 4
0.6479799255932714 3
0.647998965789457 2
0.6479989657894571 2
0.648018005985643 1
0.6493904142071429 1
0.6494094544033285 1
0.6494284945995145 1
0.6494284945995146 2
0.6494475347957004 3
0.6494475347957005 3
0.6494665749918863 5
0.6494665749918864 1
0.6494856151880722 1
0.6495046553842581 1
0.6508961038019436 2
0.6508961038019437 1
0.6508961038019438 1
0.6509151439981296 3
0.6509151439981297 1
0.6509341841943153 1
0.6509341841943155 4
0.6509341841943156 4
0.6509532243905014 4
0.6509532243905015 1
0.6523637130043728 2
0.6523827532005587 3
0.6524017933967446 5
0.6524017933967449 1
0.6524208335929306 1
0.6524208335929308 2
0.6538503624029879 3
0.653850362402988 1
0.6538694025991737 1
0.6538694025991738 4
0.6538694025991739 1
0.6538884427953597 5
0.6538884427953598 1
0.6539074829915457 1
0.655317971605417 1
0.6553179716054172 1
0.655337011801603 4
0.6553370118016031 2
0.6553560519977889 1
0.655356051997789 2
0.6567665406116603 1
0.656804621004032 1
0.6568046210040321 1
0.656823661200218 1
0.6568236612002181 1
0.6582531900102755 1
0.6582722302064613 1
0.6582912704026471 1
0.6582912704026472 2
0.6583103105988332 3
0.658329350795019 1
0.6597207992127047 1
0.6597207992127048 1
0.6597398394088906 1
0.6597588796050765 1
0.6597779198012623 2
0.6597779198012624 1
0.6611884084151337 1
0.6612074486113195 1
0.6612074486113196 1
0.6612264888075056 2
0.6612455290036913 1
0.6612645691998773 1
0.6626560176175629 1
0.6626940980099347 4
0.6627131382061207 3
0.6641617072123638 1
0.6641807474085499 1
0.6641997876047356 1
0.665610276218607 1
0.6656483566109789 1
0.665648356610979 1
0.6656673968071649 1
0.6671159658134082 3
0.6671350060095941 1
0.6685645348196515 1
0.6686026152120231 2
0.668621655408209 1
0.6700511842182664 1
0.6700511842182665 2
0.6700702244144523 1
0.6700892646106381 1
0.6715187934206956 1
0.6715378336168812 1
0.6715378336168816 2
0.6715568738130674 2
0.6730054428193106 2
0.6730244830154964 1
0.6730244830154966 2
0.674454011825554 1
0.675921621027983 1
0.6759216210279831 1
0.675940661224169 1
0.6774082704265981 1
0.6774463508189699 1
0.6789139600213991 1
0.6833358278248726 1
0.6891872244384032 1
0.6906929140332042 1
0.6936281324380625 1
0.6936662128304344 1
