0.37418036276835226 1
0.3796838579553273 1
0.38419497918684536 1
0.3861093836138321 1
0.3894039783258993 1
0.3902412424901349 1
0.3903441499876857 1
0.39147864598587234 1
0.3926029405797691 1
0.39275005442622124 1
0.3937997663337249 1
0.39531432504907393 1
0.3963660938125541 1
0.3976870707986928 1
0.3978349604861263 1
0.3994672425837214 1
0.4002325373537112 1
0.40100684448603646 1
0.4038855924480874 1
0.40450279362124186 1
0.40614344522855467 1
0.4084427775979509 1
0.4085721531753428 1
0.4091332035601336 1
0.41124083030766223 1
0.41149690697478447 1
0.41209557498882854 1
0.4121491955131664 1
0.41216752276534385 1
0.41278324986658244 1
0.41300385082003144 1
0.41366004847416704 1
0.4137800725651158 1
0.41435626716879215 1
0.41443052169530226 1
0.41614377787209844 1
0.4161732448249013 1
0.4164281124338683 1
0.41729185906837885 1
0.4174676512009985 1
0.4190284240339186 1
0.41991033817644285 1
0.42040359391724663 1
0.42090129814487326 1
0.42150879952565495 1
0.421668752258015 1
0.4221191573640246 1
0.42228122637903787 1
0.4223891559545433 1
0.4224908962825886 1
0.423327891481951 1
0.4233897391509897 1
0.42352001446799115 1
0.42364139281720425 1
0.4238556609916624 1
0.42473277938741616 1
0.42585971674617357 1
0.42592641684430016 1
0.42650908000430376 1
0.42660671781893117 1
0.4266824416898066 1
0.42675795127248123 1
0.4267758472116874 1
0.4277261647167477 1
0.4280140549424052 1
0.4282065008068701 1
0.42832458523226213 1
0.4289352332975697 1
0.4295649599350709 1
0.42958997432787244 1
0.4301223165395384 1
0.430163193190507 1
0.43095205530339264 1
0.43134367866210843 1
0.43170413304689026 1
0.43182682985066373 1
0.4320395524547975 1
0.43229940347056905 1
0.432494388056137 1
0.43299442336850114 1
0.43309090766056213 1
0.43324740445268084 1
0.4334350758983058 1
0.4335751291846268 1
0.4336566908186874 1
0.4336753317193508 1
0.43404862406448735 1
0.43429648216383554 1
0.43437495084609096 1
0.43446963049449494 1
0.43503477095690385 1
0.43515325856066556 1
0.4357851220271263 1
0.435811222623362 1
0.43588840126952055 1
0.4361425650823644 1
0.4366238700538746 1
0.4367720388944608 1
0.4370416159189926 1
0.437053362593471 1
0.4371843960656823 1
0.43719998074076954 1
0.437215053052679 1
0.43803079433926084 1
0.4381246826827948 1
0.4381254564738372 1
0.43849302884227087 1
0.43861383563691836 1
0.4387672542627271 1
0.4390435164772154 1
0.4391231983343278 1
0.4393402926067476 1
0.4396847488997131 1
0.43980350105734334 1
0.43998976113033367 1
0.4400743432400732 1
0.4407475582785856 1
0.4408924177775274 1
0.4422295377298212 1
0.44229376380357244 1
0.44241196381420295 1
0.44281163863089157 1
0.4436674313296594 1
0.4436814511846039 1
0.44369614181243977 1
0.4440051790927718 1
0.44403899361904015 1
0.44465038721485295 1
0.44528589500355636 1
0.44534099692209184 1
0.44543229356680736 1
0.4458379168369496 1
0.4459231180697391 1
0.4476977680786181 1
0.4483391569597353 1
0.4488789925881378 1
0.4492308170204028 1
0.44931349704770845 1
0.4495174095582117 1
0.4504936255698749 1
0.45055512597560177 1
0.45079881425237367 1
0.45157052899732875 1
0.4518526192738188 1
0.45196282235337576 1
0.45196562391940404 1
0.4521049476674517 1
0.45279454954732196 1
0.4534568887290124 1
0.45389216750303857 1
0.4540539863469631 1
0.4543564034885668 1
0.4544475344347185 1
0.4544498996775587 1
0.45477117464382716 1
0.45495003469467965 1
0.45502653490936273 1
0.4550441384285566 1
0.4552891338835307 1
0.4553282701726179 1
0.4560345521098818 1
0.4568870905763626 1
0.4573341514208852 1
0.4583045391595483 1
0.45849061021821574 1
0.4588960761334187 1
0.4590286409483426 1
0.45909531358070105 1
0.4591877744635013 1
0.45923729583672307 1
0.4594853637075256 1
0.45967136959790983 1
0.46015488804920684 1
0.46110730006096284 1
0.4611177514723277 1
0.4613942038981959 1
0.46173031824381494 1
0.4625315647363898 1
0.4636269065166644 1
0.46444327473359565 1
0.46528846687108116 1
0.4679785372617225 1
0.4686872356079876 1
0.46915654513791316 1
0.4691630759562582 1
0.4702351869790622 1
0.4710495000772654 1
0.47115542221956086 1
0.47125688908901564 1
0.4722610628877909 1
0.4722697492687397 1
0.47473626179824824 1
0.47622964558809516 1
0.4766085666811435 1
0.4768312898468743 1
0.4770590879773835 1
0.4802392030780686 1
0.48231644241547417 1
0.48649025386347505 1
0.4903926622672155 1
