
 0.459
 0.457
 0.412
 0.451
 0.435
 0.422
 0.460
 0.455
 0.408
 0.470
 0.453
 0.454
 0.393
 0.431
 0.472
 0.430
 0.446
 0.440
 0.446
 0.434
 0.436
 0.411
 0.429
 0.477
 0.391
 0.393
 0.390
 0.431
 0.414
 0.428
 0.459
 0.455
 0.436
 0.439
 0.422
 0.411
 0.461
 0.450
 0.416
 0.398
 0.437
 0.444
 0.455
 0.384
 0.404
 0.433
 0.395
 0.444
 0.463
 0.413
 0.480
 0.427
 0.440
 0.432
 0.439
 0.440
 0.452
 0.422
 0.458
 0.400
 0.445
 0.420
 0.430
 0.462
 0.444
 0.439
 0.414
 0.416
 0.422
 0.427
 0.452
 0.454
 0.398
 0.469
 0.486
 0.445
 0.396
 0.422
 0.441
 0.433
 0.436
 0.451
 0.471
 0.416
 0.409
 0.442
 0.425
 0.409
 0.471
 0.428
 0.442
 0.430
 0.444
 0.428
 0.437
 0.386
 0.423
 0.399
 0.423
 0.434
 0.476
 0.427
 0.454
 0.459
 0.437
 0.465
 0.374
 0.434
 0.439
 0.490
 0.452
 0.444
 0.434
 0.420
 0.428
 0.461
 0.413
 0.443
 0.414
 0.454
 0.434
 0.424
 0.419
 0.422
 0.406
 0.390
 0.468
 0.394
 0.477
 0.482
 0.437
 0.435
 0.424
 0.433
 0.449
 0.464
 0.448
 0.432
 0.455
 0.417
 0.440
 0.438
 0.430
 0.475
 0.437
 0.426
 0.469
 0.445
 0.438
 0.412
 0.412
 0.456
 0.449
 0.436
 0.455
 0.445
 0.437
 0.459
 0.414
 0.432
 0.477
 0.433
 0.457
 0.448
 0.432
 0.426
 0.452
 0.427
 0.437
 0.401
 0.432
 0.464
 0.459
 0.417
 0.449
 0.389
 0.421
 0.460
 0.438
 0.380
 0.441
 0.434
 0.405
 0.472
 0.450
 0.452
 0.458
 0.459
 0.438
 0.439
 0.455
 0.424
 0.454
 0.453
 0.427
 0.461
 0.434
 0.469
 0.442
 0.471

