2 49
0 31
1 42
1 39
2 39
1 43
0 33
2 39
0 43
1 43
1 50
1 42
0 51
2 48
0 40
2 40
0 39
1 39
0 25
2 37
1 54
2 46
1 29
1 29
1 36
1 57
2 36
2 43
2 32
1 53
2 38
2 32
0 28
2 53
0 40
1 38
2 42
2 47
2 34
2 45
1 36
1 46
2 53
2 44
1 42
1 44
0 37
1 44
1 41
0 50
1 40
0 56
0 34
2 37
0 44
0 41
2 41
0 38
2 37
0 37
2 59
0 45
1 40
2 36
0 49
1 44
2 47
1 44
2 39
2 37
0 53
1 38
0 34
1 43
1 29
2 43
0 31
1 49
1 43
0 48
1 51
1 46
2 59
2 46
0 46
0 48
1 46
0 46
0 45
2 41
1 38
1 39
1 38
1 44
1 41
2 44
2 44
2 39
0 49
0 58
0 47
2 43
2 51
0 46
0 46
1 51
1 49
0 59
2 36
1 42
2 47
0 51
2 38
2 51
1 43
0 42
2 44
2 44
0 37
0 36
0 47
1 46
0 31
0 53
1 57
2 46
0 35
1 45
2 44
2 36
2 45
0 44
2 30
2 42
1 38
2 38
0 36
2 43
0 43
1 43
1 37
2 44
0 46
1 37
2 40
1 44
2 40
1 45
2 28
2 39
1 35
2 29
2 47
0 33
1 43
2 42
2 46
0 48
2 41
2 41
2 35
1 37
0 36
0 46
2 41
1 46
1 38
1 30
2 38
0 45
2 42
2 50
0 50
1 46
1 58
0 45
1 36
1 49
1 43
0 34
2 37
2 40
2 39
2 35
2 42
0 40
2 48
1 31
2 39
2 48
2 50
2 36
0 49
0 40
2 37
2 33
0 51
1 39
1 42
1 47
