0.6203369599222934 1
0.6203369599222935 1
0.6204152262904159 1
0.6204934926585384 2
0.6204934926585386 1
0.620571759026661 1
0.6205717590266611 2
0.6206500253947833 3
0.6206500253947834 3
0.6206500253947835 1
0.6207282917629058 4
0.6207282917629059 1
0.620728291762906 2
0.6208065581310284 1
0.6208065581310285 3
0.6208848244991507 2
0.6208848244991508 2
0.620884824499151 2
0.6209630908672732 1
0.6209630908672733 2
0.6209630908672734 3
0.6210413572353958 5
0.6210413572353959 8
0.621041357235396 1
0.6211196236035184 5
0.6211196236035186 1
0.6211978899716407 1
0.6211978899716408 10
0.6212761563397632 1
0.6212761563397633 8
0.6212761563397634 5
0.6213544227078857 2
0.6213544227078858 13
0.6213544227078859 5
0.621354422707886 1
0.621432689076008 1
0.6214326890760081 1
0.6214326890760082 12
0.6214326890760083 4
0.6214326890760085 4
0.6215109554441306 3
0.6215109554441307 8
0.6215109554441308 5
0.6215109554441309 4
0.6215892218122531 3
0.6215892218122532 5
0.6215892218122533 2
0.6215892218122534 5
0.6215892218122535 1
0.6216674881803756 4
0.6216674881803758 2
0.6216674881803759 2
0.6217457545484981 1
0.6217457545484983 2
0.6218240209166206 1
0.6218240209166207 1
0.6218240209166208 4
0.6219022872847431 1
0.6219022872847432 1
0.6219022872847433 3
0.6219022872847434 1
0.6219805536528655 1
0.6219805536528656 2
0.6219805536528658 2
0.6220588200209881 1
0.6220588200209882 3
0.6221370863891106 1
0.6221370863891108 1
0.6222153527572332 1
0.6222153527572333 2
