0.43510565333506235 1
0.4381765908981638 1
0.4402062249214254 1
0.45088047712073526 1
0.4540911119366735 1
0.45472914435093637 1
0.4557437442301237 1
0.4559040094913546 1
0.4577175381439496 1
0.4594733750379104 1
0.4595099796707041 1
0.4604397314170039 1
0.4605169998883586 1
0.4611247344685475 1
0.4631668106550606 1
0.46348778599108087 1
0.46397651484943236 1
0.46494862355655464 1
0.46637910956835144 1
0.4685211319299584 1
0.46900366078817457 1
0.4705625817295307 1
0.4706512976443213 1
0.4728416827261052 1
0.4728528749086594 1
0.4730736008038878 1
0.4734189956206699 1
0.47476378688220044 1
0.4753184210339314 1
0.47602135080130376 1
0.476782970369036 1
0.477197118278618 1
0.4778256674503447 1
0.47844406574115034 1
0.47906236008901204 1
0.47917360351163063 1
0.47962006079438235 1
0.4802122622188015 1
0.4806117113516924 1
0.4814414223582954 1
0.4815288236699021 1
0.4819311396177883 1
0.4821437658909844 1
0.4821946274627493 1
0.48273808822750836 1
0.4828824494274218 1
0.483562050474809 1
0.48470803892473946 1
0.48542952884482654 1
0.4859505842192583 1
0.48646520252117165 1
0.48658955955235683 1
0.48702361365723734 1
0.48726499765597325 1
0.4878413028395925 1
0.48839434173279783 1
0.4884921422805102 1
0.48869474479937525 1
0.4890706344646975 1
0.4890734033911779 1
0.4893570330645173 1
0.48954279634989717 1
0.4897140267786088 1
0.4900104307096228 1
0.4910776064705685 1
0.49142409458927433 1
0.4917783040084942 1
0.49185527683579694 1
0.49199056779094474 1
0.49320339307705136 1
0.4938835525952088 1
0.49397418945324895 1
0.4946525313243708 1
0.49490337916581056 1
0.4950721547430769 1
0.4960517811970713 1
0.4960679106171253 1
0.4971243956782749 1
0.497349269331611 1
0.49762819629413885 1
0.49790764273062066 1
0.49837480005005086 1
0.49905750546017735 1
0.49912661996846625 1
0.4995303062166976 1
0.4995785883963858 1
0.4999499021205742 1
0.5002411385229915 1
0.500507224089548 1
0.5006034699705388 1
0.5007476540613587 1
0.5007669309801756 1
0.5009694983897521 1
0.5009970873191947 1
0.5013555791902798 1
0.5014105397367771 1
0.5019833907312572 1
0.5022762494062466 1
0.5023011293958393 1
0.5027703901763177 1
0.5041216698847835 1
0.5044667123703978 1
0.504577132460749 1
0.5051640439133764 1
0.5056991705860812 1
0.5058289850085547 1
0.5058705136156795 1
0.5059863415612751 1
0.5060961697029525 1
0.5069854783827382 1
0.5071177308293153 1
0.5071376343835032 1
0.5074512830208376 1
0.5074810698416028 1
0.5076466011001902 1
0.507780011068803 1
0.5080096853780405 1
0.5081121238918428 1
0.5082316935583827 1
0.5089252336373854 1
0.5093340813330369 1
0.511050679956088 1
0.5116505251434537 1
0.5117790435207072 1
0.5119154531256814 1
0.5126483781745964 1
0.5131880764759409 1
0.5132376235960756 1
0.5139314876310459 1
0.5140574799670131 1
0.5142319031508306 1
0.5143134708562062 1
0.5144189656748693 1
0.5150795639812289 1
0.516101588640483 1
0.5163440568908616 1
0.5164370820946383 1
0.5175485001248368 1
0.5189599787287237 1
0.5192073365926693 1
0.5192204533204277 1
0.5194167146846944 1
0.5198818537260249 1
0.5200287706509445 1
0.5201037122411997 1
0.5208729655985644 1
0.5210662710382892 1
0.5213862233639855 1
0.5221407203589892 1
0.5235443382626189 1
0.5235573874987534 1
0.5240495731131446 1
0.5243835887686691 1
0.5253235211263486 1
0.5257957724564926 1
0.526062930941707 1
0.5261028203145465 1
0.5262894813878571 1
0.5268453603614509 1
0.5268677386556696 1
0.5270706927186682 1
0.5272208573727418 1
0.527434190491566 1
0.5279815047238814 1
0.5285020029680608 1
0.52871197931936 1
0.5291261399392636 1
0.5296481400911738 1
0.530172543508478 1
0.5302555335572393 1
0.5308512615521944 1
0.5316556474398036 1
0.5327462595756803 1
0.534538577019216 1
0.5354729072185556 1
0.5355913800206511 1
0.5382364302260387 1
0.5385434083643392 1
0.53875899384255 1
0.540538710043363 1
0.5408057153825679 1
0.5412524035321065 1
0.5415255522318355 1
0.5416561495621077 1
0.5430511597027747 1
0.5433718326108691 1
0.5440024170480873 1
0.5443962227760821 1
0.5449391825881418 1
0.548605098050922 1
0.549847980958557 1
0.5500335246710992 1
0.552500912966813 1
0.5536723261429978 1
0.5588852574019898 1
0.559188004385541 1
0.5624740030657907 1
0.5645349649454703 1
0.5675717137685823 1
0.5693256277841826 1
