
 0.532
 0.524
 0.490
 0.519
 0.501
 0.480
 0.486
 0.501
 0.502
 0.492
 0.499
 0.514
 0.559
 0.538
 0.461
 0.482
 0.491
 0.514
 0.518
 0.489
 0.463
 0.482
 0.501
 0.465
 0.481
 0.497
 0.541
 0.495
 0.488
 0.478
 0.507
 0.526
 0.569
 0.454
 0.550
 0.469
 0.473
 0.501
 0.460
 0.501
 0.500
 0.505
 0.508
 0.495
 0.487
 0.475
 0.543
 0.489
 0.478
 0.526
 0.502
 0.513
 0.504
 0.524
 0.512
 0.440
 0.485
 0.553
 0.479
 0.485
 0.501
 0.526
 0.527
 0.506
 0.509
 0.533
 0.471
 0.494
 0.559
 0.521
 0.530
 0.511
 0.542
 0.513
 0.522
 0.508
 0.504
 0.487
 0.524
 0.498
 0.496
 0.529
 0.460
 0.544
 0.482
 0.501
 0.489
 0.565
 0.529
 0.456
 0.521
 0.473
 0.562
 0.492
 0.483
 0.503
 0.544
 0.529
 0.469
 0.492
 0.495
 0.506
 0.506
 0.481
 0.526
 0.500
 0.525
 0.493
 0.463
 0.498
 0.520
 0.480
 0.512
 0.515
 0.496
 0.494
 0.490
 0.500
 0.471
 0.479
 0.530
 0.459
 0.520
 0.475
 0.541
 0.521
 0.550
 0.455
 0.466
 0.508
 0.527
 0.549
 0.507
 0.435
 0.536
 0.554
 0.535
 0.508
 0.530
 0.516
 0.499
 0.456
 0.514
 0.524
 0.535
 0.489
 0.539
 0.541
 0.451
 0.514
 0.486
 0.477
 0.483
 0.512
 0.519
 0.490
 0.545
 0.513
 0.507
 0.519
 0.497
 0.527
 0.487
 0.516
 0.527
 0.482
 0.516
 0.514
 0.509
 0.528
 0.491
 0.505
 0.519
 0.542
 0.484
 0.539
 0.500
 0.507
 0.531
 0.501
 0.488
 0.498
 0.476
 0.543
 0.458
 0.438
 0.464
 0.520
 0.461
 0.568
 0.527
 0.477
 0.507
 0.473
 0.488
 0.506
 0.506
 0.508
 0.473
 0.502

