0.3712092081191794 1
0.3784257609321137 1
0.3820225055235922 1
0.38721299486188426 1
0.3881963244860568 1
0.398380969622701 1
0.40456004938505863 1
0.4049639431018099 1
0.40617153043124204 1
0.4082396939604163 1
0.40887784170719627 1
0.40984880655412326 1
0.4112551168253144 1
0.4118033071168655 1
0.41274120656947155 1
0.41394083817675265 1
0.41444665253927704 1
0.4165774979464125 1
0.4173648823296914 1
0.4175863502630741 1
0.4176954485884811 1
0.4183150060690941 1
0.41844733971080117 1
0.41845935243181953 1
0.42485832245579014 1
0.4250343159914147 1
0.4271281695824517 1
0.42712859975039785 1
0.4276124158456679 1
0.4283468326598305 1
0.4287029326470934 1
0.4290329057780011 1
0.42932355851490006 1
0.4296655591747392 1
0.4311024358106852 1
0.43183608495113596 1
0.4320579509270706 1
0.4325150898194252 1
0.4330756303377597 1
0.4333240055097287 1
0.43339429990215905 1
0.4346911144428995 1
0.4369088886491699 1
0.43760371267963527 1
0.4376609323329495 1
0.4378898170579636 1
0.437974112126598 1
0.4380806782322314 1
0.43814370202539527 1
0.4383899256447347 1
0.43936771792734036 1
0.4395137797153813 1
0.4396585007562113 1
0.44000011129252425 1
0.44190973776184733 1
0.44223107977901727 1
0.44275290902655656 1
0.4427821017113454 1
0.4431672583023859 1
0.44344495561360775 1
0.4439353498915344 1
0.44415715533068245 1
0.44437697474463145 1
0.4461021766968674 1
0.4461162804337284 1
0.4461926629415906 1
0.4491088917811773 1
0.4492429472172955 1
0.44982618412141057 1
0.4498406581269396 1
0.4499319607388161 1
0.4513734919109491 1
0.4515698732791565 1
0.4516567325231056 1
0.45168733551029094 1
0.45246718356083293 1
0.45377584722514736 1
0.4538403806094353 1
0.45388212494576174 1
0.4539366985401126 1
0.45448234583335784 1
0.4552757906457828 1
0.45561660000291226 1
0.4567057071394494 1
0.4567823941327233 1
0.45690979497678585 1
0.4585791050569479 1
0.4589465317177143 1
0.45902893085583635 1
0.4595589566397295 1
0.4598137123415305 1
0.46059504137227997 1
0.46132394265939214 1
0.46134216706632863 1
0.4621687855505303 1
0.46277538982257577 1
0.46352529869162606 1
0.4636452376526924 1
0.46368764660207323 1
0.4647409075264653 1
0.46492792287012535 1
0.46522831630967654 1
0.465393518330388 1
0.46599778543831905 1
0.4661988509886571 1
0.4662865641994036 1
0.4664030462960882 1
0.4665990901585298 1
0.46713374425465676 1
0.46721151508054554 1
0.46732755024171174 1
0.46820708109231146 1
0.4689824965534588 1
0.46899011476984387 1
0.4693084237214829 1
0.46979092217653706 1
0.46980925682058733 1
0.470316514733528 1
0.4717127456736763 1
0.4719484538049877 1
0.4722858706064511 1
0.47234933119410777 1
0.47238501380880976 1
0.47280438477253534 1
0.4733010070188341 1
0.4741795852514165 1
0.4744154730805636 1
0.4746298128647858 1
0.4746550973402374 1
0.47466645639658694 1
0.47491478647719065 1
0.4752279770493715 1
0.475837025030995 1
0.47599606863852 1
0.47633333287852403 1
0.4763533444830715 1
0.47645066894200555 1
0.47697966131871744 1
0.4779172171241285 1
0.4792974928210889 1
0.4793298004550568 1
0.4795773848463191 1
0.47962830456097083 1
0.48025689056036547 1
0.48064694929819646 1
0.4812129732181869 1
0.4817891635993387 1
0.4819856711351987 1
0.48204867441853305 1
0.4821937985663234 1
0.48224433697632313 1
0.4832447765239632 1
0.48326552341937634 1
0.4834155765928811 1
0.4839015750736965 1
0.4839059257794428 1
0.4847300123013227 1
0.4847312700422593 1
0.48502265170092856 1
0.485784595275367 1
0.48643515314820895 1
0.48691841927697493 1
0.48695843778950965 1
0.48726016560717555 1
0.4873962020040852 1
0.4886907736224936 1
0.4891988753612067 1
0.4893153142965124 1
0.4895602957901895 1
0.48966339866234615 1
0.4899157639273009 1
0.4907317910288647 1
0.4928372161369895 1
0.4929934823011002 1
0.4939809070089018 1
0.49447816174286047 1
0.4948703434520759 1
0.4975390697840488 1
0.49830267928300076 1
0.4994616884713324 1
0.499968233715285 1
0.5002446732855705 1
0.5008179503997484 1
0.501711062537138 1
0.50178955787536 1
0.5027138925216241 1
0.5038526886806544 1
0.5044171780902542 1
0.5066004499485485 1
0.5080440012888601 1
0.5089170523209 1
0.5096550309900882 1
0.5110920261321129 1
0.5134228687023932 1
0.5160463544442083 1
0.520707417495585 1
0.5228344665729152 1
0.5263682838053403 1
0.5324722388007721 1
0.5553975317820591 1
