
 0.502
 0.469
 0.490
 0.493
 0.504
 0.452
 0.467
 0.495
 0.456
 0.470
 0.480
 0.501
 0.437
 0.500
 0.454
 0.449
 0.490
 0.475
 0.510
 0.472
 0.491
 0.465
 0.435
 0.433
 0.507
 0.482
 0.486
 0.417
 0.418
 0.461
 0.523
 0.489
 0.429
 0.472
 0.464
 0.532
 0.467
 0.476
 0.452
 0.443
 0.450
 0.452
 0.417
 0.405
 0.438
 0.462
 0.451
 0.503
 0.487
 0.472
 0.490
 0.482
 0.433
 0.425
 0.446
 0.425
 0.432
 0.477
 0.468
 0.489
 0.485
 0.418
 0.461
 0.460
 0.418
 0.481
 0.418
 0.413
 0.467
 0.475
 0.475
 0.438
 0.467
 0.466
 0.440
 0.469
 0.465
 0.429
 0.469
 0.459
 0.427
 0.371
 0.412
 0.470
 0.480
 0.470
 0.398
 0.516
 0.454
 0.476
 0.450
 0.479
 0.440
 0.511
 0.410
 0.463
 0.443
 0.494
 0.411
 0.482
 0.446
 0.485
 0.457
 0.484
 0.461
 0.439
 0.405
 0.449
 0.480
 0.406
 0.438
 0.455
 0.414
 0.464
 0.475
 0.498
 0.474
 0.485
 0.498
 0.475
 0.484
 0.473
 0.521
 0.464
 0.509
 0.479
 0.428
 0.440
 0.476
 0.388
 0.465
 0.427
 0.443
 0.494
 0.489
 0.431
 0.387
 0.555
 0.433
 0.443
 0.487
 0.504
 0.486
 0.481
 0.459
 0.459
 0.472
 0.454
 0.433
 0.429
 0.513
 0.500
 0.438
 0.432
 0.482
 0.450
 0.418
 0.466
 0.438
 0.438
 0.457
 0.444
 0.483
 0.499
 0.472
 0.476
 0.487
 0.444
 0.428
 0.454
 0.382
 0.502
 0.478
 0.454
 0.526
 0.466
 0.476
 0.483
 0.508
 0.408
 0.466
 0.430
 0.465
 0.444
 0.487
 0.457
 0.493
 0.482
 0.460
 0.442
 0.409
 0.414
 0.438
 0.452
 0.446
 0.483
 0.473
 0.378
 0.474
 0.442

