
 0.450
 0.436
 0.404
 0.443
 0.449
 0.421
 0.478
 0.449
 0.486
 0.462
 0.418
 0.412
 0.444
 0.448
 0.438
 0.412
 0.398
 0.473
 0.472
 0.455
 0.459
 0.434
 0.389
 0.420
 0.461
 0.395
 0.427
 0.424
 0.465
 0.447
 0.439
 0.414
 0.428
 0.422
 0.486
 0.450
 0.453
 0.404
 0.470
 0.477
 0.435
 0.441
 0.455
 0.417
 0.443
 0.481
 0.409
 0.448
 0.484
 0.433
 0.411
 0.486
 0.449
 0.413
 0.473
 0.478
 0.416
 0.440
 0.477
 0.476
 0.475
 0.436
 0.414
 0.382
 0.469
 0.438
 0.468
 0.434
 0.469
 0.395
 0.438
 0.412
 0.455
 0.449
 0.442
 0.471
 0.417
 0.413
 0.494
 0.431
 0.462
 0.483
 0.403
 0.415
 0.435
 0.424
 0.485
 0.456
 0.429
 0.406
 0.436
 0.394
 0.468
 0.441
 0.416
 0.431
 0.447
 0.448
 0.455
 0.469
 0.438
 0.444
 0.406
 0.384
 0.460
 0.435
 0.437
 0.440
 0.441
 0.431
 0.457
 0.453
 0.422
 0.444
 0.425
 0.458
 0.450
 0.428
 0.450
 0.469
 0.454
 0.456
 0.487
 0.485
 0.412
 0.446
 0.424
 0.397
 0.427
 0.414
 0.461
 0.454
 0.414
 0.415
 0.386
 0.443
 0.451
 0.485
 0.420
 0.459
 0.414
 0.441
 0.461
 0.455
 0.431
 0.440
 0.444
 0.459
 0.402
 0.462
 0.399
 0.397
 0.468
 0.515
 0.494
 0.418
 0.448
 0.464
 0.441
 0.466
 0.455
 0.402
 0.494
 0.447
 0.465
 0.456
 0.402
 0.462
 0.491
 0.453
 0.450
 0.459
 0.437
 0.461
 0.477
 0.429
 0.399
 0.458
 0.464
 0.503
 0.417
 0.433
 0.451
 0.471
 0.416
 0.429
 0.420
 0.441
 0.475
 0.473
 0.419
 0.432
 0.441
 0.427
 0.443
 0.453
 0.430
 0.412
 0.427
 0.456
 0.481
 0.475
 0.420
 0.443
 0.518
 0.492
 0.422
 0.451
 0.463
 0.455
 0.464
 0.432
 0.436
 0.443
 0.485
 0.418
 0.420
 0.434
 0.494
 0.396
 0.439
 0.416
 0.427
 0.394
 0.446
 0.431
 0.461
 0.470
 0.495
 0.440
 0.447
 0.424
 0.417
 0.456
 0.479
 0.408
 0.409
 0.389
 0.478
 0.417
 0.415
 0.448
 0.444
 0.435
 0.417
 0.437
 0.447
 0.434
 0.419
 0.462
 0.420
 0.478
 0.464
 0.465
 0.445
 0.436
 0.403
 0.453
 0.434
 0.447
 0.439
 0.427
 0.505
 0.392
 0.479
 0.449
 0.432
 0.460
 0.468
 0.456
 0.401
 0.428
 0.434
 0.421
 0.453
 0.458
 0.524
 0.388
 0.412
 0.487
 0.429
 0.410
 0.464
 0.488
 0.400
 0.409
 0.422
 0.462
 0.429
 0.409
 0.404
 0.476
 0.444
 0.451
 0.483
 0.434
 0.487
 0.470
 0.500
 0.436
 0.419
 0.457
 0.475
 0.434
 0.484
 0.450
 0.468
 0.461
 0.417
 0.396
 0.469
 0.439
 0.430
 0.457
 0.506
 0.438
 0.453
 0.462
 0.455
 0.446
 0.466
 0.446
 0.468
 0.445
 0.484
 0.436
 0.458
 0.432
 0.431
 0.428
 0.444
 0.463
 0.465
 0.390
 0.403
 0.445
 0.434
 0.469
 0.414
 0.416
 0.402
 0.449
 0.420
 0.433
 0.429
 0.441
 0.439
 0.429
 0.416
 0.474
 0.434
 0.435
 0.460
 0.441
 0.401
 0.386
 0.446
 0.441
 0.416
 0.438
 0.450
 0.400
 0.440
 0.414
 0.434
 0.444
 0.411
 0.411
 0.442
 0.438
 0.437
 0.449
 0.441
 0.382
 0.441
 0.521
 0.441
 0.473
 0.460
 0.432
 0.445
 0.404
 0.440
 0.448
 0.498
 0.428
 0.474
 0.411
 0.454
 0.414
 0.472
 0.489
 0.437
 0.462
 0.509
 0.417
 0.491
 0.460
 0.431
 0.432
 0.468
 0.423
 0.406
 0.390
 0.462
 0.410
 0.441
 0.452
 0.422
 0.412
 0.471
 0.441
 0.463
 0.404
 0.463
 0.471
 0.423
 0.390
 0.467
 0.439
 0.424
 0.416
 0.501
 0.458
 0.430
 0.406
 0.444
 0.427
 0.409
 0.431
 0.448
 0.430
 0.440
 0.463
 0.452
 0.487
 0.478
 0.476
 0.421
 0.453
 0.438
 0.458
 0.463
 0.397
 0.453
 0.484
 0.456
 0.419
 0.459
 0.441
 0.454
 0.404
 0.426
 0.428
 0.488
 0.422
 0.444
 0.424
 0.464
 0.427
 0.472
 0.477
 0.436
 0.417
 0.449
 0.447
 0.411
 0.456
 0.447
 0.372
 0.445
 0.456
 0.432
 0.503
 0.453
 0.421
 0.423
 0.455
 0.435
 0.424
 0.457
 0.406
 0.428
 0.424
 0.427
 0.426
 0.456
 0.472
 0.440
 0.445
 0.420
 0.468
 0.473
 0.451
 0.441
 0.403
 0.466
 0.441
 0.409
 0.444
 0.438
 0.405
 0.446
 0.458
 0.486
 0.403
 0.467
 0.437
 0.448
 0.428
 0.415
 0.450
 0.457
 0.440
 0.396
 0.470
 0.387
 0.430
 0.452
 0.408
 0.435
 0.445
 0.412
 0.487
 0.427
 0.418
 0.482
 0.437
 0.489
 0.452
 0.427
 0.367
 0.415
 0.479
 0.432
 0.403
 0.408
 0.421
 0.435
 0.444
 0.432
 0.465
 0.469
 0.393
 0.400
 0.467
 0.466
 0.473
 0.452
 0.468
 0.419
 0.452
 0.416
 0.447
 0.395
 0.432
 0.439
 0.437
 0.430
 0.481
 0.459
 0.460
 0.379
 0.460
 0.445
 0.505
 0.436
 0.437
 0.466
 0.491
 0.386
 0.429
 0.451
 0.464
 0.445
 0.460
 0.460
 0.447
 0.445
 0.446
 0.422
 0.472
 0.455
 0.406
 0.445
 0.480
 0.428
 0.432
 0.458
 0.466
 0.460
 0.443
 0.456
 0.460
 0.473
 0.433
 0.490
 0.446
 0.401
 0.478
 0.476
 0.423
 0.447
 0.418
 0.505
 0.458
 0.423
 0.425
 0.462
 0.435
 0.432
 0.449
 0.441
 0.443
 0.388
 0.411
 0.446
 0.464
 0.406
 0.447
 0.419
 0.425
 0.473
 0.459
 0.458
 0.417
 0.425
 0.419
 0.487
 0.443
 0.445
 0.422
 0.473
 0.413
 0.472
 0.441
 0.418
 0.453
 0.434
 0.446
 0.471
 0.463
 0.389
 0.412
 0.443
 0.457
 0.404
 0.403
 0.445
 0.428
 0.449
 0.441
 0.388
 0.437
 0.424
 0.451
 0.440
 0.427
 0.463
 0.433
 0.425
 0.442
 0.424
 0.398
 0.418
 0.407
 0.431
 0.509
 0.460
 0.459
 0.471
 0.498
 0.435
 0.507
 0.388
 0.481
 0.398
 0.407
 0.458
 0.399
 0.420
 0.495
 0.436
 0.447
 0.475
 0.446
 0.480
 0.470
 0.440
 0.437
 0.460
 0.436
 0.428
 0.456
 0.480
 0.396
 0.426
 0.459
 0.411
 0.492
 0.421
 0.496
 0.428
 0.453
 0.442
 0.444
 0.474
 0.362
 0.449
 0.445
 0.435
 0.427
 0.419
 0.470
 0.443
 0.429
 0.430
 0.427
 0.422
 0.403
 0.381
 0.472
 0.467
 0.444
 0.469
 0.452
 0.463
 0.486
 0.462
 0.460
 0.449
 0.447
 0.430
 0.431
 0.439
 0.403
 0.443
 0.426
 0.414
 0.480
 0.495
 0.424
 0.348
 0.443
 0.465
 0.416
 0.451
 0.459
 0.433
 0.423
 0.483
 0.393
 0.492
 0.449
 0.424
 0.439
 0.453
 0.483
 0.426
 0.455
 0.419
 0.395
 0.374
 0.455
 0.420
 0.448
 0.431
 0.411
 0.408
 0.489
 0.455
 0.434
 0.406
 0.430
 0.478
 0.446
 0.457
 0.445
 0.485
 0.451
 0.423
 0.432
 0.473
 0.446
 0.475
 0.432
 0.469
 0.444
 0.429
 0.452
 0.429
 0.434
 0.408
 0.442
 0.420
 0.465
 0.405
 0.460
 0.404
 0.439
 0.509
 0.412
 0.466
 0.407
 0.503
 0.446
 0.431
 0.464
 0.466
 0.435
 0.436
 0.459
 0.450
 0.464
 0.479
 0.490
 0.411
 0.430
 0.465
 0.453
 0.441
 0.414
 0.474
 0.480
 0.483
 0.443
 0.413
 0.498
 0.395
 0.451
 0.440
 0.445
 0.431
 0.488
 0.407
 0.444
 0.431
 0.416
 0.475
 0.439
 0.423
 0.492
 0.381
 0.478
 0.433
 0.414
 0.450
 0.438
 0.453
 0.454
 0.442
 0.453
 0.453
 0.462
 0.493
 0.391
 0.470
 0.466
 0.454
 0.395
 0.491
 0.443
 0.444
 0.431
 0.434
 0.455
 0.441
 0.497
 0.431
 0.452
 0.438
 0.408
 0.482
 0.439
 0.479
 0.386
 0.403
 0.503
 0.409
 0.475
 0.427
 0.451
 0.420
 0.430
 0.457
 0.469
 0.488
 0.424
 0.391
 0.465
 0.448
 0.439
 0.391
 0.430
 0.458
 0.464
 0.469
 0.423
 0.466
 0.454
 0.449
 0.416
 0.419
 0.388
 0.445
 0.394
 0.527
 0.423
 0.473
 0.433
 0.429
 0.503
 0.366
 0.444
 0.381
 0.445
 0.440
 0.386
 0.466
 0.442
 0.440
 0.445
 0.447
 0.422
 0.432
 0.479
 0.437
 0.448
 0.490
 0.416
 0.447
 0.447
 0.477
 0.467
 0.456
 0.463
 0.425
 0.442
 0.432
 0.455
 0.437
 0.405
 0.358
 0.448
 0.414
 0.502
 0.460
 0.482
 0.459
 0.442
 0.430
 0.484
 0.478
 0.445
 0.445
 0.457
 0.471
 0.428
 0.445
 0.473
 0.445
 0.444
 0.476
 0.445
 0.379
 0.431
 0.408
 0.462
 0.399
 0.443
 0.449
 0.454
 0.399
 0.434
 0.479
 0.432
 0.421
 0.467
 0.439
 0.450
 0.420
 0.443
 0.388
 0.467
 0.415
 0.389
 0.428
 0.442
 0.419
 0.415
 0.409
 0.456
 0.479
 0.450
 0.413
 0.459
 0.401
 0.452
 0.460
 0.397
 0.480
 0.394
 0.452
 0.457
 0.446
 0.434
 0.467
 0.407
 0.479
 0.436
 0.394
 0.451
 0.463
 0.415
 0.431
 0.437
 0.446
 0.465
 0.450
 0.468
 0.445
 0.472
 0.446
 0.415
 0.473
 0.435
 0.461
 0.463
 0.423
 0.398
 0.483
 0.395
 0.443
 0.426
 0.453
 0.473
 0.447
 0.454
 0.431
 0.440
 0.466
 0.464
 0.390
 0.433
 0.441
 0.376
 0.389
 0.389
 0.474
 0.427
 0.444
 0.459
 0.462
 0.405
 0.457
 0.433
 0.461
 0.446
 0.403
 0.497
 0.423
 0.426
 0.467
 0.462
 0.407
 0.505
 0.489
 0.494
 0.453
 0.391
 0.430
 0.425
 0.469
 0.444
 0.432
 0.448
 0.427
 0.449
 0.446
 0.452
 0.420
 0.443
 0.475
 0.452
 0.404
 0.455
 0.464
 0.460
 0.445
 0.437
 0.437
 0.461
 0.441
 0.472
 0.431
 0.424
 0.469
 0.442
 0.444
 0.496
 0.408
 0.467
 0.451
 0.426
 0.413
 0.456
 0.442
 0.449
 0.506
 0.522
 0.401
 0.474
 0.436
 0.399
 0.397
 0.446
 0.493
 0.414
 0.434
 0.454
 0.389
 0.461
 0.466
 0.420
 0.472
 0.460
 0.498
 0.480
 0.474
 0.476
 0.382
 0.438
 0.478
 0.461
 0.432
 0.391
 0.449
 0.390
 0.472
 0.483
 0.482
 0.474
 0.475
 0.466
 0.410
 0.451
 0.445
 0.447
 0.468
 0.436
 0.467
 0.501
 0.414
 0.437
 0.462
 0.448
 0.453
 0.445
 0.433
 0.448
 0.472
 0.456
 0.444
 0.514
 0.393
 0.478
 0.428
 0.450
 0.414
 0.450
 0.454
 0.470
 0.503
 0.439
 0.433
 0.474
 0.460
 0.419
 0.477
 0.419
 0.433
 0.489
 0.496
 0.467
 0.422
 0.461
 0.403
 0.469
 0.442
 0.418
 0.472
 0.406
 0.488
 0.408
 0.441
 0.408
 0.425
 0.424
 0.444
 0.461
 0.448
 0.440
 0.448
 0.479
 0.414
 0.429
 0.421
 0.444
 0.457
 0.472
 0.425
 0.473
 0.433
 0.415
 0.446
 0.472
 0.477
 0.462
 0.472
 0.431
 0.436
 0.391
 0.442
 0.421
 0.444
 0.432
 0.495
 0.462
 0.461
 0.465
 0.451
 0.418
 0.453
 0.428
 0.412
 0.416
 0.457
 0.435
 0.504
 0.441
 0.467
 0.437
 0.460
 0.458
 0.462
 0.477
 0.486
 0.452
 0.447
 0.434
 0.418
 0.454
 0.447
 0.446
 0.439
 0.356
 0.447
 0.446
 0.437
 0.436
 0.448
 0.489
 0.431
 0.444
 0.487
 0.470
 0.412
 0.456
 0.460
 0.498
 0.431
 0.374
 0.463
 0.474
 0.489
 0.400
 0.427
 0.496
 0.443
 0.431
 0.428
 0.433
 0.508
 0.400
 0.502
 0.449
 0.454
 0.436
 0.467
 0.406
 0.415
 0.425
 0.413
 0.447
 0.459
 0.462
 0.476
 0.429
 0.505
 0.466
 0.421
 0.453
 0.438
 0.475
 0.400
 0.477
 0.442
 0.471
 0.442
 0.379
 0.473
 0.381
 0.436
 0.461
 0.432
 0.453
 0.466
 0.414
 0.500
 0.433
 0.418
 0.439
 0.441
 0.414
 0.447
 0.531
 0.396
 0.476
 0.485
 0.452
 0.456
 0.387
 0.452
 0.430
 0.429
 0.434
 0.489
 0.439
 0.437
 0.443
 0.423
 0.414
 0.415
 0.428
 0.438
 0.462
 0.427
 0.490
 0.514
 0.427
 0.451
 0.426
 0.387
 0.443
 0.452
 0.434
 0.416
 0.486
 0.398
 0.433
 0.460
 0.478
 0.441
 0.432
 0.487
 0.451
 0.455
 0.390
 0.406
 0.478
 0.414
 0.395
 0.462
 0.438
 0.437
 0.463
 0.449
 0.412
 0.435
 0.451
 0.389
 0.452
 0.435
 0.441
 0.449
 0.394
 0.422
 0.463
 0.413
 0.439
 0.413
 0.436
 0.427
 0.413
 0.530
 0.404
 0.453
 0.438
 0.457
 0.464
 0.426
 0.465
 0.459
 0.456
 0.451
 0.462
 0.413
 0.459
 0.436
 0.453
 0.421
 0.431
 0.441
 0.421
 0.448
 0.463
 0.403
 0.461
 0.496
 0.439
 0.448
 0.442
 0.453
 0.418
 0.510
 0.470
 0.474
 0.485
 0.443
 0.437
 0.420
 0.410
 0.454
 0.484
 0.439
 0.446
 0.457
 0.450
 0.421
 0.405
 0.420
 0.389
 0.430
 0.456
 0.405
 0.438
 0.481
 0.432
 0.471
 0.469
 0.427
 0.456
 0.388
 0.430
 0.471
 0.433
 0.450
 0.479
 0.403
 0.388
 0.418
 0.411
 0.363
 0.406
 0.436
 0.402
 0.431
 0.432
 0.473
 0.427
 0.450
 0.429
 0.453
 0.453
 0.453
 0.407
 0.457
 0.457
 0.427
 0.360
 0.444
 0.445
 0.457
 0.370
 0.415
 0.401
 0.445
 0.443
 0.439
 0.470
 0.473
 0.477
 0.412
 0.437
 0.415
 0.499
 0.474
 0.488
 0.433
 0.444
 0.479
 0.502
 0.440
 0.433
 0.420
 0.438
 0.424
 0.454
 0.422
 0.428
 0.456
 0.401
 0.503
 0.478
 0.410
 0.416
 0.436
 0.434
 0.425
 0.494
 0.430
 0.460
 0.433
 0.436
 0.440
 0.448
 0.481
 0.471
 0.467
 0.374
 0.432
 0.439
 0.438
 0.457
 0.516
 0.423
 0.471
 0.420
 0.472
 0.434
 0.445
 0.485
 0.431
 0.404
 0.422
 0.420
 0.453
 0.472
 0.456
 0.374
 0.417
 0.446
 0.445
 0.470
 0.458
 0.468
 0.447
 0.463
 0.439
 0.452
 0.468
 0.462
 0.438
 0.449
 0.463
 0.415
 0.403
 0.483
 0.392
 0.416
 0.463
 0.434
 0.459
 0.452
 0.419
 0.457
 0.461
 0.434
 0.421
 0.433
 0.497
 0.431
 0.418
 0.463
 0.430
 0.486
 0.447
 0.474
 0.440
 0.431
 0.424
 0.431
 0.447
 0.424
 0.466
 0.449
 0.403
 0.441
 0.443
 0.426
 0.378
 0.442
 0.437
 0.445
 0.469
 0.429
 0.471
 0.455
 0.497
 0.431
 0.427
 0.517
 0.453
 0.439
 0.425
 0.465
 0.442
 0.431
 0.413
 0.448
 0.461
 0.465
 0.471
 0.404
 0.415
 0.401
 0.430
 0.440
 0.443
 0.390
 0.458
 0.430
 0.471
 0.421
 0.450
 0.463
 0.415
 0.434
 0.460
 0.404
 0.397
 0.471
 0.450
 0.465
 0.407
 0.453
 0.411
 0.439
 0.479
 0.443
 0.437
 0.418
 0.515
 0.397
 0.431
 0.443
 0.391
 0.427
 0.454
 0.396
 0.429
 0.432
 0.429
 0.461
 0.446
 0.378
 0.460
 0.393
 0.424
 0.445
 0.460
 0.479
 0.423
 0.442
 0.403
 0.406
 0.430
 0.452
 0.419
 0.458
 0.452
 0.470
 0.459
 0.471
 0.465
 0.463
 0.460
 0.506
 0.405
 0.399
 0.397
 0.406
 0.441
 0.439
 0.450
 0.427
 0.470
 0.495
 0.420
 0.444
 0.466
 0.413
 0.452
 0.432
 0.457
 0.446
 0.480
 0.422
 0.472
 0.476
 0.413
 0.440
 0.422
 0.462
 0.420
 0.415
 0.382
 0.470
 0.415
 0.455
 0.384
 0.462
 0.422
 0.435
 0.496
 0.426
 0.451
 0.479
 0.429
 0.514
 0.433
 0.451
 0.436
 0.418
 0.416
 0.489
 0.431
 0.435
 0.450
 0.451
 0.478
 0.450
 0.474
 0.463
 0.434
 0.416
 0.457
 0.427
 0.421
 0.463
 0.451
 0.460
 0.464
 0.427
 0.476
 0.446
 0.476
 0.432
 0.453
 0.460
 0.430
 0.418
 0.444
 0.391
 0.453
 0.459
 0.480
 0.394
 0.467
 0.484
 0.424
 0.442
 0.392
 0.465
 0.438
 0.451
 0.453
 0.487
 0.433
 0.415
 0.430
 0.453
 0.411
 0.440
 0.484
 0.447
 0.426
 0.418
 0.447
 0.395
 0.428
 0.399
 0.463
 0.428
 0.445
 0.419
 0.384
 0.423
 0.498
 0.439
 0.445
 0.409
 0.433
 0.391
 0.465
 0.488
 0.429
 0.500
 0.458
 0.458
 0.475
 0.461
 0.387
 0.420
 0.461
 0.444
 0.442
 0.440
 0.470
 0.452
 0.433
 0.462
 0.488
 0.459
 0.483
 0.450
 0.418
 0.496
 0.467
 0.466
 0.462
 0.447
 0.379
 0.443
 0.421
 0.421
 0.441
 0.431
 0.450
 0.436
 0.451
 0.474
 0.461
 0.476
 0.467
 0.451
 0.412
 0.444
 0.431
 0.471
 0.435
 0.481
 0.458
 0.414
 0.421
 0.491
 0.455
 0.483
 0.438
 0.469
 0.468
 0.463
 0.447
 0.469
 0.443
 0.448
 0.465
 0.441
 0.432
 0.425
 0.428
 0.464
 0.436
 0.462
 0.476
 0.469
 0.399
 0.457
 0.440
 0.434
 0.483
 0.426
 0.446
 0.400
 0.430
 0.411
 0.470
 0.404
 0.400
 0.456
 0.437
 0.411
 0.469
 0.468
 0.447
 0.462
 0.473
 0.486
 0.446
 0.433
 0.464
 0.448
 0.434
 0.397
 0.444
 0.420
 0.408
 0.483
 0.444
 0.461
 0.415
 0.465
 0.440
 0.426
 0.420
 0.450
 0.472
 0.394
 0.457
 0.446
 0.442
 0.483
 0.412
 0.432
 0.473
 0.471
 0.474
 0.419
 0.435
 0.440
 0.442
 0.419
 0.483
 0.438
 0.449
 0.466
 0.434
 0.435
 0.462
 0.453
 0.460
 0.467
 0.476
 0.437
 0.445
 0.429
 0.473
 0.426
 0.402
 0.464
 0.439
 0.444
 0.458
 0.460
 0.464
 0.426
 0.425
 0.429
 0.384
 0.427
 0.468
 0.466
 0.474
 0.426
 0.447
 0.448
 0.431
 0.455
 0.452
 0.432
 0.526
 0.416
 0.428
 0.431
 0.475
 0.392
 0.478
 0.431
 0.442
 0.434
 0.448
 0.471
 0.457
 0.440
 0.450
 0.452
 0.450
 0.413
 0.441
 0.478
 0.411
 0.406
 0.468
 0.421
 0.455
 0.478
 0.432
 0.472
 0.442
 0.480
 0.435
 0.458
 0.492
 0.397
 0.419
 0.430
 0.413
 0.443
 0.464
 0.429
 0.394
 0.496
 0.434
 0.425
 0.486
 0.442
 0.493
 0.426
 0.483
 0.436
 0.445
 0.463
 0.434
 0.389
 0.433
 0.406
 0.427
 0.474
 0.462
 0.433
 0.468
 0.423
 0.482
 0.436
 0.443
 0.464
 0.420
 0.452
 0.485
 0.449
 0.426
 0.527
 0.422
 0.431
 0.507
 0.445
 0.446
 0.423
 0.489
 0.409
 0.444
 0.415
 0.472
 0.499
 0.415
 0.430
 0.431
 0.408
 0.470
 0.461
 0.441
 0.468
 0.417
 0.439
 0.437
 0.489
 0.469
 0.470
 0.471
 0.450
 0.470
 0.423
 0.456
 0.433
 0.457
 0.402
 0.449
 0.447
 0.427
 0.468
 0.399
 0.391
 0.439
 0.493
 0.465
 0.451
 0.414
 0.419
 0.503
 0.509
 0.477
 0.460
 0.434
 0.437
 0.367
 0.440
 0.434
 0.470
 0.461
 0.465
 0.450
 0.419
 0.434
 0.521
 0.424
 0.420
 0.439
 0.434
 0.447
 0.377
 0.452
 0.445
 0.433
 0.416
 0.403
 0.449
 0.456
 0.454
 0.441
 0.463
 0.496
 0.443
 0.409
 0.481
 0.433
 0.411
 0.451
 0.464
 0.455
 0.434
 0.411
 0.401
 0.438
 0.453
 0.455
 0.468
 0.396
 0.420
 0.431
 0.456
 0.413
 0.390
 0.438
 0.493
 0.463
 0.427
 0.441
 0.396
 0.473
 0.445
 0.469
 0.476
 0.439
 0.445
 0.443
 0.435
 0.481
 0.460
 0.425
 0.429
 0.425
 0.441
 0.434
 0.457
 0.454
 0.468
 0.481
 0.426
 0.403
 0.425
 0.442
 0.448
 0.444
 0.466
 0.435
 0.468
 0.491
 0.431
 0.483
 0.397
 0.427
 0.437
 0.485
 0.410
 0.450
 0.427
 0.421
 0.456
 0.435
 0.400
 0.455
 0.464
 0.382
 0.437
 0.437
 0.448
 0.461
 0.377
 0.483
 0.474
 0.410
 0.460
 0.432
 0.459
 0.452
 0.403
 0.476
 0.464
 0.499
 0.458
 0.408
 0.472
 0.439
 0.436
 0.405
 0.433
 0.473
 0.462
 0.419
 0.434
 0.407
 0.446
 0.457
 0.458
 0.469
 0.474
 0.414
 0.448
 0.463
 0.505
 0.492
 0.428
 0.455
 0.472
 0.423
 0.485
 0.417
 0.428
 0.404
 0.427
 0.474
 0.453
 0.475
 0.422
 0.444
 0.401
 0.452
 0.474
 0.428
 0.452
 0.418
 0.409
 0.497
 0.469
 0.425
 0.427
 0.367
 0.407
 0.445
 0.437
 0.424
 0.451
 0.388
 0.437
 0.428
 0.430
 0.398
 0.449
 0.461
 0.473
 0.416
 0.382
 0.424
 0.454
 0.420
 0.523
 0.428
 0.449
 0.438
 0.459
 0.441
 0.449
 0.456
 0.427
 0.465
 0.441
 0.440
 0.423
 0.476
 0.456
 0.456
 0.445
 0.523
 0.465
 0.461
 0.409
 0.476
 0.489
 0.450
 0.409
 0.441
 0.434
 0.484
 0.451
 0.385
 0.487
 0.433
 0.455
 0.489
 0.465
 0.449
 0.409
 0.485
 0.404
 0.458
 0.417
 0.424
 0.446
 0.453
 0.451
 0.449
 0.460
 0.370
 0.435
 0.426
 0.451
 0.486
 0.424
 0.386
 0.482
 0.468
 0.496
 0.436
 0.479
 0.401
 0.433
 0.423
 0.383
 0.394
 0.409
 0.457
 0.432
 0.439
 0.422
 0.424
 0.487
 0.428
 0.440
 0.455
 0.445
 0.431
 0.388
 0.445
 0.454
 0.393
 0.435
 0.477
 0.447
 0.459
 0.489
 0.411
 0.409
 0.457
 0.444
 0.428
 0.461
 0.457
 0.424
 0.433
 0.461
 0.445
 0.428
 0.426
 0.438
 0.446
 0.426
 0.421
 0.467
 0.493
 0.448
 0.410
 0.458
 0.416
 0.418
 0.453
 0.486
 0.383
 0.476
 0.488
 0.424
 0.396
 0.399
 0.435
 0.457
 0.408
 0.428
 0.453
 0.430
 0.387
 0.464
 0.415
 0.447
 0.419
 0.403
 0.490
 0.441
 0.433
 0.455
 0.393
 0.458
 0.475
 0.436
 0.441
 0.464
 0.466
 0.500
 0.466
 0.461
 0.489
 0.472
 0.432
 0.401
 0.486
 0.422
 0.416
 0.422
 0.433
 0.468
 0.432
 0.429
 0.424
 0.434
 0.512
 0.435
 0.444
 0.460
 0.445
 0.389
 0.485
 0.395
 0.398
 0.431
 0.520
 0.461
 0.413
 0.438
 0.415
 0.457
 0.430
 0.396
 0.425
 0.425
 0.436
 0.437
 0.414
 0.515
 0.449
 0.394
 0.441
 0.455
 0.432
 0.420
 0.437
 0.458
 0.492
 0.468
 0.425
 0.437
 0.438
 0.496
 0.495
 0.402
 0.477
 0.443
 0.451
 0.446
 0.400
 0.473
 0.453
 0.454
 0.393
 0.452
 0.402
 0.416
 0.478
 0.372
 0.433
 0.429
 0.465
 0.471
 0.454
 0.405
 0.468
 0.376
 0.478
 0.461
 0.427
 0.463
 0.439
 0.443
 0.407
 0.511
 0.408
 0.453
 0.438
 0.441
 0.467
 0.398
 0.473
 0.482
 0.522
 0.466
 0.445
 0.452
 0.430
 0.449
 0.413
 0.431
 0.446
 0.450
 0.418
 0.475
 0.392
 0.429
 0.415
 0.465
 0.449
 0.449
 0.409
 0.446
 0.458
 0.447
 0.473
 0.487
 0.385
 0.442
 0.459
 0.415
 0.425
 0.450
 0.462
 0.470
 0.457
 0.467
 0.390
 0.440
 0.431
 0.405
 0.442
 0.420
 0.437
 0.431
 0.423
 0.507
 0.395
 0.410
 0.426
 0.393
 0.497
 0.479
 0.461
 0.435
 0.435
 0.487
 0.420
 0.444
 0.483
 0.427
 0.463
 0.408
 0.420
 0.387
 0.398
 0.486
 0.441
 0.503
 0.410
 0.465
 0.416
 0.415
 0.459
 0.440
 0.392
 0.413
 0.408
 0.401
 0.459
 0.418
 0.422
 0.459
 0.449
 0.471
 0.445
 0.461
 0.437
 0.482
 0.399
 0.455
 0.446
 0.492
 0.438
 0.465
 0.401
 0.487
 0.450
 0.456
 0.413
 0.516
 0.446
 0.374
 0.470
 0.444
 0.429
 0.446
 0.375
 0.466
 0.427
 0.416
 0.466
 0.403
 0.462
 0.436
 0.434
 0.466
 0.467
 0.447
 0.464
 0.464
 0.399
 0.431
 0.431
 0.430
 0.456
 0.397
 0.460
 0.489
 0.492
 0.414
 0.422
 0.463
 0.420
 0.398
 0.449
 0.506
 0.462
 0.417
 0.492
 0.463
 0.427
 0.380
 0.452
 0.427
 0.465
 0.397
 0.464
 0.423
 0.421
 0.434
 0.457
 0.501
 0.416
 0.483
 0.478
 0.443
 0.464
 0.441
 0.445
 0.446
 0.467
 0.483
 0.420
 0.445
 0.398
 0.463
 0.476
 0.457
 0.402
 0.439
 0.406
 0.432
 0.467
 0.486
 0.419
 0.431
 0.487
 0.413
 0.468
 0.404
 0.412
 0.455
 0.450
 0.463
 0.464
 0.451
 0.413
 0.490
 0.414
 0.428
 0.442
 0.442
 0.484
 0.396
 0.462
 0.436
 0.429
 0.421
 0.413
 0.441
 0.459
 0.428
 0.465
 0.450
 0.372
 0.426
 0.399
 0.433
 0.463
 0.423
 0.452
 0.432
 0.428
 0.419
 0.398
 0.428
 0.465
 0.437
 0.481
 0.452
 0.429
 0.455
 0.466
 0.448
 0.443
 0.479
 0.458
 0.429
 0.432
 0.435
 0.448
 0.447
 0.474
 0.488
 0.449
 0.477
 0.500
 0.453
 0.455
 0.438
 0.468
 0.402
 0.467
 0.449
 0.456
 0.476
 0.451
 0.447
 0.398
 0.406
 0.428
 0.430
 0.463
 0.441
 0.458
 0.466
 0.442
 0.439
 0.455
 0.409
 0.475
 0.357
 0.452
 0.421
 0.464
 0.449
 0.433
 0.468
 0.471
 0.467
 0.474
 0.475
 0.388
 0.438
 0.479
 0.463
 0.461
 0.451
 0.419
 0.434
 0.489
 0.471
 0.469
 0.465
 0.430
 0.447
 0.428
 0.433
 0.459
 0.467
 0.493
 0.425
 0.458
 0.454
 0.445
 0.475
 0.482
 0.420
 0.432
 0.473
 0.448
 0.422
 0.441
 0.462
 0.435
 0.464
 0.379
 0.414
 0.460
 0.456
 0.447
 0.392
 0.475
 0.430
 0.417
 0.496
 0.462
 0.468
 0.461
 0.406
 0.425
 0.429
 0.430
 0.393
 0.459
 0.537
 0.431
 0.457
 0.471
 0.424
 0.497
 0.456
 0.449
 0.449
 0.439
 0.481
 0.467
 0.474
 0.408
 0.476
 0.414
 0.397
 0.432
 0.435
 0.440
 0.456
 0.416
 0.388
 0.465
 0.394
 0.439
 0.460
 0.475
 0.463
 0.439
 0.452
 0.474
 0.407
 0.469
 0.470
 0.433
 0.432
 0.438
 0.463
 0.416
 0.430
 0.426
 0.475
 0.451
 0.413
 0.428
 0.463
 0.465
 0.473
 0.444
 0.449
 0.478
 0.444
 0.462
 0.483
 0.437
 0.462
 0.446
 0.456
 0.456
 0.449
 0.441
 0.397
 0.467
 0.417
 0.403
 0.407
 0.453
 0.454
 0.422
 0.466
 0.465
 0.433
 0.430
 0.430
 0.466
 0.423
 0.419
 0.473
 0.447
 0.416
 0.441
 0.408
 0.431
 0.423
 0.453
 0.436
 0.430
 0.444
 0.426
 0.471
 0.457
 0.472
 0.443
 0.451
 0.472
 0.479
 0.451
 0.446
 0.431
 0.464
 0.434
 0.443
 0.435
 0.396
 0.435
 0.445
 0.422
 0.445
 0.458
 0.430
 0.489
 0.479
 0.430
 0.384
 0.455
 0.456
 0.413
 0.443
 0.429
 0.465
 0.436
 0.454
 0.469
 0.424
 0.441
 0.396
 0.452
 0.346
 0.437
 0.444
 0.447
 0.439
 0.481
 0.443
 0.474
 0.444
 0.421
 0.474
 0.433
 0.399
 0.453
 0.432
 0.454
 0.465
 0.466
 0.452
 0.432
 0.442
 0.439
 0.394
 0.453
 0.403
 0.437
 0.456
 0.437
 0.467
 0.427
 0.446
 0.491
 0.441
 0.414
 0.428
 0.447
 0.432
 0.401
 0.483
 0.475
 0.465
 0.461
 0.439
 0.429
 0.469
 0.478
 0.425
 0.425
 0.452
 0.403
 0.458
 0.435
 0.461
 0.430
 0.404
 0.448
 0.451
 0.433
 0.452
 0.504
 0.455
 0.399
 0.436
 0.453
 0.481
 0.397
 0.467
 0.428
 0.469
 0.437
 0.465
 0.432
 0.393
 0.450
 0.464
 0.434
 0.453
 0.447
 0.419
 0.432
 0.477
 0.400
 0.457
 0.506
 0.441
 0.458
 0.381
 0.440
 0.450
 0.427
 0.522
 0.441
 0.453
 0.474
 0.482
 0.447
 0.442
 0.418
 0.439
 0.468
 0.426
 0.477
 0.484
 0.425
 0.452
 0.441
 0.453
 0.479
 0.420
 0.465
 0.418
 0.445
 0.463
 0.448
 0.467
 0.415
 0.471
 0.474
 0.417
 0.437
 0.432
 0.476
 0.488
 0.473
 0.396
 0.505
 0.436
 0.447
 0.458
 0.420
 0.413
 0.446
 0.408
 0.365
 0.458
 0.378
 0.441
 0.456
 0.463
 0.446
 0.455
 0.398
 0.420
 0.409
 0.447
 0.423
 0.473
 0.393
 0.444
 0.397
 0.449
 0.476
 0.444
 0.459
 0.457
 0.465
 0.437
 0.369
 0.444
 0.449
 0.417
 0.472
 0.417
 0.455
 0.449
 0.453
 0.439
 0.462
 0.445
 0.404
 0.436
 0.471
 0.460
 0.424
 0.461
 0.427
 0.455
 0.465
 0.500
 0.464
 0.420
 0.445
 0.463
 0.489
 0.439
 0.408
 0.418
 0.426
 0.458
 0.454
 0.477
 0.458
 0.428
 0.435
 0.449
 0.451
 0.441
 0.483
 0.420
 0.464
 0.440
 0.475
 0.437
 0.459
 0.426
 0.406
 0.402
 0.454
 0.456
 0.439
 0.450
 0.463
 0.401
 0.476
 0.447
 0.453
 0.417
 0.446
 0.477
 0.385
 0.419
 0.420
 0.390
 0.496
 0.447
 0.432
 0.401
 0.442
 0.429
 0.439
 0.425
 0.471
 0.394
 0.420
 0.465
 0.419
 0.441
 0.442
 0.456
 0.534
 0.471
 0.404
 0.439
 0.432
 0.421
 0.446
 0.495
 0.456
 0.427
 0.521
 0.423
 0.448
 0.468
 0.421
 0.461
 0.422
 0.445
 0.438
 0.454
 0.446
 0.419
 0.461
 0.440
 0.421
 0.368
 0.447
 0.456
 0.441
 0.437
 0.456
 0.409
 0.474
 0.455
 0.443
 0.369
 0.488
 0.466
 0.420
 0.416
 0.455
 0.451
 0.480
 0.489
 0.413
 0.443
 0.436
 0.414
 0.506
 0.457
 0.433
 0.444
 0.458
 0.463
 0.457
 0.411
 0.482
 0.443
 0.472
 0.423
 0.447
 0.452
 0.441
 0.455
 0.423
 0.410
 0.452
 0.408
 0.414
 0.509
 0.421
 0.440
 0.459
 0.431
 0.386
 0.459
 0.491
 0.445
 0.478
 0.510
 0.400
 0.460
 0.403
 0.470
 0.417
 0.479
 0.501
 0.418
 0.423
 0.450
 0.487
 0.457
 0.494
 0.453
 0.457
 0.423
 0.371
 0.453
 0.479
 0.428
 0.462
 0.515
 0.522
 0.397
 0.431
 0.427
 0.419
 0.452
 0.465
 0.435
 0.400
 0.375
 0.488
 0.455
 0.460
 0.418
 0.407
 0.440
 0.430
 0.465
 0.426
 0.453
 0.434
 0.451
 0.478
 0.449
 0.400
 0.442
 0.413
 0.453
 0.488
 0.395
 0.429
 0.402
 0.459
 0.435
 0.409
 0.410
 0.439
 0.425
 0.465
 0.451
 0.467
 0.469
 0.478
 0.420
 0.443
 0.459
 0.405
 0.460
 0.498
 0.448
 0.447
 0.410
 0.483
 0.468
 0.492
 0.411
 0.409
 0.434
 0.422
 0.435
 0.456
 0.482
 0.471
 0.466
 0.436
 0.447
 0.487
 0.433
 0.444
 0.436
 0.447
 0.448
 0.448
 0.450
 0.448
 0.459
 0.406
 0.419
 0.440
 0.425
 0.389
 0.437
 0.459
 0.461
 0.436
 0.476
 0.434
 0.394
 0.461
 0.441
 0.427
 0.449
 0.498
 0.440
 0.465
 0.397
 0.511
 0.474
 0.401
 0.416
 0.432
 0.462
 0.435
 0.451
 0.461
 0.412
 0.428
 0.416
 0.443
 0.482
 0.417
 0.437
 0.421
 0.459
 0.448
 0.431
 0.412
 0.443
 0.416
 0.413
 0.437
 0.432
 0.352
 0.449
 0.440
 0.449
 0.437
 0.465
 0.456
 0.385
 0.446
 0.408
 0.434
 0.405
 0.417
 0.401
 0.459
 0.443
 0.421
 0.437
 0.436
 0.439
 0.405
 0.441
 0.425
 0.410
 0.479
 0.485
 0.426
 0.404
 0.420
 0.414
 0.436
 0.501
 0.402
 0.429
 0.435
 0.417
 0.447
 0.444
 0.440
 0.441
 0.401
 0.431
 0.457
 0.495
 0.461
 0.453
 0.498
 0.475
 0.458
 0.470
 0.449
 0.427
 0.446
 0.456
 0.420
 0.459
 0.455
 0.372
 0.469
 0.428
 0.465
 0.439
 0.431
 0.394
 0.423
 0.445
 0.447
 0.458
 0.474
 0.448
 0.411
 0.444
 0.434
 0.420
 0.499
 0.474
 0.446
 0.395
 0.446
 0.437
 0.439
 0.424
 0.489
 0.466
 0.459
 0.440
 0.454
 0.450
 0.439
 0.427
 0.496
 0.410
 0.463
 0.471
 0.421
 0.417
 0.472
 0.420
 0.464
 0.476
 0.419
 0.482
 0.432
 0.422
 0.460
 0.466
 0.467
 0.447
 0.424
 0.413
 0.424
 0.432
 0.435
 0.419
 0.436
 0.464
 0.421
 0.428
 0.468
 0.461
 0.457
 0.390
 0.467
 0.460
 0.486
 0.426
 0.455
 0.433
 0.441
 0.506
 0.430
 0.423
 0.442
 0.436
 0.460
 0.462
 0.395
 0.414
 0.457
 0.427
 0.451
 0.441
 0.432
 0.432
 0.444
 0.447
 0.481
 0.445
 0.436
 0.410
 0.446
 0.477
 0.441
 0.453
 0.476
 0.474
 0.465
 0.388
 0.414
 0.386
 0.440
 0.458
 0.429
 0.487
 0.439
 0.472
 0.436
 0.427
 0.450
 0.483
 0.410
 0.451
 0.434
 0.432
 0.429
 0.482
 0.461
 0.425
 0.436
 0.500
 0.410
 0.471
 0.440
 0.452
 0.483
 0.411
 0.465
 0.439
 0.484
 0.455
 0.427
 0.461
 0.443
 0.411
 0.468
 0.465
 0.432
 0.443
 0.405
 0.420
 0.482
 0.416
 0.431
 0.446
 0.402
 0.484
 0.425
 0.442
 0.434
 0.441
 0.467
 0.397
 0.484
 0.444
 0.430
 0.421
 0.482
 0.455
 0.490
 0.428
 0.449
 0.433
 0.491
 0.413
 0.472
 0.414
 0.438
 0.422
 0.462
 0.418
 0.400
 0.473
 0.448
 0.466
 0.411
 0.357
 0.429
 0.423
 0.484
 0.413
 0.458
 0.440
 0.472
 0.454
 0.463
 0.439
 0.439
 0.465
 0.426
 0.432
 0.461
 0.452
 0.489
 0.509
 0.427
 0.423
 0.451
 0.489
 0.442
 0.390
 0.448
 0.494
 0.431
 0.446
 0.489
 0.405
 0.432
 0.448
 0.406
 0.453
 0.439
 0.410
 0.450
 0.440
 0.415
 0.371
 0.417
 0.467
 0.467
 0.540
 0.447
 0.464
 0.456
 0.377
 0.459
 0.414
 0.421
 0.390
 0.481
 0.442
 0.400
 0.427
 0.442
 0.484
 0.444
 0.435
 0.405
 0.468
 0.453
 0.430
 0.430
 0.423
 0.464
 0.462
 0.500
 0.452
 0.423
 0.448
 0.454
 0.417
 0.425
 0.492
 0.442
 0.462
 0.451
 0.456
 0.433
 0.495
 0.454
 0.396
 0.460
 0.480
 0.411
 0.437
 0.419
 0.430
 0.418
 0.408
 0.489
 0.393
 0.415
 0.429
 0.433
 0.414
 0.436
 0.436
 0.387
 0.455
 0.393
 0.422
 0.449
 0.434
 0.448
 0.399
 0.420
 0.426
 0.446
 0.488
 0.428
 0.504
 0.419
 0.453
 0.458
 0.470
 0.432
 0.437
 0.427
 0.481
 0.436
 0.454
 0.422
 0.446
 0.472
 0.471
 0.452
 0.478
 0.471
 0.458
 0.454
 0.465
 0.458
 0.424
 0.475
 0.465
 0.416
 0.406
 0.446
 0.395
 0.429
 0.480
 0.477
 0.464
 0.419
 0.443
 0.435
 0.409
 0.457
 0.399
 0.453
 0.422
 0.458
 0.476
 0.466
 0.442
 0.414
 0.374
 0.460
 0.413
 0.430
 0.476
 0.419
 0.446
 0.476
 0.380
 0.436
 0.418
 0.454
 0.470
 0.421
 0.500
 0.422
 0.399
 0.440
 0.472
 0.428
 0.400
 0.435
 0.454
 0.457
 0.449
 0.436
 0.416
 0.420
 0.436
 0.463
 0.424
 0.437
 0.443
 0.373
 0.430
 0.458
 0.417
 0.458
 0.408
 0.494
 0.460
 0.438
 0.496
 0.448
 0.404
 0.465
 0.445
 0.405
 0.422
 0.441
 0.441
 0.424
 0.406
 0.430
 0.486
 0.425
 0.489
 0.467
 0.428
 0.422
 0.506
 0.432
 0.443
 0.508
 0.515
 0.425
 0.453
 0.375
 0.431
 0.406
 0.498
 0.424
 0.494
 0.460
 0.394
 0.472
 0.474
 0.413
 0.450
 0.465
 0.466
 0.425
 0.449
 0.405
 0.421
 0.432
 0.403
 0.441
 0.435
 0.406
 0.454
 0.464
 0.460
 0.453
 0.452
 0.376
 0.432
 0.467
 0.445
 0.389
 0.438
 0.442
 0.456
 0.381
 0.439
 0.439
 0.483
 0.458
 0.470
 0.424
 0.487
 0.420
 0.451
 0.470
 0.434
 0.473
 0.474
 0.431
 0.441
 0.453
 0.431
 0.447
 0.427
 0.418
 0.440
 0.436
 0.444
 0.396
 0.446
 0.419
 0.404
 0.436
 0.446
 0.466
 0.432
 0.423
 0.423
 0.432
 0.459
 0.470
 0.449
 0.448
 0.450
 0.435
 0.483
 0.467
 0.494
 0.471
 0.480
 0.460
 0.439
 0.463
 0.476
 0.456
 0.474
 0.468
 0.436
 0.429
 0.456
 0.456
 0.469
 0.463
 0.470
 0.436
 0.457
 0.443
 0.428
 0.461
 0.484
 0.423
 0.438
 0.463
 0.462
 0.468
 0.419
 0.467
 0.394
 0.511
 0.418
 0.468
 0.465
 0.433
 0.421
 0.475
 0.387
 0.461
 0.428
 0.452
 0.491
 0.446
 0.436
 0.436
 0.434
 0.434
 0.388
 0.418
 0.444
 0.471
 0.427
 0.476
 0.445
 0.408
 0.418
 0.404
 0.436
 0.467
 0.428
 0.390
 0.485
 0.415
 0.494
 0.423
 0.399
 0.453
 0.444
 0.420
 0.439
 0.470
 0.445
 0.411
 0.444
 0.382
 0.431
 0.457
 0.438
 0.458
 0.437
 0.433
 0.414
 0.418
 0.466
 0.434
 0.499
 0.476
 0.411
 0.471
 0.428
 0.474
 0.417
 0.434
 0.478
 0.454
 0.467
 0.446
 0.489
 0.404
 0.491
 0.473
 0.425
 0.414
 0.454
 0.452
 0.465
 0.447
 0.422
 0.434
 0.451
 0.435
 0.414
 0.467
 0.420
 0.436
 0.444
 0.452
 0.419
 0.448
 0.410
 0.454
 0.432
 0.437
 0.445
 0.533
 0.371
 0.421
 0.407
 0.439
 0.435
 0.474
 0.438
 0.408
 0.448
 0.446
 0.417
 0.426
 0.462
 0.414
 0.498
 0.466
 0.474
 0.462
 0.473
 0.471
 0.417
 0.417
 0.444
 0.476
 0.404
 0.473
 0.473
 0.463
 0.460
 0.483
 0.446
 0.416
 0.418
 0.510
 0.425
 0.445
 0.412
 0.481
 0.438
 0.444
 0.432
 0.451
 0.426
 0.452
 0.404
 0.481
 0.451
 0.433
 0.462
 0.397
 0.461
 0.467
 0.488
 0.417
 0.446
 0.444
 0.444
 0.457
 0.451
 0.461
 0.419
 0.462
 0.435
 0.437
 0.402
 0.458
 0.437
 0.435
 0.416
 0.451
 0.480
 0.468
 0.456
 0.474
 0.467
 0.432
 0.438
 0.395
 0.412
 0.377
 0.460
 0.454
 0.424
 0.389
 0.490
 0.445
 0.441
 0.433
 0.418
 0.442
 0.460
 0.431
 0.447
 0.443
 0.457
 0.401
 0.431
 0.435
 0.463
 0.468
 0.476
 0.415
 0.469
 0.435
 0.435
 0.409
 0.379
 0.487
 0.457
 0.440
 0.448
 0.404
 0.485
 0.458
 0.429
 0.390
 0.505
 0.451
 0.446
 0.444
 0.477
 0.419
 0.432
 0.431
 0.482
 0.398
 0.431
 0.474
 0.407
 0.476
 0.480
 0.427
 0.460
 0.410
 0.508
 0.438
 0.485
 0.471
 0.429
 0.481
 0.367
 0.435
 0.399
 0.442
 0.428
 0.420
 0.463
 0.397
 0.484
 0.421
 0.445
 0.469
 0.421
 0.442
 0.440
 0.486
 0.469
 0.405
 0.447
 0.455
 0.452
 0.463
 0.372
 0.454
 0.464
 0.435
 0.420
 0.420
 0.402
 0.456
 0.412
 0.464
 0.438
 0.456
 0.480
 0.435
 0.501
 0.426
 0.446
 0.452
 0.389
 0.449
 0.462
 0.468
 0.448
 0.450
 0.447
 0.444
 0.408
 0.440
 0.426
 0.423
 0.450
 0.468
 0.448
 0.447
 0.467
 0.402
 0.432
 0.408
 0.435
 0.420
 0.434
 0.413
 0.403
 0.456
 0.423
 0.476
 0.424
 0.479
 0.449
 0.426
 0.440
 0.443
 0.423
 0.459
 0.501
 0.489
 0.472
 0.491
 0.412
 0.461
 0.456
 0.484
 0.454
 0.436
 0.442
 0.482
 0.435
 0.477
 0.450
 0.411
 0.463
 0.437
 0.434
 0.405
 0.410
 0.422
 0.420
 0.429
 0.406
 0.458
 0.463
 0.449
 0.408
 0.465
 0.425
 0.440
 0.491
 0.390
 0.469
 0.423
 0.486
 0.467
 0.441
 0.494
 0.416
 0.461
 0.424
 0.465
 0.474
 0.471
 0.455
 0.468
 0.436
 0.468
 0.452
 0.478
 0.417
 0.432
 0.410
 0.399
 0.455
 0.453
 0.438
 0.425
 0.505
 0.476
 0.450
 0.440
 0.460
 0.448
 0.424
 0.481
 0.484
 0.410
 0.442
 0.412
 0.432
 0.423
 0.497
 0.438
 0.410
 0.394
 0.447
 0.497
 0.464
 0.469
 0.473
 0.429
 0.463
 0.425
 0.470
 0.447
 0.437
 0.487
 0.475
 0.400
 0.401
 0.427
 0.458
 0.447
 0.448
 0.416
 0.489
 0.445
 0.451
 0.444
 0.481
 0.428
 0.424
 0.417
 0.450
 0.433
 0.437
 0.492
 0.435
 0.438
 0.438
 0.464
 0.413
 0.362
 0.455
 0.442
 0.494
 0.439
 0.430
 0.450
 0.436
 0.420
 0.424
 0.434
 0.447
 0.475
 0.419
 0.413
 0.413
 0.438
 0.448
 0.496
 0.453
 0.470
 0.478
 0.433
 0.427
 0.421
 0.457
 0.415
 0.435
 0.444
 0.404
 0.453
 0.436
 0.470
 0.424
 0.441
 0.451
 0.466
 0.457
 0.469
 0.471
 0.429
 0.475
 0.451
 0.464
 0.439
 0.485
 0.418
 0.474
 0.410
 0.485
 0.486
 0.432
 0.461
 0.476
 0.417
 0.458
 0.482
 0.411
 0.479
 0.437
 0.489
 0.451
 0.447
 0.399
 0.431
 0.434
 0.441
 0.451
 0.516
 0.427
 0.458
 0.450
 0.409
 0.462
 0.448
 0.448
 0.433
 0.396
 0.434
 0.468
 0.447
 0.441
 0.424
 0.495
 0.472
 0.482
 0.396
 0.479
 0.437
 0.416
 0.472
 0.453
 0.415
 0.416
 0.446
 0.502
 0.442
 0.477
 0.465
 0.462
 0.435
 0.400
 0.424
 0.509
 0.485
 0.451
 0.431
 0.400
 0.483
 0.466
 0.460
 0.452
 0.412
 0.464
 0.467
 0.458
 0.364
 0.399
 0.398
 0.426
 0.456
 0.475
 0.437
 0.405
 0.455
 0.465
 0.430
 0.465
 0.410
 0.523
 0.446
 0.479
 0.446
 0.445
 0.460
 0.480
 0.422
 0.455
 0.444
 0.466
 0.425
 0.454
 0.508
 0.454
 0.475
 0.442
 0.478
 0.446
 0.405
 0.425
 0.379
 0.494
 0.474
 0.437
 0.459
 0.458
 0.417
 0.431
 0.412
 0.399
 0.420
 0.478
 0.454
 0.453
 0.437
 0.474
 0.429
 0.477
 0.399
 0.450
 0.462
 0.443
 0.446
 0.506
 0.400
 0.482
 0.453
 0.420
 0.435
 0.441
 0.512
 0.443
 0.461
 0.435
 0.468
 0.449
 0.471
 0.425
 0.439
 0.415
 0.478
 0.453
 0.428
 0.412
 0.406
 0.403
 0.476
 0.386
 0.466
 0.415
 0.436
 0.444
 0.455
 0.406
 0.465
 0.427
 0.480
 0.442
 0.456
 0.415
 0.461
 0.446
 0.423
 0.421
 0.424
 0.404
 0.441
 0.467
 0.471
 0.409
 0.447
 0.445
 0.478
 0.405
 0.411
 0.492
 0.384
 0.409
 0.423
 0.420
 0.416
 0.467
 0.390
 0.423
 0.450
 0.452
 0.452
 0.463
 0.471
 0.408
 0.475
 0.487
 0.410
 0.414
 0.441
 0.429
 0.436
 0.411
 0.470
 0.422
 0.466
 0.433
 0.427
 0.451
 0.461
 0.426
 0.440
 0.442
 0.416
 0.402
 0.421
 0.474
 0.443
 0.419
 0.416
 0.492
 0.493
 0.501
 0.462
 0.450
 0.497
 0.437
 0.374
 0.445
 0.427
 0.389
 0.438
 0.443
 0.420
 0.431
 0.445
 0.460
 0.434
 0.380
 0.447
 0.461
 0.446
 0.396
 0.448
 0.448
 0.434
 0.405
 0.441
 0.440
 0.417
 0.447
 0.479
 0.413
 0.477
 0.417
 0.406
 0.457
 0.452
 0.482
 0.413
 0.458
 0.439
 0.432
 0.425
 0.424
 0.380
 0.420
 0.444
 0.449
 0.444
 0.419
 0.465
 0.411
 0.419
 0.413
 0.447
 0.480
 0.419
 0.465
 0.455
 0.466
 0.460
 0.409
 0.446
 0.448
 0.385
 0.423
 0.472
 0.415
 0.462
 0.465
 0.491
 0.426
 0.435
 0.467
 0.446
 0.468
 0.471
 0.468
 0.481
 0.487
 0.439
 0.431
 0.502
 0.435
 0.490
 0.462
 0.422
 0.403
 0.456
 0.453
 0.429
 0.403
 0.402
 0.488
 0.474
 0.437
 0.412
 0.433
 0.422
 0.475
 0.407
 0.436
 0.413
 0.376
 0.447
 0.448
 0.469
 0.442
 0.420
 0.395
 0.445
 0.441
 0.420
 0.429
 0.451
 0.452
 0.467
 0.426
 0.438
 0.473
 0.459
 0.496
 0.432
 0.478
 0.448
 0.481
 0.473
 0.392
 0.417
 0.461
 0.408
 0.456
 0.459
 0.445
 0.450
 0.478
 0.394
 0.425
 0.402
 0.465
 0.410
 0.419
 0.432
 0.416
 0.459
 0.419
 0.440
 0.448
 0.441
 0.379
 0.450
 0.417
 0.446
 0.453
 0.462
 0.422
 0.452
 0.481
 0.458
 0.410
 0.419
 0.442
 0.447
 0.402
 0.496
 0.425
 0.448
 0.449
 0.421
 0.487
 0.417
 0.400
 0.414
 0.403
 0.380
 0.416
 0.465
 0.417
 0.446
 0.448
 0.456
 0.448
 0.443
 0.388
 0.396
 0.424
 0.407
 0.425
 0.448
 0.438
 0.445
 0.498
 0.414
 0.421
 0.428
 0.445
 0.411
 0.471
 0.390
 0.420
 0.436
 0.404
 0.479
 0.415
 0.406
 0.424
 0.457
 0.457
 0.423
 0.459
 0.442
 0.430
 0.458
 0.422
 0.428
 0.478
 0.427
 0.384
 0.418
 0.479
 0.475
 0.422
 0.415
 0.452
 0.464
 0.445
 0.417
 0.414
 0.385
 0.481
 0.436
 0.474
 0.457
 0.440
 0.435
 0.448
 0.449
 0.377
 0.436
 0.424
 0.464
 0.437
 0.474
 0.478
 0.446
 0.434
 0.482
 0.486
 0.416
 0.474
 0.467
 0.468
 0.412
 0.488
 0.428
 0.430
 0.463
 0.443
 0.442
 0.443
 0.453
 0.484
 0.442
 0.447
 0.464
 0.424
 0.466
 0.444
 0.444
 0.446
 0.447
 0.482
 0.422
 0.426
 0.418
 0.472
 0.443
 0.414
 0.442
 0.499
 0.427
 0.451
 0.449
 0.425
 0.431
 0.405
 0.424
 0.362
 0.426
 0.412
 0.464
 0.454
 0.403
 0.428
 0.446
 0.431
 0.459
 0.384
 0.447
 0.481
 0.485
 0.432
 0.457
 0.462
 0.464
 0.405
 0.434
 0.433
 0.469
 0.445
 0.453
 0.420

