13 0.766396966955014
14 0.6031502827515679
15 0.5140249756363259
16 0.09101036953183961
17 0.6260765771490016
18 0.004866207310790238
19 0.21899896913682715
20 0.3874312238169968
21 0.26429904746868826
22 0.7484381577323242
23 0.5212462445022453
24 0.7320453318352192
25 0.6106337553191191
26 0.42235927429964626
27 0.13631580035809865
28 0.19185547158705407
29 0.5999737965929876
30 0.22271915683296983
31 0.1159650514892836
32 0.4678039755069182
33 0.6767499186752785
34 0.6209043917386758
35 0.7079668763778465
36 0.21836348640239556
37 0.6015556025498111
38 0.9568260502756255
39 0.7443564080949389
40 0.6744530851655657
41 0.6404138240539465
42 0.7725232542473011
43 0.1329767316237378
44 0.54656516071713
45 0.49523679633355255
46 0.42462624334964905
47 0.5086289761343783
48 0.2767456261088401
49 0.268599628082974
50 0.14404379253820676
1 0.06415237753402458
2 0.9563160727157275
3 0.9870766533010423
4 0.6451764716653584
5 0.0831381658752024
6 0.9131746601709984
7 0.42660702090210223
8 0.038410466879945204
9 0.10105123324952481
10 0.8227525464251949
11 0.4459516468053678
12 0.022077286657532613
