0.4155113501016557 1
0.4218836416541885 1
0.4263110064985337 1
0.4311396837982731 1
0.43366506320258 1
0.4336817121218648 1
0.446108251484118 1
0.446186732766332 1
0.4481804796961427 1
0.44958431668751225 1
0.4531145395600456 1
0.45336955310324883 1
0.455427301370403 1
0.45597091026082986 1
0.45770725855853833 1
0.4577774274068985 1
0.45871567180057377 1
0.4594880788036033 1
0.4595549616820144 1
0.46015136310970894 1
0.4620309426989679 1
0.46631413530144855 1
0.4665855208738081 1
0.4666892569279035 1
0.46712188062752624 1
0.4676127307709583 1
0.4679543951520244 1
0.46865273022048237 1
0.4694332817458069 1
0.4698538690289815 1
0.4704308532722785 1
0.4718908530695358 1
0.4720519930167568 1
0.47248161781169506 1
0.47263336601953865 1
0.4736512895822389 1
0.4737594812788534 1
0.47422241335946824 1
0.47454260440526796 1
0.4751867619306698 1
0.47526805566239105 1
0.47555987820812434 1
0.4756999435794406 1
0.47577134591696135 1
0.47583625999948764 1
0.476817917038866 1
0.4769566191916029 1
0.47719915419887415 1
0.47721451581585134 1
0.4773691294493453 1
0.47746868433752915 1
0.47796649860061646 1
0.47803697986241156 1
0.4782963515845456 1
0.478369010549606 1
0.4787532082956648 1
0.4796932548732877 1
0.47973050661282807 1
0.48034917169644326 1
0.48143434861780493 1
0.48155381067735276 1
0.4820781808942606 1
0.48213053881341866 1
0.4821782695318638 1
0.4824619272265503 1
0.4833148062042941 1
0.4834297873219656 1
0.4834955361843108 1
0.48589415185940893 1
0.48646486800211086 1
0.487265122032478 1
0.4874261723947722 1
0.48746779932188766 1
0.4881252511552101 1
0.4887808887365431 1
0.4889378499556525 1
0.48974836508556296 1
0.49123916353711294 1
0.4915887431522563 1
0.49187682931430937 1
0.4920029689774871 1
0.4920980243545971 1
0.4922562220077728 1
0.49261495642939657 1
0.4928813331456997 1
0.49408378761577465 1
0.4942055941308201 1
0.4943734789155424 1
0.4945637479897475 1
0.4946411278587619 1
0.494910499118955 1
0.49544779552069046 1
0.495480658044384 1
0.4955058896526857 1
0.4961988022956339 1
0.49655218765965226 1
0.4966320322792358 1
0.4970474102119587 1
0.49759788606714817 1
0.4980134473105528 1
0.49809315166217366 1
0.49940330577177167 1
0.49982609734037564 1
0.5002033212975168 1
0.5003745751337124 1
0.5008924848333306 1
0.5016648291111528 1
0.5017358977698597 1
0.5020100859933354 1
0.5023283442845802 1
0.5026501285491967 1
0.5028831073462079 1
0.5038970632706308 1
0.5044726928497695 1
0.5045336709862991 1
0.5049767990881538 1
0.5060431359961951 1
0.5065387011141854 1
0.5068558995516428 1
0.5071584887026488 1
0.5074735946199397 1
0.5076009790918389 1
0.5085005748097431 1
0.5086818230998845 1
0.5086914920125322 1
0.5090537003762357 1
0.5094508241970169 1
0.5095585842453494 1
0.5099808073201407 1
0.5104459765124963 1
0.5117309050935117 1
0.5120028084437097 1
0.5121241973078715 1
0.5121266872772511 1
0.5131764294377591 1
0.5132731577489595 1
0.5137000774943469 1
0.5137778064218261 1
0.5139023411793082 1
0.5146686461535157 1
0.514914043306997 1
0.5154293769725085 1
0.515479893897623 1
0.5155248325542121 1
0.5155624180068876 1
0.5160638824117223 1
0.5167229429766048 1
0.517004868358838 1
0.5175618782407364 1
0.5176150581406233 1
0.5187509292686088 1
0.5189566979582549 1
0.5193226052113877 1
0.5196598457160956 1
0.522567265199089 1
0.5230488695456582 1
0.5237011369551893 1
0.5243640361104364 1
0.524390345804348 1
0.5244715447131139 1
0.5245572033306033 1
0.5249082965693171 1
0.5252319383003076 1
0.5259197801129306 1
0.5262656516679819 1
0.5271581161212862 1
0.5273051757924864 1
0.5274137916790363 1
0.5274736289291954 1
0.5289387539437324 1
0.529013667868008 1
0.5291531970537245 1
0.5298121471780832 1
0.5311406453726227 1
0.5336347063773244 1
0.5337141778407222 1
0.533866957015314 1
0.5350643036452191 1
0.5378960249056268 1
0.5391754922429663 1
0.5398598795921948 1
0.5399250599407527 1
0.5405085268299641 1
0.5425925875338765 1
0.542603195651425 1
0.5441193655998776 1
0.550116406171637 1
0.5503923621494627 1
0.5515588985015646 1
0.5541498263628671 1
0.5558056161500862 1
0.5582513071997509 1
0.5604025446295353 1
0.5604943406845451 1
0.5633213295977213 1
0.5635810857122736 1
0.5664674690270232 1
0.5665803969198739 1
0.5669347556352079 1
0.5755543891530475 1
