
 0.527
 0.497
 0.531
 0.487
 0.487
 0.503
 0.550
 0.515
 0.477
 0.507
 0.512
 0.524
 0.509
 0.467
 0.566
 0.567
 0.552
 0.476
 0.492
 0.466
 0.527
 0.494
 0.525
 0.509
 0.494
 0.431
 0.416
 0.496
 0.538
 0.495
 0.510
 0.469
 0.446
 0.498
 0.512
 0.459
 0.478
 0.509
 0.560
 0.534
 0.498
 0.509
 0.543
 0.556
 0.448
 0.482
 0.518
 0.507
 0.505
 0.501
 0.534
 0.513
 0.446
 0.472
 0.524
 0.468
 0.495
 0.482
 0.517
 0.487
 0.509
 0.519
 0.517
 0.515
 0.540
 0.434
 0.512
 0.515
 0.514
 0.462
 0.510
 0.495
 0.514
 0.498
 0.492
 0.500
 0.529
 0.515
 0.560
 0.529
 0.480
 0.526
 0.434
 0.539
 0.468
 0.474
 0.540
 0.543
 0.527
 0.529
 0.495
 0.492
 0.523
 0.518
 0.479
 0.492
 0.491
 0.492
 0.519
 0.453
 0.563
 0.481
 0.474
 0.476
 0.504
 0.506
 0.576
 0.535
 0.550
 0.530
 0.486
 0.500
 0.554
 0.504
 0.525
 0.482
 0.488
 0.470
 0.497
 0.493
 0.477
 0.482
 0.460
 0.507
 0.567
 0.472
 0.477
 0.426
 0.483
 0.519
 0.478
 0.476
 0.503
 0.502
 0.477
 0.480
 0.513
 0.475
 0.467
 0.458
 0.502
 0.458
 0.514
 0.450
 0.516
 0.459
 0.477
 0.493
 0.544
 0.476
 0.512
 0.474
 0.489
 0.525
 0.486
 0.494
 0.483
 0.523
 0.541
 0.500
 0.564
 0.456
 0.558
 0.470
 0.524
 0.502
 0.496
 0.499
 0.477
 0.453
 0.472
 0.516
 0.475
 0.482
 0.422
 0.478
 0.507
 0.478
 0.526
 0.524
 0.460
 0.483
 0.502
 0.527
 0.497
 0.505
 0.508
 0.469
 0.520
 0.516
 0.495
 0.490
 0.510
 0.489
 0.480
 0.467
 0.473
 0.455
 0.534
 0.475

