12 0.33206108624826247
0 0.9327259660207415
1 0.24198627897102176
2 0.9603601333067749
13 0.0021292439526322537
38 0.938651796499746
3 0.12487444289161331
4 0.05002343138235621
24 0.42197229601965214
20 0.9314850247562774
32 0.9301339205849538
36 0.6594290816776706
5 0.45048601307254066
22 0.18147535623242828
15 0.640540289907587
21 0.13908658686757525
34 0.032006613221565505
29 0.30060491042621684
33 0.8927702445472925
26 0.7959149591421074
39 0.16447077396037757
27 0.8183153832366666
6 0.9701201268455472
7 0.8054299316084212
8 0.3527375749603856
19 0.30962823518031035
28 0.5139298469843446
18 0.06895095070139334
23 0.5975556233478384
30 0.08723378824818251
17 0.6035184987498512
35 0.9149341155551413
37 0.017653468421023777
9 0.38706228981448254
11 0.8672005466158873
16 0.3037059614242642
31 0.9923796121514091
10 0.6740424685648425
14 0.5599860490658819
25 0.9040098854758044
