
 0.527
 0.650
 0.693
 0.708
 0.708
 0.708
 0.708
 0.708
 0.708
 0.708
 0.708
 0.708
 0.708
 0.708
 0.708
 0.708
 0.708
 0.708
 0.708
 0.708
 0.708
 0.708
 0.708
 0.708
 0.708
 0.708
 0.708
 0.708
 0.708
 0.708
 0.708
 0.708
 0.708
 0.708
 0.708
 0.708
 0.708
 0.708
 0.708
 0.708
 0.708
 0.708
 0.708
 0.708
 0.708
 0.708
 0.708
 0.708
 0.708
 0.708
 0.708
 0.708
 0.708
 0.708
 0.708
 0.708
 0.708
 0.708
 0.708
 0.708
 0.708
 0.708
 0.708
 0.708
 0.708
 0.708
 0.708
 0.708
 0.708
 0.708
 0.708
 0.708
 0.708
 0.708
 0.708
 0.708
 0.708
 0.708
 0.708
 0.708
 0.708
 0.708
 0.708
 0.708
 0.708
 0.708
 0.708
 0.708
 0.708
 0.708
 0.708
 0.708
 0.708
 0.708
 0.708
 0.708
 0.708
 0.708
 0.708
 0.708
 0.708
 0.708
 0.708
 0.708
 0.708
 0.708
 0.708
 0.708
 0.708
 0.708
 0.708
 0.708
 0.708
 0.708
 0.708
 0.708
 0.708
 0.708
 0.708
 0.708
 0.708
 0.708
 0.708
 0.708
 0.708
 0.708
 0.708
 0.708
 0.708
 0.708
 0.708
 0.708
 0.708
 0.708
 0.708
 0.708
 0.708
 0.708
 0.708
 0.708
 0.708
 0.708
 0.708
 0.708
 0.708
 0.708
 0.708
 0.708
 0.708
 0.708
 0.708
 0.708
 0.708
 0.708
 0.708
 0.708
 0.708
 0.708
 0.708
 0.708
 0.708
 0.708
 0.708
 0.708
 0.708
 0.708
 0.708
 0.708
 0.708
 0.708
 0.708
 0.708
 0.708
 0.708
 0.708
 0.708
 0.708
 0.708
 0.708
 0.708
 0.708
 0.708
 0.708
 0.708
 0.708
 0.708
 0.708
 0.708
 0.708
 0.708
 0.708
 0.708
 0.708
 0.708
 0.708
 0.708
 0.708
 0.708
 0.708
 0.708

