0.43146679431714524 1
0.4392607246181262 1
0.4398841022090991 1
0.4453763967401247 1
0.4464682030690016 1
0.44680310283196695 1
0.45219473096797097 1
0.45383672433749234 1
0.4589071062004784 1
0.46049994934684063 1
0.46235192574855993 1
0.4642556109949363 1
0.46427117315092525 1
0.4642887626992768 1
0.46451780970240575 1
0.46458416985157486 1
0.4649010350924753 1
0.46530481343331964 1
0.46630604728872144 1
0.46647913837592897 1
0.46771738836940313 1
0.46855547687912313 1
0.469936304457411 1
0.47018327176543684 1
0.47269904998106305 1
0.4730333207290273 1
0.4733512764326448 1
0.47379018889159347 1
0.4737954528009282 1
0.47391703212627184 1
0.4742830294617195 1
0.474616221452042 1
0.47471027682982675 1
0.4749904315167801 1
0.47535267751971366 1
0.47628653822480155 1
0.4769466641238003 1
0.4788341181831141 1
0.47886432078303953 1
0.4799605950797208 1
0.48039412464576065 1
0.4816133591618663 1
0.48246124419364667 1
0.4833609984914268 1
0.48374594039856417 1
0.4840807874568967 1
0.4841382009068852 1
0.4849015175529565 1
0.48537742642557136 1
0.48648915813035715 1
0.4873965317474292 1
0.4875676571487542 1
0.4876502045574561 1
0.4877465251791749 1
0.4878393088727704 1
0.48899801004228133 1
0.489282972888125 1
0.48968143613092385 1
0.48983378038518127 1
0.48986128554204994 1
0.49026921823438374 1
0.49036926829084737 1
0.49156885065644934 1
0.4918065958508042 1
0.4918940518815462 1
0.49204782482683007 1
0.49205396230691617 1
0.49242644205180525 1
0.49254950941224934 1
0.49286829324256787 1
0.49331502794224635 1
0.4936545043684537 1
0.4936752542827454 1
0.4937221356719983 1
0.49429090171627055 1
0.4944272932077031 1
0.49455081173695903 1
0.4945730240487523 1
0.4946617559569507 1
0.49515970422489625 1
0.4952438093991163 1
0.4968188848464252 1
0.4975473232687338 1
0.4985255156712146 1
0.49864797661865445 1
0.49919036371061504 1
0.49939430184694267 1
0.5003084118079535 1
0.5006205065369248 1
0.5008672734030728 1
0.501457488801578 1
0.5019504776678171 1
0.5020174142936112 1
0.5021718757232816 1
0.5024420756423127 1
0.5025430492301648 1
0.5026636397916413 1
0.5027981240049757 1
0.5030264412810344 1
0.503389407574591 1
0.5038774891811001 1
0.5039041525967456 1
0.5039434774149555 1
0.5041083268789691 1
0.5053408322186287 1
0.505622507913876 1
0.5057954957838927 1
0.5058896498191746 1
0.506117000175385 1
0.5064107993498407 1
0.5070955233606272 1
0.5074476959014274 1
0.5082411828275464 1
0.508881220383342 1
0.5089307988322624 1
0.5089736795784244 1
0.5092131861924826 1
0.5095133113007424 1
0.5096872384386586 1
0.5100467967326164 1
0.5102445089060818 1
0.5103527297503425 1
0.510458281940323 1
0.5122129561764704 1
0.5126113207357859 1
0.5130059293632879 1
0.5133795086528885 1
0.5137095521927116 1
0.5137233819751199 1
0.5142266360168418 1
0.5143949426021637 1
0.5146227333728975 1
0.5151931627022797 1
0.5157881914719814 1
0.5158459793522634 1
0.5158888292123182 1
0.5161319126327215 1
0.5170841616453242 1
0.5172838153204976 1
0.5179920432198059 1
0.5181063604742282 1
0.5190312721844768 1
0.5200185273909127 1
0.5204343632168495 1
0.5206455946733736 1
0.5208222914497663 1
0.5210514216154644 1
0.5212936699943158 1
0.5214351362692086 1
0.5216398392549751 1
0.5231017628030762 1
0.5247451953301799 1
0.5250819111252523 1
0.5253748983405484 1
0.5261685624587621 1
0.5263401078697 1
0.5264623045897162 1
0.526559706377177 1
0.526670898354222 1
0.5267320489759449 1
0.5269160238356833 1
0.5274030908149673 1
0.5276088959243681 1
0.5278876013043055 1
0.5280945151901819 1
0.5282625636656774 1
0.5284421429418075 1
0.5290386901164282 1
0.5297376867774257 1
0.5311851547697468 1
0.5318553058023306 1
0.5322391470574878 1
0.5323565845946824 1
0.5343000058201199 1
0.5345277620593926 1
0.5346893499706681 1
0.5361764607300197 1
0.5366914592740776 1
0.5377719091340196 1
0.5389115749955553 1
0.5394727230144898 1
0.54146040067583 1
0.541901730127151 1
0.542111663069766 1
0.5433586680908469 1
0.5441577484406104 1
0.5459953845579814 1
0.5467750166269414 1
0.5481476805613997 1
0.5487526031139468 1
0.5492618238525768 1
0.5520523966457476 1
0.5535573115612299 1
0.5536260109942035 1
0.5550407548344718 1
0.555959507270998 1
0.5644532972955474 1
0.5686688569929331 1
0.5719114989872656 1
0.576232875391995 1
