
 0.490
 0.537
 0.539
 0.492
 0.476
 0.506
 0.464
 0.547
 0.543
 0.480
 0.447
 0.528
 0.526
 0.479
 0.548
 0.506
 0.501
 0.521
 0.503
 0.515
 0.521
 0.475
 0.490
 0.504
 0.517
 0.482
 0.527
 0.490
 0.517
 0.494
 0.473
 0.516
 0.516
 0.474
 0.454
 0.542
 0.462
 0.535
 0.564
 0.501
 0.493
 0.528
 0.502
 0.509
 0.492
 0.465
 0.506
 0.542
 0.529
 0.525
 0.439
 0.480
 0.556
 0.527
 0.502
 0.493
 0.477
 0.528
 0.504
 0.569
 0.464
 0.489
 0.445
 0.509
 0.507
 0.503
 0.510
 0.541
 0.479
 0.492
 0.510
 0.527
 0.493
 0.459
 0.502
 0.554
 0.507
 0.446
 0.495
 0.465
 0.509
 0.488
 0.466
 0.538
 0.460
 0.470
 0.465
 0.528
 0.516
 0.514
 0.515
 0.494
 0.531
 0.518
 0.484
 0.552
 0.452
 0.519
 0.513
 0.495
 0.494
 0.504
 0.532
 0.500
 0.486
 0.530
 0.499
 0.516
 0.510
 0.536
 0.504
 0.521
 0.473
 0.495
 0.488
 0.532
 0.484
 0.474
 0.549
 0.506
 0.468
 0.509
 0.522
 0.525
 0.527
 0.514
 0.510
 0.483
 0.464
 0.498
 0.527
 0.510
 0.501
 0.503
 0.514
 0.526
 0.474
 0.465
 0.495
 0.495
 0.494
 0.546
 0.473
 0.490
 0.526
 0.482
 0.431
 0.521
 0.512
 0.572
 0.544
 0.532
 0.475
 0.492
 0.520
 0.492
 0.484
 0.554
 0.499
 0.488
 0.576
 0.497
 0.513
 0.499
 0.521
 0.505
 0.470
 0.487
 0.503
 0.488
 0.489
 0.494
 0.535
 0.485
 0.508
 0.514
 0.523
 0.534
 0.520
 0.513
 0.466
 0.440
 0.506
 0.539
 0.492
 0.499
 0.485
 0.528
 0.475
 0.474
 0.503
 0.490
 0.555
 0.518
 0.469
 0.502
 0.549
 0.510
 0.525
 0.475

