
 0.406
 0.430
 0.430
 0.430
 0.528
 0.531
 0.534
 0.538
 0.566
 0.563
 0.564
 0.576
 0.578
 0.578
 0.578
 0.578
 0.578
 0.578
 0.578
 0.578
 0.578
 0.578
 0.578
 0.578
 0.578
 0.578
 0.578
 0.578
 0.578
 0.578
 0.578
 0.578
 0.578
 0.578
 0.578
 0.578
 0.578
 0.578
 0.578
 0.580
 0.583
 0.583
 0.583
 0.583
 0.583
 0.583
 0.583
 0.583
 0.583
 0.583
 0.583
 0.583
 0.583
 0.583
 0.583
 0.583
 0.583
 0.583
 0.583
 0.583
 0.583
 0.583
 0.583
 0.583
 0.583
 0.583
 0.583
 0.583
 0.583
 0.583
 0.583
 0.583
 0.583
 0.583
 0.583
 0.583
 0.583
 0.583
 0.583
 0.583
 0.583
 0.583
 0.583
 0.583
 0.583
 0.583
 0.583
 0.583
 0.583
 0.583
 0.583
 0.583
 0.583
 0.583
 0.583
 0.583
 0.583
 0.583
 0.583
 0.583
 0.583
 0.583
 0.583
 0.583
 0.583
 0.583
 0.583
 0.583
 0.583
 0.583
 0.583
 0.583
 0.583
 0.583
 0.583
 0.583
 0.583
 0.583
 0.583
 0.583
 0.583
 0.583
 0.583
 0.583
 0.583
 0.583
 0.583
 0.583
 0.583
 0.583
 0.583
 0.583
 0.583
 0.583
 0.583
 0.583
 0.583
 0.583
 0.583
 0.583
 0.583
 0.583
 0.583
 0.583
 0.583
 0.583
 0.583
 0.583
 0.583
 0.583
 0.583
 0.583
 0.583
 0.583
 0.583
 0.583
 0.583
 0.583
 0.583
 0.583
 0.583
 0.583
 0.583
 0.583
 0.583
 0.583
 0.583
 0.583
 0.583
 0.583
 0.583
 0.583
 0.583
 0.583
 0.583
 0.583
 0.583
 0.583
 0.583
 0.583
 0.583
 0.583
 0.583
 0.583
 0.583
 0.583
 0.583
 0.583
 0.583
 0.583
 0.583
 0.583
 0.583
 0.583
 0.583
 0.583
 0.583
 0.583
 0.583
 0.583

