2 55
0 31
0 57
0 54
2 36
1 36
3 49
1 40
2 35
3 45
1 43
0 41
2 39
3 51
1 48
0 33
1 44
3 44
0 52
0 42
2 39
0 45
1 38
0 25
0 43
3 39
2 37
0 44
2 41
3 48
3 41
3 54
0 41
2 42
3 42
3 47
3 40
0 44
0 29
1 31
0 44
1 40
2 42
3 53
1 27
2 46
3 47
2 41
2 41
3 48
3 25
0 44
3 46
3 35
2 40
1 41
3 39
1 44
1 38
2 38
3 38
1 37
2 41
3 48
1 51
1 40
0 46
2 35
0 42
2 40
3 44
2 38
1 47
2 46
3 47
1 43
0 49
3 49
1 49
0 53
1 43
3 31
2 40
1 55
3 42
0 43
2 38
1 38
2 39
0 34
3 62
1 48
1 43
1 42
0 54
3 46
1 49
2 42
2 42
3 48
3 31
0 35
1 44
0 40
3 33
3 32
2 33
0 34
3 45
2 26
0 42
3 39
1 47
0 47
1 40
2 52
2 46
3 43
3 53
3 46
2 38
0 45
1 45
2 53
1 45
1 46
2 51
0 49
2 43
1 47
3 36
2 36
2 39
0 60
2 47
0 44
3 48
3 50
3 32
1 31
2 45
2 51
2 51
0 46
1 35
2 41
3 42
1 43
3 50
0 40
0 39
0 39
1 31
2 34
0 48
1 36
2 46
0 43
3 42
2 40
0 49
3 39
3 45
3 48
1 40
0 42
1 52
0 51
0 50
1 45
2 44
0 33
2 41
2 44
1 35
3 46
2 31
1 42
3 35
1 37
3 41
2 40
1 34
3 43
1 47
2 34
2 35
3 43
1 46
0 32
2 38
2 37
1 37
0 40
3 50
1 54
2 31
3 57
0 55
3 38
