0.4315627951964525 1
0.4324410950882614 1
0.4371699195565499 1
0.4383959193523722 1
0.4427256106585106 1
0.4467977124954809 1
0.4471773200503786 1
0.45008215854727945 1
0.45023178742928516 1
0.4506298290541165 1
0.45229593512612015 1
0.4532193518281013 1
0.4547947353839886 1
0.45594562599496213 1
0.45629004004695406 1
0.45829299217186353 1
0.4612118096036856 1
0.461295132560908 1
0.46161975819367307 1
0.46547934508760347 1
0.4671951988371657 1
0.46823749615696675 1
0.4698904436556681 1
0.47157091279634855 1
0.47175807240644985 1
0.47219608394619295 1
0.4734512583740549 1
0.47353320408504124 1
0.47434508248506574 1
0.4745915415272093 1
0.47479096717899966 1
0.4748897611632926 1
0.4767118340455921 1
0.4779573357505181 1
0.4780124637586258 1
0.4785705051124907 1
0.4786482209575981 1
0.4787518467057832 1
0.4794045023600732 1
0.4803599086599765 1
0.4807475835387391 1
0.4810940013901741 1
0.4811623227821206 1
0.481473616954728 1
0.4820705725563431 1
0.48213745225045684 1
0.4827171043923083 1
0.4835071895755368 1
0.48364987300620316 1
0.48420911441009357 1
0.4844466618548948 1
0.48465931032774423 1
0.48546382447013614 1
0.48550366035603 1
0.4864063792791694 1
0.48688593300984195 1
0.487626327421035 1
0.4878372093959277 1
0.48793376839046865 1
0.48851165294406 1
0.48946340178631315 1
0.4898840915379412 1
0.4898869563711375 1
0.49000058713527034 1
0.49023500700071004 1
0.4904351870334635 1
0.4907818001875227 1
0.4909332920857792 1
0.4909832760624924 1
0.49141640579229057 1
0.49178064748691847 1
0.4918041206050956 1
0.49188636543851166 1
0.4919993892096204 1
0.49206623879776074 1
0.4927169207629828 1
0.4937128319328055 1
0.4937403548073865 1
0.4941595622886439 1
0.4943901983470592 1
0.49452005380775177 1
0.4945711542838103 1
0.49467247325606484 1
0.4948391200076556 1
0.49491492870234105 1
0.49598209011856575 1
0.49638804266038333 1
0.49642031482840027 1
0.49651698571740566 1
0.49660459530213635 1
0.4969071060643546 1
0.4971282546564779 1
0.4973738978737214 1
0.49762575370229917 1
0.49763725154937566 1
0.4980864844190483 1
0.49844590299657426 1
0.49846035697810825 1
0.49855092768349046 1
0.49870524539290045 1
0.4989970208968395 1
0.4990733449292539 1
0.4991370001090909 1
0.49918731436094504 1
0.4994176557622226 1
0.49970606166326287 1
0.5005157487419303 1
0.5007139529144498 1
0.5009878383706661 1
0.5009923528169136 1
0.5011545671644323 1
0.5012334963897445 1
0.5013006395043644 1
0.5024109273717571 1
0.5033620853169051 1
0.5039633654047015 1
0.5044648416304561 1
0.5048388382645213 1
0.506019639042042 1
0.5064915603517055 1
0.5070859196083229 1
0.5071595979805448 1
0.5074413178203815 1
0.5077259850050655 1
0.5077972849534245 1
0.5079541231294986 1
0.5081343621050104 1
0.5088254928449467 1
0.5088853593130277 1
0.5089690572106198 1
0.5095648585885784 1
0.509672353117199 1
0.5098731830140733 1
0.5099697707331237 1
0.5102428721101642 1
0.5106535991208291 1
0.5110782963893977 1
0.5112014838633868 1
0.5114062160608746 1
0.5117609441950802 1
0.5118509921843792 1
0.5119276386407204 1
0.5119498752720911 1
0.5120566690949395 1
0.5128317561736982 1
0.513611962462595 1
0.5143604678876909 1
0.5148348386246047 1
0.515303827940093 1
0.5156040355251714 1
0.5161103933626353 1
0.5170675445994614 1
0.5183563108824919 1
0.5184314582447024 1
0.5194615459043452 1
0.5198579663400951 1
0.5199717644690661 1
0.5201387630174633 1
0.5207544904212174 1
0.5208682914346074 1
0.5209720134339983 1
0.5216637579093724 1
0.5218084945182817 1
0.5223224673472688 1
0.5225559520052753 1
0.5232947148394026 1
0.5237959536322184 1
0.5238136767510461 1
0.5241714826611916 1
0.5246815845872563 1
0.5247001370984435 1
0.5252886325003954 1
0.525709884294396 1
0.525729062120108 1
0.5292485075736422 1
0.5298626774548537 1
0.5304472248159581 1
0.5304897822063478 1
0.5314969108287793 1
0.5321942521797364 1
0.5324956513207305 1
0.5326267531705444 1
0.5349023107747722 1
0.5349154640565021 1
0.5352760747763707 1
0.5378427431741745 1
0.5382512752329961 1
0.5386565319077153 1
0.5402842310671846 1
0.5413776146888823 1
0.5427833097155498 1
0.5430620765197034 1
0.5453649362916808 1
0.5479007971409637 1
0.5492218539438778 1
0.5502108697006473 1
0.5523651230001037 1
0.5536596659978094 1
0.5612668535758962 1
0.5792655033701382 1
