
 0.447
 0.524
 0.470
 0.515
 0.525
 0.474
 0.450
 0.491
 0.520
 0.472
 0.538
 0.517
 0.508
 0.468
 0.495
 0.502
 0.512
 0.540
 0.548
 0.490
 0.515
 0.519
 0.481
 0.501
 0.523
 0.508
 0.481
 0.509
 0.497
 0.489
 0.514
 0.526
 0.499
 0.498
 0.488
 0.514
 0.432
 0.521
 0.539
 0.507
 0.507
 0.488
 0.530
 0.508
 0.506
 0.499
 0.499
 0.484
 0.474
 0.472
 0.516
 0.526
 0.499
 0.480
 0.501
 0.498
 0.456
 0.479
 0.512
 0.478
 0.492
 0.491
 0.491
 0.496
 0.507
 0.451
 0.484
 0.512
 0.492
 0.475
 0.525
 0.456
 0.513
 0.509
 0.484
 0.499
 0.503
 0.483
 0.501
 0.458
 0.500
 0.485
 0.432
 0.535
 0.518
 0.530
 0.535
 0.535
 0.496
 0.501
 0.490
 0.482
 0.494
 0.494
 0.447
 0.501
 0.472
 0.484
 0.530
 0.498
 0.506
 0.494
 0.521
 0.495
 0.524
 0.499
 0.497
 0.485
 0.491
 0.524
 0.479
 0.508
 0.520
 0.510
 0.493
 0.533
 0.477
 0.461
 0.467
 0.552
 0.522
 0.516
 0.538
 0.465
 0.512
 0.488
 0.522
 0.482
 0.510
 0.492
 0.520
 0.495
 0.490
 0.495
 0.518
 0.532
 0.510
 0.497
 0.511
 0.511
 0.529
 0.498
 0.504
 0.481
 0.512
 0.489
 0.549
 0.532
 0.453
 0.481
 0.501
 0.505
 0.545
 0.498
 0.455
 0.479
 0.438
 0.494
 0.443
 0.486
 0.525
 0.550
 0.543
 0.475
 0.475
 0.511
 0.478
 0.510
 0.511
 0.473
 0.510
 0.461
 0.495
 0.462
 0.521
 0.450
 0.497
 0.492
 0.492
 0.499
 0.487
 0.486
 0.497
 0.522
 0.579
 0.531
 0.543
 0.437
 0.452
 0.504
 0.501
 0.561
 0.490
 0.496
 0.541
 0.523
 0.554
 0.479
 0.490
 0.509

