1 41
2 42
1 51
1 48
0 52
2 37
1 61
0 40
1 29
0 38
2 49
1 40
0 43
0 42
1 34
2 38
1 36
1 38
0 41
1 48
1 42
0 57
2 37
2 27
0 39
1 38
0 51
0 45
0 31
0 47
0 41
1 43
1 38
0 50
2 30
1 42
2 38
0 44
2 47
2 35
2 42
2 37
2 47
0 46
1 54
2 52
2 44
0 44
1 38
1 43
1 53
1 43
0 44
2 38
0 47
2 50
1 39
0 56
0 42
2 45
2 43
2 36
0 36
1 40
2 31
1 30
2 42
2 44
0 43
2 32
2 47
1 41
1 28
1 50
0 37
0 44
0 46
0 55
0 30
1 35
1 42
2 46
0 39
1 57
1 46
1 36
2 32
1 41
1 51
0 40
2 34
0 50
2 27
2 49
0 38
0 47
2 51
1 51
1 40
0 40
1 50
0 39
0 31
1 22
0 46
1 39
0 27
2 50
0 39
0 37
2 34
1 49
0 41
2 51
1 50
2 55
2 39
2 35
1 40
0 41
0 36
2 50
1 39
1 38
1 39
1 44
2 43
1 38
2 48
2 54
2 47
0 57
1 34
1 43
0 31
1 39
0 50
0 41
2 45
0 47
2 41
2 61
0 36
0 43
2 48
1 53
2 44
0 46
1 36
1 37
1 45
1 45
1 46
2 39
0 39
1 52
0 33
1 38
1 40
0 35
0 33
1 49
0 38
0 62
1 47
0 38
2 35
0 46
1 41
1 52
2 34
0 41
0 47
0 34
1 46
2 35
0 48
0 47
0 40
1 42
2 40
2 45
2 49
0 41
0 45
1 49
0 33
0 47
2 56
1 44
2 49
2 37
2 39
1 42
0 40
1 23
1 47
1 45
1 42
1 49
