0.40607703676461065 1
0.41275588155007886 1
0.4284850586722601 1
0.4326378351757766 1
0.433148965339027 1
0.43663010727336826 1
0.44210300695380356 1
0.4435149322742729 1
0.445647227974163 1
0.4473137816439665 1
0.4495423362171151 1
0.4500348558390534 1
0.45547571602379777 1
0.4594495458896197 1
0.4596800285666761 1
0.45996281578073955 1
0.46118045157420867 1
0.4619779315093194 1
0.46372835976115323 1
0.46503017097904503 1
0.46527546697685096 1
0.4663878318861297 1
0.46766253497344884 1
0.46817458050694327 1
0.46962300252573713 1
0.4709083917189829 1
0.47246557984083465 1
0.4738472913725977 1
0.47387009627300236 1
0.4748145034091453 1
0.47485922136955033 1
0.4749417289348608 1
0.474990949436873 1
0.47519233567221136 1
0.47569386697930693 1
0.4758259442148885 1
0.47734164649189487 1
0.4787911632553852 1
0.4788056039047216 1
0.4797036655621442 1
0.48067256449735474 1
0.48070567954383814 1
0.48078784612482095 1
0.48079143434615645 1
0.4809875985598019 1
0.4812107106657832 1
0.4813893696474295 1
0.4818931015446642 1
0.481922705828994 1
0.48227439398251876 1
0.4823444790413182 1
0.4823662438479904 1
0.48383575891309305 1
0.48412644366725116 1
0.48440690055490343 1
0.48545146075502926 1
0.4857122021376901 1
0.48676821262943176 1
0.48685889692983636 1
0.48699593437711036 1
0.4877321291568748 1
0.4878361000436097 1
0.488180380866837 1
0.48877647699431587 1
0.48898766663776067 1
0.48909989465520404 1
0.48914993290454 1
0.4892795624380287 1
0.489412266279394 1
0.48999681501301867 1
0.49038933649375904 1
0.4908133101816474 1
0.4910630915649954 1
0.4912475712405343 1
0.4916589864755864 1
0.49167151948637344 1
0.49242091002212846 1
0.4924445531738633 1
0.4924942320055403 1
0.49249469881309055 1
0.49253225126134376 1
0.4928049949218826 1
0.49320532824654867 1
0.4936216899776366 1
0.49397291557635564 1
0.4941459405903506 1
0.49421059247426574 1
0.49427409232717623 1
0.49447933436613234 1
0.49485118567186004 1
0.49493985534879864 1
0.4950531818005721 1
0.4965072544923968 1
0.49721082960708834 1
0.4975091270208572 1
0.4979719883404984 1
0.4993209812006757 1
0.49941590844950184 1
0.49975535362417445 1
0.49979893581403667 1
0.5002430946229821 1
0.5002670726192897 1
0.5006577101343739 1
0.5007646770816895 1
0.5016591199196875 1
0.5016996665352951 1
0.5025200248074798 1
0.5030042276247362 1
0.5032884072580067 1
0.5038374634717145 1
0.5049786014715997 1
0.5049863437679949 1
0.5051087154411836 1
0.5054628464110553 1
0.5059562315330698 1
0.506120010046035 1
0.5064861414310208 1
0.5066143371038333 1
0.5069211300903459 1
0.5078225495158399 1
0.5080018274153616 1
0.5080292845140729 1
0.5085840373606915 1
0.5086788260208405 1
0.5091422765580131 1
0.5093488994155242 1
0.5096013633346157 1
0.5101192220469953 1
0.5106177876466772 1
0.5108996765793894 1
0.511549796959835 1
0.5130738477796588 1
0.5131975135210869 1
0.513444588535347 1
0.5134729932798019 1
0.5147101933749942 1
0.5147627946114457 1
0.5156349178304963 1
0.515844923515961 1
0.5158843289798404 1
0.5160520727669726 1
0.516085081811022 1
0.516302788100456 1
0.5165482882581067 1
0.5168782349919225 1
0.5169656515136807 1
0.5170612769397726 1
0.5179312841521937 1
0.5179616791299336 1
0.5181674267368522 1
0.518495553014226 1
0.5184992883312118 1
0.5187431232441916 1
0.5199098487580772 1
0.5212840309647757 1
0.5219235012907554 1
0.5220851423056677 1
0.5223964865114542 1
0.5225378461570053 1
0.5231385117883586 1
0.5233079625742217 1
0.5235959498324969 1
0.524267103739404 1
0.5243203487660666 1
0.5253861947128724 1
0.5256874818505939 1
0.527533688354749 1
0.5288863740668871 1
0.5288888814795006 1
0.5296104837930047 1
0.5296751156774827 1
0.5297797532195405 1
0.5305903864703159 1
0.5318590256781419 1
0.5319245123025407 1
0.5326796097519353 1
0.5329962613725912 1
0.5335376939553503 1
0.5345364558577453 1
0.5355771904790612 1
0.535911632265692 1
0.5374101054398678 1
0.5400484354632753 1
0.5418127920264036 1
0.5483656002320624 1
0.5487256035631662 1
0.5503309350317055 1
0.5505805310421309 1
0.5525767705789945 1
0.5539587571595418 1
0.5564768085554964 1
0.5567316915878889 1
0.559096247326486 1
0.5593211374800259 1
0.5625011141826537 1
0.5644610866612194 1
0.5716561665576806 1
0.5722896051886319 1
0.584423859579974 1
0.5857479224949194 1
