16 0.5726435455024329
3 0.10517909794749258
0 0.32195629548426097
61 0.7250791794833406
191 0.7670807083433839
208 0.4038189123172665
293 0.1572579967545713
202 0.04024159426271068
128 0.7924571198674696
188 0.0245076162554676
110 0.8116854106804517
21 0.24528072419834457
22 0.21676858442879243
183 0.11079779042892657
225 0.4536601739187486
190 0.840315788824603
74 0.9724990716338435
40 0.050002179707016925
41 0.9107766140264774
78 0.18917622914265853
162 0.43286882261953474
176 0.8124020852962636
79 0.9575261266968077
107 0.05636555731722748
236 0.2013338293896053
280 0.24218143331835462
92 0.4140714266884393
143 0.8032757436861359
131 0.5179053701945304
216 0.3324370155092625
241 0.297287093003618
90 0.9113286090523964
42 0.7183293549534339
174 0.9808621037802343
276 0.16170222158173853
105 0.6750213356662754
1 0.27058737081154205
45 0.5593568363120781
275 0.24354513559825097
262 0.9353134204743078
230 0.799811956922753
244 0.8336132287520415
267 0.2598252959462023
226 0.773604289707198
227 0.5031138868007878
46 0.6563295905836929
95 0.5540119671116296
252 0.1647939995937704
139 0.3993759446975047
146 0.9734226996294925
44 0.3199403482247739
108 0.23074048575277317
122 0.20110449875938308
57 0.36525080732519477
99 0.8693306857092005
206 0.5739889905911959
80 0.41019966785065864
31 0.9469193436352284
126 0.32222573434864277
112 0.6210003044584347
195 0.60118233132397
157 0.10988632682269839
167 0.28171713025921086
32 0.33506728658304263
23 0.36432157641541585
28 0.4937690177405587
133 0.14195531802735917
127 0.6453950427802414
130 0.27863813195457876
54 0.10408883581257689
111 0.7579822991920142
271 0.49010377905715896
29 0.008181390378086628
211 0.7778931564297119
240 0.9625186538877744
160 0.38207889643409887
203 0.7613748100113668
71 0.026832775027190503
81 0.7920162430384852
49 0.9990977196081693
15 0.6369507616839831
75 0.6582669936126933
185 0.8101896005252358
268 0.22643224268948303
83 0.22656806211450053
282 0.29741262431186
113 0.510905049782975
51 0.6370966983124595
197 0.6431852787750783
218 0.8706062805989301
263 0.789831275326484
238 0.26571273397508244
166 0.1954572759688724
242 0.7270086968795282
253 0.8085601706141969
277 0.6078716472168891
259 0.20389013194319272
172 0.8222758764763923
19 0.7445218898054461
73 0.7770415330097059
129 0.9083189341624371
163 0.7423270040064236
283 0.6623991088169418
182 0.03836751001661309
86 0.21125204967116373
38 0.2616534082572083
68 0.21500869533854072
278 0.27023889069775064
26 0.14592301496182758
2 0.9275382323082128
4 0.3660526665023415
5 0.012246720027256908
284 0.9932278911753633
254 0.5951259688675659
67 0.34100150656512307
235 0.5669685462366706
35 0.5832315004385327
36 0.339355268443051
93 0.8668958354463243
118 0.6861626986411006
249 0.07097527713087115
194 0.8038688082269151
91 0.8028880260815103
299 0.8672980351555349
116 0.2811695318083022
234 0.6935754594205893
224 0.2577152928028982
56 0.8540442633568547
204 0.5542499652231108
94 0.1791107208650643
148 0.7841354371949059
64 0.2690174312449555
88 0.4654883418567889
152 0.6398751875875086
258 0.5279240852055582
147 0.19235108202720408
155 0.8149265921496485
60 0.9553760361850356
6 0.25323069752801197
156 0.47312488779632866
220 0.48479370314674985
292 0.0032602810789247316
297 0.4236163196375017
27 0.4646909982724974
153 0.5349255800913528
55 0.7729886508737764
213 0.8733816689136866
37 0.9890013366308109
12 0.18414270341006278
7 0.15163986707142252
17 0.9230092024615937
30 0.09734134496922964
145 0.2483463174191708
212 0.410334955787622
192 0.21506993356882553
137 0.29848974912243365
264 0.023035039514808786
209 0.33009644620135603
232 0.6835817991972987
98 0.14883536305194778
132 0.7409142477163781
136 0.18905944065406644
219 0.7668719049594579
223 0.027150512469149457
189 0.6293359176569221
47 0.7589855876997907
89 0.5062489785178484
168 0.7074188087704685
210 0.8950664510327346
222 0.14485641520089731
104 0.5155694947557071
256 0.9278266790790208
181 0.5167193851826608
237 0.6620739265378317
18 0.6303059825543281
289 0.6242454640752276
291 0.05347589323688251
175 0.06966015932976433
229 0.23480329939349254
272 0.8800011463550343
180 0.2919110423798379
109 0.771106677400959
125 0.6859534701423521
290 0.9208173487656702
65 0.8289417821569824
77 0.162947378526054
117 0.3596804425547785
50 0.05856349583245457
52 0.15385275878726035
161 0.03058100970848232
215 0.7013918782349592
205 0.7716534774517066
97 0.7955333942084243
106 0.2584410607720875
123 0.5467469016694859
144 0.11011139639079759
159 0.1782588423989373
266 0.12444719146834682
72 0.027406573125089873
279 0.10532882948434219
178 0.14520453411819212
231 0.5263573751050205
243 0.3430778704249836
119 0.768021876346766
124 0.5078602670488293
169 0.29668384780618684
87 0.36283406769581217
53 0.04861544726718792
102 0.14349488132437427
193 0.5062121774248197
288 0.6308752523345819
294 0.2575925684260394
85 0.9260946446819683
100 0.304580112131715
198 0.8061823983073367
269 0.9738195362768745
285 0.7539125182606803
164 0.9205163224701255
239 0.882298907177058
286 0.46145111566407837
200 0.313796707739578
59 0.43324953461315907
33 0.581926032978562
34 0.20572500431563812
58 0.7021285654941269
247 0.21998096138567325
186 0.3612533089713845
201 0.6307494904098314
39 0.9492874083097894
217 0.6282998753837086
134 0.22409957506782063
261 0.14708316407376687
187 0.11905779218190693
265 0.5992941745232675
158 0.44980116486906685
13 0.9784081708326418
251 0.5467711627544727
120 0.8373148486406996
184 0.9215609752679526
233 0.18018652215919562
296 0.41792263387414474
8 0.5451289152774217
281 0.3917066912199749
121 0.41111565734296696
207 0.33254162251244557
298 0.2760307154788535
149 0.8550357121246845
135 0.18856423097272235
103 0.9237954927232418
115 0.6054411554710926
295 0.6623030511477392
43 0.3384061453477105
66 0.6764860804347649
177 0.3993094539321368
250 0.0920108782690836
11 0.7835336497504711
24 0.7370388236434304
141 0.06597598314986963
273 0.6166844503574521
150 0.8391283471004447
82 0.31135883498992756
260 0.1289275404813871
165 0.5508256796062762
245 0.9529594730803906
246 0.46114183475821924
221 0.435646463023703
25 0.2790371643515508
114 0.46622435229658876
248 0.5978740094642333
214 0.8555174261125558
287 0.32117806647849445
76 0.6594237564982277
138 0.2018205570755216
62 0.15657785237910804
69 0.18860543220680948
173 0.692606260568485
274 0.9747930352341108
154 0.06439487580573489
48 0.8727849868463511
9 0.23147095936995576
14 0.6592780843249414
63 0.1996244840456035
84 0.6981593430679364
170 0.7382889808455291
270 0.29667213680232263
151 0.4269954333182009
255 0.9153910229922109
96 0.6453133778912048
142 0.14906317255598744
199 0.7293421623363348
171 0.6669674485121063
70 0.42944368049544646
257 0.309873225197947
196 0.19593475599510424
20 0.9032166679543778
101 0.9062440583034107
140 0.9392238452234755
228 0.8181440424968405
179 0.6041331359886436
10 0.5034949408367293
