
 0.480
 0.516
 0.518
 0.506
 0.472
 0.537
 0.508
 0.533
 0.516
 0.493
 0.428
 0.492
 0.481
 0.494
 0.501
 0.494
 0.524
 0.551
 0.479
 0.518
 0.519
 0.508
 0.484
 0.450
 0.492
 0.507
 0.518
 0.485
 0.526
 0.461
 0.476
 0.517
 0.479
 0.517
 0.542
 0.540
 0.520
 0.493
 0.563
 0.492
 0.528
 0.524
 0.455
 0.481
 0.500
 0.522
 0.474
 0.470
 0.494
 0.488
 0.481
 0.437
 0.466
 0.487
 0.501
 0.491
 0.564
 0.482
 0.506
 0.525
 0.509
 0.513
 0.529
 0.468
 0.586
 0.491
 0.482
 0.482
 0.475
 0.516
 0.556
 0.413
 0.465
 0.530
 0.513
 0.459
 0.500
 0.464
 0.446
 0.487
 0.495
 0.484
 0.510
 0.482
 0.512
 0.505
 0.513
 0.508
 0.523
 0.548
 0.489
 0.559
 0.516
 0.493
 0.494
 0.460
 0.486
 0.509
 0.509
 0.550
 0.522
 0.489
 0.524
 0.433
 0.536
 0.522
 0.481
 0.481
 0.475
 0.476
 0.534
 0.513
 0.511
 0.489
 0.503
 0.444
 0.532
 0.507
 0.442
 0.489
 0.529
 0.468
 0.490
 0.500
 0.475
 0.477
 0.516
 0.494
 0.559
 0.572
 0.491
 0.490
 0.572
 0.433
 0.488
 0.533
 0.532
 0.465
 0.536
 0.517
 0.492
 0.494
 0.497
 0.531
 0.481
 0.462
 0.481
 0.487
 0.554
 0.471
 0.515
 0.475
 0.518
 0.492
 0.495
 0.503
 0.505
 0.516
 0.521
 0.499
 0.530
 0.509
 0.584
 0.488
 0.450
 0.500
 0.510
 0.502
 0.475
 0.518
 0.499
 0.406
 0.515
 0.489
 0.557
 0.492
 0.474
 0.506
 0.503
 0.495
 0.482
 0.504
 0.460
 0.530
 0.505
 0.489
 0.553
 0.523
 0.498
 0.447
 0.502
 0.505
 0.549
 0.497
 0.484
 0.511
 0.523
 0.498
 0.535
 0.517

