
 0.535
 0.511
 0.552
 0.496
 0.492
 0.494
 0.498
 0.532
 0.535
 0.567
 0.527
 0.486
 0.510
 0.489
 0.522
 0.520
 0.539
 0.536
 0.545
 0.473
 0.521
 0.521
 0.501
 0.531
 0.487
 0.502
 0.554
 0.541
 0.497
 0.450
 0.505
 0.486
 0.532
 0.524
 0.482
 0.455
 0.533
 0.541
 0.504
 0.547
 0.559
 0.546
 0.489
 0.545
 0.510
 0.460
 0.497
 0.536
 0.560
 0.472
 0.485
 0.545
 0.522
 0.512
 0.514
 0.514
 0.513
 0.620
 0.546
 0.543
 0.540
 0.510
 0.528
 0.508
 0.500
 0.488
 0.519
 0.506
 0.478
 0.533
 0.539
 0.510
 0.502
 0.540
 0.487
 0.511
 0.535
 0.486
 0.496
 0.515
 0.487
 0.468
 0.531
 0.515
 0.512
 0.513
 0.489
 0.510
 0.463
 0.557
 0.542
 0.492
 0.477
 0.515
 0.477
 0.470
 0.518
 0.506
 0.498
 0.493
 0.475
 0.512
 0.506
 0.474
 0.583
 0.520
 0.462
 0.553
 0.483
 0.474
 0.479
 0.497
 0.491
 0.510
 0.500
 0.520
 0.523
 0.492
 0.554
 0.460
 0.504
 0.528
 0.479
 0.468
 0.484
 0.474
 0.512
 0.450
 0.525
 0.480
 0.514
 0.494
 0.515
 0.437
 0.535
 0.500
 0.467
 0.549
 0.527
 0.463
 0.493
 0.526
 0.492
 0.508
 0.477
 0.539
 0.544
 0.506
 0.516
 0.542
 0.531
 0.472
 0.458
 0.485
 0.549
 0.465
 0.492
 0.550
 0.485
 0.557
 0.494
 0.467
 0.500
 0.470
 0.505
 0.469
 0.482
 0.490
 0.437
 0.524
 0.544
 0.506
 0.487
 0.547
 0.501
 0.525
 0.548
 0.505
 0.485
 0.489
 0.528
 0.480
 0.480
 0.526
 0.542
 0.531
 0.573
 0.522
 0.523
 0.547
 0.438
 0.434
 0.512
 0.524
 0.497
 0.537
 0.521
 0.495
 0.481
 0.509

