0.5847408676145325 1
0.5978451558126021 1
0.598629808404576 1
0.5986298084045761 1
0.6005656780728489 1
0.601585136530309 1
0.601951701014634 1
0.605273593624692 1
0.6062415284588283 1
0.6062415284588284 1
0.6087787684769125 1
0.6095634210688864 2
0.6101647914186978 2
0.6117340966026454 1
0.6125187491946193 2
0.6127020314367819 1
0.6134866840287558 1
0.6144546188628922 2
0.615239271454866 1
0.6152392714548661 1
0.6158406418046775 1
0.6160239240468399 1
0.6162072062890024 1
0.6164420121544887 1
0.6175932292307876 2
0.6177765114729502 2
0.618194599580599 1
0.6183778818227615 1
0.618561164064924 2
0.6185611640649241 1
0.6189277285492492 1
0.6189792521725728 1
0.6193458166568979 1
0.6195290988990605 1
0.6197123811412228 1
0.6201304692488718 4
0.6209151218408457 1
0.6210984040830082 1
0.6210984040830083 1
0.6216997744328195 1
0.621883056674982 2
0.6223011447826309 1
0.6224844270247935 1
0.6224844270247936 1
0.6226677092669559 1
0.6228509915091185 1
0.6232690796167674 1
0.6236356441010923 2
0.6238704499665786 1
0.6244202966930662 1
0.6253882315272027 1
0.6258063196348514 1
0.6259896018770139 1
0.625989601877014 1
0.6265909722268252 1
0.6267742544689878 1
0.6269575367111504 1
0.6277421893031242 2
0.6277421893031243 1
0.6279254715452867 1
0.6283435596529355 1
0.6283435596529356 2
0.6287101241372607 1
0.628944930002747 1
0.6291282122449094 2
0.6293114944870719 1
0.629311494487072 1
0.6294947767292345 1
0.6297295825947207 1
0.6297295825947208 2
0.6299128648368834 1
0.6300961470790458 1
0.6306975174288572 1
0.6308807996710197 2
0.6310640819131822 2
0.6310640819131823 1
0.6312473641553448 1
0.6314821700208311 1
0.6316654522629936 2
0.6318487345051562 1
0.6322668226128049 1
0.6324501048549674 1
0.6326333870971299 2
0.63263338709713 1
0.6332347574469412 1
0.6332347574469414 2
0.6334180396891039 2
0.6336013219312663 1
0.6338361277967527 1
0.6343859745232403 2
0.6349873448730515 2
0.6349873448730516 3
0.6351706271152142 1
0.6355887152228629 1
0.635955279707188 1
0.6365566500569994 1
0.6367399322991618 2
0.6373413026489733 1
0.6375245848911357 2
0.6381259552409471 2
0.6383092374831095 1
0.6383092374831096 1
0.6384925197252721 2
0.6384925197252722 1
0.6390938900750835 2
0.639277172317246 1
0.6398785426670573 1
0.6400618249092198 2
0.6402451071513824 1
0.6406631952590313 1
0.6408464775011937 1
0.6410297597433562 1
0.6416311300931676 2
0.6424157826851414 2
0.6425990649273039 1
0.6430171530349529 1
0.6432004352771153 1
0.6432004352771155 1
0.643985087869089 1
0.6447697404610632 1
0.6449530227032255 1
0.6451363049453882 1
0.645554393053037 1
0.6465223278871735 1
0.6467056101293359 1
0.647306980479147 1
0.6473069804791471 1
0.6473069804791473 1
0.6480916330711212 1
0.6482749153132835 1
0.6482749153132837 1
0.6496609382550689 1
0.6498442204972313 1
0.6498442204972315 1
0.6506288730892051 2
0.6506288730892053 1
0.6508121553313677 2
0.651413525681179 1
0.6515968079233417 1
0.6521981782731531 1
0.6529828308651269 1
0.6531661131072893 1
0.6533493953494518 1
0.653767483457101 1
0.6539507656992631 1
0.6541340479414258 1
0.6545521360490747 1
0.6549187005333998 1
0.6553367886410486 1
0.655520070883211 1
0.6557033531253735 1
0.6557033531253736 1
0.6563047234751849 1
0.6563047234751851 1
0.6572726583093212 1
0.6586586812511065 1
0.6598098983274053 1
0.6604112686772169 1
0.6605945509193792 1
0.6627652264531383 1
0.6676564242471441 1
0.6748500561937476 1
0.6772040139696692 1
0.6795579717455911 1
