
 0.640
 0.638
 0.633
 0.628
 0.622
 0.624
 0.610
 0.680
 0.627
 0.623
 0.629
 0.651
 0.642
 0.638
 0.618
 0.632
 0.630
 0.640
 0.637
 0.656
 0.635
 0.642
 0.585
 0.628
 0.639
 0.639
 0.630
 0.621
 0.641
 0.625
 0.643
 0.622
 0.643
 0.631
 0.650
 0.628
 0.602
 0.642
 0.631
 0.653
 0.631
 0.677
 0.660
 0.643
 0.620
 0.631
 0.634
 0.648
 0.654
 0.630
 0.615
 0.643
 0.622
 0.647
 0.635
 0.605
 0.633
 0.630
 0.610
 0.620
 0.647
 0.632
 0.633
 0.663
 0.640
 0.619
 0.628
 0.624
 0.646
 0.640
 0.609
 0.637
 0.638
 0.641
 0.645
 0.618
 0.638
 0.631
 0.634
 0.638
 0.613
 0.612
 0.616
 0.633
 0.631
 0.644
 0.598
 0.628
 0.651
 0.648
 0.636
 0.606
 0.616
 0.628
 0.655
 0.627
 0.635
 0.638
 0.645
 0.632
 0.616
 0.651
 0.599
 0.629
 0.668
 0.655
 0.656
 0.627
 0.659
 0.635
 0.618
 0.626
 0.613
 0.656
 0.626
 0.620
 0.623
 0.599
 0.610
 0.656
 0.634
 0.638
 0.645
 0.629
 0.633
 0.616
 0.613
 0.630
 0.639
 0.654
 0.624
 0.629
 0.650
 0.613
 0.614
 0.651
 0.641
 0.675
 0.620
 0.632
 0.619
 0.622
 0.660
 0.636
 0.614
 0.622
 0.652
 0.647
 0.637
 0.647
 0.615
 0.619
 0.629
 0.631
 0.647
 0.631
 0.619
 0.654
 0.657
 0.618
 0.648
 0.642
 0.606
 0.632
 0.620
 0.602
 0.653
 0.635
 0.651
 0.626
 0.620
 0.619
 0.621
 0.601
 0.624
 0.651
 0.629
 0.633
 0.618
 0.623
 0.628
 0.635
 0.661
 0.634
 0.618
 0.621
 0.637
 0.638
 0.652
 0.619
 0.629
 0.622
 0.656
 0.650
 0.655
 0.610
 0.633
 0.653
 0.638
 0.633

