2 38
0 38
0 41
0 31
2 37
2 44
1 36
1 45
2 50
2 42
1 46
1 48
1 54
0 44
0 36
2 48
2 34
0 32
1 41
0 38
1 41
0 45
0 36
1 44
0 38
2 37
0 42
0 34
0 47
2 40
2 45
1 44
2 50
1 48
2 49
2 41
2 31
1 44
0 31
2 57
0 42
0 49
2 41
1 53
1 36
2 46
2 28
1 40
0 60
1 27
1 36
0 41
0 42
0 37
0 31
0 44
1 47
0 34
2 35
0 42
1 49
2 37
1 42
1 38
0 48
2 38
1 41
1 35
1 30
2 40
2 41
0 42
2 34
1 37
2 31
0 29
0 42
1 39
2 35
0 44
0 46
1 44
1 40
0 49
1 38
0 53
0 38
1 30
0 47
0 39
2 33
1 47
0 34
0 37
0 42
2 47
1 43
0 37
1 37
2 39
1 50
0 45
0 45
0 33
1 35
0 40
2 38
1 53
0 45
0 50
1 45
0 55
1 49
0 36
1 50
1 38
0 47
2 29
1 42
2 38
1 37
0 44
2 37
0 49
1 46
1 40
0 49
2 38
0 31
0 33
2 46
2 43
2 36
1 43
2 45
2 46
1 51
2 38
2 32
1 43
2 45
1 46
2 39
1 29
1 60
1 39
0 44
2 46
0 40
0 35
1 48
0 37
2 41
1 43
0 42
1 45
2 40
1 41
1 33
1 42
1 47
1 45
0 46
2 50
0 41
0 40
0 50
2 42
2 42
0 49
1 48
2 44
0 40
2 49
1 43
1 47
2 46
2 46
0 50
2 44
1 54
1 37
1 50
2 34
0 46
0 45
2 36
1 45
0 56
0 44
1 36
2 51
2 38
1 35
2 43
0 41
1 40
1 33
0 43
2 43
