0.43524398677878684 1
0.44280650768499724 1
0.4456704625081062 1
0.4467391859867491 1
0.44995920164353465 1
0.45175873415990714 1
0.4545261512340057 1
0.45622095948917063 1
0.458288397523254 1
0.459329066320439 1
0.46106268660087835 1
0.46288684200474167 1
0.46340914650262277 1
0.465786646327124 1
0.46597633071339467 1
0.46633430864727954 1
0.467244804020911 1
0.4673413233799268 1
0.46749410834395766 1
0.4676664986046146 1
0.4685812734625866 1
0.4688208998260505 1
0.46978863402931703 1
0.47011562153421566 1
0.4706208874919659 1
0.47098629527582636 1
0.47196042166486885 1
0.47258528891518575 1
0.4726598731499916 1
0.475544445460064 1
0.4757724365339158 1
0.47676713409702665 1
0.47694582471011077 1
0.47803335088636456 1
0.4799145696997476 1
0.4803656647788116 1
0.4812592507917881 1
0.4813147144375729 1
0.4820971980916158 1
0.48214077644703546 1
0.4823573151517373 1
0.4826894007511743 1
0.4826924861646161 1
0.48282941561557047 1
0.4841999032712158 1
0.48437918917982953 1
0.48452226393296494 1
0.4849205225216942 1
0.48502156345100117 1
0.48539993869973097 1
0.4854318791688356 1
0.4854887219191953 1
0.48656183549325793 1
0.4869564435624912 1
0.4870947306976975 1
0.4877084945943747 1
0.48860891404773843 1
0.4890602089854133 1
0.48912775988876595 1
0.4892330949509114 1
0.48956999309493454 1
0.4898884184164515 1
0.4902885744046 1
0.49044014183909895 1
0.4912168780091295 1
0.4916236467418175 1
0.49163111140663324 1
0.492065654067443 1
0.4928243423263792 1
0.492901332089041 1
0.4930656981900388 1
0.4930931304115828 1
0.493948592517465 1
0.4939842981887348 1
0.49543139453196394 1
0.4960975351525974 1
0.496395406115844 1
0.4964089833676343 1
0.496534608634607 1
0.49678634000338784 1
0.49678848107816154 1
0.4969433512385257 1
0.49735721689497336 1
0.49748627838511394 1
0.49764915389530523 1
0.49826546394339777 1
0.49830688099885156 1
0.49897229997413073 1
0.5011346608705763 1
0.501158356191537 1
0.5019711361442902 1
0.5021652549921364 1
0.5024746887084608 1
0.5026681571378802 1
0.5031434958117206 1
0.504427719612799 1
0.5044773637484891 1
0.5046477583297535 1
0.5047616047865133 1
0.5049515681898721 1
0.505380135966486 1
0.5055497510187978 1
0.5064997071881876 1
0.5069581274141013 1
0.5072207801878023 1
0.5076699914345864 1
0.5085293499559722 1
0.5087976845848459 1
0.5088964044221026 1
0.5089037389636996 1
0.5095260934339723 1
0.509792571638685 1
0.5098439930254886 1
0.5101933695980246 1
0.5106030813221416 1
0.5106979984833031 1
0.5111535383218849 1
0.5126992203550195 1
0.5128004192707435 1
0.5129140292221057 1
0.5130927926054253 1
0.5147090268529062 1
0.5151406535041613 1
0.5153078023472532 1
0.5156549758865 1
0.5158484337773614 1
0.5158547507564338 1
0.5160092046788046 1
0.5160431574526474 1
0.5166611611167099 1
0.5166879385919942 1
0.5185484754556593 1
0.5191644621273435 1
0.5198326905595809 1
0.5213784701364671 1
0.5213898326863728 1
0.5219652949890402 1
0.5224745802789381 1
0.5227266797170049 1
0.5227570609426303 1
0.5227756550004764 1
0.5227982941206146 1
0.5228011450444751 1
0.5241757517455258 1
0.5245984340710765 1
0.5248966056493368 1
0.5250753238592505 1
0.5257360795051902 1
0.5262959982804377 1
0.5265843617969906 1
0.5268557675113469 1
0.5270468691594306 1
0.5275421258881918 1
0.5279810137768153 1
0.5284026523752408 1
0.5298008883604516 1
0.5299353532457716 1
0.5300178461181948 1
0.5303431971218378 1
0.531228402013456 1
0.53159917152005 1
0.5317343149916157 1
0.5329533884691492 1
0.5331953999784722 1
0.5337441876145494 1
0.5345538156610781 1
0.5346649007722504 1
0.5352285785817363 1
0.5356840284725334 1
0.5357477806616687 1
0.5357956609368808 1
0.535919427154194 1
0.5361142965363181 1
0.5365305720650919 1
0.5381628119715972 1
0.5383350933239546 1
0.5391621860940369 1
0.5397063690280515 1
0.5403018534255866 1
0.540810254657802 1
0.5417579667277975 1
0.5421389935307953 1
0.5474433153498202 1
0.5501186596385861 1
0.550507855285751 1
0.5510364717389182 1
0.5514103390610664 1
0.5517193373332364 1
0.5529450738023449 1
0.5577406507154582 1
0.5578002586144465 1
0.5624925122529073 1
0.5631792958167706 1
0.5668402488323021 1
0.573327172690329 1
0.5750386495996412 1
0.5800121403846178 1
0.5812021877337956 1
0.5830682652611576 1
0.586883493906289 1
