
 0.504
 0.477
 0.470
 0.522
 0.493
 0.502
 0.483
 0.503
 0.491
 0.531
 0.485
 0.447
 0.467
 0.497
 0.497
 0.480
 0.524
 0.523
 0.536
 0.516
 0.542
 0.494
 0.498
 0.495
 0.443
 0.528
 0.477
 0.456
 0.567
 0.551
 0.532
 0.493
 0.539
 0.542
 0.489
 0.467
 0.490
 0.509
 0.497
 0.530
 0.435
 0.507
 0.521
 0.519
 0.489
 0.551
 0.551
 0.534
 0.497
 0.458
 0.510
 0.505
 0.536
 0.466
 0.516
 0.516
 0.476
 0.490
 0.553
 0.501
 0.455
 0.526
 0.505
 0.469
 0.527
 0.471
 0.466
 0.520
 0.487
 0.476
 0.478
 0.587
 0.484
 0.492
 0.472
 0.504
 0.523
 0.487
 0.489
 0.513
 0.482
 0.540
 0.511
 0.525
 0.523
 0.513
 0.510
 0.530
 0.485
 0.573
 0.483
 0.485
 0.517
 0.523
 0.493
 0.510
 0.562
 0.484
 0.473
 0.547
 0.537
 0.509
 0.522
 0.496
 0.485
 0.496
 0.502
 0.528
 0.480
 0.505
 0.538
 0.505
 0.489
 0.540
 0.581
 0.481
 0.492
 0.493
 0.506
 0.482
 0.508
 0.513
 0.450
 0.530
 0.502
 0.483
 0.536
 0.575
 0.533
 0.580
 0.506
 0.463
 0.492
 0.481
 0.497
 0.583
 0.470
 0.563
 0.510
 0.485
 0.509
 0.511
 0.525
 0.511
 0.463
 0.507
 0.558
 0.452
 0.487
 0.535
 0.536
 0.515
 0.501
 0.535
 0.459
 0.523
 0.517
 0.471
 0.533
 0.466
 0.499
 0.525
 0.527
 0.515
 0.503
 0.485
 0.516
 0.482
 0.490
 0.513
 0.526
 0.558
 0.446
 0.515
 0.550
 0.497
 0.461
 0.541
 0.498
 0.468
 0.473
 0.530
 0.538
 0.498
 0.536
 0.521
 0.467
 0.509
 0.469
 0.516
 0.519
 0.488
 0.535
 0.552
 0.532
 0.527
 0.496
 0.494
 0.528
 0.490

