0.5003257273788012 1
0.5200450877603705 1
0.5237272953186853 1
0.526870876057625 1
0.5327859303608308 1
0.533257344487191 1
0.542505621778398 1
0.5444246023873192 1
0.5451777883909774 1
0.5459999814185141 1
0.5470349392994707 1
0.5473185055076322 1
0.5480413915834812 1
0.5484188817507416 1
0.5510007130659469 1
0.5516581807796428 1
0.5524767851454542 1
0.5525707091045541 1
0.5536728796785262 1
0.554426065682184 1
0.5552749699758046 1
0.5559057264234175 1
0.5571939505847259 1
0.5575714407519864 1
0.5591414367905932 1
0.5615336258567368 1
0.5616293441466992 1
0.5618189863957607 1
0.5629193626388704 1
0.5632986471369937 1
0.5634847007243298 1
0.5641154571719422 1
0.5643318106870876 1
0.5646807952574018 1
0.5649625671346997 1
0.5651522093837615 1
0.5653418516328234 1
0.566066532039535 1
0.5664440222067954 1
0.5670747786544077 1
0.567074778654408 1
0.5672626265726065 1
0.567448680159943 1
0.5675426041190422 1
0.5677322463681042 1
0.5678279646580666 1
0.5679218886171657 1
0.5685508507339155 1
0.5686732802899617 1
0.568740492982977 1
0.5705019256015084 1
0.5705958495606079 1
0.5708776214379061 1
0.5711593933152046 1
0.5711611876460675 1
0.5712248116773577 1
0.5716980201345803 1
0.5722633582200394 1
0.5732680161731873 1
0.5735515823813482 1
0.573553376712211 1
0.5739290725486084 1
0.5740884148698615 1
0.5743047683850063 1
0.5743047683850065 1
0.5755947868771778 1
0.575594786877178 1
0.5757862234571018 1
0.5760376954065913 1
0.5761619192934997 1
0.5763194672838897 1
0.5768848053693492 1
0.5770744476184108 1
0.5772640898674725 1
0.5797484085618525 1
0.5801913170912661 1
0.5807851607736718 1
0.5810366327231613 1
0.581038427054024 1
0.5814141228904219 1
0.5816037651394833 1
0.5816055594703462 1
0.5816073538012088 1
0.5817916130576823 1
0.5822363159179584 1
0.5829877075907541 1
0.583363403427152 1
0.5838348175535119 1
0.5841855964546884 1
0.5845612922910864 2
0.5847491402092856 1
0.5854720262851345 1
0.5854738206159972 1
0.5856616685341962 1
0.5857555924932957 1
0.5858513107832577 1
0.5859452347423572 2
0.586386348940908 1
0.5865759911899696 1
0.5868880629950771 1
0.5869534813572304 1
0.5870456109854668 1
0.587045610985467 1
0.5877048730300259 1
0.5879884392381868 1
0.5879902335690494 1
0.5888052492731354 1
0.5897177775980461 1
0.5904763465942925 1
0.5905684762225297 1
0.5921420609228618 1
0.5926788934113749 1
0.5938077752514306 1
0.5944403260299057 1
0.5947238922380672 1
0.5948160218663038 1
0.594906357163678 1
0.5950995880744648 1
0.5952856416618011 1
0.5954449839830533 1
0.5954752839108628 1
0.5960121163993759 1
0.5966695841130718 1
0.5967653024030338 1
0.5971409982394318 1
0.5972385108602565 1
0.5983352984416407 1
0.5983370927725036 1
0.5990635675100782 1
0.5997210352237743 1
0.6000063957627979 1
0.6012006959650072 1
0.6012946199241064 1
0.6017393227843829 1
0.6025864327471409 1
0.6031499765017372 1
0.6041582231166102 1
0.6068339783909149 1
0.6069243136882889 1
0.6072078798964503 1
0.6077732179819098 1
0.6084978983886216 1
0.608875388555882 1
0.6089408069180352 1
0.6107325394643754 1
0.6109876000755902 1
0.611549349499324 1
0.6122740299060356 1
0.6123679538651353 1
0.6123982537929443 1
0.6128375736606323 1
0.613498630036054 1
0.6135907596642906 1
0.6141293864836667 1
0.6146947245691259 1
0.6148843668181874 1
0.6161743853103591 1
0.6165482868158936 1
0.6168336473549175 1
0.6172765558843314 1
0.617398985440377 1
0.6175583277616299 1
0.6178436883006533 1
0.618219384137051 1
0.6193179660492981 1
0.6195076082983596 1
0.6195076082983598 1
0.6197875858447951 1
0.6211733226269288 1
0.6214550945042272 1
0.621805873405404 1
0.6219937213236026 1
0.6240369258194324 2
0.62441262165583 1
0.6244144159866926 1
0.6247616062261445 1
0.6248573245161068 1
0.6252330203525044 1
0.6254208682707032 1
0.6256105105197647 1
0.6269944529710354 1
0.627655509346457 1
0.628568037671368 1
0.6288480152178033 1
0.6308912197136332 1
0.6311462803248478 1
0.6327216593560427 1
0.6332834087797766 1
0.6353956202994846 1
0.6356119738146301 1
0.6370613346280538 1
0.6394802349602812 1
0.6437931989662085 1
0.6478814022887306 1
0.6507450054812342 1
0.6520332296425428 1
0.6521289479325049 1
