
 0.576
 0.556
 0.652
 0.624
 0.621
 0.559
 0.601
 0.595
 0.548
 0.617
 0.612
 0.567
 0.618
 0.545
 0.547
 0.563
 0.615
 0.586
 0.629
 0.581
 0.589
 0.631
 0.624
 0.586
 0.613
 0.562
 0.565
 0.569
 0.564
 0.563
 0.585
 0.566
 0.616
 0.586
 0.582
 0.533
 0.567
 0.584
 0.644
 0.585
 0.633
 0.572
 0.587
 0.576
 0.500
 0.609
 0.580
 0.592
 0.599
 0.571
 0.520
 0.587
 0.617
 0.624
 0.622
 0.629
 0.574
 0.595
 0.588
 0.566
 0.633
 0.571
 0.585
 0.625
 0.571
 0.612
 0.597
 0.603
 0.620
 0.576
 0.569
 0.595
 0.588
 0.524
 0.601
 0.614
 0.619
 0.563
 0.568
 0.574
 0.603
 0.543
 0.637
 0.548
 0.620
 0.587
 0.547
 0.581
 0.582
 0.586
 0.577
 0.608
 0.546
 0.568
 0.565
 0.567
 0.625
 0.652
 0.611
 0.595
 0.582
 0.576
 0.583
 0.569
 0.571
 0.591
 0.527
 0.600
 0.580
 0.625
 0.594
 0.576
 0.590
 0.617
 0.585
 0.564
 0.595
 0.617
 0.602
 0.593
 0.651
 0.551
 0.568
 0.557
 0.586
 0.615
 0.584
 0.639
 0.583
 0.596
 0.586
 0.621
 0.582
 0.553
 0.627
 0.587
 0.597
 0.628
 0.567
 0.552
 0.533
 0.598
 0.620
 0.581
 0.636
 0.625
 0.565
 0.577
 0.571
 0.613
 0.562
 0.607
 0.612
 0.609
 0.568
 0.611
 0.574
 0.577
 0.574
 0.576
 0.572
 0.612
 0.562
 0.614
 0.590
 0.618
 0.595
 0.571
 0.574
 0.554
 0.588
 0.595
 0.585
 0.648
 0.558
 0.635
 0.544
 0.574
 0.624
 0.587
 0.581
 0.573
 0.598
 0.607
 0.597
 0.597
 0.600
 0.626
 0.555
 0.565
 0.594
 0.607
 0.604
 0.631
 0.582
 0.554
 0.552
 0.622
 0.608
 0.618

