
 0.515
 0.642
 0.668
 0.702
 0.716
 0.716
 0.719
 0.722
 0.722
 0.722
 0.722
 0.722
 0.722
 0.722
 0.722
 0.722
 0.722
 0.722
 0.722
 0.722
 0.722
 0.722
 0.722
 0.722
 0.722
 0.722
 0.722
 0.722
 0.722
 0.722
 0.722
 0.722
 0.722
 0.722
 0.722
 0.722
 0.722
 0.722
 0.722
 0.722
 0.722
 0.722
 0.722
 0.722
 0.722
 0.722
 0.722
 0.722
 0.722
 0.722
 0.722
 0.722
 0.722
 0.722
 0.722
 0.722
 0.722
 0.722
 0.722
 0.722
 0.722
 0.722
 0.722
 0.722
 0.722
 0.722
 0.722
 0.722
 0.722
 0.722
 0.722
 0.722
 0.722
 0.722
 0.722
 0.722
 0.722
 0.722
 0.722
 0.722
 0.722
 0.722
 0.722
 0.722
 0.722
 0.722
 0.722
 0.722
 0.722
 0.722
 0.722
 0.722
 0.722
 0.722
 0.722
 0.722
 0.722
 0.722
 0.722
 0.722
 0.722
 0.722
 0.722
 0.722
 0.722
 0.722
 0.722
 0.722
 0.722
 0.722
 0.722
 0.722
 0.722
 0.722
 0.722
 0.722
 0.722
 0.722
 0.722
 0.722
 0.722
 0.722
 0.722
 0.722
 0.722
 0.722
 0.722
 0.722
 0.722
 0.722
 0.722
 0.722
 0.722
 0.722
 0.722
 0.722
 0.722
 0.722
 0.722
 0.722
 0.722
 0.722
 0.722
 0.722
 0.722
 0.722
 0.722
 0.722
 0.722
 0.722
 0.722
 0.722
 0.722
 0.722
 0.722
 0.722
 0.722
 0.722
 0.722
 0.722
 0.722
 0.722
 0.722
 0.722
 0.722
 0.722
 0.722
 0.722
 0.722
 0.722
 0.722
 0.722
 0.722
 0.722
 0.722
 0.722
 0.722
 0.722
 0.722
 0.722
 0.722
 0.722
 0.722
 0.722
 0.722
 0.722
 0.722
 0.722
 0.722
 0.722
 0.722
 0.722
 0.722
 0.722
 0.722
 0.722
 0.722
 0.722
 0.722
 0.722

