
 0.478
 0.620
 0.642
 0.642
 0.643
 0.644
 0.649
 0.649
 0.649
 0.649
 0.649
 0.649
 0.649
 0.649
 0.649
 0.649
 0.649
 0.649
 0.649
 0.649
 0.649
 0.649
 0.649
 0.649
 0.649
 0.649
 0.649
 0.649
 0.649
 0.649
 0.649
 0.649
 0.649
 0.649
 0.649
 0.649
 0.649
 0.649
 0.649
 0.649
 0.649
 0.649
 0.649
 0.649
 0.649
 0.649
 0.649
 0.649
 0.649
 0.649
 0.649
 0.649
 0.649
 0.649
 0.649
 0.649
 0.649
 0.649
 0.649
 0.649
 0.649
 0.649
 0.649
 0.649
 0.649
 0.649
 0.649
 0.649
 0.649
 0.649
 0.649
 0.649
 0.649
 0.649
 0.649
 0.649
 0.649
 0.649
 0.649
 0.649
 0.649
 0.649
 0.649
 0.649
 0.649
 0.649
 0.649
 0.649
 0.649
 0.649
 0.649
 0.649
 0.649
 0.649
 0.649
 0.649
 0.649
 0.649
 0.649
 0.649
 0.649
 0.649
 0.649
 0.649
 0.649
 0.649
 0.649
 0.649
 0.649
 0.649
 0.649
 0.649
 0.649
 0.649
 0.649
 0.649
 0.649
 0.649
 0.649
 0.649
 0.649
 0.649
 0.649
 0.649
 0.649
 0.649
 0.649
 0.649
 0.649
 0.649
 0.649
 0.649
 0.649
 0.649
 0.649
 0.649
 0.649
 0.649
 0.649
 0.649
 0.649
 0.649
 0.649
 0.649
 0.649
 0.649
 0.649
 0.649
 0.649
 0.649
 0.649
 0.649
 0.649
 0.649
 0.649
 0.649
 0.649
 0.649
 0.649
 0.649
 0.649
 0.649
 0.649
 0.649
 0.649
 0.649
 0.649
 0.649
 0.649
 0.649
 0.649
 0.649
 0.649
 0.649
 0.649
 0.649
 0.649
 0.649
 0.649
 0.649
 0.649
 0.649
 0.649
 0.649
 0.649
 0.649
 0.649
 0.649
 0.649
 0.649
 0.649
 0.649
 0.649
 0.649
 0.649
 0.649
 0.649
 0.649
 0.649
 0.649

