0.4151025604486687 1
0.4241180870361589 1
0.43659886949097065 1
0.44148731789994294 1
0.4445855564055824 1
0.44564874134199733 1
0.44692276032980005 1
0.448455507700403 1
0.4487230786757015 1
0.45143662281402136 1
0.4520938900915105 1
0.45271199735919737 1
0.454000565343527 1
0.457410464851596 1
0.4592318113761856 1
0.4602657618126261 1
0.4606296431695599 1
0.4616891538688297 1
0.4620212974790412 1
0.46251500573602244 1
0.4627257112879999 1
0.4630951219450623 1
0.4632361524052902 1
0.46344983027439546 1
0.46375649499417276 1
0.4638043458855826 1
0.46710157673511254 1
0.46710750938757784 1
0.46849457428204544 1
0.4688923593417258 1
0.4692687913632712 1
0.4702439793018682 1
0.4705204036769671 1
0.4725073832825283 1
0.4725884912810914 1
0.4729086660699728 1
0.47316066021811126 1
0.4738474434106778 1
0.4756853316423101 1
0.4758899041960003 1
0.47718271547950586 1
0.4777317427157249 1
0.47786999372155825 1
0.4781942696420441 1
0.4784715599797746 1
0.4785636542359788 1
0.478742453627236 1
0.4792955412310493 1
0.47964536329425317 1
0.4800619598614619 1
0.4806338134895418 1
0.48071107970072546 1
0.48158852514360334 1
0.4816275447811701 1
0.4816439977852022 1
0.4821248929064577 1
0.4830417216706908 1
0.48398879644779547 1
0.4840136853206609 1
0.4840549929663884 1
0.48472298542259706 1
0.4858173510423604 1
0.48583451505204167 1
0.4859363346080539 1
0.4862249503223249 1
0.48684331927678054 1
0.4868865507952751 1
0.486981460328632 1
0.48719584784187964 1
0.4875367190043378 1
0.48791130566294527 1
0.48793757127986837 1
0.4879424980297175 1
0.4880538163946349 1
0.4883050233793113 1
0.48844269525530914 1
0.48853690937285854 1
0.48869240356134647 1
0.4888451961114093 1
0.48922401897432155 1
0.4893702142341093 1
0.49059292075204425 1
0.4906723538715847 1
0.4907826312746712 1
0.4907924529704666 1
0.4911600385656727 1
0.4912085983279379 1
0.4916400096287902 1
0.4922357146965382 1
0.49227293700062097 1
0.49233141223298094 1
0.4926501698247118 1
0.4938449812296615 1
0.49407262431944304 1
0.4940874062166247 1
0.49428397000133223 1
0.49428790814031 1
0.49429123127199354 1
0.4946340631466101 1
0.49470577984692476 1
0.49517619039080785 1
0.49536021719521195 1
0.4954237899000304 1
0.4954719004966179 1
0.4958067071246932 1
0.49607595946383576 1
0.49612949989824556 1
0.49628440446048033 1
0.49675562842987786 1
0.4970543012573757 1
0.4975823497251182 1
0.4987572967094684 1
0.5002579308905053 1
0.5008985806981241 1
0.5009236821274401 1
0.5009394882111939 1
0.5015154305432903 1
0.5019072794613172 1
0.5027675846288405 1
0.5030077965099932 1
0.5037751567062246 1
0.5040934919129114 1
0.5045927768429378 1
0.5050354517552951 1
0.5060412058291555 1
0.5073059197645117 1
0.5075859131668821 1
0.5079756787575028 1
0.5080334971227384 1
0.5081640284770333 1
0.5084505170129688 1
0.5087999213782453 1
0.5088438590262456 1
0.5090530738623601 1
0.5092792761197317 1
0.5093190307769314 1
0.5093224001460408 1
0.5095636668402382 1
0.5096576880326854 1
0.5096718950555071 1
0.5100619134213804 1
0.511387977264421 1
0.5116427024756978 1
0.5118987792513734 1
0.5125149939173693 1
0.5125152980181293 1
0.5126574818148627 1
0.5127173366564438 1
0.5131181935946821 1
0.5134642252771596 1
0.5140972902422472 1
0.5146996890190002 1
0.5149841392641714 1
0.5156636495832584 1
0.5170602623301137 1
0.5180860367349098 1
0.5193871159816323 1
0.5195294732603346 1
0.5196022311210482 1
0.5210113951376527 1
0.5211038577802346 1
0.5215522240800662 1
0.5215552121385617 1
0.5215581318368917 1
0.5227204385409647 1
0.5233066745961207 1
0.5235095370455771 1
0.525123356558426 1
0.5265250993061114 1
0.5271966916596592 1
0.5279258203169068 1
0.5279780856303672 1
0.528777443085265 1
0.5293917472144032 1
0.5294369239820128 1
0.5319684857966551 1
0.5321130520842384 1
0.532446196090307 1
0.5346783828147393 1
0.5347411306806417 1
0.5362106834725472 1
0.5363700331349696 1
0.5382382371145813 1
0.5398845839219176 1
0.5406710815101566 1
0.541402199337754 1
0.5417922687704244 1
0.5458348936038669 1
0.5462509616316502 1
0.5481904505663965 1
0.5483373018505866 1
0.5514065890432149 1
0.5541344661589522 1
0.5565225207410942 1
0.557443019538843 1
0.5580302071455345 1
0.5582356002159039 1
0.5783004639842805 1
0.5865085272347423 1
0.5901711062856886 1
