0.44685457947138624 1
0.45068857489791825 1
0.45653667352606037 1
0.4567072518475241 1
0.4579091098670498 1
0.4606231660830645 1
0.460646340253659 1
0.4608399876885387 1
0.4628043905085104 1
0.46442484696133063 1
0.4654721075719644 1
0.46686400912794374 1
0.46695972249711637 1
0.4676011217226715 1
0.46763437892549925 1
0.467673247188686 1
0.46827889879694345 1
0.4691785782842941 1
0.47108713057573887 1
0.47121077441312076 1
0.4713900724622217 1
0.4717462248882422 1
0.4719597042212269 1
0.4719598106713795 1
0.4719861336009245 1
0.47220325301047156 1
0.4739691855412541 1
0.47470918686711255 1
0.4748061627042771 1
0.47503312182681073 1
0.475965618586763 1
0.47603492473463155 1
0.4765820295005426 1
0.4779153125970606 1
0.4780807251986363 1
0.47861151494923626 1
0.47869893026853605 1
0.47901729025595 1
0.47920416903561613 1
0.47938895071848475 1
0.47987821232904954 1
0.48042566232297823 1
0.48109140448067494 1
0.48158593402135547 1
0.48234398318684735 1
0.483374766405724 1
0.48446110049096947 1
0.48493795917765115 1
0.4852461176602359 1
0.485303540075968 1
0.48582594571687115 1
0.4870856063393629 1
0.48855001317407043 1
0.48879793139084315 1
0.4890030550219083 1
0.4893595464282333 1
0.48944258246171246 1
0.49012082932325773 1
0.4906929481595214 1
0.4923532739893554 1
0.4926028542238365 1
0.4927737410024035 1
0.4928795408073642 1
0.4934356569187565 1
0.49421345875873063 1
0.4946962540568967 1
0.4947178041054772 1
0.4963153782796075 1
0.4969077427967864 1
0.4971335334856925 1
0.4979147941876728 1
0.4985363741400938 1
0.49914290912497905 1
0.49949298901529554 1
0.4996835555255392 1
0.49984554979093815 1
0.5000226084382176 1
0.5004654740931769 1
0.5008331058282944 1
0.5010585074555152 1
0.5016222724228682 1
0.5021751266964353 1
0.5023343912509837 1
0.5025397180422856 1
0.5029079878565658 1
0.5033953474432189 1
0.5036162010490313 1
0.5038462456054252 1
0.5041504034146667 1
0.5043262128499388 1
0.5045974693115864 1
0.5046008319344275 1
0.5046229874369171 1
0.5051602662235406 1
0.5052483646846286 1
0.5054485743578855 1
0.5059840013451997 1
0.5061428930958759 1
0.5063671600054732 1
0.5070855698780946 1
0.5072479056637053 1
0.5078002955618279 1
0.5090194164493936 1
0.5096377979920053 1
0.509765875175242 1
0.5098354947419516 1
0.5113352201384036 1
0.511355087483062 1
0.5115108027483362 1
0.5119363910517656 1
0.5121898740622521 1
0.512205355415619 1
0.5132276929608269 1
0.5137438325051223 1
0.5138358040154933 1
0.514033721979776 1
0.5140695504395056 1
0.5146193246179195 1
0.5148621654036944 1
0.5156766699639246 1
0.5160101261478718 1
0.5167018377579072 1
0.5170336412247637 1
0.5172150707436506 1
0.5172439806827231 1
0.5179644336431092 1
0.518922038552454 1
0.5194999339972306 1
0.5195029762839447 1
0.5198249714469367 1
0.5199679658769827 1
0.5200974451731174 1
0.5204374187999392 1
0.521097148295757 1
0.5231350387950865 1
0.5234576927993762 1
0.5236777748155146 1
0.5238536794032526 1
0.5245344068382302 1
0.5246056029504274 1
0.5249864399200767 1
0.5270705822355729 1
0.5271639404788272 1
0.5273644309431517 1
0.5278931990893447 1
0.5280089452157807 1
0.5280124539108675 1
0.5283765684419732 1
0.5287086755030872 1
0.528975857529496 1
0.5289875074379509 1
0.5290645014257906 1
0.530332415773319 1
0.5309861203824051 1
0.53180903567199 1
0.5323835836375113 1
0.5325100534498537 1
0.5325311665971753 1
0.5330785968091155 1
0.5334745169591363 1
0.5340081572367759 1
0.5366038372266431 1
0.5369353655443581 1
0.5378214599123469 1
0.538247975605824 1
0.5402976662089695 1
0.540875320738317 1
0.5411207589372978 1
0.5423486090497213 1
0.543571494952103 1
0.5439420135658263 1
0.5443585492383947 1
0.5444018264822212 1
0.545385207946861 1
0.5461217893545558 1
0.5468199464907869 1
0.5470599970740395 1
0.5475707059953097 1
0.5483110904632941 1
0.5516019174233069 1
0.5520275774299397 1
0.5523691962995025 1
0.5533363111939666 1
0.5544043759790267 1
0.5550389233288133 1
0.555204586437174 1
0.5560539079342957 1
0.5563457355105169 1
0.557002204651458 1
0.5621023715942213 1
0.5625384096886074 1
0.5686645990952162 1
0.5693138644165203 1
0.57392274069393 1
0.5754024821754197 1
0.5763947996944816 1
0.5779805321972827 1
0.5841250907749702 1
0.5846643938060343 1
0.5943129508550451 1
