
 0.517
 0.503
 0.544
 0.457
 0.472
 0.510
 0.490
 0.515
 0.529
 0.520
 0.517
 0.518
 0.489
 0.497
 0.493
 0.471
 0.556
 0.517
 0.541
 0.574
 0.557
 0.493
 0.527
 0.507
 0.458
 0.501
 0.505
 0.563
 0.475
 0.499
 0.510
 0.506
 0.500
 0.468
 0.505
 0.594
 0.545
 0.519
 0.463
 0.464
 0.505
 0.514
 0.479
 0.525
 0.486
 0.553
 0.532
 0.544
 0.503
 0.485
 0.547
 0.548
 0.484
 0.502
 0.525
 0.485
 0.482
 0.542
 0.576
 0.512
 0.520
 0.504
 0.495
 0.533
 0.475
 0.500
 0.552
 0.578
 0.512
 0.544
 0.480
 0.493
 0.499
 0.478
 0.516
 0.555
 0.476
 0.468
 0.483
 0.482
 0.497
 0.537
 0.533
 0.504
 0.480
 0.472
 0.500
 0.512
 0.491
 0.502
 0.496
 0.481
 0.468
 0.575
 0.511
 0.552
 0.531
 0.506
 0.510
 0.485
 0.524
 0.585
 0.555
 0.515
 0.475
 0.500
 0.528
 0.519
 0.494
 0.461
 0.461
 0.538
 0.489
 0.467
 0.476
 0.505
 0.540
 0.521
 0.479
 0.472
 0.507
 0.489
 0.471
 0.529
 0.537
 0.584
 0.514
 0.525
 0.533
 0.548
 0.520
 0.502
 0.493
 0.547
 0.520
 0.471
 0.546
 0.474
 0.492
 0.554
 0.461
 0.504
 0.472
 0.528
 0.505
 0.556
 0.508
 0.528
 0.467
 0.529
 0.528
 0.520
 0.506
 0.499
 0.479
 0.562
 0.533
 0.447
 0.465
 0.527
 0.479
 0.501
 0.523
 0.487
 0.509
 0.495
 0.517
 0.468
 0.516
 0.489
 0.457
 0.511
 0.505
 0.532
 0.469
 0.529
 0.534
 0.504
 0.479
 0.472
 0.523
 0.544
 0.530
 0.498
 0.552
 0.569
 0.569
 0.451
 0.503
 0.538
 0.541
 0.514
 0.524
 0.514
 0.477
 0.489
 0.513
 0.527
 0.512
 0.478

