0.3868051418152725 1
0.4387033807311773 1
0.441311766844212 1
0.4439626913726459 1
0.4445616083853114 1
0.4491917624888315 1
0.44927578027318144 1
0.45168106063967245 1
0.4532594999545168 1
0.4549016561287407 1
0.45589428188727843 1
0.4562241247038424 1
0.4575686234882808 1
0.45827097783141113 1
0.45840949068273784 1
0.4586201833068914 1
0.45877483271630276 1
0.4594217588030201 1
0.45944526535287844 1
0.4612779398674589 1
0.46137193306335644 1
0.4621888598676117 1
0.46275720048505575 1
0.4639930415852181 1
0.46429201767046846 1
0.4649465141379746 1
0.4668098432821867 1
0.46704288099447466 1
0.4675957346657711 1
0.46952604641587997 1
0.46954201264210155 1
0.47008337024454383 1
0.47015330757625995 1
0.47040628003193014 1
0.47066120624116464 1
0.470868781826312 1
0.472620606521782 1
0.4726512273605546 1
0.4732876227278088 1
0.4740103199706512 1
0.47440303616635554 1
0.4747969504032802 1
0.4766640280671737 1
0.4769232154106034 1
0.47716028461432286 1
0.4773673936701489 1
0.477750336021101 1
0.4779618345140492 1
0.4784358523305741 1
0.47846658004711834 1
0.4791264678183883 1
0.47934851921212457 1
0.48005412933213093 1
0.4818033666512542 1
0.4818218624169105 1
0.4818797046767295 1
0.4820758393362978 1
0.48210836620905134 1
0.48253284718856243 1
0.4826623545334117 1
0.4829347825951345 1
0.4831964880418487 1
0.48460748254996977 1
0.4848058391450041 1
0.48519371105983433 1
0.4854652208715929 1
0.48562568541170004 1
0.4858789477175168 1
0.48604359872787023 1
0.48654898567836297 1
0.48706119473063153 1
0.4871347810490419 1
0.48732532503566167 1
0.48747890297994895 1
0.48797247834326635 1
0.4887566222948172 1
0.48892929585097056 1
0.4893491862849947 1
0.4895396840303874 1
0.4899237867572373 1
0.4904012624802633 1
0.4905212886780474 1
0.49080168949343894 1
0.4908326823858337 1
0.49164928670304503 1
0.4921884301636983 1
0.4923995452577714 1
0.4925625251289712 1
0.4927956893685198 1
0.49306804733074117 1
0.49549519314491614 1
0.4965152558532 1
0.4966561214530292 1
0.4972341409713039 1
0.497249382632953 1
0.4975806184941792 1
0.49764476242487227 1
0.4980426976396201 1
0.49830981096362786 1
0.49877469587209444 1
0.4988024894838027 1
0.49890622269736906 1
0.49937351034553584 1
0.5000977252707378 1
0.5010931121090841 1
0.501773340168735 1
0.5019091624921285 1
0.5026829317535735 1
0.5029180297896785 1
0.5049720908041346 1
0.5051636472560138 1
0.5053126467722358 1
0.5054972746713506 1
0.5056519146027503 1
0.5062487258932863 1
0.5064759740868046 1
0.5065389170685648 1
0.5067037422510206 1
0.5079582422271153 1
0.5081870444880215 1
0.508310826070213 1
0.5087143705879578 1
0.5094564382890476 1
0.5113030415318293 1
0.511325572788978 1
0.5114022586887029 1
0.5117924000024024 1
0.5117982230439031 1
0.51183183053742 1
0.511986467773687 1
0.5129124043400853 1
0.5131983582519534 1
0.5132589741861597 1
0.5133484810396616 1
0.5136723337362954 1
0.5137431024540189 1
0.5139604896392402 1
0.5145243083770346 1
0.514627290325374 1
0.5150043783536423 1
0.5157188413999545 1
0.5157477218623486 1
0.5165879250795082 1
0.5165980173380804 1
0.5173480617807332 1
0.5174479441948727 1
0.5178977127582146 1
0.5180524042991703 1
0.5181244074787852 1
0.5182060855585076 1
0.5183431196638612 1
0.5194972464918409 1
0.5197459003366857 1
0.5211190126130677 1
0.5213298977372962 1
0.5228953734110405 1
0.5238864143908009 1
0.5240320737308621 1
0.5241894525441267 1
0.5243546876590259 1
0.5249087306241581 1
0.5259867869971794 1
0.5278892964555605 1
0.5284081430997294 1
0.5285088875827129 1
0.5293978033273439 1
0.5297305280782068 1
0.5300070298295408 1
0.530895914017172 1
0.5315042108535046 1
0.5330110882709851 1
0.5331626744425604 1
0.5334028282694426 1
0.5341390449874173 1
0.5342598020284136 1
0.5343765295007445 1
0.5345440157334135 1
0.5349724608367815 1
0.5367896886761748 1
0.5378958033222747 1
0.5385356963313245 1
0.538601552867823 1
0.5392641660030487 1
0.5405228764602901 1
0.5407906817584656 1
0.5422767125632951 1
0.5430318001745493 1
0.5431185189111802 1
0.5459539911102975 1
0.5489987886949984 1
0.5491648840992395 1
0.5491821471159468 1
0.5514669478405436 1
0.5551760504852222 1
0.5561737408400976 1
0.5599966640144289 1
0.5619532414202904 1
0.5624390121630998 1
0.5684855838197377 1
0.5772097633255495 1
