
 0.526
 0.518
 0.459
 0.505
 0.555
 0.528
 0.498
 0.489
 0.517
 0.513
 0.560
 0.539
 0.511
 0.499
 0.487
 0.479
 0.518
 0.508
 0.549
 0.445
 0.490
 0.517
 0.498
 0.508
 0.533
 0.487
 0.470
 0.535
 0.458
 0.486
 0.524
 0.482
 0.464
 0.523
 0.541
 0.501
 0.541
 0.473
 0.549
 0.542
 0.534
 0.513
 0.449
 0.512
 0.502
 0.497
 0.485
 0.513
 0.459
 0.473
 0.515
 0.485
 0.537
 0.492
 0.483
 0.502
 0.478
 0.518
 0.488
 0.500
 0.461
 0.470
 0.519
 0.512
 0.489
 0.473
 0.491
 0.479
 0.470
 0.577
 0.517
 0.475
 0.463
 0.543
 0.452
 0.470
 0.477
 0.491
 0.493
 0.503
 0.508
 0.485
 0.490
 0.520
 0.485
 0.461
 0.474
 0.529
 0.486
 0.498
 0.507
 0.467
 0.497
 0.507
 0.530
 0.482
 0.528
 0.497
 0.539
 0.543
 0.505
 0.516
 0.538
 0.525
 0.387
 0.546
 0.524
 0.495
 0.498
 0.533
 0.511
 0.515
 0.486
 0.489
 0.482
 0.458
 0.512
 0.516
 0.483
 0.471
 0.505
 0.474
 0.514
 0.459
 0.539
 0.470
 0.518
 0.439
 0.491
 0.492
 0.456
 0.503
 0.441
 0.517
 0.465
 0.490
 0.493
 0.493
 0.483
 0.509
 0.477
 0.514
 0.477
 0.449
 0.521
 0.487
 0.562
 0.478
 0.515
 0.535
 0.533
 0.530
 0.512
 0.458
 0.468
 0.568
 0.455
 0.562
 0.482
 0.453
 0.513
 0.549
 0.477
 0.534
 0.444
 0.505
 0.556
 0.499
 0.499
 0.521
 0.524
 0.499
 0.471
 0.487
 0.551
 0.534
 0.518
 0.482
 0.506
 0.478
 0.531
 0.483
 0.480
 0.506
 0.456
 0.464
 0.459
 0.497
 0.509
 0.532
 0.478
 0.511
 0.487
 0.462
 0.492
 0.529
 0.514
 0.467
 0.506
 0.524

