0.4174122622586281 1
0.4329908060730196 1
0.43805374252308416 1
0.43897041368211104 1
0.44215046200303176 1
0.44419745988769294 1
0.44672230509719874 1
0.4480261167635588 1
0.44886180412706816 1
0.44942271544583645 1
0.45121194576804263 1
0.4516359651998584 1
0.4527556633840409 1
0.4564043341014961 1
0.4564542761350539 1
0.4591715945997877 1
0.46170932175698 1
0.46270596344042964 1
0.4628266917804175 1
0.4632519836370075 1
0.4665895271330845 1
0.4666285360420002 1
0.46918207021656444 1
0.4706305090806496 1
0.47094828703934866 1
0.471286162838955 1
0.4716190213695389 1
0.47181846047204146 1
0.47213799626022 1
0.4722423778784152 1
0.47285759919134035 1
0.47378093375991026 1
0.4743372210425059 1
0.47485229668374374 1
0.4749635023524377 1
0.4754771542917091 1
0.47557932981043716 1
0.47562997120071787 1
0.4760737775384674 1
0.47640312685649333 1
0.4766342294326221 1
0.4772957810120218 1
0.47742688004224837 1
0.4776313904939326 1
0.4808976796488294 1
0.48094853619564376 1
0.48119042341819257 1
0.48125313392444846 1
0.48236865494771997 1
0.48244097935502794 1
0.4825353706363494 1
0.4831630502074672 1
0.4832666993479299 1
0.48328168006010086 1
0.4836247596640488 1
0.4844659695701752 1
0.48519065336933187 1
0.4855664108122992 1
0.48577709108200134 1
0.48581475270545155 1
0.48677972703690486 1
0.4868531839566781 1
0.48739160389251857 1
0.48748130100980697 1
0.4880544282293405 1
0.4882190838203309 1
0.48855364824391495 1
0.48888810457929743 1
0.48947748031427013 1
0.4898819428228565 1
0.4910663968116672 1
0.4913225531018537 1
0.4914249995490916 1
0.49202795339016636 1
0.49250106186502635 1
0.49252547222750714 1
0.4931693183201016 1
0.4934673943806214 1
0.4935761200140898 1
0.4936543405972079 1
0.49369552025603886 1
0.4943561868151204 1
0.4947091736010611 1
0.4952585823294963 1
0.49571121172981913 1
0.4966158276721244 1
0.49718977432459155 1
0.49722485904595387 1
0.4973363321621494 1
0.49735086454639943 1
0.4974904408948511 1
0.4979884315212085 1
0.49879962895761937 1
0.4995210664732326 1
0.4996671836186631 1
0.5002252500058794 1
0.501189215060082 1
0.5012626671420308 1
0.5013732405169837 1
0.5013834589883497 1
0.5016138183519608 1
0.5016168749754527 1
0.502027686663044 1
0.5026321432136004 1
0.5026349776877467 1
0.503017101060358 1
0.5041364753794766 1
0.5041961424596444 1
0.5042500094901122 1
0.5044766378776384 1
0.5045685620629753 1
0.5050053884787168 1
0.5052099582957923 1
0.5052170271079919 1
0.5054418780662665 1
0.5055367077565491 1
0.5055474102769563 1
0.5058347306002325 1
0.5059468200861821 1
0.5070307998030132 1
0.5085355373355942 1
0.5087101780116151 1
0.5090137485322362 1
0.5090297211132966 1
0.5093088368120838 1
0.5095334554132158 1
0.5098066498865138 1
0.5101306710842857 1
0.5102257010400805 1
0.5106752415091399 1
0.5108572384604994 1
0.5111098629529575 1
0.5111969664338997 1
0.5113635158989134 1
0.5117009411498369 1
0.5120179030536189 1
0.5121227659502696 1
0.5122438010191983 1
0.5124680763350847 1
0.5127116226631264 1
0.5147898970755341 1
0.5156519962464813 1
0.5170667306198823 1
0.5170677663843944 1
0.5173709330943159 1
0.518827545735687 1
0.5201787785888264 1
0.5205811535348398 1
0.5208200894884218 1
0.5210260456731612 1
0.5212906144332391 1
0.521425541801973 1
0.5217262025529625 1
0.5229428820298948 1
0.5231135360116477 1
0.5238011244740196 1
0.5249813685692535 1
0.5259306663138222 1
0.5264419105634065 1
0.5269665338306788 1
0.5279079739044544 1
0.5280403068752773 1
0.5281063411506896 1
0.5284903408050818 1
0.5288600390124609 1
0.5289438052035985 1
0.5296387635487642 1
0.5297522589076569 1
0.5306146649167551 1
0.5313358827761558 1
0.5313551054370644 1
0.5316571692601445 1
0.5318404809587177 1
0.532164056416161 1
0.5322636681784116 1
0.5327420627529363 1
0.5336727507440431 1
0.5342849743165126 1
0.5346595765100051 1
0.5349580820973457 1
0.5353627004197955 1
0.5357105612858407 1
0.5358446265264238 1
0.5372706590959917 1
0.537857534782153 1
0.538596042048672 1
0.5386102842576437 1
0.5399719952623083 1
0.5407619975492673 1
0.5414037256474388 1
0.5437023742968716 1
0.5445858105326313 1
0.5465404130383182 1
0.5467051865384365 1
0.54682885727561 1
0.5589532809637647 1
0.5680834418957099 1
0.5714506010869043 1
0.5769936341047714 1
0.5874415919941469 1
