0.41814681256051073 1
0.42901134671805075 1
0.43001926671616447 1
0.4344698204833445 1
0.4357310140563563 1
0.4360875774600169 1
0.4384988121897467 1
0.43931962206801406 1
0.4427196048989687 1
0.44564231230331347 1
0.44617661049801716 1
0.44620279249131306 1
0.4472070767335234 1
0.4482355283662453 1
0.4521730633110762 1
0.45361331838148217 1
0.454146842189113 1
0.45447267728475543 1
0.45495075819658326 1
0.45645865678406977 1
0.45744288676513956 1
0.45787241997922096 1
0.4590897213373284 1
0.4598373622344841 1
0.46097102664697204 1
0.4620414839471525 1
0.46280347828581847 1
0.4628124074022461 1
0.46762711869477913 1
0.46771227339813815 1
0.46779120683284875 1
0.46781233211419093 1
0.4678563593930971 1
0.46888312482248096 1
0.46895771502890876 1
0.4694948945712544 1
0.4708983950774956 1
0.47123077218997833 1
0.47183240929478937 1
0.4723812055383532 1
0.4734477515673652 1
0.47366523411345374 1
0.4740247230804929 1
0.4741195477874456 1
0.47504310494174395 1
0.4752645683930106 1
0.4757968025022937 1
0.4762699826050061 1
0.47652621182068566 1
0.4771383411044767 1
0.4772458210054645 1
0.4774385011487871 1
0.47769522301509765 1
0.47796347543207546 1
0.4787209331245421 1
0.47885846228409146 1
0.4792572922871614 1
0.4794875882879686 1
0.47960403619791303 1
0.4798292117720905 1
0.4799509822045504 1
0.48001922070230113 1
0.4801925044374718 1
0.48032149163713883 1
0.48043377777026586 1
0.4813790781896505 1
0.48138425572149074 1
0.4818631352234625 1
0.4821102004072243 1
0.48217029338323075 1
0.4823176317930322 1
0.48294765778462484 1
0.4831296714341995 1
0.48358130583287134 1
0.48381166702610057 1
0.48435717201428846 1
0.4850723829818253 1
0.4855241104886055 1
0.48616361265144387 1
0.4865980263733985 1
0.48671598350941947 1
0.48681529879782687 1
0.4868498050325875 1
0.4869358930375811 1
0.48699264166478057 1
0.4870958845156209 1
0.4874041064495626 1
0.4875937762032267 1
0.48782742634848 1
0.4878793470314305 1
0.4880488319321936 1
0.4885147819806414 1
0.488688309621351 1
0.4888894592486106 1
0.48919744268516796 1
0.489747180199559 1
0.49141406023792444 1
0.4916285768624654 1
0.4916403979865062 1
0.49226835432494215 1
0.4927619909911071 1
0.49307457675380917 1
0.4937353542684019 1
0.4941601384979089 1
0.49433839005320623 1
0.49439832951820095 1
0.4948853064668278 1
0.4953569588390225 1
0.4955800941252665 1
0.49560123555261204 1
0.495681505121288 1
0.4957304661829665 1
0.4960656613253007 1
0.4961724389089322 1
0.4964569896750298 1
0.49684532139788423 1
0.49810985601334634 1
0.49895562288493034 1
0.4992922812571031 1
0.4993884075165543 1
0.49949292014804536 1
0.4997423451861195 1
0.499862436283719 1
0.5011135245355994 1
0.5024900482444707 1
0.503748429572265 1
0.5037511339439157 1
0.5041798410160323 1
0.5043408269949589 1
0.5048014263558543 1
0.504805096895107 1
0.5048684894715948 1
0.5050408555600281 1
0.5055648722138935 1
0.5058461205287534 1
0.5059668518802511 1
0.5060418159814837 1
0.5068809275893762 1
0.5075056157267466 1
0.5076359198507361 1
0.5079535806477885 1
0.5087067239799513 1
0.5089777689921653 1
0.5094260262747349 1
0.509598231565013 1
0.5096318920001691 1
0.5096373051596368 1
0.5096477108253303 1
0.5098123132608489 1
0.5100017630147157 1
0.5101789159253819 1
0.5103061151071228 1
0.510822403636534 1
0.5108306081139175 1
0.5109772560513748 1
0.5111789530736194 1
0.5114316862943301 1
0.5117835906418899 1
0.5124968273968953 1
0.5128073088853548 1
0.5133468070115534 1
0.5136020758371282 1
0.513626186668245 1
0.5139484276598407 1
0.5162702976394286 1
0.516404645374903 1
0.5174052596128916 1
0.5196176496992913 1
0.5207216877812937 1
0.5211930184097893 1
0.5216893111028676 1
0.5232222357201674 1
0.5246703300852364 1
0.5265388608577788 1
0.5265552686614308 1
0.5287202668715462 1
0.5315038939199691 1
0.5317116009597241 1
0.5319391869808954 1
0.5334293919733176 1
0.5338692016308337 1
0.5351318655143699 1
0.5351495708184002 1
0.5354538537202373 1
0.5356192387142891 1
0.5378092169831747 1
0.5381507245851573 1
0.5400359783112679 1
0.5402018351903105 1
0.5408411136688052 1
0.5448211509959844 1
0.5452903988283109 1
0.5461515530080038 1
0.5479576701266365 1
0.5480715168865544 1
0.5507251874483088 1
0.5512445665555435 1
0.5514430246621521 1
0.5602243545331422 1
0.5633239430199191 1
