
 0.487
 0.478
 0.520
 0.479
 0.505
 0.532
 0.496
 0.481
 0.523
 0.510
 0.499
 0.489
 0.532
 0.434
 0.495
 0.516
 0.446
 0.506
 0.472
 0.510
 0.443
 0.532
 0.487
 0.509
 0.499
 0.538
 0.538
 0.510
 0.494
 0.429
 0.512
 0.499
 0.506
 0.507
 0.482
 0.511
 0.468
 0.498
 0.436
 0.456
 0.455
 0.560
 0.480
 0.454
 0.545
 0.535
 0.487
 0.468
 0.497
 0.521
 0.505
 0.500
 0.514
 0.487
 0.513
 0.418
 0.477
 0.490
 0.476
 0.484
 0.495
 0.474
 0.475
 0.469
 0.496
 0.510
 0.436
 0.454
 0.502
 0.469
 0.477
 0.533
 0.448
 0.563
 0.496
 0.462
 0.472
 0.489
 0.477
 0.480
 0.473
 0.484
 0.430
 0.492
 0.494
 0.493
 0.458
 0.551
 0.534
 0.447
 0.521
 0.488
 0.509
 0.486
 0.494
 0.508
 0.541
 0.452
 0.463
 0.469
 0.477
 0.483
 0.480
 0.527
 0.471
 0.510
 0.474
 0.527
 0.536
 0.508
 0.505
 0.483
 0.510
 0.492
 0.540
 0.461
 0.514
 0.508
 0.457
 0.506
 0.548
 0.471
 0.479
 0.545
 0.501
 0.482
 0.480
 0.479
 0.487
 0.487
 0.480
 0.485
 0.511
 0.546
 0.486
 0.446
 0.505
 0.478
 0.460
 0.488
 0.551
 0.504
 0.446
 0.511
 0.510
 0.476
 0.548
 0.512
 0.504
 0.484
 0.509
 0.513
 0.535
 0.463
 0.475
 0.516
 0.468
 0.496
 0.511
 0.487
 0.514
 0.496
 0.474
 0.438
 0.480
 0.496
 0.551
 0.482
 0.510
 0.487
 0.540
 0.535
 0.522
 0.454
 0.492
 0.500
 0.499
 0.468
 0.468
 0.459
 0.491
 0.504
 0.489
 0.517
 0.482
 0.480
 0.525
 0.489
 0.493
 0.529
 0.481
 0.488
 0.439
 0.488
 0.506
 0.504
 0.496
 0.511
 0.494
 0.479

