
 0.437
 0.473
 0.441
 0.514
 0.439
 0.487
 0.469
 0.455
 0.475
 0.428
 0.470
 0.475
 0.505
 0.441
 0.455
 0.464
 0.492
 0.424
 0.441
 0.481
 0.421
 0.454
 0.413
 0.487
 0.471
 0.471
 0.449
 0.500
 0.436
 0.438
 0.461
 0.467
 0.464
 0.464
 0.453
 0.451
 0.458
 0.434
 0.476
 0.513
 0.463
 0.453
 0.430
 0.468
 0.455
 0.463
 0.475
 0.418
 0.468
 0.453
 0.410
 0.511
 0.426
 0.465
 0.491
 0.536
 0.490
 0.446
 0.448
 0.477
 0.512
 0.450
 0.468
 0.463
 0.462
 0.441
 0.439
 0.456
 0.494
 0.465
 0.459
 0.483
 0.429
 0.451
 0.480
 0.461
 0.404
 0.479
 0.476
 0.470
 0.497
 0.433
 0.458
 0.421
 0.452
 0.466
 0.454
 0.450
 0.465
 0.418
 0.478
 0.449
 0.468
 0.519
 0.408
 0.442
 0.453
 0.454
 0.409
 0.491
 0.477
 0.454
 0.487
 0.454
 0.440
 0.451
 0.396
 0.451
 0.482
 0.479
 0.467
 0.489
 0.443
 0.396
 0.458
 0.510
 0.466
 0.480
 0.445
 0.515
 0.488
 0.479
 0.467
 0.477
 0.503
 0.497
 0.461
 0.450
 0.461
 0.471
 0.446
 0.462
 0.493
 0.451
 0.433
 0.518
 0.475
 0.451
 0.439
 0.484
 0.512
 0.427
 0.454
 0.506
 0.466
 0.498
 0.485
 0.450
 0.465
 0.497
 0.455
 0.464
 0.495
 0.494
 0.496
 0.466
 0.425
 0.462
 0.416
 0.429
 0.467
 0.476
 0.464
 0.459
 0.438
 0.460
 0.463
 0.549
 0.409
 0.420
 0.444
 0.390
 0.442
 0.421
 0.464
 0.457
 0.473
 0.455
 0.502
 0.516
 0.494
 0.482
 0.497
 0.512
 0.491
 0.444
 0.496
 0.492
 0.454
 0.493
 0.427
 0.462
 0.432
 0.495
 0.456
 0.476
 0.476
 0.480
 0.443
 0.476

