0.610505713237637 1
0.6301030599566351 1
0.63176310543415 1
0.6344060853230955 1
0.636686358427766 1
0.6380964211353881 1
0.6388431012089331 1
0.642279710343957 1
0.6439245481109558 1
0.6442773373808468 1
0.6442852068059338 1
0.6448558012782216 1
0.6452978172843344 1
0.6466648463052804 1
0.6470397039807443 1
0.6470433660280775 1
0.6471041084342616 1
0.6472443507806095 1
0.6472468243963257 1
0.6478230097635442 1
0.6479926298658971 1
0.6490117985179243 1
0.6491731159237879 1
0.6500767113775627 1
0.6502571385445668 1
0.6506797265946616 1
0.6510585156934269 1
0.6516447561391062 1
0.6529273229378348 1
0.6530115430446553 1
0.6531804578507076 1
0.6532409418976627 1
0.653248628113787 1
0.6537726509525337 1
0.6537796295298149 1
0.6540029061295287 1
0.6547816745338677 1
0.6552994432569554 1
0.6553070878890412 1
0.6553645989411325 1
0.6554559826852053 1
0.6555183052811383 1
0.6556136193530339 1
0.656065027716496 1
0.6560797825526078 1
0.6562190625409641 1
0.6575870260015323 1
0.6578278605825413 1
0.658221286064809 1
0.6583089460748917 1
0.6587047953628165 1
0.6593325602905158 1
0.6593874508643783 1
0.6595881672320922 1
0.6596012479061953 1
0.6596580387156926 1
0.6597240383052521 1
0.6600487952072102 1
0.6606004156598029 1
0.6606999676059838 1
0.6608371507904617 1
0.6609868919658426 1
0.6613929633681265 1
0.6615217224651019 1
0.6615240727075045 1
0.6625290584208174 1
0.6630793959779991 1
0.6632157527815505 1
0.663255830270665 1
0.6638598686725544 1
0.6639224480407039 1
0.6642324960409092 1
0.664323469642536 1
0.6646352929180498 1
0.6646480141196244 1
0.6650110884711563 1
0.6650560584609393 1
0.6651003703863183 1
0.6662945858842804 1
0.6664431655552636 1
0.6669254260156214 1
0.6671682781893956 1
0.6674453924707406 1
0.6685002069495749 1
0.6685546033544688 1
0.6685763207260902 1
0.6694580034870639 1
0.6700547322490468 1
0.6706009878803342 1
0.670703626353284 1
0.6708949512235068 1
0.6709045202821019 1
0.6710202743467744 1
0.671041240487736 1
0.6714514409770433 1
0.6714702645649138 1
0.6716373232975326 1
0.671651157780458 1
0.6718369364094855 1
0.6721673597774064 1
0.6724508187625042 1
0.6725473535516201 1
0.6732877361533097 1
0.6735449555702385 1
0.6736374956623847 1
0.6737210104729047 1
0.6740452548215794 1
0.6741692372923329 1
0.6746451354201544 1
0.6748110317885174 1
0.6754649766843567 1
0.6757118274846556 1
0.6761897272677981 1
0.6764311822587264 1
0.6765749694973359 1
0.6769129714603658 1
0.6769534866419707 1
0.6774674544022562 1
0.6778596432298596 1
0.6784749287819071 1
0.6787173933627244 1
0.6787271756271964 1
0.6792968196180904 1
0.680119239540863 1
0.6802096544192271 1
0.6802801044930876 1
0.6802803886302035 1
0.6804381004482984 1
0.6804787647811043 1
0.680511488468111 1
0.6805936749403944 1
0.6807589679317603 1
0.6808925385725769 1
0.6815967764598451 1
0.6816243601185482 1
0.681755739693752 1
0.682257322831654 1
0.6825760196415952 1
0.6827616758884595 1
0.6830404942244005 1
0.6832804686561953 1
0.683562120080381 1
0.6837842821012065 1
0.6840102542250872 1
0.6845328153805486 1
0.6852259471197567 1
0.6855270250172759 1
0.6867006067882937 1
0.6867035150268049 1
0.6867736448696334 1
0.6869624978424445 1
0.6871354945743906 1
0.687499828780311 1
0.6877688057432856 1
0.6883279440954798 1
0.6889232906209102 1
0.6900303430141034 1
0.6904169233179925 1
0.6904503832893657 1
0.691003632154754 1
0.6910316194481864 1
0.691569070556966 1
0.6916693010304109 1
0.6918007128912183 1
0.6921918472395784 1
0.6923215865253889 1
0.6926836623037712 1
0.6927860337432951 1
0.6932235853099635 1
0.6934095435078731 1
0.6934502844736292 1
0.6936295343300839 1
0.6940084442240007 1
0.6957112950004004 1
0.6961006924550905 1
0.6962871334988421 1
0.6963694717543426 1
0.6982680905176921 1
0.6986127291099307 1
0.6989914263938314 1
0.6990348637152367 1
0.6992993024398921 1
0.6997566194016279 1
0.7002929384070639 1
0.7039178144267373 1
0.7040334902714475 1
0.7057205619819408 1
0.7063118547019063 1
0.7079739619343879 1
0.7082329581093092 1
0.7098022382448927 1
0.7102303606595854 1
0.713405319268844 1
0.7150800292502908 1
0.7160725211331928 1
0.7166072883587828 1
0.7223077925058939 1
0.7232803397143205 1
0.7241670858706474 1
0.7269322855587893 1
