
 0.687
 0.693
 0.656
 0.669
 0.671
 0.671
 0.694
 0.693
 0.683
 0.664
 0.675
 0.678
 0.671
 0.664
 0.681
 0.693
 0.666
 0.673
 0.655
 0.710
 0.658
 0.674
 0.650
 0.687
 0.713
 0.671
 0.678
 0.649
 0.653
 0.690
 0.655
 0.663
 0.706
 0.692
 0.659
 0.675
 0.693
 0.645
 0.669
 0.661
 0.651
 0.655
 0.700
 0.681
 0.660
 0.632
 0.681
 0.682
 0.662
 0.672
 0.655
 0.687
 0.656
 0.687
 0.663
 0.675
 0.659
 0.727
 0.661
 0.647
 0.722
 0.642
 0.655
 0.662
 0.691
 0.653
 0.685
 0.708
 0.685
 0.648
 0.679
 0.656
 0.710
 0.667
 0.676
 0.698
 0.684
 0.679
 0.638
 0.689
 0.644
 0.716
 0.706
 0.669
 0.654
 0.715
 0.666
 0.699
 0.682
 0.682
 0.659
 0.674
 0.670
 0.677
 0.637
 0.699
 0.658
 0.696
 0.724
 0.611
 0.699
 0.680
 0.658
 0.680
 0.647
 0.694
 0.692
 0.669
 0.650
 0.671
 0.672
 0.645
 0.644
 0.664
 0.649
 0.677
 0.700
 0.683
 0.688
 0.634
 0.651
 0.677
 0.652
 0.630
 0.676
 0.661
 0.677
 0.684
 0.688
 0.717
 0.674
 0.653
 0.704
 0.680
 0.692
 0.660
 0.654
 0.682
 0.647
 0.683
 0.674
 0.680
 0.671
 0.661
 0.672
 0.690
 0.667
 0.658
 0.671
 0.656
 0.665
 0.644
 0.660
 0.671
 0.654
 0.683
 0.679
 0.663
 0.686
 0.664
 0.692
 0.684
 0.687
 0.680
 0.691
 0.681
 0.647
 0.680
 0.647
 0.672
 0.663
 0.660
 0.696
 0.665
 0.667
 0.699
 0.653
 0.639
 0.696
 0.674
 0.673
 0.676
 0.693
 0.690
 0.653
 0.704
 0.665
 0.656
 0.665
 0.660
 0.672
 0.708
 0.687
 0.692
 0.647
 0.696
 0.648
 0.665
 0.661
 0.723

