0.43343240875626793 1
0.4413572276622304 1
0.44160922715149115 1
0.4433862786501439 1
0.45096526566857537 1
0.4518375359757556 1
0.4533338349588535 1
0.4556160299132661 1
0.4584775726490836 1
0.45873701273380035 1
0.45999315589474726 1
0.46089745308924357 1
0.46173726101905777 1
0.46268704084002477 1
0.4631803160553106 1
0.4632572339529996 1
0.4636762574381683 1
0.46412171806479535 1
0.46421618016711685 1
0.4642494076548823 1
0.4649605135782797 1
0.4657994202522465 1
0.466791919903268 1
0.46901096197607517 1
0.4698536097708404 1
0.4710319305602833 1
0.4713886536537487 1
0.47295226419525577 1
0.47330625342498417 1
0.47401728992593717 1
0.47418284112572545 1
0.474334910008654 1
0.4749793012648449 1
0.4750635702681389 1
0.47526980560359533 1
0.4767620228549632 1
0.4768069601924354 1
0.4776968781651421 1
0.4779257145753482 1
0.4787791893278103 1
0.4788433812281423 1
0.4791226181679667 1
0.4792967859892493 1
0.4795556191584761 1
0.4799046017586428 1
0.48018017591391937 1
0.48043345062635934 1
0.4806704424644923 1
0.4814685607816109 1
0.48167818522445593 1
0.48177132097140124 1
0.48232213112053296 1
0.4824297962998252 1
0.48289919946640014 1
0.48333405921899447 1
0.48384844369578267 1
0.4841344401419772 1
0.4844218521603373 1
0.48454405721843813 1
0.48498961144376956 1
0.4857112456888519 1
0.48589961024240647 1
0.4860451944768037 1
0.48608726851269174 1
0.4866594602843093 1
0.4867090231759446 1
0.48789353746160385 1
0.48821063183488284 1
0.4884596394822212 1
0.488568630660255 1
0.48857344849123974 1
0.4887051923738961 1
0.48874870352691424 1
0.48889508699498646 1
0.48927328965798855 1
0.4892810465509114 1
0.489430839092478 1
0.4896391635970703 1
0.48968397533380115 1
0.4904203718067046 1
0.4913338445063755 1
0.4913611983581239 1
0.4913712651248219 1
0.4914112456698077 1
0.49184734517506984 1
0.492199916110932 1
0.49267314284620256 1
0.4928743394479527 1
0.4929646497810729 1
0.4932114299515545 1
0.49337714545455114 1
0.49351270706937234 1
0.4942834965471649 1
0.4946171696252106 1
0.4946252289490218 1
0.494726050654918 1
0.49495470186752727 1
0.49595310951880983 1
0.4965188749802006 1
0.4965422306349146 1
0.4968069357645296 1
0.49731598774983893 1
0.4975498148096704 1
0.49779912752278904 1
0.49826922161117326 1
0.4983251459978037 1
0.4987021313314887 1
0.4988665149143941 1
0.4992024463960035 1
0.49920645007163594 1
0.4994510260305814 1
0.4995347506006364 1
0.4996231327852203 1
0.5009060918486948 1
0.5013732279926314 1
0.5016457206884793 1
0.5017385754496897 1
0.5020672378876249 1
0.5024341216025711 1
0.5026993112142127 1
0.5036742751617348 1
0.5047235445142081 1
0.5052987745633587 1
0.5065625968182886 1
0.5069039252648111 1
0.5076551796582652 1
0.5077610339129415 1
0.5094667922407421 1
0.5096965445591514 1
0.5099208146045473 1
0.5102016015389093 1
0.5102759403480455 1
0.5102768465217806 1
0.510631877362411 1
0.5110403808216643 1
0.5119280171484196 1
0.5129571153380341 1
0.5130842808503838 1
0.5138437022950454 1
0.5140844320986481 1
0.5150908233815762 1
0.5153085707768984 1
0.5154471848512091 1
0.5156615181243625 1
0.5157729312405991 1
0.5172070407359975 1
0.5172978314499774 1
0.5176491657714984 1
0.5186418955562965 1
0.5189672235748809 1
0.519256993046618 1
0.5199804165176586 1
0.520685839331532 1
0.520815971705297 1
0.5214027748971568 1
0.5215961016764791 1
0.521634861615662 1
0.5224918927812695 1
0.5225911228384357 1
0.5241379224997581 1
0.5242815472674309 1
0.5247579986490423 1
0.5253276105661268 1
0.525586116221353 1
0.5259278586863152 1
0.5270107117470729 1
0.5270350700369999 1
0.5275584193860282 1
0.5291433929915993 1
0.5320372113744739 1
0.5340069903572264 1
0.5343460925300811 1
0.5345977131659316 1
0.5359535898190537 1
0.5361810842114751 1
0.5367621396353226 1
0.5374813678947561 1
0.5379033666393718 1
0.5380081850276247 1
0.5394509173807475 1
0.5406881701453393 1
0.5416641379267961 1
0.5424905991522831 1
0.5425294387253051 1
0.5425408646256582 1
0.5431456844890482 1
0.543279921534706 1
0.5434452900027579 1
0.5434911517669415 1
0.544585253718403 1
0.548044456351645 1
0.5509828762674053 1
0.5535890556548657 1
0.555674263515446 1
0.5572523088632265 1
0.5580788651517401 1
0.560894896523705 1
0.5614598151342539 1
0.5625973001178887 1
0.5784013793719154 1
