11 0.13516437930453518
3 0.13730029029210722
0 0.8020244185431291
312 0.9641027142471078
346 0.19722131605100524
407 0.159980524635286
780 0.6477715422163548
360 0.03957925850629207
847 0.9197306178402592
760 0.42328386858002465
805 0.14787056492445638
426 0.1587034503161341
682 0.81492087654352
650 0.8528575424546143
427 0.383593606056728
387 0.3435315781098709
288 0.9025946157195687
300 0.36020105213781783
81 0.673540326158348
156 0.42444527691907463
297 0.1124232403058616
527 0.36069278948900685
857 0.6968814248585826
418 0.09328584366874326
144 0.9756289713788129
861 0.6059451658117122
187 0.43214514380533453
190 0.46262302401961186
340 0.4579362304832665
377 0.1567618167185164
799 0.5971697604713311
557 0.15474137843868807
567 0.6615907503077852
795 0.21471410766514643
403 0.1160148455289759
484 0.30690791019287345
492 0.36948572460974116
602 0.27228821346473275
135 0.515552032988352
1 0.17001347501571362
275 0.6783871066475081
897 0.5499015776566611
262 0.503224297592754
455 0.6185757806130435
851 0.6687087103147729
439 0.5932992963782739
804 0.30066366511780396
64 0.5652125242606244
129 0.3367432234915899
221 0.46939137272657694
411 0.6713325553773783
894 0.8939575407884732
899 0.49545085163773916
453 0.6006215028120203
845 0.5132161294489188
561 0.7588179087948276
45 0.04407559750458445
73 0.04159011709535265
191 0.8908755197393181
623 0.31833143506805184
85 0.6208024533031598
327 0.1546461642746838
389 0.03697948860048117
350 0.45106392063196343
304 0.2882813198319537
578 0.6864539118105996
622 0.6766963789049305
310 0.9228194744550849
72 0.490311820507619
586 0.12598578509560254
367 0.9478041114686808
433 0.6118434774535936
168 0.2237743020235916
646 0.08992387978138461
826 0.5333094753033047
518 0.45452499902495713
733 0.7853132585916344
201 0.11492542017324914
113 0.005891633279066277
162 0.8415194546649774
344 0.17938730659810787
637 0.5636319093760117
479 0.21067604621149671
621 0.5507339842522075
890 0.15000282787528119
746 0.9745871840131126
603 0.8393479563050747
723 0.630090935177618
822 0.5253014775201941
711 0.412856520721377
731 0.6315020733255777
754 0.6881275625617831
751 0.19351645233804604
550 0.7827702709101848
402 0.2930266959489082
214 0.6018272998411169
227 0.016657588439444204
247 0.11593008949537564
46 0.08613626738914404
29 0.8994113269136488
615 0.4360935466496094
882 0.9044503849485785
779 0.35856821759580315
829 0.024504094941923737
757 0.5915460095257659
76 0.6886978234251454
515 0.712768933934623
772 0.7173458790638322
51 0.9654766916636365
66 0.4395836673378535
164 0.09270134384535311
660 0.9790452325317427
99 0.6382305223108223
491 0.6961774863738757
673 0.7830902343547741
534 0.28342463603763113
395 0.7804175001286874
788 0.3502333340358411
70 0.19598937685396867
348 0.2120918385760895
551 0.912689017877206
94 0.9941483149400947
512 0.872386733282504
90 0.16443436345163787
40 0.09363050978406384
2 0.681939574368012
4 0.18113672936942493
444 0.29336456760508156
740 0.4130015921441539
421 0.38276462183042137
499 0.8431839017674289
597 0.208637773212209
434 0.7899183161611615
266 0.45032869055754543
349 0.7275329785469963
559 0.4801148255539698
535 0.38268761837693677
783 0.5085056426855853
155 0.45348085268616534
823 0.6377760603200957
260 0.408444244374219
71 0.9114142634331698
91 0.1974317482586957
108 0.10920508254542072
362 0.4428795157245419
414 0.12721273390524546
580 0.8653080402825563
397 0.46216345144173043
889 0.9540493881510695
253 0.8295971936750319
738 0.3943324861330916
888 0.44297287665805984
502 0.568274259155799
761 0.639427591616731
831 0.5919157086459939
872 0.5302149830628278
582 0.20173751063972856
416 0.03574877466048121
719 0.6019507882181407
477 0.15124956455629324
137 0.8625315841334062
234 0.9563824374213981
107 0.6750960147258744
199 0.37212599014964287
315 0.4669343840017499
396 0.24082772010810072
866 0.602563891332316
482 0.5543402819668602
293 0.1445259284074566
652 0.05195856594330173
688 0.7462799356697412
370 0.35051117452047664
507 0.4951725181778831
125 0.07466417074924603
264 0.46169326039405545
305 0.33967974202615137
592 0.22198202749166795
39 0.17801964175867036
638 0.29879390825010066
708 0.4712219469297534
466 0.6871610411031466
569 0.26689740020178343
698 0.37833579320132793
481 0.5561294322718603
235 0.7053170932001184
240 0.06866976986077944
873 0.7167696058886159
737 0.9954000648855426
379 0.5996676985113863
588 0.0176783522248658
528 0.5073642624775868
67 0.6074260511162778
21 0.8536725380001322
32 0.8761777206472804
15 0.4350764439693141
16 0.5635946447758217
778 0.938238719091956
48 0.2925545764563716
223 0.8800943791839088
859 0.11980805131976158
58 0.9898712051012232
331 0.8403911034476499
136 0.8464519592610924
53 0.7781230458345005
23 0.4611035798625578
307 0.0013974314537817945
793 0.0908180652241769
575 0.4768238851017036
798 0.4084270275805215
768 0.7125179028877104
326 0.465378881540642
701 0.8546661727279967
524 0.06921037212875525
415 0.985648660975708
150 0.6825283278753835
794 0.958065012506734
865 0.17035102047621276
452 0.6964050795502558
43 0.9950628475794786
17 0.25108378388586206
20 0.8651060838377951
34 0.028151398809713624
148 0.24553755899132312
581 0.39785721716348843
590 0.41647965026882183
710 0.20089849044667063
391 0.46736762784414576
824 0.829295444830731
694 0.4061691233742766
171 0.6898671306021719
697 0.7665979836337636
583 0.8002736802444682
748 0.6345844437142041
284 0.41976867785247873
412 0.8721544744812995
289 0.7676001893491996
250 0.5565409444285824
104 0.7307291858000962
291 0.5129292505447657
647 0.8059175931249144
626 0.8063741160196399
93 0.0370143932198983
231 0.3172097615871434
726 0.38443362542342574
101 0.7284559460109542
540 0.8747012855766879
693 0.34615063172560845
322 0.09996698894865719
576 0.6251870509150452
545 0.3398370286403285
95 0.0445927446196156
41 0.3322989701541914
563 0.1217872824814995
311 0.8975101432344833
648 0.1911062513001961
612 0.144681629975019
675 0.6528054228024813
522 0.6477857535773975
78 0.1825948955791824
31 0.3691215382259657
133 0.17468275296962266
680 0.6713200303934174
443 0.5604145326022311
802 0.7071055343208803
532 0.18827506455772935
298 0.4401722404577253
365 0.6508791145424292
130 0.49187746855916337
775 0.4800359564964851
712 0.48448739176434985
413 0.6284666844472754
422 0.483408982870395
734 0.35192593560090335
169 0.5179573865321917
233 0.5679492550969893
5 0.07635245481992192
79 0.47451292345861473
106 0.11647561338047585
364 0.9595836726241906
393 0.48594885035717705
428 0.8255444488863802
83 0.7597786288294553
459 0.2529274470122458
556 0.6256735848611076
194 0.4649583752677664
206 0.18098680077606955
696 0.2527180845763234
317 0.15526274887747804
692 0.18975195019961066
782 0.2539505145886326
549 0.05060714127466415
54 0.6948580177200812
177 0.36542524298549317
277 0.7528546852850184
825 0.46308858412989506
562 0.3359720471191817
727 0.38685388955443156
224 0.6119813030336507
351 0.03045256087355308
728 0.6183951195899289
678 0.4287176885744437
843 0.7021138706185104
334 0.35580127893129077
721 0.793005305812262
830 0.27380147679446276
625 0.88055017863721
670 0.9486080847678865
145 0.10209319408379969
570 0.5418370682187091
609 0.4555755836660804
893 0.904947368149504
679 0.2780412209700399
587 0.8233583845946395
222 0.48598182369017906
242 0.9913579863221503
286 0.1505755445864443
644 0.4375204281405185
530 0.7028340501821476
123 0.8499713813885182
143 0.2620602808798237
249 0.676430720633601
497 0.5822127609697381
100 0.9145056922293681
810 0.7792279702707804
814 0.039548268805068676
853 0.4349560221246116
777 0.11227664845845486
225 0.16129377983367066
385 0.5561497928645793
685 0.9278094060043406
695 0.7699689225942515
895 0.8090888653545508
523 0.6698640531186264
729 0.0017899977851878468
668 0.8613280371856576
462 0.3977474141671784
487 0.24435947798657565
493 0.5879955639698611
138 0.6505607852437871
263 0.12670272200598054
863 0.79449284306809
800 0.36799318176559637
806 0.044516525300953846
243 0.3858426306150139
323 0.7858579097479965
787 0.9052248771452857
850 0.7946457501676328
681 0.6488077379529898
380 0.10768873047125593
871 0.5936606041162652
747 0.13454673637305703
645 0.715686345595965
278 0.9592015294879435
401 0.3426535534097189
386 0.404855513307955
560 0.2936531832723627
153 0.3210265611455031
114 0.3966866980788971
18 0.10629275332991328
49 0.9295613719690496
132 0.871699704281125
369 0.1911552552785173
628 0.08279665786758228
179 0.005935150954456736
600 0.09194050678880827
832 0.22449712734370264
207 0.8840580950849621
84 0.4215244261711564
373 0.8030303253776072
651 0.7919795061574586
239 0.947981468650962
756 0.4706444658559238
816 0.5810472293320816
657 0.04766946156523333
844 0.6748091910575993
703 0.9096979672117703
432 0.5060144084419952
819 0.31063213585510807
516 0.15385899948331683
339 0.9013568050110966
363 0.8185819689896147
374 0.2955978873801449
404 0.05846921814915951
270 0.2637721775121027
181 0.0033303892013912817
361 0.5440409760857873
470 0.6618492238831483
659 0.46605462307084045
431 0.0841936788476243
211 0.9928881852594572
627 0.3073637973324319
182 0.3849250129434497
59 0.9230754269086099
394 0.27528912846426057
485 0.29617000306736396
495 0.2770503489562981
584 0.5125219383092732
308 0.9040001599655795
577 0.2681749675378633
558 0.4240851684138722
732 0.8001203873544549
186 0.6535920723181262
203 0.37345671723244356
112 0.5836072381021461
165 0.8409903658070753
306 0.6123880531029406
864 0.24983167008188956
252 0.3826590275435797
281 0.5203750820877063
608 0.11576745013147693
80 0.5957164834992845
6 0.11708873512021944
7 0.7376934462831682
8 0.6089580398693288
61 0.4031565059023525
158 0.6265136294122059
366 0.1749555060904473
809 0.203059718162505
474 0.6338863365605895
504 0.15140451701545665
765 0.81047666438506
614 0.12557082776764705
642 0.18791640611443428
457 0.506430745090375
513 0.41033454351077103
465 0.5860148218636652
246 0.19511222081857704
815 0.9926416118540073
599 0.6155981343543272
752 0.05068059335801045
846 0.9176467303026187
856 0.5460318721204137
88 0.5276944775914151
641 0.19915030059031846
796 0.6067740520380518
833 0.5751388890539951
410 0.6596164939699886
329 0.48319112413080323
352 0.9111400966461911
57 0.046355360680805924
381 0.9449849812287375
456 0.5031976061120333
841 0.9296705068861885
425 0.9432693457494918
702 0.9109927561987277
448 0.8493166970697136
358 0.4132682571371178
102 0.37750378848961363
835 0.3219058786884149
319 0.9814936756735815
553 0.8429513599199084
131 0.9552847311155966
36 0.6705104612997798
299 0.6894497499545592
672 0.15102690291279897
724 0.881171167644079
212 0.540364514699917
356 0.5767844281452824
146 0.5994360898215014
469 0.8115914656743838
684 0.4636724069397826
283 0.28912053359510803
406 0.14953980429515124
565 0.15156233561506294
661 0.15246812758080752
210 0.38063644059378454
236 0.08260796975656404
163 0.029069834184435206
98 0.18253948498024108
336 0.29978387809652995
440 0.3998841759650812
127 0.8001384123217113
357 0.9814690500318249
371 0.3686762496321254
454 0.710624727874492
533 0.9924285403893889
126 0.9472347013112257
56 0.18427580297334334
722 0.9072984347669114
745 0.6037734640538516
838 0.07673428663707205
630 0.7478567662915785
405 0.8159796924071595
634 0.32180476688904935
860 0.6891970805903993
435 0.10660002970715032
157 0.23035589388370892
267 0.4948432275442599
372 0.024363536533397956
475 0.44059889054651746
877 0.16182996769666125
898 0.1189303145311793
292 0.04857879345024729
776 0.23239337884404976
891 0.27813422905443186
613 0.7624124721350495
383 0.45767325479691123
423 0.18180905630840205
876 0.0775897607014383
368 0.9598964204430758
213 0.5393079213567304
419 0.9356747963391878
185 0.27900881421922274
82 0.29228760908421736
855 0.2226488126857924
438 0.4460888883674541
624 0.23081953898236107
896 0.8229200289541698
849 0.965742652960653
885 0.7840283078390322
730 0.41321297730088735
741 0.8980463376777912
700 0.24141057204566652
511 0.8207657414536084
142 0.1826360537183006
417 0.6117316303398632
290 0.6372161537648042
96 0.684861632228881
62 0.5721398033656906
52 0.5530399396338881
25 0.897108764085497
27 0.46469406129166224
320 0.8077412802652151
170 0.7981043140456818
521 0.9185301298646811
382 0.857337161579272
619 0.35239826931784457
251 0.26359240719489707
109 0.7115557562607974
686 0.6551512063607893
654 0.7183066850324619
739 0.914223018082111
287 0.7371875079081858
585 0.7995706009786668
541 0.6252536493186686
812 0.008445245644501775
869 0.8195543485324053
392 0.8866172861466647
141 0.7824664018285135
33 0.36847762305817766
269 0.052620491104306555
666 0.683491758905098
717 0.09695567913944192
784 0.19250116930978733
870 0.6489711397470767
197 0.9506248186836576
332 0.003318340680570242
160 0.8909860458613995
338 0.519034245238653
591 0.7024271769225031
867 0.7552095180497529
801 0.9650480213949784
167 0.749514847440037
44 0.4506369662796933
9 0.7016085167436453
875 0.7229331304799634
238 0.69309043849495
509 0.23842108971564602
766 0.4795495028399358
629 0.14686299761098343
764 0.22243538331764345
525 0.1222679695813873
531 0.02336228785043004
791 0.7254570701426079
821 0.08289693787720498
189 0.7028557487442271
232 0.36131590000847047
173 0.23991285808302076
174 0.7550124040152532
116 0.8563916697733734
117 0.5931293675582839
564 0.23229561489988793
811 0.02633894254477387
879 0.7637323267814127
220 0.11138581714515772
496 0.7942639664980479
258 0.13810095314724347
69 0.8448788656979724
10 0.11633712455719725
13 0.20166133267136566
86 0.9759202527938897
209 0.25216557780069915
430 0.4722914076721927
676 0.5308845052326006
285 0.19945969827550702
483 0.6611782522455708
839 0.8461987462665392
669 0.5838301976672806
268 0.8239317193334244
279 0.7212792887297472
294 0.7638138751222754
296 0.763752104599077
878 0.8781165070163148
241 0.34678491242741627
261 0.11060520763760318
446 0.6887956418959936
473 0.345853064257997
442 0.2760057802224968
604 0.9975401808699182
713 0.2324198711313682
636 0.8522028714990346
161 0.1686516005578239
781 0.9445164413051159
63 0.9932770553037624
110 0.7319865789216679
205 0.6820238826573167
341 0.5912983622065313
447 0.9828257582232767
204 0.057592399657445004
589 0.16414451946856534
128 0.8447916914420308
840 0.43452534128189824
359 0.7836643055403865
476 0.4613070462363047
714 0.8972645130233359
501 0.46960494998247304
200 0.10859815219637059
216 0.2231192669940134
390 0.12027800305645286
836 0.23328305066649324
517 0.9552980930505871
543 0.6018261260239299
789 0.6399981816088743
655 0.4641903355174556
763 0.3024109698817703
554 0.447965408696986
633 0.2612489565111321
420 0.8527380684633217
248 0.8134898451616849
862 0.595853194214791
762 0.9888965886257
887 0.5524436965958767
790 0.6585864623921425
635 0.5450899701870056
743 0.022422614352510695
767 0.06100581842552455
303 0.6790945391856515
151 0.4324467590233144
105 0.8513410670653505
321 0.9343483876793905
568 0.4585968569115344
464 0.38773562432519293
478 0.484034353442782
735 0.09204292359740862
758 0.550506218154054
265 0.4214443217352086
704 0.28475589775044474
355 0.8998520198131417
744 0.986911389142616
818 0.9289326928732639
868 0.5880840872081563
573 0.752441576217044
514 0.5265819701310319
115 0.5421925777684373
544 0.4122641972160961
318 0.6298738187537883
343 0.5143352083360656
715 0.8469844182303474
449 0.7401771693978685
566 0.5737260678594915
595 0.029333003549722902
542 0.048037668649483334
218 0.5492024526559466
272 0.05714089338930273
689 0.17488725733433286
611 0.19450856735972133
480 0.08061853559034449
606 0.22347821642421017
152 0.9728247600172127
12 0.832185517187148
230 0.15895042696859496
337 0.22461896481651955
498 0.6288751380197716
274 0.8059866104075155
725 0.7645205735939002
858 0.2451419451604404
120 0.8408953363290765
649 0.3365558697733685
354 0.11531896983695145
461 0.0757779729218393
555 0.9950894460694218
77 0.904290976634187
111 0.6342289504252864
330 0.38785777606158356
854 0.5814636890320354
180 0.9525545664305768
671 0.3471153977889866
65 0.05903358158744654
75 0.7228394425595203
663 0.8252955473776042
579 0.2100199390348355
184 0.9733454771549916
309 0.1382609170239979
37 0.07589004016926404
38 0.27886895468315487
314 0.47072973661186734
526 0.2969530698731905
198 0.31026398035232694
605 0.8664843148392859
325 0.051813675481450994
519 0.6105266591318704
121 0.6244975882804669
217 0.9308926713752962
503 0.45834004070249257
837 0.684011998201468
451 0.9785384757958403
607 0.25003138863558705
538 0.4572201408932475
571 0.703564793512132
375 0.9768254274625182
384 0.09970990648288591
662 0.6221828168960226
803 0.02595067265432338
176 0.16744192824914117
313 0.9601727242611298
437 0.7555741420725357
237 0.10111232377808155
424 0.9416418184650654
458 0.3033123981291732
834 0.6761333641282605
658 0.7528816997192176
709 0.5929625400879492
572 0.6358873736162619
631 0.5771794301682931
429 0.44310627401850367
398 0.8768172622000441
124 0.33998270801315633
22 0.5210840539591857
122 0.8259084116140045
773 0.01690238335921046
643 0.6822452787369759
753 0.7641432352413733
828 0.2511284865393141
103 0.03495533899626646
245 0.6140304378891488
271 0.6136745706209944
183 0.958396702816368
537 0.08934701741363438
259 0.019283977034960764
494 0.5042772416021004
228 0.7847354799364151
140 0.7914637399665462
147 0.0403617182431647
399 0.8600794476917009
593 0.3988502788850766
154 0.8103549254070485
280 0.17636566360291595
529 0.9724331457763806
506 0.207072232783023
639 0.6040969916345968
256 0.6417776018242487
489 0.4846304116805932
736 0.5090080080788004
594 0.43989219149884584
699 0.34537215963546386
282 0.058742447638643
208 0.5483472366470399
219 0.15236803991938896
759 0.9018069486758452
188 0.7866442591486306
47 0.5286905870046984
60 0.29415964951592455
601 0.9083188120990969
376 0.555118968258745
508 0.05421539832957978
716 0.8220702820729602
808 0.22711589608084493
813 0.3922818629990714
820 0.8603521851373205
255 0.6257385341202076
445 0.4349046959313221
408 0.1842931554655598
674 0.1996979117947335
691 0.49271132206168156
490 0.4388867082732433
874 0.8035966292538538
770 0.5236902694724757
842 0.9212305320730951
328 6.532657109067364E-4
118 0.5135471042374592
193 0.13255183614577382
333 0.3539841307272049
388 0.7238855220982056
690 0.018071105636170426
786 0.2358380238499399
683 0.5797357744870739
295 0.5102241305010706
750 0.35679901526200597
510 0.5829786938144783
302 0.09465650297877037
178 0.3610547099849948
301 0.0740653961807618
472 0.9047278622956538
196 0.30968865510226506
749 0.5884994898513026
785 0.6069338888394239
166 0.7136103086356879
30 0.6073599009788009
14 0.277172421335104
19 0.927329089343386
35 0.49598596915662707
880 0.1570348797899992
886 0.6738286692198766
50 0.9187870803497666
486 0.4976092908136672
552 0.29509161599604583
460 0.07002406960938301
244 0.2448514503931788
378 0.8407391318033784
400 0.28480452463670913
771 0.5777176366746679
881 0.22835036734607572
539 0.5078441546652309
159 0.7093050807588358
353 0.9946963229092907
653 0.8052395382591729
488 0.5233823557000777
546 0.587968107267537
883 0.9242723387528186
640 0.36067649175215644
324 0.14869715529300354
598 0.4057270571833296
618 0.32001911876393463
520 0.6127296321908586
548 0.47309469073713706
617 0.599614623565695
616 0.3801585052622234
687 0.9940981233344722
852 0.5134009579022945
226 0.12576603274615927
68 0.17020426360081997
74 0.4265349160271923
632 0.1225386729671557
892 0.9765173812670339
215 0.06253809384797004
441 0.5820927475065337
755 0.4047219794094603
347 0.8405159931725691
192 0.5981275336673876
195 0.5869829332935024
55 0.2118901420692657
28 0.1339059303834762
463 0.013597297853713664
884 0.4673981249534317
536 0.9721216828418777
345 0.1236607543865631
172 0.49237966746917805
342 0.9007506958860406
742 0.3671954706205417
468 0.3978924401135935
24 0.2827263564359821
26 0.45790623419452514
87 0.43170028975357655
436 0.7801994697326177
547 0.3059247986210568
610 0.0461672572365468
827 0.39283147247953965
505 0.24767790899168152
705 0.6788614213631146
229 0.8990924519678172
797 0.184338727227483
817 0.07171862532335005
807 0.27980063939335975
792 0.21239093616547666
467 0.33254798799176155
665 0.33066879813700245
620 0.4074879310602604
92 0.8615004516177092
119 0.41070631810635605
202 0.6009306126204976
175 0.37683502406290825
471 0.8953498626486942
257 0.3222678154124493
656 0.9456348026967886
450 0.22895270435408255
677 0.7415869981787216
718 0.9405977459805841
574 0.04823726087062985
335 0.8171565493713602
42 0.750927516772248
596 0.11220626437376202
706 0.25720444931750586
316 0.6634680817626144
848 0.1288285575681648
769 0.17930805351205215
134 0.6258505353234685
139 0.7673525183419737
254 0.9410478596320881
149 0.4064193903475781
664 0.1999359178224177
774 0.21687860579086848
273 0.6871421438412494
500 0.5819108681129253
89 0.3365824524851684
707 0.7958054342456661
276 0.6984943876859318
409 0.8611793157573181
720 0.08437294563347275
667 0.9143903831666095
97 0.1383220946457061
