0.4162491120664809 1
0.4209968344932806 1
0.42158006069454923 1
0.42996955170769124 1
0.4315086458329213 1
0.4321862166272087 1
0.43596262684230147 1
0.43687958163520885 1
0.4378921948466013 1
0.43872260205422287 1
0.44054754095350107 1
0.4423229063107184 1
0.4431599435766859 1
0.4435898678274133 1
0.4442095262872198 1
0.4470057759205309 1
0.447860536466257 1
0.4481795948151886 1
0.44975353434963156 1
0.4499249949301642 1
0.4509816969239145 1
0.4512285092171695 1
0.4540711294049508 1
0.4550121941578512 1
0.4559340156998769 1
0.4571664962742804 1
0.45882043894471286 1
0.4590353697543988 1
0.459294651419408 1
0.4594893365399568 1
0.45955674218674614 1
0.4600969114782324 1
0.46081126000598027 1
0.46140015402945606 1
0.4625033421890359 1
0.46368884793657567 1
0.4639957109089998 1
0.4652193797599089 1
0.46545473181112806 1
0.46553650205298774 1
0.4666689933206632 1
0.4678783090407565 1
0.467917200787994 1
0.4681237187948969 1
0.46877648389926974 1
0.4689974208301884 1
0.470144645277153 1
0.47089610499650186 1
0.47138630716525265 1
0.47155259517114273 1
0.4717603895443592 1
0.47178192507357813 1
0.4720155438791664 1
0.4721122695612837 1
0.4722776926030463 1
0.4723156738420064 1
0.4726452376146215 1
0.4737253538024761 1
0.47404387124384273 1
0.47458400271891166 1
0.4749293429193518 1
0.4750920092169792 1
0.475383855076907 1
0.47554890321614834 1
0.47558363060149267 1
0.47602673658349054 1
0.4760564683529831 1
0.4763098827055231 1
0.47739102033216396 1
0.4776379491471754 1
0.4776742239271305 1
0.478329422721222 1
0.4789091377000238 1
0.47967525254914983 1
0.47975668235508023 1
0.47992658484382017 1
0.4799316537301835 1
0.48038037772090314 1
0.480397515823684 1
0.4804324470298682 1
0.4806159618795312 1
0.48065101569071905 1
0.48098002744737356 1
0.48104440006918336 1
0.4811143529026136 1
0.4828408242203943 1
0.48285644912002945 1
0.4836737343382721 1
0.4838624502720928 1
0.4840299846100076 1
0.4848475840063679 1
0.4848856725393228 1
0.48494988482879026 1
0.4855573776381006 1
0.48561882598842215 1
0.4865797734832323 1
0.4875033906736177 1
0.4875112391337692 1
0.48861590555911627 1
0.4890279055813312 1
0.48904209669186954 1
0.4893619382509668 1
0.4900779522221959 1
0.4902683645029055 1
0.49043627913295046 1
0.4906084451814297 1
0.49065003878912883 1
0.49070857053149697 1
0.49164676657825496 1
0.4917721263101547 1
0.4918321689604761 1
0.49184914437557536 1
0.49231246341056617 1
0.4926207479863001 1
0.4927073108019567 1
0.4931598415903011 1
0.49359539022059734 1
0.49367255720471026 1
0.49415362170453625 1
0.494325964828872 1
0.49450866419130085 1
0.4945694448638422 1
0.49460813236261003 1
0.49533624283874594 1
0.49681362331347473 1
0.4970672099618136 1
0.497165220188799 1
0.4982389338859545 1
0.49843522458367173 1
0.4989433611277021 1
0.500150730009585 1
0.5002330591737105 1
0.5004604907647833 1
0.5007231731488188 1
0.5008789870652033 1
0.5011645568664971 1
0.5027391728388555 1
0.5034094796296029 1
0.5037411232743697 1
0.5046159106919229 1
0.5054037001193479 1
0.5058302337821194 1
0.5061434616479655 1
0.5067735849642746 1
0.507150800900387 1
0.5071565355419183 1
0.5073787765974496 1
0.5076836466097645 1
0.5077048026206767 1
0.5077240970188662 1
0.5081613443748758 1
0.5084457320348242 1
0.5091902441447709 1
0.5092046150794665 1
0.5100260796985762 1
0.511542111326917 1
0.5116317906236394 1
0.5116526176116527 1
0.512137122319626 1
0.512506619797459 1
0.5126853708835101 1
0.5133247720254471 1
0.5144019630989302 1
0.514546755075121 1
0.5146112255921208 1
0.5146504932141691 1
0.515410128906578 1
0.5157819319784634 1
0.5158964790240976 1
0.5163311218377704 1
0.5164416203596178 1
0.5173438033576598 1
0.5173766974464613 1
0.5178357772061171 1
0.5196284371591523 1
0.5199151694579963 1
0.5200755042409508 1
0.5203471698739813 1
0.520507075513647 1
0.5219155085539614 1
0.5227720398447626 1
0.5231676799561708 1
0.5238930378311347 1
0.5253972572313002 1
0.5259577363533023 1
0.5271348239325576 1
0.5271376037786769 1
0.529061705036004 1
0.5312323568489822 1
0.5314718880698921 1
0.5318411852836218 1
0.5356106308715478 1
0.5408630663232395 1
0.5456462511185596 1
0.5473081287774979 1
0.5473842253061824 1
0.551490921074703 1
0.5549500510108584 1
0.5557411621353785 1
0.562910568295172 1
