
 0.450
 0.531
 0.520
 0.460
 0.448
 0.484
 0.492
 0.508
 0.474
 0.432
 0.464
 0.487
 0.494
 0.547
 0.492
 0.523
 0.492
 0.457
 0.495
 0.529
 0.493
 0.485
 0.541
 0.512
 0.476
 0.488
 0.497
 0.469
 0.484
 0.483
 0.485
 0.536
 0.430
 0.512
 0.508
 0.471
 0.447
 0.472
 0.450
 0.459
 0.494
 0.509
 0.527
 0.442
 0.516
 0.438
 0.547
 0.436
 0.522
 0.475
 0.476
 0.476
 0.556
 0.555
 0.527
 0.492
 0.451
 0.508
 0.468
 0.512
 0.492
 0.508
 0.468
 0.497
 0.476
 0.525
 0.520
 0.454
 0.491
 0.507
 0.437
 0.510
 0.444
 0.480
 0.459
 0.421
 0.513
 0.503
 0.472
 0.477
 0.480
 0.491
 0.461
 0.481
 0.478
 0.516
 0.489
 0.473
 0.520
 0.551
 0.505
 0.481
 0.515
 0.439
 0.531
 0.501
 0.483
 0.498
 0.479
 0.507
 0.501
 0.499
 0.490
 0.455
 0.500
 0.422
 0.524
 0.444
 0.498
 0.493
 0.563
 0.509
 0.466
 0.480
 0.489
 0.523
 0.504
 0.472
 0.456
 0.486
 0.514
 0.459
 0.476
 0.464
 0.465
 0.451
 0.475
 0.475
 0.497
 0.459
 0.506
 0.526
 0.501
 0.480
 0.474
 0.481
 0.500
 0.490
 0.532
 0.516
 0.461
 0.472
 0.471
 0.472
 0.503
 0.512
 0.465
 0.518
 0.516
 0.443
 0.507
 0.506
 0.494
 0.472
 0.478
 0.508
 0.485
 0.490
 0.475
 0.432
 0.493
 0.467
 0.489
 0.470
 0.480
 0.507
 0.484
 0.468
 0.480
 0.481
 0.521
 0.416
 0.495
 0.481
 0.546
 0.478
 0.517
 0.488
 0.513
 0.463
 0.517
 0.495
 0.505
 0.441
 0.513
 0.460
 0.500
 0.494
 0.515
 0.486
 0.491
 0.515
 0.469
 0.489
 0.472
 0.495
 0.520
 0.515
 0.448
 0.480

