
 5.980
 0.010
 3.940
 0.000
 0.020
 0.000
 4.000
 2.000
 0.010
 0.000
 4.000
 0.000
 4.000
 7.980
 0.000
 4.000
 3.980
 0.030
 4.000
 0.010
 0.010
 0.020
 0.000
 0.010
 0.010
 0.000
 4.000
 2.000
 9.980
 0.000
 5.980
 3.980
 4.000
 0.010
 0.010
 0.000
 2.000
 0.030
 1.990
 1.990
 0.030
 9.990
 0.000
 0.030
 4.000
 5.990
 2.000
 0.030
 4.000
 0.000
 0.020
 0.010
 2.000
 8.000
 2.000
 0.020
 4.000
 5.980
 0.000
 0.010
 3.990
 0.030
 3.990
 0.010
 0.030
 5.970
 2.000
 2.000
 0.020
 0.030
 3.960
 1.980
 1.980
 3.990
 6.000
 5.990
 3.980
 0.040
 2.000
 0.010
 2.000
 0.010
 5.970
 0.000
 3.980
 5.980
 5.960
 0.010
 0.000
 0.000

