
 0.546
 0.638
 0.672
 0.691
 0.689
 0.696
 0.696
 0.696
 0.696
 0.696
 0.696
 0.696
 0.696
 0.696
 0.696
 0.696
 0.696
 0.696
 0.696
 0.696
 0.696
 0.696
 0.696
 0.696
 0.696
 0.696
 0.696
 0.696
 0.696
 0.696
 0.696
 0.696
 0.696
 0.696
 0.696
 0.696
 0.696
 0.696
 0.696
 0.696
 0.696
 0.696
 0.696
 0.696
 0.696
 0.696
 0.696
 0.696
 0.696
 0.696
 0.696
 0.696
 0.696
 0.696
 0.696
 0.696
 0.696
 0.696
 0.696
 0.696
 0.696
 0.696
 0.696
 0.696
 0.696
 0.696
 0.696
 0.696
 0.696
 0.696
 0.696
 0.696
 0.696
 0.696
 0.696
 0.696
 0.696
 0.696
 0.696
 0.696
 0.696
 0.696
 0.696
 0.696
 0.696
 0.696
 0.696
 0.696
 0.696
 0.696
 0.696
 0.696
 0.696
 0.696
 0.696
 0.696
 0.696
 0.696
 0.696
 0.696
 0.696
 0.696
 0.696
 0.696
 0.696
 0.696
 0.696
 0.696
 0.696
 0.696
 0.696
 0.696
 0.696
 0.696
 0.696
 0.696
 0.696
 0.696
 0.696
 0.696
 0.696
 0.696
 0.696
 0.696
 0.696
 0.696
 0.696
 0.696
 0.696
 0.696
 0.696
 0.696
 0.696
 0.696
 0.696
 0.696
 0.696
 0.696
 0.696
 0.696
 0.696
 0.696
 0.696
 0.696
 0.696
 0.696
 0.696
 0.696
 0.696
 0.696
 0.696
 0.696
 0.696
 0.696
 0.696
 0.696
 0.696
 0.696
 0.696
 0.696
 0.696
 0.696
 0.696
 0.696
 0.696
 0.696
 0.696
 0.696
 0.696
 0.696
 0.696
 0.696
 0.696
 0.696
 0.696
 0.696
 0.696
 0.696
 0.696
 0.696
 0.696
 0.696
 0.696
 0.696
 0.696
 0.696
 0.696
 0.696
 0.696
 0.696
 0.696
 0.696
 0.696
 0.696
 0.696
 0.696
 0.696
 0.696
 0.696
 0.696

