0 0.7358807248644003 0.0 0.0
8 0.6486909016194786 0.4 0.4865181375496182
6 0.9991208202165033 0.0 0.0
7 0.13318527719012363 -0.36000000000000004 0.10521635564358137
17 0.1138971889720346 0.0 0.0
16 0.31697437474842716 0.4 0.28527692971632646
5 0.027865681672007092 0.0 0.0
10 0.5011344869232264 0.0 0.0
15 0.9489727644078879 0.4 0.5693835681436376
11 0.3801816627700465 -0.2 0.0760362713704083
9 0.24235776440652745 -0.2 0.10906096220251076
20 0.15008602231678914 0.0 0.0
25 0.7273243721759947 0.0 0.0
1 0.33189486864899675 -0.2 0.23232638431532682
2 0.7965400825909412 -0.2 0.15930788832896883
28 0.5391242143882935 -0.2 0.5391242143882935
14 0.728257218416221 0.4 0.6190186096092802
22 0.6905243975782246 0.0 0.0
3 0.08633235407023632 0.0 0.0
21 0.5454001879068251 0.0 0.0
12 0.737786085065967 0.64 0.2951142482299748
4 0.3052528363304159 0.0 0.0
13 0.8132192349086093 0.64 0.6831041001266861
18 0.4286069994072048 0.4 0.08572133090462751
27 0.3037246174151256 0.0 0.0
30 0.9991208202165033 0.64 0.6394371668273435
19 0.14182875098750847 -0.2 0.0709143585864496
23 0.26468130260441025 -0.2 0.2514472343189427
26 0.9640505864110173 0.0 0.0
24 0.36621928052770614 0.28 0.16113639328101226
29 0.49307547810921826 0.4 0.17257634092529572
