1 1 5
1 2 6
1 3 9
1 4 10
1 5 10
1 6 1
1 7 7
1 8 15
1 9 5
1 10 11
1 20 6
1 30 15
1 40 14
1 50 20
1 60 12
1 70 20
1 80 12
1 90 32
1 100 15
1 200 12
1 300 22
1 400 26
1 500 17
1 600 19
1 700 16
1 800 13
1 900 21
1 1000 21
1 2000 16
1 3000 21
1 4000 19
1 5000 18
1 6000 19
1 7000 21
1 8000 21
1 9000 16
1 10000 19
2 1 5
2 2 6
2 3 9
2 4 10
2 5 10
2 6 2
2 7 8
2 8 14
2 9 5
2 10 12
2 20 7
2 30 15
2 40 15
2 50 19
2 60 10
2 70 17
2 80 9
2 90 30
2 100 18
2 200 12
2 300 19
2 400 23
2 500 16
2 600 21
2 700 16
2 800 12
2 900 20
2 1000 21
2 2000 19
2 3000 23
2 4000 21
2 5000 19
2 6000 17
2 7000 24
2 8000 15
2 9000 17
2 10000 17
3 1 5
3 2 6
3 3 9
3 4 10
3 5 11
3 6 1
3 7 7
3 8 15
3 9 5
3 10 12
3 20 7
3 30 15
3 40 14
3 50 16
3 60 9
3 70 17
3 80 10
3 90 30
3 100 19
3 200 14
3 300 17
3 400 24
3 500 17
3 600 18
3 700 16
3 800 13
3 900 20
3 1000 19
3 2000 18
3 3000 21
3 4000 20
3 5000 19
3 6000 16
3 7000 22
3 8000 18
3 9000 18
3 10000 18
4 1 5
4 2 6
4 3 8
4 4 10
4 5 10
4 6 2
4 7 7
4 8 14
4 9 4
4 10 13
4 20 8
4 30 15
4 40 16
4 50 17
4 60 9
4 70 17
4 80 9
4 90 30
4 100 16
4 200 13
4 300 20
4 400 25
4 500 18
4 600 20
4 700 16
4 800 13
4 900 14
4 1000 20
4 2000 16
4 3000 18
4 4000 19
4 5000 17
4 6000 13
4 7000 16
4 8000 19
4 9000 17
5 1 4
5 2 6
5 3 8
5 4 8
5 5 12
5 6 14
5 7 16
5 8 5
5 9 13
5 10 16
5 20 12
5 30 30
5 40 9
5 50 25
5 60 15
5 70 15
5 80 18
5 90 9
5 100 11
5 200 19
5 300 22
5 400 14
5 500 19
5 600 17
5 700 21
5 800 21
5 900 19
5 1000 14
5 2000 17
5 3000 18
5 4000 16
5 5000 16
100 10 17
100 10 12
100 10 6
100 10 6
100 10 15
100 10 21
100 10 14
100 10 10
100 10 22
100 10 5
100 10 6
100 10 13
100 10 10
100 10 5
100 10 17
100 10 6
100 10 6
100 10 15
100 10 16
100 10 13
100 10 12
100 10 5
100 10 16
100 10 19
100 10 6
100 10 5
100 10 7
100 10 6
100 10 6
100 10 12
100 10 5
100 10 7
100 10 13
100 10 13
100 10 16
100 10 5
100 10 3
100 10 6
100 10 13
100 10 7
100 10 3
100 10 9
100 10 11
100 10 6
300000 30 8
300000 30 22
300000 30 15
300000 30 8
300000 30 15
300000 30 14
300000 30 5
300000 30 26
30000 30 15
30000 30 5
3000000 30 2
300000 30 1
30000 30 2
30000 30 1
300000 30 3
