1 1 5
1 2 6
1 3 9
1 4 10
1 5 10
1 6 2
1 7 8
1 8 15
1 9 6
1 10 12
1 20 8
1 30 15
1 40 14
1 50 16
1 60 10
1 70 18
1 80 10
1 90 27
1 100 15
1 200 10
1 300 18
1 400 24
1 500 19
1 600 23
1 700 16
1 800 15
1 900 22
1 1000 18
1 2000 17
1 3000 22
1 4000 21
1 5000 21
1 6000 19
1 7000 22
1 8000 16
1 9000 17
1 10000 16
2 1 5
2 2 6
2 3 9
2 4 10
2 5 10
2 6 2
2 7 7
2 8 14
2 9 5
2 10 11
2 20 9
2 30 14
2 40 12
2 50 18
2 60 9
2 70 17
2 80 12
2 90 33
2 100 15
2 200 14
2 300 24
2 400 21
2 500 18
2 600 19
2 700 15
2 800 10
2 900 18
2 1000 18
2 2000 21
2 3000 22
2 4000 17
2 5000 16
2 6000 21
2 7000 18
2 8000 19
2 9000 16
2 10000 16
3 1 5
3 2 6
3 3 9
3 4 10
3 5 10
3 6 2
3 7 8
3 8 14
3 9 6
3 10 13
3 20 8
3 30 14
3 40 15
3 50 17
3 60 9
3 70 15
3 80 10
3 90 30
3 100 15
3 200 11
3 300 24
3 400 28
3 500 17
3 600 17
3 700 14
3 800 12
3 900 20
3 1000 19
3 2000 18
3 3000 17
3 4000 18
3 5000 19
3 6000 20
3 7000 18
3 8000 17
3 9000 16
3 10000 19
4 1 5
4 2 6
4 3 9
4 4 10
4 5 11
4 6 1
4 7 8
4 8 14
4 9 5
4 10 12
4 20 8
4 30 12
4 40 13
4 50 17
4 60 11
4 70 19
4 80 11
4 90 29
4 100 15
4 200 12
4 300 18
4 400 24
4 500 15
4 600 21
4 700 17
4 800 11
4 900 24
4 1000 16
4 2000 18
4 3000 20
4 4000 21
4 5000 21
4 6000 18
4 7000 19
4 8000 16
4 9000 17
5 1 4
5 2 6
5 3 8
5 4 8
5 5 12
5 6 14
5 7 16
5 8 5
5 9 13
5 10 15
5 20 13
5 30 32
5 40 10
5 50 22
5 60 16
5 70 15
5 80 19
5 90 10
5 100 8
5 200 18
5 300 21
5 400 13
5 500 17
5 600 19
5 700 22
5 800 16
5 900 23
5 1000 17
5 2000 21
5 3000 15
5 4000 21
5 5000 18
100 10 16
100 10 13
100 10 3
100 10 2
100 10 4
100 10 4
100 10 5
100 10 5
100 10 4
100 10 4
100 10 3
100 10 2
100 10 5
100 10 4
100 10 5
100 10 5
100 10 5
100 10 4
100 10 3
100 10 4
100 10 1
100 10 0
100 10 4
100 10 3
100 10 3
100 10 4
100 10 4
100 10 0
100 10 3
100 10 4
100 10 4
100 10 4
100 10 5
100 10 4
100 10 3
100 10 2
100 10 4
100 10 5
100 10 3
100 10 4
100 10 0
100 10 4
100 10 4
100 10 4
300000 30 4
300000 30 4
300000 30 4
300000 30 4
300000 30 3
300000 30 2
300000 30 5
300000 30 5
30000 30 5
30000 30 1
3000000 30 1
300000 30 1
30000 30 1
30000 30 0
300000 30 0
