1 1 5
1 2 4
1 3 4
1 4 4
1 5 3
1 6 2
1 7 4
1 8 3
1 9 3
1 10 3
1 20 3
1 30 4
1 40 3
1 50 4
1 60 4
1 70 4
1 80 3
1 90 4
1 100 4
1 200 4
1 300 4
1 400 4
1 500 3
1 600 4
1 700 4
1 800 4
1 900 4
1 1000 4
1 2000 4
1 3000 4
1 4000 4
1 5000 4
1 6000 4
1 7000 4
1 8000 4
1 9000 4
1 10000 4
2 1 5
2 2 4
2 3 5
2 4 5
2 5 3
2 6 2
2 7 5
2 8 5
2 9 3
2 10 3
2 20 3
2 30 3
2 40 4
2 50 3
2 60 4
2 70 3
2 80 6
2 90 3
2 100 3
2 200 4
2 300 5
2 400 5
2 500 4
2 600 4
2 700 6
2 800 3
2 900 7
2 1000 4
2 2000 4
2 3000 6
2 4000 4
2 5000 4
2 6000 4
2 7000 4
2 8000 3
2 9000 6
2 10000 4
3 1 5
3 2 6
3 3 5
3 4 7
3 5 5
3 6 2
3 7 5
3 8 7
3 9 3
3 10 4
3 20 4
3 30 4
3 40 6
3 50 5
3 60 4
3 70 4
3 80 5
3 90 4
3 100 4
3 200 4
3 300 5
3 400 4
3 500 5
3 600 5
3 700 4
3 800 4
3 900 5
3 1000 5
3 2000 5
3 3000 5
3 4000 4
3 5000 6
3 6000 4
3 7000 5
3 8000 5
3 9000 5
3 10000 4
4 1 5
4 2 5
4 3 4
4 4 4
4 5 4
4 6 2
4 7 5
4 8 4
4 9 3
4 10 4
4 20 3
4 30 3
4 40 4
4 50 4
4 60 4
4 70 4
4 80 3
4 90 6
4 100 5
4 200 5
4 300 5
4 400 6
4 500 4
4 600 4
4 700 4
4 800 5
4 900 3
4 1000 5
4 2000 3
4 3000 3
4 4000 3
4 5000 3
4 6000 3
4 7000 5
4 8000 3
4 9000 4
5 1 4
5 2 4
5 3 4
5 4 5
5 5 4
5 6 4
5 7 4
5 8 3
5 9 4
5 10 4
5 20 6
5 30 4
5 40 4
5 50 5
5 60 3
5 70 3
5 80 4
5 90 5
5 100 3
5 200 4
5 300 3
5 400 4
5 500 4
5 600 3
5 700 3
5 800 3
5 900 4
5 1000 4
5 2000 3
5 3000 3
5 4000 4
5 5000 3
100 10 6
100 10 3
100 10 3
100 10 2
100 10 4
100 10 4
100 10 5
100 10 5
100 10 4
100 10 4
100 10 3
100 10 2
100 10 5
100 10 4
100 10 5
100 10 5
100 10 4
100 10 5
100 10 6
100 10 4
100 10 1
100 10 0
100 10 4
100 10 3
100 10 3
100 10 4
100 10 4
100 10 0
100 10 3
100 10 4
100 10 5
100 10 4
100 10 5
100 10 4
100 10 2
100 10 2
100 10 4
100 10 4
100 10 3
100 10 4
100 10 0
100 10 4
100 10 4
100 10 4
300000 30 4
300000 30 4
300000 30 4
300000 30 4
300000 30 2
300000 30 5
300000 30 5
30000 30 5
30000 30 1
3000000 30 1
300000 30 1
30000 30 1
30000 30 0
300000 30 0
30000 30 1
