
 0.540
 0.603
 0.637
 0.653
 0.653
 0.653
 0.653
 0.653
 0.653
 0.653
 0.653
 0.653
 0.653
 0.653
 0.653
 0.653
 0.653
 0.653
 0.653
 0.653
 0.653
 0.653
 0.653
 0.653
 0.653
 0.653
 0.653
 0.653
 0.653
 0.653
 0.653
 0.653
 0.653
 0.653
 0.653
 0.653
 0.653
 0.653
 0.653
 0.653
 0.653
 0.653
 0.653
 0.653
 0.653
 0.653
 0.653
 0.653
 0.653
 0.653
 0.653
 0.653
 0.653
 0.653
 0.653
 0.653
 0.653
 0.653
 0.653
 0.653
 0.653
 0.653
 0.653
 0.653
 0.653
 0.653
 0.653
 0.653
 0.653
 0.653
 0.653
 0.653
 0.653
 0.653
 0.653
 0.653
 0.653
 0.653
 0.653
 0.653
 0.653
 0.653
 0.653
 0.653
 0.653
 0.653
 0.653
 0.653
 0.653
 0.653
 0.653
 0.653
 0.653
 0.653
 0.653
 0.653
 0.653
 0.653
 0.653
 0.653
 0.653
 0.653
 0.653
 0.653
 0.653
 0.653
 0.653
 0.653
 0.653
 0.653
 0.653
 0.653
 0.653
 0.653
 0.653
 0.653
 0.653
 0.653
 0.653
 0.653
 0.653
 0.653
 0.653
 0.653
 0.653
 0.653
 0.653
 0.653
 0.653
 0.653
 0.653
 0.653
 0.653
 0.653
 0.653
 0.653
 0.653
 0.653
 0.653
 0.653
 0.653
 0.653
 0.653
 0.653
 0.653
 0.653
 0.653
 0.653
 0.653
 0.653
 0.653
 0.653
 0.653
 0.653
 0.653
 0.653
 0.653
 0.653
 0.653
 0.653
 0.653
 0.653
 0.653
 0.653
 0.653
 0.653
 0.653
 0.653
 0.653
 0.653
 0.653
 0.653
 0.653
 0.653
 0.653
 0.653
 0.653
 0.653
 0.653
 0.653
 0.653
 0.653
 0.653
 0.653
 0.653
 0.653
 0.653
 0.653
 0.653
 0.653
 0.653
 0.653
 0.653
 0.653
 0.653
 0.653
 0.653
 0.653
 0.653
 0.653

