
 0.010
 2.000
 0.010
 0.000
 0.010
 0.000
 0.010
 0.000
 0.000
 0.000
 0.000
 0.000
 0.000
 0.000
 2.000
 0.000
 1.940
 0.000
 3.940
 0.000
 0.000
 0.010
 0.000
 0.000
 0.000
 0.000
 0.000
 0.000
 0.000
 0.000
 0.000
 0.010
 0.000
 0.010
 1.950
 0.000
 0.000
 0.000
 0.000
 0.020
 0.000
 0.010
 0.000
 0.000
 0.010
 0.000
 0.000
 0.000
 1.940
 0.000
 0.000
 0.000
 0.000
 0.010
 0.000
 1.940
 1.940
 0.000
 0.000
 0.000
 0.030
 1.940
 0.000
 0.010
 0.000
 0.000
 0.000
 0.000
 0.000
 0.000
 0.000
 0.000
 1.940
 0.000
 0.000
 0.000
 0.000
 0.010
 0.000
 0.000
 1.940
 0.010
 0.000
 0.000
 3.930
 0.000
 0.000
 0.000
 0.000
 0.000
 0.000
 0.000
 0.020
 0.000
 3.950
 0.000
 0.000
 0.000
 0.000
 0.010
 0.000
 0.000
 0.000
 0.010
 0.000
 0.000
 0.000
 0.020
 0.010
 0.000
 0.000
 1.940
 0.000
 0.000
 0.010
 0.000
 0.000
 0.000
 1.940
 2.010
 0.050
 0.000
 0.010
 0.000
 0.010
 0.000
 0.020
 0.000
 0.000
 0.010
 0.000
 1.940
 0.000
 0.010
 0.010
 1.950
 1.940
 0.000
 1.950
 0.010
 0.000
 0.000
 0.000
 0.000
 0.000
 0.010
 0.000
 2.000
 0.000
 0.000
 0.000
 0.000
 0.000
 0.000
 2.000
 0.000
 0.000
 0.000
 0.000
 0.000
 0.000
 0.010
 0.000
 0.010
 0.010
 0.000
 0.040
 0.000
 0.000
 0.000
 0.020
 0.000
 0.010
 0.010
 0.010
 0.010
 3.980
 0.000
 0.010
 0.000
 0.000
 0.000
 0.000
 0.010
 0.010
 0.000
 0.010
 0.000
 2.000
 0.000
 1.970
 0.000
 0.000
 0.000
 2.000
 3.990
 0.000
 0.000
 0.010
 0.000
 0.000
 0.000
 0.000
 0.000
 0.000
 0.020
 0.000
 0.000
 0.010
 0.000
 0.000
 0.010
 0.000
 0.000
 0.000
 0.000
 0.000
 0.010
 0.000
 0.000
 0.000
 0.000
 0.010
 0.000
 0.020
 0.000
 0.000
 0.040
 0.000
 0.000
 1.950
 0.000
 0.000
 0.010
 1.950
 0.010
 4.000
 0.020
 0.000
 0.040
 0.000
 0.000
 0.000
 0.000
 0.000
 0.000
 0.000
 1.970
 0.000
 0.000
 0.000
 0.040
 0.050
 0.000
 0.000
 0.000
 0.000
 0.000
 0.010
 2.000
 0.000
 0.000
 0.010
 1.990
 0.000
 2.000
 0.000
 0.000
 0.020
 1.990
 0.000
 0.000
 0.000
 0.000
 0.010
 0.000
 0.010
 0.000
 0.010
 2.000
 3.990
 0.000
 2.000
 0.010
 0.000
 0.000
 0.010
 0.000
 0.010
 0.000
 2.000
 0.000
 0.000
 2.000
 0.010
 0.010
 0.010
 0.000
 0.020
 0.020
 0.000
 0.000
 0.020
 1.940
 0.020
 0.000
 0.000
 0.000
 0.000
 0.010
 0.000
 0.010
 0.000
 0.000
 0.000
 0.000
 0.000
 0.000
 0.000
 0.010
 0.000
 0.000
 0.010
 0.010
 0.000
 0.000
 0.000
 0.010
 0.000
 0.000
 0.000
 0.000
 0.000
 0.000
 0.000
 0.000
 0.000
 0.000
 0.000
 0.000
 0.000
 0.000
 0.000
 0.000
 0.010
 0.000
 0.010
 0.000
 0.010
 0.000
 0.000
 1.970
 0.000
 0.000
 0.000
 0.000
 0.000
 0.000
 0.000
 0.000
 0.000
 0.000
 0.000
 0.000
 0.000
 0.000
 0.000
 0.000
 0.000
 0.010
 1.970
 0.000
 0.000
 0.000
 0.000
 0.000
 0.000
 0.000
 2.000
 2.000
 0.010
 0.000
 0.000
 0.010
 0.000
 0.000
 0.000
 1.950
 0.000
 0.000
 0.000
 0.000
 0.000
 0.000
 2.000
 0.000
 0.000
 0.000
 0.000
 0.000
 0.000
 0.000
 0.010
 0.000
 4.010
 0.020
 0.000
 0.010
 0.000
 0.000
 0.000
 0.000
 1.940
 0.000
 0.000
 0.000
 0.010
 0.000
 0.010
 0.000
 0.000
 0.010
 0.000
 0.010
 2.000
 0.000
 3.990
 2.000
 0.000
 0.000
 2.000
 0.000
 1.940
 0.000
 0.000
 0.000
 0.020
 0.000
 0.000
 0.000
 0.010
 0.010
 0.000
 0.010
 0.010
 0.000
 0.000
 0.000
 0.000
 0.000
 0.000
 0.000
 0.010
 0.000
 0.000
 0.000
 0.010
 0.010
 0.010
 0.010
 0.010
 1.950
 0.000
 0.000
 1.990
 0.000
 0.000
 0.020
 0.000
 0.000
 0.010
 0.000
 0.000
 0.000
 0.000
 0.010
 1.940
 0.000
 0.000
 0.000
 0.000
 0.000
 0.000
 0.010
 0.000
 0.010
 0.000
 0.000
 0.000
 0.000
 0.010
 0.000
 0.000
 0.010
 0.000
 0.000
 0.010
 0.010
 0.000
 1.940
 0.000
 0.000
 0.010
 0.000
 0.000
 0.000
 0.000
 0.000
 0.000
 0.000
 0.000
 0.000
 0.000
 0.000
 0.010
 0.000
 2.000
 0.000
 0.040
 0.000
 0.000
 2.040
 0.000
 0.000
 0.020
 0.000
 0.000
 0.000
 0.000
 0.010
 0.000
 0.000
 0.000
 0.000
 0.010
 0.000
 0.010
 1.940
 0.010
 0.000
 0.000
 0.000
 0.000
 0.000
 0.020
 0.000
 2.000
 0.000
 0.000
 0.000
 0.000
 0.000
 0.000
 0.000
 0.000
 0.000
 0.000
 0.000
 0.000
 0.020
 0.000
 0.000
 0.000
 0.000
 0.010
 0.020
 0.000
 0.010
 1.940
 0.010
 0.000
 1.950
 0.000
 0.010
 0.010
 0.000
 0.000
 0.000
 0.000
 0.020
 0.000
 0.000
 0.000
 0.000
 0.000
 0.000
 0.000
 0.000
 0.000
 0.000
 0.000
 0.010
 0.000
 0.000
 0.000
 0.000
 0.000
 0.010
 0.000
 0.000
 0.000
 0.000
 0.000
 0.010
 3.970
 0.000
 0.000
 0.000
 0.000
 0.000
 0.010
 0.000
 0.000
 0.000
 0.000
 0.000
 0.000
 0.000
 0.000
 0.000
 2.000
 0.010
 0.000
 0.000
 0.000
 0.000
 0.000
 0.010
 0.010
 0.000
 0.010
 0.010
 0.000
 0.000
 0.000
 1.940
 1.970
 0.000
 0.000
 0.000
 0.010
 0.010
 0.000
 0.000
 0.000
 8.000
 0.040
 0.000
 0.000
 1.940
 0.000
 0.000
 0.000
 2.000
 0.000
 0.000
 0.000
 0.010
 0.020
 0.000
 0.000
 0.000
 0.010
 0.010
 0.000
 2.000
 0.000
 0.000
 0.000
 0.000
 0.000
 0.040
 0.000
 0.000
 0.000
 0.000
 0.010
 0.000
 0.000
 0.000
 0.000
 0.000
 0.020
 0.000
 0.000
 0.010
 0.000
 0.000
 0.000
 0.000
 0.000
 0.000
 0.000
 2.010
 1.950
 0.000
 0.010
 0.000
 0.000
 0.000
 0.010
 0.000
 0.000
 0.000
 0.000
 0.010
 0.000
 0.000
 0.000
 0.000
 0.030
 0.000
 0.000
 0.000
 0.000
 0.010
 0.000
 0.010
 0.000
 0.000
 0.000
 0.000
 0.000
 0.010
 0.000
 0.000
 0.000
 0.000
 0.000
 0.000
 0.000
 0.000
 0.000
 0.000
 0.020
 0.000
 0.020
 0.010
 0.000
 0.000
 0.000
 2.000
 0.000
 0.000
 0.020
 0.000
 0.000
 0.000
 0.000
 0.000
 0.000
 0.000
 2.000
 2.000
 0.000
 1.950
 0.000
 0.000
 0.000
 0.040
 0.000
 0.010
 0.000
 0.010
 0.000
 0.000
 1.940
 0.000
 0.000
 0.010
 0.000
 1.980
 0.000
 0.000
 0.000
 1.940
 0.000
 0.000
 0.000
 1.950
 0.000
 0.000
 1.940
 0.000
 0.000
 0.000
 0.000
 0.000
 0.000
 0.040
 0.000
 2.000
 2.000
 4.000
 0.000
 0.000
 0.000
 0.000
 0.010
 0.010

