
 0.523
 0.610
 0.708
 0.721
 0.730
 0.715
 0.707
 0.707
 0.707
 0.707
 0.707
 0.707
 0.707
 0.707
 0.707
 0.707
 0.707
 0.707
 0.707
 0.707
 0.707
 0.707
 0.707
 0.707
 0.707
 0.707
 0.707
 0.707
 0.707
 0.707
 0.707
 0.707
 0.707
 0.707
 0.707
 0.707
 0.707
 0.707
 0.707
 0.707
 0.707
 0.707
 0.707
 0.707
 0.707
 0.707
 0.707
 0.707
 0.707
 0.707
 0.707
 0.707
 0.707
 0.707
 0.707
 0.707
 0.707
 0.707
 0.707
 0.707
 0.707
 0.707
 0.707
 0.707
 0.707
 0.707
 0.707
 0.707
 0.707
 0.707
 0.707
 0.707
 0.707
 0.707
 0.707
 0.707
 0.707
 0.707
 0.707
 0.707
 0.707
 0.707
 0.707
 0.707
 0.707
 0.707
 0.707
 0.707
 0.707
 0.707
 0.707
 0.707
 0.707
 0.707
 0.707
 0.707
 0.707
 0.707
 0.707
 0.707
 0.707
 0.707
 0.707
 0.707
 0.707
 0.707
 0.707
 0.707
 0.707
 0.707
 0.707
 0.707
 0.707
 0.707
 0.707
 0.707
 0.707
 0.707
 0.707
 0.707
 0.707
 0.707
 0.707
 0.707
 0.707
 0.707
 0.707
 0.707
 0.707
 0.707
 0.707
 0.707
 0.707
 0.707
 0.707
 0.707
 0.707
 0.707
 0.707
 0.707
 0.707
 0.707
 0.707
 0.707
 0.707
 0.707
 0.707
 0.707
 0.707
 0.707
 0.707
 0.707
 0.707
 0.707
 0.707
 0.707
 0.707
 0.707
 0.707
 0.707
 0.707
 0.707
 0.707
 0.707
 0.707
 0.707
 0.707
 0.707
 0.707
 0.707
 0.707
 0.707
 0.707
 0.707
 0.707
 0.707
 0.707
 0.707
 0.707
 0.707
 0.707
 0.707
 0.707
 0.707
 0.707
 0.707
 0.707
 0.707
 0.707
 0.707
 0.707
 0.707
 0.707
 0.707
 0.707
 0.707
 0.707
 0.707
 0.707
 0.707

