0.46740587868499495 1
0.4718123406244155 1
0.4723460231765444 1
0.4730185867777363 1
0.4747000132888094 1
0.4762659446088996 1
0.478645057368405 1
0.4790371243269892 1
0.47912708809202614 1
0.4807052916534142 1
0.4810030048161123 1
0.481877002656298 1
0.4849621224718077 1
0.4853264079721024 1
0.48647382417929835 1
0.4865269603344553 1
0.48757375776906714 1
0.48824989654468576 1
0.4894076247415331 1
0.4904625113359134 1
0.4912641194701151 1
0.49244098621387977 1
0.4927849220639587 1
0.4939086659200613 1
0.4952119027310012 1
0.4952457812176516 1
0.49571064666309966 1
0.4964259654238565 1
0.4964608085372047 1
0.4965857633297856 1
0.4969992355944565 1
0.4989395471104764 1
0.4994488447838544 1
0.4996682552926856 1
0.5001424322231505 1
0.5002926152473217 1
0.5010758558145825 1
0.5011273372181069 1
0.5015474262547454 1
0.5019623440838347 1
0.5027289029072737 1
0.5032825433958921 1
0.5036936116070106 1
0.5042279675336092 1
0.5042370403653688 1
0.5045910390808416 1
0.5048503979272249 1
0.505381883325646 1
0.5057983152147515 1
0.5058466484245489 1
0.5062189822382392 1
0.50623269303882 1
0.5063505518958058 1
0.5067307718348908 1
0.5069296427191694 1
0.5072172377132875 1
0.5075747949541405 1
0.5077158208812568 1
0.5082745833919357 1
0.5088505017329519 1
0.5093551966921281 1
0.5095622476152882 1
0.5095906688490398 1
0.5101777699859146 1
0.5101908054797085 1
0.5102357359042157 1
0.510570091647495 1
0.5108152732399206 1
0.5109051793156736 1
0.5112366353572589 1
0.5116330824743734 1
0.5116369010338634 1
0.5117235346481076 1
0.5119045776512996 1
0.5120563654361238 1
0.5122771660804747 1
0.5122853561411109 1
0.5143697651207665 1
0.5145242517680346 1
0.5152398622361236 1
0.5152821940377994 1
0.5153867562356256 1
0.515728193921488 1
0.5159672480232724 1
0.5161063110491595 1
0.5163231450259933 1
0.5165495614126965 1
0.516558569806426 1
0.5176903742865016 1
0.5179967501414885 1
0.5180914629901923 1
0.5181929778669461 1
0.5182584969288936 1
0.5183040962437565 1
0.5185640356211959 1
0.5189237578509577 1
0.5194935116500559 1
0.519768317517658 1
0.519786079653197 1
0.5202933558108254 1
0.520585052261279 1
0.5206048095542293 1
0.5211711431514485 1
0.5212424471505447 1
0.5216604602053055 1
0.5218573014964124 1
0.5219238107008702 1
0.5220025743888138 1
0.5222078351612608 1
0.5223810959589863 1
0.52239461447168 1
0.5229370955258836 1
0.5231390038473673 1
0.5231431941230378 1
0.5233665527468354 1
0.5239858458832921 1
0.5242964459850213 1
0.5249678324051669 1
0.5252059862074073 1
0.5252812606992364 1
0.5253832312508311 1
0.5254730031953371 1
0.5255793428158484 1
0.5259811354025498 1
0.5260961726794402 1
0.5263406832448784 1
0.5264316524163263 1
0.5269622814867165 1
0.5275296734616682 1
0.527780620102875 1
0.5281516367434919 1
0.5285605998596227 1
0.5286655280423297 1
0.5288853336678084 1
0.5289376112417544 1
0.5296205203784332 1
0.5300007721156782 1
0.5305735772986746 1
0.5305861201130032 1
0.5306009469488084 1
0.530695407970565 1
0.531160938074677 1
0.5313946758352234 1
0.5316967938506363 1
0.5316972184046869 1
0.5319839051290813 1
0.5327890988452956 1
0.5328032940078709 1
0.5335127195231345 1
0.5336266846153616 1
0.5338498283898901 1
0.5341811719568176 1
0.5345908999006884 1
0.5347919887063383 1
0.5350106232371538 1
0.535310378072667 1
0.5360191051733068 1
0.5361520100556472 1
0.5364792692253815 1
0.5364867299404005 1
0.536544416256017 1
0.5367331377115305 1
0.537582766074545 1
0.5377349419520034 1
0.5377867636597691 1
0.5382200877167821 1
0.5394543344805789 1
0.5400681418646933 1
0.5402554463841015 1
0.54072214352265 1
0.5411329425631726 1
0.5412853595322514 1
0.5417895805692191 1
0.5421276564052039 1
0.5423275771977718 1
0.5426755884376984 1
0.5427635035512118 1
0.5429417437568708 1
0.542980367445027 1
0.5444006501925179 1
0.5448589866284865 1
0.5459270068463216 1
0.5461116963601832 1
0.5467399158544787 1
0.5476417704617094 1
0.5481489730704755 1
0.548249410308361 1
0.5488714918135742 1
0.5489507430801768 1
0.5489886574900142 1
0.5515064195835216 1
0.5572215981792017 1
0.557544615742078 1
0.5575506263803685 1
0.5580535974870804 1
0.5589263765496573 1
0.560422448831619 1
0.5608843967154071 1
0.5624321237957428 1
0.5817723228128935 1
