0.4311253217992309 1
0.43166256584709506 1
0.44104255138484616 1
0.4448374980792485 1
0.4510080505638804 1
0.4527925173604702 1
0.4528356841626306 1
0.45930231503603236 1
0.4598679823332526 1
0.461516422621531 1
0.4638355269222732 1
0.46477766030882506 1
0.4658929571228959 1
0.46669793586988084 1
0.4675152833633412 1
0.4691604407230214 1
0.47237117754982305 1
0.4725087616180258 1
0.4730759952625594 1
0.4740371594172795 1
0.47453847078390365 1
0.4746609639001625 1
0.47538047651765636 1
0.47850639829786873 1
0.47859335778701584 1
0.4790371246721783 1
0.4794026887144196 1
0.47948409392319696 1
0.4801491832862287 1
0.4806934152425179 1
0.48152235607023 1
0.4830562105109172 1
0.4840818243610007 1
0.48468346523321343 1
0.48483258079222813 1
0.4856615748505925 1
0.48751005689807203 1
0.4886267203520275 1
0.4890251802312325 1
0.48912638764725314 1
0.4892034708235422 1
0.48923850217842907 1
0.48971998987871423 1
0.490564809357133 1
0.49127349450542546 1
0.4916455955941854 1
0.4936240669622687 1
0.49479181204417116 1
0.4952983670894647 1
0.49551389978259147 1
0.4958862631119911 1
0.4963208695725415 1
0.49749593593843433 1
0.4979332648173852 1
0.49845043301137776 1
0.49888326598431587 1
0.49901682602461633 1
0.49949187246299387 1
0.4996669818759012 1
0.5005081859770228 1
0.5007032372011899 1
0.5009851257742004 1
0.5011875588199838 1
0.501232801547667 1
0.5016726773541147 1
0.501729003818813 1
0.5018311725642934 1
0.5021390815654697 1
0.5033660252204195 1
0.5034542528610951 1
0.5035110555430875 1
0.5044433481713775 1
0.5045087087311372 1
0.5045136814222062 1
0.5045419459705294 1
0.505129485894472 1
0.5052158233454059 1
0.5061068098824212 1
0.5061743474493006 1
0.5064507745890051 1
0.5087993566017032 1
0.5089383274598347 1
0.5089951343184552 1
0.5096794408688892 1
0.5098192726910917 1
0.5105126443569052 1
0.510640820324263 1
0.511577755716581 1
0.5120921935741936 1
0.5122887664012308 1
0.5122961970443128 1
0.5127003469445907 1
0.5129965879835331 1
0.5130571217132959 1
0.5135569300278499 1
0.513971885259599 1
0.5141139117023288 1
0.5143328351334907 1
0.5146109914066167 1
0.5146211227166979 1
0.5148983344419362 1
0.5149224902991625 1
0.5155622030637738 1
0.5157604258523691 1
0.5177999502869863 1
0.5181476444468757 1
0.5185249159574153 1
0.5190311923827252 1
0.5197716668967782 1
0.5198490771821134 1
0.5200597549405583 1
0.5201019698615013 1
0.5203998986756577 1
0.520682447574013 1
0.5208006009937499 1
0.5208447145267852 1
0.5208946090830392 1
0.5210797927297668 1
0.5216304148835682 1
0.5221768808698919 1
0.5221834152613282 1
0.5226744659857616 1
0.5231240816379139 1
0.5235106676473765 1
0.5236501758206641 1
0.5236741300349883 1
0.5237679234958462 1
0.5240754032147504 1
0.5244836086784411 1
0.5252817335769645 1
0.5254270241627542 1
0.5263564933219501 1
0.5264883878928966 1
0.5270236314532808 1
0.5271686411571987 1
0.5281815537642813 1
0.5289184733862018 1
0.528966769169307 1
0.5297717038972113 1
0.5305944865867979 1
0.5310119677276401 1
0.5338344944423759 1
0.5340873342206579 1
0.5343697114336102 1
0.5346432515289178 1
0.5348194080462753 1
0.5348836374900596 1
0.5349088391079695 1
0.535233320106624 1
0.5353230921923543 1
0.5363755635282237 1
0.5368204675372348 1
0.5370228549395559 1
0.5371222609512715 1
0.5374323812524001 1
0.5381851114650026 1
0.5395491754099373 1
0.5397377269694539 1
0.5407030386707485 1
0.5407270441084809 1
0.5423039083635733 1
0.5431762343499595 1
0.5433245744288506 1
0.5436444882889971 1
0.5444835195008096 1
0.5445299212038304 1
0.5449183094526346 1
0.5455162936552308 1
0.5455188136546749 1
0.5469942324030275 1
0.5471677345278705 1
0.547359049215519 1
0.5485100740730656 1
0.5498294163945109 1
0.5498499140753794 1
0.5498946386406371 1
0.5506041457011768 1
0.5513791973246592 1
0.5525567973284067 1
0.5530370214708067 1
0.5534442258133194 1
0.5538088293886857 1
0.5545036595473908 1
0.5550742220183317 1
0.5563370577324431 1
0.5563945183852597 1
0.5569602140260695 1
0.5582358212974715 1
0.5586996011283845 1
0.5618638394672834 1
0.5648951830286708 1
0.5668728824350361 1
0.5686847224710864 1
0.569201497045539 1
0.5714025630990972 1
0.5741765817113745 1
0.5810348850059655 1
0.5832904361082595 1
0.5847211337885271 1
0.5859044458779086 1
