
 0.488
 0.490
 0.531
 0.511
 0.501
 0.487
 0.478
 0.476
 0.555
 0.517
 0.495
 0.506
 0.530
 0.497
 0.507
 0.500
 0.529
 0.460
 0.516
 0.503
 0.522
 0.452
 0.488
 0.501
 0.538
 0.550
 0.458
 0.509
 0.481
 0.453
 0.535
 0.460
 0.484
 0.514
 0.496
 0.520
 0.490
 0.545
 0.534
 0.468
 0.494
 0.481
 0.525
 0.471
 0.490
 0.506
 0.545
 0.586
 0.538
 0.510
 0.485
 0.477
 0.544
 0.436
 0.496
 0.512
 0.501
 0.486
 0.554
 0.515
 0.536
 0.513
 0.481
 0.507
 0.541
 0.553
 0.522
 0.482
 0.544
 0.530
 0.499
 0.498
 0.505
 0.514
 0.484
 0.583
 0.462
 0.483
 0.488
 0.503
 0.544
 0.493
 0.482
 0.513
 0.513
 0.498
 0.458
 0.487
 0.540
 0.543
 0.494
 0.504
 0.493
 0.486
 0.576
 0.499
 0.483
 0.518
 0.543
 0.482
 0.478
 0.506
 0.524
 0.527
 0.564
 0.535
 0.543
 0.529
 0.508
 0.484
 0.529
 0.493
 0.492
 0.533
 0.511
 0.520
 0.512
 0.523
 0.544
 0.499
 0.506
 0.432
 0.490
 0.513
 0.528
 0.480
 0.504
 0.508
 0.495
 0.508
 0.542
 0.538
 0.483
 0.508
 0.524
 0.551
 0.512
 0.530
 0.508
 0.504
 0.466
 0.538
 0.524
 0.474
 0.532
 0.546
 0.515
 0.517
 0.514
 0.547
 0.472
 0.485
 0.528
 0.471
 0.549
 0.518
 0.541
 0.487
 0.507
 0.501
 0.541
 0.532
 0.544
 0.514
 0.494
 0.536
 0.537
 0.507
 0.484
 0.551
 0.526
 0.502
 0.490
 0.559
 0.493
 0.470
 0.508
 0.493
 0.538
 0.494
 0.501
 0.528
 0.486
 0.528
 0.534
 0.499
 0.456
 0.561
 0.506
 0.469
 0.478
 0.526
 0.501
 0.480
 0.556
 0.456
 0.534
 0.514
 0.495
 0.530

