
 0.524
 0.537
 0.547
 0.547
 0.547
 0.547
 0.547
 0.547
 0.547
 0.547
 0.547
 0.547
 0.547
 0.547
 0.547
 0.547
 0.547
 0.547
 0.547
 0.547
 0.547
 0.547
 0.547
 0.547
 0.547
 0.547
 0.547
 0.547
 0.547
 0.547
 0.547
 0.643
 0.644
 0.652
 0.662
 0.662
 0.662
 0.662
 0.666
 0.689
 0.686
 0.686
 0.686
 0.686
 0.686
 0.686
 0.686
 0.686
 0.686
 0.686
 0.686
 0.686
 0.686
 0.686
 0.686
 0.686
 0.686
 0.686
 0.686
 0.686
 0.686
 0.686
 0.686
 0.686
 0.686
 0.686
 0.686
 0.686
 0.686
 0.686
 0.686
 0.686
 0.686
 0.686
 0.686
 0.686
 0.686
 0.686
 0.686
 0.686
 0.686
 0.686
 0.686
 0.686
 0.686
 0.686
 0.686
 0.686
 0.686
 0.686
 0.686
 0.686
 0.686
 0.686
 0.686
 0.686
 0.686
 0.686
 0.686
 0.686
 0.686
 0.686
 0.686
 0.686
 0.686
 0.686
 0.686
 0.686
 0.686
 0.686
 0.686
 0.686
 0.686
 0.686
 0.686
 0.686
 0.686
 0.686
 0.686
 0.686
 0.686
 0.686
 0.686
 0.686
 0.686
 0.686
 0.686
 0.686
 0.686
 0.686
 0.686
 0.686
 0.686
 0.686
 0.686
 0.686
 0.686
 0.686
 0.686
 0.686
 0.686
 0.686
 0.686
 0.686
 0.686
 0.686
 0.686
 0.686
 0.686
 0.686
 0.686
 0.686
 0.686
 0.686
 0.686
 0.686
 0.686
 0.685
 0.685
 0.685
 0.685
 0.685
 0.685
 0.685
 0.685
 0.685
 0.685
 0.685
 0.685
 0.685
 0.685
 0.685
 0.685
 0.692
 0.692
 0.692
 0.692
 0.692
 0.692
 0.692
 0.692
 0.692
 0.692
 0.692
 0.692
 0.692
 0.692
 0.692
 0.692
 0.692
 0.692
 0.692
 0.692
 0.692
 0.692
 0.692
 0.692
 0.692
 0.692
 0.692

