
 0.534
 0.470
 0.487
 0.553
 0.526
 0.521
 0.508
 0.479
 0.512
 0.559
 0.533
 0.493
 0.522
 0.574
 0.539
 0.556
 0.524
 0.556
 0.526
 0.525
 0.518
 0.511
 0.546
 0.542
 0.520
 0.515
 0.514
 0.542
 0.546
 0.500
 0.528
 0.540
 0.498
 0.550
 0.543
 0.509
 0.555
 0.537
 0.464
 0.543
 0.463
 0.498
 0.528
 0.568
 0.504
 0.528
 0.496
 0.539
 0.537
 0.541
 0.485
 0.515
 0.446
 0.515
 0.508
 0.496
 0.519
 0.535
 0.492
 0.520
 0.490
 0.532
 0.533
 0.525
 0.537
 0.506
 0.480
 0.526
 0.549
 0.483
 0.467
 0.513
 0.486
 0.501
 0.546
 0.523
 0.517
 0.520
 0.526
 0.554
 0.512
 0.512
 0.507
 0.534
 0.544
 0.542
 0.504
 0.544
 0.544
 0.555
 0.565
 0.510
 0.530
 0.533
 0.489
 0.547
 0.533
 0.544
 0.566
 0.566
 0.502
 0.529
 0.525
 0.513
 0.550
 0.509
 0.527
 0.537
 0.490
 0.501
 0.518
 0.511
 0.562
 0.488
 0.500
 0.524
 0.529
 0.531
 0.512
 0.535
 0.520
 0.542
 0.542
 0.548
 0.590
 0.556
 0.481
 0.592
 0.520
 0.554
 0.542
 0.554
 0.532
 0.525
 0.563
 0.585
 0.549
 0.520
 0.529
 0.533
 0.518
 0.540
 0.552
 0.587
 0.502
 0.499
 0.510
 0.477
 0.502
 0.520
 0.531
 0.484
 0.544
 0.485
 0.526
 0.524
 0.545
 0.579
 0.521
 0.514
 0.517
 0.548
 0.541
 0.468
 0.513
 0.545
 0.531
 0.518
 0.544
 0.508
 0.521
 0.554
 0.532
 0.523
 0.493
 0.550
 0.497
 0.573
 0.491
 0.541
 0.499
 0.537
 0.528
 0.496
 0.514
 0.505
 0.510
 0.510
 0.561
 0.538
 0.516
 0.554
 0.503
 0.494
 0.538
 0.484
 0.503
 0.534
 0.527
 0.504

