4 52
1 44
4 31
4 45
4 58
1 42
4 34
4 34
2 41
0 48
4 41
3 27
3 36
0 45
1 49
0 41
3 43
2 39
0 41
1 38
1 42
0 49
1 38
0 37
0 43
1 38
0 40
1 49
0 47
1 45
4 40
3 54
2 49
4 39
1 39
0 44
3 40
3 34
4 48
4 48
1 43
4 44
4 39
3 51
1 32
2 45
2 37
4 44
4 40
2 35
4 51
1 34
1 47
2 45
1 32
3 48
1 35
4 44
0 32
2 35
4 34
2 29
0 46
3 45
3 25
2 48
3 42
4 36
3 41
1 39
1 36
0 52
1 37
4 39
4 43
4 44
4 42
4 55
1 48
0 42
3 40
4 40
3 53
3 40
3 43
0 38
3 39
4 44
4 37
4 46
4 41
1 39
4 35
3 38
3 47
2 48
1 45
0 39
1 36
2 37
0 30
4 39
3 40
1 34
4 53
4 46
2 46
2 39
1 40
4 35
3 40
1 46
2 46
3 34
3 36
3 39
4 40
0 41
1 47
0 40
1 49
1 41
0 49
3 42
4 47
1 41
4 37
0 43
0 44
3 47
4 39
2 45
1 38
3 45
3 51
2 38
3 52
2 42
1 25
1 42
3 53
2 35
3 43
0 47
4 44
0 44
4 41
0 39
3 39
3 56
3 47
1 47
0 53
0 46
0 51
2 38
3 45
2 42
3 36
4 39
1 46
1 50
2 38
2 32
3 46
3 42
0 47
3 45
2 46
2 31
3 34
3 41
4 58
2 38
0 50
0 45
4 41
1 42
0 41
1 54
0 43
2 51
2 37
0 40
0 36
1 44
3 42
3 38
4 46
2 42
2 37
3 42
4 38
0 48
3 39
2 50
1 41
0 38
3 43
3 33
