
 0.000
 2.000
 0.000
 0.000
 0.000
 0.000
 0.000
 0.000
 2.000
 0.000
 0.010
 0.000
 2.000
 0.020
 0.020
 1.990
 0.000
 0.000
 0.000
 0.000
 0.000
 0.000
 0.000
 0.010
 0.000
 0.000
 0.010
 1.980
 0.000
 0.000
 2.000
 0.000
 0.000
 0.000
 0.000
 0.000
 0.010
 0.000
 0.000
 0.000
 0.020
 0.010
 1.920
 0.000
 0.000
 0.020
 3.950
 0.000
 1.980
 0.000
 0.000
 0.000
 0.000
 4.000
 0.000
 0.000
 0.000
 0.000
 2.000
 0.010
 0.000
 0.000
 0.000
 0.000
 0.000
 1.990
 0.010
 0.000
 0.000
 0.000
 0.000
 1.990
 0.000
 0.000
 0.000
 0.010
 0.000
 4.000
 0.000
 0.000
 0.000
 0.010
 0.010
 0.000
 0.000
 0.000
 0.000
 0.000
 0.000
 0.000
 0.000
 0.000
 2.000
 0.000
 0.000
 0.000
 2.000
 0.000
 0.000
 0.010
 0.010
 0.020
 0.000
 0.010
 0.000
 0.000
 0.000
 0.000
 0.030
 0.000
 0.000
 0.010
 0.000
 0.000
 0.000
 0.000
 0.010
 0.000
 0.000
 0.000
 0.000
 0.000
 0.000
 0.000
 2.000
 0.000
 0.000
 0.000
 0.000
 0.000
 0.000
 0.010
 0.000
 3.990
 0.000
 0.010
 0.000
 0.000
 0.000
 0.000
 0.000
 2.000
 0.000
 0.000
 0.000
 0.020
 0.000
 0.000
 0.000
 0.010
 0.000
 0.000
 0.000
 3.970
 0.000
 0.000
 0.000
 0.010
 0.000
 1.990
 0.000
 0.010
 1.990
 1.990
 2.000
 1.990
 0.000
 3.970
 0.000
 2.000
 0.000
 0.000
 0.000
 0.000
 0.000
 0.010
 0.010
 0.020
 0.000
 0.000
 0.000
 0.000
 0.010
 0.000
 0.000
 0.000
 0.010
 0.000
 4.000
 0.000
 1.990
 0.000
 0.020
 0.000
 2.000
 1.980
 0.000
 0.000
 3.950
 0.000
 2.000
 0.000
 0.000
 2.000
 0.000
 0.030
 0.000
 0.000
 0.000
 0.010
 0.000
 0.000
 0.000
 0.000
 0.000
 0.000
 0.010
 0.000
 0.000
 2.000
 0.000
 0.010
 0.000
 0.020
 0.000
 0.000
 0.000
 3.970
 0.000
 0.000
 0.000
 0.000
 0.000
 0.000
 0.010
 0.000
 0.000
 0.000
 0.000
 0.010
 0.090
 0.000
 0.000
 0.000
 0.000
 0.000
 0.000
 0.010
 0.000
 0.000
 0.000
 0.000
 0.000
 0.000
 0.000
 0.000
 0.000
 0.000
 0.000
 0.000
 0.000
 0.000
 0.000
 0.000
 0.000
 0.000
 0.010
 0.000
 0.040
 1.990
 0.000
 0.010
 2.000
 0.000
 1.990
 0.000
 0.000
 0.000
 0.000
 0.000
 0.000
 1.990
 2.000
 0.000
 2.000
 0.000
 0.000
 0.010
 0.000
 0.000
 0.000
 2.000
 0.000
 0.000
 0.000
 0.000
 2.000
 0.000
 0.000
 0.000
 0.000
 0.000
 0.000
 0.000
 0.010
 0.010
 2.000
 0.000
 0.000
 0.000
 0.000
 1.990
 0.000
 2.010
 0.000
 5.830
 0.000
 0.000
 0.010
 4.000
 0.000
 0.010
 0.000
 0.000
 0.000
 1.990
 0.000
 3.990
 0.000
 0.000
 0.010
 0.000
 1.990
 0.000
 0.000
 0.000
 0.000
 2.000
 1.990
 1.980
 2.000
 3.940
 0.000
 0.000
 0.000
 0.000
 0.000
 0.000
 0.010
 0.000
 0.000
 0.000
 0.010
 0.010
 0.000
 0.000
 0.000
 0.000
 4.000
 0.000
 1.980
 0.000
 2.000
 0.000
 0.000
 0.000
 0.010
 0.000
 0.000
 0.000
 0.000
 0.010
 0.000
 0.000
 1.990
 0.020
 1.990
 0.000
 0.000
 0.000
 0.000
 0.000
 0.000
 0.000
 0.000
 0.000
 0.000
 0.000
 1.980
 0.010
 0.000
 4.000
 0.000
 0.000
 0.000
 0.000
 0.000
 0.000
 0.000
 0.000
 0.000
 0.000
 0.000
 0.000
 0.000
 0.000
 0.000
 0.000
 1.920
 0.000
 0.000
 0.010
 2.000
 0.000
 0.000
 2.000
 0.000
 1.990
 2.000
 0.000
 0.000
 0.000
 0.000
 1.990
 0.010
 0.000
 0.010
 0.010
 1.990
 0.000
 0.010
 1.990
 0.000
 0.000
 0.000
 0.000
 0.010
 0.000
 0.000
 2.000
 0.000
 0.010
 0.000
 3.980
 0.000
 0.010
 0.000
 0.000
 0.000
 0.010
 1.990
 0.000
 0.000
 0.000
 0.000
 0.000
 0.000
 1.980
 4.000
 0.000
 0.000
 0.000
 0.000
 0.000
 0.010
 0.000
 0.000
 0.000
 0.000
 0.010
 0.000
 0.010
 0.000
 0.000
 0.000
 0.000
 0.000
 0.000
 0.010
 0.000
 0.000
 0.000
 0.000
 0.000
 0.000
 1.980
 2.000
 0.020
 0.010
 0.000
 0.000
 1.990
 1.990
 0.020
 0.000
 0.000
 2.000
 0.000
 0.000
 0.000

