
 0.499
 0.595
 0.662
 0.691
 0.692
 0.696
 0.704
 0.702
 0.704
 0.704
 0.704
 0.704
 0.704
 0.704
 0.704
 0.704
 0.710
 0.710
 0.710
 0.710
 0.710
 0.710
 0.710
 0.710
 0.710
 0.710
 0.710
 0.710
 0.710
 0.710
 0.710
 0.710
 0.710
 0.710
 0.710
 0.710
 0.710
 0.710
 0.710
 0.710
 0.710
 0.710
 0.710
 0.710
 0.710
 0.710
 0.710
 0.710
 0.710
 0.710
 0.710
 0.710
 0.710
 0.710
 0.710
 0.710
 0.710
 0.710
 0.710
 0.710
 0.710
 0.710
 0.710
 0.710
 0.710
 0.710
 0.710
 0.710
 0.710
 0.710
 0.710
 0.710
 0.710
 0.710
 0.710
 0.710
 0.710
 0.710
 0.710
 0.710
 0.710
 0.710
 0.710
 0.710
 0.710
 0.710
 0.710
 0.710
 0.710
 0.710
 0.710
 0.710
 0.710
 0.710
 0.710
 0.710
 0.710
 0.710
 0.710
 0.710
 0.710
 0.710
 0.710
 0.710
 0.710
 0.710
 0.710
 0.710
 0.710
 0.710
 0.710
 0.710
 0.710
 0.710
 0.710
 0.710
 0.710
 0.710
 0.710
 0.710
 0.710
 0.710
 0.710
 0.710
 0.710
 0.710
 0.710
 0.710
 0.710
 0.710
 0.710
 0.710
 0.710
 0.710
 0.710
 0.710
 0.710
 0.710
 0.710
 0.710
 0.710
 0.710
 0.710
 0.710
 0.710
 0.710
 0.710
 0.710
 0.710
 0.710
 0.710
 0.710
 0.710
 0.710
 0.710
 0.710
 0.710
 0.710
 0.710
 0.710
 0.710
 0.710
 0.710
 0.710
 0.710
 0.710
 0.710
 0.710
 0.710
 0.710
 0.710
 0.710
 0.710
 0.710
 0.710
 0.710
 0.710
 0.710
 0.710
 0.710
 0.710
 0.710
 0.710
 0.710
 0.710
 0.710
 0.710
 0.710
 0.710
 0.710
 0.710
 0.710
 0.710
 0.710
 0.710
 0.710
 0.710
 0.710
 0.710
 0.710

