0.358362490422682 1
0.36094332316395666 1
0.3633935974621157 1
0.3661266334930117 1
0.3668425306028613 1
0.3676534076884553 1
0.371332264010937 1
0.3729431740591556 1
0.37397568436651907 1
0.374049563320383 1
0.37440229408138653 1
0.3746564785583594 1
0.3748529679488162 1
0.37647002924616607 1
0.37669056431841696 1
0.3770913883172104 1
0.377353142384262 1
0.3773711682675758 1
0.37774704386739627 1
0.37837985649904565 1
0.3787022094085859 1
0.3787476943275017 1
0.37948745416659696 1
0.380007353753243 1
0.3803101251614852 1
0.3804316139314256 1
0.38060841310785515 1
0.3826190574247481 1
0.38331275354963096 1
0.38371902321806933 1
0.38385523783939574 1
0.3846536303954604 1
0.3849599456261352 1
0.3856767300848848 1
0.38588636366128526 1
0.3859335852067446 1
0.3863891094274246 1
0.38681140906509903 1
0.3868172720001239 1
0.3868471163596838 1
0.3874471119530578 1
0.38775848732805485 1
0.38794532981368063 1
0.3881654363355814 1
0.38824481513341236 1
0.3884255278986585 1
0.388875241229983 1
0.38896950872643515 1
0.3891736966204934 1
0.3897926671386785 1
0.3900361114187897 1
0.39034840405486065 1
0.3903806732669898 1
0.3904542447959977 1
0.39055904975677097 1
0.39067788332348174 1
0.39090900988868776 1
0.3909227407387696 1
0.39170114866011047 1
0.39204049516196643 1
0.39218336043080315 1
0.3923071315300088 1
0.39237484026322234 1
0.392395518254243 1
0.3924899245318551 1
0.3928579253621045 1
0.39300042330805424 1
0.3930769262836505 1
0.39313081261798344 1
0.393173685346805 1
0.3934551248031628 1
0.39361746590051283 1
0.39397002417741633 1
0.3941039068579913 1
0.3947275714992152 1
0.39474644909184364 1
0.3948024979414646 1
0.39499610785128736 1
0.39543044609862205 1
0.3954428346083003 1
0.39596889799787066 1
0.39619501273425867 1
0.3963576720565703 1
0.3964475731061946 1
0.39656182210880636 1
0.3966596647667034 1
0.3970563573890409 1
0.3972530108909219 1
0.39772291118512176 1
0.39775295843869707 1
0.39795416339343104 1
0.39929034335212016 1
0.3995694428730823 1
0.39977152773958385 1
0.4002507480376788 1
0.40027111499137563 1
0.40115915508973726 1
0.4016441980118239 1
0.4016880688011255 1
0.4017369183363455 1
0.4018253081840022 1
0.40186664349946555 1
0.4019292433797762 1
0.40265076079018186 1
0.40283261246015994 1
0.40284620787956854 1
0.4045181340567716 1
0.40456644267113717 1
0.4046087451074073 1
0.4046497062179679 1
0.4046859649829094 1
0.40481904370780414 1
0.40483185539574296 1
0.4052491409897184 1
0.4057243790032182 1
0.4058010633735105 1
0.4062078393490497 1
0.4062684486785978 1
0.40632566117229274 1
0.40706372943455216 1
0.4078941275651712 1
0.4080968468426656 1
0.4081145390498605 1
0.4083073505419446 1
0.40843535707390854 1
0.4085498312611013 1
0.4087000998591263 1
0.40872106182132456 1
0.408902892546202 1
0.40937696527318523 1
0.4094799133347646 1
0.4105401204329116 1
0.4105629702196127 1
0.4109372640468003 1
0.41108769433300163 1
0.41112004134655983 1
0.41137023961206454 1
0.4117187721786983 1
0.4119568569797903 1
0.4122479397908684 1
0.4140711198843919 1
0.414652171804454 1
0.4148756628095294 1
0.4156981430450578 1
0.4159354895273134 1
0.41621037089723695 1
0.41669611453206573 1
0.4167924971536366 1
0.4176387848249072 1
0.4176461494148379 1
0.4177472760015702 1
0.41826821551466026 1
0.41868447934506775 1
0.4188219598202965 1
0.41921093848459096 1
0.4201654914777593 1
0.42086010103749194 1
0.42101745280572883 1
0.4213331639858795 1
0.4220974473188857 1
0.4223734747098053 1
0.424137212735737 1
0.424564262702378 1
0.4245953092384536 1
0.42463597631933003 1
0.4253439319047916 1
0.42583664179399966 1
0.42585634694006386 1
0.4263150496665304 1
0.4265785704441704 1
0.42677910885674664 1
0.4280693716819978 1
0.4283474932242305 1
0.4285721551722619 1
0.428575912621537 1
0.42886768431876576 1
0.4289040327847473 1
0.42956296839122887 1
0.4306467333008372 1
0.43204628728583877 1
0.43219652886272186 1
0.4330954458873522 1
0.4336488714442114 1
0.4355970724175786 1
0.43574077911519915 1
0.4359309128937414 1
0.4364019348819793 1
0.4372272534979073 1
0.43803592576412176 1
0.43829368908635596 1
0.4383319780636708 1
0.44040742292635143 1
0.4412830204576958 1
0.44241145382853725 1
0.4427100560012085 1
0.44679723496827733 1
0.4478599048824282 1
0.4566149154353715 1
0.4600981839146969 1
0.47251648111803357 1
