
 0.416
 0.428
 0.415
 0.403
 0.437
 0.408
 0.441
 0.429
 0.402
 0.388
 0.409
 0.375
 0.417
 0.396
 0.367
 0.392
 0.386
 0.390
 0.402
 0.377
 0.383
 0.384
 0.411
 0.421
 0.460
 0.394
 0.386
 0.421
 0.397
 0.377
 0.393
 0.363
 0.393
 0.419
 0.384
 0.397
 0.405
 0.425
 0.405
 0.391
 0.409
 0.411
 0.420
 0.392
 0.371
 0.393
 0.418
 0.405
 0.358
 0.386
 0.402
 0.438
 0.380
 0.409
 0.425
 0.383
 0.380
 0.416
 0.361
 0.434
 0.403
 0.392
 0.408
 0.386
 0.397
 0.436
 0.388
 0.398
 0.400
 0.414
 0.375
 0.432
 0.428
 0.401
 0.387
 0.429
 0.402
 0.433
 0.390
 0.422
 0.411
 0.418
 0.395
 0.422
 0.402
 0.380
 0.389
 0.398
 0.377
 0.405
 0.387
 0.436
 0.393
 0.415
 0.388
 0.379
 0.393
 0.407
 0.368
 0.387
 0.391
 0.379
 0.366
 0.385
 0.396
 0.396
 0.392
 0.409
 0.431
 0.403
 0.411
 0.405
 0.374
 0.378
 0.393
 0.418
 0.387
 0.390
 0.388
 0.397
 0.389
 0.374
 0.473
 0.379
 0.394
 0.438
 0.405
 0.395
 0.399
 0.377
 0.392
 0.408
 0.443
 0.419
 0.392
 0.447
 0.406
 0.427
 0.400
 0.438
 0.406
 0.417
 0.426
 0.408
 0.442
 0.432
 0.405
 0.390
 0.373
 0.400
 0.405
 0.381
 0.426
 0.395
 0.396
 0.400
 0.402
 0.412
 0.421
 0.411
 0.430
 0.419
 0.378
 0.412
 0.424
 0.391
 0.408
 0.436
 0.440
 0.429
 0.389
 0.392
 0.409
 0.395
 0.406
 0.416
 0.394
 0.395
 0.385
 0.374
 0.426
 0.376
 0.418
 0.412
 0.429
 0.411
 0.391
 0.448
 0.427
 0.425
 0.398
 0.390
 0.406
 0.406
 0.436
 0.457
 0.395
 0.409
 0.425
 0.388

