0 44
1 44
0 41
2 48
1 42
2 42
1 48
0 33
2 47
2 36
2 41
0 30
2 33
1 40
2 44
0 34
0 45
0 41
0 39
1 34
2 39
2 49
2 41
1 37
0 47
2 39
2 46
2 41
2 58
2 39
1 43
0 41
0 45
2 37
1 42
1 35
0 38
0 43
2 39
1 45
1 48
2 47
0 34
1 44
1 42
1 35
1 48
0 50
0 45
2 39
1 48
2 51
1 33
0 42
1 40
0 43
2 37
0 43
0 46
2 49
1 30
1 37
0 45
2 49
2 37
1 39
0 48
1 32
0 30
0 44
2 48
0 46
0 48
2 53
2 42
1 36
0 37
2 41
2 33
0 46
1 38
1 38
0 37
0 32
1 50
0 37
2 35
0 37
2 44
0 38
0 58
2 46
1 50
0 36
0 41
0 37
2 48
2 47
0 42
0 47
0 40
1 43
0 35
0 32
1 43
1 39
1 40
0 48
0 35
1 33
0 37
1 34
2 43
2 35
0 39
0 49
0 33
1 37
0 41
2 40
1 43
1 55
2 50
0 28
2 53
2 47
2 34
1 43
2 39
0 36
2 47
0 45
0 50
1 54
2 52
1 39
2 45
0 40
1 39
1 48
0 35
2 48
0 45
1 50
0 43
1 47
2 45
0 37
1 35
2 48
1 52
1 38
2 39
2 47
0 51
2 39
0 43
1 36
2 39
0 49
2 35
2 42
2 39
2 42
2 39
2 44
1 45
0 40
1 46
0 44
2 43
1 49
2 48
0 47
2 42
0 43
0 50
0 45
2 47
2 30
0 39
0 42
0 50
0 41
0 39
2 53
1 37
2 48
2 46
1 53
0 47
2 45
1 38
0 44
2 37
2 28
0 47
0 44
0 49
2 45
