0.42094619038591363 1
0.43220684546890686 1
0.43450078553439475 1
0.4456148467135725 1
0.4499339971275474 1
0.4503239376762553 1
0.45512994960005765 1
0.45567835571361415 1
0.45901927222727446 1
0.45989559203105435 1
0.46055950355530284 1
0.46402187545220164 1
0.46598148091314284 1
0.4665996767695147 1
0.46815625188194665 1
0.46891233850111874 1
0.47020488776471636 1
0.4710137459942986 1
0.47226388909745665 1
0.4723838199479377 1
0.4732255634318158 1
0.4734242632269596 1
0.4739524527892866 1
0.4755969321189903 1
0.4758547637514868 1
0.4759356022963033 1
0.4764008431804361 1
0.4769621456535652 1
0.4777912162048189 1
0.47782361715966176 1
0.4785121115597636 1
0.47988174013435897 1
0.47997020362920845 1
0.48036518408978174 1
0.48062024067175513 1
0.48106489265579133 1
0.4814270896787912 1
0.4820158483830382 1
0.48262660298678467 1
0.48324805813677235 1
0.4851917708196997 1
0.48545184908058997 1
0.48605572546869685 1
0.48620478523924815 1
0.4862095810341775 1
0.4871344367972089 1
0.4872893080580882 1
0.48812625283625527 1
0.48823572013256433 1
0.4888646214902269 1
0.48909794707402826 1
0.4899140026338241 1
0.4901388362408249 1
0.490517341118399 1
0.4906811304859103 1
0.49169649529839676 1
0.49202735333384257 1
0.49224665641569293 1
0.4925123644307221 1
0.4926122026844118 1
0.49331699747175217 1
0.49387746149348244 1
0.49412772880864614 1
0.49429914100075156 1
0.49495047239754725 1
0.49518185779954116 1
0.4956829291725727 1
0.4968682066990322 1
0.4971040242580919 1
0.4974095685532555 1
0.4976754217378552 1
0.4980520189314288 1
0.49855384441169354 1
0.4990419080474794 1
0.4992191654377375 1
0.49946471093470285 1
0.49955866197899473 1
0.49968132815587496 1
0.5000295185541513 1
0.5001438428785696 1
0.5004496456081554 1
0.5004902750694511 1
0.5011086986469215 1
0.501252048972728 1
0.5013030059991483 1
0.5020009058684792 1
0.5024246990728227 1
0.5025982675591979 1
0.5028926432429083 1
0.5034132737126643 1
0.503533150656757 1
0.5037416850565417 1
0.5041040404093333 1
0.5043643788833995 1
0.504625356601539 1
0.5046291199044329 1
0.5050426719452168 1
0.5058761586985259 1
0.505908905217696 1
0.5060103413717808 1
0.5060873785320019 1
0.5060924139211014 1
0.5065711304793797 1
0.5067034933198071 1
0.5074341085924527 1
0.5079683615088265 1
0.5081787696270363 1
0.5085843041066408 1
0.5086766061568475 1
0.508702886859957 1
0.5087306392914243 1
0.5089404771299804 1
0.5093533890229309 1
0.5094277120628309 1
0.5098151950475224 1
0.5098668748074191 1
0.5103426794200202 1
0.5105495260222728 1
0.5110662052860075 1
0.511149938236562 1
0.51121918354972 1
0.5121461984985461 1
0.5125400197053851 1
0.5127330696349379 1
0.5127832785976209 1
0.5134618463121121 1
0.5135829165501533 1
0.5136230833201142 1
0.5139050596926715 1
0.5154996002234138 1
0.5157962615380574 1
0.5162930507518801 1
0.5168036105603533 1
0.5170564056278345 1
0.5174070043992091 1
0.5174950799248128 1
0.5178545563563243 1
0.5178679975625807 1
0.517910504934949 1
0.5185509263470756 1
0.5187202076253784 1
0.5195641071352401 1
0.5205557783575806 1
0.5205738289983531 1
0.5208395001158995 1
0.5210302183703835 1
0.5218772491660819 1
0.5220808975135319 1
0.522252594188513 1
0.5227605850320115 1
0.5231461560840208 1
0.5233791448598799 1
0.5237295815323152 1
0.5247793321648395 1
0.5252450394264987 1
0.5255625205163114 1
0.5264084004135846 1
0.5273803251411066 1
0.5274620043764177 1
0.5278457130123728 1
0.5281942238775907 1
0.5302625275586702 1
0.5307030545104189 1
0.5309303650072413 1
0.5312300602828909 1
0.5314218440613657 1
0.5326697794366594 1
0.5327678840171807 1
0.5330976547912757 1
0.5335292322404933 1
0.5350842681157398 1
0.5352658154514475 1
0.5354883387338787 1
0.5358128977123985 1
0.5364880447338514 1
0.5366831951779802 1
0.5374966201685925 1
0.5377903776686128 1
0.5378856895780599 1
0.5392583104304738 1
0.5399127868667413 1
0.539920240901138 1
0.540211761673325 1
0.5419809998320599 1
0.5420920775961722 1
0.5422463608708274 1
0.5424444651674318 1
0.5431701815359322 1
0.5433187482999376 1
0.5444510061033383 1
0.5449798924749298 1
0.5468651149830062 1
0.5504083657414917 1
0.5563006259828646 1
0.5573292174556589 1
0.5616571874124547 1
0.5636696332587511 1
0.5645011125020152 1
0.5707890509512414 1
0.5722824478720039 1
