
 0.495
 0.519
 0.450
 0.538
 0.505
 0.528
 0.534
 0.497
 0.492
 0.509
 0.490
 0.535
 0.482
 0.501
 0.492
 0.516
 0.485
 0.513
 0.495
 0.518
 0.536
 0.503
 0.521
 0.509
 0.460
 0.493
 0.504
 0.501
 0.481
 0.528
 0.432
 0.556
 0.486
 0.493
 0.513
 0.507
 0.509
 0.497
 0.503
 0.531
 0.487
 0.504
 0.491
 0.517
 0.511
 0.466
 0.498
 0.499
 0.477
 0.510
 0.493
 0.533
 0.542
 0.486
 0.485
 0.500
 0.517
 0.537
 0.478
 0.500
 0.509
 0.521
 0.472
 0.545
 0.487
 0.494
 0.470
 0.504
 0.522
 0.506
 0.506
 0.502
 0.468
 0.511
 0.513
 0.481
 0.544
 0.533
 0.503
 0.527
 0.514
 0.540
 0.476
 0.500
 0.489
 0.500
 0.501
 0.509
 0.510
 0.494
 0.497
 0.538
 0.459
 0.516
 0.507
 0.486
 0.565
 0.502
 0.518
 0.507
 0.526
 0.446
 0.517
 0.499
 0.543
 0.476
 0.521
 0.494
 0.467
 0.421
 0.512
 0.506
 0.504
 0.506
 0.508
 0.480
 0.537
 0.456
 0.514
 0.524
 0.519
 0.542
 0.471
 0.508
 0.557
 0.505
 0.520
 0.550
 0.511
 0.464
 0.488
 0.461
 0.542
 0.513
 0.523
 0.490
 0.469
 0.455
 0.476
 0.472
 0.536
 0.511
 0.542
 0.530
 0.531
 0.499
 0.510
 0.525
 0.571
 0.518
 0.491
 0.499
 0.480
 0.535
 0.483
 0.498
 0.474
 0.476
 0.473
 0.547
 0.450
 0.535
 0.505
 0.500
 0.492
 0.489
 0.509
 0.509
 0.517
 0.500
 0.523
 0.481
 0.523
 0.540
 0.540
 0.525
 0.522
 0.435
 0.515
 0.531
 0.564
 0.480
 0.488
 0.496
 0.572
 0.478
 0.473
 0.533
 0.539
 0.521
 0.522
 0.527
 0.506
 0.562
 0.543
 0.479
 0.526
 0.531
 0.483
 0.514

