2 41
1 43
1 37
4 50
1 29
3 43
4 35
4 58
3 49
1 36
2 42
0 39
2 40
0 41
4 41
4 32
4 40
3 32
2 53
4 40
3 39
1 48
2 34
3 46
1 47
3 38
3 58
3 36
1 33
0 45
4 39
1 42
4 51
3 35
0 42
3 47
3 51
4 42
2 43
1 45
4 56
0 36
1 43
1 40
0 39
0 31
0 43
3 54
1 60
0 41
2 35
2 45
1 49
1 39
4 51
2 36
4 45
3 40
2 31
0 34
2 51
0 52
1 45
0 54
2 50
3 47
4 53
3 42
4 48
4 43
4 55
4 44
4 38
1 42
1 43
1 41
0 45
0 45
1 41
2 46
3 38
0 31
0 43
0 35
1 44
0 42
3 42
4 55
1 40
4 35
3 32
0 38
4 47
2 39
2 38
0 40
4 48
0 51
3 39
4 33
0 51
2 32
3 45
0 44
1 40
1 48
0 44
1 39
4 47
3 43
0 44
0 49
4 45
4 52
1 47
4 45
3 43
3 32
2 37
2 36
1 37
3 39
0 40
0 27
3 31
3 55
0 44
0 40
0 50
1 37
4 49
2 31
3 46
3 43
0 36
0 57
0 33
4 43
2 39
1 43
2 44
4 26
0 40
3 36
1 31
4 43
3 38
3 45
0 44
1 45
2 37
3 43
2 44
1 38
2 44
1 38
1 51
3 42
4 37
4 54
4 38
2 49
3 56
3 41
0 43
1 44
1 52
0 48
1 34
4 49
1 47
4 32
3 43
2 48
0 41
4 50
3 45
4 43
1 36
0 45
0 41
3 37
1 43
0 53
0 44
0 33
1 40
0 42
2 40
0 45
4 35
3 39
1 39
4 40
0 45
0 45
1 46
0 48
2 42
1 34
