
 0.472
 0.506
 0.598
 0.589
 0.591
 0.596
 0.596
 0.596
 0.596
 0.596
 0.596
 0.596
 0.596
 0.596
 0.596
 0.596
 0.596
 0.596
 0.596
 0.596
 0.596
 0.596
 0.596
 0.596
 0.596
 0.596
 0.596
 0.596
 0.596
 0.596
 0.596
 0.596
 0.596
 0.596
 0.596
 0.596
 0.596
 0.596
 0.596
 0.596
 0.596
 0.596
 0.596
 0.596
 0.596
 0.596
 0.596
 0.596
 0.596
 0.596
 0.596
 0.596
 0.596
 0.596
 0.596
 0.596
 0.596
 0.596
 0.596
 0.596
 0.596
 0.596
 0.596
 0.596
 0.596
 0.596
 0.596
 0.596
 0.596
 0.596
 0.596
 0.596
 0.596
 0.596
 0.596
 0.596
 0.596
 0.596
 0.596
 0.596
 0.596
 0.596
 0.596
 0.596
 0.596
 0.596
 0.596
 0.596
 0.596
 0.596
 0.596
 0.596
 0.596
 0.596
 0.596
 0.596
 0.596
 0.596
 0.596
 0.596
 0.596
 0.596
 0.596
 0.596
 0.596
 0.596
 0.596
 0.596
 0.596
 0.596
 0.596
 0.596
 0.596
 0.596
 0.596
 0.596
 0.596
 0.596
 0.596
 0.596
 0.596
 0.596
 0.596
 0.596
 0.596
 0.596
 0.596
 0.596
 0.596
 0.596
 0.596
 0.596
 0.596
 0.596
 0.596
 0.596
 0.596
 0.596
 0.596
 0.596
 0.596
 0.596
 0.596
 0.596
 0.596
 0.596
 0.596
 0.596
 0.596
 0.596
 0.596
 0.596
 0.596
 0.596
 0.596
 0.596
 0.596
 0.596
 0.596
 0.596
 0.596
 0.596
 0.596
 0.596
 0.596
 0.596
 0.596
 0.596
 0.596
 0.596
 0.596
 0.596
 0.596
 0.596
 0.596
 0.596
 0.596
 0.596
 0.596
 0.596
 0.596
 0.596
 0.596
 0.596
 0.596
 0.596
 0.596
 0.596
 0.596
 0.596
 0.596
 0.596
 0.596
 0.596
 0.596
 0.596
 0.596
 0.596
 0.596
 0.596

