0 59
0 47
0 27
0 53
0 38
0 40
0 42
0 35
0 45
0 45
0 45
0 35
0 31
0 39
0 43
0 38
0 41
0 38
0 39
0 43
0 50
0 39
0 32
0 45
0 37
0 48
0 41
0 31
0 38
0 48
0 30
0 41
0 36
0 39
0 37
0 33
0 40
0 37
0 41
0 49
0 45
0 29
0 43
0 49
0 43
0 44
0 51
0 46
0 49
0 43
0 35
0 47
0 41
0 35
0 42
0 45
0 42
0 42
0 38
0 40
0 44
0 41
0 50
0 54
0 33
0 57
0 39
0 33
0 44
0 44
0 46
0 47
0 47
0 38
0 41
0 45
0 47
0 39
0 44
0 43
0 35
0 49
0 47
0 45
0 39
0 38
0 50
0 24
0 53
0 35
0 40
0 38
0 42
0 36
0 38
0 46
0 43
0 29
0 41
0 40
0 43
0 36
0 34
0 49
0 31
0 39
0 44
0 37
0 37
0 38
0 37
0 44
0 31
0 50
0 40
0 42
0 39
0 41
0 34
0 49
0 38
0 42
0 44
0 47
0 36
0 43
0 42
0 32
0 45
0 39
0 38
0 38
0 30
0 43
0 44
0 36
0 50
0 49
0 43
0 49
0 40
0 36
0 52
0 42
0 43
0 38
0 39
0 36
0 36
0 42
0 34
0 44
0 39
0 39
0 34
0 40
0 46
0 40
0 33
0 42
0 61
0 41
0 42
0 37
0 37
0 36
0 35
0 49
0 36
0 56
0 46
0 32
0 40
0 44
0 36
0 39
0 44
0 36
0 38
0 42
0 37
0 51
0 34
0 43
0 33
0 38
0 40
0 35
0 42
0 30
0 37
0 50
0 36
0 53
0 24
0 36
0 38
0 31
0 46
0 39
