
 0.703
 0.669
 0.669
 0.693
 0.683
 0.679
 0.637
 0.678
 0.688
 0.683
 0.686
 0.691
 0.649
 0.684
 0.673
 0.722
 0.655
 0.667
 0.638
 0.668
 0.674
 0.720
 0.674
 0.688
 0.650
 0.650
 0.665
 0.671
 0.652
 0.692
 0.643
 0.694
 0.680
 0.663
 0.664
 0.685
 0.678
 0.718
 0.673
 0.669
 0.648
 0.644
 0.635
 0.677
 0.668
 0.659
 0.692
 0.682
 0.658
 0.657
 0.671
 0.685
 0.683
 0.678
 0.702
 0.667
 0.661
 0.663
 0.665
 0.645
 0.691
 0.674
 0.677
 0.669
 0.675
 0.685
 0.665
 0.711
 0.685
 0.668
 0.655
 0.692
 0.693
 0.678
 0.682
 0.655
 0.718
 0.669
 0.651
 0.674
 0.672
 0.664
 0.642
 0.663
 0.670
 0.669
 0.657
 0.673
 0.654
 0.673
 0.650
 0.683
 0.710
 0.669
 0.673
 0.654
 0.665
 0.662
 0.684
 0.732
 0.661
 0.672
 0.678
 0.705
 0.683
 0.704
 0.689
 0.705
 0.652
 0.631
 0.680
 0.696
 0.687
 0.633
 0.669
 0.693
 0.675
 0.685
 0.672
 0.684
 0.686
 0.722
 0.665
 0.656
 0.686
 0.687
 0.643
 0.658
 0.673
 0.662
 0.683
 0.682
 0.697
 0.644
 0.693
 0.638
 0.681
 0.693
 0.669
 0.698
 0.699
 0.633
 0.652
 0.685
 0.669
 0.672
 0.693
 0.659
 0.669
 0.697
 0.693
 0.692
 0.675
 0.661
 0.668
 0.680
 0.695
 0.712
 0.630
 0.638
 0.644
 0.646
 0.656
 0.664
 0.634
 0.696
 0.689
 0.656
 0.655
 0.662
 0.672
 0.685
 0.658
 0.692
 0.682
 0.676
 0.687
 0.675
 0.652
 0.698
 0.724
 0.667
 0.680
 0.669
 0.659
 0.654
 0.652
 0.700
 0.714
 0.687
 0.656
 0.650
 0.691
 0.645
 0.693
 0.679
 0.693
 0.660
 0.672
 0.701

