4 33
4 44
2 44
4 40
0 38
0 45
4 34
0 32
4 39
2 41
4 36
3 46
4 44
2 47
0 39
1 44
3 51
3 53
0 46
1 44
3 30
2 33
3 35
1 36
2 41
0 49
2 49
4 42
4 42
4 42
4 51
4 42
4 58
2 37
3 41
4 34
4 46
1 38
1 47
4 42
2 42
4 35
3 33
2 42
0 35
1 39
0 44
1 47
1 38
3 41
3 46
0 59
0 47
4 30
1 45
2 30
4 33
1 42
1 44
3 50
3 48
0 34
1 44
4 41
4 41
0 51
2 31
4 42
2 42
3 44
0 49
0 44
4 44
2 45
0 41
0 34
1 45
4 37
2 33
2 43
4 50
0 50
4 35
2 36
3 49
2 47
1 27
3 34
0 40
1 48
1 46
3 32
4 50
2 44
1 53
4 53
4 34
1 40
4 40
3 39
3 42
2 48
1 43
2 41
1 33
1 42
1 36
1 41
1 53
0 43
3 43
1 44
0 48
2 38
0 34
0 30
2 34
0 38
1 35
1 47
0 41
0 49
4 36
4 43
2 64
1 56
4 44
3 37
0 44
2 46
1 30
1 56
1 44
2 43
1 46
0 48
2 43
3 35
4 37
3 49
2 42
1 57
2 41
1 31
1 47
3 31
1 29
3 39
3 40
1 33
4 42
0 34
4 45
4 47
2 39
3 31
2 49
1 47
0 50
3 44
0 41
3 51
2 53
3 44
2 42
0 40
1 40
4 45
1 50
0 43
3 43
1 41
1 40
4 40
4 40
0 39
0 52
0 34
2 34
2 38
3 33
4 41
4 45
0 48
0 35
3 43
1 43
0 35
0 43
4 42
0 47
0 45
0 50
0 62
1 26
3 47
0 45
2 41
0 52
1 40
