
 0.468
 0.451
 0.508
 0.494
 0.453
 0.501
 0.522
 0.473
 0.461
 0.483
 0.471
 0.461
 0.535
 0.494
 0.500
 0.492
 0.508
 0.512
 0.519
 0.489
 0.512
 0.482
 0.511
 0.521
 0.482
 0.526
 0.484
 0.457
 0.456
 0.521
 0.529
 0.545
 0.495
 0.543
 0.486
 0.526
 0.457
 0.492
 0.519
 0.542
 0.503
 0.514
 0.474
 0.480
 0.462
 0.480
 0.520
 0.500
 0.468
 0.469
 0.514
 0.489
 0.465
 0.434
 0.498
 0.537
 0.478
 0.435
 0.543
 0.516
 0.486
 0.538
 0.514
 0.569
 0.478
 0.468
 0.471
 0.487
 0.470
 0.511
 0.561
 0.504
 0.475
 0.495
 0.454
 0.558
 0.517
 0.514
 0.483
 0.478
 0.500
 0.507
 0.510
 0.466
 0.536
 0.512
 0.482
 0.534
 0.529
 0.463
 0.461
 0.558
 0.531
 0.523
 0.432
 0.521
 0.503
 0.495
 0.537
 0.508
 0.474
 0.507
 0.493
 0.462
 0.486
 0.476
 0.511
 0.501
 0.484
 0.447
 0.498
 0.496
 0.507
 0.463
 0.473
 0.486
 0.530
 0.512
 0.478
 0.527
 0.464
 0.516
 0.521
 0.486
 0.463
 0.474
 0.571
 0.509
 0.508
 0.559
 0.468
 0.503
 0.568
 0.492
 0.473
 0.466
 0.514
 0.524
 0.507
 0.468
 0.511
 0.497
 0.526
 0.486
 0.469
 0.443
 0.535
 0.489
 0.495
 0.475
 0.506
 0.479
 0.482
 0.470
 0.468
 0.456
 0.512
 0.489
 0.489
 0.507
 0.483
 0.427
 0.493
 0.496
 0.471
 0.468
 0.486
 0.517
 0.506
 0.514
 0.482
 0.511
 0.518
 0.525
 0.532
 0.510
 0.471
 0.499
 0.453
 0.458
 0.517
 0.490
 0.493
 0.486
 0.536
 0.470
 0.545
 0.436
 0.453
 0.539
 0.491
 0.493
 0.527
 0.520
 0.483
 0.548
 0.516
 0.498
 0.485
 0.503

