0.41774240086777853 1
0.4186627453335487 1
0.42967429892152553 1
0.44294611407947004 1
0.44335365848520525 1
0.44745540717370147 1
0.45070306969131274 1
0.4533799788348216 1
0.4549375978874094 1
0.45829018861115967 1
0.4585953182704606 1
0.45926781877531886 1
0.4620536149086757 1
0.46225833556962553 1
0.4625127851540592 1
0.4638718194705868 1
0.4661014209312663 1
0.4685566011122131 1
0.46909463290067455 1
0.47029138490424865 1
0.4712419236291669 1
0.47124891092621524 1
0.47140844824816874 1
0.4722462470170896 1
0.47444712163977953 1
0.47540371919898655 1
0.4758628298611647 1
0.4759494623631268 1
0.4761158005793626 1
0.4765664513977664 1
0.4767466943576206 1
0.4770508690730364 1
0.47720534024734634 1
0.4773013303921841 1
0.47801936750046936 1
0.4793504544143641 1
0.48030069328426483 1
0.4814468786490436 1
0.4816816178062139 1
0.48176561877824775 1
0.48212886987643977 1
0.48261500060611484 1
0.4826216622014472 1
0.48287750307343846 1
0.4830206368568931 1
0.48322401772142887 1
0.483259501807619 1
0.48363083407676116 1
0.483649784802818 1
0.48377846578585143 1
0.48395423013511146 1
0.4845393718100163 1
0.4845887128665256 1
0.48498097447463323 1
0.4850487887083335 1
0.4852796559824864 1
0.4859825287283255 1
0.4865528782021944 1
0.48660114152474776 1
0.4868593281894947 1
0.48706647881518333 1
0.4873734900293743 1
0.4875068124558802 1
0.48764096724362493 1
0.48861733926523276 1
0.4888838320371919 1
0.4891970800600559 1
0.4892034874962895 1
0.48921282976490765 1
0.49079030340716945 1
0.49090324028061105 1
0.4922180462197429 1
0.49260289752139985 1
0.49284040562113396 1
0.49289221121199633 1
0.49366764604067137 1
0.4941474472363906 1
0.4950413700763487 1
0.49550397841198984 1
0.4958357473102902 1
0.496154221694194 1
0.4966394461049544 1
0.4973317622507102 1
0.498254108996819 1
0.4991202003459836 1
0.4999559839713951 1
0.5005303771116665 1
0.5008238992850891 1
0.5009093798521327 1
0.5010827702602024 1
0.5018641162787751 1
0.5022557348466844 1
0.5026745148864414 1
0.5030303525389522 1
0.50326805137278 1
0.5032756314986591 1
0.5037740361557722 1
0.5046023033539894 1
0.5055948747827589 1
0.5061783730690607 1
0.5063682116592931 1
0.5064569479384806 1
0.5065773221459106 1
0.5072135515636534 1
0.5076646565347658 1
0.5080468420241383 1
0.5082796193577265 1
0.508493597725177 1
0.5086011196265305 1
0.5086132542659189 1
0.508700072084364 1
0.5090885316988312 1
0.5096048482228029 1
0.5100267171888685 1
0.5102978232130969 1
0.5106354899154981 1
0.5107179697455998 1
0.5108155857609402 1
0.511214037128016 1
0.5114648591149493 1
0.5121282299517689 1
0.5121446377009224 1
0.5124072578472765 1
0.5130815917763824 1
0.5133309760701159 1
0.5134402879359008 1
0.514026812628083 1
0.5140704450711627 1
0.5144100264037028 1
0.514588918226013 1
0.5146140231693059 1
0.5150690202985563 1
0.5152788144709153 1
0.5154732713787297 1
0.5156865282048432 1
0.515908894516775 1
0.5159599120410318 1
0.5159876001656195 1
0.5165583378723719 1
0.5171877467504298 1
0.5173805089661669 1
0.5182523416436018 1
0.5186590119018083 1
0.5188206916088011 1
0.5191894335749232 1
0.5195246534956214 1
0.5212133583982216 1
0.5221746536782976 1
0.5224883165634064 1
0.522658309368842 1
0.5232818266237929 1
0.5250118492696823 1
0.5257716557012297 1
0.5263166926421241 1
0.5268370655109383 1
0.5270320707373909 1
0.5283369861079312 1
0.5298629383602392 1
0.5304742209473351 1
0.5312164848544549 1
0.5319296618622339 1
0.5330185868432603 1
0.5338406640008091 1
0.53397552586754 1
0.534785841038335 1
0.5351576633434605 1
0.5353366787342105 1
0.5362138313390195 1
0.5367840914729181 1
0.5375287243946576 1
0.5378709033378007 1
0.5389937712028395 1
0.539309199188612 1
0.5393512645884052 1
0.5394013118105757 1
0.541427678117823 1
0.5422641966111545 1
0.5428632108640341 1
0.543693279779845 1
0.5437301019632632 1
0.5439411871453467 1
0.5445060628724742 1
0.5450685783327467 1
0.5458415928704349 1
0.547431553212226 1
0.548466423536925 1
0.5488527585433931 1
0.5554322976917766 1
0.5560629267921117 1
0.5569508604242994 1
0.5613423109433293 1
0.5616139486771011 1
0.5621653321987917 1
0.5622397805377995 1
0.5652474066803955 1
0.5662829062622432 1
0.5664977312684792 1
0.5672653551395321 1
0.5744805579301483 1
0.5960763412379937 1
