
 0.562
 0.475
 0.513
 0.523
 0.537
 0.544
 0.489
 0.517
 0.497
 0.485
 0.596
 0.511
 0.515
 0.494
 0.462
 0.531
 0.539
 0.486
 0.508
 0.538
 0.566
 0.471
 0.512
 0.443
 0.495
 0.455
 0.482
 0.483
 0.489
 0.418
 0.485
 0.561
 0.492
 0.507
 0.509
 0.515
 0.547
 0.483
 0.503
 0.539
 0.464
 0.518
 0.482
 0.476
 0.491
 0.538
 0.469
 0.485
 0.478
 0.476
 0.477
 0.556
 0.496
 0.562
 0.519
 0.523
 0.512
 0.508
 0.472
 0.500
 0.487
 0.516
 0.501
 0.487
 0.533
 0.484
 0.494
 0.491
 0.539
 0.489
 0.508
 0.510
 0.513
 0.513
 0.527
 0.511
 0.515
 0.483
 0.544
 0.501
 0.516
 0.574
 0.487
 0.484
 0.519
 0.527
 0.462
 0.520
 0.514
 0.483
 0.508
 0.514
 0.562
 0.510
 0.470
 0.515
 0.489
 0.530
 0.496
 0.534
 0.536
 0.509
 0.504
 0.501
 0.566
 0.503
 0.535
 0.466
 0.544
 0.545
 0.542
 0.488
 0.477
 0.532
 0.483
 0.485
 0.458
 0.511
 0.506
 0.477
 0.511
 0.480
 0.459
 0.503
 0.501
 0.496
 0.471
 0.528
 0.503
 0.506
 0.477
 0.546
 0.447
 0.477
 0.509
 0.522
 0.484
 0.535
 0.443
 0.543
 0.539
 0.516
 0.463
 0.502
 0.487
 0.499
 0.510
 0.512
 0.549
 0.565
 0.519
 0.489
 0.493
 0.507
 0.517
 0.514
 0.479
 0.474
 0.525
 0.548
 0.481
 0.526
 0.522
 0.498
 0.493
 0.515
 0.485
 0.535
 0.502
 0.451
 0.509
 0.517
 0.487
 0.505
 0.555
 0.476
 0.526
 0.482
 0.430
 0.557
 0.483
 0.459
 0.541
 0.484
 0.471
 0.511
 0.545
 0.567
 0.530
 0.534
 0.488
 0.506
 0.516
 0.521
 0.469
 0.419
 0.493
 0.506
 0.497
 0.453

