
 0.472
 0.537
 0.542
 0.574
 0.574
 0.574
 0.574
 0.574
 0.574
 0.574
 0.574
 0.574
 0.574
 0.574
 0.574
 0.574
 0.574
 0.574
 0.574
 0.574
 0.574
 0.574
 0.574
 0.574
 0.574
 0.574
 0.574
 0.574
 0.574
 0.574
 0.574
 0.574
 0.574
 0.574
 0.574
 0.574
 0.574
 0.574
 0.574
 0.574
 0.574
 0.574
 0.574
 0.574
 0.574
 0.574
 0.574
 0.574
 0.574
 0.574
 0.574
 0.574
 0.574
 0.574
 0.574
 0.574
 0.574
 0.574
 0.574
 0.574
 0.574
 0.574
 0.574
 0.574
 0.574
 0.574
 0.574
 0.574
 0.574
 0.574
 0.574
 0.574
 0.574
 0.574
 0.574
 0.574
 0.574
 0.574
 0.574
 0.574
 0.574
 0.574
 0.574
 0.574
 0.574
 0.574
 0.574
 0.574
 0.574
 0.574
 0.574
 0.574
 0.574
 0.574
 0.574
 0.574
 0.574
 0.574
 0.574
 0.574
 0.574
 0.574
 0.574
 0.574
 0.574
 0.574
 0.574
 0.574
 0.574
 0.574
 0.574
 0.574
 0.574
 0.574
 0.574
 0.574
 0.574
 0.574
 0.574
 0.574
 0.574
 0.574
 0.574
 0.574
 0.574
 0.574
 0.574
 0.574
 0.574
 0.574
 0.574
 0.574
 0.574
 0.574
 0.574
 0.574
 0.574
 0.574
 0.574
 0.574
 0.574
 0.574
 0.574
 0.574
 0.574
 0.574
 0.574
 0.574
 0.574
 0.574
 0.574
 0.574
 0.574
 0.574
 0.574
 0.574
 0.574
 0.574
 0.574
 0.574
 0.574
 0.574
 0.574
 0.574
 0.574
 0.574
 0.574
 0.574
 0.574
 0.574
 0.574
 0.574
 0.574
 0.574
 0.574
 0.574
 0.574
 0.574
 0.574
 0.574
 0.574
 0.574
 0.574
 0.574
 0.574
 0.574
 0.574
 0.574
 0.574
 0.574
 0.574
 0.574
 0.574
 0.574
 0.574
 0.574
 0.574
 0.574
 0.574
 0.574

