0.4363588742322227 1
0.4376268143568883 1
0.43955671535687457 1
0.4399806921838039 1
0.4452015624153042 1
0.4457132313166751 1
0.44691227880541634 1
0.4471949252831163 1
0.4481250431830129 1
0.44990132163764 1
0.4505725347082612 1
0.453928524397859 1
0.4539881689393673 1
0.4563323495773113 1
0.45755805418629264 1
0.45839033248792893 1
0.4598081559103746 1
0.46023723336734823 1
0.46092607238150873 1
0.46195313958619283 1
0.46237552022223793 1
0.4626553930010086 1
0.46282262295199184 1
0.4631519440316589 1
0.46401438408464 1
0.464284431835349 1
0.4644953236058108 1
0.46601217887464685 1
0.4675959109532831 1
0.4684398281273512 1
0.4694847008848596 1
0.4701137055868046 1
0.47037110584961644 1
0.47064078516379193 1
0.47129769208527 1
0.47170748576393173 1
0.472249539538811 1
0.4725122173596642 1
0.47297843297925174 1
0.473085296858126 1
0.47311697275333536 1
0.4741501221466617 1
0.47419305055769406 1
0.4749352612067495 1
0.4758079503186083 1
0.4758419386592177 1
0.4759135224239827 1
0.47673248305738347 1
0.47707668071973097 1
0.47732461241090646 1
0.4773371741817284 1
0.4785111864061106 1
0.4798584459127564 1
0.48031673778565964 1
0.4807865802856475 1
0.48081963356227464 1
0.4811237447468247 1
0.4811574305007084 1
0.48155009269779997 1
0.4819794806391339 1
0.4820358249592326 1
0.48271037455840704 1
0.48282128013215697 1
0.4829672967584589 1
0.48304663153120236 1
0.4831708719565505 1
0.48422247669984947 1
0.4846063196251382 1
0.4848398642924207 1
0.4856532556462772 1
0.4856969440584002 1
0.48631039028275547 1
0.48718129848003316 1
0.4876337351168394 1
0.4877430012577972 1
0.4885682470055197 1
0.48858423366142134 1
0.48921298001002567 1
0.48956540600379145 1
0.49006838700488353 1
0.4905101952132467 1
0.4908987384535888 1
0.49112684334886675 1
0.49163784747249195 1
0.4918562445260742 1
0.49213984853080334 1
0.492335898995475 1
0.49265393219345427 1
0.4929213629213423 1
0.49297501564018326 1
0.4940779659101451 1
0.49412095116204846 1
0.4944569554382997 1
0.4947286171191149 1
0.4948604170972921 1
0.49571180317609426 1
0.4958409192371109 1
0.4958737783739087 1
0.49616265215435673 1
0.4966103184952043 1
0.4974591957857601 1
0.49776025469254576 1
0.4978957056898799 1
0.4982971010316225 1
0.4984016347769621 1
0.4984510752219684 1
0.4997259260018443 1
0.5001418018074356 1
0.5004140673271614 1
0.5007711685191062 1
0.5013566354487937 1
0.5013660748872152 1
0.5016429750572895 1
0.5022118784851751 1
0.5022859023056769 1
0.5026381291928159 1
0.503633927187055 1
0.5050251343124517 1
0.5057348934797257 1
0.5057647817564521 1
0.506678073016254 1
0.5074880365144968 1
0.5077743016006577 1
0.5089255961589791 1
0.5091477646267197 1
0.5095599626888275 1
0.5097394492938845 1
0.5098142642568455 1
0.5100739107512042 1
0.5115670748226505 1
0.5124192154456263 1
0.5126681669873577 1
0.5127887669651467 1
0.5129600564923352 1
0.5134632960524094 1
0.514244516200819 1
0.5144014742577461 1
0.5144125016444974 1
0.5146398607545963 1
0.5153952282184894 1
0.5154742981131663 1
0.5155911460428496 1
0.515651847331449 1
0.5159471558074458 1
0.5164619620540535 1
0.5165796895136336 1
0.5180228965193341 1
0.5181002874521002 1
0.5181206933670832 1
0.5183263091496728 1
0.5185605873957401 1
0.5210670853222927 1
0.5220353132442771 1
0.5221663144042651 1
0.5238024272970808 1
0.5260163647744557 1
0.5279030401878627 1
0.5283883823492929 1
0.5288112508417856 1
0.5290789949391914 1
0.5301575917592904 1
0.5301710134179147 1
0.5304800010561893 1
0.5306387069896683 1
0.5311324920654 1
0.5316665273074415 1
0.5322776268638869 1
0.5332040484752413 1
0.5332836766005385 1
0.534105818066847 1
0.5342963854160088 1
0.5353621629504953 1
0.5353843327641925 1
0.5354961287631705 1
0.5384005147316189 1
0.5389729106523489 1
0.53983972051098 1
0.5407359011274526 1
0.5407646807540576 1
0.5421212940056566 1
0.5421693909927204 1
0.5424188373446014 1
0.544678428851735 1
0.5458451789556349 1
0.5466572965134047 1
0.5471980087514892 1
0.5477428571713433 1
0.5490106278294653 1
0.556247382312939 1
0.5566886827083017 1
0.5582649621450827 1
0.5591594262023992 1
0.5592801935246442 1
0.5625387677274803 1
0.5633147857585385 1
0.5673709324058387 1
0.5713193942728744 1
0.5767766192314148 1
0.5821510002159708 1
0.5840775901638886 1
