
 0.515
 0.503
 0.489
 0.488
 0.528
 0.480
 0.512
 0.476
 0.469
 0.535
 0.534
 0.485
 0.497
 0.464
 0.563
 0.526
 0.471
 0.582
 0.518
 0.463
 0.516
 0.481
 0.481
 0.488
 0.440
 0.472
 0.546
 0.463
 0.506
 0.494
 0.510
 0.494
 0.491
 0.531
 0.464
 0.501
 0.559
 0.468
 0.486
 0.496
 0.492
 0.519
 0.479
 0.460
 0.507
 0.474
 0.483
 0.464
 0.516
 0.466
 0.440
 0.473
 0.547
 0.563
 0.483
 0.477
 0.531
 0.500
 0.518
 0.500
 0.559
 0.446
 0.492
 0.542
 0.498
 0.529
 0.533
 0.502
 0.501
 0.518
 0.490
 0.489
 0.516
 0.477
 0.509
 0.502
 0.506
 0.491
 0.556
 0.482
 0.521
 0.474
 0.535
 0.515
 0.496
 0.547
 0.496
 0.524
 0.489
 0.502
 0.448
 0.462
 0.482
 0.473
 0.512
 0.514
 0.482
 0.483
 0.522
 0.513
 0.571
 0.541
 0.515
 0.436
 0.491
 0.484
 0.492
 0.497
 0.481
 0.494
 0.493
 0.567
 0.498
 0.498
 0.481
 0.454
 0.534
 0.510
 0.463
 0.518
 0.460
 0.548
 0.542
 0.540
 0.577
 0.468
 0.498
 0.510
 0.507
 0.438
 0.493
 0.557
 0.483
 0.504
 0.516
 0.485
 0.558
 0.451
 0.447
 0.462
 0.513
 0.496
 0.476
 0.528
 0.450
 0.530
 0.538
 0.530
 0.456
 0.533
 0.471
 0.532
 0.517
 0.490
 0.470
 0.513
 0.454
 0.486
 0.461
 0.492
 0.487
 0.541
 0.473
 0.472
 0.522
 0.508
 0.470
 0.509
 0.513
 0.529
 0.514
 0.584
 0.476
 0.477
 0.501
 0.495
 0.480
 0.445
 0.535
 0.498
 0.495
 0.458
 0.473
 0.477
 0.475
 0.510
 0.539
 0.514
 0.447
 0.486
 0.542
 0.505
 0.545
 0.458
 0.500
 0.530
 0.493
 0.532
 0.549
 0.483

