0.5018749687848435 1
0.5287410596856251 1
0.5451115920703102 1
0.5506079405241057 1
0.5509059166269138 1
0.5527316369084795 1
0.5548555038106804 1
0.5551723264869333 1
0.5561041184600742 1
0.5575136906977844 1
0.5621962486016592 1
0.5632083488511314 1
0.5637241632982435 1
0.5638234886658462 1
0.5640221394010517 1
0.5651524115915713 1
0.5656492089474121 1
0.5678910772728333 1
0.5680898985258657 1
0.5682885492610713 1
0.5694191624872444 1
0.5695183173370203 1
0.5715426883537915 1
0.5718406644565996 1
0.5723564789037119 1
0.5730706030503758 1
0.5735672298883895 1
0.5742010457587222 1
0.5743190471819428 1
0.5744990218615305 1
0.574697502078909 1
0.5747969979643387 1
0.5748158445377833 1
0.5750949740671469 1
0.5753124713757972 1
0.5758281153050824 1
0.57735585948384 1
0.5776538355866481 1
0.5798958744298962 1
0.5802743293268625 1
0.5806099985765603 2
0.5808086493117657 1
0.5811066254145739 1
0.5811067959324007 1
0.5820195708142704 1
0.5823363934905231 1
0.5825352147435556 1
0.5833486642578221 1
0.5834293135698072 1
0.5834479896254249 1
0.5845786028515981 1
0.5851745550572146 1
0.5851745550572147 1
0.586621820441814 1
0.5866218204418141 1
0.5867022992359721 1
0.5871184472798276 1
0.5871184472798278 1
0.5871989260739858 1
0.5871990965918127 1
0.5873170980150333 1
0.5873172685328601 1
0.5883105222088877 1
0.5883293687823322 1
0.5885281900353645 1
0.5886273448851406 1
0.5887266702527432 1
0.5890625100202677 1
0.5893604861230759 1
0.5893606566409029 1
0.589658632743711 1
0.5897579581113138 1
0.5908692132105618 1
0.5910870515548656 1
0.5911863769224688 1
0.5912857022900713 1
0.5925959491601785 1
0.5943411906475861 1
0.5944405160151889 1
0.5952351189560108 1
0.5954337696912163 1
0.5954716333559326 1
0.5957507628852962 1
0.5961669109291519 1
0.5966825548584369 1
0.596781709708213 1
0.5968812055936424 1
0.5971980282698954 1
0.5974960043727036 1
0.5983097949226241 1
0.5985084456578296 1
0.5987069258752081 1
0.5987874046693663 1
0.5988064217606377 1
0.5989055766104137 1
0.5990049019780164 1
0.5999368644689843 1
0.6000360193187602 1
0.6007314674098062 1
0.6009489647184566 1
0.6011477859714887 1
0.6013651127623122 1
0.6014644381299147 1
0.6014646086477416 1
0.6019612354857555 1
0.6021787327944056 1
0.6031719864704331 1
0.6033896542969098 1
0.603488979664513 1
0.6044207716376537 1
0.606128319978172 1
0.6067621358485048 1
0.6069417694924387 1
0.6072587626865185 1
0.6078548854099618 1
0.6081717080862146 2
0.6081717080862148 1
0.6084506670977514 1
0.6089663110270367 1
0.6089851576004812 1
0.609084482968084 1
0.6095006310119399 1
0.6095008015297667 1
0.6097986071147481 1
0.6099974283677804 2
0.6108110483998739 1
0.6118231486493461 1
0.6123387925786313 1
0.612438117946234 1
0.6138665367573888 1
0.6144815060542769 1
0.6149779623744639 1
0.6149969794657353 1
0.6157917529243839 1
0.6165058770710479 1
0.6166240490120954 1
0.6166242195299223 1
0.6169220251149036 1
0.6172203422533658 1
0.6175179773205199 1
0.6176363197793944 1
0.6184499398114879 1
0.6189465666495017 1
0.6190458920171044 1
0.6191452173847073 2
0.6196795373696102 1
0.6200581627844034 1
0.6202945066664982 1
0.6203749854606564 1
0.6208904588721148 1
0.6221202269480639 1
0.6236291245533766 1
0.6236292950712035 1
0.6236292950712037 1
0.6237284499209794 1
0.6238277752885821 1
0.6240454431150592 1
0.6243434192178675 1
0.6250577138823582 1
0.6253556899851666 1
0.6260699846496572 1
0.6268834341639239 1
0.6272807356343348 1
0.628292835883807 1
0.6287093249633164 1
0.628827496904364 1
0.629224798374775 1
0.6293239532245507 1
0.6297404423040601 1
0.6315471454943542 1
0.6318829852618787 1
0.6326966052939721 1
0.633193232131986 1
0.633590533602397 1
0.6347209763107435 1
0.6353361161254584 1
0.6375589673596083 1
0.6375778139330528 1
0.6380934578623381 1
0.6387698888621126 1
0.6402974625230432 1
0.6416268970022488 1
0.6427571691927685 1
0.6434714638572592 1
0.6442849133715258 1
0.644980190944745 1
0.6451790121977773 1
0.6460919575974738 1
0.6497622447340496 1
0.6499799125605267 1
0.6508926874423964 1
0.6532152050798026 1
0.6573019812958879 1
0.6593261817948322 1
0.6625804914053794 1
0.6633941114374727 1
