
 0.628
 0.615
 0.587
 0.569
 0.574
 0.589
 0.587
 0.625
 0.640
 0.607
 0.581
 0.581
 0.558
 0.597
 0.597
 0.556
 0.650
 0.632
 0.591
 0.663
 0.595
 0.588
 0.583
 0.622
 0.639
 0.574
 0.624
 0.653
 0.635
 0.643
 0.575
 0.564
 0.589
 0.601
 0.583
 0.570
 0.590
 0.625
 0.627
 0.582
 0.645
 0.629
 0.591
 0.635
 0.591
 0.589
 0.597
 0.589
 0.599
 0.601
 0.600
 0.602
 0.611
 0.617
 0.619
 0.607
 0.564
 0.610
 0.562
 0.582
 0.609
 0.626
 0.585
 0.587
 0.633
 0.589
 0.603
 0.663
 0.581
 0.529
 0.614
 0.599
 0.650
 0.617
 0.575
 0.599
 0.595
 0.638
 0.577
 0.601
 0.585
 0.580
 0.609
 0.610
 0.555
 0.612
 0.568
 0.634
 0.615
 0.643
 0.594
 0.620
 0.618
 0.608
 0.563
 0.624
 0.553
 0.551
 0.588
 0.606
 0.630
 0.638
 0.644
 0.598
 0.618
 0.612
 0.502
 0.587
 0.587
 0.572
 0.629
 0.624
 0.620
 0.587
 0.568
 0.645
 0.646
 0.555
 0.576
 0.574
 0.596
 0.642
 0.617
 0.587
 0.607
 0.610
 0.659
 0.564
 0.620
 0.629
 0.578
 0.610
 0.568
 0.597
 0.602
 0.619
 0.587
 0.581
 0.629
 0.638
 0.618
 0.545
 0.632
 0.589
 0.609
 0.619
 0.624
 0.608
 0.566
 0.604
 0.610
 0.633
 0.620
 0.657
 0.591
 0.575
 0.627
 0.599
 0.624
 0.574
 0.565
 0.599
 0.590
 0.581
 0.617
 0.597
 0.651
 0.603
 0.612
 0.599
 0.624
 0.585
 0.619
 0.608
 0.580
 0.575
 0.572
 0.601
 0.575
 0.572
 0.596
 0.601
 0.601
 0.621
 0.583
 0.595
 0.608
 0.603
 0.587
 0.600
 0.551
 0.608
 0.583
 0.617
 0.616
 0.593
 0.614
 0.573
 0.594
 0.624

