
 0.516
 0.508
 0.508
 0.486
 0.557
 0.522
 0.485
 0.489
 0.537
 0.516
 0.494
 0.497
 0.480
 0.489
 0.526
 0.450
 0.516
 0.478
 0.537
 0.496
 0.523
 0.540
 0.538
 0.494
 0.509
 0.514
 0.537
 0.515
 0.488
 0.503
 0.548
 0.495
 0.476
 0.483
 0.462
 0.549
 0.511
 0.490
 0.538
 0.456
 0.471
 0.529
 0.481
 0.548
 0.499
 0.467
 0.496
 0.522
 0.471
 0.539
 0.505
 0.520
 0.488
 0.508
 0.511
 0.525
 0.565
 0.509
 0.537
 0.493
 0.500
 0.516
 0.463
 0.571
 0.510
 0.515
 0.522
 0.495
 0.501
 0.555
 0.500
 0.472
 0.511
 0.496
 0.513
 0.520
 0.457
 0.500
 0.490
 0.423
 0.486
 0.515
 0.537
 0.497
 0.483
 0.560
 0.465
 0.515
 0.491
 0.521
 0.503
 0.506
 0.517
 0.555
 0.473
 0.466
 0.489
 0.537
 0.442
 0.508
 0.505
 0.522
 0.538
 0.550
 0.485
 0.485
 0.456
 0.482
 0.486
 0.525
 0.510
 0.469
 0.554
 0.483
 0.554
 0.555
 0.478
 0.462
 0.508
 0.498
 0.520
 0.500
 0.482
 0.500
 0.501
 0.515
 0.511
 0.493
 0.483
 0.511
 0.501
 0.432
 0.509
 0.502
 0.519
 0.488
 0.469
 0.502
 0.528
 0.453
 0.489
 0.523
 0.592
 0.486
 0.435
 0.514
 0.514
 0.522
 0.536
 0.546
 0.541
 0.537
 0.493
 0.499
 0.520
 0.447
 0.533
 0.523
 0.571
 0.566
 0.532
 0.524
 0.538
 0.477
 0.449
 0.485
 0.482
 0.517
 0.524
 0.578
 0.536
 0.490
 0.525
 0.481
 0.506
 0.440
 0.574
 0.528
 0.484
 0.497
 0.565
 0.487
 0.503
 0.531
 0.519
 0.522
 0.496
 0.542
 0.517
 0.527
 0.539
 0.532
 0.518
 0.508
 0.510
 0.477
 0.559
 0.548
 0.484
 0.451

