0.3734886507868883 1
0.37884250498844396 1
0.3813549171469306 1
0.38214655192304753 1
0.3833711639022177 1
0.3879539889169783 1
0.3906619232558299 1
0.39271657466871496 1
0.3936992763548492 1
0.3939619841170339 1
0.3955805012229142 1
0.39611597011933664 1
0.39620157102899606 1
0.3962162947291338 1
0.3968693493818804 1
0.3970136468495277 1
0.39780295736790094 1
0.3987769360621414 1
0.399366621854346 1
0.4004472512808027 1
0.40133100137960825 1
0.4018089006348245 1
0.40402629351881186 1
0.4054426791416425 1
0.40571405133819005 1
0.4060855184771771 1
0.4066608523130884 1
0.40687049191165164 1
0.4098698350489458 1
0.4101159899627621 1
0.41104463513243256 1
0.4112539936292358 1
0.41148835138482553 1
0.4118747786304079 1
0.4119573371982939 1
0.41240705293813046 1
0.4125403478010989 1
0.4127968349723972 1
0.4132985877858216 1
0.4134935217592707 1
0.41357026124883633 1
0.41482965883705836 1
0.41486545047801476 1
0.415288752933656 1
0.41543796841760056 1
0.41565270232892687 1
0.41593300412481155 1
0.4160123312943145 1
0.41693311970236413 1
0.4174896090105215 1
0.4179830063435619 1
0.4191758610251096 1
0.4191877958031716 1
0.41949082612266425 1
0.4196398170071148 1
0.4198900639071211 1
0.41991661098618205 1
0.41996896680455315 1
0.4199818201209603 1
0.42089511581527217 1
0.4209658834129971 1
0.42153636363239416 1
0.4216496852368408 1
0.42174989654252854 1
0.42234524970156 1
0.422451288892444 1
0.42302786474231924 1
0.42307384102539364 1
0.4232496491253551 1
0.42337890641183873 1
0.42382689861704087 1
0.42418148752777385 1
0.4244654717797867 1
0.4256519340325623 1
0.426931285231596 1
0.4269826566379069 1
0.42742225989663746 1
0.42762152257431757 1
0.42778206613353814 1
0.4279059878155768 1
0.42827654440750584 1
0.4286716306981848 1
0.42872812794300885 1
0.42886297612115987 1
0.4291895764923751 1
0.4292409145232156 1
0.4293817770822266 1
0.42943083273954197 1
0.42979891054034625 1
0.42997181349829966 1
0.43028792446679176 1
0.4310319712932123 1
0.4318117475439589 1
0.4320149622628562 1
0.43219939675729035 1
0.4322113489384254 1
0.4322801394011493 1
0.43231152491937835 1
0.43265156189924897 1
0.432780017180523 1
0.4332565479067552 1
0.434323727767909 1
0.4343357389211254 1
0.4343963722379733 1
0.43459490954334384 1
0.4348585279788429 1
0.43487166441690744 1
0.43493802166407086 1
0.43535610195352226 1
0.43556857972283725 1
0.4360881088620582 1
0.4367424348390919 1
0.4374369520504694 1
0.4377758852214027 1
0.43806034371995656 1
0.4381891524321995 1
0.43831380673669673 1
0.4386202863901921 1
0.4388128044435412 1
0.4389184518773868 1
0.4393781638203757 1
0.4394007562231203 1
0.4397022757077845 1
0.4402741802556173 1
0.4406667796803049 1
0.44094855233223645 1
0.44142874097780793 1
0.44213635601060713 1
0.44309558982471897 1
0.4433323573107018 1
0.4439224590609273 1
0.44418688369294496 1
0.44440001640993176 1
0.44462526491808335 1
0.4447640057506657 1
0.44495560935747996 1
0.4450164052549016 1
0.4451737889158387 1
0.44529000360512183 1
0.4455608989973214 1
0.44563217110234105 1
0.4468878597055392 1
0.44758479337900015 1
0.4476226799618047 1
0.44823420097053684 1
0.4486659335501655 1
0.4487925529064356 1
0.44907130946147894 1
0.4494015248757935 1
0.4494611649621138 1
0.4496531729275417 1
0.44989511400985555 1
0.4500815040015544 1
0.4506093303288903 1
0.45112384023832175 1
0.451292626434941 1
0.4516644250825411 1
0.45195181751049035 1
0.4527525145093169 1
0.45305573822952544 1
0.4536977133680666 1
0.4537685797921871 1
0.45423174661939575 1
0.45456174142713024 1
0.45504415026544287 1
0.45618248034192554 1
0.4563403658654572 1
0.4568093678469933 1
0.45725202981237933 1
0.457596425575083 1
0.4581522900121903 1
0.46007927102378054 1
0.46208444356527656 1
0.46209541609320537 1
0.462147883986462 1
0.46264696940034805 1
0.4628835486473866 1
0.4636122519582331 1
0.464431786101968 1
0.4660299815128688 1
0.46632284117267886 1
0.46710765217570616 1
0.46742973059919335 1
0.4676363235783818 1
0.469398391129312 1
0.4697255254801236 1
0.47075849144676823 1
0.47138581834516563 1
0.4724281743343293 1
0.4736515966126023 1
0.47501439035545956 1
0.4756445188009109 1
0.47616745700196494 1
0.4782489451799681 1
0.47851328000378907 1
0.48039574141296354 1
0.4817897670401096 1
0.4836253646178901 1
0.48588106132656905 1
0.4913210012942877 1
