
 0.444
 0.429
 0.462
 0.423
 0.424
 0.414
 0.427
 0.419
 0.448
 0.435
 0.438
 0.434
 0.448
 0.420
 0.396
 0.422
 0.400
 0.439
 0.404
 0.413
 0.428
 0.428
 0.427
 0.391
 0.441
 0.393
 0.430
 0.405
 0.411
 0.434
 0.435
 0.456
 0.436
 0.450
 0.416
 0.423
 0.445
 0.458
 0.491
 0.445
 0.382
 0.438
 0.406
 0.462
 0.435
 0.415
 0.397
 0.407
 0.423
 0.433
 0.419
 0.449
 0.399
 0.399
 0.429
 0.466
 0.468
 0.435
 0.441
 0.482
 0.412
 0.474
 0.464
 0.397
 0.383
 0.413
 0.411
 0.415
 0.427
 0.433
 0.398
 0.438
 0.452
 0.394
 0.422
 0.373
 0.442
 0.445
 0.478
 0.422
 0.450
 0.420
 0.451
 0.423
 0.415
 0.471
 0.449
 0.430
 0.463
 0.449
 0.445
 0.440
 0.439
 0.454
 0.407
 0.451
 0.429
 0.457
 0.396
 0.441
 0.467
 0.439
 0.454
 0.479
 0.436
 0.411
 0.440
 0.432
 0.418
 0.429
 0.421
 0.467
 0.445
 0.451
 0.410
 0.472
 0.437
 0.401
 0.439
 0.417
 0.429
 0.413
 0.471
 0.424
 0.432
 0.437
 0.455
 0.438
 0.412
 0.417
 0.420
 0.429
 0.480
 0.444
 0.412
 0.457
 0.421
 0.415
 0.426
 0.422
 0.469
 0.416
 0.447
 0.484
 0.413
 0.434
 0.449
 0.432
 0.396
 0.439
 0.456
 0.454
 0.466
 0.455
 0.444
 0.406
 0.453
 0.475
 0.448
 0.460
 0.458
 0.435
 0.443
 0.410
 0.445
 0.432
 0.449
 0.486
 0.462
 0.464
 0.446
 0.420
 0.450
 0.419
 0.381
 0.394
 0.416
 0.432
 0.388
 0.443
 0.446
 0.428
 0.429
 0.379
 0.428
 0.402
 0.420
 0.452
 0.430
 0.470
 0.431
 0.432
 0.476
 0.433
 0.453
 0.424
 0.476
 0.463
 0.422
 0.396

