0.3727360073807302 1
0.3757923847572326 1
0.37829830424884053 1
0.3795279828630111 1
0.3796060793142432 1
0.38063609781692137 1
0.3815720178775922 1
0.38195625748328255 1
0.38640620166967743 1
0.3905684709022462 1
0.3916049685488055 1
0.39265065364888974 1
0.39373286587924783 1
0.39386558820536194 1
0.3959858814081947 1
0.3987853709562515 1
0.4013670034277586 1
0.40156010073616066 1
0.4028692820316836 1
0.4033223997468589 1
0.40374347993151893 1
0.4050229603692654 1
0.4050475706087135 1
0.4056369173840496 1
0.407574029948103 1
0.4077762360331785 1
0.4085852018217013 1
0.4086331700658963 1
0.40866538028425203 1
0.40887272573915484 1
0.40899322687392115 1
0.40905582497678056 1
0.4096833450078015 1
0.4104997224051398 1
0.41117180276298604 1
0.41140029411992685 1
0.41152331432344985 1
0.41328882454276994 1
0.41335535062359713 1
0.414185480389691 1
0.4146483018046302 1
0.41603007633917244 1
0.41660407966627166 1
0.41737155068627374 1
0.4173716118626224 1
0.4174154403206455 1
0.417464443364009 1
0.4175886335921444 1
0.41843798049069486 1
0.41935797197905644 1
0.41947146581835754 1
0.4196964455245153 1
0.4198160289266888 1
0.4203200710340969 1
0.42041847019253287 1
0.4204589683989606 1
0.4204998529035443 1
0.42115510762702 1
0.42133711078232083 1
0.4216408979114432 1
0.4227358722297103 1
0.4228411893262025 1
0.42307631928501854 1
0.4231106164030555 1
0.42339359651139774 1
0.4245863923601106 1
0.4246784671694618 1
0.4247591616587259 1
0.4248906628386107 1
0.4254882171897312 1
0.42567969239586634 1
0.425853027497522 1
0.4264026420149354 1
0.4268143080868274 1
0.42726136981243185 1
0.42763117615708296 1
0.4276970437219591 1
0.4278802856783103 1
0.4286417731000365 1
0.4288426594031496 1
0.4298175173361822 1
0.4299375304125975 1
0.4300009348795978 1
0.43022035457472524 1
0.43048793289146 1
0.4307655608947535 1
0.43093790330443893 1
0.43138425997531393 1
0.43193449316323523 1
0.43194629173867205 1
0.4319571505965766 1
0.4321154176258711 1
0.4321740658842227 1
0.43229891819396193 1
0.43353473753247757 1
0.4335613947471695 1
0.4338422960731007 1
0.434207555655972 1
0.4344923097121321 1
0.4348655931469523 1
0.43497595012061036 1
0.435114626552573 1
0.4353952337767585 1
0.43571575290983533 1
0.43600665517637865 1
0.43623702424289784 1
0.43633140323188585 1
0.436492191251982 1
0.4381325019159922 1
0.43875404161638387 1
0.4389119610603698 1
0.439218893688264 1
0.4392539805639269 1
0.43928958866578066 1
0.43953537459008174 1
0.43999061303756265 1
0.4401006104572899 1
0.4402144314112757 1
0.44022789777521737 1
0.4404573328147846 1
0.4409515802317211 1
0.4409730940726045 1
0.4415972035778812 1
0.44213459657879395 1
0.4422578117207651 1
0.44239457809172805 1
0.44281452331285626 1
0.44286200826204064 1
0.443713891532229 1
0.4438524509428718 1
0.44388733911588957 1
0.44459271984752197 1
0.4455948267159139 1
0.4457565836309562 1
0.44638731206105964 1
0.44699938578150195 1
0.4470291322551974 1
0.44720730776357626 1
0.4472561563507164 1
0.4483427484363075 1
0.448355304455552 1
0.44849635234432106 1
0.4485581920785534 1
0.44922563631232537 1
0.4497150987203128 1
0.4501228019073053 1
0.45243089631580496 1
0.45258999108856207 1
0.4527584722600993 1
0.4528094718870717 1
0.45319096807125214 1
0.4541788087331822 1
0.454441058092019 1
0.4548264785897161 1
0.4557407184072022 1
0.45589754935935134 1
0.456183797273839 1
0.45635908825868077 1
0.45677026030259155 1
0.4574065088613932 1
0.4578299757193694 1
0.4588596276211237 1
0.45889097276637003 1
0.46151708080595943 1
0.46202992853671143 1
0.46235463915190905 1
0.46304336481504893 1
0.4634118834104388 1
0.46385690284278847 1
0.4642866174913808 1
0.46482877718717014 1
0.4649109644707344 1
0.46497737718580207 1
0.4659804340181442 1
0.4666177762990475 1
0.466715804136448 1
0.46686231976778125 1
0.466902849217691 1
0.46727606372693087 1
0.46746213905358597 1
0.46795922663781814 1
0.4682848846824099 1
0.46879898454321406 1
0.46880593387146463 1
0.4701131549316371 1
0.47016532020341073 1
0.47189475116520313 1
0.4737192955557237 1
0.4751122078263424 1
0.4783005842887591 1
0.48019728169246956 1
0.4813439208959285 1
0.4845613663656738 1
0.48472272881408307 1
0.4869819658733006 1
0.4869911917341628 1
0.49145179861967164 1
0.49370604518060013 1
0.4958393507040197 1
0.4966435972547245 1
