
 0.419
 0.430
 0.442
 0.431
 0.413
 0.450
 0.467
 0.457
 0.436
 0.417
 0.439
 0.434
 0.462
 0.436
 0.420
 0.380
 0.448
 0.373
 0.447
 0.436
 0.449
 0.441
 0.444
 0.402
 0.497
 0.428
 0.376
 0.422
 0.420
 0.491
 0.435
 0.413
 0.423
 0.440
 0.449
 0.446
 0.386
 0.431
 0.394
 0.462
 0.455
 0.429
 0.426
 0.468
 0.435
 0.464
 0.392
 0.456
 0.420
 0.428
 0.425
 0.441
 0.447
 0.430
 0.446
 0.487
 0.393
 0.445
 0.475
 0.448
 0.382
 0.421
 0.421
 0.432
 0.417
 0.457
 0.494
 0.474
 0.405
 0.462
 0.423
 0.394
 0.432
 0.396
 0.414
 0.381
 0.434
 0.427
 0.399
 0.467
 0.423
 0.419
 0.403
 0.459
 0.440
 0.447
 0.410
 0.418
 0.432
 0.447
 0.465
 0.442
 0.420
 0.380
 0.454
 0.415
 0.409
 0.425
 0.391
 0.412
 0.430
 0.456
 0.430
 0.423
 0.456
 0.480
 0.446
 0.466
 0.436
 0.382
 0.485
 0.442
 0.468
 0.436
 0.403
 0.469
 0.427
 0.467
 0.401
 0.450
 0.409
 0.432
 0.440
 0.432
 0.408
 0.469
 0.417
 0.417
 0.467
 0.440
 0.409
 0.470
 0.465
 0.434
 0.416
 0.411
 0.420
 0.425
 0.453
 0.426
 0.481
 0.452
 0.453
 0.485
 0.435
 0.443
 0.439
 0.467
 0.463
 0.409
 0.425
 0.425
 0.430
 0.496
 0.404
 0.426
 0.444
 0.467
 0.442
 0.443
 0.410
 0.408
 0.409
 0.463
 0.405
 0.453
 0.406
 0.411
 0.456
 0.439
 0.454
 0.487
 0.472
 0.428
 0.464
 0.438
 0.440
 0.459
 0.444
 0.435
 0.470
 0.429
 0.431
 0.434
 0.432
 0.448
 0.465
 0.418
 0.420
 0.439
 0.453
 0.440
 0.434
 0.409
 0.458
 0.417
 0.439
 0.478
 0.378
 0.423

