0 41
0 44
0 40
0 56
0 35
0 51
0 48
0 53
0 38
0 47
0 28
0 41
0 40
0 32
0 32
0 31
0 42
0 40
0 37
0 58
0 32
0 53
0 54
0 36
0 40
0 32
0 37
0 56
0 42
0 41
0 33
0 42
0 49
0 46
0 39
0 40
0 38
0 47
0 32
0 34
0 47
0 46
0 52
0 31
0 32
0 36
0 44
0 40
0 31
0 45
0 29
0 39
0 44
0 25
0 39
0 41
0 41
0 33
0 47
0 43
0 44
0 50
0 37
0 39
0 46
0 40
0 53
0 43
0 38
0 42
0 39
0 42
0 49
0 42
0 37
0 43
0 37
0 44
0 38
0 44
0 46
0 38
0 40
0 40
0 44
0 48
0 41
0 47
0 43
0 45
0 38
0 36
0 36
0 43
0 44
0 48
0 54
0 38
0 45
0 49
0 27
0 56
0 34
0 52
0 40
0 39
0 42
0 42
0 40
0 44
0 38
0 52
0 49
0 37
0 41
0 43
0 37
0 36
0 45
0 41
0 40
0 33
0 56
0 33
0 36
0 36
0 44
0 39
0 43
0 42
0 42
0 34
0 44
0 48
0 40
0 45
0 40
0 48
0 43
0 33
0 53
0 40
0 52
0 41
0 64
0 48
0 45
0 32
0 43
0 42
0 43
0 39
0 48
0 31
0 50
0 40
0 48
0 43
0 42
0 39
0 42
0 41
0 40
0 40
0 54
0 45
0 41
0 54
0 42
0 50
0 50
0 46
0 45
0 47
0 37
0 47
0 36
0 31
0 44
0 45
0 42
0 43
0 44
0 43
0 43
0 48
0 44
0 48
0 36
0 47
0 42
0 38
0 49
0 37
0 48
0 32
0 36
0 34
0 50
0 42
