0.2673442264235502 1
0.2874717641840944 1
0.2934079131779006 1
0.29992779934949176 1
0.30072141015217085 1
0.3022477860203504 1
0.3036256297076701 1
0.3059228040721984 1
0.30934546843838573 1
0.31132392020895233 1
0.3134804111943133 1
0.3160772717571089 1
0.31618499142177753 1
0.31689915935576446 1
0.3171754796101344 1
0.3173842991926171 1
0.31780030671445375 1
0.31783484367184234 1
0.317931156451167 1
0.31854380695118645 1
0.32039150920500675 1
0.32050141221648565 1
0.32165153975020067 1
0.3217889842757882 1
0.322738995570246 1
0.3236937346081242 1
0.32383694405779617 1
0.32482586046762074 1
0.32548818644209265 1
0.32763273669500603 1
0.32811469560899026 1
0.32823419785542823 1
0.3282723082938588 1
0.3285781769323638 1
0.3288534431443218 1
0.33045957964690786 1
0.33060278909657986 1
0.3326818638737383 1
0.332919914074642 1
0.3329370792521958 1
0.334053606545154 1
0.33477266283242707 1
0.3358770479581736 1
0.3363963057719038 1
0.3367342436975317 1
0.336969290916708 1
0.3372647487815699 1
0.3379593615889116 1
0.33805609188438973 1
0.3381269316298237 1
0.3381769842650592 1
0.3387973838163316 1
0.3389031362155796 1
0.33900649720137827 1
0.3391018388269826 1
0.3401583561286614 1
0.34052286295031986 1
0.340575936893388 1
0.3408045474743686 1
0.34091486946635896 1
0.34117539118378404 1
0.34148874950806696 1
0.3418577257025007 1
0.3420982190852177 1
0.34225062711544324 1
0.3429758606754374 1
0.34306541905085153 1
0.3431378070811952 1
0.3433324593003345 1
0.34341949160524426 1
0.34351044011489 1
0.3437058286107266 1
0.34380051021645025 1
0.3445494509796783 1
0.344804430486283 1
0.3460382517208885 1
0.34827917268383785 1
0.3489255236445812 1
0.349214639454169 1
0.34934407556302816 1
0.34952597258232 1
0.3497474875000533 1
0.34975124408975355 1
0.3497728023832659 1
0.3498629562159754 1
0.3505063452639546 1
0.3508977152537354 1
0.35107388841790593 1
0.3513015043515436 1
0.35179407547393543 1
0.3522171801233768 1
0.3527914776812386 1
0.3531833245822416 1
0.3533498999758107 1
0.35358095473343454 1
0.3540673250894828 1
0.35415125982974316 1
0.35467492908553744 1
0.35485110224970784 1
0.35486348028877224 1
0.3558172481729302 1
0.3563305645857922 1
0.35636565371639006 1
0.35702241545077656 1
0.3573944713532818 1
0.35767454819735206 1
0.3579763414856128 1
0.3580019157343006 1
0.3597055955354071 1
0.3597688443802661 1
0.3598412918056785 1
0.3598845306419349 1
0.3607034746539322 1
0.36092248746431127 1
0.3610366254410705 1
0.3610477729609395 1
0.3611098081483508 1
0.36197304503901606 1
0.3622503364471066 1
0.36225914100512924 1
0.3624643856422123 1
0.36294699940856057 1
0.3635398574457243 1
0.36366116734254744 1
0.363918114114573 1
0.36405180205046056 1
0.36405456399281805 1
0.3642285523458206 1
0.3647460208352713 1
0.3659660922226868 1
0.36626454643740053 1
0.36665297800804 1
0.36687077862532935 1
0.3671592989776222 1
0.36720398734317894 1
0.3672129500518797 1
0.3679614732989544 1
0.36803783546474533 1
0.36930406677628264 1
0.3695973163363536 1
0.3705736371613667 1
0.3713395072302959 1
0.3713999127084639 1
0.37214241683349575 1
0.3721939410272966 1
0.372401965932843 1
0.37296819667373704 1
0.37329435201759575 1
0.3736782907218375 1
0.37410783054511726 1
0.3743418882844679 1
0.3744952674684139 1
0.3745709178459596 1
0.37458784715166066 1
0.37482402513959356 1
0.3751210312893651 1
0.37537766029567654 1
0.3756496468291569 1
0.37705395819771004 1
0.3774364483674813 1
0.37758843741719583 1
0.3779202163962083 1
0.377938199744321 1
0.37841692126908333 1
0.3786316238521954 1
0.3786649053324082 1
0.37943613967101625 1
0.3797609048806432 1
0.3802971697212489 1
0.3813275591366729 1
0.38186001316002643 1
0.38198865459194936 1
0.38245570939636464 1
0.38440932366446856 1
0.38442031156930156 1
0.38732117372514835 1
0.3876668607020294 1
0.389265030607615 1
0.3894389954669951 1
0.3906289648327086 1
0.39227100863645165 1
0.39309891535714975 1
0.3941851391936418 1
0.3943389952888098 1
0.39503778366636316 1
0.39594107993477445 1
0.39594628605377474 1
0.39645578648186763 1
0.3964757370954015 1
0.39719395688601006 1
0.40252560508545576 1
0.4044118184321119 1
0.40449737917845646 1
0.4067135623893826 1
0.4085251794009047 1
0.4169294118736983 1
0.41782040782421953 1
0.4190917623660664 1
0.42048598172152024 1
0.42291847519553694 1
