
 0.331
 0.341
 0.362
 0.345
 0.350
 0.301
 0.339
 0.362
 0.376
 0.343
 0.356
 0.350
 0.338
 0.354
 0.368
 0.349
 0.403
 0.371
 0.324
 0.328
 0.349
 0.341
 0.350
 0.356
 0.360
 0.384
 0.396
 0.342
 0.343
 0.360
 0.328
 0.409
 0.338
 0.375
 0.395
 0.366
 0.317
 0.368
 0.302
 0.381
 0.380
 0.330
 0.378
 0.378
 0.338
 0.339
 0.352
 0.318
 0.360
 0.317
 0.372
 0.353
 0.375
 0.306
 0.351
 0.417
 0.361
 0.371
 0.352
 0.373
 0.335
 0.319
 0.333
 0.423
 0.328
 0.348
 0.358
 0.387
 0.322
 0.364
 0.343
 0.367
 0.419
 0.404
 0.375
 0.372
 0.316
 0.364
 0.343
 0.361
 0.370
 0.342
 0.311
 0.329
 0.325
 0.371
 0.267
 0.328
 0.318
 0.362
 0.389
 0.313
 0.344
 0.339
 0.343
 0.379
 0.337
 0.300
 0.354
 0.407
 0.317
 0.356
 0.396
 0.323
 0.378
 0.382
 0.360
 0.293
 0.287
 0.364
 0.420
 0.344
 0.341
 0.321
 0.384
 0.367
 0.341
 0.404
 0.361
 0.375
 0.355
 0.355
 0.391
 0.304
 0.324
 0.353
 0.367
 0.309
 0.369
 0.380
 0.367
 0.397
 0.339
 0.377
 0.364
 0.374
 0.350
 0.336
 0.350
 0.329
 0.378
 0.336
 0.344
 0.316
 0.373
 0.334
 0.363
 0.325
 0.355
 0.322
 0.357
 0.375
 0.361
 0.374
 0.361
 0.382
 0.340
 0.394
 0.351
 0.351
 0.345
 0.389
 0.364
 0.341
 0.364
 0.388
 0.418
 0.358
 0.349
 0.346
 0.342
 0.374
 0.338
 0.341
 0.396
 0.337
 0.333
 0.379
 0.366
 0.372
 0.392
 0.394
 0.351
 0.358
 0.333
 0.318
 0.396
 0.362
 0.320
 0.354
 0.365
 0.382
 0.337
 0.374
 0.393
 0.357
 0.353
 0.367
 0.377
 0.379

