0.4875900452804867 1
0.4896228211761214 1
0.49171508005179443 1
0.4938494199021235 1
0.496020279471205 1
0.4971976605423344 1
0.49789935999778223 1
0.5000671687742426 1
0.5011896598007443 1
0.5021873572834139 1
0.5023268885013723 1
0.5056421043890308 1
0.5067420704682327 1
0.5081237113920724 1
0.5097692928094356 1
0.512917131973987 1
0.612266983940846 1
0.6290144587185305 1
0.6681000516637946 1
0.6689492036944716 1
0.6703289198130689 1
0.6706409173585453 1
0.6725590896532094 1
0.6733037791279127 1
0.6738470388226179 1
0.674037842061022 1
0.6745845414686168 1
0.6750352810703781 1
0.6762569929240085 1
0.676287608650373 1
0.6772263703652461 1
0.6781832729926509 1
0.6782611117134718 1
0.6793485903044237 1
0.6804485044562477 1
0.6807608628001224 1
0.6807931941600514 1
0.6809613151538588 1
0.6811084980692851 1
0.6814984092211571 1
0.6820095262413385 1
0.6820236075859945 1
0.6820407441001649 1
0.6821269158242834 1
0.6824002555169265 1
0.682857825042086 1
0.6829753796733316 1
0.6833747249326801 1
0.6842577262848172 1
0.6843335388205162 1
0.684572096272716 1
0.6846218976777999 1
0.6846742810969989 1
0.6849622675280091 1
0.6849725247560012 1
0.6857552201861185 1
0.6859553459136699 1
0.6860069019927126 1
0.6861266253752171 1
0.6864610034684493 1
0.6867457393544598 1
0.6869023195322594 1
0.6873210650909468 1
0.6874438297938782 1
0.6874834002477117 1
0.6875216511630742 1
0.6885552697709537 1
0.6885729565947981 1
0.690305782394908 1
0.6905315448724623 1
0.6906653182776566 1
0.6908069544669091 1
0.6909271207440938 1
0.6912910079212683 1
0.6913778415880985 1
0.6916713193257417 1
0.6918294588560301 1
0.6925860827833347 1
0.6926370862507896 1
0.6926560109325091 1
0.6927611653618608 1
0.6932411510367532 1
0.6933118325520407 1
0.6933634300485596 1
0.6942105441963766 1
0.6947823673417746 1
0.6952333230575837 1
0.6959207845253483 1
0.6961016691891042 1
0.6973866123839262 1
0.6987640646014713 1
0.699306545710271 1
0.69972019388474 1
0.7000468234484053 1
0.7004668990420782 1
0.7004848410288278 1
0.7005181398607253 1
0.7007148808120719 1
0.7015901372255418 1
0.7025806918944053 1
