
 0.49790
 0.61227
 0.62901
 0.66810
 0.67385
 0.67818
 0.67626
 0.68433
 0.67064
 0.67629
 0.67256
 0.67404
 0.67033
 0.68079
 0.67504
 0.68732
 0.67458
 0.68076
 0.66895
 0.68462
 0.68576
 0.68748
 0.67330
 0.67826
 0.69053
 0.68298
 0.68744
 0.69264
 0.68596
 0.69183
 0.68286
 0.69093
 0.68201
 0.69167
 0.69331
 0.68497
 0.69478
 0.68150
 0.70048
 0.69610
 0.69259
 0.68045
 0.68213
 0.69421
 0.69266
 0.68601
 0.68457
 0.69276
 0.68675
 0.68202
 0.50119
 0.50674
 0.50812
 0.49172
 0.48962
 0.50007
 0.50564
 0.51292
 0.49602
 0.50977
 0.48759
 0.49385
 0.50233
 0.50219
 0.49720
 0.69129
 0.68690
 0.68096
 0.68240
 0.68857
 0.69081
 0.70005
 0.68856
 0.67723
 0.68111
 0.69324
 0.69739
 0.68613
 0.70052
 0.70047
 0.69931
 0.69067
 0.68467
 0.69592
 0.68426
 0.68496
 0.69523
 0.68752
 0.69031
 0.69972
 0.70071
 0.70159
 0.69138
 0.70258
 0.67935
 0.68337
 0.68646
 0.69876
 0.68204
 0.69336

