
 0.438
 0.589
 0.610
 0.613
 0.619
 0.619
 0.619
 0.619
 0.619
 0.619
 0.619
 0.619
 0.619
 0.619
 0.619
 0.619
 0.619
 0.619
 0.619
 0.619
 0.619
 0.619
 0.619
 0.619
 0.619
 0.619
 0.619
 0.619
 0.619
 0.619
 0.619
 0.619
 0.619
 0.619
 0.619
 0.619
 0.619
 0.619
 0.619
 0.619
 0.619
 0.619
 0.619
 0.619
 0.619
 0.619
 0.619
 0.619
 0.619
 0.619
 0.619
 0.619
 0.619
 0.619
 0.619
 0.619
 0.619
 0.619
 0.619
 0.619
 0.619
 0.619
 0.619
 0.619
 0.619
 0.619
 0.619
 0.619
 0.619
 0.619
 0.619
 0.619
 0.619
 0.619
 0.619
 0.619
 0.619
 0.619
 0.619
 0.619
 0.619
 0.619
 0.619
 0.619
 0.619
 0.619
 0.619
 0.619
 0.619
 0.619
 0.619
 0.619
 0.619
 0.619
 0.619
 0.619
 0.619
 0.619
 0.619
 0.619
 0.619
 0.619
 0.619
 0.619
 0.619
 0.619
 0.619
 0.619
 0.619
 0.619
 0.619
 0.619
 0.619
 0.619
 0.619
 0.619
 0.619
 0.619
 0.619
 0.619
 0.619
 0.619
 0.619
 0.619
 0.619
 0.619
 0.619
 0.619
 0.619
 0.619
 0.619
 0.619
 0.619
 0.619
 0.619
 0.619
 0.619
 0.619
 0.619
 0.619
 0.619
 0.619
 0.619
 0.619
 0.619
 0.619
 0.619
 0.619
 0.619
 0.619
 0.619
 0.619
 0.619
 0.619
 0.619
 0.619
 0.619
 0.619
 0.619
 0.619
 0.619
 0.619
 0.619
 0.619
 0.619
 0.619
 0.619
 0.619
 0.619
 0.619
 0.619
 0.619
 0.619
 0.619
 0.619
 0.619
 0.619
 0.619
 0.619
 0.619
 0.619
 0.619
 0.619
 0.619
 0.619
 0.619
 0.619
 0.619
 0.619
 0.619
 0.619
 0.619
 0.619
 0.619
 0.619
 0.619
 0.619
 0.619
 0.619
 0.619

