
 0.000
 0.000
 0.000
 0.010
 0.000
 0.000
 0.000
 0.000
 0.000
 0.010
 0.000
 0.000
 0.000
 0.010
 0.000
 0.010
 0.000
 0.010
 0.000
 0.000
 0.000
 0.010
 0.000
 0.000
 0.010
 0.000
 0.000
 1.920
 0.000
 2.000
 0.040
 0.010
 1.980
 0.000
 0.000
 0.040
 0.000
 0.000
 0.000
 0.000
 0.000
 0.000
 0.000
 0.000
 0.000
 0.000
 0.000
 0.010
 0.000
 1.920
 0.000
 0.000
 0.010
 0.000
 0.010
 0.000
 0.000
 0.010
 0.000
 0.000
 0.000
 0.000
 0.010
 2.000
 0.010
 0.000
 1.960
 0.000
 0.000
 0.000
 0.000
 0.000
 0.010
 0.000
 0.000
 0.010
 0.000
 0.000
 0.000
 0.000
 0.000
 0.020
 0.000
 0.000
 0.020
 0.010
 5.840
 0.010
 0.000
 0.020
 0.000
 0.000
 0.000
 0.000
 0.000
 0.000
 1.920
 0.000
 0.010
 0.000
 0.000
 0.010
 0.000
 0.000
 0.000
 0.000
 0.000
 0.010
 0.000
 0.000
 0.000
 0.000
 1.930
 0.010
 0.000
 1.920
 0.000
 0.000
 0.000
 0.020
 0.030
 0.000
 0.000
 0.010
 0.000
 0.020
 0.000
 0.000
 1.940
 0.000
 0.000
 0.000
 0.000
 0.000
 0.010
 0.010
 0.000
 0.000
 0.000
 0.000
 0.000
 0.000
 0.000
 0.010
 0.000
 0.000
 0.010
 0.000
 0.010
 0.000
 0.010
 0.040
 0.000
 1.920
 0.020
 0.040
 0.010
 0.000
 0.000
 0.050
 0.000
 0.010
 0.080
 0.010
 0.000
 0.000
 0.000
 0.010
 0.010
 0.040
 0.000
 1.910
 0.000
 0.000
 0.010
 0.000
 0.000
 0.000
 0.000
 0.000
 1.920
 0.000
 0.000
 0.000
 2.000
 0.010
 0.000
 0.010
 3.840
 0.000
 0.020
 0.000
 0.020
 0.010
 0.010
 0.000
 0.040
 0.000
 1.920
 0.000
 0.000
 0.010
 0.000
 0.000
 0.010
 0.000
 0.010
 0.000
 0.000
 0.000
 0.000
 0.000
 0.010
 0.000
 0.000
 0.010
 0.000
 0.000
 0.000
 0.000
 0.000
 0.000
 0.000
 1.970
 0.010
 0.050
 0.010
 0.010
 0.040
 0.000
 0.000
 0.000
 0.020
 0.010
 0.000
 1.920
 0.000
 0.000
 0.010
 0.000
 0.010
 0.000
 0.000
 0.010
 0.000
 0.010
 0.000
 0.000
 0.000
 0.000
 0.020
 0.000
 0.010
 0.000
 0.000
 0.000
 0.010
 1.920
 0.000
 0.000
 0.010
 0.020
 0.000
 0.010
 0.020
 0.010
 0.000
 0.020
 0.010
 0.000
 0.000
 0.000
 0.010
 0.010
 0.040
 0.000
 0.000
 0.010
 0.000
 0.000
 0.010
 0.000
 0.000
 0.000
 0.040
 1.930
 0.000
 0.000
 2.000
 0.000
 0.000
 0.000
 0.000
 0.000
 0.000
 0.000
 0.010
 0.000
 0.040
 0.000
 1.920
 0.000
 0.010
 0.000
 0.000
 0.000
 0.010
 0.000
 0.000
 0.000
 0.000
 0.000
 1.970
 1.980
 0.010
 0.000
 0.010
 0.010
 0.010
 1.950
 0.000
 0.000
 0.000
 0.010
 0.010
 0.000
 0.020
 0.010
 0.000
 0.000
 0.040
 0.000
 0.000
 0.010
 0.010
 0.000
 0.000
 0.010
 0.010
 0.000
 0.000
 0.010
 0.000
 1.930
 0.010
 0.010
 0.000
 0.000
 0.000
 0.000
 1.920
 0.020
 1.930
 0.000
 0.010
 1.920
 0.000
 0.000
 0.010
 0.020
 0.000
 0.010
 0.000
 0.040
 0.000
 0.010
 0.000
 0.000
 0.000
 0.000
 0.000
 0.000
 0.000
 0.000
 0.040
 0.000
 0.000
 0.010
 0.000
 1.920
 0.010
 0.000
 1.960
 0.000
 0.000
 0.010
 0.000
 0.020
 0.010
 0.010
 0.010
 0.000
 0.000
 0.000
 0.010
 0.000
 0.000
 0.000
 0.000
 1.970
 0.000
 0.000
 1.930
 0.000
 0.010
 0.000
 0.000
 0.040
 0.000
 1.930
 0.010
 0.010
 0.000
 0.010
 0.000
 0.000
 0.010
 0.010
 0.000
 0.000
 0.010
 0.000
 1.920
 0.000
 7.950
 0.000
 0.010
 0.010
 0.000
 0.000
 0.010
 0.000
 0.000
 0.000
 0.000
 0.010
 0.010
 0.040
 0.000
 0.000
 0.010
 0.000
 0.010
 0.000
 0.000
 0.010
 0.010
 0.000
 0.000
 1.920
 0.000
 1.920
 0.000
 0.000
 0.000
 0.020
 0.000
 0.000
 0.000
 0.000
 0.000
 0.010
 0.010
 0.000
 0.000
 0.000
 0.000
 0.000
 0.000
 0.000
 0.010
 0.000
 3.920
 0.000
 0.000
 0.000
 0.030
 0.010
 0.010
 0.020
 0.000
 0.130
 0.010
 0.010
 0.000
 0.030
 0.040
 0.000
 0.010
 0.000
 1.920
 0.000
 0.010
 0.000
 0.000
 0.000
 0.040
 1.920
 0.000
 0.000
 0.000
 0.000
 0.000
 0.000
 0.010
 0.000
 0.010
 0.000
 0.020
 0.000
 0.000
 0.010
 1.970
 0.000
 0.040
 0.000
 0.000
 1.920
 0.000
 0.010
 0.000
 0.000
 0.000
 0.020
 0.010
 0.010
 0.000
 0.000
 0.000
 1.990
 0.000
 0.010
 0.000
 0.000
 0.000
 0.000
 0.000
 0.000
 0.010
 0.000
 3.960
 0.040
 0.010
 0.010
 0.000
 0.000
 0.000
 0.000
 0.020
 0.010
 0.000
 0.000
 0.010
 0.000
 0.000
 1.970
 0.000
 0.000
 0.000
 0.000
 0.000
 0.000
 0.010
 0.000
 0.000
 0.000
 0.000
 0.000
 0.010
 0.010
 0.010
 0.000
 0.000
 0.050
 0.000
 0.010
 0.000
 0.000
 0.010
 0.020
 0.000
 0.040
 0.010
 0.000
 0.000
 0.000
 0.000
 0.000
 0.000
 0.000
 0.000
 0.000
 0.010
 0.020
 0.000
 0.000
 0.010
 0.010
 0.000
 0.020
 0.010
 1.970
 0.010
 0.000
 3.850
 1.970
 1.930
 0.000
 0.000
 0.000
 0.000
 0.000
 0.000
 0.010
 0.000
 0.000
 0.050
 0.000
 0.000
 0.000
 1.920
 0.000
 1.920
 0.000
 0.000
 1.980
 0.000
 1.920
 0.010
 0.020
 0.000
 0.010
 0.010
 0.000
 0.000
 0.010
 0.000
 0.010
 0.020
 0.000
 0.000
 0.050
 0.030
 1.920
 0.040
 0.000
 0.000
 0.000
 0.000
 0.010
 0.000
 0.000
 0.000
 0.000
 0.010
 0.010
 0.000
 0.000
 0.000
 1.960
 1.990
 0.010
 0.000
 0.000
 0.000
 0.010
 0.020
 3.950
 0.000
 0.000
 0.000
 0.000
 0.000
 0.000
 0.010
 0.000
 0.000
 0.010
 0.000
 0.000
 0.000
 0.000
 0.000
 0.000
 0.000
 0.000
 0.010
 0.000
 0.020
 0.000
 0.010
 0.000
 0.000
 0.010
 0.050
 0.010
 0.000
 0.010
 0.000
 0.000
 0.050
 0.010
 0.000
 5.980
 0.000
 0.000
 0.010
 0.010
 0.010
 0.000
 0.010
 0.080
 0.000
 0.000
 0.000
 0.000
 0.000
 0.000
 3.910
 0.040
 0.000
 0.010
 0.000
 0.010
 0.000
 0.010
 0.000
 0.020
 0.000
 0.010
 0.000
 0.010
 0.010
 0.000
 0.010
 0.000
 0.000
 0.000
 0.010
 1.990
 0.000
 1.990
 0.000
 0.000
 1.920
 0.000
 0.000
 0.000
 0.000
 1.920
 0.010
 0.000
 0.000
 0.040
 0.000
 0.010
 0.000
 0.030
 0.000
 3.960
 0.000
 0.040
 5.900
 0.000
 0.010
 0.010
 0.050
 0.020
 0.000
 1.920
 0.010
 0.000
 0.020
 0.010
 0.000
 0.000
 0.010
 0.030
 1.980
 0.010
 0.040
 1.970
 0.000
 0.020
 0.000
 0.000
 0.010
 0.000
 0.000
 0.010
 1.930
 0.000
 0.000
 0.000
 1.990
 1.970
 0.000
 0.020
 0.000
 0.000
 1.920
 0.000
 0.000
 0.020
 1.910
 0.000
 0.000
 0.000
 0.000
 0.000
 0.010
 0.010
 0.010
 0.010
 0.000
 2.000
 0.000
 0.010
 0.000
 0.000
 3.920
 0.000
 0.010
 0.010
 0.040
 0.000
 0.000
 0.000
 0.000
 0.010
 0.000
 0.000
 0.010
 0.000
 0.050
 0.000
 0.040
 0.000
 0.000
 0.000
 0.000
 0.000
 0.000
 0.000
 0.000
 0.000
 1.980
 0.000
 0.010
 0.000
 0.000
 0.010
 0.010
 0.000
 0.010
 1.920
 0.000
 0.010
 0.000
 0.000
 0.000
 0.000
 0.000
 0.000
 0.010
 0.010
 0.020
 0.010
 0.050
 0.010
 0.000
 0.000
 0.000
 0.000
 0.000
 0.000
 0.000
 0.000
 0.000
 0.000
 0.000
 0.010
 0.000
 1.930
 0.000
 1.930
 0.020
 0.040
 0.010
 0.000
 0.000
 0.000
 3.950
 0.000
 0.000
 0.000
 0.010
 0.000
 0.000
 0.000

