
 0.480
 0.522
 0.600
 0.668
 0.702
 0.705
 0.703
 0.709
 0.752
 0.760
 0.769
 0.769
 0.769
 0.769
 0.769
 0.769
 0.769
 0.769
 0.769
 0.769
 0.769
 0.769
 0.769
 0.769
 0.769
 0.769
 0.769
 0.769
 0.769
 0.769
 0.769
 0.769
 0.769
 0.769
 0.769
 0.769
 0.769
 0.769
 0.769
 0.769
 0.769
 0.769
 0.769
 0.769
 0.769
 0.769
 0.769
 0.769
 0.769
 0.769
 0.769
 0.769
 0.769
 0.769
 0.769
 0.769
 0.769
 0.769
 0.769
 0.769
 0.769
 0.769
 0.769
 0.769
 0.769
 0.769
 0.769
 0.769
 0.769
 0.769
 0.769
 0.769
 0.769
 0.769
 0.769
 0.769
 0.769
 0.769
 0.769
 0.769
 0.769
 0.769
 0.769
 0.769
 0.769
 0.769
 0.769
 0.769
 0.769
 0.769
 0.769
 0.769
 0.769
 0.769
 0.769
 0.769
 0.769
 0.769
 0.769
 0.769
 0.769
 0.769
 0.769
 0.769
 0.769
 0.769
 0.769
 0.769
 0.769
 0.769
 0.769
 0.769
 0.769
 0.769
 0.769
 0.769
 0.769
 0.769
 0.769
 0.769
 0.769
 0.769
 0.769
 0.769
 0.769
 0.769
 0.769
 0.769
 0.769
 0.769
 0.769
 0.769
 0.769
 0.769
 0.769
 0.769
 0.769
 0.769
 0.769
 0.769
 0.769
 0.769
 0.769
 0.769
 0.769
 0.769
 0.769
 0.769
 0.769
 0.769
 0.769
 0.769
 0.769
 0.769
 0.769
 0.769
 0.769
 0.769
 0.769
 0.769
 0.769
 0.769
 0.769
 0.769
 0.769
 0.769
 0.769
 0.769
 0.769
 0.769
 0.769
 0.769
 0.769
 0.769
 0.769
 0.769
 0.769
 0.769
 0.769
 0.769
 0.769
 0.769
 0.769
 0.769
 0.769
 0.769
 0.769
 0.769
 0.769
 0.769
 0.769
 0.769
 0.769
 0.769
 0.769
 0.769
 0.769
 0.769
 0.769
 0.769

