0.3979186370636706 1
0.39885071162202435 1
0.4070363745056703 1
0.40752189947129397 1
0.407999473250117 1
0.41033366810087424 1
0.4150693469137956 1
0.4218616459379674 1
0.42377806053660655 1
0.4260811068684879 1
0.4268711934620682 1
0.4272539882973751 1
0.4277065960034716 1
0.4286578784106531 1
0.4294588058745222 1
0.42946214218433765 1
0.4299079623849259 1
0.42992410127745034 1
0.430050434666841 1
0.4304635307678169 1
0.4309001751211277 1
0.43162579655008265 1
0.4335323570820135 1
0.43359602412370635 1
0.43416700477505804 1
0.43430645758424874 1
0.4350999430085485 1
0.4353512130110436 1
0.43595890779499796 1
0.4361440922556683 1
0.4376239615342053 1
0.4388789953935055 1
0.4396706365994777 1
0.44035011283359293 1
0.44073459862078357 1
0.4407846438867228 1
0.44144731391712705 1
0.4415102649859084 1
0.4415267567822977 1
0.44227181584153563 1
0.4438146871807644 1
0.4438655861971045 1
0.4444102025521989 1
0.4446460524481456 1
0.4460907246431369 1
0.44612825304621206 1
0.44661805461986603 1
0.4469041733235654 1
0.44802761578475986 1
0.4483517244575201 1
0.4488507060683608 1
0.44930524201569066 1
0.44940507773742894 1
0.45010678800108594 1
0.4507269820826596 1
0.45143154352349796 1
0.4514394199718511 1
0.4514924738803284 1
0.45179610190025116 1
0.45186306216280814 1
0.45214158362034274 1
0.452738583604087 1
0.453206414542991 1
0.454180276666389 1
0.45467199020063825 1
0.4549562755478128 1
0.45501569489036287 1
0.45502987141912593 1
0.45531288400768516 1
0.4553609082899587 1
0.45542779433787794 1
0.45551682759957457 1
0.4558971702812466 1
0.4561402949096841 1
0.4565829627575444 1
0.45731364236346317 1
0.45784396691388063 1
0.4588240826617613 1
0.4594092887342509 1
0.4596160075050588 1
0.45966639119833497 1
0.4602143735092614 1
0.46083103213120447 1
0.46201067026819814 1
0.46273382751202746 1
0.46305231043710976 1
0.4634579770333215 1
0.46369538619254014 1
0.4637528773728207 1
0.4650139359200238 1
0.46502211724992903 1
0.4653612020899171 1
0.4657793515276041 1
0.46623924813685863 1
0.46689569159567496 1
0.46741413009489086 1
0.46765998733375447 1
0.46846410592825294 1
0.46855447578239057 1
0.46919582689054706 1
0.46971813888280783 1
0.47055877996362355 1
0.471670942827513 1
0.4718290148731423 1
0.4720432935131002 1
0.4724524795135925 1
0.47271093275322323 1
0.4727508308510416 1
0.472789410687788 1
0.47310497832530873 1
0.4732411091906007 1
0.4744468358567875 1
0.4745588877784591 1
0.4747610880066251 1
0.47481272714688444 1
0.47519193192707476 1
0.4754614752521388 1
0.47564638706945794 1
0.47565765473071386 1
0.47637197562537337 1
0.47645623747350435 1
0.4767767815322361 1
0.47756081997545535 1
0.4777361558201049 1
0.4784329712652362 1
0.4795865209086861 1
0.479754237249709 1
0.4797609587849182 1
0.4800038793022272 1
0.4800604875051415 1
0.48007927713188936 1
0.48022754036899484 1
0.4805402480909414 1
0.480868397142965 1
0.4811403007645133 1
0.48133414200591895 1
0.48140265332782634 1
0.48311377484021806 1
0.48337437509758663 1
0.4842121348245507 1
0.48422441336856 1
0.48499938092404693 1
0.4855512638926215 1
0.485660779211059 1
0.4866232145399205 1
0.48693798060121113 1
0.48725169740050944 1
0.48749462997401305 1
0.48771023987512285 1
0.48798797498508123 1
0.48907529680251366 1
0.4899692687657113 1
0.49123034320201037 1
0.4916093185127284 1
0.49161976798919155 1
0.493247908683238 1
0.49402244183177224 1
0.49406048847330447 1
0.4943537598790484 1
0.4953596975948997 1
0.49540621720667244 1
0.4961046396691021 1
0.4975639601742497 1
0.49760304689604296 1
0.4985065490135636 1
0.49888290075661973 1
0.4998295726166209 1
0.5011182146817982 1
0.5020295222998029 1
0.5020946171064558 1
0.5022812921616535 1
0.5023980366813341 1
0.5029752005615233 1
0.5031079798543631 1
0.5031891387119047 1
0.5046459811555808 1
0.5047443284630233 1
0.5053770611483432 1
0.5060608417877003 1
0.5063881769378664 1
0.5068817026073872 1
0.5072013549353114 1
0.5074323740165435 1
0.5083287436179554 1
0.5086305385078675 1
0.5100131874324125 1
0.5121861133891329 1
0.5126198673965066 1
0.5131942880003701 1
0.513733285386547 1
0.5141812665470811 1
0.5143983456364695 1
0.5163455252306728 1
0.5166371620421227 1
0.5174284444561362 1
0.5234434250992771 1
0.5288476986428888 1
0.5322007698648428 1
0.533031437678474 1
0.5390052626009069 1
