2 0.9323977992752447
0 0.5302154947745015
1 0.37677730493485817
3 0.061337319649791944
4 0.7419244494622926
172 0.6124285584319045
93 0.7527306359453664
166 0.2745303009376532
198 0.09270018833871174
137 0.5192706036870253
57 0.5289333709319624
73 0.7382646939158579
101 0.268319598428574
96 0.5253515392420628
111 0.20620023723324932
176 0.012267691005849346
36 0.09975906021288661
50 0.8385556032044599
54 0.36030930254577265
90 0.25912833454870965
126 0.025203426072632373
164 0.47238889594370514
77 0.8889416746691454
114 0.4571443862578778
160 0.8528090947435031
61 0.15653889505673446
31 0.906353818052076
35 0.865394675262692
147 0.8754589193424996
159 0.1553409947713028
14 0.8237166362826184
27 0.6742615725001163
163 0.36563013501502106
84 0.5429253566758596
154 0.6153793909261305
135 0.826117835679881
12 0.5283556623799663
161 0.5259094307253405
152 0.5669915823154329
99 0.9961099155372406
141 0.11963914984339996
140 0.0823225865279642
68 0.3330525246366497
89 0.06368011705619159
117 0.5387589281988348
191 0.02862780671313858
82 0.4533241866523162
13 0.16346212367852886
5 0.39285823736064995
22 0.4827930554045704
120 0.8831193084199076
199 0.6389349259376261
184 0.3313415870321197
143 0.6123842723099031
86 0.8000903970649257
113 0.36767357391430044
18 0.2078573771943093
91 0.8716943330490265
95 0.4219945717617386
136 0.5404054340203226
190 0.9182821191068578
139 0.5866626642191535
158 0.6990077380624682
155 0.8282689601601034
59 0.9456498578696347
131 0.012514071065798382
129 0.08777330026549279
6 0.7278079792662099
69 0.8884333647759103
179 0.9242547671052185
105 0.07958346321756216
196 0.3597396569403486
64 0.3913472764322822
49 0.5920432265783719
118 0.6711359105705631
94 0.4434990254301451
104 0.4387339479563799
76 0.23628684225749397
78 0.09588319941974077
58 0.08808652643271886
19 0.1969042224887294
26 0.205286210097266
45 0.2548439297764634
115 0.12674942606980222
65 0.4090406905403501
11 0.07652622999567671
15 0.0113137894267481
44 0.3791510209804748
83 0.9828731996239984
185 0.06910706348608309
162 0.5484090004469745
97 0.44908702760709296
70 0.4980973426319609
197 0.5014970110874688
174 0.4301735997142827
195 0.1664616718621471
106 0.7116407078474247
167 0.25624090393578924
71 0.3713400932682107
37 0.39014843997347004
7 0.7258940841373258
33 0.37414327681801673
74 0.8016154842962397
148 0.01764679060873764
153 0.7382989712745452
182 0.8824851243309189
66 0.24798428067352363
112 0.7072493752966049
128 0.31303929852231427
144 0.6399748265339373
80 0.2349001853476308
98 0.28848276228876824
130 0.7629034957586351
171 0.2777771625586284
138 0.511541787399749
116 0.52263727027689
146 0.0776788155424627
151 0.5633956629689186
103 0.5817370283747269
187 0.16039807466463207
107 0.13510643121999
47 0.7811696816123179
188 0.520054184073412
181 0.12569357658088198
189 0.7326336933837069
133 0.37185861467189973
180 0.09618629267121515
52 0.36305041377154756
28 0.5277553864612866
149 0.6316290303275921
157 0.3505276832833567
67 0.20952244874715154
79 0.6941214816418699
20 0.8654407948452912
24 0.49703835605374813
75 0.39694280147605165
150 0.6657371806997086
42 0.9928417527607736
122 0.8339765259190621
108 0.7737036140232307
51 0.2541504140467572
8 0.4524927063743547
34 0.2690558537256894
85 0.03906081588581367
102 0.42994577208012663
62 0.9353883957221882
145 0.4111337209636984
38 0.2758369427508688
39 0.3174186532765738
173 0.9678142725695768
177 0.8869417769727826
56 0.3811811623849255
88 0.9075311543640067
169 0.20980096978856888
110 0.13555850702147876
132 0.20954648138812704
48 0.8869131427244556
53 0.46125007787655103
124 0.09124671166815213
41 0.7658321612770864
72 0.26917281677089144
119 0.7062315096447641
63 0.07411298501336017
165 0.6402420497042263
178 0.5420293561589279
46 0.8143233180546356
30 0.5217216220377067
109 0.08592359595433141
186 0.08252637666014995
17 0.4275296346404722
175 0.44991953618625813
81 0.24342502221806017
183 0.21770324128577156
55 0.317479604487528
60 0.5240325691426209
170 0.2655053754570479
192 0.5293028506840824
29 0.5294961479064075
32 0.6252386269602631
100 0.5278880713153564
40 0.25320017760986857
43 0.21949926263065567
123 0.9015972727613358
125 0.7369307988578024
92 0.9309436730225724
127 0.8532131964881287
156 0.32962184242883996
23 0.00817005985218855
25 0.0475180398907189
194 0.8287299585813344
121 0.35809854263858365
21 0.5080845708082116
9 0.5618511451098691
193 0.8030695297966639
168 0.2290404360009065
16 0.12181837383479177
87 0.4326447829072666
134 0.8572767186125702
142 0.46086375007705516
10 0.40799965203499355
