
 0.514
 0.502
 0.434
 0.452
 0.539
 0.398
 0.470
 0.435
 0.449
 0.506
 0.464
 0.430
 0.505
 0.508
 0.495
 0.517
 0.432
 0.483
 0.505
 0.485
 0.480
 0.502
 0.478
 0.441
 0.481
 0.452
 0.464
 0.480
 0.489
 0.429
 0.533
 0.435
 0.465
 0.467
 0.503
 0.484
 0.469
 0.507
 0.415
 0.463
 0.448
 0.424
 0.503
 0.427
 0.441
 0.438
 0.461
 0.399
 0.501
 0.473
 0.460
 0.434
 0.459
 0.473
 0.506
 0.458
 0.475
 0.448
 0.509
 0.429
 0.529
 0.462
 0.492
 0.514
 0.480
 0.475
 0.476
 0.452
 0.488
 0.499
 0.476
 0.426
 0.455
 0.480
 0.513
 0.510
 0.430
 0.441
 0.495
 0.481
 0.487
 0.444
 0.434
 0.456
 0.431
 0.465
 0.487
 0.468
 0.460
 0.500
 0.454
 0.517
 0.492
 0.447
 0.459
 0.449
 0.472
 0.496
 0.481
 0.477
 0.449
 0.478
 0.442
 0.465
 0.446
 0.475
 0.478
 0.505
 0.473
 0.502
 0.410
 0.453
 0.486
 0.436
 0.456
 0.451
 0.467
 0.491
 0.473
 0.444
 0.422
 0.480
 0.481
 0.532
 0.486
 0.439
 0.455
 0.408
 0.483
 0.455
 0.440
 0.442
 0.469
 0.487
 0.476
 0.507
 0.466
 0.471
 0.498
 0.472
 0.427
 0.444
 0.484
 0.451
 0.455
 0.523
 0.487
 0.513
 0.429
 0.456
 0.472
 0.445
 0.451
 0.466
 0.408
 0.457
 0.430
 0.436
 0.455
 0.407
 0.463
 0.514
 0.473
 0.476
 0.512
 0.460
 0.502
 0.468
 0.493
 0.498
 0.475
 0.446
 0.440
 0.434
 0.442
 0.488
 0.451
 0.472
 0.447
 0.428
 0.463
 0.516
 0.490
 0.481
 0.499
 0.494
 0.455
 0.455
 0.494
 0.457
 0.480
 0.494
 0.475
 0.503
 0.474
 0.430
 0.453
 0.450
 0.480
 0.507

