0.46548589112753325 1
0.46743854490613534 1
0.4679976593525365 1
0.4720469841021398 1
0.47841573928861536 1
0.4784461783047918 1
0.4840074257862288 1
0.4858781320355968 1
0.48743835490460724 1
0.48846337599571243 1
0.49192734090656587 1
0.49303033262481216 1
0.49416974818328974 1
0.4978422318409181 1
0.497896302822334 1
0.5033054380171723 1
0.5035038799956273 1
0.5066847940398308 1
0.5071333335114816 1
0.507343100521063 1
0.5080360925862146 1
0.5087263076359624 1
0.5090259976587812 1
0.5100239778725107 1
0.510818217394842 1
0.5110581551083143 1
0.511426842305311 1
0.5122561211419125 1
0.5130324260713429 1
0.5139269583131985 1
0.5153705813261691 1
0.5158349541730193 1
0.5160333941286982 1
0.517085974105768 1
0.5171668314710101 1
0.5172813382500593 1
0.5173561383057771 1
0.5189386362837846 1
0.5189607524623852 1
0.5190610869397237 1
0.5205095230788516 1
0.5207109963736665 1
0.5211906559473395 1
0.52123596182205 1
0.5222603440421716 1
0.522307775807818 1
0.5225111667162032 1
0.5226965886061236 1
0.5227224902288902 1
0.5233529008101657 1
0.5245877612113449 1
0.524648245281511 1
0.5250246501287273 1
0.5253349082527773 1
0.5253351994053247 1
0.525860803886681 1
0.5262024126148486 1
0.5268989653959096 1
0.527703219044202 1
0.5282076938976297 1
0.528375579538976 1
0.5284171304284447 1
0.5302851115310909 1
0.5315024751099936 1
0.5316854539120913 1
0.5318794577495246 1
0.5321011850312423 1
0.5323153938954285 1
0.53245492118787 1
0.5325705990735611 1
0.5328605142432733 1
0.532977652451835 1
0.5338101121711145 1
0.5344063532326888 1
0.5344479100367168 1
0.5348986698404468 1
0.5349844487921693 1
0.5356046487509963 1
0.5360883199574628 1
0.5360886242306403 1
0.5362729601911361 1
0.5363290617798766 1
0.5365024522478599 1
0.5367959005774775 1
0.5374279588291605 1
0.5375887726299277 1
0.538351015283426 1
0.538394486738684 1
0.5385743356409887 1
0.5387626643486887 1
0.5390227051187899 1
0.5399087753564231 1
0.5404554147784233 1
0.5405921683137825 1
0.5411585869412918 1
0.5412265218136265 1
0.5421651349168531 1
0.5425915653035213 1
0.5430704580665511 1
0.5435602944788112 1
0.5436096846094485 1
0.5437837584333889 1
0.5439059621232534 1
0.5447365267582154 1
0.5450454026680888 1
0.5451662619071906 1
0.5457412848013063 1
0.5459774199416603 1
0.546026526730989 1
0.5462360205258652 1
0.5466519333816688 1
0.5469109683230925 1
0.547343906437224 1
0.547413309865103 1
0.5474235909186685 1
0.5476382191698821 1
0.5478334995141066 1
0.5478708409779595 1
0.5478896283225289 1
0.5479587869945269 1
0.5479966128704737 1
0.5491579309007765 1
0.5494497342837156 1
0.5495025188454564 1
0.5497032576295485 1
0.5498427336226761 1
0.5498619226744575 1
0.5504078701270089 1
0.551404628046907 1
0.5518971037885734 1
0.5527384686519331 1
0.5530638041016726 1
0.5535623633469445 1
0.5535742050972496 1
0.5539075301811569 1
0.5546275715342641 1
0.554795092522891 1
0.5556976120149756 1
0.5562256445591296 1
0.5562507526684312 1
0.5568033519340677 1
0.5573924325280593 1
0.5574694657644104 1
0.5576696669334062 1
0.5578584723467354 1
0.5580243840471535 1
0.558222671686126 1
0.5582739819443733 1
0.5588759028355194 1
0.5591373894558749 1
0.5597075178719786 1
0.5598709914437454 1
0.559902148377232 1
0.5600883112070294 1
0.5601111707259995 1
0.5603125845559308 1
0.5610842322802468 1
0.5611297093719171 1
0.5613788699322915 1
0.5614638067216023 1
0.5614823808896925 1
0.561541834858009 1
0.5623468878106073 1
0.5631495230285407 1
0.5632505051823308 1
0.5638525405500235 1
0.5639425149972489 1
0.5643047728101525 1
0.5643962807179594 1
0.565385259860524 1
0.5659489561893349 1
0.5673063874646408 1
0.569201016329005 1
0.5703869465029374 1
0.570694283320141 1
0.5711218079614734 1
0.5714561406076492 1
0.5716006186630329 1
0.5722402980495985 1
0.5738262674408461 1
0.5747066474124738 1
0.5748833300388256 1
0.5750866046160041 1
0.5754970406354922 1
0.5815418165195504 1
0.5820159585625644 1
0.5838608943704312 1
0.585017699860826 1
0.5876203951817522 1
0.5887284568988314 1
0.5891702628343864 1
0.5892497363838847 1
0.5901620589896841 1
0.5939724895173832 1
0.5972308506559239 1
0.5996562519841357 1
0.6039796708173718 1
0.6057622155009668 1
0.6098035892085616 1
0.6196482707153258 1
