
 0.526
 0.584
 0.556
 0.590
 0.533
 0.548
 0.570
 0.523
 0.564
 0.525
 0.545
 0.553
 0.517
 0.534
 0.498
 0.572
 0.503
 0.572
 0.557
 0.541
 0.544
 0.544
 0.548
 0.519
 0.548
 0.511
 0.561
 0.547
 0.525
 0.574
 0.532
 0.559
 0.545
 0.528
 0.528
 0.512
 0.536
 0.553
 0.557
 0.560
 0.610
 0.537
 0.527
 0.514
 0.541
 0.540
 0.521
 0.548
 0.543
 0.567
 0.547
 0.545
 0.513
 0.564
 0.575
 0.507
 0.486
 0.538
 0.504
 0.537
 0.478
 0.467
 0.597
 0.604
 0.539
 0.550
 0.555
 0.517
 0.547
 0.546
 0.588
 0.535
 0.554
 0.571
 0.511
 0.537
 0.560
 0.528
 0.536
 0.563
 0.554
 0.556
 0.523
 0.560
 0.575
 0.517
 0.487
 0.562
 0.550
 0.560
 0.589
 0.561
 0.488
 0.556
 0.546
 0.549
 0.544
 0.534
 0.549
 0.530
 0.546
 0.557
 0.539
 0.562
 0.544
 0.558
 0.494
 0.547
 0.525
 0.521
 0.508
 0.533
 0.478
 0.507
 0.509
 0.535
 0.565
 0.517
 0.564
 0.563
 0.582
 0.533
 0.492
 0.539
 0.493
 0.521
 0.532
 0.484
 0.571
 0.589
 0.536
 0.550
 0.532
 0.589
 0.536
 0.519
 0.561
 0.507
 0.548
 0.566
 0.516
 0.569
 0.548
 0.571
 0.532
 0.550
 0.468
 0.538
 0.558
 0.525
 0.554
 0.523
 0.515
 0.594
 0.522
 0.546
 0.510
 0.521
 0.550
 0.606
 0.511
 0.558
 0.532
 0.534
 0.600
 0.516
 0.542
 0.536
 0.585
 0.541
 0.558
 0.560
 0.558
 0.552
 0.543
 0.532
 0.540
 0.564
 0.575
 0.528
 0.555
 0.582
 0.526
 0.525
 0.575
 0.547
 0.561
 0.509
 0.559
 0.538
 0.498
 0.560
 0.561
 0.472
 0.551
 0.620
 0.519
 0.522
 0.465
 0.523

