
 0.000
 0.020
 0.010
 0.040
 0.000
 0.000
 2.000
 0.000
 0.010
 0.020
 0.000
 0.010
 1.910
 0.010
 0.010
 1.960
 0.000
 0.000
 0.010
 0.010
 0.000
 0.020
 0.020
 0.010
 0.000
 0.020
 1.960
 1.990
 0.010
 0.010
 3.970
 0.000
 2.000
 0.000
 0.020
 0.000
 0.000
 0.000
 0.000
 0.000
 0.000
 0.010
 0.000
 2.000
 1.970
 1.980
 0.010
 0.010
 3.960
 1.980
 0.000
 0.000
 0.010
 0.000
 0.000
 2.000
 0.000
 0.000
 0.020
 0.000
 0.000
 0.010
 0.010
 0.000
 0.010
 0.000
 0.000
 0.000
 0.000
 0.010
 0.000
 0.000
 0.000
 0.030
 1.980
 0.010
 0.010
 0.030
 0.010
 0.000
 1.990
 0.000
 0.000
 2.000
 2.010
 0.000
 0.010
 0.020
 0.000
 1.960
 0.000
 0.010
 0.000
 0.000
 1.970
 4.000
 2.000
 2.000
 3.860
 0.000
 0.000
 0.000
 0.010
 0.000
 0.000
 0.000
 3.970
 0.000
 0.010
 1.970
 0.010
 0.010
 3.950
 0.010
 0.000
 1.990
 0.010
 0.000
 1.990
 0.000
 2.000
 1.990
 0.010
 0.000
 0.000
 0.000
 0.010
 0.000
 0.000
 3.980
 2.000
 2.000
 7.960
 0.010
 0.000
 1.970
 0.010
 0.010
 0.010
 0.010
 0.000
 0.000
 0.000
 0.010
 0.000
 1.980
 0.010
 0.000
 0.010
 0.010
 1.990
 0.010
 0.010
 0.010
 0.020
 4.000
 1.990
 0.030
 1.970
 0.010
 0.000
 2.000
 0.010
 0.020
 0.010
 0.000
 3.990
 1.990
 0.000
 0.010
 0.000
 2.000
 0.000
 1.990
 0.010
 0.000
 0.000
 0.010
 0.000
 0.000
 0.010
 0.010
 5.940
 0.000
 0.000
 0.020
 0.000
 0.000
 0.010
 0.010
 0.000
 0.000
 0.010
 1.990
 0.000
 0.010
 0.010
 0.000
 0.010
 0.000
 0.010
 0.050
 0.000
 3.950
 0.000
 0.000
 0.000
 0.000
 0.020
 1.990
 0.010
 0.020
 0.000
 0.010
 0.020
 0.000
 0.010
 0.000
 0.010
 1.990
 1.990
 0.020
 1.970
 0.020
 1.940
 0.000
 0.010
 0.000
 5.970
 1.990
 0.020
 0.000
 0.000
 0.000
 0.030
 3.990
 0.020
 0.000
 0.000
 0.020
 0.010
 0.000
 0.000
 0.010
 2.000
 1.990
 0.010
 4.000
 0.000
 0.010
 0.000
 0.000
 0.000
 0.000
 0.000
 0.000
 0.030
 0.010
 3.970
 0.000
 0.010
 0.020
 1.970
 0.010
 1.990
 0.000
 2.000
 1.990
 5.980
 0.010
 1.990
 0.000
 0.000
 0.010
 0.000
 0.010
 0.000
 0.010
 0.000
 1.990
 7.910
 0.020
 0.020
 0.000
 0.020
 5.930
 0.020
 1.990
 0.000
 0.010
 0.010
 0.000
 0.010
 3.960
 0.010
 0.000
 0.010
 0.010
 0.000
 1.990

