
 0.545
 0.599
 0.673
 0.688
 0.728
 0.727
 0.741
 0.745
 0.753
 0.751
 0.755
 0.754
 0.758
 0.760
 0.760
 0.760
 0.760
 0.760
 0.760
 0.760
 0.760
 0.760
 0.760
 0.760
 0.760
 0.760
 0.760
 0.760
 0.760
 0.760
 0.760
 0.760
 0.760
 0.760
 0.760
 0.760
 0.760
 0.760
 0.760
 0.760
 0.760
 0.760
 0.760
 0.760
 0.760
 0.760
 0.760
 0.760
 0.760
 0.760
 0.760
 0.760
 0.760
 0.760
 0.760
 0.760
 0.760
 0.760
 0.760
 0.760
 0.760
 0.760
 0.760
 0.760
 0.760
 0.760
 0.760
 0.760
 0.760
 0.760
 0.760
 0.760
 0.760
 0.760
 0.760
 0.760
 0.760
 0.760
 0.760
 0.760
 0.760
 0.760
 0.760
 0.760
 0.760
 0.760
 0.760
 0.760
 0.760
 0.760
 0.760
 0.760
 0.760
 0.760
 0.760
 0.760
 0.760
 0.760
 0.760
 0.760
 0.760
 0.760
 0.760
 0.760
 0.760
 0.760
 0.760
 0.760
 0.760
 0.760
 0.760
 0.760
 0.760
 0.760
 0.760
 0.760
 0.760
 0.760
 0.760
 0.760
 0.760
 0.760
 0.760
 0.760
 0.760
 0.760
 0.760
 0.760
 0.760
 0.760
 0.760
 0.760
 0.760
 0.760
 0.760
 0.760
 0.760
 0.760
 0.760
 0.760
 0.760
 0.760
 0.760
 0.760
 0.760
 0.760
 0.760
 0.760
 0.760
 0.760
 0.760
 0.760
 0.760
 0.760
 0.760
 0.760
 0.760
 0.760
 0.760
 0.760
 0.760
 0.760
 0.760
 0.760
 0.760
 0.760
 0.760
 0.760
 0.760
 0.760
 0.760
 0.760
 0.760
 0.760
 0.760
 0.760
 0.760
 0.760
 0.760
 0.760
 0.760
 0.760
 0.760
 0.760
 0.760
 0.760
 0.760
 0.760
 0.760
 0.760
 0.760
 0.760
 0.760
 0.760
 0.760
 0.760
 0.760
 0.760
 0.760
 0.760

