0.3239132457383373 1
0.34861523633489094 1
0.35380727472807005 1
0.35975304521971224 1
0.3605131883802678 1
0.360696078523157 1
0.36615220488187367 1
0.3688616518839125 1
0.36955872004730284 1
0.37448650062775835 1
0.3756457129782456 1
0.3757336711211877 1
0.3757725024406088 1
0.3801593919573433 1
0.38090704886481086 1
0.38115206823939896 1
0.3817367505443813 1
0.3822179258035942 1
0.38221896346188744 1
0.38280251650150676 1
0.3829688356281855 1
0.38312288056340726 1
0.38323220581919465 1
0.38397684350787636 1
0.38488083361217945 1
0.3849920418991028 1
0.38552108663937434 1
0.3860511148173009 1
0.3865804205706694 1
0.386583184512372 1
0.38720457613670706 1
0.3879143030246213 1
0.3881793718803765 1
0.38827519441195435 1
0.38901837176601334 1
0.38910372801304155 1
0.389116387196753 1
0.38934219375456847 1
0.3895715568764623 1
0.38963043522217533 1
0.39009440712241594 1
0.39013734602554734 1
0.3903814498328094 1
0.39065335328855466 1
0.39132605604087933 1
0.3917887076107495 1
0.39215336958158614 1
0.39228903829799877 1
0.39308766609978085 1
0.3931458757793982 1
0.39421822064212525 1
0.39450360484141095 1
0.39461410299988403 1
0.3948069165433287 1
0.3951088516882818 1
0.395921639244965 1
0.39636807573501287 1
0.396659701715005 1
0.396676070488868 1
0.3966948189642288 1
0.39683884039926937 1
0.397089521854215 1
0.39765730757550327 1
0.3984193402465939 1
0.39842169123834337 1
0.3984313788985754 1
0.3991308564018856 1
0.39945256651467714 1
0.39969316225120294 1
0.40003641743308266 1
0.4001090868721501 1
0.4002114496920359 1
0.400457177994647 1
0.4006757340013939 1
0.40069061628524494 1
0.40072922708625347 1
0.4008337195820242 1
0.4008392800841603 1
0.4010249434870116 1
0.4013310951111485 1
0.4021906975877962 1
0.40279062263526116 1
0.4029318037630838 1
0.4037866616157646 1
0.4038291265160342 1
0.4041490562487422 1
0.4041927380595463 1
0.405158436822721 1
0.4055014337379921 1
0.40573176343083506 1
0.4058830153165569 1
0.4066971803280937 1
0.40710608385237074 1
0.4072947987182125 1
0.4074497123637903 1
0.407488468208261 1
0.40756215277377594 1
0.40804751916602855 1
0.40822460545694783 1
0.40824341746600173 1
0.40844409374265456 1
0.40849589997450975 1
0.4089767741532148 1
0.409608762606858 1
0.4100061260460967 1
0.41025721519791347 1
0.4109177887336801 1
0.41094907568878014 1
0.41173702274485 1
0.41203958944768465 1
0.4123897484859175 1
0.4125560605917628 1
0.4127144874180991 1
0.4131358978801347 1
0.41339247001892276 1
0.4134602516619782 1
0.4141066564790538 1
0.41416095553290005 1
0.4144502253679271 1
0.41447279808363036 1
0.4146338855627394 1
0.4146849281156907 1
0.415616857454972 1
0.41575262185796674 1
0.4162708929539145 1
0.41646831074587093 1
0.4165578496594495 1
0.41666522300391967 1
0.4168362237748391 1
0.4168513555511037 1
0.41703666662540123 1
0.41721917668936725 1
0.41819573953573586 1
0.4185410995568051 1
0.4190740773450936 1
0.4193904153700543 1
0.4193946597693676 1
0.4197529885592251 1
0.41986521447937647 1
0.42066143987160315 1
0.42107083449418115 1
0.42114678995866145 1
0.42205583075002245 1
0.4223859216647215 1
0.423539286835013 1
0.4236984545931698 1
0.424428568592 1
0.42459563623005897 1
0.4246044890379727 1
0.42551953499611955 1
0.4256232406523257 1
0.4263685761760948 1
0.42677006474382323 1
0.4269624219197039 1
0.4275972325272438 1
0.4275992948613985 1
0.4285783107049718 1
0.4294129473575145 1
0.429516043055564 1
0.429522904835762 1
0.42970815902817433 1
0.42977948175031794 1
0.4298084764674841 1
0.4298215743451166 1
0.4299500754426742 1
0.43015063624827826 1
0.4309789790655757 1
0.4313419258936692 1
0.43150841134547446 1
0.43184746691731846 1
0.432505416262878 1
0.4343387361673686 1
0.4350748416976311 1
0.43553439355668383 1
0.43556370095859864 1
0.43562230107807864 1
0.4371774631348336 1
0.4377681609129666 1
0.4391857016472844 1
0.43966884024584296 1
0.4399408802888163 1
0.4401165688751951 1
0.44055239060019474 1
0.4406887111341294 1
0.4407098126786675 1
0.44203928195622666 1
0.4426395960476895 1
0.4429835449639935 1
0.44355910247234526 1
0.44500597585321894 1
0.44503200756329986 1
0.44557684567223077 1
0.4456458144860897 1
0.4485004085940417 1
0.44923365567708884 1
0.4496824440608293 1
0.4502114786492944 1
0.4504404789949739 1
0.4508425220162271 1
0.4595300696570611 1
