
 0.429
 0.390
 0.383
 0.430
 0.441
 0.419
 0.408
 0.440
 0.449
 0.417
 0.360
 0.397
 0.412
 0.439
 0.376
 0.408
 0.391
 0.399
 0.443
 0.407
 0.381
 0.404
 0.414
 0.443
 0.450
 0.403
 0.388
 0.427
 0.397
 0.416
 0.442
 0.449
 0.408
 0.392
 0.417
 0.354
 0.361
 0.407
 0.432
 0.413
 0.433
 0.400
 0.419
 0.413
 0.445
 0.390
 0.394
 0.426
 0.429
 0.386
 0.450
 0.400
 0.419
 0.430
 0.410
 0.381
 0.385
 0.451
 0.387
 0.404
 0.390
 0.401
 0.440
 0.396
 0.431
 0.413
 0.404
 0.428
 0.400
 0.426
 0.419
 0.390
 0.395
 0.450
 0.438
 0.407
 0.410
 0.397
 0.398
 0.409
 0.366
 0.434
 0.436
 0.430
 0.430
 0.349
 0.415
 0.413
 0.383
 0.388
 0.395
 0.383
 0.408
 0.410
 0.401
 0.425
 0.407
 0.436
 0.417
 0.420
 0.421
 0.380
 0.407
 0.416
 0.430
 0.446
 0.422
 0.382
 0.392
 0.431
 0.389
 0.430
 0.387
 0.428
 0.414
 0.435
 0.437
 0.391
 0.384
 0.424
 0.405
 0.400
 0.441
 0.406
 0.421
 0.369
 0.421
 0.401
 0.422
 0.397
 0.383
 0.446
 0.403
 0.402
 0.440
 0.374
 0.395
 0.413
 0.444
 0.370
 0.425
 0.361
 0.401
 0.393
 0.411
 0.392
 0.406
 0.401
 0.397
 0.398
 0.398
 0.417
 0.382
 0.389
 0.389
 0.416
 0.376
 0.430
 0.386
 0.376
 0.408
 0.412
 0.417
 0.411
 0.382
 0.418
 0.427
 0.400
 0.395
 0.396
 0.387
 0.393
 0.460
 0.424
 0.430
 0.414
 0.399
 0.398
 0.416
 0.401
 0.390
 0.389
 0.420
 0.424
 0.406
 0.445
 0.417
 0.408
 0.414
 0.404
 0.385
 0.441
 0.324
 0.426
 0.436
 0.401
 0.388
 0.412
 0.415
 0.432

