1 40
0 27
1 38
1 47
1 56
0 45
0 38
1 38
0 35
1 30
1 37
0 51
1 48
1 43
1 46
0 48
1 45
1 31
1 43
0 42
0 40
1 38
1 38
0 36
1 45
1 39
0 38
0 36
0 53
0 53
0 52
1 31
0 41
1 34
0 39
1 49
0 47
0 43
1 45
1 38
1 51
1 41
0 39
1 41
0 42
1 51
0 52
0 46
1 48
1 45
0 44
1 43
0 36
0 37
0 36
1 44
0 43
1 30
1 36
1 42
0 47
0 45
0 33
0 38
1 39
0 45
0 33
0 43
1 43
1 39
1 38
0 32
1 38
0 46
0 39
1 51
1 50
0 38
1 29
1 35
0 49
0 49
1 33
0 54
0 42
0 44
1 39
1 40
0 45
1 52
1 33
1 45
0 48
1 38
0 32
0 52
0 51
1 45
1 44
0 23
0 44
0 37
1 53
1 43
0 37
1 47
0 39
1 44
1 38
1 36
1 37
1 33
0 34
1 26
0 53
1 34
0 52
1 44
0 39
1 57
1 41
0 42
0 35
1 48
1 45
1 47
0 31
1 42
1 36
1 42
1 39
1 43
0 37
1 43
0 39
1 36
0 40
0 39
1 34
0 35
1 33
0 53
1 34
1 41
1 44
0 50
1 36
1 38
1 50
1 43
0 31
1 43
0 46
0 46
1 53
0 41
0 50
0 40
0 33
0 36
1 32
1 37
0 43
1 45
0 47
0 42
1 41
1 44
0 44
0 52
1 36
0 32
1 44
0 41
0 42
1 43
1 43
0 57
0 40
0 51
0 52
1 36
0 43
0 40
1 46
1 37
0 42
1 41
0 43
1 46
1 40
1 47
1 57
0 38
0 41
0 40
0 45
0 40
0 42
1 42
