
 2.530
 2.750
 2.350
 2.360
 2.740
 2.390
 2.460
 2.580
 2.500
 2.640
 2.590
 2.820
 2.400
 2.650
 2.490
 2.550
 2.390
 2.290
 2.570
 2.610
 2.320
 2.360
 2.760
 2.700
 2.320
 2.710
 2.630
 2.430
 2.510
 2.280
 2.290
 2.390
 2.440
 2.380
 2.530
 2.640
 2.450
 2.830
 2.440
 2.420
 2.390
 2.510
 2.390
 2.470
 2.300
 2.390
 2.770
 2.540
 2.340
 2.420
 2.250
 2.570
 2.490
 2.480
 2.330
 2.520
 2.600
 2.400
 2.570
 2.320
 2.580
 2.360
 2.190
 2.760
 2.440
 2.420
 2.770
 2.640
 2.590
 2.290
 2.420
 2.460
 2.430
 2.870
 2.400
 2.560
 2.630
 2.450
 2.700
 2.500

