0.42190369683405576 1
0.42284144634364784 1
0.4343153519727676 1
0.4348281650640829 1
0.44453268370690097 1
0.4459628174890557 1
0.44716194730667913 1
0.4475351124187808 1
0.44812946458888653 1
0.4484006392830234 1
0.4493074527615201 1
0.4516422471316296 1
0.45277794316218084 1
0.4535470529857175 1
0.4538307466856486 1
0.45483292207199183 1
0.45508591627787737 1
0.45583902810564647 1
0.4572343061653493 1
0.4580248464347202 1
0.4584396866205996 1
0.45906859768943925 1
0.4594374915984336 1
0.4601293018961178 1
0.46129407621149876 1
0.46173119948732166 1
0.46192843576307085 1
0.46478670863847915 1
0.4656583296691598 1
0.4663325157708056 1
0.46635503739046363 1
0.46756597470506117 1
0.4677715912083636 1
0.4681163308275352 1
0.46858700264619185 1
0.46888764550181583 1
0.46935835468092746 1
0.47006443089564703 1
0.4705276112302015 1
0.4707365959262746 1
0.4709707824440978 1
0.47270988157686894 1
0.4729870481979168 1
0.4735392484454815 1
0.47434561282935706 1
0.474647514250695 1
0.47529559421130607 1
0.4760755936582076 1
0.4762971984486062 1
0.47649511955106605 1
0.4779120690652412 1
0.4780627199568739 1
0.47818514100461884 1
0.47860542975207393 1
0.479222277886878 1
0.47957155704755194 1
0.4796401584132282 1
0.4796764327292326 1
0.4798570437499619 1
0.4798727492035198 1
0.48004894871376214 1
0.4802772511918243 1
0.4804090845716273 1
0.48052065055105986 1
0.48056830805809303 1
0.48113833639198106 1
0.4814927938326203 1
0.4820534781738749 1
0.4821632027298614 1
0.482418957857473 1
0.4825398357706881 1
0.4828243789685673 1
0.4829202720648071 1
0.4829636331673134 1
0.4835862984055648 1
0.4841028644086389 1
0.48496397516201156 1
0.48501643828987395 1
0.485438711299304 1
0.48633174130726614 1
0.48646146626588505 1
0.48733256934036107 1
0.4875828479282094 1
0.48761190548368183 1
0.48783195455324957 1
0.4886390426079073 1
0.4888108981699824 1
0.48907839489567834 1
0.48985826510420827 1
0.4900201285722974 1
0.4901545033767437 1
0.49036606239434277 1
0.4905437796664655 1
0.4912260560965539 1
0.491331463076644 1
0.4915229097261458 1
0.4923611850221314 1
0.49257685169024334 1
0.49267783697354195 1
0.4942856541551178 1
0.4966892901245275 1
0.49744022709543745 1
0.49837439596481004 1
0.4990042046203196 1
0.499873078714642 1
0.5007691268090128 1
0.5023677826761194 1
0.5025629913362084 1
0.5030333371398774 1
0.5030938443952071 1
0.5031144172045932 1
0.5031925408624806 1
0.5038298037852221 1
0.5039372264966138 1
0.5042958061646626 1
0.5043374972482438 1
0.5044226961649214 1
0.5046341589447394 1
0.5049604133900029 1
0.5049744208309768 1
0.5052151146243706 1
0.5052750060426976 1
0.5064040098731271 1
0.5065648412666472 1
0.5067029175834056 1
0.5078829346486554 1
0.5083610356242442 1
0.5085485624412128 1
0.5088335797357658 1
0.509223999507168 1
0.5092795465079677 1
0.5094616660645496 1
0.5096962313288732 1
0.510276667365889 1
0.5103111674195491 1
0.5109397930202703 1
0.5109510094134028 1
0.5111494927798865 1
0.5112588633206553 1
0.5118821377204722 1
0.5125288803066342 1
0.5126286177306736 1
0.5126708228650514 1
0.5130633373309447 1
0.5132331176447993 1
0.5139008110097599 1
0.5139924875190708 1
0.514092377417501 1
0.5148697176650264 1
0.5156016583967071 1
0.5165336814125023 1
0.5166455844961308 1
0.5169618616663549 1
0.5170063537965643 1
0.5173298183790553 1
0.5173628107721352 1
0.5177686994515187 1
0.5184242484872337 1
0.5188207034922371 1
0.5189924895800861 1
0.5216223646003242 1
0.5217769456020541 1
0.5219380520553911 1
0.5220214211758243 1
0.522448560388712 1
0.5224700741750512 1
0.5225332120743854 1
0.5231961645643509 1
0.5234023230698739 1
0.5238480148596281 1
0.5242178250946244 1
0.5243052105223258 1
0.5251536442508749 1
0.5255989188976472 1
0.5259973635680479 1
0.5282029436652428 1
0.528474398074128 1
0.5293881941706191 1
0.5307760890575015 1
0.5308230666359919 1
0.5367279786477446 1
0.5379977696541974 1
0.5387571275695686 1
0.5427478432373665 1
0.54325747046349 1
0.5433284253158669 1
0.5453863926564401 1
0.5484773024580014 1
0.5497900485067924 1
0.5500795910142977 1
0.5508796408644233 1
0.5560478306136035 1
0.5567709958327854 1
0.5603022159298271 1
0.5605390025413132 1
0.5643491931766078 1
0.5650055307041035 1
0.5678601543932441 1
0.5689807356222034 1
0.5933936502512297 1
