
 0.473
 0.446
 0.480
 0.469
 0.474
 0.517
 0.490
 0.525
 0.476
 0.522
 0.487
 0.460
 0.538
 0.466
 0.568
 0.447
 0.485
 0.560
 0.515
 0.455
 0.497
 0.493
 0.518
 0.480
 0.448
 0.517
 0.471
 0.507
 0.449
 0.504
 0.497
 0.435
 0.474
 0.484
 0.503
 0.492
 0.505
 0.511
 0.504
 0.453
 0.475
 0.556
 0.504
 0.476
 0.517
 0.462
 0.448
 0.490
 0.492
 0.479
 0.565
 0.459
 0.524
 0.454
 0.557
 0.482
 0.519
 0.518
 0.490
 0.513
 0.511
 0.458
 0.507
 0.485
 0.491
 0.476
 0.485
 0.489
 0.488
 0.434
 0.522
 0.514
 0.465
 0.522
 0.468
 0.468
 0.475
 0.483
 0.519
 0.469
 0.455
 0.524
 0.564
 0.489
 0.543
 0.448
 0.459
 0.483
 0.482
 0.445
 0.489
 0.452
 0.478
 0.511
 0.480
 0.456
 0.522
 0.550
 0.524
 0.517
 0.503
 0.526
 0.551
 0.503
 0.511
 0.510
 0.462
 0.503
 0.539
 0.471
 0.491
 0.481
 0.479
 0.548
 0.470
 0.509
 0.493
 0.561
 0.522
 0.481
 0.512
 0.454
 0.473
 0.501
 0.513
 0.528
 0.483
 0.494
 0.480
 0.491
 0.486
 0.469
 0.505
 0.503
 0.505
 0.531
 0.500
 0.488
 0.505
 0.505
 0.517
 0.486
 0.457
 0.550
 0.480
 0.461
 0.490
 0.531
 0.516
 0.528
 0.480
 0.499
 0.569
 0.510
 0.526
 0.543
 0.471
 0.529
 0.517
 0.423
 0.480
 0.513
 0.593
 0.458
 0.543
 0.509
 0.502
 0.514
 0.523
 0.481
 0.523
 0.545
 0.514
 0.478
 0.422
 0.466
 0.488
 0.509
 0.510
 0.478
 0.509
 0.509
 0.504
 0.537
 0.484
 0.508
 0.466
 0.483
 0.504
 0.508
 0.481
 0.523
 0.468
 0.480
 0.498
 0.513
 0.522
 0.506
 0.482
 0.513

