
 0.437
 0.467
 0.502
 0.431
 0.467
 0.450
 0.415
 0.509
 0.463
 0.431
 0.467
 0.471
 0.444
 0.419
 0.495
 0.486
 0.483
 0.428
 0.455
 0.424
 0.438
 0.424
 0.486
 0.491
 0.425
 0.456
 0.464
 0.454
 0.502
 0.438
 0.477
 0.458
 0.488
 0.511
 0.446
 0.485
 0.470
 0.470
 0.446
 0.446
 0.452
 0.472
 0.451
 0.511
 0.471
 0.447
 0.449
 0.493
 0.491
 0.448
 0.447
 0.457
 0.517
 0.481
 0.460
 0.475
 0.477
 0.494
 0.431
 0.507
 0.423
 0.469
 0.516
 0.472
 0.446
 0.448
 0.442
 0.501
 0.489
 0.427
 0.467
 0.463
 0.411
 0.411
 0.482
 0.448
 0.455
 0.436
 0.452
 0.479
 0.463
 0.466
 0.445
 0.481
 0.432
 0.452
 0.422
 0.487
 0.456
 0.422
 0.488
 0.483
 0.450
 0.433
 0.450
 0.489
 0.445
 0.448
 0.482
 0.443
 0.468
 0.460
 0.480
 0.434
 0.462
 0.442
 0.451
 0.438
 0.455
 0.465
 0.436
 0.485
 0.467
 0.450
 0.463
 0.430
 0.451
 0.438
 0.464
 0.477
 0.479
 0.433
 0.426
 0.430
 0.467
 0.438
 0.446
 0.487
 0.422
 0.480
 0.463
 0.465
 0.435
 0.448
 0.441
 0.442
 0.496
 0.432
 0.465
 0.490
 0.442
 0.414
 0.441
 0.428
 0.461
 0.457
 0.457
 0.437
 0.483
 0.451
 0.483
 0.417
 0.477
 0.422
 0.472
 0.444
 0.494
 0.452
 0.448
 0.442
 0.448
 0.439
 0.439
 0.455
 0.455
 0.429
 0.476
 0.485
 0.449
 0.437
 0.476
 0.415
 0.481
 0.483
 0.481
 0.494
 0.462
 0.481
 0.460
 0.448
 0.479
 0.453
 0.487
 0.467
 0.491
 0.450
 0.433
 0.485
 0.454
 0.424
 0.472
 0.485
 0.480
 0.471
 0.476
 0.465
 0.427
 0.463
 0.455
 0.456

