0.4397695329021946 1
0.4413360065575511 1
0.442855558352046 1
0.44768333688320266 1
0.4501644150334782 1
0.45255582523939547 1
0.4550857714452331 1
0.45536727187148196 1
0.45550598034455597 1
0.45664371793246256 1
0.4568668852660427 1
0.4592716066081393 1
0.4593951367312693 1
0.45971670315591856 1
0.46041679932231744 1
0.46185403723519625 1
0.4623376299857428 1
0.4629165706628656 1
0.4635637270897615 1
0.46411874950216636 1
0.4643269087929474 1
0.46476447636667195 1
0.4647753899636717 1
0.46581458464616804 1
0.46587632539442125 1
0.4687862603790979 1
0.4715239538602907 1
0.4715832428093291 1
0.4718302160401834 1
0.4730316111074096 1
0.47467601506924545 1
0.4747770521516479 1
0.47525859527882075 1
0.4757914655895987 1
0.47863759964969155 1
0.4789402449320893 1
0.4807948010727345 1
0.48083672106663194 1
0.4817113760474876 1
0.48199811235666373 1
0.48287013399203077 1
0.48311776263621475 1
0.4848556701698154 1
0.48552644603108974 1
0.4857005545969818 1
0.4873193938178165 1
0.48756652713810794 1
0.48781622726013874 1
0.48879260939514146 1
0.48978616842732464 1
0.4898531001579163 1
0.4902918581465219 1
0.49064371750005564 1
0.491075144876553 1
0.4913902719129687 1
0.4916905892301463 1
0.49179708158603747 1
0.49216346032655656 1
0.4923651884884792 1
0.49252071804909336 1
0.49344600750247847 1
0.494576946537035 1
0.4948902575713885 1
0.49492949528725716 1
0.4955960404014546 1
0.49589273157712155 1
0.49603157984313945 1
0.4963447402487518 1
0.49675069005175815 1
0.49709903525222365 1
0.49873557083594905 1
0.4995022590185451 1
0.4998530953820731 1
0.500690941654224 1
0.501219175411474 1
0.5013105653541668 1
0.5014274941874782 1
0.5014860416140557 1
0.5019854793329752 1
0.5021681269408518 1
0.5029662105200835 1
0.5032145237905429 1
0.5039961965271643 1
0.5045840377128044 1
0.504765094769227 1
0.5048588330527012 1
0.50486863315937 1
0.5050156146815759 1
0.5054084025343083 1
0.5056306196060305 1
0.5058555833849195 1
0.5061201663638577 1
0.5061480562052728 1
0.506511405964423 1
0.5066236980783334 1
0.5075146497663116 1
0.5083105321337478 1
0.5083486482797818 1
0.5086076321357974 1
0.5090533540577954 1
0.5093112865971748 1
0.5094961121259051 1
0.509564923776995 1
0.5102354597087257 1
0.5103677429991148 1
0.5104858516797987 1
0.5104894577938189 1
0.5106288880383828 1
0.5106877532648295 1
0.5107125910265764 1
0.5108095506373048 1
0.511861736791131 1
0.5119618373886886 1
0.5119956578544272 1
0.5120346683482169 1
0.5121933784281196 1
0.5129947895717003 1
0.5130661437703745 1
0.5133834942458071 1
0.5140881294858294 1
0.5143742002012903 1
0.5145803602926882 1
0.5145876158458028 1
0.5147219451701022 1
0.5148487556473382 1
0.5149260599409264 1
0.5155727714979641 1
0.515648218986643 1
0.5158812237636216 1
0.516028094594363 1
0.5162931962744763 1
0.5176745810114431 1
0.5178384109712515 1
0.518184441216313 1
0.5183860343684649 1
0.5184125470140181 1
0.5185038509141275 1
0.5191168977209354 1
0.5197889111936403 1
0.5206903432754129 1
0.5210416715463452 1
0.5211895999862555 1
0.5222932316168319 1
0.5227245217746488 1
0.5230484493001827 1
0.5236278744841408 1
0.5252027588388652 1
0.5259023636623091 1
0.5260500447551888 1
0.5274087744000555 1
0.5285373615549058 1
0.5285597819480021 1
0.5315171779203471 1
0.5326619513200032 1
0.5344184098183323 1
0.5355661515171154 1
0.5361164503811691 1
0.5362296154098489 1
0.5364004178687355 1
0.5367769588337998 1
0.5369528447031267 1
0.538089042045131 1
0.539136115254814 1
0.5391486152318141 1
0.5397454545422903 1
0.5398683816641952 1
0.5399754095813714 1
0.5403149162439298 1
0.540753174375261 1
0.5409306560652838 1
0.5413969041246259 1
0.543097123325628 1
0.5431400591147613 1
0.5434342304242582 1
0.5444627227308777 1
0.5446726235092438 1
0.5447832067385104 1
0.5458121200539715 1
0.5468034304197644 1
0.5473185884883996 1
0.5476963999413536 1
0.5493638299024854 1
0.5496129754533912 1
0.5500040037988078 1
0.5529288701323997 1
0.5556646533814322 1
0.5557629837341892 1
0.5563202115854065 1
0.5565352199275572 1
0.5578957161607826 1
0.5615490302962081 1
0.562718766039107 1
0.5631394359310292 1
0.5635197007275853 1
0.5636996312643201 1
0.5637331784283728 1
0.5726112554643857 1
0.5786620241270721 1
0.5795134978652586 1
0.6042399503229501 1
