0.4339718576651049 1
0.4361583502759155 1
0.438707126996962 1
0.44692644891089933 1
0.44803025232482824 1
0.4498815027775199 1
0.45933538854525197 1
0.46070484666067946 1
0.46139211468275115 1
0.46162875308779094 1
0.4617271377593481 1
0.4635927363374693 1
0.46438582623092417 1
0.4658747247997295 1
0.46718111330822476 1
0.4679959890113869 1
0.46827880690495344 1
0.46945379601550763 1
0.46958147761277597 1
0.4699514601868139 1
0.47068438238547594 1
0.4721187972392139 1
0.4725973869537091 1
0.47283254426442767 1
0.4730275670049064 1
0.4739840237155413 1
0.47530709309788644 1
0.4758194205423094 1
0.47608956272525477 1
0.47666169062910285 1
0.47718230822287333 1
0.4780915004962651 1
0.47822894938272353 1
0.47833773005828334 1
0.47841474722879795 1
0.4788509650701886 1
0.4789053790565084 1
0.4792975452716579 1
0.47946092824721714 1
0.4799601724082189 1
0.4800179790446446 1
0.48041616857328295 1
0.4804894544389572 1
0.48166917751293015 1
0.48345514067703405 1
0.48424254348720636 1
0.4842579401065254 1
0.4854699747658453 1
0.4855204048113053 1
0.48573508329241993 1
0.4857442513543593 1
0.48612822894848057 1
0.4867321784282226 1
0.48738089265288975 1
0.4875349226711572 1
0.4875432053094241 1
0.48823946557514186 1
0.4886632959971541 1
0.4890553320270366 1
0.48920833213029047 1
0.48979317638863107 1
0.48999352704672516 1
0.49095794838507695 1
0.4914888932562895 1
0.4918457346609773 1
0.4926794348346482 1
0.49337110432168446 1
0.49434049996778073 1
0.49443119229064997 1
0.4950564616201294 1
0.4953012419457248 1
0.4957448323024793 1
0.4958102120998729 1
0.49663478168150293 1
0.49668303978536976 1
0.49686143487876744 1
0.4969152377033288 1
0.49693893656066124 1
0.49717062407141 1
0.4973093585652632 1
0.4973141012063666 1
0.49765886918099556 1
0.497832722790248 1
0.4979697909083848 1
0.49799911092948257 1
0.4981533484144702 1
0.4982386512887907 1
0.4985341583875127 1
0.4990174868574999 1
0.5001511413250547 1
0.5005513476267985 1
0.50087517812086 1
0.5009994139180793 1
0.5021598251555051 1
0.5027129839002383 1
0.5031946681395932 1
0.5045557551297881 1
0.5045768474458653 1
0.5046624324678781 1
0.5049631829902606 1
0.5050504821326555 1
0.5053003300914025 1
0.505624376987399 1
0.5056509907048097 1
0.5058268172082621 1
0.505869093522069 1
0.5059287035675899 1
0.5065729410911954 1
0.506800672494412 1
0.5068701582471058 1
0.5082008462089229 1
0.5087618088195436 1
0.5089019923302213 1
0.508932029801469 1
0.5090370213172517 1
0.5091835387240397 1
0.5097595719485978 1
0.5099223141260238 1
0.5099609926589219 1
0.5102509243539677 1
0.5105438521448383 1
0.510804177060937 1
0.5109958869644673 1
0.5111614619107135 1
0.5116077412629788 1
0.5119728291298675 1
0.5120411152348051 1
0.5122002022039396 1
0.5122389697902663 1
0.5124460435931992 1
0.5130010115734792 1
0.5133116329627304 1
0.5140877267153259 1
0.5152994415189864 1
0.5153966730974957 1
0.5157671149878492 1
0.5158972156342593 1
0.5169749249476016 1
0.5176164613906813 1
0.5182884884214651 1
0.5184873362035107 1
0.5195237758212851 1
0.5195940490920925 1
0.5208244379220447 1
0.5210511525815047 1
0.5217401147133254 1
0.5220392234382498 1
0.5230963464786162 1
0.5231011172942667 1
0.5233270145011896 1
0.523808502425248 1
0.5243666653083945 1
0.5246110488720062 1
0.5248471652776292 1
0.5248679473727558 1
0.5248946482992465 1
0.5251008166232838 1
0.5260891871541507 1
0.5262768464705696 1
0.5263176112924299 1
0.5270930090233449 1
0.5298853202562064 1
0.5299522363131542 1
0.5301081722385316 1
0.5304296359085806 1
0.5313216471224935 1
0.5321422346039794 1
0.532164167988718 1
0.5336389332190096 1
0.535597969925171 1
0.536417619859 1
0.5376107987003027 1
0.5380697207643369 1
0.5388373857602308 1
0.5395452731459494 1
0.5404735912804134 1
0.5407338767665691 1
0.5415224438563128 1
0.5440558462638605 1
0.5449759455730369 1
0.546465036186528 1
0.5468055327618001 1
0.54704298065901 1
0.5470978551530038 1
0.5508985346032428 1
0.5509263621751928 1
0.5547337756557021 1
0.5572867507315007 1
0.558806356125905 1
0.5596078783358256 1
0.560684693356247 1
0.562263736545047 1
0.5636319626570238 1
0.5636576744956201 1
0.56880113029543 1
0.5689744913641612 1
0.5817557352521214 1
0.5825343787553089 1
0.584239342777703 1
0.5923784112159736 1
