
 0.499
 0.559
 0.462
 0.497
 0.510
 0.509
 0.498
 0.497
 0.488
 0.480
 0.486
 0.478
 0.476
 0.462
 0.498
 0.524
 0.541
 0.532
 0.498
 0.484
 0.501
 0.534
 0.506
 0.501
 0.480
 0.557
 0.520
 0.505
 0.491
 0.477
 0.511
 0.479
 0.512
 0.518
 0.434
 0.527
 0.564
 0.487
 0.506
 0.513
 0.505
 0.506
 0.513
 0.484
 0.470
 0.542
 0.569
 0.510
 0.461
 0.547
 0.509
 0.498
 0.530
 0.530
 0.508
 0.517
 0.521
 0.464
 0.532
 0.536
 0.516
 0.511
 0.489
 0.536
 0.523
 0.512
 0.509
 0.540
 0.525
 0.538
 0.494
 0.540
 0.547
 0.510
 0.555
 0.474
 0.518
 0.477
 0.467
 0.509
 0.447
 0.501
 0.479
 0.525
 0.512
 0.468
 0.486
 0.497
 0.485
 0.473
 0.478
 0.496
 0.489
 0.482
 0.526
 0.473
 0.506
 0.473
 0.448
 0.493
 0.584
 0.525
 0.511
 0.512
 0.551
 0.503
 0.439
 0.545
 0.515
 0.526
 0.472
 0.476
 0.497
 0.498
 0.483
 0.525
 0.475
 0.516
 0.495
 0.497
 0.480
 0.505
 0.507
 0.466
 0.523
 0.551
 0.512
 0.450
 0.495
 0.499
 0.562
 0.496
 0.492
 0.506
 0.510
 0.464
 0.522
 0.530
 0.564
 0.493
 0.560
 0.503
 0.518
 0.498
 0.469
 0.592
 0.539
 0.488
 0.478
 0.583
 0.497
 0.515
 0.505
 0.511
 0.525
 0.507
 0.471
 0.479
 0.489
 0.491
 0.520
 0.531
 0.480
 0.582
 0.569
 0.505
 0.436
 0.490
 0.514
 0.486
 0.509
 0.488
 0.461
 0.538
 0.530
 0.490
 0.470
 0.546
 0.500
 0.512
 0.478
 0.494
 0.561
 0.486
 0.526
 0.459
 0.468
 0.502
 0.479
 0.524
 0.522
 0.497
 0.505
 0.544
 0.507
 0.523
 0.497
 0.547
 0.521
 0.487

