2 58
2 51
0 36
2 46
0 58
3 36
3 53
2 42
1 36
1 34
0 49
3 43
2 36
0 33
3 36
3 44
2 49
3 33
2 52
0 43
3 44
0 51
3 46
2 37
2 37
3 31
1 41
2 35
2 37
3 31
3 54
2 37
0 37
0 51
1 38
2 42
1 41
2 48
2 40
3 39
0 44
0 36
0 34
2 42
1 39
2 34
1 40
1 37
2 52
2 28
1 39
3 39
0 36
0 32
1 36
0 46
3 49
3 50
0 40
0 41
2 44
1 38
0 36
0 35
3 42
3 35
1 47
1 38
2 40
2 46
3 39
1 42
0 41
2 40
1 56
0 31
0 45
3 43
0 46
2 47
1 35
3 39
0 49
1 44
0 27
1 40
3 46
1 45
0 46
0 51
0 37
3 44
3 41
3 37
2 36
3 34
1 40
2 51
1 32
2 40
3 39
3 44
3 51
1 42
3 37
3 33
1 39
0 40
1 45
1 43
0 65
1 53
2 39
3 40
1 45
1 34
0 42
3 39
1 45
1 39
2 47
3 39
3 39
2 39
3 35
2 51
2 38
1 46
2 42
1 42
1 60
0 43
2 40
2 47
0 45
3 36
2 39
0 48
3 52
2 40
1 37
0 40
2 55
1 48
1 32
0 42
1 49
0 28
3 32
0 45
2 53
0 48
1 30
2 52
1 44
0 44
3 45
1 43
1 54
1 41
0 41
2 44
3 33
1 46
3 40
2 45
0 42
3 40
1 33
2 34
1 35
3 44
1 36
0 46
1 39
0 40
2 34
0 41
3 35
1 44
2 47
2 40
1 39
0 41
3 34
0 31
1 44
0 28
1 41
1 50
0 38
2 37
1 43
0 40
1 39
2 40
3 38
3 35
3 43
0 45
