0.43280524756783306 1
0.4355807447544641 1
0.4358320767257369 1
0.43920684571716057 1
0.44049385837994065 1
0.4418460249397107 1
0.4423589417412994 1
0.44741172597690415 1
0.4502910173745297 1
0.45114606065591895 1
0.4530504098296111 1
0.4534637502742698 1
0.45566004608534594 1
0.4562362939267684 1
0.4574462029850109 1
0.4579885941341649 1
0.4596233657641624 1
0.4601951813669329 1
0.460870517519373 1
0.4611311145459513 1
0.46124851910502324 1
0.4616446521954337 1
0.46174780540914545 1
0.462694398220637 1
0.46272936549603927 1
0.4630370836953972 1
0.46454274479067625 1
0.464566206151226 1
0.46473321010508384 1
0.4658426192861016 1
0.46639939356613047 1
0.46745709457096757 1
0.4674776860681464 1
0.46812718943048687 1
0.4682785925342934 1
0.468369051878387 1
0.4689421456858611 1
0.46911775806438993 1
0.4699058495413245 1
0.47028585885096214 1
0.4704172749451191 1
0.47044790030215944 1
0.4707340885002676 1
0.4720409405730275 1
0.47238951039240085 1
0.4724273509388994 1
0.47286753263854747 1
0.4733800713617395 1
0.47351200153364326 1
0.47399512618997575 1
0.4740522392583001 1
0.4751587263303275 1
0.47582169156902976 1
0.47620447704946217 1
0.4763109778111226 1
0.4766894817890048 1
0.47803025088815915 1
0.4781219029135751 1
0.47817237829698916 1
0.4786314037488715 1
0.47872799727455606 1
0.4787696914439218 1
0.48090880238713996 1
0.4812028512099531 1
0.48240452658897004 1
0.48287123536827126 1
0.48302786028224287 1
0.48422853918594716 1
0.4851946860818983 1
0.48600067465909474 1
0.48710878995383183 1
0.4874019775996809 1
0.4874202396580774 1
0.4879411186257002 1
0.4879837803724492 1
0.48800946825096436 1
0.4883333409033684 1
0.48853423521897194 1
0.4887704601733985 1
0.4888307704891893 1
0.4891972180555264 1
0.48931027302726887 1
0.4896441568531346 1
0.4897727848710668 1
0.489851465630024 1
0.49059617322607757 1
0.49105290677576624 1
0.49124429305163153 1
0.49192029177252117 1
0.4923377603776766 1
0.4925581327088184 1
0.4927622689624032 1
0.4934168677369693 1
0.4939550460256062 1
0.4942323913744408 1
0.49426267156220555 1
0.4942952277178749 1
0.49439053940979205 1
0.49480971702310916 1
0.49494860197752716 1
0.49495849368778994 1
0.49499004996885376 1
0.4950709865598639 1
0.4951465036977217 1
0.49524746042820417 1
0.4952510933230526 1
0.4968997702792559 1
0.4970512380803974 1
0.4973113639751288 1
0.4975761214708613 1
0.4983539143356122 1
0.4994389871010321 1
0.4998997130535379 1
0.5000641229002808 1
0.500245854351437 1
0.5005719652702632 1
0.5008180373535576 1
0.5017629639932998 1
0.5017911456592872 1
0.5018518043396363 1
0.5019098524278806 1
0.501991355536171 1
0.5020141863165697 1
0.5020146650860579 1
0.5032064793565488 1
0.5033560885504138 1
0.5035218609751575 1
0.5037364446123612 1
0.5038099587893041 1
0.5039821783877626 1
0.5043884620099643 1
0.5062628992012587 1
0.5064437680757059 1
0.5066134324712281 1
0.5072102944368062 1
0.5077854989715833 1
0.5085277500051749 1
0.5085656619266384 1
0.5086712012125855 1
0.5089513156209614 1
0.5090488737033931 1
0.5091994979916035 1
0.509315644112343 1
0.5099898775635681 1
0.510766182391386 1
0.5109129210147237 1
0.5114108776161417 1
0.5116110302507565 1
0.5146207241621775 1
0.5149525045858574 1
0.5156642928046572 1
0.5157623189326254 1
0.5160734905867641 1
0.5167694646340836 1
0.5174600505700754 1
0.5179043323909005 1
0.5186368775109347 1
0.5194329370527997 1
0.520119985929214 1
0.5204055127120937 1
0.5204559293641268 1
0.520618060610184 1
0.5223419961109496 1
0.522586597916202 1
0.5245226378914327 1
0.5247155300506331 1
0.5252095302009534 1
0.5252835726164702 1
0.5254746483677114 1
0.5255134127786443 1
0.5255454344936865 1
0.5261665741055785 1
0.5285270048895927 1
0.5291285610213753 1
0.529394150702343 1
0.5294795275510037 1
0.5298200045304862 1
0.529822191596157 1
0.5299766903905023 1
0.5306104068344485 1
0.5332225920443774 1
0.5348751284041853 1
0.5375542000555557 1
0.5375812227845354 1
0.5399201677690669 1
0.5416046153914922 1
0.5416339821924434 1
0.5422475905182103 1
0.5426084705812838 1
0.5428320849184606 1
0.5434913267817931 1
0.5435461583435225 1
0.5437772673229212 1
0.5449268171545572 1
0.5500340264367154 1
0.5546340230297488 1
0.5575144312706479 1
0.5600517177146392 1
0.5602260489492313 1
0.5618346040024109 1
