
 0.439
 0.497
 0.493
 0.494
 0.483
 0.507
 0.466
 0.499
 0.495
 0.495
 0.465
 0.502
 0.467
 0.466
 0.533
 0.504
 0.489
 0.490
 0.543
 0.490
 0.525
 0.525
 0.477
 0.511
 0.460
 0.506
 0.520
 0.526
 0.494
 0.491
 0.521
 0.472
 0.509
 0.516
 0.542
 0.529
 0.498
 0.453
 0.491
 0.485
 0.502
 0.469
 0.550
 0.458
 0.463
 0.463
 0.502
 0.486
 0.497
 0.473
 0.447
 0.468
 0.511
 0.474
 0.494
 0.472
 0.542
 0.475
 0.471
 0.465
 0.457
 0.492
 0.453
 0.442
 0.465
 0.509
 0.488
 0.488
 0.500
 0.495
 0.491
 0.544
 0.517
 0.518
 0.495
 0.488
 0.502
 0.482
 0.436
 0.492
 0.520
 0.478
 0.515
 0.451
 0.530
 0.558
 0.476
 0.463
 0.525
 0.531
 0.555
 0.489
 0.560
 0.468
 0.494
 0.470
 0.489
 0.520
 0.495
 0.456
 0.479
 0.507
 0.450
 0.461
 0.487
 0.493
 0.481
 0.473
 0.472
 0.526
 0.519
 0.545
 0.500
 0.487
 0.540
 0.503
 0.538
 0.440
 0.467
 0.488
 0.493
 0.515
 0.483
 0.433
 0.495
 0.516
 0.538
 0.560
 0.504
 0.487
 0.504
 0.495
 0.516
 0.456
 0.476
 0.530
 0.525
 0.436
 0.535
 0.479
 0.509
 0.489
 0.470
 0.529
 0.501
 0.542
 0.442
 0.562
 0.502
 0.478
 0.519
 0.474
 0.544
 0.504
 0.462
 0.494
 0.517
 0.506
 0.500
 0.543
 0.526
 0.509
 0.476
 0.495
 0.474
 0.481
 0.498
 0.470
 0.484
 0.522
 0.461
 0.509
 0.479
 0.503
 0.461
 0.529
 0.462
 0.512
 0.509
 0.530
 0.489
 0.469
 0.470
 0.502
 0.525
 0.468
 0.529
 0.508
 0.490
 0.511
 0.510
 0.478
 0.502
 0.543
 0.523
 0.460
 0.497
 0.504
 0.501
 0.509

