
 0.531
 0.528
 0.516
 0.529
 0.572
 0.526
 0.587
 0.499
 0.487
 0.519
 0.508
 0.559
 0.590
 0.595
 0.545
 0.580
 0.539
 0.522
 0.568
 0.546
 0.548
 0.504
 0.564
 0.541
 0.551
 0.532
 0.540
 0.539
 0.545
 0.561
 0.551
 0.557
 0.532
 0.571
 0.522
 0.520
 0.528
 0.527
 0.536
 0.526
 0.507
 0.569
 0.516
 0.542
 0.536
 0.575
 0.514
 0.528
 0.506
 0.513
 0.483
 0.546
 0.587
 0.554
 0.541
 0.537
 0.565
 0.563
 0.579
 0.533
 0.566
 0.521
 0.529
 0.557
 0.526
 0.491
 0.583
 0.528
 0.541
 0.564
 0.549
 0.538
 0.584
 0.506
 0.546
 0.531
 0.514
 0.593
 0.573
 0.571
 0.528
 0.533
 0.557
 0.562
 0.595
 0.548
 0.572
 0.577
 0.577
 0.546
 0.547
 0.569
 0.560
 0.546
 0.520
 0.528
 0.521
 0.572
 0.559
 0.542
 0.538
 0.535
 0.518
 0.538
 0.535
 0.518
 0.511
 0.580
 0.542
 0.587
 0.517
 0.567
 0.548
 0.561
 0.542
 0.603
 0.550
 0.549
 0.519
 0.535
 0.505
 0.524
 0.538
 0.578
 0.614
 0.526
 0.495
 0.555
 0.516
 0.544
 0.528
 0.560
 0.491
 0.541
 0.554
 0.620
 0.591
 0.541
 0.548
 0.543
 0.590
 0.572
 0.573
 0.536
 0.518
 0.516
 0.514
 0.561
 0.541
 0.492
 0.516
 0.580
 0.533
 0.513
 0.542
 0.527
 0.481
 0.577
 0.561
 0.512
 0.512
 0.474
 0.556
 0.521
 0.530
 0.539
 0.534
 0.526
 0.544
 0.540
 0.531
 0.569
 0.539
 0.571
 0.481
 0.540
 0.526
 0.612
 0.559
 0.502
 0.561
 0.575
 0.526
 0.515
 0.559
 0.535
 0.540
 0.478
 0.520
 0.524
 0.553
 0.506
 0.538
 0.595
 0.550
 0.565
 0.548
 0.573
 0.543
 0.549

