0.42808596116860104 1
0.4321505967060194 1
0.439534323077681 1
0.4416853240177055 1
0.4422764430354427 1
0.4431862448696204 1
0.4452219005519492 1
0.44529335755693933 1
0.4489514314598845 1
0.4490959827798237 1
0.45032302389438633 1
0.45182484561294073 1
0.45286633261042347 1
0.453002374891607 1
0.45371991853768057 1
0.45522988096892236 1
0.4575579547326303 1
0.4581513444728287 1
0.45875309446983925 1
0.4596582388967025 1
0.4600881984622594 1
0.46053475027917495 1
0.46086707371782354 1
0.46356314633204965 1
0.46384089881476975 1
0.4640724634266373 1
0.46437036574948626 1
0.46440782732144875 1
0.465051878216186 1
0.46617816426400227 1
0.468007830752529 1
0.46885726105024295 1
0.46927286946495733 1
0.47008075925186327 1
0.4702045806233055 1
0.47315821153809123 1
0.4747759085808935 1
0.47516278699465936 1
0.4751779882669135 1
0.47596699929256675 1
0.47618048655176687 1
0.476226450468356 1
0.47658149564717206 1
0.4767977857260962 1
0.4770733886631001 1
0.4775436339170585 1
0.47858712117965657 1
0.4798891483775794 1
0.4808424192668289 1
0.4809509740900918 1
0.48210141941920404 1
0.48213149675301714 1
0.4830663300166528 1
0.4836413988568964 1
0.4837250166173014 1
0.4839133686807627 1
0.4845728718469796 1
0.4846028590171499 1
0.4852286332684043 1
0.4862133471206782 1
0.4864205605973191 1
0.48664576629851747 1
0.486836518475908 1
0.4877008121819557 1
0.487991674414761 1
0.48835297264345745 1
0.4883976309189698 1
0.4885345690157537 1
0.48861058744811947 1
0.48869865571857213 1
0.4888784438944916 1
0.4903877257734678 1
0.49136016313936814 1
0.49255007008850066 1
0.4931255507992838 1
0.4932769466183281 1
0.4934648603610233 1
0.49368729958752644 1
0.4940693124116225 1
0.49424457185152515 1
0.49427816455128254 1
0.49451876955660984 1
0.49458001573938554 1
0.49468399009482233 1
0.49498826923782596 1
0.49610454246816604 1
0.4961171869837004 1
0.4962860250411606 1
0.4964007674858081 1
0.49693722024034703 1
0.49728595803918524 1
0.497540042141665 1
0.49787677520645246 1
0.49841999966426287 1
0.4986622680594639 1
0.49982404852323264 1
0.4999957816620823 1
0.5000173013573801 1
0.5001324531954956 1
0.5009841276425397 1
0.5011412441703273 1
0.5014214156085841 1
0.5016187588683992 1
0.5021918602276352 1
0.5022912050549676 1
0.5023635934866537 1
0.5025712489574987 1
0.5025968369965237 1
0.503703831324944 1
0.5039972297640665 1
0.5045583024122935 1
0.5049028512536411 1
0.5051956271053784 1
0.5059289023064221 1
0.5063449464978279 1
0.5063658221638966 1
0.5069550058458993 1
0.5071156845674527 1
0.5072031453831782 1
0.5073602754434248 1
0.5091103649979756 1
0.5091409377296674 1
0.5094294892885702 1
0.5105470145669215 1
0.5116940836348796 1
0.5126853604281344 1
0.5128327564631932 1
0.5128442650030041 1
0.5141589335992621 1
0.514596695314591 1
0.5146281142099882 1
0.5146755618744194 1
0.5147509389553436 1
0.5149487418655333 1
0.5151007997127649 1
0.515309498574415 1
0.5159630013327889 1
0.5160156231458654 1
0.5163748590869823 1
0.5166221043390665 1
0.5167935589636552 1
0.5168429153874058 1
0.5169585091622494 1
0.5174910086215785 1
0.5179802082422105 1
0.5180374421158206 1
0.5197153814693821 1
0.519900260004724 1
0.5205360498896195 1
0.52060072670165 1
0.5206310854364697 1
0.5213059761404476 1
0.5213611590516489 1
0.5219720549779505 1
0.5221586148506866 1
0.5222021440330467 1
0.5230524458652953 1
0.5253530952721088 1
0.5256274230353198 1
0.5257381435346293 1
0.5258271855405987 1
0.5260192797491698 1
0.5262654010199541 1
0.5266280245891085 1
0.5266373069896283 1
0.5266977350763057 1
0.5268495733286969 1
0.5268636968670056 1
0.5271549505662334 1
0.5274605492521666 1
0.5276989890742176 1
0.5280198075215327 1
0.5287792090389519 1
0.5294768427763008 1
0.5295503391565151 1
0.5300779240433997 1
0.5316630646581362 1
0.5327514166502901 1
0.5341219871727023 1
0.5356834340965705 1
0.5363470432654656 1
0.5367738740804089 1
0.5378827622232777 1
0.5401652152401444 1
0.5419016351361938 1
0.5428181130459158 1
0.5439390336655748 1
0.5441117937032665 1
0.5449088794093012 1
0.5482279759743072 1
0.5492108654056124 1
0.5517493057543779 1
0.5527688457428288 1
0.5579542038046642 1
0.5590543019163448 1
0.5620503262319524 1
0.5649606109553363 1
0.5667534398031385 1
0.5715463159414417 1
0.5851558311323525 1
