
 0.518
 0.485
 0.518
 0.493
 0.497
 0.469
 0.500
 0.517
 0.509
 0.585
 0.481
 0.517
 0.506
 0.500
 0.514
 0.503
 0.460
 0.489
 0.498
 0.549
 0.522
 0.459
 0.526
 0.488
 0.515
 0.520
 0.485
 0.494
 0.513
 0.496
 0.475
 0.520
 0.449
 0.505
 0.470
 0.464
 0.489
 0.484
 0.522
 0.494
 0.475
 0.488
 0.516
 0.449
 0.523
 0.507
 0.486
 0.484
 0.464
 0.493
 0.497
 0.521
 0.478
 0.529
 0.512
 0.517
 0.558
 0.465
 0.562
 0.542
 0.458
 0.540
 0.527
 0.505
 0.505
 0.526
 0.494
 0.503
 0.450
 0.527
 0.529
 0.487
 0.488
 0.495
 0.521
 0.483
 0.482
 0.477
 0.455
 0.432
 0.496
 0.513
 0.548
 0.489
 0.538
 0.470
 0.494
 0.445
 0.486
 0.493
 0.559
 0.509
 0.525
 0.452
 0.491
 0.501
 0.498
 0.461
 0.504
 0.517
 0.442
 0.545
 0.477
 0.453
 0.440
 0.521
 0.521
 0.527
 0.527
 0.493
 0.482
 0.501
 0.507
 0.464
 0.496
 0.495
 0.500
 0.516
 0.489
 0.517
 0.469
 0.443
 0.526
 0.445
 0.552
 0.522
 0.536
 0.442
 0.477
 0.543
 0.453
 0.528
 0.464
 0.460
 0.428
 0.473
 0.530
 0.487
 0.485
 0.507
 0.526
 0.502
 0.502
 0.513
 0.544
 0.476
 0.527
 0.495
 0.544
 0.476
 0.499
 0.464
 0.480
 0.516
 0.567
 0.509
 0.553
 0.479
 0.454
 0.461
 0.515
 0.528
 0.488
 0.496
 0.515
 0.527
 0.565
 0.572
 0.527
 0.475
 0.511
 0.501
 0.515
 0.502
 0.500
 0.515
 0.466
 0.526
 0.468
 0.506
 0.506
 0.515
 0.476
 0.481
 0.502
 0.530
 0.534
 0.536
 0.521
 0.458
 0.507
 0.515
 0.490
 0.498
 0.537
 0.533
 0.495
 0.484
 0.504
 0.532

