0.44189533404927667 1
0.4488311709799251 1
0.45238473004850965 1
0.4525738461641378 1
0.4566750027342201 1
0.4572962772173797 1
0.4599526468344564 1
0.4608438356038123 1
0.4619592355481478 1
0.46537973965150414 1
0.466212655023377 1
0.4697571637700436 1
0.4718343707936812 1
0.4718399686067064 1
0.4720317896224641 1
0.472244234831657 1
0.47263683474300255 1
0.4743260275413884 1
0.474803474894771 1
0.4754118530268174 1
0.4758591011219995 1
0.4760334466210699 1
0.47680150718788306 1
0.4776648396018712 1
0.479837504336905 1
0.480750239859324 1
0.481552517139064 1
0.4820792058869804 1
0.483653287889755 1
0.4838214543313205 1
0.4841604713331948 1
0.4843453304966613 1
0.4844728739872028 1
0.4852496645491619 1
0.4858685152692499 1
0.485953398842266 1
0.4865876677974477 1
0.4869128148226059 1
0.48699513107402254 1
0.4871017592761167 1
0.4882057746169233 1
0.48861688298059597 1
0.48991849066876175 1
0.4930134600278338 1
0.4931378456609075 1
0.4948085600811652 1
0.49512439959139765 1
0.49556866984299835 1
0.49607592919709104 1
0.49635084454287115 1
0.4964793518911989 1
0.4971611159296977 1
0.4971617963978119 1
0.4977865277380678 1
0.498210024356664 1
0.49821773688947585 1
0.4987061978388481 1
0.4991603098729467 1
0.5004777307173177 1
0.5012966310154295 1
0.501440220966596 1
0.5018002670956278 1
0.5018736997396332 1
0.5021187388711236 1
0.5021979029215919 1
0.5027311125887863 1
0.502881218944374 1
0.5040889012868947 1
0.5046483236174535 1
0.505265601471407 1
0.5054924942994523 1
0.5057600711596278 1
0.5062845473895627 1
0.5066107635248012 1
0.5068735646956626 1
0.5072217702553767 1
0.5072277778006038 1
0.5074001790406243 1
0.5075429624639262 1
0.5077082780603359 1
0.5080022514650522 1
0.5081054576535516 1
0.5086289979956959 1
0.5086686866685594 1
0.5087007318637888 1
0.5098506631602224 1
0.5101192191245927 1
0.5103278125467591 1
0.5105917180386501 1
0.5113058443377664 1
0.5113468062784737 1
0.5124700243165912 1
0.5124921848634354 1
0.5128559529517884 1
0.5128819586894088 1
0.5129977528306486 1
0.5130376668919732 1
0.5137870483082753 1
0.5139898517114074 1
0.51422270313467 1
0.5159032973316677 1
0.5159100333417936 1
0.5161432723267575 1
0.5166493543371619 1
0.51671355905416 1
0.5168660771617489 1
0.5181499341591729 1
0.5191241856337645 1
0.5194327040185516 1
0.5194688670550929 1
0.5196074926953395 1
0.5202248021906004 1
0.5205635228479412 1
0.5205978141037254 1
0.5208079862782214 1
0.5211038854349157 1
0.5218193193490375 1
0.5219478292917831 1
0.5220947215955265 1
0.5222544926485578 1
0.5232746506071639 1
0.5237960224662594 1
0.524195194046662 1
0.5246352507684098 1
0.5247590694684109 1
0.5255185503118674 1
0.5268089109370948 1
0.5270418353566647 1
0.527313555375409 1
0.5274154787844513 1
0.5277458698241143 1
0.5280912679505276 1
0.5291013116610656 1
0.5291677863372461 1
0.5295116033671399 1
0.529607617078719 1
0.530667918565372 1
0.5306877288200703 1
0.5310161582101347 1
0.5311553373499526 1
0.5314157700502715 1
0.5320136250128131 1
0.5322683804753434 1
0.5326554505560316 1
0.5330165558363493 1
0.533583582554222 1
0.5346692106663461 1
0.5350638302134126 1
0.5352626649653982 1
0.5352979374150325 1
0.5353189849528484 1
0.5364990952638901 1
0.5368155106862266 1
0.5379012204226907 1
0.5382395094729753 1
0.5388011867216786 1
0.5389966292954658 1
0.5401276463859336 1
0.54058343495212 1
0.5408654383629548 1
0.5410398479028856 1
0.54120441495789 1
0.5418526974814682 1
0.5433842979024391 1
0.5448617554931233 1
0.5461786984510392 1
0.5463340032565925 1
0.546334369375261 1
0.5465253762719614 1
0.5466163263051809 1
0.5481458231801288 1
0.5481951703636065 1
0.5532464284400117 1
0.5533433089351737 1
0.5534736168233497 1
0.5537232872042968 1
0.5550607871059668 1
0.5559840634839862 1
0.5565837285356726 1
0.5581967169299198 1
0.5589359566059656 1
0.5590619649872044 1
0.5595368161005774 1
0.5595861458651561 1
0.5602437099929459 1
0.5624808118600129 1
0.5625818388710496 1
0.5642957893243813 1
0.5644604046888673 1
0.5654021159927616 1
0.565993756409005 1
0.5661901149168671 1
0.5671739360650794 1
0.5676585996428272 1
0.5701035635535682 1
0.5733382389942282 1
0.574587851880932 1
0.5810615794410132 1
0.5864023961179856 1
0.5904850997839689 1
