
 0.568
 0.502
 0.542
 0.465
 0.502
 0.514
 0.500
 0.538
 0.457
 0.510
 0.496
 0.466
 0.508
 0.482
 0.566
 0.485
 0.502
 0.527
 0.519
 0.508
 0.522
 0.457
 0.590
 0.517
 0.473
 0.525
 0.495
 0.496
 0.505
 0.556
 0.523
 0.529
 0.559
 0.563
 0.524
 0.516
 0.476
 0.547
 0.520
 0.529
 0.541
 0.486
 0.555
 0.535
 0.553
 0.522
 0.493
 0.527
 0.484
 0.476
 0.535
 0.536
 0.489
 0.537
 0.581
 0.503
 0.570
 0.513
 0.508
 0.453
 0.452
 0.531
 0.512
 0.490
 0.558
 0.477
 0.501
 0.531
 0.487
 0.512
 0.484
 0.559
 0.547
 0.508
 0.514
 0.487
 0.495
 0.545
 0.554
 0.472
 0.480
 0.513
 0.507
 0.497
 0.462
 0.560
 0.528
 0.546
 0.516
 0.499
 0.505
 0.530
 0.541
 0.521
 0.509
 0.540
 0.524
 0.497
 0.535
 0.514
 0.517
 0.498
 0.522
 0.548
 0.539
 0.472
 0.519
 0.516
 0.528
 0.498
 0.553
 0.484
 0.442
 0.527
 0.522
 0.560
 0.493
 0.475
 0.482
 0.484
 0.507
 0.575
 0.532
 0.533
 0.535
 0.499
 0.567
 0.546
 0.520
 0.506
 0.510
 0.501
 0.511
 0.548
 0.509
 0.504
 0.510
 0.505
 0.527
 0.560
 0.449
 0.509
 0.543
 0.475
 0.507
 0.487
 0.557
 0.553
 0.534
 0.521
 0.518
 0.488
 0.532
 0.573
 0.586
 0.511
 0.564
 0.546
 0.513
 0.531
 0.496
 0.539
 0.541
 0.521
 0.472
 0.513
 0.531
 0.526
 0.521
 0.487
 0.535
 0.562
 0.564
 0.472
 0.530
 0.460
 0.470
 0.511
 0.525
 0.478
 0.517
 0.538
 0.541
 0.486
 0.461
 0.484
 0.502
 0.506
 0.503
 0.565
 0.533
 0.519
 0.507
 0.566
 0.498
 0.507
 0.496
 0.481
 0.474
 0.531

