
 0.560
 0.574
 0.564
 0.560
 0.539
 0.559
 0.514
 0.574
 0.532
 0.519
 0.549
 0.542
 0.538
 0.562
 0.560
 0.522
 0.576
 0.595
 0.528
 0.607
 0.547
 0.582
 0.541
 0.506
 0.604
 0.604
 0.557
 0.527
 0.592
 0.515
 0.571
 0.539
 0.561
 0.528
 0.549
 0.530
 0.602
 0.537
 0.596
 0.549
 0.574
 0.513
 0.558
 0.522
 0.483
 0.531
 0.500
 0.545
 0.550
 0.565
 0.552
 0.602
 0.496
 0.579
 0.581
 0.544
 0.500
 0.558
 0.536
 0.567
 0.543
 0.528
 0.534
 0.547
 0.556
 0.564
 0.556
 0.545
 0.534
 0.563
 0.545
 0.548
 0.582
 0.548
 0.519
 0.512
 0.603
 0.545
 0.559
 0.541
 0.533
 0.563
 0.502
 0.610
 0.546
 0.539
 0.520
 0.533
 0.521
 0.545
 0.589
 0.588
 0.527
 0.566
 0.529
 0.542
 0.570
 0.558
 0.547
 0.539
 0.521
 0.616
 0.529
 0.552
 0.600
 0.550
 0.598
 0.547
 0.543
 0.591
 0.592
 0.531
 0.534
 0.602
 0.549
 0.452
 0.559
 0.603
 0.551
 0.529
 0.557
 0.552
 0.512
 0.538
 0.592
 0.500
 0.559
 0.567
 0.575
 0.540
 0.548
 0.558
 0.565
 0.520
 0.516
 0.510
 0.603
 0.582
 0.591
 0.572
 0.564
 0.549
 0.553
 0.554
 0.572
 0.571
 0.545
 0.590
 0.538
 0.531
 0.571
 0.533
 0.560
 0.518
 0.609
 0.539
 0.568
 0.563
 0.477
 0.612
 0.585
 0.544
 0.547
 0.545
 0.561
 0.549
 0.557
 0.575
 0.564
 0.557
 0.541
 0.608
 0.574
 0.562
 0.556
 0.541
 0.580
 0.522
 0.505
 0.590
 0.477
 0.578
 0.606
 0.520
 0.602
 0.523
 0.562
 0.536
 0.557
 0.546
 0.547
 0.498
 0.567
 0.542
 0.624
 0.560
 0.531
 0.536
 0.555
 0.563

