0.4275120224177877 1
0.4388605891607973 1
0.4414487901605076 1
0.44775144608855677 1
0.4483409361464835 1
0.44876049818208436 1
0.4552597694881619 1
0.45925283140339324 1
0.46186368196370575 1
0.46311849412224626 1
0.46403038958186654 1
0.4641431080520321 1
0.46478223928214163 1
0.4652384707351932 1
0.4658354953720867 1
0.4673442628792893 1
0.4674140833870714 1
0.468651902110614 1
0.4704824125415116 1
0.47061848362253217 1
0.47066291169400265 1
0.47178304482299505 1
0.471900556353282 1
0.473018618061953 1
0.4735732053301117 1
0.47398056504411307 1
0.47449713141437494 1
0.47467214080984177 1
0.4757388161225444 1
0.4758487354389657 1
0.47605366360385865 1
0.4764680465045565 1
0.47680951171655395 1
0.47684368044680087 1
0.4770435495001605 1
0.4776530685007046 1
0.4779504887073221 1
0.47832110033543834 1
0.47849726633405565 1
0.4787014729318336 1
0.47873469500856203 1
0.4795440830494166 1
0.47980309307130203 1
0.48032050057671655 1
0.4809191574420073 1
0.48102208918166367 1
0.48132773998558975 1
0.48321404837723114 1
0.48350751134539943 1
0.48461959363008217 1
0.4850983527518023 1
0.48535423308605147 1
0.4853589433865673 1
0.48539341449161993 1
0.48553017495929296 1
0.4858104812282814 1
0.48676954870677647 1
0.4867809199837961 1
0.486997695558102 1
0.48726980334679887 1
0.487549292868997 1
0.4875647917590073 1
0.48769872245483364 1
0.48848140364115694 1
0.4888987497838782 1
0.49030640948213394 1
0.4904610053766901 1
0.49049069011438434 1
0.49066648048825107 1
0.4908473136649593 1
0.4911830373983123 1
0.49142500260704497 1
0.4923613568225025 1
0.4930128257101532 1
0.49378527754823165 1
0.4938493247044672 1
0.4950723446880864 1
0.4951271019602318 1
0.4952381884637883 1
0.4957627684608657 1
0.49666001494867085 1
0.4968647221724579 1
0.4981331125500348 1
0.4981476513795893 1
0.49842348721712787 1
0.4988151993184383 1
0.4999028212923948 1
0.49990737426302023 1
0.5001781490095981 1
0.5004903929640545 1
0.5007839577199341 1
0.501431872982685 1
0.5015644343293831 1
0.5016390870534956 1
0.5020627696866616 1
0.5025648525973273 1
0.5027252354570942 1
0.5040623015977641 1
0.5042942011332531 1
0.5043771737724547 1
0.504525997815923 1
0.5050145224063608 1
0.5050419416774503 1
0.5054404154933644 1
0.5054791224920921 1
0.5060229376875685 1
0.5071120170277665 1
0.507340611070623 1
0.5076072127829925 1
0.5077556265487716 1
0.5082820043969523 1
0.5083761127502399 1
0.5084116952309615 1
0.5084400636242782 1
0.5084716538544056 1
0.5091885646409442 1
0.5094281568118324 1
0.5094406882680981 1
0.5097334623830794 1
0.5104778698867141 1
0.5105510651134402 1
0.5106609152300271 1
0.5112562534699864 1
0.5121529339965498 1
0.5122350585107865 1
0.5125029454880555 1
0.5125453023433364 1
0.5131250891146631 1
0.5133088876693401 1
0.5134848773904314 1
0.5146372166771136 1
0.5147138691277753 1
0.514959925910597 1
0.5150104387137309 1
0.5150958615046158 1
0.5169355970542413 1
0.5173008051117265 1
0.5173020456284143 1
0.5175493529707693 1
0.5180406263701436 1
0.5181961520471448 1
0.5181979825431706 1
0.5183883225882472 1
0.5187859388731293 1
0.5190365215629043 1
0.5192815571445855 1
0.5201459198813353 1
0.5204305863828337 1
0.5209858320661064 1
0.5230341547349817 1
0.523223199317104 1
0.5235858256594598 1
0.5238220677279876 1
0.5242888629024237 1
0.5243862187833453 1
0.5250697234633518 1
0.5254039910915446 1
0.5255706246582795 1
0.5262949565186003 1
0.5277364371196385 1
0.5279616358141519 1
0.5281015456681459 1
0.529161084676564 1
0.5295881426954936 1
0.5298530491557665 1
0.5299089002074069 1
0.5300247338859609 1
0.5314883727492369 1
0.5315834737038829 1
0.5323269602793457 1
0.5340754173823974 1
0.5346765899131678 1
0.5353453275707402 1
0.5355282087452796 1
0.5357409714100335 1
0.5357777734953304 1
0.536226492099155 1
0.5364646344680329 1
0.5403040471135152 1
0.5404781372406982 1
0.5405276559267849 1
0.5405860035659704 1
0.5409194224675286 1
0.541431432971581 1
0.5414770475671111 1
0.541651933709225 1
0.543063528803072 1
0.5449600731151221 1
0.5454654433514452 1
0.5484147837879116 1
0.5496958594473362 1
0.5537877386032374 1
0.5588583870433643 1
0.5608878593477489 1
0.5633000140333128 1
0.5667743936882679 1
0.578056351542874 1
0.5821632056755904 1
0.5970923219877005 1
0.5994126106257232 1
