
 0.521
 0.484
 0.488
 0.465
 0.510
 0.481
 0.507
 0.511
 0.526
 0.511
 0.505
 0.496
 0.507
 0.506
 0.481
 0.487
 0.508
 0.495
 0.550
 0.497
 0.563
 0.494
 0.477
 0.536
 0.513
 0.490
 0.508
 0.480
 0.473
 0.490
 0.508
 0.524
 0.520
 0.488
 0.519
 0.487
 0.499
 0.548
 0.536
 0.509
 0.501
 0.545
 0.485
 0.578
 0.505
 0.500
 0.492
 0.554
 0.483
 0.471
 0.536
 0.528
 0.477
 0.474
 0.485
 0.540
 0.476
 0.491
 0.491
 0.523
 0.459
 0.472
 0.495
 0.508
 0.513
 0.439
 0.487
 0.540
 0.465
 0.486
 0.529
 0.476
 0.466
 0.515
 0.485
 0.567
 0.517
 0.531
 0.515
 0.488
 0.530
 0.470
 0.448
 0.476
 0.515
 0.561
 0.536
 0.428
 0.543
 0.448
 0.503
 0.485
 0.491
 0.530
 0.505
 0.535
 0.597
 0.500
 0.532
 0.504
 0.485
 0.541
 0.523
 0.541
 0.498
 0.524
 0.469
 0.508
 0.495
 0.509
 0.525
 0.536
 0.500
 0.515
 0.504
 0.477
 0.517
 0.508
 0.502
 0.441
 0.534
 0.493
 0.515
 0.513
 0.489
 0.480
 0.449
 0.528
 0.463
 0.524
 0.541
 0.488
 0.491
 0.509
 0.476
 0.501
 0.517
 0.455
 0.505
 0.512
 0.518
 0.474
 0.471
 0.479
 0.479
 0.525
 0.497
 0.519
 0.472
 0.528
 0.518
 0.541
 0.530
 0.519
 0.498
 0.503
 0.494
 0.513
 0.502
 0.502
 0.530
 0.542
 0.532
 0.512
 0.535
 0.467
 0.559
 0.524
 0.464
 0.481
 0.513
 0.599
 0.526
 0.464
 0.520
 0.582
 0.467
 0.478
 0.486
 0.487
 0.500
 0.518
 0.478
 0.475
 0.545
 0.478
 0.518
 0.505
 0.508
 0.474
 0.510
 0.490
 0.511
 0.478
 0.504
 0.480
 0.518
 0.498
 0.541
 0.462

