0 31
3 41
0 38
2 36
2 36
1 41
1 41
3 41
0 49
1 41
1 35
3 48
1 37
0 42
3 38
2 38
2 47
3 44
0 31
2 41
1 36
0 36
2 46
0 40
1 43
1 50
1 36
2 28
2 51
3 46
0 42
1 48
0 41
0 34
0 46
0 40
0 34
3 31
3 35
2 35
3 30
1 45
2 53
0 38
0 30
2 35
0 50
0 40
1 46
0 54
3 43
1 42
0 38
1 52
2 48
1 35
0 35
1 42
3 36
3 48
0 48
1 45
0 25
0 49
3 36
3 40
0 46
2 40
1 36
1 40
3 37
0 46
2 33
3 46
0 44
1 50
2 39
0 34
2 39
2 38
2 56
0 43
1 51
0 39
2 40
2 39
2 40
1 52
0 46
1 46
3 38
3 47
0 39
2 52
0 51
0 50
0 39
3 46
2 48
2 35
3 39
1 43
0 46
1 39
2 36
2 34
1 53
3 34
1 41
3 33
3 31
3 42
2 50
0 54
2 46
3 37
2 38
2 39
3 49
0 49
0 44
0 34
0 48
0 57
3 46
2 35
2 33
1 50
3 35
3 53
1 45
2 40
3 39
2 38
2 40
0 39
0 46
2 49
0 42
1 34
1 34
3 37
1 50
2 38
0 50
1 46
0 40
3 43
1 33
0 40
1 41
2 44
3 36
0 39
1 49
0 58
3 45
2 40
2 41
2 28
0 37
1 42
0 34
1 41
3 44
2 41
1 48
3 50
1 55
3 45
2 47
3 39
0 29
2 43
0 36
0 37
1 37
2 48
3 46
0 47
2 37
1 41
3 48
1 44
3 44
1 36
1 48
1 42
2 37
2 53
1 52
3 41
3 48
1 46
1 55
3 42
2 50
2 34
1 36
0 35
