0.4214329199960375 1
0.4382275520034564 1
0.4397093760724096 1
0.44278714570741107 1
0.4588908098791126 1
0.460142144010557 1
0.46075252639350844 1
0.4609244139471801 1
0.4619469229139624 1
0.46637421967071885 1
0.467440328997542 1
0.4677137176316169 1
0.4687517468476879 1
0.46916217827394063 1
0.4732145751894334 1
0.4749173291630994 1
0.47672023216850046 1
0.4780165674442001 1
0.47964476640769604 1
0.48061299841098604 1
0.48101640291253295 1
0.4824186767744095 1
0.48264647195728794 1
0.48406444848640734 1
0.48426034019517417 1
0.4850788974997057 1
0.48609184213398215 1
0.4863309223143259 1
0.4863822833391175 1
0.48744419629696184 1
0.4882349595636407 1
0.4900627065815631 1
0.491231512649372 1
0.49151050442883615 1
0.49197245440914744 1
0.49264581416640113 1
0.4927208022030453 1
0.4934340145761513 1
0.493592070412837 1
0.49446788513163237 1
0.4948547483072703 1
0.4960961738830582 1
0.49649709716156826 1
0.4966442032056456 1
0.49778272948337265 1
0.4985042259045243 1
0.49872874491001357 1
0.4992783630063229 1
0.49938459574784894 1
0.5005848640750885 1
0.5006860706377512 1
0.501537329282785 1
0.5018027673606739 1
0.5043679387633403 1
0.5053853542962279 1
0.5058126826298155 1
0.5065507002503093 1
0.5077411104115108 1
0.5084247758646474 1
0.5086197877771927 1
0.5088102996488327 1
0.5088116414692544 1
0.5098699166914574 1
0.510325480666954 1
0.5107515705068933 1
0.5112982840010722 1
0.5115652837478978 1
0.5116072676626127 1
0.5116642849461556 1
0.5116879057177784 1
0.5118533414141744 1
0.5126653003548729 1
0.5129397992549243 1
0.5135606274923954 1
0.5142205592704147 1
0.514291062244624 1
0.5144587894277827 1
0.5150985188983429 1
0.5155087458095273 1
0.515541099191521 1
0.5156154104769362 1
0.5156695575296362 1
0.5158368899943097 1
0.5168743120160724 1
0.5172209949314438 1
0.5175388822419648 1
0.5178811302494369 1
0.5183691066785899 1
0.5185954322095716 1
0.5188505909574023 1
0.518991743363793 1
0.5196450954281071 1
0.5214977210251154 1
0.5215205296509714 1
0.5217439416638304 1
0.5218637378657144 1
0.5222983390819229 1
0.5226550346783626 1
0.5233954411964307 1
0.5235744450718772 1
0.5237653118443615 1
0.5240035615259221 1
0.5242879804400189 1
0.5258588450786023 1
0.5261588659147188 1
0.5262099755737514 1
0.5269282360332418 1
0.5270189631775597 1
0.5271548211040676 1
0.5276405154148643 1
0.5280396135722478 1
0.5281879729392263 1
0.5282581656404013 1
0.5282954941257142 1
0.5287357778216125 1
0.5287657316446865 1
0.5289317871800686 1
0.52917670298145 1
0.5299883811600884 1
0.5300980349347206 1
0.530557828252472 1
0.5306632342777045 1
0.5313353307385631 1
0.531515040878599 1
0.5317528965920313 1
0.5319640498999081 1
0.5333389732909807 1
0.5335754464970124 1
0.5339642618934503 1
0.5340169400448999 1
0.5346611563237496 1
0.5347305521011141 1
0.5363202798088007 1
0.536566784323214 1
0.5366898389796296 1
0.5368844446190237 1
0.53732812397958 1
0.5375085896684296 1
0.5375175626581781 1
0.5379554046922476 1
0.538227245616273 1
0.5386252932893144 1
0.539319135602246 1
0.5396392047128873 1
0.5410061127279276 1
0.5417270796432772 1
0.5418625028069782 1
0.541955566782275 1
0.542009017238277 1
0.5422088847288743 1
0.5425865031431486 1
0.5438095723366938 1
0.5442122327703388 1
0.5444753644833431 1
0.5445700045061728 1
0.5453448031868794 1
0.5456487059392938 1
0.5473432690383453 1
0.5476061942049658 1
0.5502772994410039 1
0.5503002780492268 1
0.5505647190528752 1
0.5512311671928589 1
0.552354793836281 1
0.5561262591965913 1
0.5561522850742755 1
0.5564130258062309 1
0.5569808922364402 1
0.5573339543148296 1
0.5579182791153228 1
0.5586681565000982 1
0.5587817080824271 1
0.5610302619309846 1
0.5614451674749312 1
0.5622586904831061 1
0.5652743095906663 1
0.5666303814683723 1
0.5679968319523587 1
0.5680794410250173 1
0.5683052915594725 1
0.5687075839031854 1
0.5713696553061767 1
0.5715108007323867 1
0.5723653775527899 1
0.5725565032745746 1
0.5729521524791827 1
0.573181694510064 1
0.5736996381125785 1
0.5761553882535005 1
0.5765836884381413 1
0.5798264643971254 1
0.5849560218711543 1
0.5850156473715331 1
0.5902763159050164 1
0.5904135468798118 1
0.5917048963504314 1
0.5938203525722217 1
0.5975335256819467 1
0.6012242188870469 1
0.617188984952932 1
