
 0.443
 0.543
 0.524
 0.551
 0.482
 0.585
 0.522
 0.573
 0.542
 0.516
 0.515
 0.527
 0.522
 0.502
 0.518
 0.499
 0.477
 0.487
 0.499
 0.556
 0.529
 0.533
 0.550
 0.512
 0.527
 0.557
 0.573
 0.544
 0.514
 0.568
 0.509
 0.490
 0.590
 0.516
 0.590
 0.546
 0.468
 0.494
 0.572
 0.532
 0.469
 0.513
 0.508
 0.531
 0.592
 0.495
 0.519
 0.574
 0.497
 0.535
 0.523
 0.526
 0.529
 0.598
 0.493
 0.438
 0.524
 0.480
 0.481
 0.459
 0.545
 0.494
 0.569
 0.488
 0.558
 0.528
 0.492
 0.545
 0.526
 0.512
 0.499
 0.523
 0.514
 0.534
 0.547
 0.486
 0.567
 0.531
 0.501
 0.537
 0.421
 0.496
 0.467
 0.521
 0.535
 0.514
 0.529
 0.486
 0.544
 0.516
 0.522
 0.462
 0.512
 0.561
 0.499
 0.540
 0.527
 0.538
 0.440
 0.517
 0.528
 0.493
 0.594
 0.520
 0.538
 0.512
 0.496
 0.484
 0.514
 0.559
 0.532
 0.516
 0.537
 0.466
 0.529
 0.552
 0.524
 0.562
 0.508
 0.505
 0.509
 0.571
 0.475
 0.486
 0.522
 0.512
 0.542
 0.478
 0.517
 0.528
 0.573
 0.537
 0.561
 0.577
 0.460
 0.534
 0.473
 0.483
 0.484
 0.524
 0.493
 0.542
 0.565
 0.510
 0.539
 0.534
 0.528
 0.544
 0.519
 0.601
 0.530
 0.539
 0.548
 0.568
 0.541
 0.510
 0.513
 0.556
 0.576
 0.530
 0.481
 0.518
 0.528
 0.531
 0.511
 0.461
 0.532
 0.536
 0.556
 0.538
 0.498
 0.568
 0.516
 0.507
 0.518
 0.511
 0.506
 0.501
 0.469
 0.557
 0.537
 0.580
 0.585
 0.461
 0.572
 0.491
 0.551
 0.492
 0.519
 0.502
 0.509
 0.559
 0.542
 0.542
 0.504
 0.617
 0.550
 0.526
 0.485
 0.538

