0.4132573729695593 1
0.42866395817259495 1
0.43352050729221925 1
0.43624743203880206 1
0.44444598350569814 1
0.44685473751194366 1
0.45010843907501974 1
0.45196107877295466 1
0.45255493988103146 1
0.4526321197204781 1
0.4547839331261036 1
0.4547936322185268 1
0.4565651290018519 1
0.4596431415433877 1
0.459928067195773 1
0.46043683800644464 1
0.46189433859723095 1
0.46194035119118226 1
0.46335016216735064 1
0.4640749115453617 1
0.46435904548372336 1
0.4662775123474848 1
0.4665351189789168 1
0.4668133373299653 1
0.4668809011533807 1
0.46719750647657693 1
0.46748310397262166 1
0.4685341971128613 1
0.46877038303628665 1
0.4691233840018071 1
0.4700111544925651 1
0.4703178965098313 1
0.47162490703847376 1
0.4731544648624353 1
0.47470327284335584 1
0.4755774050552672 1
0.4760572281200996 1
0.47642188151045695 1
0.4766425886460334 1
0.47727900153898967 1
0.4779645735588389 1
0.47809895420488124 1
0.4785185843161432 1
0.4793737205428814 1
0.4795219364556931 1
0.48003145573797745 1
0.4808620516886844 1
0.4820796405974784 1
0.4838782957891623 1
0.484158118016134 1
0.4859128090973776 1
0.4865967157240844 1
0.4872088273943021 1
0.48753118004696444 1
0.4876393095528407 1
0.48826086327046825 1
0.4883181041165036 1
0.48886712203584715 1
0.4889436279455112 1
0.48982041515806246 1
0.4904807981197863 1
0.490821519558294 1
0.49098812865198743 1
0.49104709374154454 1
0.49183284667760135 1
0.49285355085091026 1
0.49292258696402796 1
0.49292706778945167 1
0.49319009014331283 1
0.49362966876097675 1
0.49416961583973185 1
0.49433814955253547 1
0.4951889888483233 1
0.49526911849359473 1
0.4953082367699588 1
0.49536331940393497 1
0.4954550187491011 1
0.49581360382640405 1
0.49639774000836334 1
0.4975354172071201 1
0.4981372485741273 1
0.4984843232224377 1
0.4988278661223163 1
0.4993526294065155 1
0.5001349450345947 1
0.500221411025302 1
0.5003244113607276 1
0.5004109793128488 1
0.5005413094967645 1
0.5012456324547291 1
0.5015203105054701 1
0.501586032911776 1
0.5017067182826521 1
0.5022446418375821 1
0.5024429822925803 1
0.5024606222380679 1
0.5027536359645405 1
0.5030497914304563 1
0.5040074756855869 1
0.5042062273258195 1
0.5046465878231243 1
0.504657045780674 1
0.5047552724931247 1
0.5048441258767253 1
0.5049680006860676 1
0.5059055638440821 1
0.5060175887918227 1
0.5061380032640067 1
0.506683963263189 1
0.5067580585861243 1
0.5068063630851466 1
0.5077101639778717 1
0.5086302275343068 1
0.5086677655700301 1
0.508878573849199 1
0.5089093012169486 1
0.5091266674429574 1
0.5103380623449447 1
0.5104903983851516 1
0.5107244330713003 1
0.510899921395807 1
0.5111350636109969 1
0.5113701854847938 1
0.5116874837237824 1
0.5127912121436751 1
0.5129132873963222 1
0.5133479327387412 1
0.5133861944570238 1
0.5134218737783199 1
0.5139570495664693 1
0.5157735041431708 1
0.5160290246679616 1
0.5163363537516357 1
0.5168755928123258 1
0.5173220606964966 1
0.5175062541498974 1
0.5176779093523889 1
0.5176987307042494 1
0.5177216619108769 1
0.517794373932901 1
0.517836856745825 1
0.5183338724084318 1
0.519393714922288 1
0.5194853982867602 1
0.5196026510440701 1
0.5196839083655322 1
0.5197572075992928 1
0.5202540965819313 1
0.5203250127740562 1
0.5204464396285927 1
0.5209316021885187 1
0.5209959589034379 1
0.521197850799917 1
0.5214218487735952 1
0.5222014987689011 1
0.5223278622496005 1
0.5230602714130539 1
0.5238773878751372 1
0.5241119876604919 1
0.5247835843626683 1
0.5253746337194882 1
0.5263610359626864 1
0.5265312695193672 1
0.5269157528707309 1
0.5272396168218377 1
0.5275409296774238 1
0.527861364616838 1
0.5282592368642074 1
0.5282908355707552 1
0.5283447006158386 1
0.5291662042383652 1
0.5292875876806723 1
0.5309243399093672 1
0.5312141767080019 1
0.5316073803668075 1
0.5352859447734089 1
0.5356665817188737 1
0.5360767049581266 1
0.5360770846560081 1
0.537223895823789 1
0.5375652979383121 1
0.5385247820812116 1
0.5404304571234115 1
0.5405124553437726 1
0.540628086427875 1
0.5414476837407668 1
0.542146635630066 1
0.5444997943606827 1
0.5451797786191458 1
0.5455889151465491 1
0.5473101505294578 1
0.5478109216320749 1
0.5482752742677903 1
0.5484602474273834 1
0.5501629600484838 1
0.5516938937300772 1
0.5536084432682307 1
0.5536636493758046 1
0.5570526722629308 1
0.5581148058582213 1
