
 0.509
 0.463
 0.541
 0.500
 0.536
 0.502
 0.520
 0.477
 0.502
 0.495
 0.493
 0.469
 0.455
 0.488
 0.444
 0.496
 0.493
 0.521
 0.464
 0.536
 0.520
 0.521
 0.467
 0.550
 0.498
 0.509
 0.499
 0.527
 0.528
 0.518
 0.453
 0.501
 0.535
 0.436
 0.413
 0.518
 0.467
 0.544
 0.527
 0.489
 0.479
 0.506
 0.504
 0.503
 0.500
 0.523
 0.522
 0.455
 0.518
 0.506
 0.520
 0.467
 0.460
 0.452
 0.488
 0.473
 0.531
 0.494
 0.475
 0.507
 0.467
 0.505
 0.500
 0.503
 0.521
 0.488
 0.429
 0.506
 0.510
 0.548
 0.518
 0.495
 0.509
 0.498
 0.518
 0.548
 0.495
 0.478
 0.509
 0.490
 0.532
 0.498
 0.470
 0.511
 0.521
 0.519
 0.554
 0.460
 0.490
 0.502
 0.513
 0.495
 0.510
 0.505
 0.487
 0.518
 0.513
 0.500
 0.447
 0.541
 0.466
 0.511
 0.531
 0.481
 0.464
 0.528
 0.460
 0.457
 0.489
 0.547
 0.450
 0.467
 0.520
 0.507
 0.519
 0.476
 0.558
 0.469
 0.501
 0.482
 0.491
 0.529
 0.526
 0.513
 0.539
 0.538
 0.552
 0.536
 0.462
 0.502
 0.494
 0.469
 0.434
 0.480
 0.486
 0.517
 0.494
 0.505
 0.478
 0.499
 0.470
 0.518
 0.502
 0.541
 0.479
 0.512
 0.554
 0.477
 0.493
 0.524
 0.546
 0.514
 0.507
 0.513
 0.528
 0.540
 0.484
 0.480
 0.548
 0.496
 0.516
 0.520
 0.516
 0.527
 0.513
 0.453
 0.542
 0.525
 0.545
 0.520
 0.484
 0.522
 0.557
 0.491
 0.528
 0.505
 0.487
 0.511
 0.529
 0.491
 0.517
 0.476
 0.476
 0.492
 0.537
 0.462
 0.488
 0.508
 0.504
 0.502
 0.472
 0.495
 0.524
 0.493
 0.516
 0.528
 0.509
 0.525
 0.511
 0.505

