1 39
0 37
0 60
1 44
0 45
1 45
1 40
1 36
0 35
1 53
0 42
0 46
0 41
1 31
0 49
0 41
0 42
0 36
1 45
0 48
1 39
1 45
1 40
1 49
1 37
1 48
0 47
1 47
1 50
1 53
1 63
1 34
0 41
0 41
1 37
0 52
1 37
0 30
1 39
1 61
1 46
1 34
0 51
0 36
0 42
0 50
1 38
0 32
1 42
1 41
0 41
0 46
1 51
1 48
1 33
0 42
0 44
0 49
0 54
1 47
0 43
1 39
0 47
1 28
0 44
1 42
0 42
0 23
1 40
1 51
0 35
1 35
1 33
0 32
1 37
1 33
1 40
1 40
1 43
0 35
0 37
0 39
1 45
1 44
0 43
0 39
0 51
1 49
0 43
1 44
0 41
0 46
1 49
0 30
0 39
0 40
1 24
1 45
1 34
0 35
0 33
1 41
0 30
1 42
0 43
1 36
1 41
0 45
0 44
1 44
0 47
0 37
1 33
0 31
1 39
0 49
0 50
0 39
1 36
1 41
1 42
0 32
1 37
0 47
1 36
1 40
1 42
1 31
0 37
0 41
1 42
0 45
0 55
1 21
1 40
1 39
1 44
0 51
1 47
0 51
1 45
1 33
0 37
0 36
0 42
0 56
0 42
0 43
1 32
0 53
0 27
1 36
1 38
0 39
1 38
0 40
0 52
0 35
0 47
1 37
0 40
1 56
1 40
0 42
0 41
0 47
1 45
0 40
1 50
1 42
0 39
1 55
1 38
1 38
1 42
0 40
1 41
0 37
0 55
0 54
1 42
1 44
1 56
0 38
0 33
0 34
1 35
0 38
0 52
0 43
1 35
0 36
1 34
0 45
1 45
1 37
1 31
1 46
1 37
0 31
