
 0.566
 0.638
 0.692
 0.724
 0.738
 0.746
 0.747
 0.743
 0.744
 0.747
 0.747
 0.749
 0.749
 0.749
 0.749
 0.749
 0.749
 0.749
 0.749
 0.749
 0.749
 0.749
 0.749
 0.749
 0.749
 0.749
 0.749
 0.749
 0.749
 0.749
 0.749
 0.749
 0.749
 0.749
 0.749
 0.749
 0.749
 0.749
 0.749
 0.749
 0.749
 0.749
 0.749
 0.749
 0.749
 0.749
 0.749
 0.749
 0.749
 0.749
 0.749
 0.749
 0.749
 0.749
 0.749
 0.749
 0.749
 0.749
 0.749
 0.749
 0.749
 0.749
 0.749
 0.749
 0.749
 0.749
 0.749
 0.749
 0.749
 0.749
 0.749
 0.749
 0.749
 0.749
 0.749
 0.749
 0.749
 0.749
 0.749
 0.749
 0.749
 0.749
 0.749
 0.749
 0.749
 0.749
 0.749
 0.749
 0.749
 0.749
 0.749
 0.749
 0.749
 0.749
 0.749
 0.749
 0.749
 0.749
 0.749
 0.749
 0.749
 0.749
 0.749
 0.749
 0.749
 0.749
 0.749
 0.749
 0.749
 0.749
 0.749
 0.749
 0.749
 0.749
 0.749
 0.749
 0.749
 0.749
 0.749
 0.749
 0.749
 0.749
 0.749
 0.749
 0.749
 0.749
 0.749
 0.749
 0.749
 0.749
 0.749
 0.749
 0.749
 0.749
 0.749
 0.749
 0.749
 0.749
 0.749
 0.749
 0.749
 0.749
 0.749
 0.749
 0.749
 0.749
 0.749
 0.749
 0.749
 0.749
 0.749
 0.749
 0.749
 0.749
 0.749
 0.749
 0.749
 0.749
 0.749
 0.749
 0.749
 0.749
 0.749
 0.749
 0.749
 0.749
 0.749
 0.749
 0.749
 0.749
 0.749
 0.749
 0.749
 0.749
 0.749
 0.749
 0.749
 0.749
 0.749
 0.749
 0.749
 0.749
 0.749
 0.749
 0.749
 0.749
 0.749
 0.749
 0.749
 0.749
 0.749
 0.749
 0.749
 0.749
 0.749
 0.749
 0.749
 0.749
 0.749
 0.749

