
 0.456
 0.650
 0.680
 0.689
 0.685
 0.685
 0.691
 0.692
 0.692
 0.692
 0.692
 0.685
 0.687
 0.687
 0.687
 0.687
 0.687
 0.687
 0.687
 0.687
 0.687
 0.687
 0.687
 0.687
 0.687
 0.687
 0.687
 0.687
 0.687
 0.687
 0.687
 0.687
 0.687
 0.687
 0.687
 0.687
 0.687
 0.687
 0.687
 0.687
 0.687
 0.687
 0.687
 0.687
 0.687
 0.687
 0.687
 0.687
 0.687
 0.687
 0.687
 0.687
 0.687
 0.687
 0.687
 0.687
 0.687
 0.687
 0.687
 0.687
 0.687
 0.687
 0.687
 0.687
 0.687
 0.687
 0.687
 0.687
 0.687
 0.687
 0.687
 0.687
 0.687
 0.687
 0.687
 0.687
 0.687
 0.687
 0.687
 0.687
 0.687
 0.687
 0.687
 0.687
 0.687
 0.687
 0.687
 0.687
 0.687
 0.687
 0.687
 0.687
 0.687
 0.687
 0.687
 0.687
 0.687
 0.687
 0.687
 0.687
 0.687
 0.687
 0.687
 0.687
 0.687
 0.687
 0.687
 0.687
 0.687
 0.687
 0.687
 0.687
 0.687
 0.687
 0.687
 0.687
 0.687
 0.687
 0.687
 0.687
 0.687
 0.687
 0.687
 0.687
 0.687
 0.687
 0.687
 0.687
 0.687
 0.687
 0.687
 0.687
 0.687
 0.687
 0.687
 0.687
 0.687
 0.687
 0.687
 0.687
 0.687
 0.687
 0.687
 0.687
 0.687
 0.687
 0.687
 0.687
 0.687
 0.687
 0.687
 0.687
 0.687
 0.687
 0.687
 0.687
 0.687
 0.687
 0.687
 0.687
 0.687
 0.687
 0.687
 0.687
 0.687
 0.687
 0.687
 0.687
 0.687
 0.687
 0.687
 0.687
 0.687
 0.687
 0.687
 0.687
 0.687
 0.687
 0.687
 0.687
 0.687
 0.687
 0.687
 0.687
 0.687
 0.687
 0.687
 0.687
 0.687
 0.687
 0.687
 0.687
 0.687
 0.687
 0.687
 0.687
 0.687
 0.687
 0.687
 0.687

