
 2.690
 2.560
 2.400
 2.540
 2.490
 2.870
 2.520
 2.350
 2.540
 2.560
 2.590
 2.700
 2.820
 2.480
 2.610
 2.410
 2.430
 2.520
 2.460
 2.700
 2.670
 2.490
 2.360
 2.500
 2.320
 2.460
 2.340
 2.330
 2.640
 2.280
 2.320
 2.650
 2.530
 2.470
 2.780
 2.440
 2.330
 2.420
 2.560
 2.530
 2.320
 2.500
 2.480
 2.500
 2.350
 2.720
 2.600
 2.460
 2.520
 2.710
 2.280
 2.590
 2.490
 2.360
 2.340
 2.610
 2.370
 2.430
 2.680
 2.300
 2.580
 2.220
 2.430
 2.690
 2.810
 2.250
 2.420
 2.430
 2.510
 2.290
 2.490
 2.490
 2.370
 2.220
 2.480
 2.350
 2.680
 2.400
 2.590
 3.030

