0.4276848572382961 1
0.42833707975730695 1
0.42840526187113914 1
0.43275557877149723 1
0.43416716444835435 1
0.4420780390446694 1
0.4441013839503598 1
0.44617082273970965 1
0.44872894578077677 1
0.4490696744149655 1
0.4536972952388256 1
0.45638161193800414 1
0.45658217552554625 1
0.4579662096542944 1
0.45817988625643713 1
0.4583942061736029 1
0.4587747383239076 1
0.459015130484234 1
0.4615504004698886 1
0.4618373560822374 1
0.46188952604011324 1
0.46338101140525834 1
0.46393179985529814 1
0.46398983776310365 1
0.464306013439176 1
0.46430636862724406 1
0.4649600316294686 1
0.46499050244769036 1
0.46567123292046086 1
0.4662278853526241 1
0.4667171728681147 1
0.46750169604651104 1
0.46771121086596174 1
0.46859923370930195 1
0.46945878231628657 1
0.47058747941694484 1
0.47129070432377823 1
0.4721648951319921 1
0.4733648887213963 1
0.4734088918465894 1
0.4737055358834123 1
0.4744056524149526 1
0.47513803336124594 1
0.47528486463108904 1
0.4753478782953328 1
0.475666524010979 1
0.4760841150728312 1
0.47614254476141754 1
0.4763017558511384 1
0.47725057295700474 1
0.47837700869033684 1
0.4788679583555939 1
0.4790000333790036 1
0.47976221659248564 1
0.479796633486995 1
0.48048620301003386 1
0.48066811366635936 1
0.48145376097545395 1
0.48168804624178335 1
0.48291756252805007 1
0.48323707060801113 1
0.48325471569652867 1
0.4837383323135785 1
0.4841709929371263 1
0.48426996327216665 1
0.48487299440731774 1
0.48498689873883954 1
0.48533992509766966 1
0.4855466676926119 1
0.48571770168009076 1
0.48579875196397326 1
0.4860565360890645 1
0.4866873123078775 1
0.48685922708967994 1
0.48721495172685975 1
0.4873025894870126 1
0.4877057595948165 1
0.4878725987029312 1
0.4882136746971631 1
0.4894222890767054 1
0.4898307930391569 1
0.48984642778333365 1
0.4903718638815975 1
0.4904050053482255 1
0.4906055510968963 1
0.49091007754083277 1
0.4911353188953192 1
0.4913624740941664 1
0.492649630960465 1
0.49291757116571056 1
0.49308865187962925 1
0.49372591229999474 1
0.4937508130188505 1
0.49395520712639185 1
0.49412813338337114 1
0.49457509547846223 1
0.4954423873330029 1
0.495535797181695 1
0.49583618257428536 1
0.49585540854354854 1
0.4959951682822145 1
0.4962286790234694 1
0.496582147963107 1
0.4968009748922664 1
0.4973999941899946 1
0.4975389162735819 1
0.4976540535402417 1
0.4980806213988853 1
0.49809811592463066 1
0.49898417069729617 1
0.4999062304366446 1
0.5001525514072884 1
0.5004322396179329 1
0.500463914983417 1
0.5005319333209425 1
0.5008682685918823 1
0.5016195182228202 1
0.5016641873721955 1
0.502035452027404 1
0.5020466748791423 1
0.5020660090545684 1
0.5021448198246663 1
0.5029458848060019 1
0.5031695668768793 1
0.5038216793957978 1
0.5039771301907104 1
0.5066148026019524 1
0.5068015958339254 1
0.5069954541014066 1
0.5074513540176019 1
0.5074939044224718 1
0.5075372346116978 1
0.5078315727300595 1
0.5084765966615473 1
0.5084928548348715 1
0.5086530615613823 1
0.5090906940288873 1
0.509249849920414 1
0.5092967042799441 1
0.5093201535678777 1
0.5097262422813396 1
0.5097892934635216 1
0.5098929326042209 1
0.5100142236171584 1
0.510353134061579 1
0.5107564416342601 1
0.5108008831969816 1
0.5109074312940479 1
0.5122591508120565 1
0.5124155668726759 1
0.513118884340446 1
0.5134984113006005 1
0.5139083075662054 1
0.5139364125090017 1
0.5140814185917554 1
0.5141437379676892 1
0.5154177644112375 1
0.515772093622386 1
0.5173401625574617 1
0.5178640345737373 1
0.5179808849880575 1
0.5182178106753103 1
0.5185870752527467 1
0.5188674299668979 1
0.5190143159112837 1
0.5193061064951447 1
0.5196314187969885 1
0.5197492181373442 1
0.5221661403137867 1
0.5230885010500148 1
0.5240068749368776 1
0.5254010780755365 1
0.5254207369944005 1
0.5258813391066703 1
0.5280550523233001 1
0.5282089562254219 1
0.5295868932245614 1
0.5296937536500333 1
0.5304093616006773 1
0.5315577815269161 1
0.5326174874948015 1
0.5356921014893365 1
0.535860124821371 1
0.5358837436480463 1
0.5363227341234245 1
0.5370387237116401 1
0.5371088008145157 1
0.5380820725496566 1
0.542264865368581 1
0.5425307905613344 1
0.5434916993044508 1
0.5444866565787642 1
0.5451017780538414 1
0.5460322062429327 1
0.546415232153793 1
0.5512082142334105 1
0.5514677238228023 1
0.5625686391306897 1
0.5728944016940303 1
0.5824010616019073 1
