
 2.080
 2.010
 2.440
 2.090
 2.340
 2.010
 2.090
 2.540
 2.290
 2.280
 1.910
 2.140
 2.140
 2.200
 2.150
 2.180
 2.290
 2.240
 2.040
 2.200
 2.400
 2.170
 2.170
 2.170
 2.070
 2.130
 2.370
 2.340
 1.980
 2.160
 2.250
 2.130
 2.300
 2.390
 2.340
 2.050
 2.160
 2.180
 2.450
 2.420
 2.080
 2.270
 2.340
 2.090
 2.370
 2.330
 2.320
 2.410
 2.210
 1.990
 2.210
 2.330
 2.380
 2.320
 2.400
 2.120
 2.320
 2.290
 2.230
 1.990
 2.470
 2.080
 2.380
 2.020
 2.210
 2.360
 2.170
 2.320
 2.080
 2.020
 2.390
 1.850
 2.410
 2.300
 2.280
 2.220
 2.250
 2.040
 2.190
 2.360
 2.320
 1.970
 2.230
 1.920
 2.210
 2.560
 2.410
 2.290
 2.110
 2.290

