0 35
1 45
0 38
1 42
2 35
0 39
1 34
1 48
0 42
1 37
1 54
2 46
0 34
1 35
0 52
2 48
2 37
2 37
1 52
1 35
0 49
2 38
0 30
2 46
0 47
2 38
1 45
2 36
2 49
2 38
0 41
0 55
0 49
1 35
0 47
2 52
1 46
1 36
2 40
2 42
1 66
1 43
0 47
0 37
1 40
0 37
0 33
1 41
2 34
0 44
2 44
2 54
0 48
2 40
1 41
2 46
2 40
1 40
1 37
1 45
2 30
0 41
1 48
0 35
1 40
2 42
1 47
2 32
0 34
0 43
1 37
2 54
0 40
2 40
1 43
1 50
1 45
1 42
0 44
2 43
2 40
0 47
1 36
0 40
1 40
1 41
2 41
2 49
1 45
2 47
1 50
0 50
2 32
0 46
2 31
1 37
1 46
2 37
0 38
1 56
2 34
0 60
2 43
2 33
2 42
0 46
1 44
2 50
2 35
1 42
1 45
0 33
0 44
1 53
1 36
2 37
2 49
1 49
0 41
0 50
1 48
0 29
2 36
1 47
0 36
0 41
0 44
2 35
1 41
1 47
2 52
2 48
2 44
1 26
0 56
0 41
2 46
0 51
0 44
2 39
1 26
2 49
0 32
1 24
0 36
1 37
1 46
1 52
1 45
0 45
2 49
0 29
0 42
2 49
0 39
1 37
2 34
2 45
0 42
2 45
2 43
2 27
2 52
1 44
1 36
2 46
1 39
1 52
1 49
2 37
2 41
0 41
2 45
1 57
2 47
2 48
1 44
1 47
2 39
0 42
1 32
2 36
1 30
2 50
2 39
2 40
1 55
2 46
2 47
1 42
0 46
0 32
0 40
0 47
1 40
2 46
1 35
1 36
2 44
2 38
