0.3979263959157957 1
0.4036436350705276 1
0.40593798457930447 1
0.4075197293034122 1
0.4103578477019099 1
0.41036756029211024 1
0.4108940511810432 1
0.411004661535936 1
0.41316334350205763 1
0.41381689865726956 1
0.4139525950966394 1
0.4163183905992869 1
0.4170483176740097 1
0.41777808399876387 1
0.4180620897369245 1
0.41852460502959443 1
0.4211569786109719 1
0.4219654466575637 1
0.4234223542079584 1
0.4237899090923817 1
0.4251256108739987 1
0.4254209333980015 1
0.42695972408889327 1
0.42716931766099364 1
0.4276435788568162 1
0.42842625152927477 1
0.43025033739528956 1
0.43035006036658335 1
0.4303683733906935 1
0.4335685227380314 1
0.4336295127178908 1
0.4340827099223975 1
0.4344969337989166 1
0.4350079829208087 1
0.43542412717789314 1
0.4359433874431871 1
0.4362633725691418 1
0.4365233095018049 1
0.43660737255834775 1
0.4377851082244931 1
0.43813650921313646 1
0.43843145352162316 1
0.43858081773741536 1
0.4387395252543706 1
0.43876062247292785 1
0.4392448519516339 1
0.43934825198475 1
0.43940549998004286 1
0.4394086356898758 1
0.4402140454040168 1
0.440631116932166 1
0.4409328412404803 1
0.4413253176783617 1
0.4413492159958943 1
0.4422862330302913 1
0.4426415716040889 1
0.4430387546091959 1
0.44346793545195445 1
0.4435702181632567 1
0.4436541105176613 1
0.44398613274436477 1
0.4443739622401815 1
0.4447883537276159 1
0.4451043346306548 1
0.44592690243500804 1
0.44626657040437784 1
0.44667295730361417 1
0.4481224768565359 1
0.4485487785100543 1
0.44900177935384966 1
0.44919038237986425 1
0.4494508843997109 1
0.4495915372282815 1
0.4497568434761952 1
0.4501654010115519 1
0.4506686871124264 1
0.45097284852011266 1
0.4511255772143546 1
0.45116104004984403 1
0.4520004541142844 1
0.45244883290976423 1
0.4528168633619088 1
0.45320688191077557 1
0.4540585040694784 1
0.45525196561174125 1
0.45537863728088096 1
0.45542447305890477 1
0.4554457320233076 1
0.45566563032971397 1
0.4559950648558526 1
0.4563938190665192 1
0.4564398628563259 1
0.4565552103593044 1
0.4570802174751779 1
0.45718462500694634 1
0.4574107042261792 1
0.45754453663410577 1
0.4576340019218402 1
0.458123760217103 1
0.4594077161239089 1
0.45945149614497227 1
0.45954386421215504 1
0.459831493702716 1
0.45984366532515525 1
0.4599073826829016 1
0.4599188179909348 1
0.4605517130174384 1
0.460811436393603 1
0.4608260992810833 1
0.4611603750216699 1
0.46144736105939155 1
0.4618965481741472 1
0.4621185521601173 1
0.4629263677061004 1
0.4637230841557405 1
0.46412524316913734 1
0.4642641097846954 1
0.46457021189248693 1
0.4647513204554096 1
0.46495821330195347 1
0.4658023730479917 1
0.466173587822232 1
0.46622808290516926 1
0.4663058295778752 1
0.46638667628565167 1
0.4672801075398372 1
0.4682125490641054 1
0.4688736538016864 1
0.4691031765509122 1
0.46913143997380075 1
0.46955630219719063 1
0.46998032958174174 1
0.47036909521032494 1
0.4709063236529056 1
0.4709801827244704 1
0.471863453486202 1
0.4723790795959417 1
0.47261545165293783 1
0.473011170821257 1
0.47356953870634766 1
0.4737961962937043 1
0.47400455621064014 1
0.474490891551348 1
0.474677734203315 1
0.4746966444126215 1
0.47474867280094657 1
0.474878526044089 1
0.47580326324577177 1
0.4761301046931666 1
0.4769679780352687 1
0.4774513057654017 1
0.4779521026700687 1
0.4783342229493766 1
0.4795522677747998 1
0.47981709769924763 1
0.48106624313933233 1
0.48141535758688747 1
0.48147011415050867 1
0.481958915946591 1
0.48215704297966033 1
0.482471968754217 1
0.482569943212761 1
0.48257555249582973 1
0.48282057648732896 1
0.48334112652109085 1
0.48355420001280386 1
0.48462574345946374 1
0.4852522528009694 1
0.48622081222902624 1
0.48624030209075025 1
0.4879562631174577 1
0.4885632873625279 1
0.4890017918258673 1
0.48904288699262977 1
0.4894556994940907 1
0.4894748991122418 1
0.4901363637672179 1
0.4907264808370437 1
0.49093279342252655 1
0.49139744127131896 1
0.4920347115897904 1
0.4936560185733384 1
0.4938919769293016 1
0.4942784550423582 1
0.49676338960173055 1
0.49692005631140873 1
0.4973061564403427 1
0.4983266808477561 1
0.4995581303732719 1
0.4998190057698513 1
0.5008166124609682 1
0.5016151748365892 1
0.5021088066228662 1
0.5033697702364193 1
0.5052755582013707 1
0.5077287775565107 1
0.5090091105870248 1
0.519635255030177 1
0.5249020307605005 1
0.5296979971299501 1
