
 0.489
 0.467
 0.530
 0.483
 0.486
 0.450
 0.489
 0.451
 0.485
 0.472
 0.443
 0.427
 0.466
 0.465
 0.470
 0.438
 0.494
 0.483
 0.452
 0.430
 0.497
 0.458
 0.492
 0.477
 0.452
 0.434
 0.453
 0.404
 0.435
 0.457
 0.497
 0.476
 0.439
 0.460
 0.419
 0.456
 0.457
 0.454
 0.480
 0.502
 0.509
 0.455
 0.480
 0.441
 0.451
 0.525
 0.455
 0.460
 0.417
 0.463
 0.475
 0.439
 0.474
 0.450
 0.469
 0.449
 0.455
 0.485
 0.458
 0.449
 0.451
 0.428
 0.435
 0.476
 0.462
 0.490
 0.481
 0.505
 0.500
 0.421
 0.489
 0.449
 0.491
 0.475
 0.472
 0.474
 0.443
 0.456
 0.474
 0.408
 0.501
 0.483
 0.418
 0.475
 0.461
 0.455
 0.441
 0.471
 0.500
 0.464
 0.445
 0.465
 0.441
 0.460
 0.481
 0.445
 0.444
 0.414
 0.503
 0.438
 0.462
 0.494
 0.461
 0.436
 0.482
 0.444
 0.430
 0.448
 0.458
 0.439
 0.411
 0.439
 0.437
 0.434
 0.437
 0.418
 0.465
 0.440
 0.425
 0.466
 0.422
 0.466
 0.473
 0.469
 0.461
 0.449
 0.460
 0.502
 0.416
 0.460
 0.459
 0.483
 0.482
 0.439
 0.410
 0.446
 0.470
 0.453
 0.466
 0.438
 0.461
 0.456
 0.406
 0.481
 0.441
 0.444
 0.508
 0.464
 0.442
 0.482
 0.466
 0.457
 0.491
 0.414
 0.443
 0.478
 0.488
 0.436
 0.428
 0.475
 0.446
 0.434
 0.489
 0.459
 0.486
 0.410
 0.439
 0.478
 0.477
 0.484
 0.474
 0.489
 0.469
 0.424
 0.464
 0.439
 0.444
 0.447
 0.497
 0.425
 0.471
 0.450
 0.461
 0.398
 0.427
 0.434
 0.491
 0.468
 0.411
 0.456
 0.498
 0.430
 0.413
 0.473
 0.494
 0.423
 0.470
 0.457
 0.451
 0.520

