0.4258046834967996 1
0.4267810420660585 1
0.42836006866102105 1
0.42926832088745376 1
0.43344369892794704 1
0.43378042978228637 1
0.44049104918472304 1
0.44325299966258774 1
0.4452806454915032 1
0.4458267581219667 1
0.4519173737204731 1
0.45259670614193226 1
0.45323087666184264 1
0.45411647296928676 1
0.45809967630530046 1
0.45838790027229714 1
0.4585177504881872 1
0.4588959026840416 1
0.45892618201501584 1
0.4597636050371626 1
0.4599174973220309 1
0.4600100078759203 1
0.4601885874470877 1
0.46059823708377684 1
0.4615896434646279 1
0.4633445028093272 1
0.4661754807416423 1
0.4662219811219487 1
0.4663490249308918 1
0.467160301276941 1
0.4680419838775275 1
0.46830039162747916 1
0.468554231956234 1
0.46855965441057257 1
0.4687483221722537 1
0.46898722096135986 1
0.46926257689658724 1
0.47081519529605387 1
0.47110542885501483 1
0.4715962750454443 1
0.47164129451817666 1
0.47211561189355955 1
0.47226176411085175 1
0.47337068800461346 1
0.4737440323697285 1
0.4747583169455611 1
0.4753428134815859 1
0.47552408401475615 1
0.4757476924106953 1
0.4760337168752262 1
0.4770694494657025 1
0.4770977405181111 1
0.47761431121152303 1
0.47767264628982253 1
0.47836988985659323 1
0.4785511707076533 1
0.47888156763932327 1
0.479176861878206 1
0.4799582631637549 1
0.48032141067509265 1
0.4805871904505933 1
0.48199602923661494 1
0.4820609094498758 1
0.4823485201689996 1
0.48258292998267094 1
0.48287807176960856 1
0.4835992581551515 1
0.48401439771848487 1
0.4843445561557711 1
0.48558776693888384 1
0.48563983865227145 1
0.485907208575642 1
0.4859741848769281 1
0.4861489281315071 1
0.4871024332950186 1
0.4871226378013656 1
0.48762733927819013 1
0.48788808123424793 1
0.48799290021050995 1
0.4880695103973094 1
0.48807692418835097 1
0.48824235737346944 1
0.4884903715352698 1
0.48873158072432793 1
0.48883039962126695 1
0.4892314460440972 1
0.4894674934843129 1
0.4908033984070729 1
0.4912490531088234 1
0.4925098320078927 1
0.4936992902343553 1
0.49410890210084707 1
0.4946002650948877 1
0.49470309629977505 1
0.49496708589821437 1
0.4951679991557711 1
0.49518435034059977 1
0.49576804548336184 1
0.4962384631524095 1
0.4963808616435575 1
0.4964620757890043 1
0.49659158132219006 1
0.49738471906784476 1
0.49778943033111356 1
0.4978228110516538 1
0.4980172009206569 1
0.4982497887429707 1
0.49851361288487134 1
0.49855783848537955 1
0.4987579792846698 1
0.49892527207752047 1
0.49979688660415766 1
0.4999466389505232 1
0.5000783345208712 1
0.5002251238020335 1
0.5021017174471121 1
0.5024700955921662 1
0.5029323018101397 1
0.5031305567229455 1
0.5042422979380499 1
0.5042670665993402 1
0.5043288856532916 1
0.5056250597891859 1
0.506036445392531 1
0.5062161513780218 1
0.5062252077500264 1
0.5062666125920642 1
0.506424690640778 1
0.5068587467445365 1
0.5071903469047067 1
0.5073454343541287 1
0.5073944303585451 1
0.5076945183203855 1
0.5078940848969566 1
0.5089987511191774 1
0.5090955807073474 1
0.5091624599557695 1
0.5098689555878194 1
0.5102023481315815 1
0.510864511666551 1
0.5112029195361738 1
0.5122544643932583 1
0.5122690315550481 1
0.5134948800622804 1
0.5145861736266844 1
0.5147605746661847 1
0.5159807050081748 1
0.515981807299681 1
0.5170671535204672 1
0.5173694977847503 1
0.5185780348115804 1
0.5186475848722749 1
0.5186624895167327 1
0.5192618384823722 1
0.5192622526531261 1
0.5193051874504873 1
0.5201452635410804 1
0.5205117509243453 1
0.5205355932145546 1
0.521185283568754 1
0.5221950580535012 1
0.5228587907528357 1
0.5232087876988224 1
0.5233467682347905 1
0.5234548908653731 1
0.5234947857232545 1
0.5240332943125384 1
0.5240835268611973 1
0.5254921273746711 1
0.5256274866250406 1
0.5265693490948222 1
0.5274611432264785 1
0.5289033632493932 1
0.5296008292711141 1
0.5302994083964597 1
0.5303226469566666 1
0.5308233665791563 1
0.530979842466057 1
0.5315267008552564 1
0.531713861673045 1
0.5320163094174273 1
0.5329188482085214 1
0.5329449139776856 1
0.5334778305569818 1
0.5336878528069967 1
0.5367980279427159 1
0.5388283853952556 1
0.5393833495877921 1
0.5397038534294887 1
0.5402223445565213 1
0.5402901561319314 1
0.5410496400722532 1
0.541461777880627 1
0.5420379943834999 1
0.544654129718725 1
0.5446966802295764 1
0.5557959774371559 1
0.5601035564074366 1
0.5625225323426448 1
0.5658219183619949 1
