
 0.519
 0.504
 0.488
 0.491
 0.500
 0.495
 0.530
 0.495
 0.459
 0.472
 0.566
 0.523
 0.482
 0.469
 0.463
 0.478
 0.516
 0.502
 0.496
 0.460
 0.459
 0.494
 0.495
 0.496
 0.540
 0.440
 0.469
 0.511
 0.428
 0.519
 0.523
 0.460
 0.563
 0.545
 0.480
 0.482
 0.475
 0.539
 0.469
 0.537
 0.468
 0.489
 0.478
 0.504
 0.506
 0.510
 0.466
 0.482
 0.458
 0.496
 0.560
 0.486
 0.509
 0.530
 0.542
 0.533
 0.426
 0.498
 0.488
 0.484
 0.531
 0.527
 0.500
 0.539
 0.466
 0.488
 0.506
 0.522
 0.484
 0.509
 0.506
 0.541
 0.532
 0.507
 0.509
 0.500
 0.471
 0.527
 0.480
 0.471
 0.540
 0.506
 0.519
 0.474
 0.515
 0.468
 0.488
 0.521
 0.521
 0.487
 0.486
 0.523
 0.481
 0.489
 0.427
 0.489
 0.486
 0.519
 0.483
 0.488
 0.534
 0.541
 0.476
 0.479
 0.486
 0.460
 0.524
 0.445
 0.469
 0.484
 0.453
 0.461
 0.483
 0.540
 0.494
 0.453
 0.477
 0.533
 0.499
 0.530
 0.499
 0.478
 0.533
 0.476
 0.488
 0.531
 0.507
 0.467
 0.486
 0.510
 0.507
 0.523
 0.521
 0.487
 0.495
 0.475
 0.556
 0.520
 0.526
 0.512
 0.519
 0.496
 0.515
 0.488
 0.508
 0.525
 0.452
 0.532
 0.489
 0.503
 0.516
 0.511
 0.498
 0.507
 0.477
 0.473
 0.506
 0.532
 0.466
 0.508
 0.429
 0.523
 0.497
 0.513
 0.506
 0.498
 0.433
 0.545
 0.503
 0.460
 0.517
 0.472
 0.502
 0.524
 0.517
 0.498
 0.479
 0.519
 0.472
 0.491
 0.459
 0.499
 0.472
 0.479
 0.476
 0.504
 0.454
 0.500
 0.469
 0.446
 0.443
 0.493
 0.499
 0.512
 0.462
 0.434
 0.495
 0.529
 0.497
 0.458

