
 0.000
 1.980
 0.000
 0.000
 0.000
 0.020
 1.880
 0.000
 1.900
 0.000
 0.000
 0.000
 0.000
 0.000
 0.030
 0.000
 0.010
 0.000
 0.010
 0.020
 0.000
 2.000
 4.060
 0.000
 0.030
 0.010
 0.010
 2.000
 0.020
 0.010
 0.000
 0.000
 0.010
 1.910
 0.030
 0.000
 0.010
 0.010
 0.000
 0.000
 0.000
 0.010
 0.010
 0.000
 0.000
 0.010
 3.880
 0.000
 0.000
 0.010
 0.010
 0.010
 0.020
 0.010
 0.000
 1.980
 1.990
 0.010
 0.000
 0.000
 0.010
 0.000
 0.010
 0.000
 0.010
 0.000
 0.040
 1.830
 1.990
 0.010
 0.000
 0.000
 0.000
 0.000
 0.010
 0.000
 0.000
 1.930
 0.020
 0.000
 3.980
 0.010
 1.990
 0.000
 0.010
 0.010
 0.000
 0.000
 0.010
 1.870
 0.010
 0.020
 0.000
 0.000
 0.000
 0.020
 2.070
 0.000
 0.010
 0.000
 0.000
 0.010
 0.010
 0.000
 1.990
 0.010
 0.000
 1.990
 0.000
 0.000
 0.000
 0.020
 0.010
 0.000
 0.000
 0.020
 0.000
 0.040
 0.000
 0.000
 0.030
 0.010
 0.000
 0.020
 0.000
 0.000
 0.010
 0.000
 0.010
 0.010
 0.010
 0.020
 0.010
 0.000
 2.000
 0.020
 1.980
 3.980
 0.000
 0.000
 1.990
 0.000
 0.000
 0.000
 1.980
 0.020
 0.000
 0.010
 0.000
 0.020
 0.010
 1.990
 0.010
 1.990
 0.000
 0.010
 0.010
 0.000
 0.010
 0.000
 0.000
 0.020
 1.990
 0.000
 0.000
 0.000
 0.000
 0.000
 0.000
 0.000
 0.010
 0.080
 5.790
 0.000
 0.010
 0.010
 0.020
 0.010
 0.000
 0.020
 1.980
 5.960
 0.000
 0.000
 0.000
 0.000
 0.000
 0.010
 0.000
 0.020
 0.000
 0.010
 0.000
 0.010
 1.900
 0.000
 0.030
 0.020
 1.980
 0.020
 0.010
 0.000
 0.000
 1.990
 0.120
 0.000
 0.000
 0.020
 0.010
 0.000
 0.010
 0.000
 0.080
 0.020
 0.010
 0.000
 0.020
 1.900
 0.000
 0.000
 0.000
 0.000
 1.870
 0.010
 0.000
 0.000
 0.000
 0.000
 0.010
 0.000
 0.000
 0.000
 0.030
 0.030
 0.010
 0.000
 0.010
 0.000
 1.990
 0.000
 0.020
 0.010
 0.090
 0.000
 0.000
 0.040
 2.000
 0.000
 0.000
 3.960
 1.990
 0.000
 0.010
 0.010
 0.000
 0.000
 0.000
 2.000
 0.000
 0.000
 0.000
 0.010
 0.000
 3.860
 0.000
 0.010
 0.020
 0.010
 0.010
 0.000
 0.010
 1.880
 1.990
 0.010
 0.000
 2.070
 0.090
 0.010
 0.000
 0.020
 0.000
 0.000
 1.990
 0.000
 0.010
 0.000
 3.980
 0.000
 0.000
 0.020
 0.010
 0.000
 0.140
 0.000
 1.980
 3.980
 0.000
 1.980
 0.000
 1.990
 0.000
 0.000
 0.010
 0.000
 0.000
 0.000
 2.060
 0.000
 0.000
 0.010
 0.000
 0.000
 0.010
 0.000
 0.040
 0.010
 0.000
 0.000
 0.000
 0.000
 0.010
 0.000
 0.000
 0.000
 0.010
 0.000
 0.000
 0.010
 0.000
 0.000
 0.000
 0.000
 0.010
 1.990
 0.010
 0.000
 0.000
 0.000
 1.990
 0.000
 1.990
 0.000
 0.000
 0.010
 0.010
 0.020
 0.000
 0.000
 0.000
 0.010
 0.000
 0.010
 1.990
 0.020
 0.000
 0.020
 0.000
 1.970
 1.900
 0.000
 1.880
 1.990
 3.890
 0.010
 0.000
 0.030
 0.010
 0.020
 0.000
 0.000
 0.010
 0.010
 0.020
 0.000
 0.020
 0.000
 0.000
 0.000
 0.000
 2.000
 5.910
 0.010
 1.990
 0.000
 3.930
 2.000
 0.000
 0.010
 0.000
 0.010
 0.000
 0.000
 0.000
 0.020
 0.000
 0.000
 5.630
 0.000
 0.010
 0.010
 0.010
 0.000
 0.000
 0.000
 0.000
 0.000
 0.000
 0.010
 0.000
 0.000
 1.990
 0.010
 1.990
 2.060
 0.020
 0.000
 0.010
 0.000
 0.000
 0.090
 0.000
 0.010
 0.010
 0.000
 0.020
 0.010
 0.000
 0.000
 0.010
 0.000
 0.000
 0.000
 0.010
 0.000
 0.010
 0.010
 0.000
 1.960
 0.000
 0.000
 0.000
 0.010
 0.000
 0.000
 0.000
 0.010
 0.010
 0.000
 0.000
 0.010
 0.000
 0.000
 0.020
 1.980
 1.870
 0.040
 0.010
 0.000
 1.980
 3.970
 1.900
 0.000
 0.000
 0.010
 0.000
 0.000
 0.000
 0.010
 0.000
 0.000
 0.010
 0.000
 0.010
 0.000
 0.000
 1.990
 0.030
 0.000
 0.000
 0.000
 0.010
 0.090
 0.000
 0.010
 2.000
 0.040
 1.890
 0.010
 0.010
 0.000
 0.000
 0.000
 0.000
 0.000
 1.980
 1.990
 0.020
 0.000
 1.980
 0.020

