
 0.423
 0.517
 0.629
 0.691
 0.712
 0.730
 0.733
 0.749
 0.747
 0.749
 0.755
 0.749
 0.736
 0.752
 0.760
 0.757
 0.766
 0.773
 0.772
 0.781
 0.781
 0.781
 0.781
 0.781
 0.781
 0.781
 0.781
 0.781
 0.781
 0.781
 0.781
 0.781
 0.781
 0.781
 0.781
 0.781
 0.781
 0.781
 0.781
 0.781
 0.781
 0.781
 0.781
 0.781
 0.781
 0.781
 0.781
 0.781
 0.781
 0.781
 0.781
 0.781
 0.781
 0.781
 0.781
 0.781
 0.781
 0.781
 0.781
 0.781
 0.781
 0.781
 0.781
 0.781
 0.781
 0.781
 0.781
 0.781
 0.781
 0.781
 0.781
 0.781
 0.781
 0.781
 0.781
 0.781
 0.781
 0.781
 0.781
 0.781
 0.781
 0.781
 0.781
 0.781
 0.781
 0.781
 0.781
 0.781
 0.781
 0.781
 0.781
 0.781
 0.781
 0.781
 0.781
 0.781
 0.781
 0.781
 0.781
 0.781
 0.781
 0.781
 0.781
 0.781
 0.781
 0.781
 0.781
 0.781
 0.781
 0.781
 0.781
 0.781
 0.781
 0.781
 0.781
 0.781
 0.781
 0.781
 0.781
 0.781
 0.781
 0.781
 0.781
 0.781
 0.781
 0.781
 0.781
 0.781
 0.781
 0.781
 0.781
 0.781
 0.781
 0.781
 0.781
 0.781
 0.781
 0.781
 0.781
 0.781
 0.781
 0.781
 0.781
 0.781
 0.781
 0.781
 0.781
 0.781
 0.781
 0.781
 0.781
 0.781
 0.781
 0.781
 0.781
 0.781
 0.781
 0.781
 0.781
 0.781
 0.781
 0.781
 0.781
 0.781
 0.781
 0.781
 0.781
 0.781
 0.781
 0.781
 0.781
 0.781
 0.781
 0.781
 0.781
 0.781
 0.781
 0.781
 0.781
 0.781
 0.781
 0.781
 0.781
 0.781
 0.781
 0.781
 0.781
 0.781
 0.781
 0.781
 0.781
 0.781
 0.781
 0.781
 0.781
 0.781
 0.781
 0.781
 0.781
 0.781

