
 49.580
 49.340
 50.980
 49.930
 50.010
 50.150
 49.520
 50.780
 49.860
 50.110
 49.520
 49.290
 50.100
 50.720
 49.650
 50.440
 49.600
 49.620
 49.370
 49.510
 49.840
 48.770
 50.140
 49.000
 50.010
 49.530
 50.340
 49.920
 49.810
 50.100
 49.180
 50.550
 50.610
 51.890
 49.440
 48.980
 49.590
 49.420
 50.640
 49.800
 49.530
 50.490
 49.790
 50.560
 49.830
 50.140
 50.250
 50.020
 49.930
 51.580
 50.890
 49.950
 49.780
 50.310
 50.310
 49.990
 48.050
 50.370
 50.620
 50.640
 49.970
 50.010
 51.380
 49.440
 50.910
 50.020
 49.990
 49.100
 49.500
 51.100
 48.940
 50.270
 50.400
 48.890
 49.180
 49.110
 50.830
 50.000
 49.970
 51.540
 49.220
 50.570
 51.180
 50.410
 49.830
 49.580
 49.200
 50.850
 51.410
 49.780
 50.840
 50.820
 49.330
 50.380
 49.840
 50.050
 50.120
 49.140
 49.080
 49.150

