0.3435114383307825 1
0.3583408598766356 1
0.36341151965960383 1
0.36589887132372945 1
0.3684863615136009 1
0.36925553088463486 1
0.36936000536521746 1
0.3700816668133608 1
0.37011514940604656 1
0.37018275461564365 1
0.3707925354416141 1
0.37180202288725317 1
0.3735386300191562 1
0.3737892090242788 1
0.3744286509850048 1
0.37600694783968897 1
0.37655138659706355 1
0.3773624802214354 1
0.3775486812618575 1
0.37776597051658173 1
0.3781634267878329 1
0.3785211555382703 1
0.38078271402213376 1
0.38156708450804316 1
0.38199496331079486 1
0.38239962367616387 1
0.3830653503692469 1
0.38314565296749037 1
0.38325714869001337 1
0.3841163962157486 1
0.38476572255711955 1
0.3848701767354 1
0.3852021393924981 1
0.38538625824709627 1
0.38603908533030556 1
0.38648610837525077 1
0.3866243831189953 1
0.38673653731903856 1
0.3869237932444548 1
0.38758568707251195 1
0.3876126248480486 1
0.38781079434791366 1
0.38790040565094813 1
0.3884161728756625 1
0.3884522823269063 1
0.3887356783132869 1
0.38885992033464534 1
0.38953948280866973 1
0.3897354278745301 1
0.38986110774170185 1
0.39054224154912115 1
0.3911584841858444 1
0.391268933406777 1
0.39146883222280393 1
0.39164973934190067 1
0.39218010983356 1
0.3922731866196047 1
0.39243619743264757 1
0.3927406052136069 1
0.392961569722778 1
0.39339218652042357 1
0.39470306772944247 1
0.3956077124507847 1
0.39573348607216075 1
0.39589111644563035 1
0.39639738548679787 1
0.39721488349086526 1
0.3973134659801742 1
0.39732881235770473 1
0.397522312485251 1
0.3979866333386156 1
0.39861043561087195 1
0.3987850188286552 1
0.39883982229662324 1
0.3991503865024686 1
0.3993006120965863 1
0.3996620247085351 1
0.39969824845064855 1
0.3998739948589099 1
0.40077111511750546 1
0.4009687034559045 1
0.4010138448786378 1
0.4012477327350274 1
0.4012863410925395 1
0.4012890854843718 1
0.40150073993257307 1
0.40188551429327773 1
0.4021520271863139 1
0.40268547086207507 1
0.4027582948315252 1
0.4030342574514293 1
0.4034623155751773 1
0.40378550724893947 1
0.40490644021469185 1
0.40601598769306785 1
0.4061258590431733 1
0.40623016463032385 1
0.40626714690706156 1
0.40629653591036785 1
0.4064039579319489 1
0.40704501893532324 1
0.4073111451059193 1
0.40738091233751733 1
0.40749193202918377 1
0.4076418069243414 1
0.407691496353663 1
0.40801141566475146 1
0.4087379419300644 1
0.4088057928249752 1
0.40895679597334467 1
0.40917930394852375 1
0.40921116699977395 1
0.4098785429333397 1
0.41072994864036466 1
0.4108659115575401 1
0.41089084811627175 1
0.41110543157652685 1
0.41161634758892196 1
0.4117424201311306 1
0.4119309847445966 1
0.41229708567470064 1
0.4124507762068973 1
0.412816512712205 1
0.4131410759358586 1
0.4132828767909176 1
0.4134160167921944 1
0.4134583629563197 1
0.41364820657771717 1
0.4137116175891001 1
0.41382505006811443 1
0.4142731172316013 1
0.4143739972597468 1
0.41481466524649124 1
0.4148863815270989 1
0.4152616983017952 1
0.41549360503155314 1
0.41760239870104143 1
0.41778137376675567 1
0.4185434551803969 1
0.4186954269366206 1
0.41902240552247233 1
0.41930438903412715 1
0.41953678983619214 1
0.4195804198865127 1
0.4199968458382426 1
0.420394355413082 1
0.42049803440447375 1
0.420560225140586 1
0.4209596914770202 1
0.42164848461361204 1
0.42224362825178957 1
0.42279717807240813 1
0.4231267877160279 1
0.42349275105315415 1
0.4236405211159005 1
0.4237555922426541 1
0.42408369135512475 1
0.4241397698254941 1
0.4250411329095434 1
0.4251360727064448 1
0.42515779720037516 1
0.4256170313266554 1
0.4258863311190013 1
0.4265982122635895 1
0.42684515753330565 1
0.4273303965075905 1
0.4276115834979825 1
0.4279038275303998 1
0.42796760041607923 1
0.4282329206812991 1
0.42932767102395625 1
0.43078626426997985 1
0.4336334146102709 1
0.43371704941165645 1
0.4337597363844633 1
0.4342253752685666 1
0.4344576322849008 1
0.43479864731668016 1
0.4368380633772107 1
0.4373011051251946 1
0.43740381064513056 1
0.43889255826335066 1
0.43911288800071924 1
0.43913206619235984 1
0.4395501408638998 1
0.43994619728276213 1
0.44055928888894974 1
0.4407441150441344 1
0.4417310156989723 1
0.44202152899911495 1
0.44213087009884977 1
0.4425669579955906 1
0.44276420524110427 1
0.44386282934527677 1
0.4441266636329217 1
0.4458842839030105 1
0.44603733977483684 1
0.45406776699852913 1
0.4575448202549596 1
0.4704839325109043 1
