
 0.387
 0.378
 0.415
 0.377
 0.446
 0.427
 0.397
 0.396
 0.396
 0.405
 0.402
 0.442
 0.387
 0.370
 0.401
 0.413
 0.399
 0.378
 0.400
 0.368
 0.383
 0.427
 0.388
 0.371
 0.420
 0.379
 0.423
 0.412
 0.439
 0.396
 0.392
 0.470
 0.454
 0.428
 0.401
 0.389
 0.409
 0.424
 0.420
 0.344
 0.393
 0.427
 0.381
 0.383
 0.385
 0.420
 0.428
 0.411
 0.369
 0.403
 0.392
 0.407
 0.366
 0.428
 0.414
 0.426
 0.442
 0.434
 0.386
 0.374
 0.388
 0.406
 0.399
 0.408
 0.388
 0.389
 0.412
 0.414
 0.414
 0.418
 0.385
 0.415
 0.415
 0.392
 0.413
 0.411
 0.401
 0.398
 0.406
 0.382
 0.407
 0.393
 0.434
 0.402
 0.425
 0.441
 0.409
 0.437
 0.429
 0.442
 0.391
 0.437
 0.409
 0.370
 0.402
 0.425
 0.413
 0.426
 0.388
 0.424
 0.410
 0.377
 0.388
 0.424
 0.419
 0.407
 0.421
 0.419
 0.406
 0.372
 0.390
 0.446
 0.412
 0.374
 0.403
 0.412
 0.424
 0.363
 0.422
 0.376
 0.444
 0.408
 0.413
 0.403
 0.392
 0.425
 0.434
 0.419
 0.411
 0.420
 0.395
 0.385
 0.391
 0.403
 0.397
 0.422
 0.423
 0.420
 0.397
 0.406
 0.440
 0.419
 0.390
 0.396
 0.383
 0.400
 0.443
 0.440
 0.382
 0.369
 0.431
 0.408
 0.378
 0.401
 0.435
 0.409
 0.411
 0.400
 0.441
 0.423
 0.382
 0.444
 0.406
 0.404
 0.391
 0.401
 0.418
 0.409
 0.399
 0.413
 0.421
 0.439
 0.412
 0.391
 0.370
 0.406
 0.434
 0.407
 0.385
 0.399
 0.374
 0.401
 0.428
 0.458
 0.414
 0.388
 0.434
 0.398
 0.393
 0.384
 0.414
 0.443
 0.387
 0.399
 0.358
 0.439
 0.437
 0.390
 0.386
 0.415

