
 0.519
 0.588
 0.590
 0.596
 0.596
 0.599
 0.604
 0.609
 0.609
 0.609
 0.609
 0.609
 0.609
 0.609
 0.609
 0.609
 0.609
 0.609
 0.609
 0.609
 0.609
 0.609
 0.609
 0.609
 0.609
 0.609
 0.609
 0.609
 0.609
 0.609
 0.609
 0.609
 0.609
 0.609
 0.609
 0.609
 0.609
 0.609
 0.609
 0.609
 0.609
 0.609
 0.609
 0.609
 0.609
 0.609
 0.609
 0.609
 0.609
 0.609
 0.609
 0.609
 0.609
 0.609
 0.609
 0.609
 0.609
 0.609
 0.609
 0.609
 0.609
 0.609
 0.609
 0.609
 0.609
 0.609
 0.609
 0.609
 0.609
 0.609
 0.609
 0.609
 0.609
 0.609
 0.609
 0.609
 0.609
 0.609
 0.609
 0.609
 0.609
 0.609
 0.609
 0.609
 0.609
 0.609
 0.609
 0.609
 0.609
 0.609
 0.609
 0.609
 0.609
 0.609
 0.609
 0.609
 0.609
 0.609
 0.609
 0.609
 0.609
 0.609
 0.609
 0.609
 0.609
 0.609
 0.609
 0.609
 0.609
 0.609
 0.609
 0.609
 0.609
 0.609
 0.609
 0.609
 0.609
 0.609
 0.609
 0.609
 0.609
 0.609
 0.609
 0.609
 0.609
 0.609
 0.609
 0.609
 0.609
 0.609
 0.609
 0.609
 0.609
 0.609
 0.609
 0.609
 0.609
 0.609
 0.609
 0.609
 0.609
 0.609
 0.609
 0.609
 0.609
 0.609
 0.609
 0.609
 0.609
 0.609
 0.609
 0.609
 0.609
 0.609
 0.609
 0.609
 0.609
 0.609
 0.609
 0.609
 0.609
 0.609
 0.609
 0.609
 0.609
 0.609
 0.609
 0.609
 0.609
 0.609
 0.609
 0.609
 0.609
 0.609
 0.609
 0.609
 0.609
 0.609
 0.609
 0.609
 0.609
 0.609
 0.609
 0.609
 0.609
 0.609
 0.609
 0.609
 0.609
 0.609
 0.609
 0.609
 0.609
 0.609
 0.609
 0.609
 0.609
 0.609
 0.609
 0.609

