
 0.513
 0.539
 0.629
 0.606
 0.643
 0.664
 0.678
 0.680
 0.691
 0.691
 0.691
 0.691
 0.691
 0.691
 0.691
 0.691
 0.691
 0.691
 0.691
 0.691
 0.691
 0.691
 0.691
 0.691
 0.711
 0.719
 0.719
 0.719
 0.719
 0.719
 0.719
 0.719
 0.719
 0.719
 0.719
 0.719
 0.719
 0.719
 0.719
 0.719
 0.719
 0.719
 0.719
 0.719
 0.719
 0.719
 0.719
 0.719
 0.719
 0.719
 0.719
 0.719
 0.719
 0.719
 0.719
 0.719
 0.719
 0.719
 0.719
 0.719
 0.719
 0.719
 0.719
 0.719
 0.719
 0.719
 0.719
 0.719
 0.719
 0.719
 0.719
 0.719
 0.719
 0.719
 0.719
 0.719
 0.719
 0.719
 0.719
 0.719
 0.719
 0.719
 0.719
 0.719
 0.719
 0.719
 0.719
 0.719
 0.719
 0.719
 0.719
 0.719
 0.719
 0.719
 0.719
 0.719
 0.719
 0.719
 0.719
 0.719
 0.719
 0.719
 0.719
 0.719
 0.719
 0.719
 0.719
 0.719
 0.719
 0.719
 0.719
 0.719
 0.719
 0.719
 0.719
 0.719
 0.719
 0.719
 0.719
 0.719
 0.719
 0.719
 0.719
 0.719
 0.719
 0.719
 0.719
 0.719
 0.719
 0.719
 0.719
 0.719
 0.719
 0.719
 0.719
 0.719
 0.719
 0.719
 0.719
 0.719
 0.719
 0.719
 0.719
 0.719
 0.719
 0.719
 0.719
 0.719
 0.719
 0.719
 0.719
 0.719
 0.719
 0.719
 0.719
 0.719
 0.719
 0.719
 0.719
 0.719
 0.719
 0.719
 0.719
 0.719
 0.719
 0.719
 0.719
 0.719
 0.719
 0.719
 0.719
 0.719
 0.719
 0.719
 0.719
 0.719
 0.719
 0.719
 0.719
 0.719
 0.719
 0.719
 0.719
 0.719
 0.719
 0.719
 0.719
 0.719
 0.719
 0.719
 0.719
 0.719
 0.719
 0.719
 0.719
 0.719
 0.719
 0.719
 0.719
 0.719

