
 0.462
 0.582
 0.637
 0.643
 0.646
 0.646
 0.646
 0.646
 0.646
 0.646
 0.646
 0.646
 0.646
 0.646
 0.646
 0.646
 0.646
 0.646
 0.646
 0.646
 0.646
 0.646
 0.646
 0.646
 0.646
 0.646
 0.646
 0.646
 0.646
 0.646
 0.646
 0.646
 0.646
 0.646
 0.646
 0.646
 0.646
 0.646
 0.646
 0.646
 0.646
 0.646
 0.646
 0.646
 0.646
 0.646
 0.646
 0.646
 0.646
 0.646
 0.646
 0.646
 0.646
 0.646
 0.646
 0.646
 0.646
 0.646
 0.646
 0.646
 0.646
 0.646
 0.646
 0.646
 0.646
 0.646
 0.646
 0.646
 0.646
 0.646
 0.646
 0.646
 0.646
 0.646
 0.646
 0.646
 0.646
 0.646
 0.646
 0.646
 0.646
 0.646
 0.646
 0.646
 0.646
 0.646
 0.646
 0.646
 0.646
 0.646
 0.646
 0.646
 0.646
 0.646
 0.646
 0.646
 0.646
 0.646
 0.646
 0.646
 0.646
 0.646
 0.646
 0.646
 0.646
 0.646
 0.646
 0.646
 0.646
 0.646
 0.646
 0.646
 0.646
 0.646
 0.646
 0.646
 0.646
 0.646
 0.646
 0.646
 0.646
 0.646
 0.646
 0.646
 0.646
 0.646
 0.646
 0.646
 0.646
 0.646
 0.646
 0.646
 0.646
 0.646
 0.646
 0.646
 0.646
 0.646
 0.646
 0.646
 0.646
 0.646
 0.646
 0.646
 0.646
 0.646
 0.646
 0.646
 0.646
 0.646
 0.646
 0.646
 0.646
 0.646
 0.646
 0.646
 0.646
 0.646
 0.646
 0.646
 0.646
 0.646
 0.646
 0.646
 0.646
 0.646
 0.646
 0.646
 0.646
 0.646
 0.646
 0.646
 0.646
 0.646
 0.646
 0.646
 0.646
 0.646
 0.646
 0.646
 0.646
 0.646
 0.646
 0.646
 0.646
 0.646
 0.646
 0.646
 0.646
 0.646
 0.646
 0.646
 0.646
 0.646
 0.646
 0.646
 0.646
 0.646
 0.646
 0.646

