0.6189737021547552 1
0.6266605373846822 1
0.6268859220387554 1
0.6299903053401354 1
0.6370889130964781 1
0.6382913368526726 1
0.6401789518409987 1
0.6401957832829431 1
0.6404667288077149 1
0.6414860465292531 1
0.6418593437135953 1
0.6428969166862022 1
0.6431089993571962 1
0.6434137145772314 1
0.6436991853701073 1
0.6442664036870999 1
0.6445158923235969 1
0.6449916479788835 1
0.6453098253910617 1
0.6456626548632198 1
0.6458716427083818 1
0.6465565669200752 1
0.6467376338013292 1
0.646993853533898 1
0.6481917586551366 1
0.6494855513603117 1
0.6495139200559029 1
0.6499649432858383 1
0.650703489560701 1
0.6514136671399733 1
0.6514578042015476 1
0.6517897182298386 1
0.6520533912141309 1
0.6523345972938399 1
0.6524949294424717 1
0.6526998463843604 1
0.6531623000565681 1
0.6534888130851866 1
0.6535271014154057 1
0.6536050081722438 1
0.6538803786192467 1
0.6539673226459963 1
0.6540319274197554 1
0.6540956498287974 1
0.6541944720295025 1
0.6546096938143036 1
0.6547121522852478 1
0.6551915442107743 1
0.6552311626373928 1
0.6555443736829324 1
0.6557974985896687 1
0.6565801819261065 1
0.656586465290495 1
0.6566064983696458 1
0.656889756701406 1
0.6570172015194907 1
0.6570426355983139 1
0.6574974758097335 1
0.6581768183105098 1
0.6581826670418652 1
0.6582268041034399 1
0.6584375566780346 1
0.658489146991333 1
0.6585582704000479 1
0.6587408480889456 1
0.6587978394019163 1
0.6588487075595624 1
0.6589872418996106 1
0.6592817499623987 1
0.6594479308423857 1
0.659983772636475 1
0.6604285125020217 1
0.6604480978494897 1
0.6606347464416605 1
0.6610458973231885 1
0.6610841856534079 1
0.6610878219236476 1
0.6611096197322308 1
0.661109619732231 1
0.6613327919251885 1
0.6619396286687993 1
0.6623066424887527 1
0.662357510646399 1
0.6624153843240861 1
0.6626925195005218 1
0.6628947762496123 1
0.6629772016414062 1
0.6630168200680248 1
0.6632476057217704 1
0.6636004351939283 1
0.6636049538288842 1
0.6637037760295893 1
0.6644513595743641 1
0.664549734043386 1
0.6649766532908976 1
0.665049159048063 1
0.6654034123293452 1
0.6654119081548493 1
0.6655593860520849 1
0.6659870274552485 1
0.6662365160917456 1
0.6662574315356128 1
0.6663803577187415 1
0.6668156125826933 1
0.6668793349917356 1
0.6669813457309971 1
0.6671092382807648 1
0.667217980116098 1
0.6672695704293963 1
0.6674179306913482 1
0.6676073331890423 1
0.6677903455109739 1
0.6678822559043628 1
0.6683767145424008 1
0.6684892733592183 1
0.6687108410318072 1
0.6688600836584756 1
0.6689527162075163 1
0.6692294036522694 1
0.6692485543667037 1
0.669266809617772 1
0.6693354983934533 1
0.6696601398812649 1
0.6698758588224989 1
0.6698909255350106 1
0.6700953947452168 1
0.6702669766248759 1
0.6704068410613236 1
0.6708046899597724 1
0.6710091591699785 1
0.6713874227209595 1
0.6716997514017826 1
0.6721350062657343 1
0.6723367215704174 1
0.6728893209065806 1
0.6729426759493119 1
0.6732550046301349 1
0.6733555915602726 1
0.6734096482564754 1
0.6736546182580164 1
0.6736866232238471 1
0.6742110345756643 1
0.6747741819893837 1
0.6750058500078456 1
0.6755368322466704 1
0.6760799465812392 1
0.6761191172761747 1
0.6762104862251556 1
0.6764327760533969 1
0.6765557022365255 1
0.6766635617071424 1
0.6768360259515178 1
0.6770519256039965 1
0.6773692206514583 1
0.6774075089816778 1
0.6779648076640415 1
0.6784000625279937 1
0.6786599185308019 1
0.6787400377487554 1
0.6790247198896396 1
0.679315591682188 1
0.6797321435633883 1
0.6799028430783313 1
0.6800840906708298 1
0.6801131610198925 1
0.6803531646547947 1
0.6803919007166971 1
0.680466872856767 1
0.680770164267678 1
0.6812727778109117 1
0.68128872688814 1
0.6815814702214951 1
0.6816055742039189 1
0.6821650853473987 1
0.6823544878450929 1
0.6824595934101865 1
0.6834730624003695 1
0.683906104803206 1
0.6840882347604209 1
0.6843030713369384 1
0.6843809780937761 1
0.6844296337903064 1
0.6851990151436648 1
0.6854748202237013 1
0.6857767815382132 1
0.6859692788617395 1
0.6862161204040873 1
0.686333197855861 1
0.6884770325767557 1
0.6889131698054238 1
0.6897417549328684 1
0.6899462241430747 1
0.6908025495231827 1
0.6908863050113757 1
0.6935487023527326 1
0.6937749693715218 1
0.695062030980626 1
0.6954148604527839 1
0.6964306356168072 1
0.6997550025725885 1
