0.4785792598493537 1
0.48253861757639976 1
0.4865900614492001 1
0.48715887898342564 1
0.48754883072230937 1
0.4921832465495688 1
0.4931318282550866 1
0.4933368705039091 1
0.49535578746297304 1
0.4971525487022366 1
0.49805622191481924 1
0.5002026054090877 1
0.5062295657870441 1
0.5066831389233852 1
0.5069171735862773 1
0.5088825642884388 1
0.5098869230755887 1
0.5101539584715421 1
0.510499850284257 1
0.5107440028764492 1
0.5116937407207937 1
0.5117424399091042 1
0.5118207382559484 1
0.5120718419457312 1
0.5128254491634646 1
0.5130530190728699 1
0.513263762721834 1
0.5135993990107705 1
0.513793550907896 1
0.5142135370727998 1
0.5143393100197055 1
0.514431527337635 1
0.5144635008671492 1
0.5145091480944163 1
0.5145870207747106 1
0.5160400905638373 1
0.5170283691297964 1
0.5171269497747716 1
0.5171427537317183 1
0.5172715363315288 1
0.5173783949766781 1
0.517564377050824 1
0.518061828765414 1
0.5180974391318359 1
0.5186926075163502 1
0.5198796975262516 1
0.5204193890078322 1
0.5211017868332504 1
0.5214220918764725 1
0.5214974654909381 1
0.5217497682367345 1
0.5219952223474386 1
0.5223768586015229 1
0.5228223705209912 1
0.5231642625325776 1
0.523474802524228 1
0.5235340194610406 1
0.5236448027375156 1
0.5244800113711873 1
0.5251513785425793 1
0.525225490967434 1
0.5252403663387899 1
0.5253283152611985 1
0.5261281735521302 1
0.5261755744520049 1
0.526213689031422 1
0.5264507779090525 1
0.5269811858118816 1
0.5270998205176385 1
0.5273498689402448 1
0.5276286710167064 1
0.5279945001621229 1
0.5284327631458174 1
0.5291030520951161 1
0.529130517636662 1
0.5293197057006017 1
0.5298282639393255 1
0.5300323998723656 1
0.5300772400026993 1
0.5301095496253484 1
0.5301917925686005 1
0.5306258267131173 1
0.5309560684067585 1
0.5312029259708282 1
0.5312384665712404 1
0.5313595917721158 1
0.5319960676147191 1
0.5324260516611319 1
0.5327153327990279 1
0.5330120033582115 1
0.5331347451321178 1
0.533356804319041 1
0.5336983652500673 1
0.5337286425702548 1
0.5337838400349416 1
0.5340199549164842 1
0.5341573744954818 1
0.5345869493946206 1
0.5348150003568591 1
0.5349796627286895 1
0.5360449718842947 1
0.5361364506552855 1
0.5365653503032549 1
0.5365774341778314 1
0.5375707441166161 1
0.5377391375452011 1
0.5384438006803821 1
0.5385595923775778 1
0.5390502409202255 1
0.5390815104362582 1
0.5392461428075436 1
0.5393297264496104 1
0.5396078898131046 1
0.5399484800513686 1
0.540106772474722 1
0.5405230900164029 1
0.5405727578192701 1
0.5406056907748925 1
0.5415132909012451 1
0.5419354817248372 1
0.5422377638465722 1
0.5429828534716845 1
0.5433046589743238 1
0.5435406482239117 1
0.5436245095874754 1
0.5443726595678854 1
0.5447788500737566 1
0.5450975772597654 1
0.5452079178373084 1
0.5455077379726351 1
0.5457084865995424 1
0.545796028445187 1
0.5469359485905233 1
0.5471486540772567 1
0.5471912723461392 1
0.5472379637010202 1
0.5481792599489473 1
0.548235011863861 1
0.5487164077279505 1
0.5491750846616129 1
0.5491908260743203 1
0.5494570036715729 1
0.5497289920797461 1
0.5498666712385541 1
0.5498858728615528 1
0.549974809132408 1
0.5501263828066293 1
0.5504126239249338 1
0.5504588723021879 1
0.5505510017275977 1
0.5517219653608141 1
0.5517706751035232 1
0.5521990651254084 1
0.5522478490696944 1
0.5524866561716489 1
0.5526327333039646 1
0.5529060030765063 1
0.5530224055473191 1
0.5531183137072485 1
0.5535152521436102 1
0.553634603053249 1
0.5538667555879162 1
0.5549078523950761 1
0.5550566349925051 1
0.5551805985279502 1
0.5553108849192706 1
0.555563177501887 1
0.5560191361487703 1
0.5565885588894592 1
0.5581740145594379 1
0.5584816312057326 1
0.5588545976821246 1
0.5591393074766083 1
0.5592776258954629 1
0.5603070114686995 1
0.5610077820230145 1
0.5623270064818676 1
0.5641439229312627 1
0.5642692713871498 1
0.5645872503667995 1
0.5669115322817521 1
0.5672111511714477 1
0.5673725071018204 1
0.5689672610260302 1
0.569976336994868 1
0.5700298623128464 1
0.5704982613363957 1
0.5706067175729157 1
0.5713734725405701 1
0.5717988834407887 1
0.573877622580587 1
0.5740652614050614 1
0.5751520677740533 1
0.5755249286736837 1
0.5756744745870003 1
0.5763899502152163 1
0.5786665707573222 1
0.5811358437462597 1
0.5849464937070974 1
0.5907384283368307 1
