
 0.555
 0.547
 0.576
 0.517
 0.500
 0.540
 0.515
 0.553
 0.570
 0.495
 0.569
 0.513
 0.531
 0.529
 0.534
 0.525
 0.510
 0.575
 0.571
 0.512
 0.527
 0.534
 0.549
 0.550
 0.554
 0.518
 0.539
 0.510
 0.534
 0.487
 0.509
 0.525
 0.497
 0.571
 0.553
 0.591
 0.530
 0.526
 0.493
 0.543
 0.539
 0.537
 0.556
 0.567
 0.535
 0.558
 0.537
 0.483
 0.540
 0.531
 0.534
 0.523
 0.555
 0.535
 0.546
 0.555
 0.529
 0.528
 0.530
 0.551
 0.517
 0.552
 0.498
 0.570
 0.550
 0.550
 0.523
 0.550
 0.528
 0.562
 0.544
 0.554
 0.536
 0.518
 0.545
 0.547
 0.526
 0.546
 0.518
 0.514
 0.517
 0.539
 0.531
 0.542
 0.516
 0.572
 0.579
 0.515
 0.540
 0.523
 0.517
 0.541
 0.519
 0.552
 0.524
 0.512
 0.521
 0.530
 0.527
 0.560
 0.533
 0.543
 0.559
 0.520
 0.555
 0.512
 0.564
 0.530
 0.565
 0.558
 0.530
 0.535
 0.550
 0.527
 0.479
 0.559
 0.554
 0.514
 0.546
 0.525
 0.511
 0.514
 0.538
 0.507
 0.514
 0.507
 0.553
 0.547
 0.550
 0.552
 0.564
 0.513
 0.526
 0.520
 0.574
 0.506
 0.570
 0.557
 0.531
 0.513
 0.561
 0.517
 0.553
 0.514
 0.552
 0.538
 0.533
 0.549
 0.556
 0.545
 0.534
 0.550
 0.552
 0.549
 0.539
 0.567
 0.548
 0.492
 0.549
 0.539
 0.529
 0.522
 0.522
 0.524
 0.548
 0.538
 0.536
 0.521
 0.559
 0.542
 0.585
 0.581
 0.514
 0.524
 0.493
 0.528
 0.525
 0.512
 0.576
 0.488
 0.544
 0.545
 0.542
 0.541
 0.544
 0.510
 0.574
 0.533
 0.532
 0.541
 0.521
 0.487
 0.531
 0.547
 0.567
 0.526
 0.532
 0.522
 0.576
 0.533

