0 37
0 42
0 32
0 35
0 40
0 43
0 50
0 42
0 46
0 38
0 42
0 49
0 45
0 49
0 33
0 38
0 40
0 31
0 24
0 37
0 42
0 55
0 44
0 47
0 55
0 40
0 41
0 43
0 36
0 48
0 37
0 30
0 41
0 36
0 41
0 36
0 32
0 47
0 41
0 46
0 42
0 36
0 41
0 48
0 43
0 49
0 50
0 41
0 41
0 45
0 48
0 45
0 45
0 44
0 50
0 36
0 39
0 46
0 41
0 40
0 39
0 46
0 44
0 39
0 36
0 36
0 34
0 54
0 36
0 38
0 32
0 39
0 35
0 47
0 45
0 51
0 46
0 48
0 39
0 37
0 50
0 35
0 41
0 46
0 33
0 33
0 41
0 54
0 49
0 28
0 53
0 47
0 37
0 37
0 43
0 42
0 47
0 34
0 40
0 36
0 38
0 44
0 44
0 49
0 47
0 41
0 49
0 38
0 39
0 44
0 45
0 34
0 38
0 41
0 41
0 38
0 40
0 50
0 42
0 46
0 51
0 54
0 44
0 37
0 46
0 40
0 36
0 45
0 48
0 39
0 38
0 47
0 36
0 39
0 55
0 46
0 36
0 32
0 45
0 46
0 47
0 37
0 50
0 44
0 50
0 46
0 43
0 44
0 38
0 36
0 46
0 34
0 39
0 41
0 49
0 54
0 45
0 50
0 44
0 38
0 41
0 37
0 40
0 51
0 35
0 38
0 40
0 60
0 42
0 47
0 44
0 45
0 48
0 31
0 48
0 41
0 40
0 41
0 44
0 44
0 49
0 42
0 50
0 49
0 42
0 41
0 49
0 40
0 44
0 41
0 48
0 39
0 44
0 49
0 43
0 47
0 47
0 47
0 39
0 36
