
 0.541
 0.658
 0.677
 0.715
 0.726
 0.726
 0.726
 0.726
 0.726
 0.726
 0.726
 0.726
 0.726
 0.726
 0.726
 0.726
 0.726
 0.726
 0.726
 0.726
 0.726
 0.726
 0.726
 0.726
 0.726
 0.726
 0.726
 0.726
 0.726
 0.726
 0.726
 0.726
 0.726
 0.726
 0.726
 0.726
 0.726
 0.726
 0.726
 0.726
 0.726
 0.726
 0.726
 0.726
 0.726
 0.726
 0.726
 0.726
 0.726
 0.726
 0.726
 0.726
 0.726
 0.726
 0.726
 0.726
 0.726
 0.726
 0.726
 0.726
 0.726
 0.726
 0.726
 0.726
 0.726
 0.726
 0.726
 0.726
 0.726
 0.726
 0.726
 0.726
 0.726
 0.726
 0.726
 0.726
 0.726
 0.726
 0.726
 0.726
 0.726
 0.726
 0.726
 0.726
 0.726
 0.726
 0.726
 0.726
 0.726
 0.726
 0.726
 0.726
 0.726
 0.726
 0.726
 0.726
 0.726
 0.726
 0.726
 0.726
 0.726
 0.726
 0.726
 0.726
 0.726
 0.726
 0.726
 0.726
 0.726
 0.726
 0.726
 0.726
 0.726
 0.726
 0.726
 0.726
 0.726
 0.726
 0.726
 0.726
 0.726
 0.726
 0.726
 0.726
 0.726
 0.726
 0.726
 0.726
 0.726
 0.726
 0.726
 0.726
 0.726
 0.726
 0.726
 0.726
 0.726
 0.726
 0.726
 0.726
 0.726
 0.726
 0.726
 0.726
 0.726
 0.726
 0.726
 0.726
 0.726
 0.726
 0.726
 0.726
 0.726
 0.726
 0.726
 0.726
 0.726
 0.726
 0.726
 0.726
 0.726
 0.726
 0.726
 0.726
 0.726
 0.726
 0.726
 0.726
 0.726
 0.726
 0.726
 0.726
 0.726
 0.726
 0.726
 0.726
 0.726
 0.726
 0.726
 0.726
 0.726
 0.726
 0.726
 0.726
 0.726
 0.726
 0.726
 0.726
 0.726
 0.726
 0.726
 0.726
 0.726
 0.726
 0.726
 0.726
 0.726
 0.726
 0.726
 0.726

