0 48
0 40
1 38
1 51
0 51
0 37
0 30
1 42
1 41
2 44
2 35
2 41
0 41
2 49
2 40
1 46
1 48
2 46
2 35
1 40
1 41
2 44
1 46
0 36
2 48
2 47
2 47
1 40
2 47
1 47
2 28
2 50
2 41
1 50
0 57
0 47
1 31
0 45
2 43
2 47
0 44
1 54
1 53
2 44
2 45
2 50
0 40
1 45
1 41
2 36
0 38
2 39
2 46
2 36
1 35
0 38
0 57
2 45
2 50
2 30
1 42
1 54
1 41
2 36
1 38
0 38
1 36
1 38
0 48
0 36
2 40
0 39
2 49
0 43
0 46
2 43
2 46
2 43
1 42
1 45
1 40
2 39
2 50
1 39
0 36
1 55
1 37
2 33
1 41
1 37
2 44
2 40
1 43
2 25
1 38
0 41
2 38
1 39
0 41
1 43
0 37
0 47
0 38
1 38
2 38
2 38
0 43
0 38
0 37
0 42
0 47
0 43
0 48
0 46
1 31
0 49
0 39
0 49
2 36
1 48
0 35
1 45
1 46
0 44
2 34
0 41
1 40
2 58
1 52
2 43
1 46
2 45
2 42
0 39
0 51
2 48
1 61
2 37
2 39
0 36
2 37
2 43
2 41
2 44
1 34
0 41
2 40
2 32
2 51
2 36
1 31
1 42
1 53
2 54
1 50
0 36
2 43
1 46
2 41
2 52
2 41
0 46
0 35
2 52
2 37
1 35
0 37
0 50
1 39
2 42
1 27
0 55
0 48
1 44
1 46
0 31
0 43
2 45
1 39
1 33
0 42
2 47
1 46
2 39
0 38
2 43
0 40
1 43
1 36
2 27
2 37
1 35
2 55
2 39
1 38
0 43
0 31
2 51
2 41
0 46
