
 0.741
 0.682
 0.695
 0.663
 0.688
 0.736
 0.728
 0.741
 0.744
 0.708
 0.667
 0.710
 0.677
 0.710
 0.730
 0.725
 0.718
 0.711
 0.709
 0.742
 0.680
 0.715
 0.702
 0.729
 0.699
 0.709
 0.700
 0.712
 0.745
 0.737
 0.720
 0.738
 0.698
 0.715
 0.689
 0.743
 0.751
 0.732
 0.716
 0.717
 0.708
 0.703
 0.703
 0.718
 0.706
 0.743
 0.714
 0.749
 0.695
 0.698
 0.714
 0.712
 0.685
 0.706
 0.686
 0.720
 0.713
 0.684
 0.724
 0.745
 0.707
 0.675
 0.732
 0.715
 0.683
 0.721
 0.713
 0.743
 0.745
 0.732
 0.714
 0.728
 0.696
 0.712
 0.710
 0.683
 0.736
 0.744
 0.731
 0.669
 0.749
 0.735
 0.697
 0.754
 0.722
 0.695
 0.751
 0.744
 0.711
 0.694
 0.722
 0.730
 0.753
 0.736
 0.689
 0.733
 0.723
 0.707
 0.719
 0.706
 0.777
 0.666
 0.670
 0.729
 0.756
 0.691
 0.658
 0.734
 0.690
 0.725
 0.645
 0.701
 0.720
 0.671
 0.713
 0.705
 0.750
 0.740
 0.767
 0.704
 0.712
 0.725
 0.728
 0.705
 0.717
 0.684
 0.700
 0.678
 0.701
 0.713
 0.729
 0.718
 0.751
 0.731
 0.726
 0.753
 0.716
 0.745
 0.723
 0.698
 0.739
 0.700
 0.685
 0.744
 0.704
 0.703
 0.765
 0.721
 0.671
 0.733
 0.737
 0.711
 0.696
 0.724
 0.729
 0.716
 0.730
 0.737
 0.679
 0.690
 0.723
 0.755
 0.721
 0.716
 0.726
 0.709
 0.698
 0.722
 0.704
 0.716
 0.682
 0.709
 0.696
 0.769
 0.725
 0.703
 0.700
 0.729
 0.686
 0.692
 0.675
 0.693
 0.691
 0.733
 0.712
 0.724
 0.720
 0.720
 0.686
 0.740
 0.703
 0.706
 0.708
 0.725
 0.703
 0.699
 0.703
 0.711
 0.706
 0.734

