
 0.461
 0.536
 0.511
 0.448
 0.452
 0.499
 0.464
 0.513
 0.579
 0.460
 0.468
 0.491
 0.534
 0.531
 0.567
 0.491
 0.453
 0.548
 0.544
 0.517
 0.560
 0.518
 0.502
 0.461
 0.489
 0.502
 0.465
 0.490
 0.525
 0.465
 0.438
 0.479
 0.494
 0.533
 0.479
 0.449
 0.443
 0.507
 0.572
 0.464
 0.516
 0.547
 0.552
 0.552
 0.546
 0.497
 0.523
 0.488
 0.465
 0.517
 0.476
 0.505
 0.536
 0.527
 0.511
 0.466
 0.512
 0.453
 0.543
 0.480
 0.470
 0.504
 0.511
 0.519
 0.495
 0.494
 0.546
 0.488
 0.455
 0.566
 0.509
 0.503
 0.506
 0.510
 0.545
 0.495
 0.535
 0.566
 0.458
 0.513
 0.493
 0.482
 0.489
 0.468
 0.457
 0.570
 0.489
 0.540
 0.506
 0.528
 0.520
 0.507
 0.523
 0.490
 0.528
 0.530
 0.505
 0.503
 0.418
 0.527
 0.513
 0.581
 0.492
 0.497
 0.500
 0.485
 0.466
 0.521
 0.443
 0.494
 0.473
 0.553
 0.446
 0.475
 0.479
 0.522
 0.501
 0.484
 0.505
 0.485
 0.482
 0.550
 0.479
 0.530
 0.472
 0.507
 0.450
 0.498
 0.520
 0.501
 0.480
 0.502
 0.549
 0.507
 0.506
 0.457
 0.464
 0.462
 0.491
 0.490
 0.470
 0.482
 0.505
 0.464
 0.508
 0.440
 0.495
 0.523
 0.522
 0.509
 0.510
 0.518
 0.467
 0.535
 0.521
 0.503
 0.463
 0.579
 0.487
 0.467
 0.482
 0.514
 0.462
 0.537
 0.537
 0.506
 0.534
 0.494
 0.529
 0.508
 0.472
 0.520
 0.488
 0.445
 0.509
 0.476
 0.532
 0.503
 0.493
 0.487
 0.466
 0.546
 0.491
 0.536
 0.549
 0.511
 0.531
 0.503
 0.505
 0.517
 0.523
 0.483
 0.534
 0.538
 0.529
 0.456
 0.495
 0.543
 0.518
 0.482

