1 35
1 35
0 42
0 43
0 40
0 38
1 45
0 44
1 34
1 47
0 36
0 44
0 42
1 43
1 34
0 39
0 40
0 36
0 47
0 42
1 45
0 42
1 37
0 38
1 49
0 34
0 43
1 45
0 40
0 50
1 41
1 49
0 36
1 26
0 29
0 45
1 47
1 53
0 44
0 36
1 36
1 41
0 36
0 42
0 41
0 49
0 47
0 32
1 44
0 47
0 57
0 47
0 47
0 41
1 36
1 41
1 41
1 42
1 42
0 43
0 31
1 39
0 40
0 39
0 38
1 48
1 47
1 40
0 29
0 44
1 48
0 39
1 40
0 38
0 43
1 48
1 40
1 47
1 49
0 37
0 43
1 44
1 37
1 42
1 40
0 32
0 40
1 44
0 40
1 44
0 37
0 33
1 35
1 31
0 34
0 45
0 42
1 39
1 55
1 36
1 37
1 32
0 42
1 43
1 43
0 42
1 36
1 29
1 38
0 37
1 48
0 45
0 43
1 43
1 42
1 30
1 54
0 42
1 44
0 42
0 41
0 41
0 40
0 40
1 38
0 42
1 45
1 41
0 34
0 41
1 54
1 46
0 38
0 38
0 39
1 37
1 46
0 35
0 30
1 41
0 39
1 44
0 41
0 39
0 41
1 37
0 40
0 51
1 38
1 38
1 33
0 52
1 38
0 53
0 50
1 40
0 41
0 35
0 53
1 45
0 38
0 41
1 40
0 45
1 45
0 54
0 35
0 48
0 34
0 40
1 42
0 37
1 42
0 41
0 50
1 56
1 53
1 41
1 32
1 50
1 45
0 38
1 37
1 42
0 61
0 33
0 53
0 41
0 35
1 46
0 52
0 44
0 42
0 37
0 40
0 42
1 38
1 47
1 38
0 44
