
 0.477
 0.482
 0.539
 0.493
 0.479
 0.468
 0.493
 0.482
 0.505
 0.511
 0.526
 0.501
 0.492
 0.507
 0.470
 0.525
 0.504
 0.464
 0.471
 0.494
 0.466
 0.464
 0.500
 0.500
 0.517
 0.511
 0.511
 0.439
 0.479
 0.453
 0.536
 0.490
 0.513
 0.511
 0.489
 0.494
 0.483
 0.496
 0.502
 0.486
 0.505
 0.479
 0.532
 0.503
 0.481
 0.519
 0.536
 0.515
 0.560
 0.542
 0.502
 0.465
 0.503
 0.471
 0.528
 0.522
 0.528
 0.490
 0.545
 0.462
 0.496
 0.471
 0.457
 0.529
 0.567
 0.490
 0.496
 0.448
 0.522
 0.458
 0.494
 0.529
 0.536
 0.524
 0.500
 0.483
 0.487
 0.515
 0.490
 0.517
 0.547
 0.514
 0.490
 0.516
 0.536
 0.500
 0.529
 0.496
 0.449
 0.507
 0.491
 0.521
 0.529
 0.505
 0.488
 0.538
 0.467
 0.566
 0.488
 0.499
 0.490
 0.518
 0.526
 0.486
 0.459
 0.497
 0.520
 0.538
 0.515
 0.494
 0.529
 0.479
 0.575
 0.496
 0.472
 0.505
 0.503
 0.468
 0.544
 0.489
 0.459
 0.509
 0.483
 0.538
 0.490
 0.483
 0.509
 0.509
 0.492
 0.512
 0.471
 0.554
 0.552
 0.514
 0.535
 0.489
 0.492
 0.519
 0.496
 0.519
 0.503
 0.483
 0.461
 0.508
 0.553
 0.512
 0.460
 0.508
 0.529
 0.500
 0.477
 0.507
 0.542
 0.456
 0.525
 0.481
 0.555
 0.534
 0.556
 0.529
 0.483
 0.512
 0.507
 0.559
 0.478
 0.528
 0.453
 0.464
 0.489
 0.494
 0.507
 0.471
 0.452
 0.506
 0.502
 0.508
 0.496
 0.493
 0.492
 0.501
 0.503
 0.454
 0.499
 0.495
 0.496
 0.578
 0.516
 0.537
 0.513
 0.474
 0.536
 0.508
 0.494
 0.508
 0.528
 0.497
 0.535
 0.512
 0.531
 0.495

