0.4094257949134324 1
0.4125521143786184 1
0.42042885872030594 1
0.4429048578133103 1
0.4454547418920923 1
0.4458242842629236 1
0.4468164457596223 1
0.45006479324180537 1
0.4501839849131445 1
0.4503599682252787 1
0.4514421613347677 1
0.45491264799963305 1
0.45540104320369346 1
0.4559790715200092 1
0.45744956590356284 1
0.45760667272746736 1
0.45905480175840596 1
0.45907238579456555 1
0.46014610109880183 1
0.46109465434631397 1
0.4611363634827931 1
0.4617649798640124 1
0.46187947652547806 1
0.4620152893517125 1
0.46265739259842176 1
0.4637572256506428 1
0.46585721064427654 1
0.4662647095923455 1
0.46711282299519274 1
0.4676864953120562 1
0.4677234084308148 1
0.4688609744569285 1
0.4693858459760746 1
0.46964474894749214 1
0.4706908895971895 1
0.4709366602625113 1
0.470978563068762 1
0.47154667645629833 1
0.4723594639763054 1
0.4736044097946788 1
0.47363107094356627 1
0.47367222533480524 1
0.47416415071294565 1
0.4754539708047211 1
0.4757954542090321 1
0.476754010797034 1
0.47774740691852796 1
0.47855207593421795 1
0.47874651323476963 1
0.47919890282372235 1
0.479448644970252 1
0.4794874566072452 1
0.48001513903557047 1
0.4801005624349913 1
0.48046662220199954 1
0.48054177130088127 1
0.48057381609985206 1
0.4806264256427621 1
0.4822642740183407 1
0.4822892826446798 1
0.48229698097099033 1
0.482934455919943 1
0.48335636199142284 1
0.48338075433012945 1
0.48379947223279784 1
0.4843810823423534 1
0.4844644871091602 1
0.4851665826841093 1
0.48645649201412505 1
0.4867995839598301 1
0.4878983319733492 1
0.4883527192114327 1
0.48848915511713886 1
0.489293632679998 1
0.48937035451389277 1
0.4893976827409395 1
0.4907037268909496 1
0.4907223298648106 1
0.491141800264118 1
0.4919263651371979 1
0.49197752561360153 1
0.4922273680116999 1
0.4925661493211011 1
0.49302662732935915 1
0.49305001825709177 1
0.4931633047500623 1
0.49321235545926756 1
0.4932665127613116 1
0.49339640000043805 1
0.4938200786884234 1
0.49401560549081913 1
0.49461472384209304 1
0.4955845074769287 1
0.4962468705149204 1
0.4964204233541182 1
0.49655401501843843 1
0.4969176727031543 1
0.49736968292803296 1
0.49739256944603566 1
0.4975301553471879 1
0.49795142356924854 1
0.4986039635109787 1
0.4996034739497182 1
0.4996918179197437 1
0.5007261964413822 1
0.5011642559243993 1
0.5017428563345163 1
0.5018719313922966 1
0.5022111286141024 1
0.502281831072661 1
0.5027690196123968 1
0.502773329348912 1
0.5035320060414185 1
0.5036847274494262 1
0.5040829342152663 1
0.5042278941884963 1
0.504556456637509 1
0.5045674592772798 1
0.5047777604105037 1
0.5048420141120937 1
0.5052923213361535 1
0.505840389781004 1
0.5061863827530645 1
0.5074376060665255 1
0.5078059923714708 1
0.508255717401981 1
0.5090689161772434 1
0.5093118376101711 1
0.5094780244465863 1
0.5096299007703964 1
0.5099053915076135 1
0.5100550924898621 1
0.5101117300404091 1
0.5107549865383259 1
0.5111107665313424 1
0.5112337244378843 1
0.5121820933343351 1
0.5124713243549828 1
0.5125791319352452 1
0.5126526495840699 1
0.5135370315641677 1
0.513537953787282 1
0.5141578183538033 1
0.5142141284514844 1
0.5145015342599206 1
0.5146695074879067 1
0.5155608033687021 1
0.5155876415623803 1
0.5162440968284939 1
0.5162825254381027 1
0.5167425760577957 1
0.5178578886098542 1
0.5186922498882462 1
0.519020832428029 1
0.5191927120001418 1
0.5192750351153225 1
0.5200891715406829 1
0.5207977072870111 1
0.5214827498852671 1
0.5223767491973227 1
0.5227768341836183 1
0.5232549844436369 1
0.5235456936489237 1
0.5236704347312792 1
0.5245385430721782 1
0.5246187332691361 1
0.5250155663775277 1
0.526407763925756 1
0.5266478618535811 1
0.5266785695861959 1
0.5272381885963424 1
0.528017117887734 1
0.5297702764870611 1
0.531234664340281 1
0.531986223894695 1
0.5324262838929662 1
0.5330176508755027 1
0.5330722677389061 1
0.5333427210585893 1
0.5335614529692355 1
0.5341888132756258 1
0.5341951845102024 1
0.5352093854415356 1
0.536468000742524 1
0.5369025420539353 1
0.5371902767731381 1
0.5382656418425406 1
0.5388382763524622 1
0.5406512700081361 1
0.5407671269835502 1
0.5418872985933457 1
0.5474322618512835 1
0.5490345921710951 1
0.5508652016013472 1
0.5525907840804838 1
0.553167083760601 1
0.5572602073931467 1
0.5696246172994858 1
0.5724206420059814 1
0.5817846496547614 1
