
 0.446
 0.531
 0.475
 0.504
 0.507
 0.508
 0.527
 0.502
 0.487
 0.479
 0.484
 0.510
 0.502
 0.509
 0.488
 0.503
 0.480
 0.505
 0.538
 0.528
 0.483
 0.513
 0.483
 0.513
 0.474
 0.522
 0.496
 0.514
 0.493
 0.541
 0.539
 0.479
 0.457
 0.516
 0.570
 0.510
 0.523
 0.494
 0.498
 0.481
 0.450
 0.492
 0.519
 0.505
 0.533
 0.516
 0.492
 0.409
 0.482
 0.514
 0.496
 0.519
 0.524
 0.467
 0.471
 0.484
 0.517
 0.472
 0.497
 0.500
 0.484
 0.502
 0.494
 0.532
 0.511
 0.466
 0.504
 0.511
 0.476
 0.456
 0.445
 0.508
 0.463
 0.493
 0.489
 0.525
 0.480
 0.493
 0.495
 0.499
 0.541
 0.480
 0.451
 0.530
 0.493
 0.461
 0.532
 0.502
 0.519
 0.553
 0.527
 0.520
 0.460
 0.462
 0.489
 0.497
 0.582
 0.547
 0.464
 0.525
 0.536
 0.489
 0.478
 0.462
 0.534
 0.491
 0.485
 0.450
 0.537
 0.523
 0.505
 0.504
 0.553
 0.462
 0.455
 0.549
 0.488
 0.491
 0.420
 0.481
 0.510
 0.496
 0.500
 0.477
 0.515
 0.468
 0.542
 0.443
 0.510
 0.486
 0.505
 0.469
 0.537
 0.493
 0.551
 0.461
 0.459
 0.482
 0.455
 0.505
 0.525
 0.534
 0.488
 0.493
 0.533
 0.516
 0.534
 0.458
 0.527
 0.515
 0.514
 0.521
 0.459
 0.572
 0.506
 0.519
 0.514
 0.472
 0.518
 0.497
 0.526
 0.492
 0.511
 0.479
 0.450
 0.557
 0.469
 0.474
 0.470
 0.491
 0.512
 0.413
 0.498
 0.481
 0.493
 0.524
 0.512
 0.516
 0.482
 0.471
 0.501
 0.447
 0.504
 0.521
 0.466
 0.509
 0.501
 0.506
 0.479
 0.535
 0.468
 0.509
 0.533
 0.479
 0.474
 0.497
 0.483
 0.474
 0.503
 0.471

