0.43037424321599027 1
0.4487477262977066 1
0.4528239188707907 1
0.4532201286548345 1
0.4555267223533032 1
0.4557782510068953 1
0.4654745632049169 1
0.46565709789819726 1
0.4669223208414306 1
0.46730752620156335 1
0.4676487817736051 1
0.4683732788106931 1
0.4684702281644676 1
0.4688815548608379 1
0.4698381357457065 1
0.47005360817780106 1
0.47037525893522253 1
0.4704578136481368 1
0.4704651376196636 1
0.4707921896891864 1
0.47122156885796884 1
0.47228371105257055 1
0.47265028187477215 1
0.47273071792806787 1
0.4738751774030373 1
0.4746912600260567 1
0.47482347241474804 1
0.47502464976977926 1
0.4751153065697308 1
0.4751564964302634 1
0.4754100400845893 1
0.4759802963628019 1
0.47687110151496037 1
0.47719255144875156 1
0.47765730993334804 1
0.47942316796650597 1
0.47960268612449236 1
0.4805195279620307 1
0.48068216554835813 1
0.48189482157311775 1
0.48269091071193815 1
0.483023713626486 1
0.48334496837401486 1
0.48335981369014724 1
0.48352209268567636 1
0.48398657957313446 1
0.48415772652822453 1
0.48511498137002007 1
0.4856497601104229 1
0.48629499080868016 1
0.48712654119405274 1
0.4871744218063185 1
0.4881577435167148 1
0.48817859644760425 1
0.48836691555190836 1
0.48857612355064667 1
0.489347440336272 1
0.48948683473310894 1
0.4896749271781513 1
0.49097756689601463 1
0.4912473449876279 1
0.49129177010871905 1
0.491436610004202 1
0.4916586797252981 1
0.49190299142803773 1
0.491910232708932 1
0.49287677963281845 1
0.4938056325783697 1
0.49391503778414825 1
0.4954026082447862 1
0.4959892275590627 1
0.49677234371157813 1
0.49716650372808835 1
0.49730630089245637 1
0.49814161432390847 1
0.49855381663732 1
0.4987089083418285 1
0.4993698602629398 1
0.4995974871041943 1
0.5006877861155078 1
0.5015130556415159 1
0.5024600414772913 1
0.5032568982396234 1
0.5033534104936432 1
0.5036643007489633 1
0.503921108355533 1
0.5041599028545722 1
0.5045736823422629 1
0.5047209802035867 1
0.5052490082210547 1
0.5052793111324388 1
0.5054169040859535 1
0.5057777391162989 1
0.5057984978106704 1
0.5058859213645895 1
0.5059455144167759 1
0.5064659746563432 1
0.5067955434545408 1
0.5068996889136789 1
0.5070004670490593 1
0.5071252586426008 1
0.5076076539339313 1
0.5085638760109887 1
0.509067275421599 1
0.509136823843699 1
0.5092396474679644 1
0.5093008379781108 1
0.5107553345038298 1
0.5110787763905141 1
0.5111165351365166 1
0.5119162321859518 1
0.5121656858662755 1
0.5121685820664612 1
0.5125366622965221 1
0.5132112575346632 1
0.5135179144300281 1
0.5135863694747241 1
0.5136733701968429 1
0.5137729339547501 1
0.5138946914550577 1
0.5143447552742626 1
0.5150145097766324 1
0.5152621362890036 1
0.5155156045617788 1
0.515567575829128 1
0.5157676375554938 1
0.5159406270798033 1
0.5159912238784979 1
0.5161105984223446 1
0.5161247889568673 1
0.5166809433906685 1
0.5170464918447548 1
0.5172274157788539 1
0.5174522493824757 1
0.5188642474111789 1
0.5193525984456946 1
0.5204715671614445 1
0.5206819879231237 1
0.5219051203696385 1
0.5238549928950679 1
0.5249683525433994 1
0.5250035356503865 1
0.5253686219256926 1
0.5260280047699775 1
0.5264644292024289 1
0.5266288823051606 1
0.5269343702764244 1
0.5271681165803382 1
0.5276749707847637 1
0.5289544681552744 1
0.5289902870056431 1
0.5294793283205871 1
0.530320903027389 1
0.5307810235945217 1
0.5310664231048969 1
0.5313487229300768 1
0.5316267961815488 1
0.5320442992815312 1
0.532173364548988 1
0.5329538239783462 1
0.5334209856065179 1
0.5338247164557778 1
0.5340798591987876 1
0.5341410859995123 1
0.5345707331161589 1
0.5345745817518537 1
0.5346896482344765 1
0.5347779595169125 1
0.5355116737114438 1
0.535544900942006 1
0.535674335835847 1
0.5357726881562863 1
0.5357851639690772 1
0.5368785387160401 1
0.5374024469613736 1
0.5388063565223981 1
0.5389557274698832 1
0.5407126123155293 1
0.5411148710870771 1
0.5416900893088094 1
0.542703109687679 1
0.5428089849388136 1
0.5431869418784124 1
0.5472868747336527 1
0.5501274838393644 1
0.5501704894239543 1
0.5505750614170554 1
0.5521225477530758 1
0.5527344591679215 1
0.5535521424718707 1
0.5581673307937333 1
0.5597865513297813 1
0.5606333535860196 1
0.5621490201340031 1
0.5646714261870535 1
0.5649635645101195 1
0.5688061782053971 1
0.5718420149171487 1
0.5800932467924433 1
0.5952156012972395 1
