
 0.476
 0.537
 0.473
 0.486
 0.500
 0.475
 0.513
 0.511
 0.470
 0.517
 0.485
 0.526
 0.470
 0.505
 0.507
 0.514
 0.534
 0.502
 0.519
 0.469
 0.470
 0.514
 0.524
 0.565
 0.554
 0.531
 0.533
 0.525
 0.543
 0.499
 0.475
 0.528
 0.509
 0.477
 0.478
 0.475
 0.489
 0.515
 0.531
 0.507
 0.516
 0.525
 0.480
 0.497
 0.547
 0.531
 0.514
 0.468
 0.536
 0.479
 0.560
 0.507
 0.552
 0.488
 0.491
 0.483
 0.491
 0.535
 0.453
 0.543
 0.535
 0.496
 0.470
 0.475
 0.504
 0.508
 0.517
 0.595
 0.456
 0.509
 0.562
 0.491
 0.506
 0.494
 0.514
 0.541
 0.516
 0.475
 0.506
 0.535
 0.532
 0.536
 0.492
 0.504
 0.474
 0.497
 0.494
 0.516
 0.484
 0.484
 0.468
 0.493
 0.477
 0.542
 0.558
 0.473
 0.505
 0.453
 0.526
 0.482
 0.470
 0.490
 0.507
 0.517
 0.534
 0.467
 0.511
 0.527
 0.516
 0.539
 0.527
 0.519
 0.536
 0.501
 0.484
 0.466
 0.539
 0.521
 0.532
 0.517
 0.550
 0.509
 0.551
 0.486
 0.430
 0.541
 0.503
 0.483
 0.535
 0.530
 0.525
 0.537
 0.533
 0.487
 0.505
 0.503
 0.516
 0.512
 0.483
 0.511
 0.550
 0.565
 0.553
 0.520
 0.516
 0.488
 0.509
 0.471
 0.529
 0.515
 0.481
 0.483
 0.499
 0.502
 0.467
 0.492
 0.529
 0.532
 0.498
 0.489
 0.471
 0.534
 0.516
 0.569
 0.536
 0.527
 0.465
 0.512
 0.509
 0.491
 0.481
 0.505
 0.572
 0.492
 0.456
 0.512
 0.580
 0.497
 0.561
 0.514
 0.504
 0.514
 0.506
 0.529
 0.505
 0.536
 0.468
 0.543
 0.495
 0.522
 0.506
 0.489
 0.487
 0.488
 0.449
 0.499
 0.506
 0.472
 0.475
 0.513

