0.4187525909081864 1
0.42870207257342463 1
0.43230742952756673 1
0.433263318455611 1
0.4401136979860526 1
0.4402602116597706 1
0.44068816138937067 1
0.4436340714431769 1
0.4438147400435674 1
0.44470648379859334 1
0.4464684677622975 1
0.447259795700716 1
0.44822422019570746 1
0.45079187159007134 1
0.45264625350049426 1
0.4530450209646055 1
0.4531581539608743 1
0.4531710892416776 1
0.45533076859853777 1
0.4555722124392685 1
0.45615367995677303 1
0.4570669664671273 1
0.4575895587725439 1
0.45812352377335663 1
0.4588935591868983 1
0.4590481757694944 1
0.4590912049028969 1
0.45924855712708895 1
0.46078767266027604 1
0.4612918448336229 1
0.4639880729961516 1
0.46424005608995444 1
0.4650698311480841 1
0.46522135830742223 1
0.46546209555961715 1
0.466035075469085 1
0.46673654819897403 1
0.468837214705128 1
0.46937660300802686 1
0.4695392588862511 1
0.46959866486160207 1
0.46981727561369574 1
0.47022847825464514 1
0.47224856380070973 1
0.4726147376517217 1
0.4729299866362999 1
0.4729303839984989 1
0.4733520675179509 1
0.47350482900704755 1
0.47369759798988115 1
0.4737330880048048 1
0.4737719590457718 1
0.4738564660867624 1
0.47399086834705373 1
0.474635577583784 1
0.4752468397316389 1
0.4760763963522761 1
0.4762060255711382 1
0.4766085770364911 1
0.47670569354238557 1
0.4767243708968293 1
0.476724634364021 1
0.4767488739150222 1
0.47697450037584027 1
0.47774496166619274 1
0.4778958625649888 1
0.4782076157663021 1
0.47849186015149725 1
0.4785548327923136 1
0.47917269863342143 1
0.48020002076892576 1
0.4808130649878257 1
0.4808902019793784 1
0.4809159989175084 1
0.4813418511895106 1
0.4822988734734806 1
0.482797357427807 1
0.4829262492596927 1
0.4829670884793627 1
0.48314581336982476 1
0.4834283128250901 1
0.48360068222636005 1
0.4840732074447169 1
0.48433562409135505 1
0.484841347132674 1
0.4863944618343198 1
0.4865042424222854 1
0.4870350354673168 1
0.48773144601722573 1
0.48816363108658223 1
0.48864640513856317 1
0.4894101929809722 1
0.4899298715397946 1
0.49014346728731717 1
0.49091615595734894 1
0.49098650519240217 1
0.49127823135069204 1
0.4913642196892834 1
0.4920837438954757 1
0.49233902619573156 1
0.4927226513234999 1
0.4929250553151019 1
0.49305382989682445 1
0.49327935914723126 1
0.4934304117686574 1
0.49359859548185897 1
0.49440575834295614 1
0.495422490240077 1
0.49554451115263953 1
0.4956870303263691 1
0.49587089390234884 1
0.4959206856076194 1
0.49664434734799523 1
0.4968282569446393 1
0.4976997349982996 1
0.4979501565567239 1
0.49855853161563174 1
0.4990346739742379 1
0.4991858875384299 1
0.4995866363960303 1
0.4996359519555113 1
0.4997468076883081 1
0.49979319399946603 1
0.5004774042360779 1
0.5005305228474959 1
0.5007889406232267 1
0.5012539729446535 1
0.5013883141800273 1
0.5014107300478635 1
0.5014774517074019 1
0.5015854669588219 1
0.5022381535101499 1
0.5031046783083157 1
0.5031563285967428 1
0.5032767164821571 1
0.5034435821502987 1
0.5038400506892394 1
0.5039899073941536 1
0.5041249266169558 1
0.5041450062175638 1
0.5058218054324375 1
0.5062110227997209 1
0.5063109299573072 1
0.5072119559307553 1
0.5073357036814624 1
0.507529999412246 1
0.5075428021040546 1
0.5080522797469358 1
0.5081298800532029 1
0.5082705503466114 1
0.5095212553583941 1
0.5117792849185332 1
0.5130758666516656 1
0.5134701860483412 1
0.5153968475238572 1
0.5155299425306272 1
0.5158476540735459 1
0.5175728246215631 1
0.5177032310462553 1
0.5177298665385578 1
0.5179158196333027 1
0.5183194227488346 1
0.519034038849097 1
0.5197871738920373 1
0.5202879239551919 1
0.520521145040385 1
0.5206585896315028 1
0.5207828280250008 1
0.5208389311785031 1
0.5209327566672413 1
0.5219299505450522 1
0.5228253096696068 1
0.5236012263222711 1
0.5239035588142069 1
0.5241114731910725 1
0.5247311490496177 1
0.5258376321474034 1
0.5266975824289023 1
0.5268226435314018 1
0.5274244053602148 1
0.5277243810536797 1
0.528202922824986 1
0.5288315503557416 1
0.5291592116120679 1
0.5303540441857296 1
0.5329788747872118 1
0.5340657567104723 1
0.5342607808502431 1
0.537265890528633 1
0.5383731181397614 1
0.5427918518825332 1
0.5464113560084215 1
0.5466765103658027 1
0.5503628973256676 1
0.5524463353042911 1
0.5527595968379954 1
0.5528602928380589 1
0.5531321318570115 1
0.5629183472031847 1
0.5719096462998322 1
