
 0.469
 0.498
 0.480
 0.459
 0.518
 0.440
 0.489
 0.453
 0.495
 0.492
 0.465
 0.503
 0.481
 0.470
 0.441
 0.484
 0.458
 0.529
 0.553
 0.527
 0.475
 0.483
 0.521
 0.524
 0.473
 0.456
 0.496
 0.433
 0.519
 0.503
 0.538
 0.493
 0.475
 0.481
 0.547
 0.432
 0.474
 0.461
 0.489
 0.534
 0.479
 0.515
 0.488
 0.478
 0.512
 0.446
 0.502
 0.470
 0.501
 0.496
 0.477
 0.526
 0.499
 0.572
 0.502
 0.552
 0.501
 0.474
 0.447
 0.520
 0.518
 0.524
 0.546
 0.479
 0.520
 0.493
 0.494
 0.501
 0.522
 0.501
 0.445
 0.523
 0.524
 0.491
 0.504
 0.518
 0.459
 0.527
 0.467
 0.464
 0.478
 0.470
 0.474
 0.456
 0.459
 0.506
 0.473
 0.507
 0.525
 0.477
 0.500
 0.500
 0.534
 0.500
 0.500
 0.453
 0.451
 0.469
 0.508
 0.491
 0.508
 0.477
 0.481
 0.506
 0.478
 0.518
 0.464
 0.490
 0.503
 0.491
 0.483
 0.491
 0.493
 0.521
 0.516
 0.513
 0.488
 0.501
 0.497
 0.498
 0.453
 0.448
 0.487
 0.483
 0.503
 0.493
 0.483
 0.530
 0.474
 0.485
 0.493
 0.486
 0.477
 0.508
 0.473
 0.504
 0.528
 0.510
 0.472
 0.494
 0.508
 0.465
 0.476
 0.550
 0.506
 0.518
 0.473
 0.553
 0.537
 0.444
 0.477
 0.521
 0.461
 0.499
 0.466
 0.516
 0.508
 0.529
 0.492
 0.543
 0.459
 0.500
 0.496
 0.553
 0.477
 0.455
 0.470
 0.444
 0.419
 0.458
 0.528
 0.563
 0.499
 0.521
 0.440
 0.453
 0.513
 0.476
 0.527
 0.490
 0.501
 0.474
 0.497
 0.507
 0.487
 0.484
 0.504
 0.521
 0.478
 0.483
 0.482
 0.484
 0.465
 0.474
 0.481
 0.496
 0.457
 0.533
 0.504
 0.429

