0.403995328362097 1
0.4259153997769982 1
0.4271113028572382 1
0.43060447832777476 1
0.43101519657853543 1
0.433941445682924 1
0.4344977999661795 1
0.43679495806601976 1
0.4393015540081647 1
0.44262335906086825 1
0.4431829230900435 1
0.44538234969826795 1
0.4465170977959847 1
0.44744590829455566 1
0.44883331185116476 1
0.4496924613407288 1
0.4502959345806616 1
0.45151440072563986 1
0.451809205923361 1
0.45314706845015373 1
0.4537993752960488 1
0.4558366231953046 1
0.45662209293122025 1
0.45805394146484907 1
0.45890981473287845 1
0.4604496419139283 1
0.46047764482655223 1
0.46154543859760216 1
0.4617824400185417 1
0.4641522897052352 1
0.46494319829432595 1
0.4661065051951268 1
0.46619195622936915 1
0.466791091628624 1
0.46757611132386395 1
0.4677082086510431 1
0.4694279518049819 1
0.47046498333333503 1
0.47052815614744253 1
0.4723638681652867 1
0.4729443486206178 1
0.4731690519471681 1
0.4733332379284211 1
0.47418144079905056 1
0.47430388944247137 1
0.47443149557512304 1
0.47496048964591897 1
0.4752698341610103 1
0.4761818453747184 1
0.4767289428161083 1
0.47741709853735537 1
0.4778280140307381 1
0.47817851595142374 1
0.480578066773354 1
0.4812555566005555 1
0.4812659509074718 1
0.4813600220242323 1
0.48146719990214537 1
0.4817717494821926 1
0.48200989283761425 1
0.48220675719617323 1
0.4824620019256299 1
0.4828942394065593 1
0.4829126935931454 1
0.4830848996703918 1
0.48347296188172817 1
0.48368386598407725 1
0.4845268536141623 1
0.4846913631927719 1
0.48472401851018093 1
0.4847747840644583 1
0.48543371189257706 1
0.4858516150469553 1
0.4862297705603427 1
0.4862581321245947 1
0.48693382928587214 1
0.48738194671299345 1
0.4877565192336734 1
0.48868705900340037 1
0.4888837471899302 1
0.489031893494648 1
0.48903416934294314 1
0.4901154209494155 1
0.49058904968719447 1
0.49083589347843687 1
0.4921925332668222 1
0.49249405846006405 1
0.4928627439546006 1
0.4928680269972582 1
0.49294526821061596 1
0.492951091251115 1
0.4931795632409656 1
0.49337400833066214 1
0.4933767380443389 1
0.49388723237425625 1
0.49509603721215906 1
0.49523520844256214 1
0.49531680062852845 1
0.49536911411823603 1
0.4958017749042145 1
0.49634508099311164 1
0.4970088981272473 1
0.49712774341034427 1
0.4975138246587222 1
0.4975968080474072 1
0.4981250888872238 1
0.4983841700947604 1
0.49943669290183507 1
0.4995597816103877 1
0.49983113357420433 1
0.5000400910551652 1
0.5002691180066461 1
0.5003072219767472 1
0.5005741634050775 1
0.5006825705927729 1
0.5008802712421938 1
0.5014611754390351 1
0.5019134868059064 1
0.5021076794492157 1
0.5023236455569807 1
0.5032223030662294 1
0.5033782032591223 1
0.5034792806676972 1
0.503777824228679 1
0.5037840955968521 1
0.5039921897548819 1
0.504143152057929 1
0.5050807193639745 1
0.5055328992252636 1
0.5058343085794703 1
0.5067540084450052 1
0.5068553340841893 1
0.5075370467957703 1
0.5084081799798366 1
0.5088466866998475 1
0.5093055301058126 1
0.5095559118169168 1
0.5095682155254382 1
0.5097034949160264 1
0.5100375196196779 1
0.5104221816965344 1
0.5111752187261811 1
0.5113309002447053 1
0.5113989932015781 1
0.5125529150946279 1
0.5126497424841954 1
0.512876660046381 1
0.5130028161394522 1
0.5137753839722152 1
0.5140389823160147 1
0.5141083395969417 1
0.5142402344579494 1
0.5143319821008364 1
0.5144468792588258 1
0.5148232594037696 1
0.515192422907219 1
0.5154211658801023 1
0.5154501667385383 1
0.5155855796656751 1
0.515790590502221 1
0.5177710131230857 1
0.5179173767527723 1
0.5186492519113909 1
0.5196870434084806 1
0.5201670567308866 1
0.5206883930734931 1
0.5207426933306603 1
0.5215244156905473 1
0.5231483088334717 1
0.5233010875002121 1
0.523325646557711 1
0.526398852744885 1
0.5289471203278229 1
0.5296930673574972 1
0.5300180349384653 1
0.530038956176606 1
0.5306520102073586 1
0.5308223904508242 1
0.53179455238782 1
0.5318449880783956 1
0.5339308215188716 1
0.5355374572397877 1
0.5360953742092415 1
0.5368690622937258 1
0.5369971488924343 1
0.5394160871491354 1
0.539663602156467 1
0.5399156418674972 1
0.5405637230359832 1
0.5410989168748045 1
0.5429963294711979 1
0.5477986280430428 1
0.5507287654960118 1
0.550816284313043 1
0.5510872575147846 1
0.553628373786881 1
0.5563274770174239 1
0.5655529998862278 1
0.577999986660901 1
0.5829813563481288 1
