
 0.521
 0.486
 0.537
 0.521
 0.492
 0.434
 0.534
 0.462
 0.504
 0.452
 0.443
 0.499
 0.431
 0.501
 0.506
 0.520
 0.484
 0.498
 0.566
 0.513
 0.501
 0.515
 0.481
 0.462
 0.511
 0.529
 0.502
 0.510
 0.500
 0.478
 0.493
 0.498
 0.513
 0.468
 0.500
 0.509
 0.460
 0.505
 0.472
 0.466
 0.439
 0.503
 0.471
 0.491
 0.481
 0.523
 0.493
 0.497
 0.506
 0.496
 0.540
 0.458
 0.532
 0.510
 0.501
 0.483
 0.578
 0.495
 0.519
 0.510
 0.513
 0.466
 0.482
 0.495
 0.530
 0.541
 0.491
 0.487
 0.494
 0.404
 0.511
 0.514
 0.554
 0.485
 0.431
 0.526
 0.514
 0.502
 0.481
 0.515
 0.520
 0.530
 0.459
 0.483
 0.515
 0.501
 0.515
 0.514
 0.518
 0.551
 0.485
 0.475
 0.500
 0.511
 0.473
 0.510
 0.583
 0.504
 0.450
 0.518
 0.509
 0.486
 0.507
 0.510
 0.454
 0.470
 0.478
 0.516
 0.502
 0.498
 0.482
 0.487
 0.488
 0.516
 0.495
 0.485
 0.514
 0.482
 0.493
 0.467
 0.468
 0.508
 0.492
 0.476
 0.500
 0.485
 0.486
 0.485
 0.493
 0.456
 0.437
 0.543
 0.477
 0.474
 0.495
 0.447
 0.531
 0.427
 0.493
 0.477
 0.473
 0.503
 0.504
 0.452
 0.532
 0.475
 0.551
 0.514
 0.464
 0.489
 0.539
 0.504
 0.522
 0.434
 0.489
 0.556
 0.498
 0.460
 0.536
 0.551
 0.490
 0.457
 0.508
 0.540
 0.474
 0.514
 0.449
 0.496
 0.541
 0.445
 0.493
 0.426
 0.474
 0.523
 0.489
 0.548
 0.481
 0.447
 0.513
 0.536
 0.481
 0.537
 0.453
 0.483
 0.489
 0.473
 0.523
 0.507
 0.531
 0.497
 0.450
 0.443
 0.500
 0.493
 0.465
 0.503
 0.469
 0.530
 0.482
 0.483

