0.581602257246637 1
0.5888474128165645 1
0.5954911980366805 1
0.5970605032206282 1
0.5994144609965499 1
0.5995977432387124 1
0.6021349832567965 1
0.6060582462166658 1
0.6062415284588284 1
0.6062415284588285 1
0.6068428988086398 1
0.6072094632929648 1
0.60859548623475 2
0.6087787684769125 1
0.6091968565845614 1
0.6095634210688865 1
0.6101647914186977 1
0.6105313559030229 1
0.6111327262528341 1
0.6113160084949967 1
0.6113160084949968 1
0.6117340966026455 1
0.611917378844808 2
0.6128853136789445 1
0.6136699662709183 1
0.6138532485130809 1
0.6140880543785671 1
0.6142713366207296 1
0.6146379011050547 1
0.6150559892127034 1
0.6152392714548661 1
0.6162072062890024 2
0.6168085766388138 1
0.6169918588809763 1
0.6174099469886252 1
0.6175932292307876 1
0.618194599580599 1
0.6183778818227615 2
0.6187444463070865 1
0.6195290988990604 2
0.6199471870067093 1
0.6201304692488718 2
0.6203137514910343 2
0.620731839598683 1
0.6207318395986832 1
0.6209151218408457 1
0.6212816863251708 1
0.6220663389171447 1
0.6224844270247933 2
0.6224844270247935 1
0.6226677092669558 1
0.6232690796167674 2
0.6234523618589297 1
0.6234523618589298 3
0.6242370144509036 3
0.6244202966930663 1
0.6248383848007151 1
0.6250216670428776 1
0.62520494928504 1
0.6258063196348513 1
0.6258063196348514 2
0.6265909722268252 1
0.6265909722268254 1
0.6267742544689878 1
0.6277421893031241 1
0.6277421893031243 1
0.6279254715452868 1
0.628160277410773 1
0.6281602774107732 1
0.6283435596529355 1
0.6285268418950981 1
0.6289449300027469 1
0.6291282122449094 2
0.6293114944870719 1
0.6299128648368832 1
0.6299128648368834 1
0.6300961470790458 3
0.6300961470790459 1
0.6308807996710196 1
0.6308807996710197 1
0.6316654522629935 2
0.6316654522629936 2
0.631848734505156 1
0.6320320167473186 1
0.632266822612805 1
0.6330514752047788 3
0.6334180396891038 1
0.6336013219312663 1
0.6340194100389152 1
0.6342026922810777 3
0.6343859745232403 1
0.6351706271152142 1
0.6357719974650254 2
0.6357719974650256 1
0.635955279707188 1
0.6363733678148368 1
0.6365566500569994 1
0.6367399322991618 2
0.6369232145413244 1
0.6373413026489733 1
0.6375245848911357 2
0.6377078671332983 1
0.6381259552409471 1
0.6383092374831095 1
0.6384925197252721 1
0.6389106078329209 1
0.638910607832921 1
0.6390938900750834 1
0.6396952604248949 1
0.6398785426670573 2
0.6406631952590311 1
0.6406631952590313 2
0.6408464775011937 1
0.6416311300931676 2
0.642232500442979 2
0.6424157826851414 2
0.6425990649273039 1
0.6432004352771153 2
0.6433837175192778 1
0.6438018056269267 1
0.6438018056269269 1
0.6439850878690894 1
0.6447697404610631 1
0.6453711108108745 1
0.6455543930530371 1
0.6463390456450108 1
0.646339045645011 1
0.646705610129336 1
0.6468888923714984 1
0.6473069804791473 2
0.6474902627213097 1
0.6476735449634721 1
0.6479083508289585 1
0.6479083508289587 1
0.6482749153132836 2
0.6482749153132837 1
0.6490595679052575 1
0.6498442204972313 2
0.650027502739394 1
0.651413525681179 2
0.652198178273153 1
0.652982830865127 1
0.6539507656992634 1
0.6553367886410484 1
0.6564880057173476 1
0.65667128795951 1
0.6570893760671588 1
0.6572726583093214 2
0.6580573109012954 1
0.6590252457354318 1
0.6596266160852429 1
0.6598098983274054 1
0.6599931805695679 1
0.6607778331615415 1
0.6607778331615418 1
0.6631317909374634 1
0.6637331612872748 1
0.6647010961214112 1
0.6689909235656056 1
0.6694090116732545 1
0.6713448813415271 1
0.6772040139696693 1
0.6817286472793502 1
