
 0.638
 0.617
 0.656
 0.614
 0.599
 0.609
 0.642
 0.624
 0.632
 0.606
 0.610
 0.625
 0.631
 0.644
 0.630
 0.610
 0.643
 0.647
 0.657
 0.650
 0.632
 0.661
 0.616
 0.629
 0.641
 0.646
 0.634
 0.589
 0.655
 0.628
 0.658
 0.624
 0.637
 0.631
 0.625
 0.636
 0.623
 0.607
 0.641
 0.677
 0.657
 0.648
 0.636
 0.643
 0.646
 0.628
 0.650
 0.638
 0.642
 0.620
 0.606
 0.620
 0.640
 0.634
 0.626
 0.600
 0.641
 0.611
 0.622
 0.607
 0.611
 0.665
 0.622
 0.623
 0.654
 0.639
 0.639
 0.633
 0.614
 0.650
 0.595
 0.647
 0.622
 0.634
 0.636
 0.624
 0.614
 0.657
 0.682
 0.628
 0.645
 0.637
 0.629
 0.640
 0.606
 0.638
 0.620
 0.612
 0.628
 0.597
 0.619
 0.660
 0.623
 0.618
 0.633
 0.609
 0.632
 0.633
 0.617
 0.615
 0.641
 0.648
 0.637
 0.634
 0.623
 0.647
 0.638
 0.615
 0.609
 0.632
 0.628
 0.636
 0.630
 0.632
 0.647
 0.623
 0.639
 0.621
 0.612
 0.648
 0.638
 0.648
 0.638
 0.627
 0.636
 0.663
 0.661
 0.648
 0.626
 0.620
 0.637
 0.646
 0.644
 0.664
 0.643
 0.660
 0.671
 0.657
 0.669
 0.651
 0.626
 0.630
 0.637
 0.635
 0.618
 0.648
 0.624
 0.611
 0.647
 0.622
 0.632
 0.642
 0.652
 0.615
 0.634
 0.582
 0.613
 0.653
 0.621
 0.642
 0.602
 0.627
 0.612
 0.618
 0.629
 0.629
 0.630
 0.617
 0.621
 0.651
 0.633
 0.643
 0.660
 0.628
 0.623
 0.618
 0.634
 0.630
 0.614
 0.623
 0.642
 0.632
 0.642
 0.620
 0.620
 0.627
 0.644
 0.669
 0.640
 0.621
 0.611
 0.630
 0.629
 0.649
 0.616
 0.620
 0.659
 0.625
 0.645
 0.609

