0 47
1 43
0 34
0 33
1 35
0 47
0 43
1 48
0 41
1 32
0 32
1 45
1 53
1 48
0 35
0 36
0 45
1 46
1 42
1 54
0 43
0 40
1 47
1 46
1 46
0 48
0 43
1 38
1 46
1 39
1 38
1 46
1 43
0 41
0 49
1 53
0 49
0 42
0 28
1 40
1 37
1 43
0 36
0 34
0 43
0 48
1 39
1 43
1 51
0 43
1 48
0 41
0 44
1 30
0 39
1 32
0 46
1 54
0 29
0 47
1 45
0 40
0 56
1 46
0 46
1 34
0 42
1 48
1 44
1 41
1 43
1 31
1 29
0 53
0 41
0 44
0 36
1 47
0 39
0 42
1 44
0 43
1 39
1 46
1 44
1 48
0 40
1 43
1 43
1 43
0 46
0 39
0 46
0 42
1 43
1 50
0 37
1 42
1 46
1 43
1 36
0 42
1 36
0 43
0 58
0 35
0 30
1 40
0 52
1 36
1 44
0 38
1 45
1 41
1 46
0 35
1 44
1 56
0 41
1 51
0 41
0 35
0 40
0 44
1 50
1 45
1 41
1 40
0 42
0 32
0 42
1 47
0 37
1 45
0 44
0 47
1 37
0 47
1 39
1 37
0 27
1 43
1 50
1 41
0 34
0 43
0 43
1 43
1 45
1 50
1 40
0 46
1 48
1 40
1 55
1 39
1 39
0 43
0 41
0 45
1 40
0 39
0 41
0 55
1 45
1 44
0 46
0 53
1 46
1 38
1 43
0 42
1 43
0 50
1 50
1 47
0 47
1 52
1 40
0 47
1 49
0 31
1 42
0 38
0 45
1 34
0 36
1 40
1 61
1 40
0 54
1 57
1 41
0 49
1 44
0 50
1 37
0 35
1 45
1 51
