0.42520858191011274 1
0.4276685916894637 1
0.43572480780126094 1
0.4369104051318476 1
0.4389660807840843 1
0.4420144228792931 1
0.44231178394861975 1
0.44270744740591117 1
0.44627182998541687 1
0.4540801725230363 1
0.45460738508350224 1
0.4611761096774039 1
0.4625318722684321 1
0.4628844363886959 1
0.4629651535038521 1
0.4638184992301324 1
0.4645608284658947 1
0.46465490279468247 1
0.4667588484002019 1
0.4674039901254053 1
0.4676966781666877 1
0.4681221415787604 1
0.4692361485235571 1
0.46931828068121845 1
0.46965395785209263 1
0.4708444150883023 1
0.47181754846554536 1
0.4721564806572662 1
0.47294617738896116 1
0.47341649880552966 1
0.47428074553958993 1
0.4748709490329961 1
0.47634582512229573 1
0.47682438789317527 1
0.4781419236413305 1
0.4788771339062092 1
0.47928163075259667 1
0.4793730915921486 1
0.47987913328377174 1
0.48030655005546236 1
0.48069824146596474 1
0.4827316017630192 1
0.48319658621770306 1
0.4832117130042662 1
0.48333879054713363 1
0.4838916012004443 1
0.48519558124888845 1
0.4852519936986419 1
0.4853127242300241 1
0.48561969677316297 1
0.4858468058961691 1
0.4870444976839434 1
0.4872887521463642 1
0.48777352347111913 1
0.48796016781536444 1
0.4880667612272323 1
0.4887546573609439 1
0.48886590644263395 1
0.48889662091354297 1
0.4905927753103922 1
0.49078532398678143 1
0.491378555580787 1
0.49159546247716535 1
0.49191709932624195 1
0.49214081794676656 1
0.4929800558239576 1
0.4933209414906969 1
0.4942698662945377 1
0.49473163889396443 1
0.4949577300420163 1
0.4963183746221426 1
0.4967284769900534 1
0.49680841656394553 1
0.49727765610682906 1
0.49730344226463474 1
0.4976147893208151 1
0.4976714606457551 1
0.4978609065171608 1
0.49881535989188114 1
0.49917927354088226 1
0.49933590140252954 1
0.49961443319832105 1
0.49963951350299113 1
0.5000508670029062 1
0.5007040383404392 1
0.5007402531195482 1
0.5028569614576238 1
0.5039788175131519 1
0.5040999995653955 1
0.5045178138176974 1
0.5049895685272083 1
0.5052381259763654 1
0.5053176813448725 1
0.5053617636219225 1
0.5056084943860264 1
0.5058776938020731 1
0.5059357701403965 1
0.5061044432092561 1
0.5064613219917156 1
0.5066201703862163 1
0.5068483672663519 1
0.5075370239216971 1
0.5075854492974948 1
0.5078832561297364 1
0.5084231032232143 1
0.508493980432398 1
0.5085964624558327 1
0.5101637237083129 1
0.5102076736806226 1
0.5105932057189122 1
0.5107985035620419 1
0.5111358001868982 1
0.5115904973210044 1
0.5117373569097631 1
0.51185675634607 1
0.5120732188453115 1
0.5121897196940765 1
0.5138630664759397 1
0.5165620593025692 1
0.5168459300954674 1
0.5176391261477962 1
0.517779760786162 1
0.518008739415642 1
0.5186145107800106 1
0.5191478641695216 1
0.5193866266235364 1
0.5199874061326286 1
0.5201964126533214 1
0.5203017138156434 1
0.5203274352130789 1
0.5213148017385998 1
0.521494948270298 1
0.5235189665475573 1
0.5242034813641631 1
0.5243670233272776 1
0.5244471025872288 1
0.5249384572175109 1
0.5249785719418251 1
0.5255007286107504 1
0.5256527316077992 1
0.5266555122481997 1
0.5272367498925771 1
0.5274484998051125 1
0.5296252255439281 1
0.5301331413842201 1
0.5307644332779071 1
0.5309722700531827 1
0.5314830417631307 1
0.531596702590081 1
0.5316732369580692 1
0.5319599121647421 1
0.5320056054670542 1
0.5336953535014829 1
0.5344941902786318 1
0.5360652606320978 1
0.5368340959652516 1
0.5369446781680248 1
0.5371743622834606 1
0.5371809128117317 1
0.5372764350706808 1
0.5374785968436251 1
0.5375840692011074 1
0.5398761799874385 1
0.541049605182278 1
0.5422381686947257 1
0.542416402583499 1
0.5427755271902764 1
0.5430850365189098 1
0.5435557441122248 1
0.5441698072188447 1
0.5446529961425507 1
0.5454765756119662 1
0.5456000431814539 1
0.5472429953086373 1
0.5475238959634965 1
0.5477477829990923 1
0.5486400803453191 1
0.5488298105958123 1
0.5500911750301622 1
0.5507266411268329 1
0.5510999917420567 1
0.5522162857275557 1
0.5535491558504768 1
0.5537989225771305 1
0.5556851479198687 1
0.5559140339802785 1
0.5565801239188524 1
0.5568400550836788 1
0.5580749153901824 1
0.5583647524485902 1
0.5612161534012577 1
0.5654292606561863 1
0.5666031445995593 1
0.5669934907369251 1
0.5674371904312705 1
0.5676916464032273 1
0.5735582764643364 1
0.5790703603240038 1
0.597072510279543 1
0.6298442741389689 1
