0.4307733142352375 1
0.44368779935476205 1
0.44463288218354036 1
0.4458498279492125 1
0.453428976128444 1
0.45580778198967564 1
0.4571342761106089 1
0.4590771163059638 1
0.46137484698662057 1
0.4616456529382063 1
0.46242415827404443 1
0.4646263203418539 1
0.46605943729017946 1
0.4665402964279945 1
0.46811203414361174 1
0.47146597701556914 1
0.47155700479175455 1
0.4715686984215893 1
0.4719534841106405 1
0.47246938681922324 1
0.47297664736668843 1
0.4734598730499417 1
0.4739326857367445 1
0.4747128822149257 1
0.4760035126833404 1
0.4768438997328587 1
0.47814826325710286 1
0.47842551576989045 1
0.47854150438229254 1
0.4795525871526085 1
0.4797713929149628 1
0.4801821443530852 1
0.48086140615674994 1
0.4809878217477901 1
0.4812067344680521 1
0.4815789331816627 1
0.48194974130810236 1
0.4821716021774901 1
0.4830024548407721 1
0.4831834535848921 1
0.48399320504826265 1
0.4840350326850858 1
0.48445190470786975 1
0.48481323164118334 1
0.4851298867952189 1
0.4861374261157197 1
0.48623985355618843 1
0.48677675029072454 1
0.4868794458092554 1
0.48701179055755844 1
0.48703773068019385 1
0.4873769644133417 1
0.48745999887030245 1
0.4879173930382059 1
0.4880594099437006 1
0.48819109690517254 1
0.48943474453283586 1
0.49009236797520345 1
0.4902899027076528 1
0.49107759292282976 1
0.49178960563462554 1
0.4920872965128085 1
0.49332916804984456 1
0.4941778118604848 1
0.4943451416326361 1
0.4944319025600344 1
0.49465336727897813 1
0.4952492785554897 1
0.4954963427354263 1
0.49660287353836524 1
0.4969705708572488 1
0.4974254374792826 1
0.4981121746899529 1
0.49815755695894326 1
0.49884847611707583 1
0.4990684317277838 1
0.49940631142899294 1
0.49949496129847903 1
0.5001943780344208 1
0.5002443871164214 1
0.5005082270841591 1
0.5010957544004192 1
0.5014666370192998 1
0.5016648063033914 1
0.5020884092154138 1
0.5022269430979459 1
0.5022797141531601 1
0.5023863516228737 1
0.5025210043038382 1
0.5025809006407713 1
0.5026894364570127 1
0.5029376007842759 1
0.5029603167038748 1
0.5030381673352459 1
0.5035410532299425 1
0.5035594724475007 1
0.5038572518112833 1
0.5039232431183798 1
0.5052776093499957 1
0.5055260043709865 1
0.5061288365128539 1
0.5064929087523009 1
0.5065895332067756 1
0.506763462229562 1
0.506787196511689 1
0.507763550787883 1
0.5079618618647641 1
0.5086910445527708 1
0.5087434667341236 1
0.5087536022336338 1
0.5091859781841737 1
0.5098306330040139 1
0.5103176083918222 1
0.5104368085026103 1
0.5108159605760204 1
0.511004521862887 1
0.5110935329381181 1
0.5112037615098727 1
0.5114247850531936 1
0.5115333312110593 1
0.5120560816631256 1
0.5123627420570136 1
0.5123639352484026 1
0.5133868013143996 1
0.5137304784577871 1
0.5141426745182569 1
0.5142629184515624 1
0.514273612742148 1
0.5152951226693734 1
0.5154126256387811 1
0.5163215395411417 1
0.5171418037761402 1
0.5171811993628459 1
0.5172270612479923 1
0.5180364233286624 1
0.5181142596248908 1
0.5184069250371002 1
0.5191464218272487 1
0.5192091103011256 1
0.5200232660828256 1
0.5200389585194287 1
0.520570988036376 1
0.5205938773836774 1
0.520930908247069 1
0.521259402543412 1
0.5213044968864993 1
0.5214453743980446 1
0.5217363974766879 1
0.5223277369430931 1
0.5223426744585719 1
0.5225070813046038 1
0.5226336049623541 1
0.522994127417566 1
0.5230985964323938 1
0.523170661670704 1
0.5247681490875925 1
0.5253072022171849 1
0.5256759719406601 1
0.5259169342087838 1
0.5259485039048595 1
0.526182462252085 1
0.5273698834120573 1
0.5275746606932403 1
0.5279679369799166 1
0.5288361433776402 1
0.5290843854373677 1
0.5309096649446573 1
0.532045532527058 1
0.5325041334650685 1
0.5340469859463248 1
0.534534441913791 1
0.5351434869251707 1
0.5357689248485138 1
0.5363547329742621 1
0.5381805975298226 1
0.5385343393728487 1
0.5386017342060805 1
0.5391209905517376 1
0.541070746335452 1
0.5427984500394819 1
0.5430226792177739 1
0.5451224347094988 1
0.5454221355894413 1
0.5464205787951378 1
0.5466579630584273 1
0.5472760450351094 1
0.5489582698977593 1
0.5494784018128858 1
0.55190533403778 1
0.5536357357400606 1
0.5540070478959856 1
0.5560815014919567 1
0.556644469520672 1
0.5567033386865464 1
0.5581484022495806 1
0.5605213474466766 1
0.5727119366028389 1
0.5837130357077648 1
0.5873008859553922 1
0.6023590578988881 1
