
 0.515
 0.533
 0.481
 0.497
 0.523
 0.507
 0.502
 0.513
 0.462
 0.482
 0.514
 0.558
 0.539
 0.497
 0.504
 0.444
 0.499
 0.510
 0.472
 0.500
 0.503
 0.539
 0.535
 0.456
 0.498
 0.538
 0.545
 0.500
 0.523
 0.523
 0.510
 0.549
 0.484
 0.517
 0.561
 0.508
 0.487
 0.584
 0.501
 0.488
 0.520
 0.484
 0.468
 0.453
 0.547
 0.526
 0.488
 0.472
 0.471
 0.478
 0.523
 0.461
 0.491
 0.479
 0.473
 0.557
 0.525
 0.495
 0.476
 0.526
 0.472
 0.485
 0.509
 0.545
 0.487
 0.501
 0.495
 0.506
 0.499
 0.502
 0.573
 0.511
 0.526
 0.467
 0.459
 0.527
 0.503
 0.543
 0.490
 0.488
 0.503
 0.482
 0.511
 0.506
 0.534
 0.521
 0.457
 0.509
 0.481
 0.554
 0.518
 0.535
 0.502
 0.494
 0.510
 0.521
 0.511
 0.529
 0.521
 0.507
 0.525
 0.505
 0.462
 0.502
 0.487
 0.554
 0.490
 0.532
 0.486
 0.522
 0.526
 0.523
 0.512
 0.522
 0.536
 0.501
 0.549
 0.475
 0.504
 0.521
 0.483
 0.497
 0.466
 0.480
 0.465
 0.522
 0.514
 0.528
 0.512
 0.511
 0.482
 0.481
 0.431
 0.494
 0.519
 0.498
 0.512
 0.518
 0.473
 0.503
 0.503
 0.484
 0.557
 0.539
 0.506
 0.480
 0.546
 0.478
 0.477
 0.521
 0.517
 0.483
 0.521
 0.508
 0.511
 0.528
 0.520
 0.602
 0.480
 0.509
 0.509
 0.445
 0.515
 0.556
 0.499
 0.543
 0.516
 0.472
 0.487
 0.587
 0.518
 0.499
 0.552
 0.529
 0.487
 0.531
 0.446
 0.514
 0.485
 0.547
 0.489
 0.507
 0.519
 0.504
 0.512
 0.494
 0.504
 0.486
 0.492
 0.493
 0.514
 0.517
 0.492
 0.541
 0.502
 0.495
 0.474
 0.487
 0.536
 0.503

