3 44
1 42
1 33
3 54
2 40
1 40
0 43
3 38
4 44
1 37
1 49
3 54
2 34
2 43
4 44
3 40
4 40
1 45
1 40
2 47
2 36
2 46
2 32
1 45
4 41
1 49
4 40
4 33
4 34
2 46
4 47
1 44
2 41
3 41
2 38
3 54
0 36
2 40
1 30
4 41
0 37
0 45
2 42
0 36
0 45
4 52
4 44
2 38
2 42
0 50
0 49
2 45
1 42
3 39
2 29
1 54
0 51
2 48
0 45
4 37
0 27
4 51
2 52
1 37
4 51
2 43
1 44
1 45
3 53
3 54
0 41
3 30
2 44
4 39
3 42
3 33
2 44
3 30
4 31
3 32
1 33
0 46
2 42
0 39
0 34
0 47
0 39
2 27
1 40
1 37
3 43
4 43
1 43
3 37
3 44
1 44
0 39
4 43
3 47
4 39
3 34
3 44
1 44
2 47
2 48
1 38
1 47
4 41
4 45
3 55
0 55
1 40
0 44
4 49
1 40
0 44
2 41
4 38
1 34
2 37
2 51
4 43
2 55
1 55
3 32
4 43
0 43
2 40
4 40
2 43
4 46
3 44
1 52
1 42
3 35
4 41
2 43
0 39
2 50
2 41
2 45
3 42
1 37
0 46
3 43
1 46
0 44
2 40
4 37
4 28
4 41
0 56
2 32
3 42
2 47
2 45
3 50
2 50
3 45
0 39
1 53
0 53
3 47
0 41
1 40
3 50
1 42
0 47
3 50
4 37
2 39
2 50
3 26
0 35
3 36
1 43
1 38
4 37
2 53
3 30
1 42
1 48
4 41
0 40
4 50
1 43
0 47
4 29
3 49
0 37
4 46
0 39
4 41
2 38
2 46
4 45
2 58
4 41
1 47
0 44
