
 0.474
 0.523
 0.469
 0.493
 0.538
 0.543
 0.524
 0.525
 0.529
 0.532
 0.501
 0.487
 0.539
 0.521
 0.543
 0.526
 0.481
 0.522
 0.474
 0.491
 0.516
 0.469
 0.500
 0.501
 0.502
 0.511
 0.516
 0.476
 0.485
 0.514
 0.494
 0.491
 0.484
 0.495
 0.495
 0.512
 0.481
 0.467
 0.529
 0.448
 0.542
 0.457
 0.514
 0.468
 0.474
 0.496
 0.471
 0.451
 0.475
 0.489
 0.526
 0.472
 0.541
 0.483
 0.471
 0.478
 0.478
 0.457
 0.517
 0.455
 0.504
 0.530
 0.510
 0.510
 0.529
 0.444
 0.530
 0.497
 0.493
 0.516
 0.532
 0.518
 0.482
 0.426
 0.483
 0.493
 0.516
 0.451
 0.463
 0.474
 0.500
 0.513
 0.520
 0.552
 0.480
 0.525
 0.476
 0.491
 0.466
 0.526
 0.486
 0.487
 0.479
 0.543
 0.511
 0.510
 0.533
 0.476
 0.487
 0.479
 0.467
 0.523
 0.541
 0.489
 0.572
 0.470
 0.542
 0.563
 0.453
 0.432
 0.484
 0.462
 0.483
 0.528
 0.558
 0.537
 0.537
 0.491
 0.422
 0.501
 0.489
 0.498
 0.521
 0.502
 0.500
 0.482
 0.480
 0.447
 0.480
 0.485
 0.491
 0.473
 0.511
 0.482
 0.510
 0.421
 0.456
 0.494
 0.499
 0.506
 0.475
 0.473
 0.513
 0.471
 0.517
 0.513
 0.475
 0.503
 0.506
 0.462
 0.435
 0.523
 0.527
 0.504
 0.427
 0.525
 0.495
 0.468
 0.494
 0.535
 0.555
 0.495
 0.554
 0.560
 0.511
 0.480
 0.505
 0.447
 0.519
 0.506
 0.448
 0.522
 0.518
 0.482
 0.512
 0.474
 0.494
 0.503
 0.520
 0.469
 0.516
 0.508
 0.533
 0.501
 0.530
 0.463
 0.475
 0.495
 0.497
 0.478
 0.524
 0.506
 0.538
 0.480
 0.502
 0.496
 0.438
 0.519
 0.528
 0.473

