
 0.498
 0.652
 0.702
 0.716
 0.716
 0.716
 0.720
 0.732
 0.731
 0.734
 0.738
 0.738
 0.738
 0.738
 0.738
 0.738
 0.738
 0.738
 0.738
 0.738
 0.738
 0.738
 0.738
 0.738
 0.738
 0.738
 0.738
 0.738
 0.738
 0.738
 0.738
 0.738
 0.738
 0.738
 0.738
 0.738
 0.738
 0.738
 0.738
 0.738
 0.738
 0.738
 0.738
 0.738
 0.738
 0.738
 0.738
 0.738
 0.738
 0.738
 0.738
 0.738
 0.738
 0.738
 0.738
 0.738
 0.738
 0.738
 0.738
 0.738
 0.738
 0.738
 0.738
 0.738
 0.738
 0.738
 0.738
 0.738
 0.738
 0.738
 0.738
 0.738
 0.738
 0.738
 0.738
 0.738
 0.738
 0.738
 0.738
 0.738
 0.738
 0.738
 0.738
 0.738
 0.738
 0.738
 0.738
 0.738
 0.738
 0.738
 0.738
 0.738
 0.738
 0.738
 0.738
 0.738
 0.738
 0.738
 0.738
 0.738
 0.738
 0.738
 0.738
 0.738
 0.738
 0.738
 0.738
 0.738
 0.738
 0.738
 0.738
 0.738
 0.738
 0.738
 0.738
 0.738
 0.738
 0.738
 0.738
 0.738
 0.738
 0.738
 0.738
 0.738
 0.738
 0.738
 0.738
 0.738
 0.738
 0.738
 0.738
 0.738
 0.738
 0.738
 0.738
 0.738
 0.738
 0.738
 0.738
 0.738
 0.738
 0.738
 0.738
 0.738
 0.738
 0.738
 0.738
 0.738
 0.738
 0.738
 0.738
 0.738
 0.738
 0.738
 0.738
 0.738
 0.738
 0.738
 0.738
 0.738
 0.738
 0.738
 0.738
 0.738
 0.738
 0.738
 0.738
 0.738
 0.738
 0.738
 0.738
 0.738
 0.738
 0.738
 0.738
 0.738
 0.738
 0.738
 0.738
 0.738
 0.738
 0.738
 0.738
 0.738
 0.738
 0.738
 0.738
 0.738
 0.738
 0.738
 0.738
 0.738
 0.738
 0.738
 0.738
 0.738
 0.738
 0.738
 0.738
 0.738

