
 0.000
 0.010
 2.000
 0.010
 0.000
 0.010
 0.010
 1.980
 0.000
 0.010
 0.000
 0.000
 0.010
 0.000
 1.990
 11.940
 0.010
 0.010
 2.000
 2.020
 0.000
 3.970
 1.960
 2.000
 0.010
 1.980
 0.040
 0.010
 0.000
 0.000
 4.000
 3.970
 0.000
 0.010
 0.010
 0.010
 2.000
 0.010
 4.010
 0.000
 0.000
 1.970
 1.940
 0.000
 0.010
 3.990
 0.000
 2.000
 1.990
 0.030
 0.000
 3.880
 0.030
 0.010
 3.890
 0.020
 0.010
 2.000
 0.000
 0.000
 0.010
 0.000
 0.000
 0.010
 3.990
 0.000
 3.980
 0.000
 0.000
 0.010
 0.000
 0.010
 0.000
 0.010
 1.990
 0.000
 0.000
 2.020
 0.000
 5.980
 0.000
 0.010
 0.000
 2.000
 1.980
 2.000
 2.000
 0.000
 0.000
 4.000
 0.000
 2.040
 0.030
 2.000
 1.940
 2.000
 0.000
 0.010
 2.000
 0.000
 0.000
 2.000
 0.030
 0.010
 0.010
 0.000
 0.010
 0.030
 0.010
 0.000
 0.000
 0.010
 0.020
 0.020
 2.000
 1.990
 0.000
 0.010
 0.000
 0.000
 0.020
 0.010
 0.020
 0.000
 0.030
 0.000
 0.010
 4.000
 1.890
 0.010
 0.000
 0.000
 0.020
 0.000
 0.000
 0.000
 2.020
 2.000
 0.000
 0.000
 0.020
 4.010
 0.000
 0.010
 0.010
 11.900
 0.020
 2.000
 4.000
 0.010
 0.000
 1.970
 3.970
 0.000
 0.000
 0.000
 0.020
 0.010
 0.010
 0.010
 0.020
 0.000
 0.010
 0.010
 0.030
 5.970
 0.000
 0.010
 0.000
 6.010
 4.000
 0.010
 0.010
 3.970
 1.940
 0.000
 0.000
 3.980
 0.030
 0.000
 0.000
 0.000
 4.000
 0.030
 0.010
 0.010
 0.010
 0.050
 0.000
 2.000
 3.940
 0.000
 0.010
 5.970
 0.010
 0.030
 4.010
 1.970
 0.010
 0.000

