
 0.524
 0.671
 0.691
 0.721
 0.728
 0.743
 0.762
 0.766
 0.774
 0.774
 0.774
 0.772
 0.772
 0.772
 0.772
 0.772
 0.772
 0.772
 0.772
 0.772
 0.772
 0.772
 0.772
 0.772
 0.772
 0.772
 0.772
 0.772
 0.772
 0.772
 0.772
 0.772
 0.772
 0.772
 0.772
 0.772
 0.772
 0.772
 0.772
 0.772
 0.772
 0.772
 0.772
 0.772
 0.772
 0.772
 0.772
 0.772
 0.772
 0.772
 0.772
 0.772
 0.772
 0.772
 0.772
 0.772
 0.772
 0.772
 0.772
 0.772
 0.772
 0.772
 0.772
 0.772
 0.772
 0.772
 0.772
 0.772
 0.772
 0.772
 0.772
 0.772
 0.772
 0.772
 0.772
 0.772
 0.772
 0.772
 0.772
 0.772
 0.772
 0.772
 0.772
 0.772
 0.772
 0.772
 0.772
 0.772
 0.772
 0.772
 0.772
 0.772
 0.772
 0.772
 0.772
 0.772
 0.772
 0.772
 0.772
 0.772
 0.772
 0.772
 0.772
 0.772
 0.772
 0.772
 0.772
 0.772
 0.772
 0.772
 0.772
 0.772
 0.772
 0.772
 0.772
 0.772
 0.772
 0.772
 0.772
 0.772
 0.772
 0.772
 0.772
 0.772
 0.772
 0.772
 0.772
 0.772
 0.772
 0.772
 0.772
 0.772
 0.772
 0.772
 0.772
 0.772
 0.772
 0.772
 0.772
 0.772
 0.772
 0.772
 0.772
 0.772
 0.772
 0.772
 0.772
 0.772
 0.772
 0.772
 0.772
 0.772
 0.772
 0.772
 0.772
 0.772
 0.772
 0.772
 0.772
 0.772
 0.772
 0.772
 0.772
 0.772
 0.772
 0.772
 0.772
 0.772
 0.772
 0.772
 0.772
 0.772
 0.772
 0.772
 0.772
 0.772
 0.772
 0.772
 0.772
 0.772
 0.772
 0.772
 0.772
 0.772
 0.772
 0.772
 0.772
 0.772
 0.772
 0.772
 0.772
 0.772
 0.772
 0.772
 0.772
 0.772
 0.772
 0.772
 0.772
 0.772

