
 0.444
 0.588
 0.656
 0.693
 0.684
 0.656
 0.687
 0.701
 0.683
 0.781
 0.814
 0.811
 0.803
 0.825
 0.829
 0.832
 0.832
 0.832
 0.832
 0.832
 0.832
 0.832
 0.832
 0.832
 0.832
 0.832
 0.832
 0.832
 0.832
 0.832
 0.832
 0.832
 0.832
 0.832
 0.832
 0.832
 0.832
 0.832
 0.832
 0.832
 0.832
 0.832
 0.832
 0.832
 0.832
 0.832
 0.832
 0.832
 0.832
 0.832
 0.832
 0.832
 0.832
 0.832
 0.832
 0.832
 0.832
 0.832
 0.832
 0.832
 0.832
 0.832
 0.832
 0.832
 0.832
 0.832
 0.832
 0.832
 0.832
 0.832
 0.832
 0.832
 0.832
 0.832
 0.832
 0.832
 0.832
 0.832
 0.832
 0.832
 0.832
 0.832
 0.832
 0.832
 0.832
 0.832
 0.832
 0.832
 0.832
 0.832
 0.832
 0.832
 0.832
 0.832
 0.832
 0.832
 0.832
 0.832
 0.832
 0.832
 0.832
 0.832
 0.832
 0.832
 0.832
 0.832
 0.832
 0.832
 0.832
 0.832
 0.832
 0.832
 0.832
 0.832
 0.832
 0.832
 0.832
 0.832
 0.832
 0.832
 0.832
 0.832
 0.832
 0.832
 0.832
 0.832
 0.832
 0.832
 0.832
 0.832
 0.832
 0.832
 0.832
 0.832
 0.832
 0.832
 0.832
 0.832
 0.832
 0.832
 0.832
 0.832
 0.832
 0.832
 0.832
 0.832
 0.832
 0.832
 0.832
 0.832
 0.832
 0.832
 0.832
 0.832
 0.832
 0.832
 0.832
 0.832
 0.832
 0.832
 0.832
 0.832
 0.832
 0.832
 0.832
 0.832
 0.832
 0.832
 0.832
 0.832
 0.832
 0.832
 0.832
 0.832
 0.832
 0.832
 0.832
 0.832
 0.832
 0.832
 0.832
 0.832
 0.832
 0.832
 0.832
 0.832
 0.832
 0.832
 0.832
 0.832
 0.832
 0.832
 0.832
 0.832
 0.832
 0.832
 0.832
 0.832
 0.832
 0.832

