2 46
2 54
2 41
2 48
2 43
1 36
2 37
0 44
0 44
1 55
2 34
0 40
2 46
0 49
1 40
2 40
2 43
2 43
1 44
1 38
1 45
1 51
0 46
2 46
0 39
2 42
1 44
2 49
2 39
2 36
0 46
0 40
2 47
2 42
1 46
0 53
2 42
0 27
2 39
1 36
0 40
0 27
0 52
2 44
0 39
0 44
2 36
2 41
2 38
2 39
0 50
2 37
1 39
0 52
1 36
0 33
0 50
1 40
2 33
0 49
1 36
0 38
2 41
2 44
0 56
2 37
0 42
0 35
0 36
2 47
1 44
2 41
1 50
0 42
2 34
0 40
2 44
2 31
2 50
0 44
1 31
1 28
1 29
2 46
2 33
1 36
2 32
0 49
2 39
0 41
0 41
1 44
2 62
2 47
1 49
0 49
2 36
1 49
1 40
0 37
2 44
0 46
0 45
0 51
1 43
2 43
0 43
0 39
0 45
2 53
2 41
0 43
0 38
0 34
1 31
1 39
0 36
2 40
0 44
2 46
2 42
1 47
1 50
2 50
0 34
2 47
2 39
2 59
2 45
2 45
1 43
0 41
2 44
2 42
2 38
2 48
1 42
1 40
1 41
0 39
1 44
1 45
0 42
1 38
2 39
1 42
1 39
1 30
2 35
1 40
2 41
2 48
2 44
2 38
1 45
0 47
2 49
2 41
1 52
2 38
1 47
1 39
1 47
0 37
1 48
0 44
2 36
2 36
1 43
2 52
1 30
0 37
2 38
1 35
0 46
1 34
1 29
1 43
0 32
2 41
0 40
0 51
2 41
0 50
2 41
0 47
1 53
0 46
1 36
0 43
2 30
0 36
2 44
2 41
1 50
1 40
1 39
1 28
0 42
1 44
