0.47422051411822125 1
0.4838359948119092 1
0.48710840493716584 1
0.48787512209888867 1
0.4914453650887519 1
0.4933874138433584 1
0.4941170280836617 1
0.49619261145643295 1
0.49963405373657443 1
0.49980493307131973 1
0.49992952317665357 1
0.5011794750595514 1
0.501180109727843 1
0.5031268183200949 1
0.5076475522293358 1
0.5084928523566049 1
0.5089915259837728 1
0.5093386404330201 1
0.5095787180719802 1
0.5096972501841798 1
0.5098242247405484 1
0.5100477580277515 1
0.5102459989009899 1
0.5109353135913784 1
0.5110141299878577 1
0.5117417234180675 1
0.5121239289880348 1
0.5139536997388149 1
0.5139814727355416 1
0.5146349898300413 1
0.5152339529782233 1
0.5154172970083524 1
0.5160529003811335 1
0.5168095379512799 1
0.5169006527219664 1
0.5170054024571007 1
0.5173068973266562 1
0.517332634142505 1
0.5174581786898416 1
0.5185544584028426 1
0.5186416690655287 1
0.518782717691694 1
0.5194607216211193 1
0.5196598870842739 1
0.5197476658178722 1
0.5197896868853605 1
0.5205517825055692 1
0.5207418774006334 1
0.521240023934556 1
0.5219172315391751 1
0.5233200156380443 1
0.5233978555926508 1
0.523408556271934 1
0.5235156743174563 1
0.5236013637535862 1
0.5239310819351365 1
0.5239983468933395 1
0.5240613413640616 1
0.524323333671726 1
0.5247648061285964 1
0.5251798236753159 1
0.5253069041660173 1
0.5253449552901447 1
0.5253782182206244 1
0.5255382207745696 1
0.5258582466765265 1
0.5260925916652291 1
0.5265295287674518 1
0.5266661925572602 1
0.5275047364583976 1
0.5275463852280189 1
0.527672645540752 1
0.5279490062181658 1
0.5279849290314034 1
0.5286290306086913 1
0.529285024433615 1
0.529560171997174 1
0.5297821991423183 1
0.5300453194119811 1
0.5312598125677526 1
0.5318688491432635 1
0.5323142794247598 1
0.5324041992999569 1
0.532442884457297 1
0.5332166433180748 1
0.5333267416000411 1
0.5337855509854823 1
0.5337937039817487 1
0.5338094837908922 1
0.5338232103817167 1
0.5340317652722604 1
0.5341590623154507 1
0.5353040750026623 1
0.5358046264917775 1
0.5361361133257585 1
0.5368803480324172 1
0.5372780418695011 1
0.5377471168971918 1
0.5378600167930551 1
0.5382925419617514 1
0.5388050716382471 1
0.5392789555565707 1
0.5394154441966904 1
0.5395446175283445 1
0.5401932606914839 1
0.5406233262450839 1
0.5407383318226294 1
0.5408036880844771 1
0.5413792181599818 1
0.5414167084346679 1
0.5416661747881002 1
0.5417074613428192 1
0.5419968742791007 1
0.5420051051466874 1
0.5420254595861629 1
0.5424183423940893 1
0.5426802644293734 1
0.5434730356368991 1
0.5439862641400891 1
0.544021167039489 1
0.5452632410734806 1
0.5453231430695635 1
0.545434773135348 1
0.5455404786849803 1
0.545541295687514 1
0.545845736458398 1
0.5463486765546293 1
0.546616676341407 1
0.5467032047597133 1
0.5468052505024015 1
0.5479646859890691 1
0.5481844996957314 1
0.5483410343560781 1
0.5490695121560346 1
0.5492891358050859 1
0.5493724616188453 1
0.5494663701310771 1
0.5495416784900128 1
0.5497342634716622 1
0.5502798169042824 1
0.5505349883185491 1
0.5510248500478148 1
0.551662005817412 1
0.5523123293825828 1
0.5529597742843277 1
0.5531086353180771 1
0.553209757854868 1
0.5553360739672296 1
0.5554516035665842 1
0.5565134207808016 1
0.5569876607881357 1
0.5584422099897499 1
0.5585528185561568 1
0.5588139054223332 1
0.5589698909830065 1
0.5591487425376334 1
0.5597217481761299 1
0.5602358246985282 1
0.5605017662443896 1
0.5606951498528183 1
0.5608124400490826 1
0.5610563920965723 1
0.5611499160492524 1
0.5618935119878258 1
0.5619409046784319 1
0.5625673610662054 1
0.5650795133354052 1
0.5660870367247939 1
0.5665654170154264 1
0.5668904554454439 1
0.5668989520664293 1
0.5676946785768103 1
0.5687253195492116 1
0.5689269016392697 1
0.5692261827733314 1
0.5696996749678225 1
0.5698934854013035 1
0.5701721210118507 1
0.570239933208888 1
0.5715228874174476 1
0.5719583414247893 1
0.5765812651757218 1
0.5768940570329535 1
0.5772404130032895 1
0.5784946330413561 1
0.5795487576581365 1
0.5803182519499268 1
0.582699079326928 1
0.5844374597577456 1
0.5845669322821804 1
0.5846289848128177 1
0.5859613099464116 1
0.5884292569850218 1
0.5903708141329522 1
0.5928844721136025 1
0.5932062599057438 1
0.5938623880255851 1
0.5941862108881355 1
0.59425960057017 1
0.6167082366248458 1
