
 0.563
 0.519
 0.553
 0.542
 0.540
 0.520
 0.521
 0.496
 0.525
 0.503
 0.525
 0.594
 0.524
 0.515
 0.580
 0.534
 0.533
 0.526
 0.515
 0.540
 0.567
 0.520
 0.562
 0.553
 0.536
 0.588
 0.546
 0.500
 0.546
 0.542
 0.510
 0.542
 0.531
 0.541
 0.501
 0.558
 0.559
 0.570
 0.534
 0.544
 0.532
 0.524
 0.561
 0.517
 0.510
 0.541
 0.547
 0.528
 0.578
 0.500
 0.533
 0.568
 0.511
 0.547
 0.585
 0.524
 0.512
 0.521
 0.534
 0.551
 0.517
 0.569
 0.514
 0.584
 0.529
 0.509
 0.617
 0.538
 0.527
 0.509
 0.570
 0.541
 0.491
 0.559
 0.514
 0.590
 0.525
 0.560
 0.543
 0.537
 0.534
 0.519
 0.520
 0.532
 0.528
 0.519
 0.524
 0.561
 0.517
 0.510
 0.536
 0.565
 0.561
 0.530
 0.548
 0.562
 0.529
 0.593
 0.534
 0.512
 0.525
 0.569
 0.539
 0.549
 0.580
 0.539
 0.557
 0.552
 0.539
 0.524
 0.544
 0.555
 0.545
 0.542
 0.523
 0.528
 0.534
 0.508
 0.566
 0.493
 0.549
 0.545
 0.527
 0.570
 0.555
 0.494
 0.546
 0.550
 0.522
 0.530
 0.583
 0.474
 0.523
 0.526
 0.560
 0.553
 0.572
 0.552
 0.510
 0.548
 0.530
 0.577
 0.501
 0.594
 0.519
 0.547
 0.524
 0.549
 0.523
 0.559
 0.532
 0.535
 0.545
 0.541
 0.570
 0.546
 0.549
 0.548
 0.488
 0.542
 0.511
 0.585
 0.537
 0.551
 0.500
 0.577
 0.521
 0.516
 0.567
 0.586
 0.577
 0.517
 0.517
 0.515
 0.543
 0.542
 0.561
 0.559
 0.525
 0.541
 0.532
 0.569
 0.572
 0.561
 0.528
 0.526
 0.538
 0.484
 0.517
 0.593
 0.550
 0.528
 0.557
 0.550
 0.487
 0.538
 0.510
 0.594
 0.567
 0.508

