0.38095604076982276 1
0.3988257081655979 1
0.40465110484148303 1
0.4048281231294217 1
0.40605211218501885 1
0.4074361984946487 1
0.41352487758915984 1
0.4152593769850242 1
0.41639811717230196 1
0.4179403969977214 1
0.42026912171084185 1
0.42043107442546757 1
0.42105105911464075 1
0.4250021923214334 1
0.42702806759046136 1
0.4287195366451174 1
0.42879787065169706 1
0.4298968026776734 1
0.4305022870690223 1
0.43090426411448035 1
0.4311804725399066 1
0.43206258830249333 1
0.43252845851677074 1
0.4342823028575996 1
0.43675794973351273 1
0.4371603847631317 1
0.43755544677981556 1
0.4385664015541616 1
0.43925052763585776 1
0.4396516698469328 1
0.4402699305096294 1
0.44032857703864825 1
0.4410209603444548 1
0.4411440103715038 1
0.44119453262030717 1
0.44163552699610137 1
0.4422096938026799 1
0.44275655530755 1
0.44279273695268345 1
0.44303642696407386 1
0.4431749150922945 1
0.4433242798237022 1
0.4435389463678312 1
0.44378238160234673 1
0.44379286851105676 1
0.4438273926708691 1
0.444204451913696 1
0.44425684000866233 1
0.4444561997633415 1
0.4445905601133508 1
0.4447959425660487 1
0.44517385539334464 1
0.44533059447633394 1
0.4460997301383251 1
0.44617150723826576 1
0.4461804937111576 1
0.44623334559541783 1
0.44689558102613036 1
0.4470171338224073 1
0.44745949613600594 1
0.44818806896122987 1
0.4483580601986158 1
0.44842180934534426 1
0.4489440249714909 1
0.4495584691004244 1
0.4498057981774906 1
0.4498905163912383 1
0.4507382708544775 1
0.45074390836685185 1
0.45079297806758056 1
0.45088695658479233 1
0.4509575445094004 1
0.4525668443531383 1
0.4527283483958011 1
0.4530513020685105 1
0.4537375089975573 1
0.45399760367439534 1
0.45451633094854466 1
0.45479402211245357 1
0.45517061235674783 1
0.4552068408468294 1
0.45544887468659145 1
0.4557235457123553 1
0.45648229323933953 1
0.4565248106765077 1
0.4565811809768159 1
0.4570522172744361 1
0.4574927563783833 1
0.4576133956092581 1
0.4576883738634356 1
0.4582670068271802 1
0.45833399220507337 1
0.45833465920009586 1
0.4591083267286328 1
0.4593331500866266 1
0.46016340517189575 1
0.4604769553544956 1
0.46055665037208227 1
0.4605997354216926 1
0.4609963500830292 1
0.46125172908267414 1
0.46149515413372133 1
0.4617723066551851 1
0.4618836429001426 1
0.4619275170414325 1
0.46261245086620206 1
0.4626619213778938 1
0.4628198305481969 1
0.46304669070067966 1
0.4630964242311496 1
0.46356781406922265 1
0.4637181635188996 1
0.46373967576354164 1
0.4640808916423829 1
0.4643463080644387 1
0.46439497203660074 1
0.4652060933060981 1
0.4662081287611079 1
0.4668882572949673 1
0.46699231686465503 1
0.46701500587991857 1
0.4670706687163817 1
0.4675026302245754 1
0.4680953583632537 1
0.4682512750232285 1
0.4682890866952382 1
0.469165638059755 1
0.469402831544609 1
0.4705455182361577 1
0.4711887109299411 1
0.4713169993394014 1
0.47135180176560654 1
0.47166350160622356 1
0.47204744902500473 1
0.47270286918430066 1
0.47330949315506005 1
0.473398428399768 1
0.47351548155094814 1
0.4749134243325871 1
0.47567375968042624 1
0.47868610973837583 1
0.4791112180708399 1
0.4809405008583609 1
0.48107923729717533 1
0.48117289868078605 1
0.48142877777784787 1
0.4816701291217798 1
0.481691682918058 1
0.48191119470054816 1
0.48209013417833674 1
0.48261397218916896 1
0.483980670228278 1
0.4842644866989106 1
0.48549709154791537 1
0.4857767786646675 1
0.48678935791868755 1
0.4872293004024484 1
0.4873248428544019 1
0.48751022885258655 1
0.4876377434005683 1
0.4881179704045261 1
0.48818168814494606 1
0.48886280920063235 1
0.4888741084402114 1
0.4899313537496781 1
0.4910872541212622 1
0.49110123835001285 1
0.49142448316117154 1
0.49157239635691186 1
0.4916785466335865 1
0.49188725703332326 1
0.4921420312702729 1
0.49258800409318665 1
0.4930275216269198 1
0.49371419987501064 1
0.49386939997468765 1
0.4940424115229014 1
0.4942419610081682 1
0.49448330395923656 1
0.49481425594318457 1
0.49748074766699835 1
0.4993674950585237 1
0.5023314192117373 1
0.5031766175724851 1
0.5033269993434963 1
0.5042827564267075 1
0.5045370694361071 1
0.5051692314012479 1
0.5065072439133723 1
0.5087245870442962 1
0.5087375821094668 1
0.5097807182419547 1
0.5147772374826307 1
0.5151819878168932 1
0.5201695469156369 1
0.5207157318276499 1
0.5210105283707709 1
0.5214813560641122 1
0.5251189020280573 1
0.5284965666579842 1
