0.6145235913054939 1
0.6183054645632287 1
0.6253967229149858 1
0.6277796363925983 1
0.631633767977115 1
0.6344687241420595 1
0.6447746972557584 1
0.6483717913724532 1
0.6489097786722617 1
0.6497685669887749 1
0.6500393707714474 1
0.6515267752588335 1
0.6539781733544315 1
0.6564470356653329 1
0.6565063675964509 1
0.6567807229221185 1
0.6573779187480204 1
0.659352088735345 1
0.6594633587102599 1
0.6595532643738542 1
0.6596187880082273 1
0.6641846918065751 1
0.6649826015958838 1
0.6653926593358112 1
0.6666221582930295 1
0.6668324632754035 1
0.6679657343940347 1
0.6679757133075971 1
0.668388656594532 1
0.6686365847185194 1
0.6696579092876895 1
0.6699175276140282 1
0.6699695017967876 1
0.671315457100567 1
0.671764401369284 1
0.6717761257741853 1
0.6722307933193242 1
0.6728672818267402 1
0.6730745410211815 1
0.6745580620023587 1
0.6750513639332112 1
0.6752565237904191 1
0.6758771894227737 1
0.6761981235993708 1
0.67671789886242 1
0.6772785735042197 1
0.677537384784275 1
0.6779437635047566 1
0.6781423893657458 1
0.6785333510415653 1
0.6788715829186779 1
0.6795792134753854 1
0.6796720942450378 1
0.6797835933219162 1
0.6800700932440535 1
0.6803247432197433 1
0.6813193682331247 1
0.6820942959719412 1
0.6827775826021828 1
0.682888918922771 1
0.6835807574318055 1
0.6838979380755943 1
0.6846985106401101 1
0.685141354895847 1
0.6856237409061565 1
0.6858101576775353 1
0.6865251562853041 1
0.6865577809769366 1
0.6868627174425339 1
0.687369751896302 1
0.6874577395758139 1
0.6877868892520772 1
0.6878424197017269 1
0.6884279495425655 1
0.6884297103993728 1
0.6888725816907159 1
0.6898307740556564 1
0.6903011968881547 1
0.6906736328358761 1
0.6908484085428297 1
0.691515497945468 1
0.6920527271519521 1
0.6921105200787478 1
0.6923204029639766 1
0.6924927823786775 1
0.6925762860362523 1
0.6931258920887753 1
0.6931851393115942 1
0.6939201719838616 1
0.6943881023512191 1
0.695063550067387 1
0.6952259355693077 1
0.6955306036155384 1
0.6958179850807769 1
0.6965541605734125 1
0.697078616366282 1
0.6978645153742281 1
0.6979248568892771 1
0.699070294138108 1
0.6991529008532509 1
0.6994045343616885 1
0.6996063203364493 1
0.7000879680500632 1
0.7003427515376245 1
0.700398549038818 1
0.7004571647856405 1
0.7005732630464051 1
0.7023018095226091 1
0.702423260477444 1
0.7037105730399925 1
0.7037295815348024 1
0.7041897040517112 1
0.7044051560457392 1
0.7046902752991855 1
0.7047242911306881 1
0.7069209960258316 1
0.706957719471393 1
0.7071776731454268 1
0.7072500720747625 1
0.7079448859930908 1
0.7083414995995204 1
0.7085386270702364 1
0.7089314753341602 1
0.7098994551248637 1
0.712552755119278 1
0.7126127716346563 1
0.7127163980533413 1
0.713780236813928 1
0.7138734277161194 1
0.713985132606386 1
0.7144981872069985 1
0.7146017965126125 1
0.7151814136067839 1
0.7152026279800207 1
0.7155264192475502 1
0.7160766909786193 1
0.7178639111591592 1
0.7186873787072776 1
0.7190796901084326 1
0.7194219067829137 1
0.7238096428339628 1
0.7251264438773876 1
0.725491111947277 1
0.7280451510075829 1
0.7301750717146573 1
0.7309555731511251 1
0.7318513502241878 1
0.7322340711850454 1
0.7322478283823339 1
0.7324201294458077 1
0.7324255420473381 1
0.733005272278082 1
0.7330084359264819 1
0.7341524170163939 1
0.73477867283812 1
0.7364865772019645 1
0.7374460167237251 1
0.738652375957508 1
0.7391585644385477 1
0.7394362191641346 1
0.7396738660742936 1
0.73969773390999 1
0.7403714429181405 1
0.7419159341440783 1
0.7428419662341761 1
0.7429779980923574 1
0.743431195881045 1
0.7434432847103993 1
0.7434723895915448 1
0.7436625464482612 1
0.7437158114374257 1
0.7459568650184879 1
0.7465570493900051 1
0.7468550006116645 1
0.7469576506541283 1
0.7471324776767035 1
0.7473365214459129 1
0.7473871105393219 1
0.7477974114263486 1
0.7478716147513811 1
0.7484853558134891 1
0.7492100847304978 1
0.749249078161267 1
0.7495270264714571 1
0.749562848783646 1
0.7499170940997065 1
0.7501791148100153 1
0.7502730721617419 1
0.7512410095822061 1
0.7518244262214331 1
0.7524356443739609 1
0.7533955027441739 1
0.7539595580825772 1
0.7540501493841298 1
0.7540675451628271 1
0.7541826337322813 1
0.7548301651240638 1
0.756299946953136 1
0.7563062747111465 1
0.7563652571220697 1
0.7569168823315661 1
0.7569571931937307 1
0.7576291720129952 1
0.7579112916582741 1
0.758342271218663 1
0.7591970680775004 1
0.7592664648651726 1
0.759318327544536 1
0.7597903644425537 1
0.7598108925983534 1
0.7599630284230977 1
0.7602965178350125 1
0.7608817119829082 1
0.7612432941342735 1
0.7618409429037982 1
0.7621844867195031 1
0.7634683006878542 1
0.7640834724219937 1
0.7651465745014021 1
0.7652171270145612 1
0.7653177250751547 1
0.7657478759016805 1
0.7657515750870342 1
0.765783923600983 1
0.7659831984758607 1
0.7672714485066003 1
0.7674099956050098 1
0.767431122486536 1
0.7676779421420921 1
0.7692510957038889 1
0.7698680076541835 1
0.7702478333675927 1
0.770414487654056 1
0.7716627160421159 1
0.7719968151689309 1
0.7724353163921169 1
0.7726214112166621 1
0.7728970263679698 1
0.77298957017427 1
0.773206413876758 1
0.7740622079303505 1
0.7752672407873559 1
0.7756288226354853 1
0.7760899700387784 1
0.7764105452435488 1
0.7764387958896005 1
0.7764532975556885 1
0.7770489212250999 1
0.7772442612410202 1
0.7773412691045746 1
0.7776193459273066 1
0.777766078873883 1
0.777778826786267 1
0.7778506402834977 1
0.7796503779569989 1
0.7797584510166305 1
0.7803245439929009 1
0.7810378549078179 1
0.7813146018397253 1
0.7819751341907424 1
0.7822220059169785 1
0.7825934471850268 1
0.7826427389644259 1
0.7828340143059539 1
0.7830667096752997 1
0.7832034163937084 1
0.7834632110311879 1
0.7846000273357427 1
0.7847366238630366 1
0.7849572157949593 1
0.7851365222641534 1
0.7852938835449638 1
0.7855930257686339 1
0.7859821765843056 1
0.7860502154762079 1
0.7863984958439489 1
0.7864151899489069 1
0.7872498575821831 1
0.7876062153711244 1
0.7883250135239491 1
0.7888772482565084 1
0.7891024315996564 1
0.7893160213767174 1
0.789729418950391 1
0.7903954293632525 1
0.7904512050274798 1
0.7911166318364596 1
0.7914238334408914 1
0.7928181470825527 1
0.7930939560828927 1
0.793562496786502 1
0.793816153217358 1
0.7940618533505185 1
0.7943338858091177 1
0.7950192156137735 1
0.7967359736892672 1
0.7976036821974852 1
0.7986492117372128 1
0.7987398918427566 1
0.7989363997782394 1
0.7991950065842346 1
0.7995071361054878 1
0.7998849456911682 1
0.7999212608668352 1
0.8000771012221797 1
0.800422323711977 1
0.8007924449294841 1
0.8013573669333554 1
0.8014773434078442 1
0.801723775326779 1
0.8022204956487862 1
0.802399101812063 1
0.8026067801581925 1
0.8026165642981357 1
0.8027907777357656 1
0.8027926210612237 1
0.8029561512835354 1
0.8030615078911061 1
0.8033707403542931 1
0.8034214911536107 1
0.803435455914923 1
0.803623911088615 1
0.8042055991721333 1
0.8042101876379013 1
0.8042726561818132 1
0.8044955579234622 1
0.8047739562966076 1
0.8048119289584154 1
0.8048190473776943 1
0.8048649297618237 1
0.8053540452891168 1
0.8055430003797182 1
0.8056857725284884 1
0.8064996027279513 1
0.8067586100973614 1
0.8068182602518751 1
0.8075327263755273 1
0.8077538488551541 1
0.8077666864523824 1
0.8078914759286826 1
0.8080813002600071 1
0.8081808898303109 1
0.8082473394863233 1
0.8084295977408194 1
0.8085444795311006 1
0.8085606413477977 1
0.8087695478012644 1
0.8090415619811179 1
0.8091297908422423 1
0.8093197065173463 1
0.8093609639738409 1
0.8096417191332962 1
0.8096612951638348 1
0.8101928524095182 1
0.810204749751073 1
0.8104987074012027 1
0.8110420095850607 1
0.8116077303601469 1
0.8118879553150972 1
0.812090603925078 1
0.8125493819095404 1
0.8130195405514938 1
0.8131180071317304 1
0.8138451354317104 1
0.8139069356634423 1
0.8139535373638374 1
0.814079425269258 1
0.8142109693246092 1
0.8143802960291707 1
0.8146169259479454 1
0.8146790278585917 1
0.814776670269394 1
0.8148030582608605 1
0.8149701917794068 1
0.8154846763651927 1
0.815518032049079 1
0.815713665411296 1
0.8157988011904636 1
0.8158876177296327 1
0.8166009661329199 1
0.8167994358979258 1
0.8171033892714534 1
0.8173846738912629 1
0.8176949459194444 1
0.8178252009089464 1
0.8180768316299013 1
0.8185158605061198 1
0.8185301844641902 1
0.8188748981358696 1
0.8190624891654669 1
0.8192511273767887 1
0.819484235739923 1
0.8194868590903484 1
0.8195219697826702 1
0.8197327003074761 1
0.8199081447642281 1
0.8200966046989415 1
0.8202803045806415 1
0.8205294364071558 1
0.820836693176441 1
0.8210346522240444 1
0.8213932916934642 1
0.8216752633817812 1
0.8219878400993736 1
0.8220283390348868 1
0.8222446920549076 1
0.8222903932068921 1
0.8228283728846796 1
0.8229592131016514 1
0.8233735351208648 1
0.8234815920972259 1
0.8235714965715536 1
0.823883600532403 1
0.8243019049423259 1
0.8245691829081655 1
0.824778241922986 1
0.8249199932658071 1
0.825005361857579 1
0.8250133431058911 1
0.8251467694502722 1
0.8251897873023641 1
0.8254811938799935 1
0.8255995708528582 1
0.8258566841710308 1
0.8259486634519879 1
0.8260465857384106 1
0.8262359227205579 1
0.8264935947755919 1
0.8264944537345811 1
0.8266315162827663 1
0.8267256874340032 1
0.8267272591292836 1
0.8268683822819278 1
0.827306982502611 1
0.8273096091388559 1
0.8273469459040075 1
0.8274775477672729 1
0.8275094385765774 1
0.8280172137885047 1
0.8281300004931573 1
0.8281939733776308 1
0.8282344908600803 1
0.8282532479825516 1
0.8284442118009546 1
0.8286003794802145 1
0.8286869222228254 1
0.8288083935529589 1
0.8291737501501865 1
0.829184899467558 1
0.8293889377287388 1
0.8295028217784585 1
0.8296724167030749 1
0.829693085189027 1
0.82970196652454 1
0.8297501768399955 1
0.8297534610140059 1
0.8301495317180364 1
0.8304193054994716 1
0.8304841684720663 1
0.8305460816823955 1
0.8305482733932089 1
0.8306979687628181 1
0.8315831417147254 1
0.8318894557069632 1
0.8319373673963412 1
0.8319501113313008 1
0.8320441279145182 1
0.8321014554673171 1
0.8323915767053722 1
0.8324348635454204 1
0.8324847927303494 1
0.8325494103053077 1
0.8326432497965665 1
0.8326459074514584 1
0.8326610994319104 1
0.8328050372813499 1
0.8328116377172016 1
0.832878481933579 1
0.8329584525290524 1
0.8329811559095627 1
0.832987782474408 1
0.8330144878848609 1
0.8333087410148079 1
0.8333711735344715 1
0.8336316042571282 1
0.8338036739831994 1
0.8338653093251197 1
0.8340425183934925 1
0.8342743305528889 1
0.8343272323596287 1
0.8343973321304842 1
0.8344863721148925 1
0.8346121654753098 1
0.8347026271721627 1
0.8355366633294423 1
0.8359202491631252 1
0.836015279273351 1
0.8360605099870811 1
0.8360624710885486 1
0.8360919747460833 1
0.8361818180234529 1
0.8362686675652937 1
0.8363168901516567 1
0.8366413826916973 1
0.8366533915366478 1
0.836720814907193 1
0.8368738683955854 1
0.836964161225719 1
0.8370775235657361 1
0.8371256556737338 1
0.8372678927467609 1
0.8373510968503551 1
0.8374063570361576 1
0.8374255515107576 1
0.8375099487910821 1
0.8377048118145676 1
0.8377717904730207 1
0.8379241687134921 1
0.8382675071770194 1
0.8382951094960411 1
0.838870177088016 1
0.8389688867079726 1
0.8389868450592293 1
0.8389908380284973 1
0.8391376723674129 1
0.8393317427775834 1
0.8394358528490106 1
0.8394711959291162 1
0.8395787319765927 1
0.8397253113768975 1
0.8398298348299462 1
0.8399231241790202 1
0.8400940277639671 1
0.8402720700651674 1
0.8402911290473106 1
0.8406486736559107 1
0.8406815762950867 1
0.8410024784359397 1
0.8410417966778574 1
0.8411218202221287 1
0.8411277393595396 1
0.841162157761122 1
0.8412818646998196 1
0.8412987908521985 1
0.8413122003219355 1
0.8415097986975789 1
0.8415726777510331 1
0.8416289594899301 1
0.8417215507781974 1
0.8417256524633778 1
0.8417847548313214 1
0.8418721899546542 1
0.841956032672134 1
0.8421774889082918 1
0.8422199089391026 1
0.8422502289413241 1
0.8423335548309716 1
0.8425455855815721 1
0.8425925098785527 1
0.8426361920597839 1
0.8426965335748325 1
0.8428189221052378 1
0.8428857534245685 1
0.8429569792856266 1
0.8431619650477498 1
0.8432117736549816 1
0.8433727367007668 1
0.8435421039986218 1
0.8435600021621041 1
0.8436210583498566 1
0.8436937905169437 1
0.8437024594207682 1
0.8437141242165648 1
0.8437732409100969 1
0.8440351496002578 1
0.844088045636931 1
0.8443679007091854 1
0.8444451712012225 1
0.8445336101384199 1
0.8445916778232383 1
0.8446275839534856 1
0.8446353704281785 1
0.8446760071618395 1
0.8447089694201999 1
0.8448066844079531 1
0.8448160780907498 1
0.8448661669640133 1
0.844987496772561 1
0.8451116195057282 1
0.845333075741886 1
0.8454075486810341 1
0.8455038946185341 1
0.8455297437872277 1
0.8457007922270499 1
0.8457760669902492 1
0.8458469605699785 1
0.8458982986966153 1
0.8459890751288962 1
0.8460789688708165 1
0.8462191646985062 1
0.8462329269742577 1
0.8462945313677835 1
0.8463148881498532 1
0.846560521297574 1
0.8466983190223928 1
0.8467296847475082 1
0.8468820412158036 1
0.8471156872907496 1
0.8472980495784616 1
0.8473407738459505 1
0.8474234526397068 1
0.8474416824631669 1
0.8475821106786404 1
0.847847022089944 1
0.847899569423821 1
0.8479185701546021 1
0.8480130424161636 1
0.848106842482641 1
0.8482959725165601 1
0.8485589084907282 1
0.8487333853433772 1
0.848912351982738 1
0.8489621258188299 1
0.8491623605438618 1
0.849232159262771 1
0.849284717588947 1
0.8492852677311322 1
0.8493171298488914 1
0.8495103148615513 1
0.8496372569271182 1
0.8497486881055335 1
0.8498215427867299 1
0.8498916321447851 1
0.8499624732432189 1
0.8499648769765966 1
0.8501835421533716 1
0.8503139177205703 1
0.8510047563276999 1
0.8510757312412401 1
0.8511470295396893 1
0.8511517205697635 1
0.851211632849778 1
0.8513219369714881 1
0.8513580726649096 1
0.8514055560580451 1
0.8514863568625831 1
0.851767581612059 1
0.8517802205835981 1
0.8518098303337754 1
0.8518460655250393 1
0.8519086698204699 1
0.8520621067827991 1
0.8522207993417235 1
0.8522391104989947 1
0.8522503955678851 1
0.8523519632089583 1
0.8524182616193517 1
0.8525777173791178 1
0.8527069534117686 1
0.8527579617413236 1
0.852815775346654 1
0.8528399353472932 1
0.8528522426588548 1
0.8529791950746148 1
0.8531996723947631 1
0.8532117535176381 1
0.8534929159407789 1
0.8535586915910888 1
0.8535599340240141 1
0.8536344384484822 1
0.8537217630774641 1
0.8537595372730493 1
0.8537868374519464 1
0.8538951116422687 1
0.8538957850272945 1
0.8539746613305377 1
0.8539951778821042 1
0.8540863639811563 1
0.8540922773485 1
0.8540927913517231 1
0.8543115122357231 1
0.8544196410624703 1
0.8544208558803105 1
0.8545085966081432 1
0.8545805483411403 1
0.8546181710215431 1
0.8547037991163543 1
0.854703893506679 1
0.8547637650077159 1
0.8548076812435788 1
0.8549243150597118 1
0.8550260887463466 1
0.855034255409156 1
0.8550457502508833 1
0.8550873474616675 1
0.8551066682028698 1
0.8552809222001215 1
0.8553228052187767 1
0.8553590915371404 1
0.8553761095955968 1
0.8554124320529225 1
0.8556883171648415 1
0.8557881611279495 1
0.855837937044223 1
0.8559125578910831 1
0.8561702978878409 1
0.8565200560217483 1
0.8566900939873987 1
0.8567255813537904 1
0.8567337925900972 1
0.8567834300477017 1
0.8568866531154891 1
0.8568879986955992 1
0.8568943308742686 1
0.8569109162633133 1
0.8569810979949485 1
0.8569898618576874 1
0.8569915876259141 1
0.857211894530783 1
0.8572482694694044 1
0.85732575228575 1
0.857472976297699 1
0.8578285224602314 1
0.8579645217512056 1
0.8579696396806247 1
0.8579893238001081 1
0.8580255706936895 1
0.8580860690327775 1
0.8581038968547472 1
0.8581320518002012 1
0.858158730289762 1
0.8583494430587306 1
0.8587834726675703 1
0.8589473115472193 1
0.8589932217376922 1
0.8591082463618401 1
0.8591541834156551 1
0.8592402172753582 1
0.8592437862110682 1
0.8593778315220928 1
0.8594717279153065 1
0.8595396514309881 1
0.8595487645856947 1
0.8596943526396165 1
0.8598490883682355 1
0.8599452986689309 1
0.8601342076216817 1
0.8602485829936342 1
0.8605510324081602 1
0.8606843368591083 1
0.860777525968657 1
0.8607876269351187 1
0.8607885991744492 1
0.8609068441106446 1
0.8611324879459201 1
0.8612283848653837 1
0.8612404717583252 1
0.8613972729311554 1
0.8613997407541872 1
0.8615970965988105 1
0.8616399571656532 1
0.8616410908826652 1
0.8616836674706692 1
0.8618121031835253 1
0.861909226120064 1
0.8620191689537549 1
0.862129090403102 1
0.8621605157373223 1
0.862208466851482 1
0.8623991132747768 1
0.8625745360776215 1
0.8627352979927159 1
0.8627962159447026 1
0.862868877201687 1
0.8628736568520193 1
0.8630462245058266 1
0.8631085573290541 1
0.8632444064562965 1
0.8632794084327057 1
0.8633547500027889 1
0.8635903623279177 1
0.8635929889641625 1
0.863639999785522 1
0.8636835166663264 1
0.8637005380106025 1
0.8638220093407363 1
0.8639222959256749 1
0.8639450868760615 1
0.8642035363968074 1
0.8642326460018478 1
0.8642378058402962 1
0.8642688904111822 1
0.8643694975751324 1
0.8645255361157099 1
0.8645734844052604 1
0.8645751316642851 1
0.8647408560816571 1
0.8649068139741621 1
0.8652355839235193 1
0.8652550725285293 1
0.8653406862977523 1
0.8654935081999345 1
0.8655543867271388 1
0.8655556404011713 1
0.8655579633693278 1
0.8656278434220483 1
0.8656545834962611 1
0.8656557172132733 1
0.8657613018724263 1
0.8657613832062375 1
0.8659209170139952 1
0.8659881141958538 1
0.8661577049651652 1
0.866172533870572 1
0.8663122383099856 1
0.8664005853411048 1
0.8664845908148747 1
0.8665944950253563 1
0.8666503283622766 1
0.8666916960098865 1
0.8667964967052053 1
0.8669620415564513 1
0.8669620776954138 1
0.8669992577439061 1
0.8670043088664413 1
0.8672406915303013 1
0.8672563793946974 1
0.8674065439927131 1
0.8676267884638676 1
0.8678058364370395 1
0.8678923904990627 1
0.8680077004597919 1
0.8682253828186773 1
0.868270851582878 1
0.8682711230550813 1
0.8683262266836904 1
0.8684486152140959 1
0.8685714555944826 1
0.8686490052177125 1
0.8686800503638163 1
0.8689654044892928 1
0.8692323182485441 1
0.8692489816855803 1
0.8693227372347949 1
0.8694375470503871 1
0.8694872998842118 1
0.8695066567643768 1
0.8695233894925437 1
0.8698191777148538 1
0.8698239154561567 1
0.8701360868864393 1
0.8701546767136924 1
0.8701975968896402 1
0.8703680951872773 1
0.8704145689964813 1
0.8704145689964815 1
0.8704271556461916 1
0.8704959019819003 1
0.8705025752642663 1
0.8708088165173694 1
0.87086935145663 1
0.8709892937285691 1
0.8710122363542788 1
0.8710927990009668 1
0.8711995987109432 1
0.8716107493752776 1
0.871780195289714 1
0.8720641777733111 1
0.8722450347114166 1
0.8722891599857684 1
0.8723381110018338 1
0.8723616902522561 1
0.8723735233730707 1
0.8724290741980186 1
0.872636291483431 1
0.8726575477656968 1
0.8727532184964734 1
0.8728699638531292 1
0.8729054869706507 1
0.8729123721161152 1
0.8731769977195476 1
0.8732112810274146 1
0.8732124566534558 1
0.8733590072747617 1
0.8734881109965624 1
0.8736289097282058 1
0.8736518941028042 1
0.8736765676454564 1
0.8737453501201271 1
0.8740005185196995 1
0.8740694972431916 1
0.8741054307555407 1
0.8741444558005493 1
0.874376083913271 1
0.8744109231333899 1
0.8744159742559252 1
0.8746743457286794 1
0.8747351093408738 1
0.8752063505727397 1
0.8752067977690788 1
0.8755432572450407 1
0.8762765637242609 1
0.8763316673528702 1
0.8764227090582569 1
0.8768316593759242 1
0.8769616870419001 1
0.8770159703347297 1
0.8773412785569077 1
0.8774301122091483 1
0.8775124108147884 1
0.8776175164748413 1
0.8778197606857097 1
0.8778233373278987 1
0.8779642447754551 1
0.8780630959644674 1
0.8783884822346368 1
0.8784965630007477 1
0.878722199698134 1
0.8787728928247589 1
0.8789124240242832 1
0.8791142099990441 1
0.8794008817808279 1
0.879484242213388 1
0.8796237372739499 1
0.8797640841556122 1
0.8799630198632051 1
0.8801433739917053 1
0.8802222502949486 1
0.880241842508354 1
0.8806609836026823 1
0.8807712458153634 1
0.8808356177880499 1
0.8813180521827284 1
0.881555432185113 1
0.8815749463505271 1
0.8816653955434891 1
0.8818061691759388 1
0.8820812314678312 1
0.8823735451447559 1
0.882612402452096 1
0.8826551128552067 1
0.8826930070078127 1
0.8828664340818194 1
0.8831515533352656 1
0.8831644047968719 1
0.8835228213634251 1
0.8838909599457344 1
0.8840385406756571 1
0.8841256485596714 1
0.8854272293914796 1
0.885575217892959 1
0.8856557280583514 1
0.8860390049314611 1
0.8861110741372313 1
0.8864350250114745 1
0.8864839504608436 1
0.8867847050973902 1
0.8873648795790156 1
0.8879849203544832 1
0.8880403680322465 1
0.8883577605391331 1
0.8884482882412971 1
0.8885633695290923 1
0.8885714303005982 1
0.8887242489169606 1
0.8887552940630645 1
0.889475265745377 1
0.8896656768354309 1
0.8897397340635601 1
0.8897624195838533 1
0.8900404887001067 1
0.8907686660088002 1
0.8909804002292019 1
0.8910186745699239 1
0.8912073179827223 1
0.8914820785957001 1
0.891654568201516 1
0.8920390568396291 1
0.892123171029312 1
0.8921686397935131 1
0.8921985906473873 1
0.8922587453985316 1
0.892379138200099 1
0.8925535086197425 1
0.8929693696432782 1
0.8930363483017311 1
0.8933058710282693 1
0.8934282595586747 1
0.8938732831360485 1
0.8942709143361243 1
0.8952190155369611 1
0.897281469028049 1
0.8978321903166904 1
0.8983995662855072 1
0.8986755688701997 1
0.8991831606040424 1
0.8992273844510712 1
0.9015123529001743 1
0.9030180243961544 1
0.9046213761087479 1
