
 0.652
 0.625
 0.618
 0.645
 0.632
 0.634
 0.648
 0.628
 0.649
 0.660
 0.675
 0.664
 0.665
 0.667
 0.615
 0.667
 0.675
 0.671
 0.670
 0.675
 0.687
 0.665
 0.676
 0.669
 0.650
 0.659
 0.656
 0.670
 0.657
 0.650
 0.657
 0.668
 0.672
 0.654
 0.677
 0.678
 0.680
 0.670
 0.678
 0.688
 0.657
 0.688
 0.677
 0.673
 0.687
 0.687
 0.673
 0.680
 0.679
 0.680
 0.713
 0.708
 0.692
 0.668
 0.672
 0.696
 0.680
 0.660
 0.668
 0.693
 0.694
 0.691
 0.685
 0.690
 0.692
 0.684
 0.695
 0.704
 0.686
 0.672
 0.686
 0.681
 0.698
 0.709
 0.687
 0.707
 0.701
 0.689
 0.684
 0.678
 0.687
 0.705
 0.700
 0.713
 0.692
 0.700
 0.704
 0.714
 0.659
 0.676
 0.724
 0.691
 0.693
 0.705
 0.699
 0.688
 0.688
 0.683
 0.708
 0.692
 0.697
 0.696
 0.692
 0.680
 0.709
 0.710
 0.685
 0.707
 0.718
 0.698
 0.702
 0.683
 0.682
 0.700
 0.743
 0.690
 0.679
 0.700
 0.707
 0.699
 0.713
 0.732
 0.715
 0.715
 0.714
 0.697
 0.735
 0.693
 0.737
 0.704
 0.739
 0.740
 0.740
 0.743
 0.732
 0.700
 0.715
 0.702
 0.694
 0.734
 0.728
 0.743
 0.714
 0.704
 0.719
 0.719
 0.695
 0.714
 0.699
 0.707
 0.760
 0.754
 0.733
 0.730
 0.732
 0.733
 0.750
 0.759
 0.749
 0.750
 0.765
 0.747
 0.743
 0.732
 0.739
 0.736
 0.732
 0.719
 0.725
 0.743
 0.747
 0.716
 0.750
 0.744
 0.763
 0.753
 0.748
 0.761
 0.766
 0.752
 0.756
 0.739
 0.731
 0.750
 0.748
 0.756
 0.759
 0.740
 0.755
 0.775
 0.767
 0.752
 0.747
 0.770
 0.758
 0.759
 0.762
 0.725
 0.768
 0.757
 0.773
 0.742
 0.756
 0.766
 0.750
 0.761
 0.777
 0.770
 0.778
 0.785
 0.773
 0.762
 0.774
 0.751
 0.747
 0.772
 0.797
 0.758
 0.766
 0.765
 0.791
 0.760
 0.764
 0.776
 0.773
 0.757
 0.778
 0.798
 0.776
 0.754
 0.776
 0.744
 0.778
 0.767
 0.785
 0.777
 0.747
 0.783
 0.781
 0.748
 0.772
 0.754
 0.746
 0.716
 0.747
 0.765
 0.790
 0.754
 0.802
 0.760
 0.766
 0.806
 0.786
 0.786
 0.801
 0.794
 0.760
 0.810
 0.803
 0.786
 0.767
 0.786
 0.804
 0.780
 0.807
 0.787
 0.801
 0.808
 0.773
 0.804
 0.783
 0.786
 0.770
 0.785
 0.788
 0.790
 0.789
 0.777
 0.780
 0.776
 0.808
 0.793
 0.776
 0.800
 0.749
 0.822
 0.813
 0.799
 0.783
 0.822
 0.820
 0.785
 0.805
 0.772
 0.814
 0.803
 0.816
 0.783
 0.823
 0.758
 0.793
 0.794
 0.815
 0.788
 0.802
 0.804
 0.789
 0.815
 0.780
 0.805
 0.823
 0.809
 0.803
 0.781
 0.790
 0.801
 0.809
 0.808
 0.782
 0.803
 0.782
 0.829
 0.817
 0.814
 0.800
 0.832
 0.833
 0.825
 0.820
 0.806
 0.799
 0.783
 0.849
 0.800
 0.814
 0.769
 0.833
 0.803
 0.799
 0.810
 0.813
 0.808
 0.818
 0.815
 0.783
 0.809
 0.829
 0.791
 0.836
 0.789
 0.825
 0.803
 0.813
 0.819
 0.830
 0.819
 0.827
 0.803
 0.815
 0.837
 0.834
 0.825
 0.829
 0.805
 0.852
 0.828
 0.808
 0.826
 0.812
 0.806
 0.826
 0.812
 0.808
 0.819
 0.814
 0.810
 0.826
 0.834
 0.817
 0.809
 0.804
 0.778
 0.800
 0.808
 0.816
 0.836
 0.799
 0.809
 0.834
 0.827
 0.817
 0.817
 0.833
 0.825
 0.836
 0.844
 0.842
 0.833
 0.845
 0.829
 0.814
 0.837
 0.825
 0.822
 0.861
 0.844
 0.844
 0.843
 0.841
 0.832
 0.827
 0.839
 0.803
 0.822
 0.825
 0.840
 0.821
 0.803
 0.816
 0.807
 0.810
 0.839
 0.827
 0.830
 0.815
 0.851
 0.828
 0.832
 0.853
 0.833
 0.849
 0.857
 0.840
 0.794
 0.850
 0.845
 0.819
 0.834
 0.847
 0.809
 0.800
 0.818
 0.833
 0.785
 0.835
 0.853
 0.849
 0.865
 0.825
 0.816
 0.844
 0.794
 0.840
 0.861
 0.859
 0.858
 0.828
 0.863
 0.811
 0.847
 0.830
 0.837
 0.821
 0.853
 0.857
 0.846
 0.830
 0.818
 0.866
 0.802
 0.854
 0.821
 0.845
 0.863
 0.845
 0.846
 0.861
 0.841
 0.839
 0.814
 0.866
 0.845
 0.849
 0.861
 0.837
 0.820
 0.857
 0.853
 0.873
 0.846
 0.867
 0.858
 0.847
 0.872
 0.819
 0.837
 0.839
 0.870
 0.837
 0.844
 0.815
 0.850
 0.853
 0.833
 0.851
 0.846
 0.830
 0.842
 0.850
 0.859
 0.836
 0.825
 0.855
 0.855
 0.867
 0.881
 0.863
 0.854
 0.844
 0.837
 0.890
 0.857
 0.860
 0.857
 0.882
 0.846
 0.869
 0.880
 0.830
 0.858
 0.868
 0.828
 0.889
 0.860
 0.871
 0.853
 0.893
 0.795
 0.842
 0.842
 0.865
 0.866
 0.805
 0.847
 0.864
 0.833
 0.832
 0.852
 0.855
 0.857
 0.844
 0.871
 0.843
 0.862
 0.864
 0.874
 0.857
 0.872
 0.838
 0.847
 0.868
 0.855
 0.843
 0.866
 0.872
 0.892
 0.827
 0.864
 0.854
 0.830
 0.878
 0.830
 0.845
 0.858
 0.849
 0.874
 0.873
 0.857
 0.874
 0.895
 0.872
 0.838
 0.841
 0.887
 0.892
 0.871
 0.889
 0.823
 0.832
 0.850
 0.874
 0.850
 0.846
 0.832
 0.881
 0.879
 0.843
 0.863
 0.852
 0.821
 0.837
 0.857
 0.845
 0.868
 0.854
 0.883
 0.839
 0.867
 0.871
 0.869
 0.866
 0.833
 0.805
 0.843
 0.850
 0.862
 0.878
 0.855
 0.866
 0.869
 0.836
 0.822
 0.828
 0.855
 0.859
 0.865
 0.833
 0.848
 0.840
 0.828
 0.877
 0.872
 0.857
 0.874
 0.842
 0.851
 0.867
 0.854
 0.861
 0.876
 0.855
 0.833
 0.861
 0.857
 0.860
 0.859
 0.882
 0.869
 0.837
 0.864
 0.857
 0.841
 0.866
 0.808
 0.834
 0.879
 0.863
 0.857
 0.809
 0.869
 0.859
 0.820
 0.883
 0.874
 0.864
 0.829
 0.857
 0.872
 0.878
 0.850
 0.820
 0.854
 0.845
 0.855
 0.864
 0.856
 0.838
 0.867
 0.862
 0.860
 0.866
 0.826
 0.867
 0.870
 0.826
 0.891
 0.842
 0.824
 0.845
 0.886
 0.831
 0.864
 0.868
 0.852
 0.845
 0.882
 0.894
 0.855
 0.855
 0.870
 0.879
 0.846
 0.890
 0.858
 0.851
 0.874
 0.848
 0.854
 0.885
 0.864
 0.836
 0.839
 0.826
 0.863
 0.893
 0.839
 0.863
 0.853
 0.841
 0.873
 0.847
 0.840
 0.849
 0.857
 0.844
 0.842
 0.860
 0.867
 0.897
 0.867
 0.878
 0.868
 0.863
 0.881
 0.848
 0.847
 0.875
 0.855
 0.862
 0.864
 0.841
 0.892
 0.884
 0.829
 0.852
 0.878
 0.899
 0.853
 0.880
 0.899
 0.889
 0.868
 0.873
 0.873
 0.823
 0.865
 0.836
 0.833
 0.831
 0.887
 0.855
 0.824
 0.872
 0.874
 0.863
 0.888
 0.851
 0.865
 0.886
 0.842
 0.852
 0.832
 0.899
 0.875
 0.866
 0.854
 0.876
 0.847
 0.856
 0.883
 0.842
 0.867
 0.861
 0.873
 0.842
 0.879
 0.866
 0.836
 0.833
 0.876
 0.864
 0.864
 0.894
 0.830
 0.840
 0.854
 0.819
 0.868
 0.867
 0.870
 0.868
 0.880
 0.857
 0.877
 0.866
 0.866
 0.880
 0.843
 0.851
 0.838
 0.862
 0.832
 0.848
 0.854
 0.870
 0.810
 0.879
 0.884
 0.858
 0.862
 0.865
 0.860
 0.874
 0.841
 0.842
 0.898
 0.861
 0.861
 0.905
 0.884
 0.892
 0.846
 0.889
 0.886
 0.848
 0.877
 0.842
 0.844
 0.867
 0.843
 0.838
 0.849
 0.870
 0.839
 0.888
 0.878
 0.858
 0.855
 0.850
 0.873
 0.855
 0.879
 0.865
 0.826
 0.886
 0.841
 0.844
 0.865
 0.852
 0.893
 0.870
 0.848
 0.862
 0.875
 0.870
 0.852
 0.840
 0.862
 0.886
 0.860
 0.890
 0.844
 0.888
 0.882
 0.858
 0.891
 0.891
 0.846
 0.892
 0.850
 0.870
 0.863
 0.846
 0.846
 0.874
 0.831
 0.832
 0.854
 0.853
 0.864
 0.891
 0.898
 0.856
 0.871
 0.827
 0.871
 0.837
 0.869
 0.893
 0.866
 0.847
 0.854
 0.827
 0.851
 0.883
 0.862
 0.819
 0.861
 0.882
 0.858
 0.891
 0.869
 0.883
 0.902
 0.812
 0.845
 0.828
 0.856
 0.854
 0.873
 0.854
 0.880
 0.870
 0.856
 0.877
 0.854
 0.854
 0.848
 0.834
 0.883
 0.804
 0.859
 0.837
 0.836
 0.862
 0.843
 0.838
 0.843
 0.889
 0.878
 0.855
 0.835
 0.880
 0.855
 0.876
 0.849
 0.892
 0.846
 0.878
 0.834
 0.845
 0.849
 0.864
 0.859
 0.866
 0.874
 0.824
 0.853
 0.851
 0.903
 0.871
 0.841
 0.882
 0.869
 0.862
 0.890
 0.872
 0.851
 0.852
 0.841
 0.827
 0.888
 0.865
 0.852
 0.875
 0.845
 0.884
 0.881
 0.886
 0.859
 0.868
 0.873
 0.872
 0.858
 0.859
 0.873
 0.870
 0.855
 0.869
 0.861
 0.843
 0.866
 0.855
 0.852
 0.893
 0.870
 0.873
 0.892
 0.834
 0.877

