54 51
11 52
58 38
63 43
97 41
91 36
56 40
57 32
30 44
87 44
1 46
36 42
30 48
69 44
19 44
10 39
79 44
56 42
18 36
87 40
47 35
96 48
0 54
50 47
90 39
22 39
59 43
69 48
18 47
62 48
45 39
89 50
38 45
84 28
89 46
27 30
2 35
26 31
15 49
91 39
84 31
22 49
13 38
99 39
93 50
56 50
88 37
87 44
67 34
0 36
36 52
32 42
72 49
62 31
55 48
76 39
58 52
55 35
45 37
41 49
39 48
15 40
3 40
29 45
67 51
58 43
93 51
54 57
23 39
22 38
92 56
55 51
23 49
47 42
31 40
92 35
22 46
2 40
68 34
10 51
75 41
76 44
23 34
96 40
2 39
0 44
81 39
37 29
76 54
31 44
27 43
9 37
66 37
7 42
81 41
92 48
49 52
18 37
45 45
42 35
79 37
98 39
18 51
85 43
58 38
94 33
53 47
13 62
84 45
93 39
80 41
23 38
18 35
24 37
84 38
27 49
78 42
1 43
28 32
69 34
16 38
83 43
20 47
37 33
10 37
15 41
20 43
26 51
52 40
10 45
97 47
96 57
27 34
48 54
39 30
15 35
90 39
21 40
63 45
4 38
86 42
53 49
54 47
22 36
94 41
5 38
14 41
1 36
93 47
43 37
90 35
7 39
99 40
78 39
12 35
58 33
56 36
18 38
80 51
26 47
12 39
66 37
59 47
82 39
45 44
64 61
25 41
88 43
72 29
42 56
70 32
11 45
9 43
74 44
93 34
64 38
10 42
29 46
89 52
92 46
89 46
15 40
22 48
10 40
62 42
58 45
25 45
52 35
25 38
32 42
7 39
71 44
64 37
38 40
5 38
7 46
43 55
73 49
5 49
88 48
4 36
67 35
74 44
71 56
80 43
63 40
68 32
10 45
18 30
8 46
89 44
68 47
78 34
76 47
92 53
1 43
65 37
99 48
85 46
42 38
48 42
75 45
49 38
72 44
99 53
68 41
8 54
26 47
97 43
12 46
30 56
98 38
37 52
81 47
55 44
24 52
61 51
20 39
34 47
92 41
92 50
37 47
45 50
5 39
89 39
41 49
58 61
45 39
13 31
93 54
26 48
19 44
70 28
57 44
80 44
51 34
43 40
79 41
98 56
73 43
8 31
24 33
60 42
85 42
14 49
37 46
85 40
48 37
63 41
41 29
73 43
97 49
15 48
96 43
6 45
32 41
40 45
83 52
57 39
39 40
4 50
61 41
20 49
89 48
80 44
86 51
57 49
43 53
68 36
92 44
43 40
14 53
86 42
71 36
72 43
10 39
36 30
84 48
69 35
24 39
90 33
38 27
61 47
88 31
1 41
81 48
36 39
98 45
36 43
68 36
40 44
38 48
9 43
88 39
21 42
54 45
61 53
18 39
97 35
21 45
17 43
66 41
58 43
30 57
62 44
86 51
99 40
57 39
44 56
9 42
9 44
22 42
99 43
94 33
59 35
39 48
40 35
56 38
37 44
68 30
91 55
11 40
12 52
98 36
68 39
84 49
51 38
4 46
71 45
9 42
86 43
52 45
66 50
65 47
40 45
23 50
17 49
38 35
86 50
97 48
33 44
12 28
94 39
9 34
98 36
39 34
33 40
5 39
64 51
35 37
87 46
36 43
73 37
58 36
9 46
50 43
19 40
65 41
94 36
45 44
44 38
12 44
5 35
76 55
4 36
51 32
23 41
43 32
50 44
28 45
85 33
69 34
93 47
7 32
10 36
92 47
57 40
51 47
95 44
7 49
43 44
81 48
21 53
74 52
78 41
95 41
96 31
92 45
44 33
71 48
26 35
48 37
19 44
85 45
88 53
1 38
35 43
99 36
60 42
47 42
53 42
8 35
56 38
88 36
69 38
40 36
86 47
76 48
48 38
79 41
69 47
50 38
1 44
41 48
16 38
95 37
25 40
78 49
91 40
16 46
45 45
92 34
66 33
23 36
97 31
32 36
98 48
37 49
16 41
39 56
35 50
80 38
28 41
28 50
11 38
82 29
47 44
39 52
51 42
49 36
16 32
96 37
85 38
62 39
64 35
94 40
20 38
49 37
80 46
92 39
13 49
49 35
48 39
36 42
54 39
18 41
12 54
65 39
35 33
47 41
8 35
22 52
94 33
75 40
18 39
3 50
70 38
46 37
70 48
86 34
30 43
0 46
64 30
76 46
95 37
60 47
26 38
37 40
89 60
39 36
3 53
30 43
54 32
27 43
21 59
9 35
50 34
43 49
40 47
93 49
65 37
23 40
62 41
13 48
0 35
92 35
65 42
7 41
48 37
30 42
73 44
16 44
52 38
50 52
71 38
93 54
17 39
37 41
44 52
81 36
66 42
67 39
17 40
4 46
83 50
89 52
32 46
31 52
63 47
22 48
24 43
36 41
74 40
90 36
20 42
5 43
22 45
66 46
0 43
96 46
69 43
44 52
48 45
38 41
93 48
16 40
34 34
45 35
0 32
82 43
56 33
87 48
71 37
99 44
10 41
74 40
61 55
1 45
18 60
64 37
2 43
63 56
30 38
62 47
47 45
32 49
52 50
62 42
36 26
93 44
47 51
50 42
0 35
95 38
29 40
85 41
39 48
98 49
31 45
12 48
18 33
12 35
25 41
16 39
22 37
60 44
50 56
7 31
98 42
1 38
89 29
78 42
52 46
60 34
23 42
52 43
78 32
47 36
7 45
87 40
63 36
32 39
58 40
43 41
8 33
44 40
5 46
85 35
75 29
92 34
14 39
24 41
88 35
48 34
9 39
7 40
82 41
51 36
41 41
59 48
21 50
68 45
49 49
33 37
77 45
18 38
70 43
87 48
90 49
20 47
99 38
11 38
26 46
36 43
75 44
40 51
54 41
91 49
61 48
59 43
99 50
23 38
24 41
64 49
9 30
94 40
52 43
87 38
27 43
94 43
85 39
81 55
74 33
23 50
51 36
92 55
45 41
0 30
71 43
61 41
1 51
31 38
9 43
9 38
31 59
11 39
16 43
12 40
99 29
80 33
35 43
43 53
63 36
10 40
32 43
99 57
32 36
58 42
7 43
94 32
46 44
96 45
88 48
53 34
44 56
45 45
68 41
53 42
81 46
3 26
9 41
23 53
96 43
76 41
21 40
46 48
76 43
92 43
78 37
84 37
41 36
37 44
12 42
39 49
34 47
54 45
3 47
23 49
54 37
91 41
76 40
32 51
57 32
46 41
76 35
38 53
4 41
21 44
97 42
11 31
42 47
58 36
29 43
34 37
33 52
26 33
74 39
38 33
84 45
51 47
77 40
5 43
74 39
27 50
29 38
83 45
85 51
45 46
89 44
39 33
30 33
53 48
83 31
53 33
51 42
33 44
44 38
68 45
94 42
15 35
79 49
46 37
22 35
50 46
44 44
61 32
77 47
2 37
47 49
46 45
62 47
27 31
5 40
41 46
78 47
38 40
21 38
47 42
11 42
2 43
44 47
57 54
19 47
98 43
62 35
58 37
69 39
85 44
28 37
48 35
11 33
64 39
54 38
27 40
75 41
73 35
60 33
89 52
48 44
73 44
62 64
93 34
81 60
81 41
18 36
95 37
29 51
88 53
76 41
60 33
64 34
38 45
65 34
19 39
50 35
96 29
81 50
28 35
93 53
43 40
2 41
89 32
40 35
2 37
33 42
53 54
67 56
2 38
29 37
58 37
8 45
90 56
19 34
7 48
88 44
80 56
38 43
51 56
31 50
62 39
28 40
54 44
19 35
39 41
55 39
53 38
17 41
67 44
84 38
75 44
65 26
48 55
0 24
67 41
0 41
4 41
0 51
10 48
56 35
90 34
30 45
27 44
61 43
37 47
47 52
82 50
34 45
97 55
96 46
45 38
84 35
67 37
66 35
39 50
66 49
82 41
19 40
47 44
92 50
49 45
60 35
26 42
36 47
63 45
62 50
3 43
15 47
56 46
36 43
56 45
91 39
97 49
71 47
61 29
82 52
4 47
93 43
75 40
36 34
45 31
86 39
60 37
63 46
18 42
76 36
3 55
20 44
69 63
74 51
50 47
70 42
89 41
36 43
21 46
36 48
17 47
9 50
70 46
15 48
54 39
68 36
37 40
38 40
34 52
15 48
50 48
78 27
95 41
20 47
19 42
59 43
33 32
53 46
44 47
34 40
46 42
98 33
28 35
62 34
92 43
93 47
98 40
36 44
54 42
97 33
49 54
64 46
68 36
34 46
26 47
59 54
23 44
47 57
12 39
33 39
42 37
37 35
40 40
61 46
53 44
45 46
68 43
22 55
44 48
97 41
54 44
87 44
34 50
17 44
44 39
2 45
16 41
73 33
64 49
56 48
74 37
30 38
94 33
18 39
1 42
31 38
71 35
86 35
66 43
47 41
22 39
60 38
88 48
0 45
0 57
56 36
10 41
92 60
61 45
32 41
44 34
15 41
28 34
0 38
70 37
