0.4147758253284099 1
0.4194697386145023 1
0.4336566143670548 1
0.4338857382540031 1
0.4408177388643999 1
0.4412849280881245 1
0.4446705370274398 1
0.4456114454888688 1
0.44587637075125586 1
0.44658163073789153 1
0.4496235025451014 1
0.45064772273314935 1
0.45289945805594756 1
0.45545736597174336 1
0.45648000312165826 1
0.45874894517391573 1
0.4605776670927447 1
0.46452734173263827 1
0.46472957950685934 1
0.46618571944662157 1
0.46692756370680466 1
0.4679696469735793 1
0.46846710498023425 1
0.46948676754977475 1
0.4701114727071169 1
0.47113298496759903 1
0.4711454152424897 1
0.4717071468453509 1
0.472318704272735 1
0.4733432356586753 1
0.47415499032379643 1
0.4749728937080323 1
0.4751077483288625 1
0.4754359279343603 1
0.47675441882398345 1
0.4767845454694462 1
0.47785439249690304 1
0.4781887458870622 1
0.47869133693872257 1
0.47883253965177663 1
0.4788910129514601 1
0.47972310751535263 1
0.48011328378837825 1
0.4805458948827722 1
0.48113312636136585 1
0.48183034267789343 1
0.48193487986446504 1
0.48199048436941605 1
0.48200951397503927 1
0.48223581705006224 1
0.48310559911620016 1
0.4839975636767109 1
0.4850187887221597 1
0.48507673132434903 1
0.48524957526247675 1
0.485608683380337 1
0.48624499687318734 1
0.4867659761685384 1
0.487845182013538 1
0.488080805389775 1
0.488240976195967 1
0.4883193110002335 1
0.4885284864338614 1
0.48905669694650206 1
0.4897058631032785 1
0.49042556790413167 1
0.49061883959537794 1
0.49062435854814446 1
0.4913179859767108 1
0.4918254002504886 1
0.492660112297446 1
0.49268212748075557 1
0.49279132698783584 1
0.49280900903310765 1
0.4934216400377791 1
0.49347754995501647 1
0.4937913116058508 1
0.4938123144200427 1
0.49397017022060224 1
0.49480620669318576 1
0.495115126530512 1
0.49533357013201723 1
0.49563468261819227 1
0.49660454811319044 1
0.49696135146335535 1
0.4971860695909646 1
0.49721365258727784 1
0.4976608279153091 1
0.49780271076536864 1
0.49846862783377444 1
0.49860613347398036 1
0.49871950037621354 1
0.4989279596192972 1
0.4989719736866587 1
0.4991599968007516 1
0.5005119426792277 1
0.5008068393778174 1
0.5010959462348684 1
0.5010967725788941 1
0.5015083505947913 1
0.5019968670626263 1
0.5023966099671315 1
0.5028292926085078 1
0.5037141693976828 1
0.5040310733689461 1
0.5045513632669677 1
0.5047742262418599 1
0.5047789739184445 1
0.5052748526728498 1
0.5054359599701985 1
0.5057194601532603 1
0.5058423461168379 1
0.5062627679824054 1
0.5064529199431093 1
0.5064878655705171 1
0.5069255995170737 1
0.5070471659982219 1
0.5070569001371534 1
0.5074250944328832 1
0.5082126404643083 1
0.5082951214791109 1
0.5084140271939198 1
0.5086453100896702 1
0.5089071510268652 1
0.5099807884706756 1
0.5101138252225628 1
0.510403929341178 1
0.5107088465611748 1
0.5116248204322225 1
0.51217769553507 1
0.5137487674055944 1
0.5143778653706332 1
0.5161477904050105 1
0.5163227458201668 1
0.5177439342970038 1
0.5178791320082626 1
0.517907044558932 1
0.5181021834260724 1
0.5181803055520138 1
0.518223238012365 1
0.5187035186415097 1
0.519727648727129 1
0.520227445180917 1
0.5203173665764228 1
0.5205002826783496 1
0.5207613818952981 1
0.5207684437224606 1
0.5210325055540388 1
0.521100700677471 1
0.5220910094668902 1
0.5221984218382257 1
0.5224105943787262 1
0.522566326778159 1
0.5226938103994445 1
0.5228167736769895 1
0.5230054138924437 1
0.5234738833423789 1
0.52454084237886 1
0.5248782337880903 1
0.5251045994408539 1
0.5260884587608433 1
0.5275114473732332 1
0.5285837117847547 1
0.5293639833284994 1
0.5296885454984267 1
0.5306245426115719 1
0.5315255582259496 1
0.5321119472756956 1
0.5322741254684304 1
0.5341782993175994 1
0.5347450200940213 1
0.5350495383337779 1
0.5351416375503212 1
0.5354643642135823 1
0.5356381267252865 1
0.5358892946717537 1
0.5371354626267277 1
0.5384078295362552 1
0.538445026329671 1
0.5387324464833002 1
0.5397111742845863 1
0.541307867347394 1
0.5422064692226464 1
0.5477307100823935 1
0.5479869697523658 1
0.5482227713086661 1
0.5493589898348878 1
0.5496278581470686 1
0.5500909513811554 1
0.5503954993328621 1
0.5555962560641606 1
0.5571001198332189 1
0.557678405338873 1
0.5592677952473653 1
0.5695556840174716 1
0.5724246413756459 1
0.5752604773315082 1
0.5863751783964934 1
0.5891541473508698 1
0.5907538853584812 1
