
 0.516
 0.532
 0.465
 0.488
 0.496
 0.482
 0.505
 0.535
 0.521
 0.446
 0.518
 0.434
 0.495
 0.477
 0.518
 0.475
 0.522
 0.465
 0.474
 0.548
 0.504
 0.539
 0.499
 0.502
 0.589
 0.480
 0.471
 0.532
 0.503
 0.470
 0.494
 0.530
 0.514
 0.497
 0.484
 0.591
 0.525
 0.459
 0.538
 0.536
 0.575
 0.489
 0.535
 0.501
 0.531
 0.501
 0.507
 0.506
 0.521
 0.487
 0.518
 0.466
 0.495
 0.501
 0.529
 0.498
 0.510
 0.534
 0.450
 0.516
 0.557
 0.485
 0.461
 0.559
 0.488
 0.523
 0.506
 0.525
 0.508
 0.532
 0.536
 0.501
 0.491
 0.482
 0.523
 0.550
 0.478
 0.451
 0.502
 0.508
 0.505
 0.486
 0.499
 0.537
 0.550
 0.493
 0.526
 0.482
 0.493
 0.572
 0.518
 0.511
 0.479
 0.485
 0.570
 0.505
 0.471
 0.419
 0.492
 0.468
 0.434
 0.499
 0.473
 0.497
 0.446
 0.519
 0.494
 0.491
 0.481
 0.486
 0.521
 0.586
 0.523
 0.469
 0.494
 0.520
 0.520
 0.475
 0.495
 0.507
 0.512
 0.478
 0.455
 0.556
 0.507
 0.520
 0.508
 0.493
 0.535
 0.477
 0.489
 0.480
 0.509
 0.535
 0.415
 0.518
 0.504
 0.468
 0.550
 0.447
 0.529
 0.549
 0.441
 0.497
 0.510
 0.482
 0.498
 0.479
 0.483
 0.548
 0.485
 0.482
 0.542
 0.481
 0.506
 0.499
 0.522
 0.493
 0.445
 0.497
 0.548
 0.441
 0.538
 0.528
 0.467
 0.512
 0.499
 0.558
 0.456
 0.491
 0.521
 0.509
 0.525
 0.493
 0.488
 0.541
 0.475
 0.507
 0.514
 0.540
 0.505
 0.453
 0.518
 0.493
 0.488
 0.498
 0.522
 0.505
 0.490
 0.506
 0.502
 0.523
 0.523
 0.510
 0.479
 0.521
 0.506
 0.472
 0.490
 0.472

