
 2.060
 2.010
 1.990
 2.190
 1.990
 2.060
 2.160
 1.850
 1.880
 2.030
 1.900
 1.590
 2.060
 2.000
 2.070
 2.040
 2.160
 1.990
 1.950
 1.800
 2.080
 2.010
 2.230
 1.880
 2.010
 1.900
 1.940
 1.820
 1.910
 1.970
 1.930
 2.180
 2.130
 1.870
 2.260
 1.960
 1.760
 2.150
 1.890
 2.010
 2.180
 2.010
 2.280
 1.950
 2.260
 1.820
 2.060
 1.900
 2.020
 1.660
 1.800
 1.910
 1.800
 2.120
 2.160
 1.960
 1.980
 1.860
 1.860
 1.910
 2.030
 2.220
 1.990
 1.890
 2.070
 2.180
 1.830
 2.010
 2.000
 1.970
 1.930
 2.100
 2.200
 1.900
 1.860
 2.230
 1.900
 2.180
 2.130
 2.050
 2.040
 2.070
 2.040
 1.990
 2.100
 1.840
 1.870
 2.080
 1.900
 1.890
 1.790
 1.980
 2.170
 1.820
 1.960
 2.070
 2.140
 2.300
 2.230
 1.880

