0.44311162397542125 1
0.4453003214905792 1
0.4476508995721151 1
0.4507225460527993 1
0.4535916461345992 1
0.4587520763832131 1
0.4616132431140049 1
0.4639319230617144 1
0.46487664297666426 1
0.46493275896330716 1
0.46563263761664403 1
0.4698852433719567 1
0.4699121488516851 1
0.472256015363388 1
0.47297132700738687 1
0.4751012921947478 1
0.4775052237322811 1
0.47899356722127223 1
0.4790553259168602 1
0.47972950944232673 1
0.4797816761345189 1
0.4812570960736439 1
0.48229492269494023 1
0.482723890109109 1
0.4836274166496955 1
0.4841350328895033 1
0.48494498173826206 1
0.48582779013347993 1
0.4860033360892581 1
0.4864287152754202 1
0.4889805810069309 1
0.4901336534664091 1
0.4915093528415349 1
0.4917447886617075 1
0.4918316986435424 1
0.4920923467128791 1
0.4924688893819156 1
0.49279532113586977 1
0.4934650462517428 1
0.4949851822177642 1
0.49561749013528034 1
0.49680390643384564 1
0.4969433362402754 1
0.4969629133925922 1
0.49706663327005807 1
0.4972700101450399 1
0.4978827503743012 1
0.49912658913670394 1
0.49950631544306395 1
0.5006240203399296 1
0.5010815597654463 1
0.5011314646413589 1
0.5013410763158983 1
0.5017716811004513 1
0.5022042753513014 1
0.5022650447411386 1
0.5030872444820923 1
0.5035150514771001 1
0.5039144298656077 1
0.5041777058403079 1
0.5047509892618504 1
0.5048186432566427 1
0.5050068577113311 1
0.5050791550163709 1
0.5058183668563949 1
0.5067799142550815 1
0.5070528290112971 1
0.5072850986061153 1
0.5076331996908017 1
0.5076478392461123 1
0.5077717381501988 1
0.5077848511359307 1
0.5078081228621616 1
0.5080545377266756 1
0.5080898718703003 1
0.5082712644850175 1
0.5085957814039612 1
0.5091597365932514 1
0.5092182502169451 1
0.5100698215976727 1
0.5105008064894208 1
0.5111212337954857 1
0.5117384776610117 1
0.512138156129524 1
0.5125611955397951 1
0.5129643925305725 1
0.5129726828900042 1
0.5130456096713201 1
0.5130539864655801 1
0.5134951943794693 1
0.5136062913947929 1
0.5142118560094893 1
0.5144609836816789 1
0.515201145725272 1
0.5153351828411106 1
0.5154670473721514 1
0.515794995154302 1
0.5162585141161893 1
0.516704799927066 1
0.5167320009275229 1
0.517304576011056 1
0.5174585853997119 1
0.5181457870278563 1
0.5182182947819635 1
0.5183658884585154 1
0.5183945990580842 1
0.518629753478168 1
0.5189840254017644 1
0.5191446948674727 1
0.5192281353804359 1
0.5197686868234234 1
0.5204827037029057 1
0.5206149115258994 1
0.5211013155915084 1
0.5218145891045642 1
0.522807985488831 1
0.5239805513781026 1
0.5248296957016425 1
0.5251834888599433 1
0.5267908222512665 1
0.5269203984657066 1
0.5275252425852179 1
0.5275899722673062 1
0.5281864730673785 1
0.5283432467119367 1
0.5286215719993685 1
0.5304303335075143 1
0.5305181639583125 1
0.5305526344659792 1
0.530626085774363 1
0.5306968828798915 1
0.5308419261320946 1
0.53097035532916 1
0.5315505431883026 1
0.5316639013056117 1
0.532353653792701 1
0.5323822572737772 1
0.5327693194120361 1
0.5327947833203118 1
0.5329657379141081 1
0.5331361980202985 1
0.5345428077530835 1
0.5348006731426554 1
0.5349402221067958 1
0.535663473363153 1
0.5357251853611454 1
0.5357585476999874 1
0.5357949609457855 1
0.5363613319348584 1
0.5383289685154145 1
0.538865633439958 1
0.5389820660863403 1
0.5392235577547442 1
0.5396239387819919 1
0.5401925588514692 1
0.5405303563611575 1
0.5405691932443627 1
0.5408137653806346 1
0.5417053601354554 1
0.5418354437795413 1
0.5424839269767496 1
0.5430205922749226 1
0.5436577174250123 1
0.5436852211512012 1
0.5442938181747717 1
0.5452397947514305 1
0.5457856228653387 1
0.5462899018419669 1
0.5473774349915684 1
0.5477933583222151 1
0.5486319541708177 1
0.5496658427983546 1
0.5507757002186898 1
0.5531514699007836 1
0.5537561647796629 1
0.5540337164631927 1
0.554118196470334 1
0.5554396329856877 1
0.5560119682534959 1
0.5570579150153786 1
0.5593071033920975 1
0.5596873130032226 1
0.5620859562326975 1
0.5623353387879771 1
0.5631255300490173 1
0.5632890338700939 1
0.563375141027567 1
0.5635232754553166 1
0.5648810108360127 1
0.5652083105089755 1
0.5666570276288244 1
0.5668178855419914 1
0.5676647860704783 1
0.5684227719671321 1
0.5684917494757966 1
0.5731132726598472 1
0.5770814226949349 1
0.5866088237235946 1
0.5873194752957845 1
0.5947836014125815 1
