3 37
2 37
3 54
1 42
1 33
0 43
1 43
2 41
1 46
1 38
3 34
3 48
0 41
0 46
1 34
2 36
1 41
0 55
1 49
2 40
3 42
2 47
3 43
3 37
2 56
0 44
3 39
1 53
1 47
3 42
0 40
0 54
1 37
2 49
0 55
0 41
0 36
0 37
2 43
0 34
2 36
2 42
0 32
3 51
0 32
0 32
2 42
0 45
3 36
1 45
0 45
0 39
3 34
1 50
2 55
1 32
3 50
3 42
1 54
0 43
2 28
1 37
1 41
0 45
2 49
1 49
1 37
3 39
1 37
2 37
2 43
2 26
1 46
1 38
3 48
3 46
3 50
2 52
1 50
1 37
2 38
2 49
3 34
0 40
1 44
0 34
2 48
1 30
0 31
1 43
3 37
0 41
0 34
1 28
0 35
0 38
3 40
2 38
0 38
2 43
0 36
3 48
0 50
0 49
0 49
2 35
1 41
3 45
0 59
3 35
3 48
1 46
3 44
1 40
2 32
2 31
2 38
3 50
2 43
1 46
2 36
1 29
3 54
3 51
1 37
0 35
3 38
0 43
2 44
3 24
2 34
2 37
1 34
0 36
3 45
0 45
1 50
2 35
3 31
0 43
0 41
1 55
1 42
3 33
2 40
1 46
2 47
0 39
2 38
1 44
1 48
3 50
3 40
3 38
0 39
2 56
3 46
0 51
1 36
3 55
1 47
2 49
0 48
2 48
2 49
3 45
3 44
1 39
0 41
1 49
0 38
3 46
1 46
3 41
1 37
0 33
1 56
0 44
3 57
3 42
0 46
0 51
1 39
2 46
1 60
0 46
2 49
3 32
1 42
2 44
0 41
3 36
0 50
1 47
2 40
1 57
3 43
3 38
2 62
2 46
