0.47365612520214534 1
0.4854585543288926 1
0.48666424110572726 1
0.4919635128557212 1
0.4920596008631798 1
0.4989235001378222 1
0.4990782463787777 1
0.5015063260986004 1
0.501617970280775 1
0.5017651992190205 1
0.5025808665864376 1
0.5029940698994929 1
0.503478652081676 1
0.5035544793926977 1
0.5040215944990178 1
0.5056137839172651 1
0.5061211984606705 1
0.5066309396863092 1
0.5076925618933192 1
0.5077439966437097 1
0.5084346100331003 1
0.5088321737376201 1
0.508932179941156 1
0.5092610287311983 1
0.5094556660107992 1
0.5094903157975027 1
0.511042631835508 1
0.5117109462356424 1
0.5117628275647107 1
0.5117666732573605 1
0.5121124979985884 1
0.512313021014807 1
0.5130905225878031 1
0.5131869547628142 1
0.5132499952586875 1
0.5135858387979636 1
0.5147212699405072 1
0.5148858887566236 1
0.5155393002006625 1
0.515675792254206 1
0.51587065515822 1
0.515949122701469 1
0.5161750182402906 1
0.516232485330989 1
0.5166984318480307 1
0.5173274273827239 1
0.5183982795584161 1
0.5188917628712579 1
0.5192717757702132 1
0.5195218547810541 1
0.5195341795765992 1
0.5205439305404503 1
0.5209631119457461 1
0.5215264821142336 1
0.521595413877139 1
0.5222147196154541 1
0.522216395976119 1
0.5224817726083794 1
0.5229153599528273 1
0.5242186136026944 1
0.5250098290987153 1
0.525360433772756 1
0.5254106385125193 1
0.5256731332274239 1
0.5258855276330394 1
0.525966223298107 1
0.5260658745067281 1
0.526110629572903 1
0.5263657896444683 1
0.5268398868298231 1
0.5282048302882459 1
0.5283674548177776 1
0.5285957586011092 1
0.5287253502190964 1
0.5295917608249345 1
0.5300541897102555 1
0.5301951183075471 1
0.530802737649005 1
0.5309718267161986 1
0.5314525825997979 1
0.5319096089650308 1
0.5321747907856964 1
0.5321899215810141 1
0.5325621489174551 1
0.5327179453616152 1
0.5328113464234722 1
0.5332730485295092 1
0.5333824230920705 1
0.5335599281677407 1
0.5341893827187364 1
0.5344015818001107 1
0.5346457740147978 1
0.5348372797686554 1
0.5371173848972035 1
0.537343468427347 1
0.5377259101278399 1
0.5381930433244313 1
0.5381969286290158 1
0.5383076947370543 1
0.5392633650035492 1
0.5395056599655921 1
0.540519968065242 1
0.5406408823721233 1
0.5410363215414902 1
0.5417980196464351 1
0.5418770660313228 1
0.54188825851216 1
0.5419997797392194 1
0.5423794565929567 1
0.5429036541637182 1
0.5429527688913751 1
0.543486398916774 1
0.5439068047394161 1
0.5441596933389521 1
0.5444746488812486 1
0.5450249430435803 1
0.5454128428577709 1
0.545500061644811 1
0.5473800865286284 1
0.5475917184977067 1
0.549345307946831 1
0.5498160449338992 1
0.5500547623127379 1
0.5508769916900238 1
0.5510742693497567 1
0.551155922272925 1
0.5517377219722606 1
0.5519224090234984 1
0.5519389410685632 1
0.5526825950931692 1
0.5536746206778129 1
0.5540553990313558 1
0.5542490718306087 1
0.5543069271330382 1
0.554343997101525 1
0.5545819949014256 1
0.5546368764195511 1
0.5549387251007092 1
0.5550789656827112 1
0.5551204675790827 1
0.5560340357927549 1
0.5570456937249636 1
0.557072297136718 1
0.5579351218957488 1
0.55841869017838 1
0.5585445033180431 1
0.5592715318010244 1
0.5595701771404495 1
0.5599371003539529 1
0.5605559532322623 1
0.560893834321483 1
0.5610293532069979 1
0.5617812341534726 1
0.5619792575785633 1
0.5623724991312803 1
0.5626913539355527 1
0.5634266176012271 1
0.5638689441665612 1
0.564344717054979 1
0.5648140289507402 1
0.5649429284876029 1
0.5649653169841643 1
0.5656028783250837 1
0.5658672207286579 1
0.5659028469549273 1
0.5659172309256189 1
0.5664735371033746 1
0.5667538066958763 1
0.5676535976612103 1
0.5681983758131022 1
0.5683595394846886 1
0.5684236843337299 1
0.5692062785420844 1
0.5705028039862734 1
0.5706356619896747 1
0.5708049373202203 1
0.570885948656216 1
0.5709349753022884 1
0.5711875314445286 1
0.5714405882854776 1
0.5719794969502482 1
0.5721173236505607 1
0.5739936982510249 1
0.5796997671246524 1
0.5807092200738334 1
0.581222223468816 1
0.5840377756129842 1
0.5844492319727056 1
0.5862752304255767 1
0.5879299315785087 1
0.5909167357449415 1
0.5911292962738659 1
0.5939914516976476 1
0.5954445706752131 1
0.5954865682364513 1
0.598509278540567 1
0.6014651669341204 1
0.6031186693943205 1
0.6033016500175848 1
0.6036387558472903 1
