
 0.584
 0.521
 0.572
 0.513
 0.565
 0.542
 0.571
 0.561
 0.555
 0.526
 0.534
 0.516
 0.526
 0.543
 0.551
 0.538
 0.554
 0.566
 0.544
 0.537
 0.561
 0.603
 0.571
 0.591
 0.525
 0.552
 0.555
 0.541
 0.526
 0.548
 0.588
 0.562
 0.509
 0.533
 0.522
 0.557
 0.523
 0.564
 0.571
 0.507
 0.509
 0.532
 0.531
 0.539
 0.517
 0.546
 0.503
 0.571
 0.569
 0.572
 0.547
 0.565
 0.522
 0.508
 0.532
 0.502
 0.571
 0.553
 0.562
 0.516
 0.508
 0.513
 0.533
 0.503
 0.564
 0.503
 0.550
 0.522
 0.509
 0.533
 0.568
 0.601
 0.526
 0.474
 0.568
 0.514
 0.492
 0.604
 0.516
 0.542
 0.554
 0.542
 0.499
 0.574
 0.599
 0.580
 0.540
 0.524
 0.512
 0.566
 0.555
 0.537
 0.487
 0.595
 0.566
 0.568
 0.519
 0.522
 0.541
 0.508
 0.566
 0.518
 0.535
 0.504
 0.521
 0.502
 0.531
 0.512
 0.512
 0.558
 0.594
 0.545
 0.562
 0.525
 0.485
 0.513
 0.544
 0.554
 0.560
 0.530
 0.530
 0.502
 0.535
 0.529
 0.551
 0.532
 0.581
 0.552
 0.517
 0.581
 0.556
 0.509
 0.555
 0.515
 0.571
 0.555
 0.533
 0.542
 0.538
 0.558
 0.542
 0.516
 0.533
 0.563
 0.516
 0.516
 0.567
 0.512
 0.519
 0.531
 0.554
 0.529
 0.520
 0.527
 0.499
 0.565
 0.603
 0.522
 0.526
 0.591
 0.571
 0.552
 0.526
 0.566
 0.534
 0.506
 0.530
 0.595
 0.559
 0.557
 0.512
 0.538
 0.528
 0.504
 0.544
 0.559
 0.534
 0.543
 0.506
 0.520
 0.550
 0.549
 0.541
 0.554
 0.538
 0.511
 0.551
 0.586
 0.584
 0.563
 0.509
 0.545
 0.568
 0.528
 0.561
 0.492
 0.543
 0.560
 0.525
 0.515

