0.45350101252469033 1
0.4595677467788038 1
0.4927424528450914 1
0.529690119840089 1
0.546501496712119 1
0.5768551632935789 1
0.5976143637148724 1
0.613091540325204 1
0.6229563809235494 1
0.6363851398124054 1
0.6521085891457286 1
0.6605478702115923 1
0.663866699989227 1
0.664728214046936 1
0.6661190016180953 1
0.6666802257250146 1
0.6671773354284978 1
0.6693089051510557 1
0.6711673701481169 1
0.6727976360800942 1
0.6743314214345506 1
0.6747123270520508 1
0.6773372463521398 1
0.6776059002536329 1
0.6779403342284696 1
0.6790936092114837 1
0.679487424560474 1
0.6797623020368745 1
0.680466143286826 1
0.6805012364909214 1
0.6815470523966007 1
0.6821671183050805 1
0.6822845938325094 1
0.6828049157650694 1
0.6830474532247961 1
0.6836090332386066 1
0.6840609571452604 1
0.68410787022858 1
0.6841555911301167 1
0.6858260734537832 1
0.686058799813828 1
0.6878116028562075 1
0.6883099835124873 1
0.6889402130324478 1
0.6897055282465502 1
0.6901710970740238 1
0.6903305670919775 1
0.6904041130312746 1
0.693113273681018 1
0.6946434979039221 1
