
 0.067
 0.109
 0.145
 0.174
 0.211
 0.249
 0.279
 0.304
 0.330
 0.363
 0.378
 0.404
 0.431
 0.448
 0.464
 0.478
 0.482
 0.502
 0.508
 0.514
 0.525
 0.533
 0.537
 0.545
 0.548
 0.558
 0.557
 0.560
 0.572
 0.568
 0.573
 0.579
 0.582
 0.591
 0.590
 0.589
 0.589
 0.589
 0.595
 0.598
 0.599
 0.608
 0.602
 0.612
 0.605
 0.615
 0.605
 0.613
 0.617
 0.613
 0.618
 0.611
 0.610
 0.615
 0.621
 0.615
 0.625
 0.622
 0.630
 0.628
 0.630
 0.623
 0.628
 0.629
 0.628
 0.630
 0.635
 0.637
 0.632
 0.630
 0.635
 0.637
 0.641
 0.646
 0.637
 0.635
 0.640
 0.644
 0.636
 0.640
 0.642
 0.641
 0.639
 0.649
 0.637
 0.641
 0.652
 0.638
 0.646
 0.640
 0.636
 0.650
 0.638
 0.648
 0.650
 0.648
 0.648
 0.653
 0.647
 0.652
 0.655
 0.655
 0.659
 0.658
 0.660
 0.654
 0.658
 0.661
 0.655
 0.660
 0.659
 0.666
 0.659
 0.672
 0.659
 0.661
 0.658
 0.664
 0.658
 0.658
 0.663
 0.662
 0.657
 0.670
 0.660
 0.663
 0.668
 0.666
 0.663
 0.668
 0.667
 0.665
 0.664
 0.664
 0.668
 0.673
 0.682
 0.674
 0.668
 0.676
 0.678
 0.675
 0.678
 0.666
 0.679
 0.667
 0.677
 0.669
 0.676
 0.676
 0.682
 0.676
 0.675
 0.683
 0.672
 0.684
 0.675
 0.681
 0.684
 0.676
 0.678
 0.680
 0.681
 0.681
 0.681
 0.685
 0.683
 0.692
 0.688
 0.688
 0.684
 0.687
 0.685
 0.689
 0.694
 0.688
 0.683
 0.688
 0.683
 0.686
 0.689
 0.688
 0.685
 0.685
 0.687
 0.692
 0.690
 0.682
 0.696
 0.689
 0.690
 0.688
 0.688
 0.699
 0.698
 0.691
 0.701
 0.700
 0.710
 0.702
 0.697
 0.696
 0.701
 0.701
 0.698
 0.702
 0.701
 0.697
 0.701
 0.703
 0.697
 0.693
 0.702
 0.704
 0.703
 0.702
 0.709
 0.714
 0.699
 0.704
 0.709
 0.704
 0.706
 0.712
 0.711
 0.707
 0.709
 0.710
 0.702
 0.709
 0.708
 0.707
 0.711
 0.710
 0.711
 0.705
 0.707
 0.711
 0.703
 0.710
 0.711
 0.714
 0.714
 0.709
 0.715
 0.697
 0.707
 0.712
 0.717
 0.726
 0.703
 0.706
 0.709
 0.714
 0.712
 0.713
 0.714
 0.720
 0.714
 0.719
 0.711
 0.724
 0.713
 0.717
 0.707
 0.716
 0.711
 0.713
 0.715
 0.717
 0.719
 0.715
 0.716
 0.720
 0.717
 0.723
 0.730
 0.723
 0.721
 0.716
 0.721
 0.723
 0.722
 0.717
 0.719
 0.721
 0.721
 0.722
 0.727
 0.722
 0.731
 0.731
 0.731
 0.728
 0.725
 0.717
 0.726
 0.723
 0.724
 0.734
 0.733
 0.735
 0.725
 0.725
 0.723
 0.729
 0.737
 0.736
 0.729
 0.727
 0.729
 0.735
 0.728
 0.734
 0.736
 0.741
 0.739
 0.729
 0.732
 0.735
 0.729
 0.736
 0.728
 0.731
 0.738
 0.741
 0.730
 0.736
 0.734
 0.735
 0.727
 0.738
 0.728
 0.738
 0.738
 0.738
 0.731
 0.728
 0.737
 0.742
 0.741
 0.741
 0.741
 0.742
 0.737
 0.747
 0.738
 0.746
 0.751
 0.741
 0.746
 0.745
 0.747
 0.749
 0.748
 0.746
 0.743
 0.739
 0.744
 0.754
 0.740
 0.747
 0.749
 0.746
 0.746
 0.739
 0.751
 0.749
 0.747
 0.742
 0.748
 0.748
 0.750
 0.752
 0.750
 0.753
 0.742
 0.741
 0.746
 0.748
 0.742
 0.740
 0.748
 0.751
 0.748
 0.754
 0.753
 0.756
 0.747
 0.758
 0.751
 0.755
 0.743
 0.753
 0.752
 0.748
 0.749
 0.750
 0.755
 0.749
 0.752
 0.751
 0.753
 0.757
 0.753
 0.746
 0.750
 0.752
 0.752
 0.758
 0.753
 0.754
 0.746
 0.751
 0.759
 0.747
 0.752
 0.755
 0.761
 0.756
 0.755
 0.754
 0.754
 0.762
 0.757
 0.751
 0.753
 0.752
 0.753
 0.763
 0.754
 0.759
 0.762
 0.765
 0.758
 0.757
 0.756
 0.750
 0.761
 0.762
 0.760
 0.753
 0.758
 0.758
 0.762
 0.752
 0.755
 0.759
 0.755
 0.761
 0.757
 0.756
 0.755
 0.760
 0.756
 0.758
 0.757
 0.761
 0.755
 0.769
 0.755
 0.769
 0.755
 0.756
 0.759
 0.766
 0.770
 0.763
 0.756
 0.760
 0.759
 0.771
 0.762
 0.764
 0.765
 0.766
 0.765
 0.765
 0.760
 0.756
 0.756
 0.763
 0.767
 0.756
 0.766
 0.764
 0.762
 0.758
 0.755
 0.763
 0.766
 0.760
 0.762
 0.757
 0.766
 0.762
 0.764
 0.766
 0.770
 0.753
 0.772
 0.758
 0.768
 0.773
 0.756
 0.764
 0.760
 0.770
 0.767
 0.764
 0.766
 0.768
 0.768
 0.761
 0.766
 0.761
 0.776
 0.762
 0.773
 0.768
 0.761
 0.776
 0.767
 0.761
 0.771
 0.764
 0.768
 0.769
 0.769
 0.774
 0.754
 0.765
 0.773
 0.764
 0.768
 0.773
 0.766
 0.758
 0.769
 0.766
 0.767
 0.769
 0.772
 0.767
 0.764
 0.773
 0.770
 0.767
 0.771
 0.769
 0.766
 0.769
 0.777
 0.773
 0.770
 0.772
 0.761
 0.773
 0.772
 0.766
 0.774
 0.775
 0.772
 0.775
 0.767
 0.772
 0.769
 0.770
 0.767
 0.776
 0.775
 0.777
 0.775
 0.767
 0.779
 0.771
 0.765
 0.768
 0.770
 0.772
 0.775
 0.772
 0.770
 0.769
 0.776
 0.774
 0.775
 0.775
 0.773
 0.765
 0.770
 0.770
 0.766
 0.774
 0.767
 0.778
 0.774
 0.786
 0.774
 0.773
 0.774
 0.773
 0.779
 0.775
 0.778
 0.775
 0.769
 0.772
 0.772
 0.772
 0.782
 0.773
 0.776
 0.772
 0.780
 0.773
 0.776
 0.774
 0.763
 0.775
 0.775
 0.780
 0.775
 0.782
 0.777
 0.777
 0.772
 0.777
 0.775
 0.776
 0.773
 0.776
 0.767
 0.775
 0.781
 0.783
 0.778
 0.766
 0.782
 0.776
 0.777
 0.776
 0.777
 0.781
 0.784
 0.782
 0.775
 0.776
 0.788
 0.780
 0.780
 0.777
 0.768
 0.775
 0.787
 0.781
 0.778
 0.769
 0.788
 0.788
 0.787
 0.773
 0.781
 0.785
 0.787
 0.783
 0.777
 0.784
 0.781
 0.783
 0.776
 0.778
 0.778
 0.782
 0.787
 0.782
 0.781
 0.775
 0.782
 0.780
 0.780
 0.783
 0.788
 0.783
 0.786
 0.781
 0.786
 0.787
 0.784
 0.789
 0.788
 0.788
 0.787
 0.785
 0.780
 0.776
 0.782
 0.792
 0.788
 0.776
 0.788
 0.783
 0.783
 0.784
 0.780
 0.788
 0.788
 0.785
 0.791
 0.792
 0.786
 0.787
 0.788
 0.788
 0.785
 0.787
 0.790
 0.787
 0.797
 0.789
 0.789
 0.787
 0.778
 0.789
 0.781
 0.794
 0.785
 0.789
 0.783
 0.794
 0.781
 0.793
 0.788
 0.790
 0.790
 0.788
 0.791
 0.784
 0.784
 0.781
 0.796
 0.790
 0.793
 0.788
 0.790
 0.784
 0.790
 0.793
 0.787
 0.788
 0.794
 0.790
 0.795
 0.791
 0.792
 0.793
 0.788
 0.784
 0.791
 0.784
 0.793
 0.790
 0.789
 0.792
 0.794
 0.794
 0.788
 0.800
 0.788
 0.798
 0.797
 0.798
 0.790
 0.799
 0.799
 0.789
 0.792
 0.788
 0.793
 0.795
 0.788
 0.796
 0.791
 0.798
 0.791
 0.803
 0.792
 0.790
 0.796
 0.809
 0.796
 0.793
 0.796
 0.807
 0.800
 0.803
 0.796
 0.791
 0.799
 0.795
 0.799
 0.802
 0.797
 0.796
 0.793
 0.802
 0.805
 0.802
 0.797
 0.802
 0.797
 0.790
 0.792
 0.794
 0.797
 0.800
 0.800
 0.805
 0.795
 0.801
 0.799
 0.799
 0.801
 0.803
 0.806
 0.805
 0.799
 0.798
 0.800
 0.794
 0.797
 0.801
 0.797
 0.808
 0.796
 0.800
 0.801
 0.805
 0.806
 0.791
 0.801
 0.802
 0.798
 0.803
 0.805
 0.806
 0.801
 0.802
 0.797
 0.803
 0.808
 0.797
 0.803
 0.805
 0.811
 0.803
 0.794
 0.812
 0.803
 0.807
 0.808
 0.800
 0.804
 0.800
 0.808
 0.803
 0.811
 0.799
 0.812
 0.806
 0.800
 0.805
 0.804
 0.805
 0.808
 0.816
 0.802
 0.802
 0.806
 0.803
 0.799
 0.806
 0.811
 0.797
 0.809
 0.804
 0.803
 0.807
 0.806
 0.810
 0.800
 0.797
 0.804
 0.803
 0.804
 0.806
 0.808
 0.802
 0.810
 0.802
 0.807
 0.810
 0.810
 0.809
 0.808
 0.803
 0.812
 0.804
 0.801
 0.797
 0.804
 0.808
 0.809
 0.808
 0.810
 0.815
 0.806
 0.805
 0.800
 0.812
 0.802
 0.805
 0.799
 0.812
 0.804
 0.803
 0.806
 0.800
 0.815
 0.809
 0.801
 0.810
 0.813
 0.798
 0.807
 0.797
 0.810
 0.803
 0.801
 0.800
 0.801
 0.811
 0.798
 0.806
 0.809
 0.809
 0.812
 0.812
 0.810
 0.808
 0.804
 0.804
 0.814
 0.808
 0.812
 0.810
 0.805
 0.813
 0.802
 0.807
 0.808
 0.801
 0.812
 0.804
 0.811
 0.803
 0.809
 0.812
 0.807
 0.811
 0.819
 0.816
 0.804
 0.810
 0.804
 0.814
 0.810
 0.808
 0.805
 0.816
 0.802
 0.812
 0.812
 0.808
 0.813
 0.814
 0.808
 0.815
 0.815
 0.807
 0.811
 0.803
 0.810
 0.819
 0.806
 0.812
 0.816
 0.811
 0.805
 0.818

