0.42202217750706217 1
0.4267887883559399 1
0.43008731983920817 1
0.4366458266768676 1
0.4389724739421617 1
0.4399227121960952 1
0.4445046070842614 1
0.4457117451723505 1
0.446552435935823 1
0.44959155219778874 1
0.45250737868182367 1
0.4528324273555734 1
0.45403961024705475 1
0.45485775663826195 1
0.45509870932064594 1
0.45512471186155395 1
0.45648922924721075 1
0.4575142316828043 1
0.4588530706308254 1
0.4600336698582494 1
0.46154417620102633 1
0.46173622920917823 1
0.46179201799861547 1
0.4619501514370439 1
0.4640191585058534 1
0.46404430111311307 1
0.46531301359305494 1
0.46697719326116327 1
0.4673549734228135 1
0.4685236937580196 1
0.4688939586794273 1
0.468906236985269 1
0.46983386590363374 1
0.4702954138530858 1
0.470598802762665 1
0.4723326261114499 1
0.47335874155131985 1
0.47367396855570687 1
0.47524746240313726 1
0.47582632371038663 1
0.4777356676072229 1
0.47814285547632723 1
0.4781998683102029 1
0.4782834757913503 1
0.4806230364070877 1
0.48146802487886725 1
0.48157705439254217 1
0.4822955030973609 1
0.48243004792076966 1
0.4824524817641531 1
0.48247677699874375 1
0.48278520493077276 1
0.482919391149617 1
0.48321506313314416 1
0.4835721095512536 1
0.4838763272663384 1
0.48415245038955296 1
0.48438507041660195 1
0.4844133139454812 1
0.48460559570968603 1
0.4846753664109889 1
0.4853644312043258 1
0.48597783070844913 1
0.4862160641732395 1
0.48663794176474334 1
0.4869300210036597 1
0.48725233548934166 1
0.4880077867505917 1
0.4882296321782826 1
0.48828670112038247 1
0.48863802246004956 1
0.488818212900823 1
0.4894194852096906 1
0.48988599695325824 1
0.48989597246623534 1
0.49064365014910644 1
0.49067833233388564 1
0.4906790522666293 1
0.49100476455434816 1
0.4915601673254162 1
0.4916518122491771 1
0.4917924614250896 1
0.49214813876617514 1
0.49252451725946433 1
0.4926117419392538 1
0.49315121605580425 1
0.4932809830037025 1
0.4939344380442305 1
0.494214243273833 1
0.4949905560723393 1
0.49539230029728815 1
0.49648241773842566 1
0.4969355999907692 1
0.4971781382864085 1
0.4973735242019186 1
0.49748049748033857 1
0.49789495745584306 1
0.4981347252714052 1
0.4982502366740222 1
0.4983356410428541 1
0.49840102612721615 1
0.4984074793486423 1
0.499408856242053 1
0.4997390435534828 1
0.4997655214972251 1
0.49981224817773745 1
0.4998928349924989 1
0.4999437576623378 1
0.5001632700458799 1
0.500522410394032 1
0.500657077811703 1
0.500938628637362 1
0.5014153704939301 1
0.5015280925939818 1
0.5017492190078642 1
0.5021702236325353 1
0.5022150195252827 1
0.502748185551894 1
0.5027981067734609 1
0.503006592665351 1
0.5050505757282673 1
0.5050970028538666 1
0.5055895791626994 1
0.5066228458988988 1
0.5066311519138721 1
0.5069425780249232 1
0.5070160085657076 1
0.5083776886372777 1
0.5086141938027361 1
0.5094662769685318 1
0.5094906698753267 1
0.5111430328263108 1
0.5115648779525326 1
0.5116749922038957 1
0.5118908161205282 1
0.5122998856521215 1
0.5128386087004378 1
0.5130008880493718 1
0.5132559251126134 1
0.5136173638510995 1
0.513803287355658 1
0.5146164729596076 1
0.5150656591984147 1
0.5153836794916187 1
0.5157322990428859 1
0.5162061374872762 1
0.5163495780371402 1
0.5167277153940404 1
0.5168853317916823 1
0.5177649133085575 1
0.5187447738813485 1
0.5200147890604707 1
0.5203108316517465 1
0.5204061900083174 1
0.5212393853893839 1
0.5224290885673948 1
0.5228489056225577 1
0.5231708283413627 1
0.5236283846775011 1
0.5240602749863271 1
0.5247571190775114 1
0.5255643036075969 1
0.5271572516960632 1
0.5272626662099813 1
0.527320008019809 1
0.5281156797327782 1
0.5284528868698188 1
0.5290556879357831 1
0.530669187462607 1
0.5308387438693956 1
0.5313584718851161 1
0.5329519019466933 1
0.533205841490474 1
0.5338220113481684 1
0.5344781246595601 1
0.5361448879161119 1
0.5362191250338438 1
0.5367222140659931 1
0.5367588010187767 1
0.5373921109821341 1
0.5376463675829881 1
0.5381648345348776 1
0.5384318335609826 1
0.5423436685553004 1
0.5424575081026993 1
0.5429640777799242 1
0.5438969956626915 1
0.5456662231554379 1
0.5460969647962339 1
0.5474506699353237 1
0.5478517706915177 1
0.5490033014631522 1
0.5507524175781517 1
0.5509286368985539 1
0.5543694558126168 1
0.5549055929926519 1
0.5583158566434934 1
0.5644467136373897 1
0.5690005836560096 1
0.5844099257359624 1
