
 0.462
 0.516
 0.484
 0.499
 0.536
 0.493
 0.527
 0.500
 0.528
 0.465
 0.555
 0.484
 0.470
 0.531
 0.498
 0.520
 0.527
 0.488
 0.487
 0.500
 0.487
 0.524
 0.464
 0.491
 0.459
 0.542
 0.462
 0.512
 0.523
 0.497
 0.533
 0.503
 0.494
 0.498
 0.526
 0.473
 0.484
 0.537
 0.515
 0.453
 0.478
 0.492
 0.490
 0.483
 0.502
 0.493
 0.505
 0.501
 0.512
 0.491
 0.507
 0.492
 0.537
 0.538
 0.489
 0.558
 0.544
 0.483
 0.495
 0.447
 0.492
 0.501
 0.512
 0.498
 0.529
 0.453
 0.498
 0.524
 0.502
 0.474
 0.515
 0.508
 0.517
 0.525
 0.513
 0.494
 0.554
 0.528
 0.455
 0.464
 0.506
 0.481
 0.484
 0.516
 0.511
 0.437
 0.450
 0.497
 0.505
 0.491
 0.537
 0.500
 0.489
 0.471
 0.551
 0.551
 0.430
 0.549
 0.546
 0.492
 0.493
 0.469
 0.513
 0.455
 0.527
 0.516
 0.483
 0.512
 0.500
 0.484
 0.482
 0.486
 0.482
 0.497
 0.584
 0.517
 0.509
 0.520
 0.491
 0.458
 0.455
 0.460
 0.534
 0.439
 0.502
 0.482
 0.495
 0.522
 0.503
 0.500
 0.509
 0.486
 0.503
 0.498
 0.509
 0.498
 0.501
 0.482
 0.469
 0.485
 0.489
 0.478
 0.485
 0.472
 0.497
 0.501
 0.564
 0.488
 0.478
 0.440
 0.493
 0.507
 0.518
 0.538
 0.507
 0.536
 0.462
 0.478
 0.445
 0.531
 0.490
 0.513
 0.496
 0.569
 0.422
 0.514
 0.476
 0.475
 0.481
 0.542
 0.467
 0.488
 0.467
 0.533
 0.519
 0.500
 0.521
 0.427
 0.470
 0.546
 0.523
 0.543
 0.520
 0.462
 0.454
 0.502
 0.514
 0.469
 0.482
 0.485
 0.487
 0.547
 0.538
 0.456
 0.507
 0.548
 0.531
 0.446
 0.534
 0.515

