0 33
0 42
1 50
0 48
1 56
0 44
1 46
0 30
0 45
0 32
1 44
1 49
0 36
0 42
0 28
0 38
0 48
0 41
1 34
1 35
0 42
1 48
0 39
1 45
1 49
0 43
1 51
1 47
0 38
0 44
0 36
0 41
0 49
1 52
1 41
0 48
1 43
1 36
0 43
0 32
1 34
1 51
1 46
0 50
1 35
1 30
0 43
1 30
0 45
0 29
0 36
1 43
0 45
1 47
1 42
1 38
0 33
0 45
1 49
1 27
0 48
1 44
1 39
1 50
1 34
1 48
1 34
1 47
1 43
0 40
1 46
1 41
1 43
1 47
1 39
0 40
1 37
0 46
1 44
1 38
1 47
1 47
1 40
0 32
0 53
1 39
1 48
1 38
1 39
0 50
1 47
1 34
1 44
0 55
0 38
1 41
1 50
1 46
1 48
1 45
1 41
0 48
0 41
1 37
0 47
1 48
1 40
1 41
0 35
0 40
1 47
0 32
0 37
1 35
0 43
1 33
1 35
1 36
0 45
1 36
1 44
1 32
0 31
1 43
1 47
1 43
0 45
0 42
0 41
0 35
1 30
0 33
0 41
1 42
0 52
0 44
1 42
0 33
0 41
0 28
0 46
1 50
0 35
1 38
0 39
1 50
0 43
1 38
1 38
0 43
1 47
0 35
1 48
0 50
0 43
0 34
0 40
1 52
0 37
1 50
0 43
1 38
1 43
1 40
0 43
0 42
0 42
0 34
0 30
1 49
1 39
1 34
0 35
1 39
1 44
1 24
1 40
1 42
0 44
0 48
1 43
0 47
1 35
0 42
0 46
0 32
0 42
0 44
1 40
1 41
0 35
0 30
1 42
1 43
1 50
0 35
1 41
1 41
1 42
1 34
