
 0.020
 5.980
 0.000
 8.000
 0.000
 4.040
 0.010
 8.000
 6.000
 0.020
 0.010
 1.990
 0.000
 0.010
 5.970
 5.970
 0.030
 0.000
 5.980
 1.970
 1.970
 0.060
 2.010
 0.000
 0.020
 2.000
 0.030
 3.940
 0.000
 5.970
 5.970
 0.010
 0.010
 2.000
 4.010
 0.000
 2.010
 0.010
 0.000
 0.030
 3.960
 8.010
 0.000
 2.000
 0.010
 0.010
 2.000
 3.970
 2.000
 0.020
 0.000
 0.020
 2.000
 5.980
 0.030
 0.000
 0.000
 2.000
 8.000
 1.970
 0.030
 4.010
 0.010
 0.000
 4.000
 0.000
 4.010
 0.010
 0.010
 5.980
 2.000
 1.970
 3.970
 2.010
 0.000
 2.000
 2.000
 2.000
 3.970
 0.010
 0.040
 1.980
 0.010
 0.000
 3.990
 0.000
 3.980
 1.980
 0.010
 0.000
 5.940
 7.970
 0.030
 0.000
 0.000
 0.010
 6.010
 2.020
 0.000
 2.010

