
 0.459
 0.610
 0.614
 0.636
 0.637
 0.637
 0.637
 0.637
 0.637
 0.637
 0.637
 0.637
 0.637
 0.637
 0.637
 0.637
 0.637
 0.637
 0.637
 0.637
 0.637
 0.637
 0.637
 0.637
 0.637
 0.637
 0.637
 0.637
 0.637
 0.637
 0.637
 0.637
 0.637
 0.637
 0.637
 0.637
 0.637
 0.637
 0.637
 0.637
 0.637
 0.637
 0.637
 0.637
 0.637
 0.637
 0.637
 0.637
 0.637
 0.637
 0.637
 0.637
 0.637
 0.637
 0.637
 0.637
 0.637
 0.637
 0.637
 0.637
 0.637
 0.637
 0.637
 0.637
 0.637
 0.637
 0.637
 0.637
 0.637
 0.637
 0.637
 0.637
 0.637
 0.637
 0.637
 0.637
 0.637
 0.637
 0.637
 0.637
 0.637
 0.637
 0.637
 0.637
 0.637
 0.637
 0.637
 0.637
 0.637
 0.637
 0.637
 0.637
 0.637
 0.637
 0.637
 0.637
 0.637
 0.637
 0.637
 0.637
 0.637
 0.637
 0.637
 0.637
 0.637
 0.637
 0.637
 0.637
 0.637
 0.637
 0.637
 0.637
 0.637
 0.637
 0.637
 0.637
 0.637
 0.637
 0.637
 0.637
 0.637
 0.637
 0.637
 0.637
 0.637
 0.637
 0.637
 0.637
 0.637
 0.637
 0.637
 0.637
 0.637
 0.637
 0.637
 0.637
 0.637
 0.637
 0.637
 0.637
 0.637
 0.637
 0.637
 0.637
 0.637
 0.637
 0.637
 0.637
 0.637
 0.637
 0.637
 0.637
 0.637
 0.637
 0.637
 0.637
 0.637
 0.637
 0.637
 0.637
 0.637
 0.637
 0.637
 0.637
 0.637
 0.637
 0.637
 0.637
 0.637
 0.637
 0.637
 0.637
 0.637
 0.637
 0.637
 0.637
 0.637
 0.637
 0.637
 0.637
 0.637
 0.637
 0.637
 0.637
 0.637
 0.637
 0.637
 0.637
 0.637
 0.637
 0.637
 0.637
 0.637
 0.637
 0.637
 0.637
 0.637
 0.637
 0.637
 0.637

