1 46
0 31
1 36
1 48
0 39
0 47
1 40
0 35
0 38
1 57
0 43
1 39
0 33
0 41
1 32
0 55
0 41
0 45
1 52
1 42
0 36
0 41
0 60
0 41
0 41
1 45
1 37
0 51
1 42
0 37
0 45
0 43
0 44
1 42
1 54
0 45
1 41
0 44
1 51
1 36
1 36
0 45
1 43
1 35
1 39
0 48
1 53
1 40
0 43
0 46
1 42
1 47
1 50
0 41
0 42
1 42
1 50
0 45
0 56
0 50
1 50
1 35
0 44
0 46
0 37
1 46
0 50
0 31
1 37
1 35
0 43
0 56
1 38
0 46
0 41
1 36
0 44
1 35
0 44
1 43
1 48
0 47
1 42
1 43
1 48
0 39
1 40
1 46
1 39
0 43
1 36
1 52
0 41
1 45
1 47
1 45
0 46
1 40
0 49
0 44
1 48
1 38
0 34
1 45
1 45
1 32
0 44
0 47
1 53
1 41
0 36
0 45
0 40
1 34
1 39
1 34
0 43
0 28
0 45
0 52
0 36
0 47
0 44
0 41
0 47
0 38
0 38
1 47
1 55
1 31
1 48
1 40
1 38
1 44
1 41
1 45
0 46
0 47
1 37
0 39
0 52
1 45
1 39
1 50
0 41
1 47
0 48
0 45
1 46
0 41
1 44
1 46
0 48
0 43
1 42
0 47
1 36
0 41
0 47
0 35
0 44
0 42
1 35
0 48
0 45
0 49
1 41
1 40
0 44
1 43
0 33
1 47
1 48
1 42
1 38
0 41
0 46
0 55
0 51
0 47
0 31
1 39
0 46
0 48
1 50
1 37
0 50
0 52
1 41
1 30
1 41
0 45
1 40
1 38
1 41
1 44
0 45
0 45
0 39
1 37
