0.43379114239945854 1
0.4348887503426706 1
0.44037460089666147 1
0.4426227515525774 1
0.4529700017802691 1
0.4550421832750049 1
0.4552767038576316 1
0.4555799708954944 1
0.4568063930588631 1
0.45697197077179147 1
0.45736600697927515 1
0.4577645175574272 1
0.4595898572542888 1
0.46091111517999545 1
0.46108087417003174 1
0.4623251846437884 1
0.46237111902628947 1
0.4630800055398759 1
0.4640338825650571 1
0.4652370857849384 1
0.4658066642860666 1
0.46659206854625196 1
0.46759779557269987 1
0.4679006107398695 1
0.46878060184861176 1
0.4705922127669663 1
0.47108050818339925 1
0.4715072316421364 1
0.4718689349574948 1
0.47223486134551573 1
0.47360147808732983 1
0.47364913358990895 1
0.47413618280273495 1
0.4747016461410976 1
0.47491901379428775 1
0.4755207267605806 1
0.47570531998476573 1
0.47629185302470106 1
0.4764490217243251 1
0.47715878675407764 1
0.47876187262113257 1
0.47931261279291865 1
0.4794403617416777 1
0.47953922340287486 1
0.4798946341277436 1
0.48042786186744807 1
0.4809288618486256 1
0.4811353789129036 1
0.48177639437373515 1
0.48215898108328337 1
0.4822702351999287 1
0.4826463983589415 1
0.4827763766681416 1
0.48302544561591654 1
0.4833541763268995 1
0.4839200017821919 1
0.48396078280070987 1
0.48408817005094307 1
0.48439980825167994 1
0.48484018527793543 1
0.4850362782321859 1
0.4851215680922675 1
0.4853975164077168 1
0.4855069489971354 1
0.4856958982731697 1
0.4861254167205623 1
0.4862944626289827 1
0.4864379143776623 1
0.48701910429445905 1
0.48758232683120467 1
0.4881694817410954 1
0.48906883060605727 1
0.48925593026655095 1
0.48942318971146387 1
0.48953438553622436 1
0.4896862702566326 1
0.4900012754068425 1
0.49033786012064473 1
0.49037681482462725 1
0.49109794998201073 1
0.49168589853935296 1
0.49187688977325034 1
0.49198641860849723 1
0.49199887481258564 1
0.49232816719907135 1
0.49265471561830004 1
0.49298145867308835 1
0.49336526039644374 1
0.4938426378179389 1
0.49392383127554523 1
0.49404016419125013 1
0.4940809738476424 1
0.49445365974258293 1
0.49477274245693126 1
0.4949796574748762 1
0.4956462306277404 1
0.49585499092721624 1
0.4960681869360149 1
0.49610797158009184 1
0.4962029347783767 1
0.4966222162222876 1
0.49664837085677843 1
0.49723598806447306 1
0.4977444692970618 1
0.4977848966958118 1
0.498745450613572 1
0.49896817015556894 1
0.4991591042748077 1
0.4995605498342091 1
0.49960463586911064 1
0.4996185989846783 1
0.4996927301703501 1
0.49990494265175656 1
0.49992882155731894 1
0.500197339150036 1
0.500214456177978 1
0.500326145956732 1
0.5015730521731159 1
0.5024290168827961 1
0.5026951377778536 1
0.5030389291094323 1
0.5030639400591691 1
0.5032209413920768 1
0.5032705686495305 1
0.503549925487239 1
0.5040412469915025 1
0.5041316175296529 1
0.5043563677695422 1
0.5044680768324363 1
0.5050682148335077 1
0.5054896231021186 1
0.5056085357307746 1
0.506599677444828 1
0.5074796702024974 1
0.5088887477531864 1
0.5092317687281782 1
0.5096097002489701 1
0.5096224190914128 1
0.510292669212001 1
0.5111331578361868 1
0.5115579455661177 1
0.5121488676362902 1
0.5122242543174118 1
0.5126873597982946 1
0.5130678262092829 1
0.5154738751231 1
0.5164462086190452 1
0.5166287859084708 1
0.5166927082033501 1
0.5167183361589273 1
0.5169850265405528 1
0.5183700166241882 1
0.5187915392073923 1
0.5203495061955398 1
0.5205527243114578 1
0.5208916627187464 1
0.5224360303810136 1
0.5227311750863202 1
0.5231489636637878 1
0.5236495169917702 1
0.5239139166124811 1
0.524916131594791 1
0.52590305718916 1
0.5282989888237433 1
0.528748880034191 1
0.529414312619941 1
0.5303385523296242 1
0.5306891847745628 1
0.5308254021121346 1
0.5308337925775287 1
0.5308722018672511 1
0.5308741461691637 1
0.5324705889720447 1
0.5324965299728242 1
0.533025053756589 1
0.5335908316556477 1
0.5349574277781661 1
0.5350073006100271 1
0.5357514002800436 1
0.5364145174619546 1
0.5396918967364503 1
0.5400291750574122 1
0.5400642244249046 1
0.5401493776190126 1
0.5403796503918691 1
0.5410468583426188 1
0.5411434636144296 1
0.5428099042885015 1
0.5434635520930445 1
0.5438172637895073 1
0.5446186367776715 1
0.5454105578689431 1
0.5471323616150832 1
0.5482921746374568 1
0.5521636273174383 1
0.5581864477425511 1
0.5637024614318001 1
0.5654426226067085 1
0.5788153056909588 1
0.5794908955703046 1
