
 0.457
 0.498
 0.483
 0.512
 0.492
 0.531
 0.483
 0.496
 0.500
 0.531
 0.540
 0.494
 0.541
 0.496
 0.458
 0.494
 0.472
 0.486
 0.500
 0.505
 0.504
 0.460
 0.500
 0.494
 0.532
 0.535
 0.513
 0.520
 0.517
 0.474
 0.506
 0.488
 0.479
 0.457
 0.531
 0.453
 0.536
 0.503
 0.511
 0.528
 0.540
 0.497
 0.510
 0.475
 0.504
 0.530
 0.531
 0.496
 0.505
 0.435
 0.482
 0.480
 0.468
 0.495
 0.479
 0.521
 0.503
 0.515
 0.524
 0.499
 0.522
 0.564
 0.548
 0.492
 0.485
 0.504
 0.523
 0.486
 0.541
 0.474
 0.467
 0.544
 0.457
 0.472
 0.484
 0.486
 0.484
 0.533
 0.500
 0.492
 0.472
 0.475
 0.579
 0.500
 0.485
 0.536
 0.526
 0.483
 0.499
 0.487
 0.464
 0.493
 0.540
 0.465
 0.476
 0.504
 0.495
 0.489
 0.489
 0.476
 0.497
 0.440
 0.443
 0.461
 0.500
 0.484
 0.490
 0.477
 0.482
 0.480
 0.500
 0.499
 0.545
 0.468
 0.492
 0.509
 0.502
 0.500
 0.471
 0.466
 0.517
 0.493
 0.485
 0.503
 0.517
 0.510
 0.503
 0.529
 0.517
 0.471
 0.486
 0.516
 0.434
 0.485
 0.479
 0.540
 0.512
 0.484
 0.543
 0.543
 0.456
 0.481
 0.513
 0.486
 0.507
 0.480
 0.494
 0.545
 0.529
 0.519
 0.462
 0.476
 0.494
 0.483
 0.488
 0.504
 0.535
 0.500
 0.489
 0.497
 0.490
 0.521
 0.496
 0.496
 0.518
 0.490
 0.523
 0.455
 0.579
 0.492
 0.507
 0.474
 0.512
 0.532
 0.531
 0.462
 0.552
 0.498
 0.490
 0.463
 0.461
 0.558
 0.481
 0.502
 0.476
 0.455
 0.469
 0.503
 0.491
 0.547
 0.482
 0.565
 0.525
 0.510
 0.509
 0.490
 0.524
 0.534
 0.493
 0.540

