0.37377109710812756 1
0.3819971734773246 1
0.3915720788829146 1
0.39521315837984133 1
0.39566912141490734 1
0.40005954903584834 1
0.40054214418246453 1
0.4014232873977226 1
0.401972007145948 1
0.40355882542580707 1
0.4036550834572059 1
0.40594443731327606 1
0.4098335868592526 1
0.41028790955625133 1
0.41077990349031746 1
0.41082363007991374 1
0.4112849785325949 1
0.4114779030364201 1
0.4125337005900225 1
0.4130763810861107 1
0.4162098753053566 1
0.4166937512999047 1
0.4167541233321892 1
0.41771507952588466 1
0.4188105786257571 1
0.4197566526303471 1
0.42025103700125904 1
0.4208499512846239 1
0.4212367358852693 1
0.4220431149463622 1
0.4238295285748842 1
0.42466176654175297 1
0.4253695383363215 1
0.42545808548915387 1
0.4257547169117321 1
0.4272267364244996 1
0.42805926847830345 1
0.4286300952563566 1
0.4286950257882372 1
0.42988520485021964 1
0.4301719575591479 1
0.4304523396516031 1
0.4312944444887765 1
0.4319821403700815 1
0.4322444607580847 1
0.43246164892098377 1
0.4325481043907937 1
0.4346998486172946 1
0.4348369675421314 1
0.4362787930586512 1
0.43681212951456205 1
0.4380979508581834 1
0.4383170882539983 1
0.43840724802894016 1
0.43870917156944517 1
0.4388087513088458 1
0.4398045619067444 1
0.44024457033613024 1
0.4405567911723377 1
0.4416163075815343 1
0.44162793899790054 1
0.4428423931524599 1
0.4431140950104313 1
0.44360755914617206 1
0.44425126840632706 1
0.44427338180525006 1
0.4447951621894946 1
0.4452182676240888 1
0.44554743590894497 1
0.44565152332498864 1
0.44602786910445597 1
0.4461261473040331 1
0.4464741178306767 1
0.4471689031388725 1
0.44730403981044015 1
0.44752486134320885 1
0.44832859811726783 1
0.44901334918578584 1
0.4490777124336814 1
0.4494244463963977 1
0.44979052790051616 1
0.4508014441842427 1
0.45085601777859347 1
0.4513506102008067 1
0.45153301921660377 1
0.45387925458271516 1
0.4541254616919347 1
0.45479423553289516 1
0.45498436582573476 1
0.455462550367326 1
0.45556308842666005 1
0.4556650753408068 1
0.4564102792604454 1
0.4568047466436431 1
0.4575346233983165 1
0.4575413645409091 1
0.4583884891063206 1
0.45840547971634843 1
0.45939069956911716 1
0.4597206399371224 1
0.459814354970215 1
0.46038079891712724 1
0.46101664447980445 1
0.46150944400249094 1
0.46194511212460687 1
0.46203991476224443 1
0.46235993472976156 1
0.463038602092285 1
0.4631691324359892 1
0.463569459858606 1
0.463696675120855 1
0.46372982110634625 1
0.4646151624658909 1
0.4650930050922797 1
0.46549070126384684 1
0.466596639822405 1
0.46667528708457906 1
0.46677934891417633 1
0.4701350202213146 1
0.47021321484605494 1
0.47092156496059195 1
0.4712024324533835 1
0.47185947648420884 1
0.47212878790533386 1
0.47216520076395624 1
0.47288010707678035 1
0.47449853683174 1
0.4753604033532597 1
0.4776987547398442 1
0.4779505048925464 1
0.47797813912291665 1
0.4780559918324539 1
0.47843552323891175 1
0.4785313513598155 1
0.4787887427221033 1
0.47879220595558086 1
0.4789002314843568 1
0.47919976458801505 1
0.4803718425560962 1
0.4812450353710633 1
0.4812854068347841 1
0.4819844353786318 1
0.4822639511758268 1
0.48280383305149227 1
0.48386418144311655 1
0.48433709700344835 1
0.4855249981630869 1
0.4856282472276075 1
0.4859735554425058 1
0.4863887161909335 1
0.4864351383402953 1
0.4878052096611857 1
0.4878704776988317 1
0.4881495633280803 1
0.4893062857777308 1
0.4901283083325454 1
0.49036255666065826 1
0.49091944900120965 1
0.49141529916435966 1
0.49236128024931686 1
0.4924421596552901 1
0.49272009778071535 1
0.49465882868208366 1
0.49576422767261435 1
0.49585873815330284 1
0.4963523980118821 1
0.49680744718087205 1
0.49723770698858055 1
0.4973307793929888 1
0.49736344127062204 1
0.4975990668807772 1
0.4987970160830968 1
0.4988427736194043 1
0.4989632953098764 1
0.49927007783579286 1
0.49932089385227985 1
0.49995666219819745 1
0.5000541947084329 1
0.501660034059913 1
0.5018402708311894 1
0.5029551395444327 1
0.5037109020838068 1
0.5057781390087147 1
0.5060035126719837 1
0.5060905940325783 1
0.5062412409714734 1
0.5069231263438335 1
0.5089198896635924 1
0.5160043756627739 1
0.5183731012933511 1
0.5184271359571825 1
0.5184435482472417 1
0.5200498776659471 1
0.5211400093907915 1
0.5219270549758263 1
0.5233154941887869 1
0.5241220357246982 1
0.5474060579846398 1
0.5576054391180252 1
0.5712642575692191 1
