
 0.410
 0.443
 0.452
 0.443
 0.462
 0.416
 0.439
 0.450
 0.500
 0.486
 0.440
 0.496
 0.464
 0.449
 0.478
 0.495
 0.518
 0.522
 0.482
 0.458
 0.488
 0.437
 0.442
 0.456
 0.490
 0.502
 0.400
 0.432
 0.503
 0.429
 0.417
 0.413
 0.411
 0.499
 0.454
 0.420
 0.481
 0.486
 0.524
 0.432
 0.467
 0.451
 0.439
 0.462
 0.492
 0.433
 0.465
 0.429
 0.446
 0.488
 0.499
 0.491
 0.499
 0.479
 0.421
 0.471
 0.438
 0.411
 0.425
 0.392
 0.430
 0.430
 0.445
 0.401
 0.444
 0.449
 0.411
 0.547
 0.506
 0.483
 0.462
 0.447
 0.424
 0.472
 0.435
 0.432
 0.500
 0.419
 0.520
 0.410
 0.486
 0.463
 0.486
 0.518
 0.460
 0.465
 0.396
 0.496
 0.497
 0.478
 0.430
 0.460
 0.467
 0.516
 0.472
 0.497
 0.395
 0.448
 0.426
 0.425
 0.454
 0.428
 0.558
 0.480
 0.479
 0.471
 0.438
 0.493
 0.459
 0.402
 0.451
 0.404
 0.499
 0.374
 0.497
 0.478
 0.458
 0.444
 0.479
 0.472
 0.444
 0.571
 0.474
 0.518
 0.496
 0.418
 0.464
 0.506
 0.420
 0.488
 0.492
 0.481
 0.404
 0.436
 0.465
 0.478
 0.523
 0.498
 0.417
 0.448
 0.462
 0.440
 0.451
 0.484
 0.421
 0.456
 0.484
 0.470
 0.457
 0.455
 0.506
 0.422
 0.479
 0.445
 0.438
 0.521
 0.435
 0.464
 0.458
 0.406
 0.458
 0.473
 0.497
 0.455
 0.425
 0.446
 0.411
 0.479
 0.427
 0.509
 0.482
 0.502
 0.456
 0.489
 0.413
 0.499
 0.478
 0.446
 0.446
 0.475
 0.431
 0.449
 0.455
 0.491
 0.490
 0.447
 0.467
 0.486
 0.470
 0.442
 0.382
 0.401
 0.504
 0.461
 0.463
 0.506
 0.446
 0.441
 0.460
 0.507

