
 0.540
 0.585
 0.597
 0.601
 0.652
 0.667
 0.667
 0.674
 0.667
 0.675
 0.675
 0.675
 0.675
 0.675
 0.675
 0.675
 0.675
 0.675
 0.675
 0.675
 0.675
 0.675
 0.675
 0.675
 0.675
 0.675
 0.675
 0.675
 0.675
 0.675
 0.675
 0.675
 0.675
 0.675
 0.675
 0.675
 0.675
 0.675
 0.675
 0.675
 0.675
 0.675
 0.675
 0.675
 0.675
 0.675
 0.675
 0.675
 0.675
 0.675
 0.675
 0.675
 0.675
 0.675
 0.675
 0.675
 0.675
 0.675
 0.675
 0.675
 0.675
 0.675
 0.675
 0.675
 0.675
 0.675
 0.675
 0.675
 0.675
 0.675
 0.675
 0.675
 0.675
 0.675
 0.675
 0.675
 0.675
 0.675
 0.675
 0.675
 0.675
 0.675
 0.675
 0.675
 0.675
 0.675
 0.675
 0.675
 0.675
 0.675
 0.675
 0.675
 0.675
 0.675
 0.675
 0.675
 0.675
 0.675
 0.675
 0.675
 0.675
 0.675
 0.675
 0.675
 0.675
 0.675
 0.675
 0.675
 0.675
 0.675
 0.675
 0.675
 0.675
 0.675
 0.675
 0.675
 0.675
 0.675
 0.675
 0.675
 0.675
 0.675
 0.675
 0.675
 0.675
 0.675
 0.675
 0.675
 0.675
 0.675
 0.675
 0.675
 0.675
 0.675
 0.675
 0.675
 0.675
 0.675
 0.675
 0.675
 0.675
 0.675
 0.675
 0.675
 0.675
 0.675
 0.675
 0.675
 0.675
 0.675
 0.675
 0.675
 0.675
 0.675
 0.675
 0.675
 0.675
 0.675
 0.675
 0.675
 0.675
 0.675
 0.675
 0.675
 0.675
 0.675
 0.675
 0.675
 0.675
 0.675
 0.675
 0.675
 0.675
 0.675
 0.675
 0.675
 0.675
 0.675
 0.675
 0.675
 0.675
 0.675
 0.675
 0.675
 0.675
 0.675
 0.675
 0.675
 0.675
 0.675
 0.675
 0.675
 0.675
 0.675
 0.675
 0.675
 0.675
 0.675
 0.675
 0.675

