
 0.454
 0.507
 0.507
 0.520
 0.520
 0.520
 0.520
 0.522
 0.525
 0.540
 0.555
 0.547
 0.547
 0.555
 0.558
 0.558
 0.558
 0.558
 0.558
 0.558
 0.558
 0.558
 0.558
 0.558
 0.558
 0.558
 0.558
 0.558
 0.558
 0.558
 0.558
 0.558
 0.558
 0.558
 0.558
 0.558
 0.558
 0.558
 0.558
 0.558
 0.558
 0.558
 0.558
 0.558
 0.558
 0.558
 0.558
 0.558
 0.558
 0.558
 0.558
 0.558
 0.558
 0.558
 0.558
 0.558
 0.558
 0.558
 0.558
 0.558
 0.558
 0.558
 0.558
 0.558
 0.558
 0.558
 0.558
 0.558
 0.558
 0.558
 0.558
 0.558
 0.558
 0.558
 0.558
 0.558
 0.558
 0.558
 0.558
 0.558
 0.558
 0.558
 0.558
 0.558
 0.558
 0.558
 0.558
 0.558
 0.558
 0.558
 0.558
 0.558
 0.558
 0.558
 0.558
 0.558
 0.558
 0.558
 0.558
 0.558
 0.558
 0.558
 0.558
 0.558
 0.558
 0.558
 0.558
 0.558
 0.558
 0.558
 0.558
 0.558
 0.558
 0.558
 0.558
 0.558
 0.558
 0.558
 0.558
 0.558
 0.558
 0.558
 0.558
 0.558
 0.558
 0.558
 0.558
 0.558
 0.558
 0.558
 0.558
 0.558
 0.558
 0.558
 0.558
 0.558
 0.558
 0.558
 0.558
 0.558
 0.558
 0.558
 0.558
 0.558
 0.558
 0.558
 0.558
 0.558
 0.558
 0.558
 0.558
 0.558
 0.558
 0.558
 0.558
 0.558
 0.558
 0.558
 0.558
 0.558
 0.558
 0.558
 0.558
 0.558
 0.558
 0.558
 0.558
 0.558
 0.558
 0.558
 0.558
 0.558
 0.558
 0.558
 0.558
 0.558
 0.558
 0.558
 0.558
 0.558
 0.558
 0.558
 0.558
 0.558
 0.558
 0.558
 0.558
 0.558
 0.558
 0.558
 0.558
 0.558
 0.558
 0.558
 0.558
 0.558
 0.558
 0.558
 0.558
 0.558

