0.40087043000680694 1
0.40179368980403396 1
0.40216313344536425 1
0.40443324217198606 1
0.40494862656800445 1
0.4066315957996618 1
0.4114295951334681 1
0.42095220730853566 1
0.42140974339117565 1
0.42333639210410895 1
0.42385561008099837 1
0.42440019931816886 1
0.4266887146745124 1
0.42779466263111965 1
0.4282525461035301 1
0.4316552985193301 1
0.43167355717960576 1
0.43179473396197005 1
0.4318533579952321 1
0.4345959184382101 1
0.4353211449038962 1
0.435844892935201 1
0.43808212372528965 1
0.43812602520092914 1
0.4382565166365774 1
0.43832939656619724 1
0.43849852533782824 1
0.43939187807712826 1
0.43975249009111783 1
0.4413674339436379 1
0.44176624412854487 1
0.44198784737391306 1
0.4423848011924722 1
0.44277783624464334 1
0.4429802983500082 1
0.44308626836303233 1
0.44320006917615856 1
0.4442256462279302 1
0.44506395227484696 1
0.4452617864541854 1
0.4455935167837511 1
0.4457424966455521 1
0.44585637474568224 1
0.4461659864896439 1
0.44810347301168085 1
0.4485943225629694 1
0.4489741856781018 1
0.4493701775386178 1
0.44952234230909227 1
0.4495448162484598 1
0.4502188375350516 1
0.4508866901567972 1
0.4508921977771134 1
0.45113973740881114 1
0.45195666739657847 1
0.4525495691564732 1
0.45291191601764763 1
0.4529866050026958 1
0.4531118242325206 1
0.453819860331138 1
0.4540937915413468 1
0.45424916673764476 1
0.45439667508500725 1
0.4544922232386605 1
0.45497168602705856 1
0.4554548272819419 1
0.4555927535842103 1
0.4567994851633649 1
0.45680583720015866 1
0.45687550817997324 1
0.456891529972706 1
0.45721121778427404 1
0.4576919267534696 1
0.45779140182094885 1
0.4581341834606111 1
0.458299911800536 1
0.4583990951016365 1
0.4590754100474362 1
0.45932255409433476 1
0.45982885020422176 1
0.46013035046165834 1
0.46061227191618065 1
0.4607061306665446 1
0.4610724112259143 1
0.46165891340289106 1
0.46169478251452234 1
0.4624806660777266 1
0.4625149117390872 1
0.46266019891682414 1
0.46332166628488525 1
0.4634687489567767 1
0.46417469297985325 1
0.4642281490705621 1
0.4647099708612024 1
0.46472849556605794 1
0.46472912692248736 1
0.4672709492086212 1
0.46727136301882227 1
0.46744478240443954 1
0.46748486322615806 1
0.46773916163475454 1
0.4677483869987985 1
0.46817321495322084 1
0.4684254212837879 1
0.46933590865491714 1
0.4693788000225756 1
0.46984510816880315 1
0.4700621851896004 1
0.4706293949856812 1
0.4713023610061697 1
0.47136062466444784 1
0.47142781409810913 1
0.4716201730260483 1
0.47179254001090437 1
0.47180267624667094 1
0.4719266121348755 1
0.4722002065767192 1
0.47222426008103896 1
0.4722687361776352 1
0.47236588857633394 1
0.47264925022555837 1
0.4726714976814377 1
0.4730464852477917 1
0.4736631570730042 1
0.47380045516523084 1
0.4738437857815405 1
0.4740330641515549 1
0.47413957600557666 1
0.47443185307971275 1
0.47514458631219597 1
0.4755038650243034 1
0.4758877851673585 1
0.4760972941184839 1
0.47627236665477846 1
0.4763682449640857 1
0.4767484791669616 1
0.4781328640209812 1
0.4791120680563749 1
0.4795474885863599 1
0.479890000745961 1
0.4805046202417424 1
0.4816515901301404 1
0.48170082662048186 1
0.48199945439805025 1
0.4828969986550317 1
0.48348207636495566 1
0.4835879689911271 1
0.4837562984569338 1
0.48380487632075014 1
0.48504576049939174 1
0.48584332812157227 1
0.4860964465893569 1
0.48625236190625026 1
0.4873524785949215 1
0.4876383774317112 1
0.4876837101673221 1
0.48947173179065023 1
0.49010509446567146 1
0.4912110976301012 1
0.4913602509760103 1
0.4918223007754026 1
0.4919349944975731 1
0.4931686532132402 1
0.4936583811955788 1
0.49434968430635357 1
0.49569702218507805 1
0.49582354823655517 1
0.4976721844624158 1
0.49792314419311134 1
0.4982852109794089 1
0.4984748475885133 1
0.4989243780933618 1
0.49910112849388616 1
0.4991051833312762 1
0.499840305466295 1
0.5013865641157559 1
0.5023928230874802 1
0.5026123573636233 1
0.5032083715998562 1
0.5052322505482866 1
0.5055238939351943 1
0.5067260759822557 1
0.5067293050347008 1
0.5082530114873114 1
0.5098004431492562 1
0.5098458020039623 1
0.5112833680355433 1
0.5132313463959599 1
0.5138677547338268 1
0.516750001197769 1
0.5176289064947651 1
0.5183902235133409 1
0.5195016714751545 1
0.5204714601865266 1
0.5207429319486091 1
0.5229248970555396 1
0.5234792516421245 1
0.5244122914228765 1
0.525546652952409 1
0.5275698411527329 1
