
 0.491
 0.474
 0.459
 0.471
 0.443
 0.485
 0.514
 0.518
 0.441
 0.438
 0.493
 0.405
 0.435
 0.468
 0.458
 0.528
 0.523
 0.460
 0.499
 0.463
 0.511
 0.472
 0.474
 0.458
 0.462
 0.453
 0.439
 0.446
 0.402
 0.453
 0.457
 0.499
 0.432
 0.450
 0.487
 0.471
 0.486
 0.432
 0.428
 0.457
 0.498
 0.520
 0.521
 0.492
 0.469
 0.438
 0.454
 0.484
 0.442
 0.482
 0.443
 0.464
 0.402
 0.407
 0.463
 0.451
 0.488
 0.472
 0.488
 0.469
 0.471
 0.510
 0.502
 0.457
 0.508
 0.520
 0.465
 0.483
 0.446
 0.480
 0.444
 0.476
 0.452
 0.472
 0.496
 0.446
 0.423
 0.472
 0.481
 0.467
 0.489
 0.507
 0.477
 0.455
 0.427
 0.454
 0.518
 0.457
 0.436
 0.454
 0.517
 0.467
 0.476
 0.486
 0.424
 0.421
 0.440
 0.470
 0.473
 0.475
 0.461
 0.482
 0.462
 0.465
 0.454
 0.499
 0.478
 0.451
 0.442
 0.461
 0.523
 0.453
 0.505
 0.465
 0.486
 0.473
 0.432
 0.404
 0.494
 0.438
 0.474
 0.428
 0.464
 0.432
 0.467
 0.458
 0.458
 0.524
 0.483
 0.500
 0.503
 0.457
 0.468
 0.455
 0.463
 0.503
 0.472
 0.468
 0.513
 0.479
 0.472
 0.468
 0.462
 0.474
 0.446
 0.474
 0.494
 0.449
 0.490
 0.450
 0.448
 0.484
 0.482
 0.445
 0.498
 0.460
 0.449
 0.411
 0.445
 0.492
 0.454
 0.467
 0.498
 0.480
 0.461
 0.470
 0.484
 0.435
 0.496
 0.458
 0.401
 0.456
 0.463
 0.451
 0.421
 0.526
 0.438
 0.506
 0.442
 0.491
 0.438
 0.459
 0.474
 0.501
 0.476
 0.453
 0.476
 0.450
 0.472
 0.472
 0.473
 0.424
 0.443
 0.476
 0.449
 0.498
 0.471
 0.507
 0.443
 0.510

